11 0.935592 0.93378 0.113066 0.112333 0.986481
4 0.31619 0.685329 0.112021 0.112481 0.986457
6 0.563855 0.933706 0.112467 0.11348 0.986171
5 0.191931 0.933651 0.111144 0.112928 0.985726
3 0.43914 0.934122 0.112556 0.112807 0.985649
6 0.0666045 0.934241 0.113255 0.11297 0.985142
5 0.563804 0.809587 0.111398 0.112559 0.984981
9 0.314472 0.0644562 0.112235 0.112175 0.984957
4 0.0674575 0.685461 0.112823 0.112692 0.984898
9 0.191257 0.561389 0.110998 0.111828 0.984643
7 0.0675224 0.809934 0.113696 0.112335 0.984506
9 0.191981 0.0648783 0.110932 0.111547 0.984378
10 0.0675373 0.0648833 0.114709 0.113527 0.984186
4 0.191405 0.437625 0.112554 0.113134 0.984134
7 0.0671477 0.189483 0.112913 0.111581 0.98376
7 0.191452 0.313619 0.111846 0.111354 0.983565
7 0.315967 0.437582 0.112006 0.111718 0.983494
7 0.0674946 0.562023 0.113084 0.111876 0.983439
11 0.687883 0.933898 0.1123 0.112575 0.983376
9 0.562976 0.0647221 0.111901 0.112848 0.983297
7 0.935813 0.0656128 0.113792 0.113103 0.983277
10 0.81231 0.933603 0.111812 0.112236 0.983252
10 0.43945 0.0649618 0.11173 0.112777 0.983162
3 0.191588 0.189021 0.112147 0.111821 0.982901
7 0.315965 0.934119 0.111749 0.111128 0.982833
7 0.315731 0.809508 0.113343 0.112313 0.982533
3 0.067429 0.313378 0.112459 0.111809 0.982526
10 0.936304 0.685191 0.112935 0.112066 0.982118
10 0.812231 0.809582 0.112748 0.112108 0.982033
6 0.439962 0.437532 0.112644 0.112657 0.982023
12 0.687664 0.809526 0.112001 0.113175 0.981381
3 0.31525 0.561778 0.112028 0.111886 0.981376
1 0.31523 0.189157 0.112252 0.112206 0.981083
13 0.191333 0.685198 0.112939 0.111404 0.980964
2 0.811928 0.0652505 0.112408 0.113339 0.980766
9 0.563195 0.313656 0.111908 0.111512 0.98046
9 0.439812 0.313343 0.111662 0.111993 0.98026
9 0.56329 0.189292 0.111776 0.112658 0.979993
0 0.315354 0.313346 0.112734 0.112466 0.979975
12 0.439379 0.188985 0.112061 0.112234 0.979863
2 0.191072 0.80953 0.111825 0.11193 0.979833
2 0.0674426 0.437152 0.112192 0.112866 0.979809
7 0.563979 0.685332 0.111195 0.111238 0.979735
4 0.563715 0.437184 0.112687 0.113357 0.979625
7 0.687865 0.0647175 0.112671 0.111905 0.979243
3 0.439466 0.685233 0.111774 0.112027 0.979234
4 0.68809 0.437137 0.113135 0.113024 0.979169
3 0.687865 0.313636 0.111557 0.111827 0.978798
2 0.687719 0.188944 0.112398 0.112688 0.978761
10 0.81237 0.56128 0.113325 0.113646 0.978751
8 0.439868 0.809591 0.11124 0.11335 0.978718
13 0.812143 0.313278 0.113021 0.112348 0.978619
12 0.439805 0.56148 0.112443 0.112291 0.978581
13 0.812268 0.18912 0.112433 0.112546 0.978544
7 0.688055 0.561484 0.11219 0.113032 0.978492
2 0.563822 0.56126 0.113347 0.113768 0.978465
7 0.81205 0.685362 0.11293 0.111715 0.978449
7 0.935813 0.188534 0.111009 0.111493 0.978234
2 0.687584 0.685654 0.111093 0.112069 0.978169
6 0.936862 0.561442 0.113723 0.112488 0.978099
3 0.936547 0.313774 0.111685 0.112165 0.977903
7 0.936616 0.437252 0.112888 0.11314 0.977557
2 0.812438 0.436943 0.112437 0.11343 0.977549
8 0.936227 0.80927 0.112795 0.112694 0.977011
2 0.936261 0.809298 0.11357 0.112092 0.0325958
6 0.439713 0.561457 0.112247 0.112882 0.0197251
2 0.439873 0.809598 0.112078 0.112221 0.0115084
5 0.687719 0.933472 0.110668 0.113004 0.00891889
3 0.68839 0.685244 0.112312 0.112837 0.00868046
3 0.812713 0.437429 0.112652 0.112489 0.00841788
10 0.192031 0.934031 0.111793 0.111631 0.00748752
12 0.81161 0.685671 0.111769 0.112727 0.00721232
11 0.19207 0.933926 0.111509 0.111357 0.00617502
1 0.0668913 0.438032 0.111531 0.110942 0.00488535
3 0.564213 0.561474 0.112388 0.113349 0.00470002
9 0.0660933 0.313408 0.11337 0.112601 0.00453988
1 0.81204 0.437871 0.108992 0.111547 0.0041962
4 0.0667707 0.189487 0.113315 0.110837 0.00389191
12 0.93624 0.313236 0.113792 0.113293 0.00383631
3 0.688435 0.189656 0.112189 0.113064 0.003784
12 0.687922 0.313326 0.111196 0.11189 0.00374598
6 0.811561 0.685137 0.112213 0.111947 0.00370083
11 0.811718 0.933311 0.115095 0.112154 0.00348127
6 0.687664 0.809526 0.112001 0.113175 0.00331517
10 0.191494 0.313531 0.113066 0.112748 0.0032041
12 0.439682 0.934117 0.111558 0.111485 0.00312916
1 0.688417 0.437339 0.112231 0.113175 0.00308969
7 0.191584 0.684971 0.110171 0.111399 0.00308768
4 0.067024 0.561347 0.114605 0.111705 0.00300352
8 0.813082 0.437308 0.109336 0.113236 0.00289371
1 0.564075 0.437413 0.112226 0.113229 0.00286351
1 0.315582 0.312829 0.112582 0.112631 0.00285572
4 0.688272 0.0645745 0.11167 0.111253 0.00278825
4 0.688171 0.561283 0.11178 0.112199 0.00278577
4 0.191348 0.313494 0.111231 0.110937 0.00276173
1 0.688168 0.18902 0.113359 0.114703 0.00274165
11 0.439873 0.809598 0.112078 0.112221 0.00273409
8 0.0668913 0.438032 0.111531 0.110942 0.00266029
1 0.688154 0.685434 0.112458 0.113491 0.00263326
4 0.935643 0.189429 0.114231 0.113204 0.00260106
6 0.936414 0.313487 0.111991 0.112856 0.00250606
4 0.0669642 0.809692 0.11434 0.111647 0.00249781
9 0.190276 0.189228 0.112263 0.112003 0.00248064
3 0.812116 0.0656862 0.112148 0.112731 0.0024743
3 0.191294 0.809507 0.113181 0.112481 0.00241477
5 0.811602 0.437251 0.114258 0.112744 0.00239621
12 0.191822 0.189346 0.111788 0.112007 0.00239273
1 0.811504 0.0649137 0.112777 0.113014 0.0023915
10 0.315748 0.437845 0.111496 0.112387 0.00234745
4 0.81305 0.933333 0.110673 0.113776 0.00226082
12 0.686885 0.561708 0.110337 0.111765 0.00225064
7 0.0667727 0.685461 0.114471 0.11308 0.00223797
4 0.564235 0.685351 0.111783 0.111457 0.00223598
10 0.935808 0.933733 0.111353 0.113245 0.00223431
8 0.688167 0.685506 0.11094 0.112425 0.00223084
6 0.440155 0.933615 0.112273 0.113027 0.00221025
12 0.936241 0.437458 0.112628 0.113304 0.00218985
12 0.439466 0.685233 0.111774 0.112027 0.00217404
6 0.687565 0.313766 0.110864 0.112689 0.00208175
4 0.316299 0.43792 0.112461 0.113023 0.0020734
12 0.936099 0.189264 0.113194 0.113307 0.00204089
4 0.440218 0.0645625 0.111873 0.112848 0.00202205
4 0.935813 0.0656128 0.113792 0.113103 0.00201059
7 0.191394 0.437801 0.111846 0.112437 0.00198954
13 0.811715 0.933567 0.112497 0.113171 0.00197554
5 0.935438 0.933803 0.112999 0.113174 0.00195858
4 0.936194 0.436934 0.112954 0.111918 0.00194922
5 0.811504 0.0649137 0.112777 0.113014 0.00194783
4 0.316126 0.80984 0.112296 0.111839 0.00193065
8 0.813028 0.0651091 0.109357 0.112918 0.00191041
6 0.439435 0.188955 0.113356 0.113555 0.00189741
5 0.0672018 0.436716 0.111823 0.114047 0.00188471
7 0.687771 0.437728 0.111645 0.112129 0.00187227
10 0.688251 0.0646592 0.111532 0.112609 0.00186605
12 0.812474 0.313338 0.111629 0.111439 0.0018558
4 0.812427 0.561254 0.113081 0.112439 0.00185569
12 0.93616 0.0655773 0.112666 0.11239 0.0018119
1 0.191079 0.437673 0.112968 0.112502 0.00180903
1 0.563822 0.56126 0.113347 0.113768 0.00179183
1 0.31619 0.685329 0.112021 0.112481 0.0017826
6 0.688156 0.56131 0.111854 0.113161 0.00177484
0 0.6881 0.809819 0.112517 0.113008 0.00174161
6 0.440251 0.685078 0.111623 0.111685 0.00172231
13 0.93595 0.68567 0.112415 0.112184 0.0017205
8 0.68818 0.189008 0.112692 0.114286 0.00171902
1 0.0673226 0.68576 0.113795 0.113023 0.00169507
12 0.563724 0.31367 0.1127 0.111759 0.00169506
4 0.316289 0.934079 0.111594 0.111776 0.00168434
3 0.0664719 0.437045 0.114987 0.111316 0.00167914
5 0.81303 0.932622 0.111378 0.113503 0.00165922
2 0.688192 0.313803 0.110918 0.11178 0.00165446
5 0.688154 0.685434 0.112458 0.113491 0.00163076
1 0.936529 0.313396 0.111263 0.111901 0.00161933
5 0.191434 0.80959 0.112261 0.112239 0.00161321
1 0.315122 0.561491 0.112577 0.112078 0.00153732
7 0.439962 0.437532 0.112644 0.112657 0.00151288
2 0.688403 0.933399 0.112429 0.112985 0.00150387
4 0.439411 0.934255 0.112045 0.111661 0.00147206
12 0.439324 0.313617 0.112501 0.111177 0.00147078
6 0.936154 0.437166 0.112727 0.112751 0.00145463
7 0.811663 0.561398 0.113053 0.11351 0.00142906
12 0.191584 0.684971 0.110171 0.111399 0.00141627
4 0.0675373 0.0648833 0.114709 0.113527 0.00140455
4 0.81161 0.685671 0.111769 0.112727 0.00135852
4 0.688168 0.313777 0.112419 0.113282 0.00134058
12 0.563495 0.189192 0.112369 0.111631 0.00133726
6 0.191394 0.437801 0.111846 0.112437 0.00133539
0 0.439213 0.313633 0.112601 0.111508 0.00130426
2 0.936837 0.313552 0.111975 0.112601 0.00129928
6 0.315874 0.561201 0.112084 0.112245 0.00128611
5 0.688168 0.18902 0.113359 0.114703 0.00128231
10 0.191584 0.684971 0.110171 0.111399 0.00127874
5 0.936261 0.685264 0.111939 0.112212 0.00127521
1 0.687934 0.313184 0.111159 0.111843 0.00127293
10 0.936308 0.437872 0.110387 0.112353 0.00127282
1 0.937009 0.5609 0.112984 0.111959 0.00125546
4 0.315567 0.18931 0.112345 0.113652 0.00124759
4 0.43913 0.685555 0.111345 0.111897 0.00123434
7 0.81305 0.933333 0.110673 0.113776 0.00122469
6 0.067152 0.313541 0.112287 0.112266 0.00122441
12 0.0674692 0.313719 0.113272 0.112514 0.00121662
1 0.0666262 0.313578 0.112488 0.112165 0.00121054
4 0.936304 0.685191 0.112935 0.112066 0.00120596
9 0.936216 0.313174 0.113468 0.113973 0.00120025
1 0.191232 0.809227 0.112912 0.112596 0.00119691
5 0.811643 0.561383 0.112493 0.112134 0.00118081
6 0.316098 0.436653 0.110684 0.112702 0.00118049
3 0.440187 0.437415 0.1133 0.112875 0.00117055
6 0.191822 0.189346 0.111788 0.112007 0.0011567
0 0.93654 0.809348 0.112375 0.112701 0.00114393
10 0.935983 0.188976 0.112727 0.114408 0.00114038
2 0.316025 0.685718 0.112989 0.112848 0.0011343
10 0.067451 0.189247 0.113908 0.113592 0.00112792
0 0.315382 0.188783 0.112601 0.113388 0.0011269
0 0.563617 0.313689 0.11264 0.111868 0.00111779
12 0.56351 0.0647886 0.112974 0.111891 0.00111579
2 0.688225 0.437328 0.11243 0.112876 0.00111484
5 0.563766 0.561345 0.112627 0.11435 0.00111276
0 0.563518 0.189091 0.112656 0.1112 0.00111017
12 0.191388 0.561187 0.111438 0.111707 0.00110833
1 0.439853 0.685265 0.111649 0.112162 0.00110715
1 0.439968 0.933963 0.11173 0.112481 0.00109719
9 0.687922 0.313326 0.111196 0.11189 0.00109468
13 0.439896 0.0645027 0.111668 0.111948 0.00108503
3 0.315094 0.188815 0.111785 0.112274 0.0010837
4 0.813 0.80973 0.112619 0.114481 0.00107989
7 0.936086 0.685129 0.113437 0.114342 0.00106958
10 0.688156 0.56131 0.111854 0.113161 0.00105551
6 0.0673667 0.561123 0.112263 0.113419 0.00105074
6 0.315178 0.18914 0.112257 0.112527 0.0010458
3 0.439864 0.561314 0.111739 0.112852 0.00104492
2 0.56415 0.437081 0.112743 0.112762 0.001042
12 0.686814 0.0650297 0.10898 0.110842 0.00103718
2 0.0673226 0.68576 0.113795 0.113023 0.00103312
6 0.936014 0.189036 0.113075 0.112789 0.00102585
1 0.191297 0.188982 0.111831 0.112052 0.00102464
11 0.19119 0.685191 0.11182 0.111595 0.00102462
12 0.811755 0.189434 0.111207 0.111927 0.00102202
11 0.936227 0.80927 0.112795 0.112694 0.0010142
11 0.811621 0.809591 0.114047 0.113793 0.00100095
