5 0.935365 0.933911 0.111901 0.112128 0.986899
5 0.316041 0.934059 0.111268 0.113019 0.986751
2 0.563475 0.933916 0.111981 0.113171 0.986566
9 0.563615 0.0647143 0.111503 0.112746 0.986141
3 0.563195 0.80994 0.112621 0.113337 0.986127
12 0.440138 0.933925 0.112112 0.113279 0.985647
5 0.316089 0.561852 0.111723 0.113224 0.98433
6 0.315776 0.685528 0.111633 0.111387 0.983657
3 0.935743 0.809659 0.113474 0.112845 0.983636
4 0.687902 0.934314 0.111867 0.113762 0.983502
1 0.191267 0.809489 0.111879 0.112365 0.983289
4 0.0670565 0.5614 0.113653 0.113034 0.982909
10 0.315584 0.809152 0.113246 0.113103 0.982849
12 0.0670034 0.188948 0.112771 0.112298 0.982694
1 0.439517 0.809459 0.112397 0.112932 0.98268
10 0.687831 0.0654003 0.111691 0.112914 0.982635
1 0.0673207 0.68565 0.112703 0.112103 0.982243
8 0.0676164 0.809966 0.111812 0.112349 0.982132
13 0.191595 0.561896 0.110766 0.112027 0.981874
1 0.0671628 0.437402 0.112592 0.112146 0.98179
4 0.687704 0.809897 0.111382 0.113188 0.981735
2 0.316115 0.437208 0.111409 0.112424 0.981694
5 0.43997 0.189638 0.111531 0.112644 0.981648
10 0.191366 0.312908 0.112672 0.112128 0.981638
11 0.190769 0.933807 0.112551 0.113549 0.981567
4 0.0678913 0.313034 0.113462 0.1137 0.981411
6 0.191136 0.0644681 0.112491 0.113228 0.981213
2 0.0674564 0.9342 0.111866 0.112601 0.981197
4 0.811998 0.933498 0.111772 0.112368 0.981076
12 0.439797 0.437449 0.112967 0.113163 0.980798
0 0.315056 0.064169 0.112344 0.113269 0.980736
8 0.315631 0.313299 0.112313 0.112724 0.980627
11 0.811554 0.0654626 0.112068 0.11307 0.980348
8 0.191825 0.685333 0.111299 0.112177 0.980342
0 0.191061 0.188991 0.112763 0.112371 0.980044
2 0.440208 0.561009 0.111783 0.113019 0.980036
0 0.191321 0.437197 0.112443 0.112043 0.980029
3 0.563547 0.43754 0.112529 0.11257 0.979951
11 0.563598 0.684903 0.112203 0.113969 0.97993
4 0.563628 0.31269 0.112205 0.11321 0.979839
12 0.687779 0.188834 0.112477 0.112369 0.979445
4 0.687863 0.312838 0.11208 0.113081 0.979301
11 0.439017 0.0654209 0.110994 0.112123 0.979159
4 0.812405 0.560983 0.112952 0.113446 0.979061
0 0.811599 0.809317 0.11279 0.112965 0.979026
1 0.687639 0.561154 0.112988 0.113417 0.979022
13 0.563749 0.561449 0.111907 0.111807 0.978871
0 0.067229 0.0648722 0.111805 0.112818 0.978817
1 0.812259 0.436978 0.113176 0.112572 0.978445
0 0.68776 0.437097 0.112161 0.113465 0.978386
8 0.688169 0.685392 0.112451 0.112546 0.978371
3 0.81131 0.313277 0.112292 0.112724 0.97831
3 0.936422 0.561321 0.112765 0.113514 0.978014
2 0.812043 0.685615 0.112013 0.112377 0.978009
0 0.439789 0.685129 0.112419 0.113504 0.978003
11 0.315414 0.188708 0.112702 0.113012 0.977981
13 0.936367 0.437134 0.113644 0.113669 0.977938
8 0.936372 0.685439 0.112688 0.11191 0.97793
8 0.4399 0.313126 0.111185 0.111379 0.977579
7 0.936396 0.188735 0.112787 0.1133 0.97692
2 0.936288 0.0652528 0.111055 0.11141 0.976852
7 0.9367 0.312918 0.112721 0.112714 0.976817
11 0.811856 0.18844 0.112472 0.112161 0.976605
8 0.56372 0.188951 0.111275 0.11219 0.976569
2 0.066999 0.809476 0.113557 0.112377 0.0211698
5 0.439705 0.0653273 0.1112 0.112902 0.0115749
5 0.813005 0.189181 0.112037 0.112445 0.00978601
11 0.68808 0.685525 0.112728 0.111697 0.00871977
1 0.0668774 0.0639387 0.113656 0.113317 0.00861506
2 0.688274 0.685031 0.112921 0.112022 0.00858142
5 0.191298 0.933532 0.113002 0.112273 0.00843662
2 0.191445 0.685376 0.112423 0.112432 0.00837959
5 0.315416 0.188624 0.111463 0.112171 0.0082108
4 0.935634 0.189113 0.113786 0.113201 0.00754876
1 0.0667795 0.56061 0.113846 0.113182 0.00738498
5 0.811307 0.0654577 0.110912 0.113217 0.0073632
4 0.688174 0.0650563 0.110623 0.113071 0.00679981
2 0.563679 0.189203 0.112664 0.111744 0.00599475
1 0.687896 0.436658 0.112542 0.112876 0.00581176
2 0.936559 0.685432 0.111757 0.112814 0.0056138
2 0.440137 0.313298 0.11186 0.112814 0.00514464
1 0.68808 0.313109 0.111604 0.113228 0.00508519
1 0.812364 0.561196 0.11278 0.113547 0.00471893
12 0.936355 0.313081 0.113113 0.113406 0.00458176
4 0.935894 0.313519 0.113724 0.112177 0.00448395
7 0.563792 0.561205 0.111947 0.11322 0.00437233
4 0.191169 0.313328 0.111511 0.112701 0.00412371
6 0.439841 0.437104 0.112735 0.113336 0.00407221
1 0.439833 0.685217 0.112039 0.112585 0.00402482
1 0.0672647 0.31312 0.11356 0.112846 0.00379982
12 0.191789 0.561072 0.111551 0.111668 0.00375389
10 0.811584 0.0650228 0.112432 0.112464 0.00359134
1 0.563605 0.313309 0.113005 0.112744 0.0035039
1 0.936243 0.0645945 0.113005 0.113291 0.00342406
1 0.687906 0.933775 0.112426 0.112942 0.00336371
2 0.315896 0.313178 0.112385 0.11245 0.00335236
0 0.812327 0.436302 0.113183 0.112404 0.00334347
6 0.811671 0.561085 0.114086 0.112144 0.00330353
2 0.812364 0.561196 0.11278 0.113547 0.00323848
10 0.811625 0.18867 0.11174 0.11287 0.00314983
11 0.563946 0.188844 0.111428 0.112405 0.0030863
7 0.688174 0.0650563 0.110623 0.113071 0.00307923
12 0.936193 0.189005 0.113008 0.113297 0.00300887
6 0.935903 0.810101 0.112205 0.113291 0.00290114
7 0.1915 0.561437 0.111921 0.112927 0.00274232
10 0.191422 0.933604 0.111533 0.111206 0.00271782
6 0.936166 0.561822 0.111664 0.113327 0.00271174
11 0.315679 0.313072 0.1121 0.112202 0.00266255
7 0.936069 0.436994 0.113473 0.113566 0.00261732
12 0.687991 0.0647912 0.11072 0.113604 0.00260406
5 0.563039 0.685141 0.110567 0.112102 0.00257296
3 0.812822 0.685286 0.111283 0.112805 0.00255396
1 0.687882 0.809231 0.112342 0.112564 0.00254288
2 0.687902 0.934314 0.111867 0.113762 0.00252743
11 0.936168 0.685459 0.113448 0.111687 0.00252463
2 0.811539 0.934042 0.111431 0.11364 0.00249506
11 0.191335 0.685512 0.112192 0.112565 0.00238774
1 0.315528 0.436691 0.111549 0.112694 0.00237951
1 0.563912 0.933365 0.112687 0.112629 0.00231306
6 0.811659 0.313247 0.112444 0.113735 0.00230804
1 0.811594 0.685539 0.115293 0.112291 0.00226841
6 0.811524 0.932927 0.112358 0.111417 0.0022569
2 0.687704 0.809897 0.111382 0.113188 0.00222122
1 0.0671514 0.933548 0.11283 0.1124 0.00221287
1 0.19124 0.436997 0.11304 0.112563 0.00219315
0 0.688159 0.560905 0.111916 0.111544 0.00217539
1 0.811599 0.809317 0.11279 0.112965 0.00215192
8 0.81308 0.685333 0.110484 0.112112 0.00212785
3 0.563615 0.0647143 0.111503 0.112746 0.00212406
11 0.4397 0.312904 0.111731 0.112298 0.00211773
1 0.439678 0.560862 0.112736 0.113316 0.00210466
13 0.688127 0.0646559 0.111383 0.111821 0.00202377
12 0.564104 0.561343 0.11248 0.113181 0.00200093
3 0.0666835 0.933725 0.114081 0.113369 0.00199274
1 0.811616 0.933686 0.111053 0.113294 0.00196508
0 0.688114 0.189185 0.112483 0.113737 0.00192062
2 0.688057 0.560949 0.111832 0.113586 0.00191966
7 0.191327 0.313348 0.112125 0.11296 0.00188375
4 0.315393 0.809049 0.112529 0.113269 0.00188113
6 0.687906 0.933775 0.112426 0.112942 0.00185503
2 0.687769 0.313649 0.111078 0.112965 0.00180071
1 0.315056 0.064169 0.112344 0.113269 0.00179982
10 0.439585 0.189146 0.111918 0.112851 0.00176696
5 0.688141 0.0648232 0.11132 0.112355 0.00175339
12 0.563995 0.0647282 0.112375 0.111992 0.00173942
7 0.811762 0.560693 0.112111 0.114204 0.00169752
1 0.191669 0.188647 0.11221 0.111953 0.00169732
6 0.936277 0.312812 0.11325 0.112399 0.00166702
10 0.315494 0.93395 0.111811 0.112254 0.00166204
3 0.315697 0.437321 0.112841 0.112319 0.00165493
6 0.067176 0.188517 0.112723 0.111957 0.00162611
6 0.93611 0.188808 0.113153 0.112167 0.00161058
2 0.0667795 0.56061 0.113846 0.113182 0.00158893
5 0.811594 0.685539 0.115293 0.112291 0.00158032
1 0.563344 0.809617 0.112001 0.112048 0.00155526
7 0.687888 0.809842 0.111849 0.112426 0.00153143
7 0.687819 0.313226 0.111135 0.111635 0.0015299
6 0.0669002 0.561076 0.112267 0.112691 0.00152763
11 0.0672428 0.809791 0.112625 0.112428 0.00152418
13 0.191255 0.312704 0.111685 0.111676 0.00149481
6 0.0667988 0.313404 0.11175 0.111886 0.00145925
0 0.0666064 0.43634 0.114161 0.11193 0.00145535
12 0.936005 0.561578 0.11124 0.112313 0.00143823
1 0.936175 0.809877 0.112145 0.112255 0.00142941
6 0.563705 0.437963 0.112417 0.111922 0.00140984
1 0.191664 0.0646651 0.111129 0.111922 0.00140522
8 0.563881 0.933479 0.112727 0.111527 0.00138663
6 0.686946 0.809213 0.113168 0.111929 0.00137906
3 0.439758 0.561123 0.112934 0.113235 0.00137556
0 0.0670652 0.685185 0.113049 0.112596 0.00137439
0 0.0672098 0.809574 0.112032 0.112132 0.00137378
1 0.936267 0.561657 0.11182 0.112477 0.00137015
10 0.934789 0.933716 0.111516 0.112221 0.00136791
5 0.936243 0.0645945 0.113005 0.113291 0.00134739
0 0.936157 0.685243 0.111136 0.111912 0.00130685
12 0.564103 0.438005 0.111804 0.111773 0.00129061
7 0.067255 0.312943 0.112714 0.113009 0.00128491
4 0.439592 0.809277 0.111866 0.112705 0.00127701
12 0.9357 0.809875 0.111784 0.112559 0.00126241
3 0.935533 0.933692 0.112764 0.11116 0.00125535
10 0.811616 0.933686 0.111053 0.113294 0.00124485
2 0.813046 0.188998 0.112278 0.114846 0.00123969
0 0.563706 0.188922 0.110936 0.112282 0.00123512
12 0.563771 0.312777 0.112039 0.112644 0.00123171
12 0.93617 0.437207 0.113731 0.113644 0.00122175
12 0.811007 0.933935 0.112293 0.112536 0.00122157
2 0.563756 0.313541 0.111404 0.113155 0.00119789
1 0.81131 0.313277 0.112292 0.112724 0.00119522
7 0.68815 0.93411 0.111217 0.111658 0.00119505
6 0.68808 0.18894 0.112232 0.112806 0.00118536
5 0.315132 0.809182 0.11236 0.112457 0.00117045
4 0.811659 0.313247 0.112444 0.113735 0.00116816
4 0.191267 0.809489 0.111879 0.112365 0.00115513
3 0.191136 0.0644681 0.112491 0.113228 0.0011524
5 0.56435 0.934091 0.111748 0.11233 0.00114687
1 0.315524 0.68543 0.111813 0.112609 0.00113852
9 0.564103 0.438005 0.111804 0.111773 0.00113262
0 0.439745 0.809352 0.112292 0.113292 0.00112878
7 0.0673206 0.560645 0.113555 0.114322 0.0011249
10 0.812263 0.561402 0.112412 0.113797 0.00111975
13 0.315379 0.809669 0.112631 0.112124 0.00111636
4 0.936134 0.0647949 0.112122 0.112428 0.00110736
0 0.191185 0.809397 0.112349 0.11304 0.00110626
10 0.439601 0.0650437 0.111532 0.111874 0.00109445
3 0.935973 0.0643688 0.112497 0.112342 0.00109175
6 0.686975 0.312766 0.11251 0.112717 0.00108375
2 0.563758 0.809862 0.111588 0.111669 0.001077
12 0.812125 0.313366 0.11209 0.112086 0.00107682
4 0.687743 0.56071 0.112458 0.112691 0.00107464
1 0.563547 0.43754 0.112529 0.11257 0.00107429
10 0.315271 0.188921 0.110963 0.112925 0.0010665
12 0.191895 0.0648162 0.111005 0.1108 0.00106452
9 0.315121 0.188468 0.111641 0.112309 0.00105279
12 0.191883 0.31308 0.112013 0.112343 0.001043
3 0.440135 0.436579 0.111621 0.113236 0.0010314
6 0.440172 0.934145 0.113084 0.113819 0.00101547
9 0.813035 0.31361 0.111078 0.111233 0.00100511
10 0.9362 0.436835 0.11079 0.111741 0.00100437
