3 0.315595 0.685682 0.112781 0.112736 0.986911
3 0.687526 0.934012 0.113416 0.114492 0.986248
13 0.315107 0.809641 0.112072 0.113047 0.985641
13 0.936309 0.809563 0.111937 0.11277 0.985466
10 0.0676151 0.809741 0.113497 0.112708 0.985271
1 0.563762 0.933707 0.111315 0.113321 0.985246
7 0.191449 0.933858 0.111725 0.112849 0.985183
13 0.811826 0.809985 0.112499 0.113391 0.985159
13 0.439344 0.685406 0.111879 0.11362 0.984844
2 0.43923 0.06481 0.111445 0.113201 0.984663
11 0.191161 0.685317 0.111691 0.11264 0.98461
1 0.191196 0.809529 0.111311 0.111764 0.983923
6 0.315767 0.561309 0.111313 0.111922 0.983895
11 0.43935 0.933719 0.110855 0.113413 0.983869
2 0.563731 0.0646722 0.112643 0.113483 0.983796
4 0.191581 0.561493 0.111821 0.111736 0.983753
13 0.0675096 0.313476 0.114039 0.113838 0.983717
7 0.687707 0.809653 0.111105 0.112633 0.983059
9 0.315618 0.313071 0.112069 0.112787 0.983004
2 0.56366 0.685546 0.112201 0.11278 0.982956
5 0.067976 0.189307 0.112707 0.112093 0.982864
6 0.315763 0.437434 0.111074 0.111797 0.982822
11 0.315389 0.0644035 0.111078 0.113145 0.982795
12 0.315796 0.934098 0.110593 0.113101 0.98241
10 0.936311 0.685388 0.113554 0.11302 0.98225
7 0.191419 0.189214 0.113493 0.11236 0.982175
3 0.067502 0.934124 0.112518 0.1139 0.982037
6 0.191713 0.0645372 0.111621 0.113176 0.981869
10 0.439328 0.189026 0.112702 0.112494 0.981839
2 0.0673422 0.0646956 0.112287 0.112641 0.981557
9 0.0670732 0.685684 0.112867 0.112925 0.981446
11 0.935705 0.933648 0.112725 0.113486 0.981416
13 0.439304 0.560748 0.111934 0.111703 0.981152
6 0.563695 0.189378 0.111058 0.112875 0.981023
2 0.0670923 0.437134 0.112049 0.111694 0.980962
2 0.688143 0.0648489 0.111272 0.113254 0.980909
2 0.0672349 0.561217 0.112872 0.112689 0.980079
4 0.563671 0.313011 0.112639 0.112908 0.979928
0 0.563909 0.809407 0.111609 0.11268 0.979619
7 0.563957 0.43712 0.112025 0.113653 0.979396
9 0.439738 0.437116 0.111748 0.11203 0.979375
4 0.935678 0.0650307 0.113082 0.113477 0.979308
1 0.439558 0.312883 0.112045 0.113221 0.979244
9 0.687808 0.437162 0.111747 0.11188 0.979206
12 0.687759 0.685287 0.112163 0.111976 0.97912
7 0.687808 0.56113 0.112258 0.113234 0.978979
0 0.563534 0.561175 0.111918 0.113758 0.978828
6 0.812516 0.561283 0.113081 0.112288 0.978805
4 0.812374 0.188531 0.11193 0.112543 0.978696
1 0.9363 0.561177 0.113854 0.112615 0.978594
11 0.812166 0.685282 0.112234 0.113731 0.978549
2 0.687809 0.18898 0.111675 0.112195 0.978519
6 0.936619 0.436752 0.113817 0.112647 0.978313
8 0.191334 0.313175 0.111568 0.111875 0.978039
3 0.93634 0.313374 0.111712 0.112079 0.978025
3 0.811504 0.312953 0.111598 0.112083 0.977937
8 0.190962 0.437119 0.111558 0.112022 0.977904
8 0.812012 0.933802 0.111889 0.112729 0.97787
0 0.936117 0.188482 0.112707 0.111481 0.97769
8 0.439558 0.809997 0.1119 0.112066 0.977234
11 0.811828 0.0648377 0.112467 0.113723 0.977125
8 0.315107 0.189294 0.112605 0.112125 0.976921
8 0.687938 0.313494 0.111461 0.112406 0.97654
8 0.812125 0.436978 0.111818 0.113043 0.9764
2 0.688111 0.313155 0.111847 0.112944 0.0407408
2 0.812061 0.436746 0.111157 0.112561 0.0146518
2 0.191335 0.437064 0.11317 0.112837 0.0146195
2 0.315389 0.189054 0.111893 0.11262 0.0124067
2 0.191361 0.313213 0.111286 0.112674 0.0119002
2 0.439558 0.809997 0.1119 0.112066 0.00952082
2 0.811676 0.933939 0.11228 0.112609 0.00872711
10 0.936082 0.933484 0.111117 0.113199 0.00600988
4 0.439844 0.189263 0.112972 0.112883 0.00504997
6 0.68797 0.685716 0.112945 0.113137 0.0044198
6 0.315797 0.934318 0.111953 0.11407 0.00432926
12 0.688181 0.437036 0.111933 0.112631 0.00429584
10 0.811668 0.0644478 0.110197 0.112974 0.00425059
10 0.439532 0.933966 0.111243 0.111709 0.00415916
12 0.315442 0.313484 0.112518 0.112775 0.00410754
4 0.936251 0.684847 0.112396 0.114116 0.0039631
1 0.563709 0.560811 0.112166 0.112922 0.00387824
5 0.811605 0.685578 0.111733 0.112015 0.00375028
0 0.688181 0.437036 0.111933 0.112631 0.00337593
1 0.811578 0.561291 0.110572 0.113712 0.00330714
7 0.19116 0.561032 0.111431 0.11183 0.00329552
10 0.811932 0.188945 0.110876 0.113047 0.00325999
13 0.936134 0.685526 0.112544 0.112519 0.00320269
1 0.563701 0.312988 0.112728 0.112969 0.00313179
2 0.812119 0.188775 0.111179 0.113047 0.00303513
13 0.439223 0.188981 0.111753 0.112514 0.00302391
1 0.191274 0.561261 0.112635 0.112695 0.00297806
1 0.812119 0.188775 0.111179 0.113047 0.00288714
12 0.686834 0.561199 0.110892 0.113256 0.00283338
8 0.813041 0.685498 0.110502 0.113745 0.00282172
11 0.315652 0.189214 0.111841 0.112189 0.00278852
1 0.936315 0.0649932 0.112149 0.113992 0.00278054
3 0.688232 0.437244 0.112888 0.112867 0.00277872
9 0.191382 0.685326 0.11266 0.112789 0.00277482
10 0.811632 0.685058 0.109928 0.112662 0.0027702
7 0.936251 0.684847 0.112396 0.114116 0.00275419
12 0.439746 0.436682 0.111471 0.112724 0.0026946
0 0.936375 0.560876 0.113345 0.111519 0.00261484
9 0.935787 0.933774 0.110803 0.111973 0.00260506
11 0.0667182 0.313913 0.112929 0.112626 0.00259511
11 0.439741 0.810095 0.112307 0.111737 0.00258006
10 0.56369 0.313427 0.111075 0.11348 0.00257501
3 0.812373 0.56097 0.113724 0.113553 0.0025028
3 0.936311 0.436876 0.113226 0.113493 0.00249137
7 0.935836 0.0647652 0.110822 0.111763 0.00247615
12 0.811604 0.313229 0.112073 0.112844 0.00246941
2 0.688375 0.933475 0.113696 0.112953 0.00245039
5 0.191118 0.685352 0.112241 0.112838 0.00236175
3 0.315763 0.437434 0.111074 0.111797 0.00229187
1 0.56401 0.809364 0.111545 0.112581 0.00226129
3 0.315549 0.560999 0.112655 0.113054 0.00215686
12 0.0670411 0.685276 0.112556 0.11347 0.00213052
6 0.811604 0.313229 0.112073 0.112844 0.00212956
12 0.936158 0.313056 0.11262 0.113453 0.00212645
1 0.315818 0.436895 0.109251 0.110133 0.00211224
1 0.6882 0.189015 0.113313 0.113788 0.00210565
6 0.686834 0.561199 0.110892 0.113256 0.00210345
12 0.315205 0.809455 0.112248 0.112559 0.00208068
10 0.191117 0.685248 0.112168 0.113305 0.00206928
8 0.688217 0.188968 0.112659 0.11341 0.00206506
4 0.688087 0.561142 0.112056 0.112891 0.00201919
1 0.315995 0.56116 0.110907 0.112081 0.00201044
13 0.935511 0.93355 0.112973 0.113723 0.00199288
12 0.439425 0.560907 0.111305 0.112166 0.00199
12 0.687855 0.933594 0.11169 0.112128 0.00197305
11 0.812012 0.933802 0.111889 0.112729 0.00195313
2 0.936315 0.0649932 0.112149 0.113992 0.00195264
4 0.688136 0.809398 0.112987 0.11265 0.00194207
3 0.191713 0.0645372 0.111621 0.113176 0.00191057
5 0.811647 0.0651597 0.112403 0.113678 0.00190538
7 0.811734 0.187878 0.111933 0.113997 0.00189977
11 0.191027 0.436981 0.112456 0.112199 0.00185319
5 0.563643 0.68548 0.112599 0.112736 0.00184465
1 0.936405 0.436511 0.114289 0.114212 0.00183933
4 0.687855 0.933594 0.11169 0.112128 0.00181764
13 0.43935 0.933719 0.110855 0.113413 0.0018144
5 0.935705 0.933648 0.112725 0.113486 0.00180849
0 0.563692 0.933441 0.110204 0.112541 0.00180636
1 0.0672593 0.437931 0.11021 0.108673 0.00180414
10 0.314837 0.0646679 0.11208 0.113369 0.00178866
1 0.688336 0.0645419 0.112224 0.113343 0.00175081
0 0.315479 0.313513 0.112483 0.112104 0.00174512
0 0.688203 0.685419 0.112307 0.113676 0.00173334
13 0.0670336 0.80934 0.112453 0.112539 0.00172452
4 0.563988 0.437547 0.112308 0.112893 0.00171094
8 0.688362 0.0646026 0.111574 0.113231 0.00168449
9 0.688375 0.933475 0.113696 0.112953 0.00168044
13 0.811647 0.0651597 0.112403 0.113678 0.00164902
3 0.56366 0.685546 0.112201 0.11278 0.0016128
10 0.93625 0.0646717 0.112231 0.114056 0.00159683
0 0.439792 0.313173 0.110883 0.112791 0.00157972
4 0.191538 0.933843 0.1113 0.11263 0.00155564
1 0.192106 0.0644506 0.112264 0.113205 0.00154036
13 0.315147 0.0645211 0.111871 0.113112 0.00151586
8 0.0665541 0.0647498 0.11401 0.113223 0.00149129
12 0.686845 0.809712 0.11078 0.112654 0.00147933
3 0.56428 0.189376 0.111914 0.112658 0.00146986
8 0.812994 0.0646565 0.110531 0.114242 0.00146835
1 0.439532 0.0644859 0.111359 0.11411 0.00146446
6 0.564274 0.436626 0.109951 0.113518 0.00145654
12 0.439421 0.685263 0.11183 0.112447 0.00144839
5 0.439706 0.934189 0.112016 0.1132 0.00144512
7 0.439378 0.18919 0.112249 0.11341 0.00144063
9 0.936237 0.188737 0.113196 0.113119 0.00141761
6 0.688143 0.809276 0.113231 0.113403 0.00139589
11 0.19149 0.313517 0.111345 0.112324 0.00137193
2 0.191496 0.561284 0.112429 0.112697 0.00137087
4 0.439688 0.313289 0.111988 0.112744 0.00136777
1 0.564021 0.0644913 0.111797 0.113643 0.00136455
4 0.0670595 0.808833 0.114096 0.113001 0.00135405
11 0.811512 0.436733 0.110359 0.112912 0.00134477
0 0.439547 0.437998 0.114088 0.114639 0.00134443
12 0.564083 0.436489 0.110649 0.112543 0.00133217
9 0.811679 0.933173 0.110964 0.112674 0.00133029
2 0.191382 0.685326 0.11266 0.112789 0.00132544
11 0.0666627 0.189179 0.11351 0.112337 0.00132184
6 0.936574 0.313407 0.111582 0.113249 0.00130923
1 0.0673466 0.560872 0.112398 0.112877 0.0012949
1 0.564326 0.18901 0.111895 0.112977 0.00128888
0 0.81313 0.933998 0.110395 0.113224 0.00128361
1 0.936247 0.313049 0.111428 0.11185 0.00127788
9 0.811568 0.0644083 0.110697 0.112716 0.00126591
1 0.0675234 0.0645593 0.11224 0.113585 0.00125224
4 0.936375 0.560876 0.113345 0.111519 0.00122556
1 0.563834 0.685053 0.112866 0.113394 0.00121882
1 0.811388 0.313239 0.111898 0.1125 0.00121064
5 0.93655 0.685263 0.112263 0.112582 0.0011892
4 0.191106 0.189464 0.111819 0.112236 0.00118443
10 0.315284 0.809867 0.111713 0.111824 0.00118138
5 0.315147 0.0645211 0.111871 0.113112 0.00117673
5 0.688336 0.0645419 0.112224 0.113343 0.0011728
4 0.191196 0.809529 0.111311 0.111764 0.00116272
6 0.811662 0.188557 0.113256 0.112429 0.00116207
13 0.811605 0.685578 0.111733 0.112015 0.00115982
5 0.688401 0.933253 0.113914 0.1137 0.00115806
1 0.688272 0.933584 0.112081 0.112782 0.00115435
3 0.0667556 0.56107 0.115049 0.113137 0.0011351
3 0.316162 0.934215 0.113657 0.112958 0.00113099
2 0.563614 0.31318 0.110928 0.113589 0.00112641
8 0.0663489 0.437031 0.11435 0.111272 0.00111811
7 0.0673943 0.809224 0.112441 0.112916 0.00111344
1 0.0667165 0.933852 0.112868 0.113158 0.0011025
13 0.191161 0.685317 0.111691 0.11264 0.00109975
5 0.6882 0.189015 0.113313 0.113788 0.00109531
8 0.0667556 0.56107 0.115049 0.113137 0.00109468
11 0.688008 0.313863 0.111229 0.11299 0.00108286
3 0.439746 0.436682 0.111471 0.112724 0.00107382
7 0.563262 0.312935 0.111384 0.111957 0.00106557
3 0.0663489 0.437031 0.11435 0.111272 0.00106186
1 0.315679 0.685436 0.111977 0.112438 0.00105817
0 0.191187 0.809674 0.111532 0.112223 0.00103085
5 0.811863 0.188793 0.112529 0.112566 0.00102603
4 0.563865 0.933512 0.11105 0.11316 0.00102475
11 0.315107 0.809641 0.112072 0.113047 0.00100213
