9 0.31508 0.809507 0.112009 0.112275 0.987907
11 0.315156 0.933955 0.11169 0.113059 0.986438
6 0.191159 0.93365 0.111646 0.112985 0.986419
3 0.315501 0.685252 0.112541 0.112282 0.986364
3 0.687632 0.934109 0.113426 0.114194 0.985808
7 0.439418 0.0648902 0.112501 0.113545 0.985777
5 0.191969 0.809482 0.110969 0.112163 0.985628
8 0.0670458 0.809565 0.113487 0.112871 0.985549
3 0.0671151 0.685726 0.112672 0.113439 0.985073
8 0.56389 0.933888 0.111065 0.112825 0.984891
7 0.191393 0.0649009 0.112039 0.113024 0.984517
4 0.439914 0.809643 0.11323 0.113486 0.983944
5 0.812141 0.934064 0.111337 0.112656 0.983795
1 0.936804 0.809622 0.112035 0.111887 0.983593
7 0.564385 0.685407 0.11186 0.112739 0.983553
0 0.439899 0.933822 0.112794 0.113453 0.983206
12 0.564353 0.809646 0.111443 0.113938 0.9832
5 0.68785 0.809485 0.110718 0.112617 0.983153
11 0.315407 0.189318 0.112053 0.112317 0.983148
13 0.0674756 0.0647988 0.112751 0.113696 0.983092
6 0.315607 0.0647508 0.111985 0.113637 0.98301
9 0.563656 0.189337 0.110704 0.112565 0.982986
9 0.81233 0.0650816 0.111942 0.113534 0.982966
6 0.19174 0.561292 0.11113 0.111844 0.98293
4 0.191291 0.437079 0.112984 0.113082 0.982762
8 0.315243 0.561524 0.112654 0.112317 0.982562
7 0.812386 0.809618 0.113148 0.114153 0.982378
6 0.315723 0.313196 0.113165 0.113665 0.982348
4 0.191562 0.313311 0.112397 0.112856 0.982316
4 0.191263 0.188994 0.113289 0.113786 0.982237
6 0.0672053 0.437629 0.11283 0.112352 0.98214
4 0.191154 0.684882 0.113797 0.113651 0.982119
11 0.936401 0.933941 0.112838 0.113831 0.982097
10 0.0672936 0.561294 0.113848 0.113855 0.982046
10 0.0678425 0.313237 0.113504 0.11363 0.982035
12 0.315468 0.437679 0.112516 0.11169 0.981019
13 0.440092 0.561741 0.112043 0.113098 0.980993
8 0.687803 0.189694 0.112225 0.11221 0.980485
10 0.0674226 0.188911 0.113277 0.112945 0.980257
10 0.0672538 0.933352 0.112198 0.112996 0.979977
13 0.563939 0.437697 0.111873 0.113064 0.979957
6 0.687944 0.0650225 0.112173 0.114342 0.979947
9 0.439607 0.313281 0.111925 0.113313 0.979541
11 0.563768 0.561312 0.11151 0.113417 0.979469
13 0.687582 0.561916 0.112454 0.11312 0.97942
11 0.812161 0.561561 0.112301 0.11377 0.979109
6 0.688074 0.685523 0.112698 0.112467 0.978988
12 0.563724 0.313646 0.111955 0.111712 0.978947
12 0.439996 0.437473 0.112535 0.111993 0.978934
9 0.811924 0.313077 0.112203 0.113104 0.978926
0 0.438991 0.685077 0.111801 0.112101 0.97876
10 0.936373 0.188439 0.113557 0.11447 0.978629
8 0.439384 0.1893 0.112281 0.112236 0.978611
3 0.68786 0.313603 0.111677 0.1122 0.978591
9 0.936036 0.437886 0.110951 0.112211 0.978566
5 0.687852 0.437341 0.111929 0.112755 0.978561
4 0.81256 0.685372 0.113028 0.11335 0.978486
1 0.936314 0.0640887 0.114066 0.113797 0.978485
11 0.93664 0.561839 0.112634 0.113308 0.978191
7 0.812028 0.189087 0.112199 0.113622 0.978155
6 0.812425 0.437182 0.112162 0.112251 0.978135
12 0.936639 0.68551 0.112829 0.112931 0.977994
0 0.563237 0.065331 0.111523 0.11185 0.97783
7 0.936574 0.313115 0.112637 0.113032 0.977164
6 0.564079 0.809132 0.110823 0.112325 0.0555461
6 0.936955 0.685102 0.111608 0.113099 0.0167608
5 0.0666808 0.189072 0.114337 0.112175 0.0110301
4 0.0673654 0.933958 0.113444 0.113752 0.0106852
2 0.0668698 0.809116 0.113697 0.111865 0.0097576
6 0.315691 0.437825 0.11184 0.112729 0.00937032
2 0.688118 0.188294 0.112181 0.112044 0.00928522
2 0.439538 0.18833 0.112188 0.112637 0.0080499
4 0.0674134 0.189298 0.112805 0.112213 0.00774774
6 0.439805 0.437766 0.112842 0.113126 0.00750891
6 0.564164 0.313814 0.110791 0.11307 0.00681301
12 0.811574 0.810042 0.111702 0.112686 0.00601663
11 0.811576 0.933655 0.1124 0.111334 0.00503173
5 0.31539 0.934144 0.112404 0.113882 0.00493513
12 0.811403 0.189029 0.111788 0.112948 0.00447548
12 0.812191 0.313457 0.111223 0.11264 0.00443804
12 0.067223 0.933907 0.112579 0.11242 0.00436161
12 0.936979 0.436646 0.110622 0.112779 0.00435534
0 0.936005 0.0640918 0.112582 0.113805 0.00396399
10 0.0667443 0.0646041 0.114685 0.114029 0.00385117
2 0.563976 0.933806 0.110653 0.112337 0.00360761
1 0.191376 0.437509 0.113742 0.113767 0.00342288
7 0.81174 0.684935 0.11264 0.114907 0.00325603
11 0.687433 0.436588 0.111452 0.109809 0.00322309
2 0.315625 0.561328 0.111423 0.11381 0.00319919
5 0.315421 0.18963 0.111977 0.112887 0.0031367
12 0.688112 0.561595 0.110488 0.111981 0.00309954
0 0.936866 0.809242 0.111682 0.11249 0.00303909
7 0.0674756 0.0647988 0.112751 0.113696 0.00300228
5 0.936855 0.56137 0.111316 0.111841 0.00281329
12 0.564099 0.437389 0.111168 0.112253 0.00278491
12 0.439946 0.313598 0.111861 0.112198 0.00270321
10 0.935927 0.933733 0.110194 0.113556 0.00262977
1 0.563856 0.0638318 0.111457 0.113646 0.00254306
12 0.936109 0.313086 0.112329 0.112845 0.00250524
4 0.936102 0.313624 0.113893 0.112918 0.00243929
8 0.811467 0.313027 0.111661 0.113213 0.00243395
8 0.811526 0.064927 0.11162 0.11267 0.00242187
10 0.81152 0.561566 0.110228 0.112509 0.00240962
2 0.688271 0.933858 0.113824 0.113034 0.0023577
5 0.688289 0.93357 0.113399 0.113255 0.00233267
1 0.812565 0.68563 0.112886 0.113255 0.00220508
7 0.936271 0.685493 0.110662 0.114725 0.00218211
0 0.439842 0.313627 0.111596 0.112475 0.00214865
7 0.191457 0.313436 0.111436 0.112053 0.00213751
2 0.688179 0.437601 0.111912 0.112776 0.0021302
13 0.811649 0.809632 0.111291 0.11314 0.00212214
3 0.315675 0.313264 0.111812 0.113475 0.00210212
2 0.688185 0.809537 0.111328 0.113683 0.00207096
12 0.563761 0.189178 0.111951 0.112616 0.00201852
11 0.31588 0.561214 0.111407 0.113664 0.00201204
7 0.440361 0.56136 0.112644 0.113556 0.00200614
3 0.812577 0.437455 0.111683 0.113036 0.00199122
0 0.812997 0.0649221 0.109384 0.112854 0.0019651
3 0.687944 0.0650225 0.112173 0.114342 0.00196471
9 0.0667443 0.0646041 0.114685 0.114029 0.00194261
1 0.19176 0.313288 0.11226 0.112546 0.00194189
1 0.440313 0.809616 0.113698 0.114049 0.00192186
7 0.688197 0.6852 0.112853 0.113099 0.00189073
10 0.936196 0.561763 0.1106 0.112963 0.00187622
5 0.563979 0.561763 0.111563 0.112698 0.00187548
1 0.191369 0.685562 0.113767 0.113498 0.00186862
11 0.686798 0.809946 0.110089 0.110657 0.00183741
12 0.315515 0.80977 0.1114 0.111403 0.00182445
4 0.564546 0.685353 0.111808 0.112788 0.00182368
1 0.191479 0.188859 0.112761 0.113183 0.00181433
0 0.81305 0.313379 0.112081 0.113104 0.00176496
3 0.688527 0.685034 0.111338 0.111876 0.0017613
2 0.811561 0.932964 0.113157 0.112162 0.00175498
6 0.811542 0.809468 0.112174 0.112521 0.0017447
4 0.688164 0.313465 0.112783 0.114022 0.00173483
0 0.688124 0.189047 0.112738 0.113765 0.00171648
1 0.688227 0.685354 0.111513 0.113805 0.00171556
13 0.936979 0.436646 0.110622 0.112779 0.00171184
7 0.0674725 0.189113 0.112339 0.112899 0.00170561
12 0.687735 0.313214 0.110833 0.111928 0.001695
7 0.0672792 0.933115 0.113127 0.114093 0.00169371
12 0.687571 0.9339 0.11111 0.111876 0.00167182
7 0.191349 0.437686 0.111405 0.112115 0.00166548
12 0.812997 0.0649221 0.109384 0.112854 0.00166371
10 0.191333 0.80998 0.111519 0.111977 0.00165032
3 0.812092 0.313174 0.111448 0.112946 0.00164236
1 0.439751 0.685041 0.111741 0.112071 0.00157538
4 0.811619 0.189643 0.113552 0.113354 0.00157139
11 0.687803 0.189694 0.112225 0.11221 0.00154188
6 0.191346 0.685156 0.112778 0.113245 0.00153735
1 0.688275 0.0650006 0.111546 0.11384 0.00150323
12 0.439812 0.561558 0.11174 0.112001 0.00148793
7 0.688233 0.0647625 0.11251 0.113615 0.00148594
4 0.812662 0.809365 0.11364 0.113805 0.00147814
3 0.315077 0.0649315 0.112155 0.1137 0.0014743
9 0.688271 0.933858 0.113824 0.113034 0.00147269
3 0.688161 0.437691 0.112356 0.113817 0.00146969
3 0.191159 0.93365 0.111646 0.112985 0.00146493
7 0.439793 0.436724 0.111527 0.112102 0.00145829
13 0.0667478 0.933447 0.11239 0.112102 0.00145285
11 0.0667443 0.0646041 0.114685 0.114029 0.00144483
4 0.688207 0.437881 0.111251 0.111733 0.00142118
7 0.0676808 0.313562 0.112829 0.112954 0.00139433
4 0.0674186 0.561154 0.112605 0.114063 0.00139254
4 0.191211 0.064888 0.112259 0.11201 0.00138914
12 0.935755 0.189082 0.113879 0.11421 0.00137437
6 0.191349 0.437686 0.111405 0.112115 0.00137091
10 0.936433 0.313406 0.112539 0.114884 0.00136428
2 0.688192 0.3137 0.111625 0.112375 0.00135195
6 0.688192 0.3137 0.111625 0.112375 0.00133932
3 0.688164 0.80981 0.111722 0.113517 0.00133445
5 0.81205 0.561994 0.112274 0.11369 0.00132126
10 0.811825 0.933961 0.111324 0.112 0.00131957
7 0.439549 0.80936 0.112617 0.113233 0.00131942
4 0.936202 0.188855 0.112791 0.114294 0.00131169
4 0.688243 0.933598 0.114026 0.113415 0.00131057
7 0.06701 0.438104 0.113814 0.112085 0.00129893
11 0.439572 0.189186 0.112607 0.112725 0.0012913
6 0.811346 0.188763 0.112248 0.112737 0.00128697
4 0.0677021 0.313238 0.112992 0.114652 0.00127586
3 0.19174 0.561292 0.11113 0.111844 0.00126362
4 0.564079 0.809132 0.110823 0.112325 0.00126093
0 0.0670882 0.809276 0.112034 0.112319 0.0012536
0 0.936306 0.437215 0.113195 0.114038 0.00122792
10 0.687805 0.43781 0.111495 0.111903 0.00122721
10 0.688185 0.809537 0.111328 0.113683 0.00120096
13 0.935911 0.188948 0.112035 0.112913 0.00119064
4 0.688185 0.809537 0.111328 0.113683 0.00118166
7 0.191067 0.189172 0.112752 0.112705 0.00116496
5 0.0669683 0.933456 0.113699 0.113828 0.00116475
8 0.81142 0.561439 0.110694 0.111917 0.00116365
4 0.936804 0.809622 0.112035 0.111887 0.00115293
8 0.936115 0.43734 0.110748 0.113463 0.00113673
1 0.687844 0.313137 0.111258 0.112174 0.00112645
6 0.192042 0.0643686 0.111543 0.111013 0.00111843
4 0.935805 0.064378 0.112965 0.113097 0.00111161
8 0.935868 0.933696 0.110969 0.112324 0.00110386
5 0.0666181 0.561093 0.112352 0.112231 0.00109771
2 0.191376 0.437509 0.113742 0.113767 0.00109274
11 0.811494 0.0648907 0.111677 0.113133 0.00109179
11 0.56449 0.933874 0.111489 0.113609 0.00108692
5 0.935755 0.189082 0.113879 0.11421 0.00108173
3 0.936979 0.436646 0.110622 0.112779 0.00107431
0 0.563826 0.189338 0.111052 0.112064 0.0010738
11 0.936085 0.43722 0.112303 0.114116 0.001063
6 0.81168 0.685334 0.113995 0.113642 0.00106049
7 0.564536 0.437233 0.112206 0.113354 0.00105979
7 0.811471 0.437224 0.111096 0.113117 0.001046
13 0.0670313 0.561368 0.112401 0.112468 0.00104144
7 0.687545 0.561456 0.112913 0.114356 0.00104012
12 0.0664417 0.685589 0.111975 0.112804 0.00103691
6 0.936016 0.809545 0.112517 0.115527 0.00103686
5 0.812587 0.685596 0.112636 0.112883 0.00103485
7 0.31598 0.313673 0.112747 0.112477 0.00103319
11 0.935755 0.189082 0.113879 0.11421 0.00103261
12 0.315441 0.6853 0.111788 0.112602 0.00102981
10 0.812587 0.685596 0.112636 0.112883 0.00101389
7 0.315699 0.0649055 0.112691 0.114216 0.00101126
10 0.937057 0.436648 0.112232 0.112644 0.00100992
1 0.315709 0.685319 0.112011 0.112656 0.00100098
