2 0.563894 0.809656 0.111872 0.112113 0.986112
9 0.687763 0.933532 0.112256 0.113594 0.985845
12 0.56396 0.933742 0.111226 0.113132 0.98562
8 0.439573 0.933902 0.112496 0.112674 0.985526
9 0.314446 0.0647441 0.110967 0.112304 0.985428
1 0.315627 0.933005 0.11202 0.112298 0.984846
7 0.811887 0.933628 0.112734 0.113419 0.984692
6 0.688004 0.809254 0.111536 0.11307 0.98435
13 0.438883 0.0651255 0.112151 0.113359 0.984154
1 0.0659291 0.933759 0.112295 0.112891 0.983631
4 0.190237 0.0650771 0.111791 0.111861 0.983535
6 0.0666858 0.188946 0.111953 0.113103 0.98315
1 0.191223 0.809334 0.111494 0.111318 0.983013
8 0.812235 0.809538 0.112085 0.112064 0.982982
13 0.19087 0.314106 0.112268 0.112957 0.982837
5 0.936746 0.809865 0.111465 0.111482 0.982837
6 0.19074 0.188802 0.112375 0.11321 0.982784
1 0.44041 0.809584 0.111364 0.11175 0.982713
3 0.0671723 0.313948 0.111273 0.113028 0.982691
6 0.316586 0.685966 0.11178 0.112142 0.982681
6 0.316039 0.437234 0.113011 0.112226 0.982679
0 0.190588 0.932848 0.112412 0.112083 0.982592
4 0.316174 0.561397 0.112871 0.112522 0.982586
10 0.191018 0.437831 0.113168 0.111483 0.982262
10 0.191465 0.56169 0.112684 0.112293 0.982139
3 0.441207 0.685815 0.111591 0.113314 0.98195
5 0.564232 0.685869 0.11064 0.111731 0.981682
2 0.0668793 0.809497 0.111893 0.113215 0.981596
10 0.935971 0.933804 0.113086 0.113915 0.981529
11 0.0659618 0.0651261 0.111538 0.113053 0.981454
10 0.0671277 0.437595 0.111855 0.112975 0.981247
10 0.0671503 0.685034 0.112225 0.112371 0.981173
3 0.439451 0.313507 0.111037 0.113108 0.980994
11 0.0672436 0.56159 0.110788 0.112513 0.980907
1 0.440313 0.561676 0.112184 0.112726 0.980347
0 0.315061 0.312953 0.112256 0.112567 0.98021
9 0.687107 0.437149 0.111591 0.112043 0.979922
0 0.315691 0.808881 0.11178 0.110987 0.979769
8 0.687484 0.0650789 0.112508 0.111614 0.979645
0 0.191469 0.685624 0.112619 0.111594 0.979549
5 0.563435 0.561568 0.111704 0.114113 0.979389
1 0.314493 0.189112 0.112324 0.111988 0.979306
13 0.439057 0.189088 0.112657 0.112855 0.979285
1 0.563239 0.437448 0.112044 0.113121 0.979055
3 0.687651 0.561537 0.111936 0.112354 0.978813
10 0.936706 0.31307 0.112778 0.113749 0.978807
0 0.439462 0.437529 0.11113 0.111483 0.978801
0 0.811296 0.561524 0.112641 0.112529 0.978791
12 0.81235 0.312856 0.112683 0.11326 0.978765
3 0.811855 0.437363 0.112484 0.112856 0.978725
4 0.687858 0.188002 0.113166 0.11367 0.978704
4 0.68764 0.312333 0.113005 0.113687 0.978646
5 0.812579 0.188084 0.113194 0.113755 0.97857
4 0.812637 0.68524 0.113094 0.113022 0.978509
8 0.563101 0.189609 0.111921 0.112875 0.978504
0 0.936065 0.685467 0.112645 0.112389 0.97847
0 0.687997 0.685156 0.112026 0.112307 0.978387
0 0.562537 0.313767 0.111563 0.112317 0.978358
6 0.936613 0.561759 0.113614 0.112921 0.978326
8 0.936138 0.437343 0.112749 0.113017 0.977752
1 0.936803 0.0637981 0.113008 0.112823 0.977685
7 0.93667 0.188633 0.112544 0.114643 0.977522
0 0.562548 0.0651838 0.110902 0.110847 0.977289
0 0.81186 0.0650794 0.111727 0.110744 0.97662
8 0.688525 0.933232 0.113692 0.113118 0.0145345
9 0.935452 0.437918 0.114457 0.113378 0.0141147
3 0.564273 0.809445 0.110853 0.112124 0.0089634
13 0.811654 0.93217 0.112149 0.112908 0.00799076
10 0.687256 0.933477 0.112162 0.113566 0.00749036
12 0.811562 0.932683 0.112279 0.111782 0.00682692
10 0.0667954 0.56124 0.112198 0.114446 0.00558566
5 0.936142 0.313979 0.113187 0.112866 0.00511858
1 0.687438 0.312497 0.113094 0.113647 0.00444267
0 0.688137 0.0645373 0.111164 0.113426 0.00419554
1 0.687802 0.188936 0.112591 0.113294 0.00393577
12 0.936345 0.188677 0.111876 0.113568 0.00379479
9 0.563231 0.189622 0.112225 0.11265 0.00378324
0 0.688525 0.933232 0.113692 0.113118 0.00369729
0 0.688099 0.437469 0.110669 0.112389 0.00356262
11 0.811751 0.188545 0.112433 0.112226 0.00340881
12 0.68753 0.561366 0.111104 0.112229 0.00301255
9 0.687367 0.0653108 0.112424 0.111387 0.00299973
6 0.812222 0.313031 0.113087 0.113777 0.00296529
1 0.316178 0.561812 0.112655 0.112518 0.00292702
0 0.936433 0.0642119 0.112304 0.111818 0.0028464
2 0.56359 0.188682 0.111708 0.113437 0.002842
2 0.316178 0.561812 0.112655 0.112518 0.00276319
6 0.687836 0.188817 0.112755 0.113048 0.00270915
3 0.688005 0.808924 0.11079 0.111502 0.00265857
7 0.43902 0.189421 0.112483 0.113436 0.00262349
2 0.81305 0.188491 0.113376 0.11436 0.00252427
1 0.811292 0.561119 0.113063 0.112593 0.00247165
1 0.563221 0.312389 0.111636 0.11294 0.00243003
2 0.688077 0.561911 0.110545 0.111467 0.00241487
1 0.563244 0.0635968 0.111216 0.112945 0.00236066
9 0.439746 0.933487 0.111625 0.113214 0.00235244
3 0.066263 0.809291 0.114186 0.113288 0.00223293
2 0.688135 0.0638143 0.111395 0.112122 0.00222729
1 0.190702 0.0649474 0.112083 0.113104 0.00221161
9 0.812502 0.808955 0.113046 0.113618 0.00220605
2 0.687438 0.312497 0.113094 0.113647 0.00217187
3 0.936425 0.561436 0.113218 0.113243 0.00213137
0 0.935472 0.438115 0.110381 0.114402 0.00213126
0 0.813072 0.809613 0.112613 0.113801 0.00210529
2 0.812628 0.685457 0.113101 0.112764 0.00202387
7 0.935987 0.93315 0.111846 0.113352 0.00199412
12 0.439282 0.0646807 0.111392 0.113652 0.00197999
1 0.191404 0.685564 0.112664 0.112382 0.00197922
1 0.315061 0.312953 0.112256 0.112567 0.00193995
4 0.0671277 0.437595 0.111855 0.112975 0.00193669
1 0.812628 0.685457 0.113101 0.112764 0.00192478
1 0.439655 0.436899 0.111959 0.112626 0.00191621
11 0.440492 0.933514 0.112297 0.113063 0.00190791
6 0.687742 0.312832 0.112309 0.112782 0.00189858
11 0.687669 0.933566 0.111295 0.111373 0.00184839
5 0.315681 0.561575 0.112676 0.112737 0.00181597
8 0.688099 0.437469 0.110669 0.112389 0.00180859
2 0.936715 0.436906 0.111503 0.113284 0.00180568
4 0.688059 0.561448 0.110655 0.112956 0.00178835
7 0.438883 0.0651255 0.112151 0.113359 0.00177496
1 0.68806 0.68496 0.112306 0.111879 0.00176667
3 0.687836 0.188817 0.112755 0.113048 0.00176374
2 0.190237 0.0650771 0.111791 0.111861 0.0017619
2 0.812256 0.809775 0.111901 0.111414 0.00173151
3 0.687742 0.312832 0.112309 0.112782 0.00171995
6 0.936271 0.188334 0.111953 0.113032 0.00170084
5 0.688104 0.561551 0.111348 0.11159 0.00169914
7 0.688379 0.808876 0.11321 0.112673 0.00168323
11 0.812379 0.809417 0.111712 0.112763 0.00166833
4 0.191046 0.437748 0.112406 0.112513 0.00166268
11 0.56359 0.188682 0.111708 0.113437 0.00164167
7 0.0671277 0.437595 0.111855 0.112975 0.00161887
12 0.688099 0.437469 0.110669 0.112389 0.0016023
5 0.191252 0.561264 0.112431 0.111805 0.00158508
3 0.316612 0.561823 0.111503 0.1122 0.00157937
4 0.191465 0.56169 0.112684 0.112293 0.00156282
4 0.0675331 0.313985 0.112107 0.113674 0.00153961
2 0.687635 0.18812 0.113143 0.113703 0.00153734
7 0.191046 0.437748 0.112406 0.112513 0.0015356
12 0.439727 0.313222 0.111739 0.112231 0.00150941
3 0.81305 0.188491 0.113376 0.11436 0.00149832
10 0.0665767 0.0652544 0.111031 0.111793 0.0014936
7 0.687742 0.312832 0.112309 0.112782 0.00149273
1 0.315892 0.809034 0.110935 0.111102 0.00147682
3 0.19074 0.188802 0.112375 0.11321 0.00147555
4 0.440313 0.561676 0.112184 0.112726 0.00147437
7 0.812575 0.685646 0.112773 0.112461 0.00145944
5 0.935971 0.933804 0.113086 0.113915 0.00145099
12 0.811556 0.437115 0.112073 0.113388 0.00145041
0 0.563125 0.437129 0.111473 0.113168 0.00144489
0 0.563326 0.188492 0.112703 0.114699 0.00143673
3 0.315964 0.437305 0.112725 0.112658 0.00142456
4 0.314842 0.189187 0.112314 0.113387 0.00141844
10 0.811654 0.93217 0.112149 0.112908 0.00141625
11 0.936183 0.436728 0.11115 0.112949 0.00141097
6 0.811556 0.437115 0.112073 0.113388 0.00140802
11 0.687279 0.0647852 0.111004 0.112643 0.00140769
7 0.0671503 0.685034 0.112225 0.112371 0.00139281
3 0.812575 0.685646 0.112773 0.112461 0.00139235
1 0.688413 0.809096 0.111651 0.113426 0.00137321
10 0.563469 0.561665 0.11231 0.112959 0.00137048
1 0.812844 0.06325 0.112119 0.111648 0.00135052
4 0.56343 0.437489 0.111817 0.112191 0.00134842
13 0.190578 0.437541 0.1124 0.111736 0.00133037
12 0.439058 0.188671 0.112424 0.112941 0.00132403
5 0.0675331 0.313985 0.112107 0.113674 0.00132346
7 0.687836 0.188817 0.112755 0.113048 0.00131413
0 0.44052 0.809458 0.112092 0.112499 0.00130145
7 0.191465 0.56169 0.112684 0.112293 0.00129988
5 0.811984 0.685293 0.112363 0.112265 0.00129882
4 0.31568 0.932739 0.112038 0.112506 0.00129569
6 0.68679 0.561423 0.112188 0.113274 0.0012842
4 0.440471 0.685686 0.110968 0.113352 0.00127634
10 0.811959 0.188652 0.111922 0.112537 0.00126844
5 0.0669119 0.809282 0.11252 0.113689 0.00126452
9 0.812379 0.436604 0.112047 0.114388 0.00126257
2 0.812462 0.437947 0.112299 0.113238 0.00126202
2 0.936177 0.809178 0.112894 0.112476 0.00125661
6 0.811669 0.685238 0.114133 0.112003 0.00125307
13 0.936357 0.933248 0.112202 0.112162 0.00125055
10 0.93649 0.809522 0.111428 0.111852 0.00123924
10 0.563705 0.685962 0.111102 0.11175 0.00123921
0 0.191187 0.809151 0.112392 0.112283 0.00123139
10 0.813003 0.685407 0.112594 0.112396 0.00123091
4 0.0661102 0.933942 0.111205 0.112588 0.00122721
3 0.0666858 0.188946 0.111953 0.113103 0.00122571
4 0.812007 0.933471 0.112263 0.113984 0.00121329
4 0.44052 0.809458 0.112092 0.112499 0.00121306
8 0.813078 0.0641889 0.112432 0.112001 0.00120305
2 0.563282 0.437451 0.111101 0.112715 0.00119385
6 0.811654 0.93217 0.112149 0.112908 0.00118885
3 0.316859 0.685911 0.112199 0.112889 0.0011864
4 0.191187 0.809151 0.112392 0.112283 0.00118635
0 0.315724 0.932992 0.111826 0.111939 0.00118131
4 0.440125 0.313625 0.11195 0.112419 0.00115926
1 0.440514 0.685612 0.111156 0.112433 0.00115339
1 0.564285 0.809258 0.112182 0.112357 0.00113851
1 0.439801 0.313031 0.111554 0.112431 0.00113729
6 0.190479 0.0645479 0.11206 0.112019 0.00113622
13 0.191099 0.561571 0.111748 0.111609 0.00113617
0 0.066166 0.933659 0.112213 0.113204 0.00113333
9 0.191241 0.438087 0.11163 0.112571 0.00110961
9 0.93618 0.685439 0.111905 0.112104 0.00110259
2 0.4402 0.933946 0.112855 0.113101 0.00109926
1 0.687574 0.561468 0.111387 0.112125 0.00109823
1 0.811855 0.437363 0.112484 0.112856 0.00109282
5 0.190989 0.437818 0.111915 0.111572 0.00107495
6 0.316612 0.561823 0.111503 0.1122 0.00107091
5 0.563881 0.809689 0.111811 0.111747 0.00106934
0 0.813044 0.31328 0.110226 0.112241 0.00106699
0 0.440364 0.561392 0.112199 0.113114 0.00106295
10 0.686714 0.437013 0.11098 0.111359 0.00105517
11 0.31471 0.0651673 0.11133 0.111541 0.00105376
3 0.564658 0.933735 0.112881 0.112058 0.00104281
8 0.688249 0.684798 0.11271 0.111826 0.00103588
4 0.0671503 0.685034 0.112225 0.112371 0.00103331
9 0.688077 0.561911 0.110545 0.111467 0.0010311
6 0.936339 0.0638902 0.11018 0.112936 0.00102568
0 0.314634 0.188995 0.112385 0.113429 0.00102437
7 0.316612 0.561823 0.111503 0.1122 0.00101748
9 0.936095 0.933792 0.111465 0.113241 0.001016
9 0.0668451 0.438055 0.111478 0.111653 0.00101491
11 0.190714 0.561363 0.111809 0.113165 0.00101449
