7 0.315966 0.933833 0.112374 0.112783 0.987946
9 0.688184 0.933996 0.112227 0.113992 0.986951
6 0.0668641 0.934046 0.112535 0.112546 0.986346
9 0.688031 0.809544 0.111422 0.112497 0.98585
5 0.439482 0.809453 0.110816 0.112338 0.985816
8 0.191013 0.685618 0.11223 0.112325 0.985614
5 0.191843 0.933899 0.112174 0.114248 0.985596
2 0.56364 0.809412 0.112358 0.112787 0.985566
7 0.315711 0.685397 0.111986 0.112445 0.985447
7 0.56397 0.0651607 0.112834 0.113805 0.985376
2 0.191417 0.809629 0.111311 0.112454 0.985144
3 0.563784 0.685455 0.112142 0.112675 0.984891
5 0.0674281 0.809614 0.113311 0.114592 0.98459
7 0.0668779 0.313507 0.113392 0.113685 0.984363
6 0.935959 0.933756 0.113202 0.114015 0.984019
1 0.0671313 0.685869 0.111836 0.111358 0.983627
1 0.936499 0.80971 0.112108 0.111546 0.983052
13 0.316209 0.188788 0.112384 0.112923 0.983021
8 0.43958 0.933945 0.112719 0.113531 0.982949
1 0.191279 0.561656 0.111759 0.112217 0.98282
13 0.439509 0.685423 0.112751 0.113256 0.982791
6 0.0670967 0.561411 0.113252 0.113161 0.982728
4 0.563993 0.934128 0.112256 0.114101 0.982471
5 0.315538 0.313636 0.111967 0.112865 0.982441
1 0.0671136 0.437581 0.112941 0.11225 0.982436
5 0.0670661 0.189542 0.112128 0.1122 0.982315
3 0.191486 0.437659 0.111411 0.113002 0.982238
8 0.812064 0.809684 0.11246 0.113365 0.981816
10 0.315824 0.809574 0.113166 0.11329 0.981669
10 0.191443 0.0646602 0.11207 0.114366 0.981662
11 0.811796 0.933572 0.111296 0.11305 0.981321
4 0.0675968 0.0647558 0.113432 0.114911 0.981118
2 0.190977 0.18916 0.111703 0.111607 0.981045
12 0.191084 0.313366 0.111825 0.113277 0.981031
0 0.315546 0.561484 0.112384 0.112176 0.981002
13 0.439717 0.437263 0.11244 0.112326 0.980849
12 0.315188 0.437629 0.112636 0.111589 0.980795
9 0.936336 0.68538 0.112808 0.112601 0.980718
7 0.688059 0.189747 0.112684 0.113233 0.980395
5 0.439297 0.189337 0.112214 0.11314 0.980142
5 0.563527 0.189194 0.110944 0.112561 0.979839
0 0.315392 0.0634718 0.111604 0.112763 0.97978
5 0.563565 0.437707 0.111901 0.112207 0.979621
4 0.563857 0.312923 0.113482 0.114654 0.979428
1 0.812256 0.437032 0.112801 0.113138 0.979332
3 0.439456 0.561681 0.111494 0.112653 0.979169
1 0.439442 0.313065 0.111943 0.113158 0.97914
7 0.563959 0.561405 0.112461 0.114178 0.979126
5 0.812021 0.685777 0.112031 0.11282 0.979045
11 0.811985 0.0653049 0.11253 0.113547 0.978898
5 0.687761 0.437212 0.112407 0.113363 0.978832
11 0.936493 0.436841 0.113186 0.114308 0.978768
1 0.439596 0.0641036 0.111049 0.1139 0.978696
10 0.687948 0.56138 0.112528 0.11428 0.978693
10 0.93655 0.188425 0.113409 0.114525 0.978583
0 0.811724 0.561395 0.112305 0.112963 0.978531
1 0.936357 0.0641337 0.114095 0.113814 0.978471
13 0.936077 0.561499 0.113556 0.113131 0.9784
11 0.812073 0.188855 0.112068 0.1143 0.978347
1 0.936519 0.312787 0.113002 0.111716 0.978344
12 0.688125 0.0643644 0.11199 0.113409 0.978276
2 0.688091 0.313055 0.111485 0.11143 0.977687
2 0.812467 0.312821 0.112323 0.112705 0.977322
8 0.688178 0.685915 0.11257 0.112508 0.976607
6 0.191095 0.313769 0.111949 0.113076 0.00970815
5 0.811918 0.189755 0.111979 0.113862 0.00846382
6 0.687853 0.065026 0.112479 0.11414 0.00742514
6 0.315411 0.437675 0.11232 0.113032 0.00610304
2 0.688305 0.685435 0.11234 0.111816 0.00531207
1 0.811776 0.560889 0.112915 0.112548 0.00530409
11 0.811619 0.685461 0.111293 0.111085 0.00499501
1 0.811925 0.313276 0.110945 0.112404 0.0042656
2 0.812332 0.809692 0.112844 0.112856 0.00420239
0 0.936109 0.0641241 0.1125 0.113663 0.0041752
1 0.687724 0.313407 0.110796 0.111765 0.0039303
5 0.812111 0.0656895 0.111868 0.113429 0.00391154
12 0.439851 0.685595 0.111943 0.111765 0.00386688
12 0.688334 0.809495 0.113198 0.112057 0.00362005
2 0.191072 0.685244 0.111764 0.111536 0.00356583
10 0.687746 0.437496 0.111611 0.112118 0.00340757
4 0.192008 0.0646597 0.112456 0.113758 0.00335267
11 0.688293 0.685733 0.112488 0.112726 0.00334176
10 0.811584 0.932873 0.110901 0.111555 0.00318394
11 0.563023 0.43662 0.110585 0.109794 0.00317083
12 0.316003 0.809427 0.112023 0.111724 0.00314659
0 0.812312 0.436314 0.112559 0.112144 0.00312086
0 0.936405 0.31314 0.112144 0.110549 0.0030842
4 0.688132 0.561783 0.111834 0.114763 0.00297333
0 0.936484 0.809404 0.111623 0.112053 0.00291249
10 0.191599 0.934002 0.111297 0.111825 0.00287592
7 0.0667105 0.0650854 0.114014 0.113933 0.0028356
5 0.688168 0.561588 0.111582 0.112741 0.00278655
10 0.811578 0.0647927 0.110882 0.112272 0.00276534
1 0.564142 0.31285 0.112712 0.113863 0.00275761
7 0.316179 0.189102 0.111613 0.112156 0.00271056
2 0.43958 0.933945 0.112719 0.113531 0.00268201
1 0.0673205 0.064848 0.113682 0.114826 0.00263676
8 0.68847 0.933755 0.113011 0.113194 0.00254362
12 0.439883 0.437583 0.111604 0.111931 0.00253908
11 0.68678 0.43758 0.109202 0.110474 0.00249676
5 0.811507 0.312879 0.113754 0.111727 0.00247309
10 0.0671749 0.313488 0.113249 0.114618 0.00244445
0 0.68847 0.933755 0.113011 0.113194 0.00230664
1 0.315392 0.0634718 0.111604 0.112763 0.00228931
2 0.688125 0.437318 0.112916 0.112238 0.00228748
4 0.0666883 0.313303 0.113772 0.113221 0.00218199
8 0.81304 0.933444 0.111482 0.113005 0.00213424
3 0.688216 0.31354 0.111185 0.111588 0.00211926
3 0.688031 0.809544 0.111422 0.112497 0.00211673
0 0.688396 0.809554 0.113576 0.112817 0.00206864
1 0.564099 0.809345 0.112872 0.112788 0.00206107
0 0.439596 0.0641036 0.111049 0.1139 0.00204203
4 0.316174 0.933889 0.11209 0.113586 0.00203896
2 0.81312 0.685461 0.112795 0.113791 0.00203076
5 0.191376 0.0644481 0.112753 0.113374 0.00201717
5 0.811796 0.933572 0.111296 0.11305 0.0019833
12 0.564296 0.56121 0.110621 0.113519 0.00194571
10 0.439562 0.189105 0.111771 0.112604 0.00190117
4 0.315943 0.685606 0.112 0.112898 0.0018365
11 0.811421 0.809772 0.110029 0.111797 0.00183369
3 0.936049 0.933514 0.112202 0.114033 0.00181757
5 0.936585 0.436383 0.111141 0.112376 0.0017901
12 0.936872 0.685563 0.112093 0.112649 0.0017478
1 0.564276 0.934078 0.112566 0.114351 0.00174089
7 0.935851 0.933704 0.112354 0.114192 0.00169956
7 0.44049 0.685421 0.112582 0.113131 0.00167643
0 0.4398 0.313405 0.11071 0.112841 0.00165949
7 0.688132 0.561783 0.111834 0.114763 0.00164135
10 0.439225 0.80963 0.111807 0.11224 0.00162494
10 0.811518 0.188822 0.11135 0.113326 0.00160931
4 0.688216 0.31354 0.111185 0.111588 0.00159469
8 0.936155 0.685767 0.11123 0.114521 0.00157391
12 0.688351 0.934125 0.112963 0.112404 0.0015666
3 0.812273 0.313419 0.111737 0.111464 0.00156284
4 0.0671136 0.437581 0.112941 0.11225 0.00154351
1 0.190963 0.189007 0.111688 0.111285 0.00153956
1 0.315585 0.561317 0.112906 0.112497 0.00151383
8 0.811637 0.312535 0.11178 0.113321 0.00150895
0 0.191235 0.561317 0.11176 0.112389 0.00148557
4 0.315507 0.809357 0.11295 0.113298 0.00148062
10 0.0666436 0.809749 0.112396 0.113142 0.00147909
12 0.688168 0.561588 0.111582 0.112741 0.00147772
5 0.68819 0.313172 0.11287 0.112876 0.00146623
11 0.191783 0.68539 0.111254 0.11353 0.00145842
6 0.191741 0.437953 0.113341 0.113274 0.00143286
13 0.687801 0.561422 0.111171 0.112236 0.00142755
13 0.191737 0.0641619 0.112385 0.112515 0.00141736
4 0.563888 0.43788 0.111394 0.111984 0.00141274
13 0.31542 0.809259 0.11207 0.11202 0.00140678
11 0.440362 0.934228 0.112674 0.113528 0.00140445
3 0.0668641 0.934046 0.112535 0.112546 0.00140363
7 0.315276 0.436719 0.111292 0.112266 0.00140086
12 0.935916 0.189111 0.113853 0.114269 0.00135855
10 0.936856 0.436457 0.110965 0.111916 0.00134863
4 0.936356 0.188897 0.112656 0.114344 0.00134494
5 0.31542 0.809259 0.11207 0.11202 0.00134234
12 0.191457 0.437563 0.111701 0.112327 0.0013365
13 0.0671288 0.313438 0.112235 0.114302 0.00133004
11 0.688168 0.561588 0.111582 0.112741 0.00132742
12 0.439609 0.561222 0.111453 0.112346 0.00132274
10 0.563536 0.437682 0.111736 0.112291 0.00132093
10 0.811605 0.685059 0.112852 0.111886 0.00131305
3 0.0670967 0.561411 0.113252 0.113161 0.00131137
4 0.56393 0.685675 0.110655 0.112102 0.00129487
10 0.0665936 0.189538 0.111793 0.112345 0.00129022
5 0.0666379 0.0650659 0.113189 0.112944 0.00127803
4 0.688273 0.189374 0.113868 0.113932 0.00127361
4 0.439713 0.31352 0.111752 0.112715 0.00124781
0 0.0669936 0.685606 0.112189 0.111645 0.00124198
2 0.812979 0.436997 0.110587 0.113359 0.00124169
8 0.688205 0.313101 0.112193 0.112812 0.00123026
11 0.563546 0.189457 0.112259 0.112354 0.00122926
4 0.936395 0.313545 0.111301 0.111836 0.00121388
13 0.936041 0.18889 0.111945 0.112947 0.00118815
6 0.564058 0.933782 0.111605 0.114242 0.00118809
4 0.56416 0.561393 0.112788 0.113988 0.00118613
5 0.191547 0.809389 0.11197 0.111958 0.00117466
4 0.191279 0.561656 0.111759 0.112217 0.00117222
10 0.563573 0.189508 0.112848 0.111799 0.00117121
11 0.191599 0.934002 0.111297 0.111825 0.00115162
7 0.191557 0.0645298 0.111792 0.11373 0.00115071
7 0.440229 0.436923 0.112834 0.113859 0.00114845
1 0.191463 0.809583 0.112297 0.112272 0.00114824
3 0.81312 0.685461 0.112795 0.113791 0.00113487
4 0.812324 0.43755 0.111566 0.112857 0.00113106
0 0.936528 0.685131 0.112727 0.113676 0.00112992
5 0.563443 0.313272 0.112621 0.112578 0.00112614
4 0.440029 0.0645168 0.112038 0.113942 0.0011256
3 0.564294 0.809471 0.111563 0.112316 0.00111548
6 0.564234 0.561174 0.110729 0.112603 0.0011085
10 0.315491 0.313392 0.112109 0.112599 0.00110497
4 0.936499 0.80971 0.112108 0.111546 0.00110361
0 0.0663607 0.436712 0.115038 0.111369 0.00109667
4 0.935869 0.0644311 0.112939 0.113028 0.00109437
8 0.813013 0.0650241 0.110888 0.113667 0.00108951
5 0.935916 0.189111 0.113853 0.114269 0.00108232
3 0.19088 0.809363 0.112177 0.111607 0.00107376
8 0.81141 0.188814 0.111027 0.112562 0.0010535
7 0.688226 0.0647824 0.111028 0.11256 0.00105301
12 0.315955 0.6854 0.111398 0.112675 0.00102906
5 0.564124 0.809905 0.111932 0.11335 0.00102783
11 0.935916 0.189111 0.113853 0.114269 0.00102658
2 0.439968 0.809502 0.111559 0.112162 0.00102466
1 0.563945 0.685748 0.111763 0.112236 0.00101901
3 0.688105 0.437427 0.112954 0.113534 0.00101568
4 0.0671313 0.685869 0.111836 0.111358 0.00101252
11 0.43924 0.809481 0.111593 0.11204 0.00100002
