9 0.563498 0.809802 0.112584 0.113649 0.986977
5 0.316214 0.809396 0.110571 0.112615 0.986671
6 0.935978 0.809407 0.113675 0.112472 0.986156
6 0.439248 0.93394 0.112544 0.113692 0.986072
6 0.811593 0.809691 0.113335 0.112934 0.985972
2 0.563343 0.934082 0.112198 0.11356 0.985616
3 0.315062 0.0650225 0.112871 0.113389 0.985557
1 0.315213 0.93389 0.11215 0.11246 0.98469
10 0.93571 0.934183 0.114076 0.113654 0.984629
4 0.191607 0.685375 0.111885 0.111579 0.984554
11 0.0671802 0.809433 0.112715 0.112862 0.984481
2 0.439242 0.0648025 0.111641 0.11313 0.984445
10 0.811499 0.934153 0.113206 0.113436 0.98394
3 0.0677355 0.685629 0.112152 0.113128 0.983454
11 0.687107 0.933836 0.111899 0.113772 0.983331
9 0.563438 0.685477 0.112252 0.113358 0.983317
9 0.191381 0.437262 0.112211 0.112856 0.983282
11 0.315296 0.561399 0.11135 0.112389 0.983048
1 0.315056 0.68526 0.112118 0.11226 0.982787
9 0.315402 0.437291 0.112068 0.113117 0.982547
11 0.191159 0.313422 0.111361 0.112163 0.982487
8 0.439501 0.809746 0.11213 0.112859 0.982424
6 0.315594 0.313255 0.11195 0.112716 0.982367
12 0.0669566 0.189144 0.112174 0.112991 0.981933
6 0.191528 0.0645798 0.111863 0.113354 0.981881
1 0.0668575 0.934099 0.112584 0.113 0.9816
12 0.191358 0.561268 0.111501 0.111617 0.981395
1 0.0670597 0.437402 0.112743 0.112376 0.981328
11 0.191353 0.933609 0.111521 0.113537 0.981313
1 0.314992 0.188974 0.112404 0.111767 0.98083
0 0.191091 0.188412 0.112479 0.112599 0.980324
10 0.563736 0.560806 0.112281 0.11355 0.980089
2 0.43934 0.437212 0.111521 0.111771 0.979866
12 0.191396 0.809528 0.112202 0.112179 0.979861
13 0.68763 0.313374 0.112296 0.113254 0.979795
0 0.0671494 0.0645178 0.111505 0.112298 0.979538
2 0.0675252 0.56091 0.111546 0.112411 0.979504
1 0.563483 0.437207 0.112382 0.113256 0.979495
1 0.811991 0.685142 0.113289 0.113148 0.979387
4 0.687837 0.0644902 0.111974 0.113262 0.979336
7 0.687702 0.437546 0.111459 0.11204 0.979312
0 0.43934 0.685124 0.111841 0.112349 0.979237
3 0.563476 0.188635 0.111735 0.112635 0.97921
2 0.935609 0.685535 0.112928 0.112395 0.979182
9 0.68797 0.561308 0.111984 0.111943 0.979149
11 0.687686 0.68511 0.111944 0.113774 0.979106
9 0.811606 0.0650447 0.111955 0.111885 0.979101
1 0.43926 0.313015 0.112438 0.113036 0.979007
0 0.811873 0.561229 0.112404 0.112727 0.978868
2 0.687975 0.188793 0.110966 0.111866 0.978671
0 0.0675636 0.313152 0.112262 0.113087 0.978651
4 0.936752 0.436861 0.113313 0.112933 0.978621
2 0.563621 0.313048 0.112234 0.113742 0.978397
8 0.56369 0.064871 0.112162 0.113476 0.97824
1 0.936446 0.312791 0.113479 0.112692 0.978238
11 0.812116 0.188673 0.11234 0.113829 0.978186
3 0.936396 0.561567 0.112131 0.112468 0.978055
2 0.812137 0.436851 0.112571 0.113339 0.978004
8 0.43921 0.561073 0.11229 0.112044 0.977736
8 0.687853 0.809784 0.111754 0.113145 0.977491
2 0.936079 0.188755 0.110685 0.111517 0.977302
8 0.439569 0.189261 0.11116 0.112232 0.977097
8 0.935788 0.0645491 0.110626 0.111599 0.976805
8 0.811758 0.313013 0.110655 0.111541 0.976438
2 0.811684 0.313559 0.112632 0.11238 0.020935
8 0.688165 0.932838 0.111938 0.113844 0.0156513
2 0.563713 0.0648843 0.112017 0.112205 0.0121813
2 0.439415 0.561193 0.111648 0.113781 0.00994754
2 0.439436 0.189069 0.111589 0.112127 0.0084227
1 0.0670933 0.312711 0.113187 0.112435 0.0079185
2 0.935446 0.0651343 0.113549 0.114167 0.00783842
2 0.687587 0.810116 0.112245 0.112273 0.00730397
6 0.191451 0.809758 0.111975 0.113691 0.00517873
8 0.688078 0.684718 0.110889 0.113782 0.0045753
2 0.439501 0.809746 0.11213 0.112859 0.00407879
0 0.688105 0.561142 0.111056 0.112309 0.00407624
10 0.687575 0.93375 0.111453 0.111705 0.00406407
10 0.811671 0.188613 0.110959 0.11344 0.00398816
7 0.191287 0.685035 0.111966 0.112468 0.00366085
7 0.687728 0.0646332 0.110906 0.111753 0.00351392
3 0.935877 0.809111 0.112622 0.112276 0.00343081
6 0.0669566 0.189144 0.112174 0.112991 0.00342455
6 0.191521 0.561335 0.110802 0.112315 0.00340203
1 0.811722 0.560969 0.112887 0.112798 0.00338667
0 0.936267 0.31308 0.11251 0.111632 0.00329216
5 0.687479 0.685518 0.111663 0.112099 0.00322319
3 0.439482 0.933937 0.112048 0.113349 0.00313022
5 0.687496 0.933955 0.112007 0.113008 0.00306823
11 0.439771 0.809801 0.112648 0.112608 0.00306314
9 0.687785 0.685297 0.11172 0.112457 0.00303593
1 0.191238 0.685253 0.112811 0.112864 0.00295503
13 0.935388 0.933967 0.112154 0.111518 0.00290103
5 0.935995 0.188821 0.113622 0.113917 0.00287943
3 0.811769 0.80908 0.112044 0.112865 0.00285305
1 0.688011 0.0641753 0.111308 0.113997 0.00284787
12 0.812113 0.0646192 0.112243 0.112428 0.00280623
10 0.191898 0.313331 0.111875 0.112516 0.00278052
1 0.066793 0.0636779 0.113305 0.112991 0.00274164
5 0.935818 0.685232 0.113317 0.114106 0.00262932
12 0.688105 0.561142 0.111056 0.112309 0.00260109
12 0.936153 0.561316 0.111662 0.112498 0.00257747
7 0.811595 0.932849 0.112788 0.111752 0.00249462
0 0.812274 0.684933 0.111979 0.112689 0.00248014
7 0.935961 0.436837 0.111665 0.112114 0.00240447
6 0.191287 0.685035 0.111966 0.112468 0.0024012
5 0.811492 0.437022 0.113766 0.113282 0.00237089
13 0.687476 0.933433 0.111758 0.114649 0.00236189
10 0.687665 0.685093 0.111909 0.113464 0.00233647
5 0.315368 0.561379 0.111588 0.112337 0.00232928
4 0.563646 0.561094 0.111961 0.11246 0.00225522
5 0.811556 0.189345 0.112479 0.113307 0.00223486
12 0.686839 0.437402 0.110966 0.113698 0.0022323
1 0.936283 0.436854 0.112848 0.113268 0.00222111
7 0.935817 0.933462 0.112545 0.113427 0.00221915
10 0.0670911 0.809364 0.113151 0.113684 0.00218255
8 0.813038 0.437201 0.110196 0.112403 0.00217057
3 0.315594 0.313255 0.11195 0.112716 0.00212127
13 0.191414 0.933641 0.11198 0.113249 0.00207942
1 0.811238 0.809742 0.111383 0.113327 0.00206021
3 0.191528 0.0645798 0.111863 0.113354 0.00203784
8 0.688223 0.188954 0.112867 0.113515 0.00198252
2 0.31522 0.809183 0.112052 0.112419 0.00197726
1 0.935696 0.809493 0.112606 0.113874 0.00197626
3 0.563477 0.93364 0.110798 0.11312 0.00197479
6 0.688404 0.437937 0.110243 0.112855 0.00196025
1 0.936355 0.188472 0.112666 0.112746 0.00195174
1 0.563686 0.313556 0.111499 0.112184 0.00194631
5 0.0670448 0.809414 0.113135 0.112911 0.00192524
10 0.315362 0.561323 0.111739 0.112918 0.00191461
4 0.688147 0.437162 0.112427 0.113202 0.00189694
1 0.811979 0.437846 0.109053 0.110616 0.00189408
0 0.563648 0.436751 0.112516 0.113324 0.0018611
12 0.31554 0.436692 0.110777 0.112368 0.00185637
9 0.687532 0.9338 0.111155 0.111899 0.00185109
11 0.812012 0.313588 0.112139 0.113158 0.0018313
12 0.191404 0.436684 0.110778 0.111781 0.00180671
11 0.439836 0.189204 0.11254 0.112682 0.00176808
11 0.687687 0.810025 0.111849 0.113247 0.00174772
1 0.688208 0.189028 0.113519 0.11392 0.00173039
13 0.191159 0.313422 0.111361 0.112163 0.00170655
0 0.439341 0.313323 0.111366 0.113207 0.00170643
12 0.563567 0.685014 0.112455 0.112333 0.0016927
4 0.8123 0.93402 0.111504 0.113173 0.00167564
11 0.936256 0.0648488 0.113634 0.113867 0.00167096
0 0.81296 0.0645093 0.109423 0.112657 0.00165719
1 0.439594 0.436774 0.112388 0.113777 0.00164132
3 0.811565 0.0649777 0.111278 0.112118 0.00163604
12 0.563927 0.809399 0.112362 0.11359 0.00163323
1 0.315913 0.31282 0.111907 0.1129 0.00163087
10 0.191394 0.93362 0.111845 0.113613 0.00163049
0 0.315558 0.437996 0.113364 0.113978 0.00162942
0 0.0666241 0.436444 0.114446 0.112176 0.00162523
7 0.315881 0.313459 0.112269 0.112416 0.00154531
10 0.936375 0.437201 0.112182 0.113403 0.00154404
13 0.0670448 0.809414 0.113135 0.112911 0.00154192
13 0.811529 0.933167 0.112697 0.111896 0.00153524
4 0.563613 0.437313 0.112504 0.112782 0.0015275
3 0.812375 0.437484 0.112162 0.113647 0.00151411
12 0.563476 0.188635 0.111735 0.112635 0.00147185
3 0.439601 0.437295 0.112295 0.11257 0.00146593
6 0.9361 0.561677 0.112267 0.113427 0.00145415
10 0.687605 0.0647995 0.111308 0.113211 0.0014481
4 0.81173 0.685129 0.112925 0.113037 0.00144697
1 0.191942 0.0644773 0.112172 0.113194 0.00144618
4 0.439357 0.313358 0.112528 0.113114 0.00144397
0 0.688117 0.809935 0.111536 0.112983 0.00141901
1 0.43944 0.685129 0.112068 0.112504 0.00141786
0 0.315078 0.188762 0.112169 0.112976 0.00141683
7 0.563646 0.561094 0.111961 0.11246 0.00141583
11 0.439688 0.561284 0.112621 0.112854 0.00141368
1 0.439513 0.0645542 0.11166 0.11377 0.00141169
0 0.0667439 0.934082 0.1135 0.113705 0.00139802
4 0.935817 0.933462 0.112545 0.113427 0.00138676
11 0.564036 0.0648981 0.112496 0.113436 0.00137451
0 0.191339 0.437989 0.113719 0.113807 0.00137376
8 0.935535 0.188912 0.112826 0.113534 0.00136973
4 0.315215 0.685325 0.111632 0.1118 0.0013527
3 0.935925 0.685224 0.113127 0.112956 0.00134865
0 0.315361 0.933716 0.11146 0.113038 0.00134528
0 0.563567 0.685014 0.112455 0.112333 0.00133304
3 0.191582 0.561059 0.110949 0.112397 0.00132976
8 0.688105 0.561142 0.111056 0.112309 0.00132293
3 0.688148 0.561247 0.112657 0.112312 0.00131187
3 0.563948 0.313611 0.111738 0.113858 0.00130462
3 0.191806 0.809739 0.112577 0.112288 0.00128221
1 0.936396 0.561567 0.112131 0.112468 0.00126937
3 0.0666752 0.561011 0.114568 0.112552 0.00126603
4 0.315264 0.189275 0.112158 0.113279 0.00125872
3 0.191475 0.437545 0.110914 0.111335 0.00125089
1 0.0673454 0.560753 0.112403 0.112102 0.00123728
2 0.688188 0.932801 0.113138 0.113698 0.00123447
3 0.314929 0.188894 0.111284 0.111653 0.00123251
2 0.936363 0.43684 0.113091 0.113748 0.00122682
1 0.563582 0.933588 0.113435 0.113316 0.00122396
5 0.563671 0.933874 0.113051 0.112415 0.00121875
3 0.563828 0.685629 0.112188 0.113049 0.00118718
0 0.936092 0.0647562 0.111645 0.112343 0.00117729
7 0.811769 0.80908 0.112044 0.112865 0.00117213
7 0.439482 0.933937 0.112048 0.113349 0.00116813
13 0.563099 0.561036 0.111603 0.112267 0.00116725
3 0.563964 0.810005 0.112345 0.113381 0.0011652
13 0.687479 0.685518 0.111663 0.112099 0.00116446
7 0.687984 0.313957 0.111903 0.113373 0.00116255
2 0.191238 0.685253 0.112811 0.112864 0.00115304
5 0.688208 0.189028 0.113519 0.11392 0.00114126
1 0.936044 0.685032 0.113441 0.112417 0.00110917
13 0.811556 0.189345 0.112479 0.113307 0.00110424
1 0.191091 0.188412 0.112479 0.112599 0.00108281
0 0.315162 0.685238 0.111836 0.112591 0.00107416
0 0.563867 0.809377 0.112848 0.112275 0.00106163
4 0.315361 0.933716 0.11146 0.113038 0.00105996
8 0.439422 0.436584 0.111472 0.111942 0.00104589
9 0.191628 0.933394 0.111138 0.11179 0.00104337
5 0.191414 0.933641 0.11198 0.113249 0.00104148
12 0.688142 0.313346 0.11258 0.113685 0.00102994
1 0.439489 0.933892 0.112968 0.11351 0.00102537
8 0.191164 0.313066 0.112373 0.11273 0.00102531
1 0.0668442 0.685095 0.112184 0.112887 0.00101425
10 0.688128 0.437005 0.112108 0.113511 0.0010103
6 0.936491 0.313436 0.112315 0.114847 0.0010056
