13 0.315377 0.809538 0.112516 0.11399 0.986399
13 0.935449 0.933495 0.111775 0.112054 0.985372
13 0.563815 0.809107 0.111003 0.112846 0.984666
4 0.439803 0.809268 0.111495 0.113059 0.984639
10 0.440493 0.685051 0.110937 0.111791 0.9844
8 0.315361 0.685696 0.112619 0.112191 0.984374
4 0.439036 0.934167 0.111289 0.112645 0.9841
10 0.0671047 0.561605 0.113519 0.11255 0.984026
8 0.191023 0.561725 0.110302 0.112279 0.983933
12 0.314785 0.934023 0.112646 0.111383 0.983905
13 0.0664985 0.437911 0.112819 0.11359 0.983853
11 0.56307 0.934262 0.113254 0.112286 0.983809
13 0.191188 0.313404 0.112785 0.112692 0.983478
9 0.687041 0.684908 0.111686 0.11068 0.983216
9 0.687677 0.934116 0.113181 0.111933 0.983173
13 0.190967 0.188759 0.111925 0.112587 0.983168
4 0.315018 0.561218 0.11282 0.113403 0.982976
11 0.811883 0.809343 0.113378 0.112487 0.982938
8 0.0657808 0.810299 0.112605 0.114243 0.982721
10 0.191326 0.43778 0.111977 0.112676 0.98262
9 0.935872 0.685164 0.110967 0.109813 0.982392
11 0.562484 0.0660535 0.111651 0.111297 0.982377
6 0.315709 0.437919 0.112363 0.111177 0.98226
12 0.935702 0.808814 0.109391 0.110016 0.981988
5 0.0665102 0.0658783 0.111917 0.112129 0.981967
7 0.687487 0.809382 0.112371 0.11159 0.981743
2 0.190311 0.934019 0.113229 0.111221 0.981483
12 0.563684 0.68455 0.109539 0.110848 0.98144
9 0.0662905 0.313244 0.113692 0.111767 0.981416
7 0.439123 0.189403 0.112278 0.111231 0.981266
8 0.439562 0.0648241 0.112083 0.11189 0.981259
12 0.190959 0.0642094 0.111551 0.1109 0.981228
8 0.811891 0.93376 0.112666 0.111623 0.981227
10 0.315247 0.0639534 0.112016 0.110342 0.98117
5 0.811959 0.685389 0.112342 0.110587 0.981071
9 0.0667163 0.188693 0.11366 0.113207 0.981006
8 0.315345 0.313773 0.111879 0.11375 0.980606
2 0.190891 0.68492 0.110209 0.112098 0.980133
9 0.0671821 0.933661 0.112113 0.110731 0.979834
9 0.6868 0.065005 0.112312 0.111326 0.979666
2 0.0677416 0.685107 0.11243 0.112527 0.979376
11 0.314484 0.187682 0.111357 0.113069 0.978922
9 0.93576 0.18779 0.111733 0.111651 0.978864
11 0.563406 0.437078 0.112826 0.112636 0.978567
5 0.439003 0.313181 0.111705 0.112385 0.978511
8 0.563995 0.561208 0.112807 0.112094 0.978498
6 0.563507 0.312868 0.113373 0.112601 0.978311
4 0.688481 0.437595 0.112455 0.11218 0.978258
9 0.563044 0.188644 0.111572 0.112224 0.978244
13 0.811757 0.188738 0.11287 0.111149 0.978197
4 0.9372 0.436801 0.1119 0.112855 0.978194
3 0.439426 0.561308 0.110787 0.111594 0.978176
1 0.190813 0.809977 0.111278 0.111751 0.978146
5 0.688439 0.56169 0.112793 0.11026 0.978102
2 0.68739 0.188518 0.112649 0.11392 0.978072
10 0.687808 0.313508 0.112962 0.111952 0.977995
12 0.812661 0.437146 0.111501 0.112124 0.977896
2 0.439358 0.437111 0.110632 0.112125 0.977664
6 0.813011 0.561668 0.11199 0.111153 0.977606
8 0.936477 0.561614 0.111037 0.112441 0.977491
2 0.936007 0.0645789 0.112131 0.111647 0.977452
3 0.812372 0.312565 0.111842 0.112772 0.977182
7 0.936569 0.312402 0.111906 0.112427 0.976823
0 0.812657 0.0638915 0.111757 0.111617 0.976197
5 0.314137 0.187714 0.112102 0.113352 0.0111548
9 0.811484 0.313114 0.110788 0.112297 0.00892289
12 0.686625 0.809135 0.111994 0.111945 0.00779956
8 0.191385 0.685745 0.110414 0.111433 0.00730979
7 0.811723 0.188497 0.112042 0.111878 0.00692156
0 0.68821 0.684004 0.112059 0.111331 0.00596164
0 0.688568 0.933469 0.114606 0.111839 0.00589432
2 0.935621 0.560819 0.111326 0.111003 0.0054044
7 0.936188 0.436619 0.112346 0.111622 0.00498453
8 0.811383 0.809019 0.109826 0.110159 0.00485875
8 0.688059 0.188739 0.111138 0.113617 0.00458325
8 0.688602 0.933614 0.115113 0.112039 0.00454535
1 0.813233 0.561605 0.113418 0.113759 0.00433613
0 0.563333 0.189034 0.110325 0.112343 0.00405444
8 0.06693 0.685409 0.113755 0.111355 0.00400457
1 0.438774 0.438063 0.109725 0.110532 0.00394899
6 0.56339 0.684767 0.110324 0.111819 0.00391756
8 0.563804 0.933533 0.115069 0.111487 0.00391682
12 0.936192 0.312544 0.11034 0.112792 0.00375789
2 0.440004 0.0647872 0.113872 0.111928 0.00361017
7 0.439656 0.934336 0.111155 0.111087 0.00360372
10 0.563466 0.933934 0.112401 0.112316 0.00357914
2 0.0658698 0.809594 0.112579 0.113552 0.00357483
2 0.563879 0.561182 0.112615 0.113239 0.00349222
1 0.563479 0.313148 0.112555 0.113759 0.00297624
1 0.688307 0.437757 0.111665 0.112559 0.00293632
12 0.936093 0.188631 0.111333 0.111689 0.00292213
6 0.686591 0.808795 0.112727 0.111774 0.00290688
7 0.688447 0.438023 0.11149 0.111848 0.00289777
7 0.44049 0.809669 0.11141 0.111628 0.00283566
2 0.31531 0.685154 0.11287 0.111521 0.00277576
9 0.439782 0.560808 0.111491 0.112187 0.0027754
9 0.811383 0.809019 0.109826 0.110159 0.00274017
10 0.563309 0.0648658 0.110262 0.110895 0.00272363
8 0.688178 0.684907 0.111319 0.111375 0.00270878
0 0.0670034 0.31371 0.11393 0.113456 0.00266752
8 0.190536 0.934354 0.111694 0.111086 0.00266681
3 0.315615 0.437185 0.111527 0.11051 0.0025581
1 0.93659 0.43674 0.111653 0.112937 0.00253673
4 0.936579 0.313196 0.111169 0.113552 0.0025282
3 0.56339 0.188986 0.110886 0.112862 0.00238606
12 0.811532 0.313085 0.110553 0.112438 0.00234137
11 0.0660375 0.0657538 0.112658 0.111598 0.00233735
3 0.812672 0.561195 0.110772 0.110678 0.00233684
10 0.56354 0.436649 0.11302 0.113031 0.00230347
6 0.935994 0.31323 0.111769 0.1141 0.00222009
1 0.688057 0.188304 0.113877 0.112719 0.00221923
5 0.56351 0.436941 0.113022 0.11254 0.002199
1 0.315174 0.561293 0.112765 0.112969 0.00217397
11 0.811411 0.685271 0.112571 0.109969 0.00217337
5 0.686674 0.1888 0.113509 0.113367 0.00216298
12 0.563333 0.189034 0.110325 0.112343 0.0021504
3 0.686163 0.0646528 0.112792 0.110582 0.00212259
2 0.191289 0.561307 0.109667 0.112212 0.00208041
12 0.686163 0.0646528 0.112792 0.110582 0.00206754
13 0.440739 0.685677 0.110644 0.110789 0.00205097
10 0.6882 0.56147 0.111303 0.1108 0.00204437
9 0.812452 0.0648445 0.111206 0.110767 0.00204105
0 0.811674 0.933677 0.112287 0.112158 0.00203863
1 0.93663 0.0638337 0.112291 0.111779 0.00203581
13 0.191929 0.438148 0.11152 0.112189 0.00203419
8 0.563309 0.0647378 0.110845 0.112178 0.00201541
4 0.687667 0.808993 0.112812 0.111879 0.00201486
12 0.811193 0.188977 0.111833 0.111623 0.00199156
7 0.0667049 0.436418 0.112515 0.11508 0.00197472
1 0.440163 0.809516 0.112144 0.111937 0.001973
2 0.811891 0.93376 0.112666 0.111623 0.00194286
1 0.31586 0.43676 0.110659 0.112295 0.00192141
2 0.811364 0.684874 0.11326 0.110598 0.00192134
10 0.811932 0.809451 0.112435 0.112898 0.00187717
0 0.936203 0.188638 0.111456 0.11333 0.00186512
8 0.93585 0.685413 0.107691 0.109729 0.00183606
12 0.439348 0.561237 0.111403 0.111911 0.0017834
0 0.315856 0.314049 0.111793 0.113144 0.0017693
8 0.438774 0.438063 0.109725 0.110532 0.00176184
3 0.813263 0.685072 0.11501 0.1143 0.00175966
0 0.688151 0.0649323 0.114674 0.111508 0.00175372
2 0.44009 0.809468 0.111458 0.11204 0.00174732
8 0.0670834 0.313696 0.113687 0.112523 0.00173875
0 0.812478 0.438088 0.109302 0.111459 0.00171075
5 0.811883 0.809343 0.113378 0.112487 0.00171036
1 0.191304 0.684991 0.110279 0.111446 0.00169766
1 0.190751 0.934106 0.112 0.110995 0.00168436
8 0.314422 0.188481 0.112292 0.113818 0.00167141
7 0.315317 0.561221 0.113463 0.113244 0.00166462
11 0.935449 0.933495 0.111775 0.112054 0.0016616
2 0.315454 0.313683 0.111029 0.113092 0.00165275
13 0.68778 0.313596 0.111357 0.111513 0.00164597
8 0.813389 0.063758 0.110725 0.111756 0.0016336
12 0.0674207 0.189235 0.114987 0.115739 0.00162943
7 0.811509 0.437687 0.109274 0.111452 0.00162732
1 0.438592 0.933551 0.110692 0.112521 0.0016127
3 0.563238 0.31339 0.113061 0.112783 0.00160449
5 0.688216 0.313589 0.114213 0.112868 0.00160116
11 0.19093 0.313085 0.113371 0.112094 0.00159119
10 0.935586 0.809377 0.109238 0.110839 0.00157541
7 0.191515 0.438357 0.113411 0.114665 0.00156257
12 0.0670834 0.313696 0.113687 0.112523 0.00154402
10 0.935112 0.933294 0.111439 0.111504 0.00154373
10 0.19093 0.313085 0.113371 0.112094 0.00152974
10 0.315348 0.810107 0.113138 0.112597 0.00149791
3 0.935365 0.0648772 0.112796 0.111939 0.00148406
3 0.812669 0.436366 0.10984 0.110933 0.00147885
13 0.0674255 0.562014 0.113378 0.112366 0.00145545
10 0.0658674 0.436693 0.113188 0.11227 0.00144881
7 0.686686 0.313822 0.113082 0.110269 0.00143927
6 0.936406 0.436517 0.111159 0.113446 0.00141958
5 0.563416 0.934239 0.113615 0.112214 0.0014114
11 0.065941 0.43775 0.114488 0.112599 0.00138814
5 0.935836 0.0637207 0.112272 0.112574 0.0013784
7 0.563668 0.313483 0.113615 0.112637 0.00136785
4 0.688254 0.313938 0.113438 0.113974 0.00136288
1 0.0676874 0.685218 0.112337 0.111944 0.00135788
10 0.935994 0.31323 0.111769 0.1141 0.0013416
5 0.562488 0.0660545 0.111841 0.111249 0.00133634
6 0.315393 0.5614 0.112653 0.112747 0.00131951
10 0.812478 0.438088 0.109302 0.111459 0.00131682
1 0.439929 0.561381 0.11148 0.111856 0.00131529
2 0.439036 0.934167 0.111289 0.112645 0.0013001
9 0.561622 0.064528 0.112932 0.113216 0.00129055
10 0.0664341 0.0653932 0.111247 0.111076 0.00128642
8 0.563587 0.436705 0.113754 0.112897 0.00128163
2 0.688312 0.438106 0.111551 0.113385 0.00128037
8 0.935882 0.188094 0.109609 0.112837 0.00127903
0 0.439998 0.0647627 0.111864 0.1111 0.00127506
6 0.812669 0.436366 0.10984 0.110933 0.0012742
8 0.56339 0.188986 0.110886 0.112862 0.00126247
0 0.935881 0.685493 0.107858 0.109701 0.00125414
12 0.564012 0.809616 0.111368 0.112264 0.00123862
1 0.811703 0.313025 0.111431 0.112309 0.00123762
11 0.688381 0.561265 0.11384 0.110574 0.00122588
0 0.06649 0.810386 0.112884 0.113445 0.00122517
7 0.935762 0.808773 0.108368 0.1103 0.00121896
0 0.0673785 0.18927 0.114737 0.116348 0.00119973
13 0.686703 0.808729 0.111639 0.112007 0.00118943
12 0.688178 0.684907 0.111319 0.111375 0.00118477
0 0.936449 0.56151 0.111673 0.112161 0.00117614
6 0.688698 0.438233 0.113055 0.111189 0.00117326
0 0.191513 0.561697 0.110769 0.111119 0.00115421
10 0.314631 0.187913 0.112247 0.112699 0.00115106
7 0.06719 0.561039 0.11258 0.113764 0.00115102
10 0.811614 0.685485 0.111126 0.111193 0.00114901
0 0.18982 0.809165 0.112273 0.11269 0.00114594
11 0.190918 0.188507 0.11234 0.112525 0.00113829
8 0.935859 0.0648795 0.11303 0.111788 0.00112913
10 0.190918 0.188507 0.11234 0.112525 0.00112427
3 0.688381 0.561265 0.11384 0.110574 0.00112046
4 0.315122 0.0642416 0.112083 0.110929 0.00111603
12 0.19121 0.311724 0.113097 0.112956 0.00111535
12 0.688559 0.933916 0.114027 0.111591 0.00111338
0 0.563842 0.560927 0.11407 0.112971 0.00111209
2 0.813126 0.313534 0.10978 0.111491 0.00110404
4 0.191561 0.437578 0.112461 0.113553 0.00110283
10 0.688312 0.438106 0.111551 0.113385 0.00108204
7 0.315709 0.437919 0.112363 0.111177 0.00107841
13 0.93571 0.809022 0.108666 0.110632 0.00107217
11 0.936187 0.561366 0.108261 0.111728 0.001072
4 0.43949 0.189027 0.112406 0.11223 0.00105771
2 0.688695 0.561605 0.113005 0.111345 0.00104834
13 0.811932 0.809451 0.112435 0.112898 0.00103753
10 0.936344 0.437269 0.110952 0.113525 0.00103377
12 0.0672662 0.43805 0.111061 0.11418 0.00103349
2 0.315317 0.561221 0.113463 0.113244 0.0010294
12 0.0672564 0.933978 0.113082 0.112847 0.00102388
2 0.936344 0.437269 0.110952 0.113525 0.00102116
7 0.81304 0.561888 0.111926 0.11125 0.00101987
11 0.315541 0.8094 0.113844 0.114183 0.00100499
5 0.0674455 0.685154 0.113176 0.112961 0.00100377
