12 0.316014 0.809745 0.111126 0.112189 0.987236
7 0.935721 0.933896 0.113384 0.11298 0.986906
7 0.439921 0.933863 0.112677 0.112938 0.986899
13 0.439664 0.809555 0.112341 0.112985 0.986528
2 0.563694 0.809695 0.112315 0.112875 0.986163
7 0.563881 0.933612 0.111819 0.112886 0.98588
7 0.936363 0.80933 0.112502 0.112115 0.985361
13 0.687936 0.933927 0.112298 0.113974 0.985219
4 0.315805 0.934082 0.112249 0.112613 0.984951
10 0.315397 0.0647448 0.110688 0.112526 0.984892
7 0.0670381 0.31367 0.113092 0.112962 0.984885
7 0.067372 0.809604 0.112873 0.112886 0.984835
1 0.191582 0.80949 0.1113 0.112162 0.984533
7 0.191335 0.437781 0.112105 0.112064 0.984196
9 0.0667645 0.561681 0.113862 0.113605 0.984021
7 0.688112 0.809349 0.111697 0.112614 0.983802
1 0.0669236 0.68581 0.111475 0.110925 0.983457
7 0.191404 0.189299 0.111642 0.11216 0.983444
13 0.0669881 0.437926 0.112782 0.112392 0.983377
3 0.315379 0.189253 0.112268 0.112559 0.983289
0 0.191425 0.685364 0.111969 0.110957 0.98325
6 0.439186 0.0644886 0.111398 0.113548 0.983205
13 0.563814 0.685184 0.111446 0.112855 0.982982
1 0.191347 0.561667 0.112223 0.112804 0.982873
7 0.811852 0.810033 0.112642 0.112527 0.982619
3 0.31598 0.437553 0.111687 0.11337 0.982593
1 0.811854 0.933598 0.111743 0.112139 0.982511
5 0.191461 0.065465 0.111728 0.11278 0.982505
4 0.31596 0.685639 0.111805 0.112044 0.982499
3 0.316334 0.561953 0.111851 0.11303 0.982155
10 0.067547 0.0649961 0.114141 0.113608 0.981677
6 0.440002 0.188881 0.111572 0.112914 0.981059
3 0.440325 0.561582 0.11189 0.113558 0.980888
8 0.687771 0.190103 0.112878 0.112633 0.980838
12 0.936317 0.685611 0.112363 0.112782 0.980832
8 0.31512 0.313344 0.112091 0.112446 0.980798
0 0.191205 0.933421 0.112131 0.112856 0.980699
8 0.0669903 0.190015 0.11322 0.112934 0.98067
12 0.563463 0.189453 0.111053 0.112606 0.98033
10 0.439301 0.437106 0.111958 0.111419 0.980249
4 0.0676453 0.933286 0.113187 0.113244 0.980215
13 0.439177 0.313381 0.112377 0.112138 0.979849
8 0.191243 0.313378 0.111582 0.112808 0.979795
13 0.81183 0.0647288 0.112165 0.113121 0.979659
10 0.687996 0.437008 0.112033 0.113516 0.979624
4 0.563802 0.43687 0.11198 0.113607 0.979592
5 0.56353 0.561344 0.112268 0.11363 0.979466
0 0.439205 0.685217 0.111582 0.111986 0.97943
10 0.812473 0.436886 0.111719 0.113182 0.97931
13 0.81207 0.685604 0.112505 0.113078 0.979155
9 0.687905 0.0646058 0.11116 0.113503 0.979004
1 0.812318 0.18851 0.111684 0.11264 0.978961
11 0.68757 0.561296 0.112155 0.113634 0.978928
10 0.936799 0.561251 0.112871 0.113769 0.978817
3 0.687753 0.685452 0.111098 0.112265 0.97863
3 0.68781 0.313421 0.111204 0.111734 0.978599
0 0.935855 0.436844 0.113269 0.112328 0.978461
2 0.563637 0.312924 0.112016 0.111884 0.978342
3 0.811776 0.312763 0.111333 0.112073 0.978216
4 0.936765 0.0644404 0.113587 0.114365 0.977993
8 0.812197 0.561287 0.112643 0.113361 0.977886
4 0.937171 0.312519 0.112728 0.113327 0.977715
0 0.563572 0.0645793 0.112509 0.114048 0.977625
0 0.936034 0.188407 0.1129 0.111123 0.977588
3 0.563936 0.314033 0.112904 0.112956 0.0093174
3 0.564125 0.809354 0.11133 0.112912 0.00893818
10 0.686815 0.561315 0.110227 0.111466 0.00776906
7 0.0670423 0.436617 0.111881 0.112869 0.00593533
12 0.811393 0.809963 0.112148 0.11278 0.00556957
2 0.688156 0.189012 0.112757 0.113397 0.0053411
4 0.688148 0.437484 0.111616 0.114125 0.00513706
9 0.687879 0.190146 0.112716 0.112497 0.00508234
0 0.812501 0.188575 0.111213 0.113197 0.00396371
1 0.563795 0.437244 0.111877 0.113049 0.00393894
11 0.81221 0.561022 0.11088 0.113338 0.00380988
7 0.688148 0.437484 0.111616 0.114125 0.00369791
1 0.936954 0.312707 0.112732 0.113411 0.00365855
2 0.811956 0.56135 0.112878 0.11258 0.00364635
10 0.191154 0.0647174 0.111754 0.112256 0.00346103
11 0.688291 0.189181 0.112435 0.113186 0.00342642
5 0.812606 0.437653 0.111245 0.112303 0.00337724
1 0.936729 0.0649904 0.1125 0.114135 0.00325791
1 0.563869 0.0639245 0.111849 0.11374 0.00316807
9 0.191092 0.313625 0.111865 0.112116 0.00316297
0 0.68827 0.0648709 0.109208 0.112282 0.00306562
6 0.9362 0.0654727 0.112606 0.113678 0.00295554
12 0.935955 0.809518 0.112669 0.113015 0.002892
2 0.81304 0.313213 0.110018 0.11165 0.00285164
11 0.0671704 0.188629 0.112673 0.11314 0.00273694
1 0.066783 0.934123 0.113181 0.112869 0.00273607
1 0.315805 0.934082 0.112249 0.112613 0.00262768
6 0.0672966 0.934263 0.111605 0.112066 0.00260844
12 0.687816 0.313208 0.110702 0.111545 0.00259386
4 0.688318 0.685499 0.111494 0.112972 0.00249792
6 0.563673 0.189187 0.111492 0.113395 0.00248764
0 0.811618 0.932907 0.113391 0.112258 0.00242097
12 0.811289 0.685566 0.111618 0.112931 0.00239787
1 0.31596 0.685639 0.111805 0.112044 0.00234902
10 0.687009 0.933487 0.112064 0.112159 0.00226347
7 0.936808 0.313178 0.112609 0.112588 0.00226148
2 0.688173 0.313689 0.110695 0.11145 0.00224582
2 0.066559 0.189934 0.114082 0.112048 0.00224072
4 0.0676273 0.0649677 0.112018 0.114053 0.00219056
6 0.564105 0.437342 0.111539 0.112698 0.00216283
2 0.31596 0.685639 0.111805 0.112044 0.00213578
4 0.19185 0.437986 0.111024 0.112611 0.00212612
7 0.812308 0.065198 0.112415 0.114138 0.00208849
4 0.563278 0.933597 0.112747 0.113358 0.0020801
6 0.316095 0.933951 0.110384 0.112073 0.0020707
10 0.0662847 0.437714 0.11399 0.111688 0.00205912
8 0.68827 0.0648709 0.109208 0.112282 0.00205393
12 0.439993 0.809659 0.112348 0.112621 0.00204605
12 0.686791 0.809795 0.110482 0.112241 0.00203916
2 0.563795 0.437244 0.111877 0.113049 0.00203735
10 0.191371 0.43791 0.11119 0.112975 0.00202604
2 0.936954 0.312707 0.112732 0.113411 0.00202408
7 0.9362 0.0654727 0.112606 0.113678 0.00201838
12 0.935673 0.933445 0.112678 0.112315 0.00201036
6 0.936808 0.313178 0.112609 0.112588 0.00195513
4 0.439363 0.437252 0.111311 0.112564 0.00194996
2 0.066783 0.934123 0.113181 0.112869 0.00193207
12 0.68827 0.0648709 0.109208 0.112282 0.0019277
6 0.811746 0.312899 0.111768 0.114165 0.00189759
8 0.563528 0.313268 0.11272 0.113488 0.00187878
7 0.315157 0.0649836 0.111222 0.113268 0.00185069
1 0.439851 0.685046 0.112009 0.112516 0.00184919
7 0.439363 0.437252 0.111311 0.112564 0.00184737
12 0.439613 0.312997 0.111843 0.112906 0.00183799
9 0.686711 0.561019 0.110775 0.112735 0.00182842
13 0.439489 0.437422 0.111822 0.111519 0.00182837
9 0.936217 0.188693 0.113158 0.112658 0.00180133
9 0.688228 0.933089 0.112893 0.113104 0.00177587
4 0.688149 0.313449 0.111548 0.113055 0.00177029
5 0.688115 0.437308 0.112703 0.113282 0.00176881
11 0.191185 0.313046 0.111586 0.111302 0.00173067
4 0.43989 0.933823 0.112732 0.113278 0.00172712
0 0.688157 0.189329 0.113452 0.114506 0.00172625
3 0.564105 0.437342 0.111539 0.112698 0.00170441
4 0.811854 0.933598 0.111743 0.112139 0.00169785
4 0.315157 0.0649836 0.111222 0.113268 0.00169742
9 0.315171 0.313853 0.113007 0.113097 0.00168199
10 0.0673589 0.313691 0.113477 0.114055 0.00168167
7 0.0676273 0.0649677 0.112018 0.114053 0.00167752
7 0.0672966 0.934263 0.111605 0.112066 0.00167349
8 0.688072 0.561198 0.112638 0.114394 0.00167118
5 0.688204 0.313297 0.111471 0.11179 0.00165342
7 0.813069 0.437339 0.110067 0.114066 0.00164003
9 0.812208 0.561541 0.113551 0.114536 0.00163992
0 0.813024 0.561862 0.112634 0.114899 0.00163793
13 0.687708 0.437408 0.111751 0.11168 0.00159754
13 0.811442 0.809666 0.111595 0.113141 0.00157849
2 0.191092 0.313625 0.111865 0.112116 0.00157551
11 0.688257 0.933122 0.114421 0.113282 0.00157544
2 0.688359 0.685862 0.111135 0.112316 0.00154946
4 0.812655 0.313295 0.112376 0.113046 0.00152694
12 0.687391 0.93413 0.110962 0.11154 0.00152666
3 0.936808 0.313178 0.112609 0.112588 0.00152072
2 0.813085 0.932831 0.111247 0.112871 0.00151246
2 0.315805 0.934082 0.112249 0.112613 0.00150254
9 0.81304 0.313213 0.110018 0.11165 0.00150241
0 0.315535 0.3138 0.111078 0.112963 0.00148426
4 0.439967 0.561326 0.112123 0.112691 0.00147283
5 0.688381 0.685437 0.111319 0.112659 0.00145507
0 0.191442 0.31382 0.110258 0.112709 0.00143542
7 0.439664 0.809555 0.112341 0.112985 0.00142488
9 0.066559 0.189934 0.114082 0.112048 0.00142167
3 0.439969 0.0645864 0.111234 0.11379 0.00142118
10 0.563867 0.56125 0.111588 0.113523 0.00140176
6 0.316254 0.43797 0.112472 0.113948 0.00139452
3 0.439179 0.188966 0.11137 0.11297 0.00138083
0 0.191282 0.561409 0.112166 0.113025 0.00137792
2 0.812947 0.188435 0.110175 0.113103 0.00137734
3 0.9362 0.0654727 0.112606 0.113678 0.00137335
12 0.439967 0.561326 0.112123 0.112691 0.00136585
6 0.811442 0.809666 0.111595 0.113141 0.00136324
4 0.0666203 0.313487 0.113935 0.112615 0.00136086
7 0.316095 0.933951 0.110384 0.112073 0.00135436
12 0.811746 0.312899 0.111768 0.114165 0.0013513
4 0.81212 0.18898 0.110918 0.112069 0.00135081
3 0.316407 0.685556 0.110689 0.1114 0.0013388
1 0.563611 0.312883 0.112273 0.113768 0.00133671
7 0.812119 0.685279 0.112028 0.113488 0.00133302
13 0.935951 0.561163 0.110901 0.112066 0.00132575
4 0.316254 0.43797 0.112472 0.113948 0.00132395
6 0.688293 0.809634 0.112245 0.113524 0.00131848
7 0.316407 0.685556 0.110689 0.1114 0.00130518
2 0.316517 0.438002 0.112375 0.112744 0.0013026
12 0.563746 0.685531 0.111452 0.11215 0.00129357
2 0.936729 0.0649904 0.1125 0.114135 0.00129201
7 0.563814 0.685184 0.111446 0.112855 0.00129177
13 0.811599 0.437071 0.110505 0.112395 0.00127698
4 0.812424 0.437589 0.110902 0.112502 0.00125737
12 0.0670423 0.436617 0.111881 0.112869 0.00123053
1 0.564007 0.809255 0.112693 0.113129 0.00122952
12 0.811279 0.0645078 0.11244 0.112813 0.00122686
0 0.0674577 0.561189 0.111324 0.116685 0.00122407
2 0.315016 0.31367 0.112491 0.112685 0.00122185
0 0.0667593 0.68541 0.111773 0.111163 0.00122016
0 0.191525 0.809715 0.111584 0.112725 0.001198
6 0.316407 0.685556 0.110689 0.1114 0.00119777
4 0.191347 0.561667 0.112223 0.112804 0.00119386
5 0.563563 0.80973 0.111913 0.111912 0.00119061
5 0.813071 0.313161 0.112017 0.111259 0.00118964
1 0.687991 0.313018 0.110685 0.111644 0.0011839
4 0.0666319 0.809183 0.111832 0.112787 0.00117207
9 0.935834 0.437072 0.113052 0.112333 0.00115878
4 0.563673 0.189187 0.111492 0.113395 0.00115785
11 0.688295 0.0644129 0.110005 0.111786 0.00115508
6 0.191311 0.438018 0.112041 0.111984 0.00114483
5 0.93643 0.313122 0.111758 0.112607 0.00114345
9 0.936581 0.561471 0.112512 0.112878 0.00113563
0 0.0677031 0.189655 0.111049 0.113482 0.00113437
3 0.936052 0.685444 0.112861 0.115028 0.00113415
5 0.688271 0.561504 0.11146 0.112152 0.00112947
7 0.439374 0.313793 0.111712 0.113221 0.00111837
7 0.936255 0.561048 0.111704 0.113642 0.00109372
1 0.687753 0.685452 0.111098 0.112265 0.00108516
7 0.564105 0.437342 0.111539 0.112698 0.00108373
6 0.439967 0.561326 0.112123 0.112691 0.00108203
1 0.315643 0.561516 0.112073 0.112249 0.00106952
8 0.0676905 0.561135 0.111267 0.116602 0.00106309
1 0.812104 0.312591 0.111983 0.112779 0.00103806
1 0.440074 0.561219 0.111822 0.11245 0.00103531
12 0.315408 0.188557 0.111319 0.112287 0.00103483
4 0.316119 0.189346 0.111599 0.112481 0.00102792
4 0.191582 0.80949 0.1113 0.112162 0.0010217
11 0.811809 0.685658 0.113265 0.112798 0.00101604
12 0.688131 0.438068 0.110507 0.112944 0.00101264
7 0.936078 0.685267 0.111578 0.114898 0.00101007
12 0.439881 0.437537 0.112158 0.112461 0.00100458
