7 0.93568 0.933966 0.113202 0.112834 0.986986
7 0.31519 0.0649408 0.111984 0.111606 0.986678
9 0.563278 0.933667 0.111619 0.113913 0.98663
5 0.316051 0.809575 0.111184 0.112866 0.986242
3 0.315772 0.934205 0.112979 0.113839 0.985989
2 0.563564 0.809682 0.112619 0.113035 0.9859
9 0.687549 0.93384 0.112453 0.113889 0.985587
5 0.439016 0.0657211 0.110965 0.11208 0.985509
5 0.0674568 0.685584 0.112154 0.112732 0.984787
8 0.439498 0.809665 0.112161 0.112391 0.984625
3 0.439794 0.685336 0.11356 0.113829 0.984416
6 0.066891 0.933867 0.113207 0.113954 0.984082
10 0.191589 0.809252 0.111886 0.112322 0.984048
11 0.439574 0.934424 0.112197 0.113725 0.984038
8 0.563784 0.685344 0.111579 0.112552 0.983697
3 0.936284 0.809841 0.112459 0.114284 0.983678
10 0.191688 0.933586 0.112145 0.113561 0.983505
4 0.315505 0.685661 0.112339 0.112299 0.983183
2 0.68765 0.0653393 0.111525 0.112747 0.983126
13 0.191356 0.313857 0.111725 0.113023 0.982927
8 0.191066 0.68538 0.112712 0.112681 0.98281
2 0.81158 0.934075 0.112276 0.113059 0.9827
6 0.563171 0.0648305 0.111419 0.113259 0.982604
2 0.0670093 0.438005 0.113299 0.113374 0.982443
3 0.191965 0.437732 0.111578 0.113131 0.982395
5 0.315571 0.18956 0.11183 0.112861 0.982291
12 0.315587 0.31364 0.112172 0.113241 0.982243
8 0.190889 0.0653932 0.11247 0.111771 0.982212
11 0.315116 0.436822 0.111059 0.111962 0.982105
12 0.0672985 0.561701 0.112339 0.112645 0.982051
12 0.687867 0.810206 0.111793 0.112908 0.982036
8 0.0671176 0.809381 0.113343 0.113626 0.981832
6 0.935944 0.0649102 0.112689 0.11362 0.981816
2 0.0668771 0.189803 0.113071 0.113221 0.981791
11 0.191274 0.561007 0.111304 0.112339 0.981694
2 0.31511 0.561135 0.111986 0.112738 0.981579
2 0.811863 0.809719 0.112759 0.113112 0.981554
3 0.439518 0.313459 0.110539 0.11254 0.981442
8 0.812009 0.0653725 0.112614 0.112607 0.981178
10 0.0674188 0.06494 0.113791 0.113177 0.980971
6 0.936305 0.685239 0.11253 0.112819 0.980876
4 0.439443 0.561054 0.112177 0.112535 0.98059
2 0.563362 0.189687 0.11188 0.113099 0.980381
12 0.0673048 0.313244 0.11231 0.112571 0.980325
10 0.439183 0.437242 0.112094 0.111817 0.980317
13 0.563354 0.437343 0.11277 0.114013 0.97986
7 0.81249 0.685234 0.112233 0.111681 0.979834
5 0.439071 0.18899 0.111977 0.11297 0.97969
13 0.56355 0.313229 0.112325 0.113497 0.979612
8 0.191237 0.189272 0.111916 0.112789 0.979595
10 0.687776 0.561151 0.111975 0.113103 0.979573
6 0.687993 0.437144 0.11279 0.113167 0.979186
10 0.812321 0.312792 0.112319 0.113334 0.979096
4 0.687927 0.312602 0.112568 0.113703 0.978756
9 0.935942 0.188798 0.112689 0.113039 0.97875
12 0.563956 0.561096 0.111735 0.113434 0.978711
0 0.811476 0.561342 0.112435 0.112139 0.97869
12 0.687582 0.685264 0.111486 0.111772 0.978468
0 0.687712 0.188787 0.112183 0.112616 0.977903
2 0.812129 0.188778 0.11247 0.113447 0.977829
2 0.936214 0.561351 0.113003 0.113573 0.977585
7 0.936296 0.43713 0.11322 0.113761 0.97748
8 0.812244 0.437054 0.112121 0.113238 0.97718
8 0.936138 0.312998 0.112692 0.11257 0.976936
8 0.811618 0.93342 0.112384 0.11308 0.0159525
9 0.811873 0.437728 0.11342 0.112766 0.0147118
8 0.688423 0.933678 0.112822 0.113005 0.0141926
3 0.8118 0.190018 0.112908 0.11237 0.0137402
9 0.935405 0.313851 0.114076 0.112746 0.0115474
3 0.564017 0.809343 0.111734 0.113049 0.00996791
3 0.812152 0.810041 0.111984 0.112349 0.00931919
3 0.564057 0.18987 0.112495 0.112701 0.00670593
10 0.315328 0.436551 0.111294 0.11338 0.00629723
5 0.0666958 0.188264 0.113321 0.11345 0.00611195
3 0.688069 0.065544 0.112199 0.112732 0.00600075
9 0.563846 0.685089 0.11174 0.112943 0.00567336
10 0.687236 0.933666 0.112328 0.113738 0.00565694
12 0.811473 0.685439 0.111707 0.112657 0.00564298
10 0.562867 0.933412 0.111573 0.114111 0.00533516
5 0.81195 0.313779 0.112448 0.112336 0.00513412
9 0.811689 0.0656824 0.112295 0.112345 0.00470662
11 0.812238 0.436627 0.110665 0.112989 0.00455771
10 0.439236 0.188952 0.111525 0.112316 0.00443505
0 0.688423 0.933678 0.112822 0.113005 0.00440389
6 0.0671174 0.312909 0.113043 0.112972 0.0043038
3 0.811623 0.934303 0.111757 0.112233 0.00422489
10 0.439592 0.0647255 0.110709 0.11136 0.00419964
8 0.688175 0.0649286 0.111119 0.113755 0.0040732
12 0.563423 0.436955 0.111581 0.112422 0.00393855
7 0.68813 0.561529 0.11146 0.113864 0.00392245
11 0.564051 0.685335 0.110872 0.113265 0.00359041
2 0.564254 0.685509 0.111877 0.112384 0.00347837
1 0.687633 0.312747 0.112232 0.11352 0.00346714
5 0.0669762 0.436594 0.1128 0.112952 0.00330826
1 0.439795 0.561605 0.112311 0.112544 0.00330263
4 0.68813 0.561529 0.11146 0.113864 0.00330067
3 0.0662237 0.18968 0.114729 0.112964 0.00324785
2 0.812384 0.436782 0.11089 0.113743 0.00313645
3 0.315698 0.561553 0.112498 0.113374 0.00299125
11 0.191799 0.0645552 0.11118 0.111736 0.00285274
2 0.44006 0.809811 0.112564 0.112804 0.0027976
12 0.935947 0.437 0.113321 0.113386 0.0027864
8 0.813017 0.189498 0.110672 0.112994 0.00278306
4 0.06752 0.0648176 0.111949 0.113861 0.00272151
6 0.563854 0.561419 0.111655 0.113051 0.00258004
4 0.192191 0.438052 0.111952 0.113521 0.00255545
8 0.563926 0.933578 0.112623 0.112955 0.00246822
6 0.067204 0.5615 0.113051 0.113055 0.00245534
6 0.688087 0.313236 0.112178 0.112876 0.00238367
1 0.811467 0.560938 0.113115 0.112295 0.00235089
2 0.439795 0.561605 0.112311 0.112544 0.00232931
11 0.811976 0.0653261 0.111421 0.113283 0.0023046
2 0.191295 0.685506 0.112596 0.113273 0.00229884
5 0.811526 0.189011 0.112916 0.112694 0.00229649
8 0.811555 0.809655 0.112214 0.113558 0.00227241
4 0.81195 0.313779 0.112448 0.112336 0.00226109
1 0.315505 0.685661 0.112339 0.112299 0.00222366
0 0.688277 0.685592 0.111187 0.112228 0.00219542
11 0.439914 0.809742 0.111334 0.113384 0.00218196
2 0.811976 0.0653261 0.111421 0.113283 0.00217278
3 0.0664913 0.437799 0.114436 0.113378 0.00215306
3 0.936069 0.56125 0.112947 0.112446 0.00213584
2 0.935894 0.313753 0.113395 0.11357 0.00213119
13 0.687521 0.561048 0.110952 0.112018 0.0020823
12 0.936118 0.809556 0.11175 0.112962 0.00207469
1 0.0673807 0.438018 0.111927 0.111501 0.00206896
0 0.811291 0.438025 0.109072 0.112829 0.00206547
10 0.191205 0.560904 0.111927 0.113348 0.00204896
11 0.811618 0.93342 0.112384 0.11308 0.00203752
12 0.935702 0.933348 0.113134 0.112179 0.00201643
11 0.191487 0.685264 0.110781 0.112679 0.00200435
5 0.811458 0.809786 0.113452 0.11272 0.00199725
12 0.44017 0.313095 0.111421 0.111953 0.0019885
3 0.688267 0.436676 0.112491 0.113068 0.00198199
5 0.191323 0.809185 0.112372 0.112065 0.00197593
3 0.936305 0.685239 0.11253 0.112819 0.00197262
3 0.563983 0.0647803 0.111203 0.113463 0.00193376
13 0.439413 0.437542 0.111845 0.111501 0.00191873
2 0.315505 0.685661 0.112339 0.112299 0.00189398
6 0.192191 0.438052 0.111952 0.113521 0.00187735
10 0.315031 0.189139 0.11292 0.112087 0.00186062
6 0.315632 0.313109 0.112133 0.113124 0.00184224
13 0.811538 0.685095 0.111392 0.113192 0.00183317
8 0.563477 0.189186 0.112244 0.113263 0.00180217
7 0.06752 0.0648176 0.111949 0.113861 0.00178291
9 0.439699 0.809167 0.111953 0.113323 0.00177551
3 0.440062 0.561562 0.111473 0.112315 0.001774
3 0.688087 0.313236 0.112178 0.112876 0.00175748
11 0.0676718 0.809627 0.112383 0.11416 0.00175186
12 0.563465 0.313087 0.112206 0.111859 0.00171348
0 0.688317 0.809879 0.111993 0.112228 0.00170554
2 0.192352 0.438085 0.111669 0.112913 0.00170464
9 0.190889 0.0653932 0.11247 0.111771 0.00166985
7 0.439242 0.4374 0.111434 0.112851 0.00166866
2 0.0670616 0.809771 0.113739 0.113301 0.00165662
9 0.190773 0.189782 0.112619 0.111898 0.00165061
1 0.688165 0.0646037 0.112717 0.113986 0.00164133
1 0.811526 0.189011 0.112916 0.112694 0.00163617
5 0.688099 0.561133 0.111737 0.112641 0.00163218
0 0.935405 0.313851 0.114076 0.112746 0.0016273
3 0.936484 0.0648558 0.112482 0.113918 0.00161705
13 0.191781 0.933751 0.112207 0.111735 0.00159703
6 0.687706 0.685806 0.11224 0.112545 0.00159581
2 0.687633 0.312747 0.112232 0.11352 0.00156021
6 0.440062 0.561562 0.111473 0.112315 0.00154627
7 0.191778 0.933307 0.113068 0.113767 0.0015453
7 0.563452 0.436988 0.111984 0.113325 0.00151803
11 0.687521 0.933691 0.111494 0.111726 0.00150587
2 0.191228 0.18979 0.112536 0.112914 0.0015021
4 0.439242 0.4374 0.111434 0.112851 0.0014879
7 0.191359 0.80909 0.111725 0.112339 0.00147747
6 0.44017 0.313095 0.111421 0.111953 0.0014536
13 0.936948 0.436472 0.11168 0.112401 0.00145118
7 0.688087 0.313236 0.112178 0.112876 0.00144768
6 0.811538 0.685095 0.111392 0.113192 0.00142605
12 0.935923 0.188985 0.112543 0.113344 0.00140899
8 0.314746 0.437925 0.112739 0.113706 0.00136412
12 0.439951 0.685116 0.111802 0.112444 0.0013612
1 0.315496 0.560896 0.112562 0.113531 0.00135011
0 0.935192 0.18885 0.11311 0.113551 0.00134629
3 0.316042 0.68558 0.111168 0.111851 0.00134556
1 0.936452 0.809666 0.111736 0.112463 0.00134222
11 0.563954 0.933577 0.112125 0.112995 0.00134209
13 0.811557 0.313 0.111661 0.112648 0.00134163
4 0.440216 0.313577 0.11208 0.112402 0.00133823
5 0.439872 0.933753 0.110649 0.112923 0.00133316
1 0.688172 0.437051 0.11166 0.113669 0.00133183
11 0.191195 0.188806 0.111763 0.111869 0.00132271
1 0.936388 0.561224 0.113449 0.113174 0.00132164
7 0.316042 0.68558 0.111168 0.111851 0.00129388
8 0.0670373 0.438118 0.112588 0.112748 0.00129102
8 0.936069 0.56125 0.112947 0.112446 0.00129015
7 0.563365 0.314002 0.112092 0.113705 0.00128185
1 0.687966 0.188032 0.111946 0.112689 0.00127968
1 0.812218 0.80936 0.113195 0.11328 0.00125648
3 0.687789 0.685525 0.113085 0.113242 0.00125544
6 0.688314 0.810024 0.111952 0.1126 0.00125458
10 0.0666619 0.685439 0.11192 0.112462 0.00124575
6 0.936606 0.437935 0.111415 0.115267 0.00124239
1 0.563961 0.809312 0.112932 0.113063 0.0012388
13 0.935727 0.933026 0.112263 0.112931 0.00123777
6 0.936151 0.80991 0.111376 0.114075 0.00122393
3 0.688002 0.81003 0.113194 0.113531 0.00120194
3 0.56362 0.561093 0.11208 0.113532 0.00118967
0 0.563605 0.561407 0.110939 0.111506 0.00118896
13 0.191224 0.809556 0.111738 0.11169 0.00118306
7 0.439676 0.561026 0.112765 0.113551 0.00117205
4 0.439755 0.685334 0.111965 0.113272 0.00115983
1 0.440041 0.312908 0.111041 0.112001 0.00114829
5 0.56332 0.188689 0.111926 0.112554 0.00114141
5 0.688165 0.0646037 0.112717 0.113986 0.00113942
5 0.935889 0.56132 0.113202 0.114091 0.00113894
10 0.439903 0.934093 0.112602 0.113903 0.00113584
2 0.191366 0.0652876 0.11222 0.113104 0.00113559
8 0.688077 0.188633 0.112078 0.112014 0.00113558
7 0.811608 0.312832 0.111471 0.113111 0.00112627
10 0.811538 0.685095 0.111392 0.113192 0.0011123
1 0.563486 0.188811 0.111517 0.113445 0.0011122
4 0.316011 0.933828 0.111606 0.113642 0.00109065
9 0.315266 0.436714 0.11059 0.112246 0.00108717
7 0.935904 0.0646345 0.113156 0.114234 0.00105814
3 0.0673885 0.561145 0.111911 0.114213 0.00105544
10 0.315269 0.809383 0.112895 0.112434 0.00104802
5 0.563844 0.810015 0.112348 0.112768 0.00104023
0 0.191576 0.065081 0.110504 0.112124 0.00103786
1 0.812233 0.9336 0.112096 0.1132 0.00103734
7 0.563658 0.0649985 0.111404 0.111744 0.00103626
5 0.439475 0.561098 0.11235 0.11265 0.00102811
10 0.191015 0.313468 0.1116 0.112707 0.00102551
1 0.439538 0.685224 0.1114 0.11247 0.00102362
12 0.439667 0.43763 0.1124 0.112513 0.00102239
12 0.191361 0.313062 0.11157 0.111862 0.00101399
1 0.191703 0.437764 0.111439 0.111802 0.0010025
