3 0.563234 0.934339 0.113338 0.114573 0.987492
2 0.439286 0.934261 0.112733 0.113388 0.986228
3 0.31515 0.0649521 0.112212 0.112809 0.985605
7 0.315514 0.685178 0.112184 0.111799 0.985448
0 0.935894 0.933237 0.112706 0.111392 0.985237
6 0.563967 0.809521 0.111652 0.113362 0.985134
13 0.439026 0.0651174 0.112222 0.113576 0.985128
6 0.191875 0.809374 0.111494 0.112339 0.984465
6 0.0672391 0.80953 0.11274 0.113316 0.984126
5 0.316118 0.561694 0.111487 0.113025 0.983929
3 0.936146 0.809896 0.112948 0.114583 0.983503
3 0.439262 0.189308 0.112375 0.113394 0.983272
4 0.315666 0.43676 0.112594 0.11253 0.983235
9 0.190879 0.313255 0.112797 0.113309 0.982854
0 0.688211 0.933326 0.112062 0.113043 0.982702
10 0.315106 0.18903 0.112523 0.111339 0.982619
11 0.315556 0.934209 0.111269 0.113395 0.982512
2 0.0669441 0.685643 0.112607 0.113445 0.982347
8 0.0669382 0.437417 0.11326 0.113647 0.982322
0 0.19117 0.685181 0.112278 0.112082 0.982312
1 0.812225 0.933414 0.111878 0.113311 0.98223
10 0.191179 0.43701 0.1126 0.111176 0.982082
3 0.811867 0.0653349 0.112418 0.113823 0.982057
4 0.191884 0.56086 0.112712 0.112243 0.981948
7 0.936113 0.685381 0.112932 0.112339 0.981934
2 0.191329 0.0651833 0.111885 0.112884 0.981761
2 0.314958 0.313018 0.112313 0.11331 0.981546
1 0.563711 0.684895 0.111664 0.112983 0.981461
11 0.0665147 0.31289 0.11277 0.11289 0.981197
4 0.563652 0.0650651 0.111448 0.112751 0.981141
1 0.439665 0.809816 0.112398 0.112954 0.981057
10 0.439309 0.437017 0.112127 0.111715 0.980995
11 0.811653 0.810343 0.112787 0.113283 0.980973
1 0.0668394 0.189165 0.112273 0.112731 0.980855
11 0.191903 0.933154 0.112196 0.113189 0.980474
1 0.0670481 0.934103 0.113701 0.11454 0.980006
13 0.68708 0.189209 0.112051 0.112899 0.979943
4 0.439647 0.685742 0.11264 0.112741 0.979874
10 0.563642 0.43696 0.111756 0.11354 0.979765
8 0.191227 0.189079 0.111979 0.112638 0.979752
1 0.439287 0.561291 0.113249 0.114017 0.979743
6 0.563751 0.189064 0.112273 0.113722 0.979629
11 0.688075 0.809746 0.112116 0.113501 0.979596
0 0.315345 0.809313 0.112092 0.11216 0.9794
10 0.936166 0.188733 0.112466 0.113689 0.979097
5 0.563378 0.313021 0.111751 0.113279 0.979031
12 0.564068 0.561524 0.112588 0.112296 0.979019
1 0.687705 0.0646558 0.112615 0.113894 0.978962
13 0.935908 0.561684 0.113753 0.113695 0.978943
12 0.439732 0.313034 0.1128 0.113491 0.978797
12 0.687554 0.313534 0.111913 0.111754 0.978745
1 0.936181 0.0644524 0.114439 0.113904 0.978614
10 0.936536 0.312927 0.11256 0.112698 0.978605
3 0.687664 0.437103 0.111248 0.112363 0.978527
0 0.0672514 0.0646817 0.111023 0.112484 0.978526
0 0.687803 0.685285 0.111955 0.112479 0.978365
0 0.811845 0.312766 0.11232 0.113056 0.97834
8 0.936295 0.436869 0.112782 0.113274 0.977887
8 0.687892 0.561471 0.112261 0.112809 0.977833
7 0.811989 0.188711 0.113055 0.114241 0.977816
2 0.81242 0.436782 0.112348 0.113626 0.977759
0 0.0673199 0.561211 0.112372 0.112545 0.977633
8 0.812015 0.561473 0.112078 0.112836 0.977524
8 0.812154 0.685515 0.112426 0.112641 0.977351
1 0.0667118 0.56082 0.11441 0.112426 0.0181086
1 0.0670464 0.0639208 0.112605 0.11314 0.0165872
3 0.811983 0.437635 0.112633 0.113303 0.0110668
5 0.935497 0.189631 0.113637 0.1138 0.00700297
5 0.935792 0.313739 0.113328 0.112079 0.00673276
10 0.811483 0.809791 0.11137 0.112302 0.00579314
0 0.688084 0.0639772 0.112188 0.113847 0.00524922
11 0.811995 0.561122 0.11018 0.112524 0.00521583
12 0.81135 0.18865 0.112769 0.113579 0.00490422
3 0.43974 0.933995 0.111928 0.113176 0.00479771
9 0.688076 0.56119 0.112612 0.112994 0.00466095
0 0.935922 0.0645718 0.112919 0.114037 0.00465229
12 0.686586 0.189131 0.109662 0.111088 0.00458789
0 0.812762 0.933875 0.11113 0.111299 0.00426704
11 0.936376 0.436482 0.110696 0.113149 0.00425542
2 0.811714 0.561403 0.112152 0.112043 0.00403648
11 0.687903 0.561066 0.110777 0.113134 0.00387378
11 0.812216 0.68555 0.111119 0.113168 0.00372255
2 0.688192 0.560985 0.111896 0.112896 0.00348709
7 0.687297 0.18987 0.111886 0.11324 0.00345926
2 0.936344 0.436612 0.110814 0.113358 0.00330455
1 0.563652 0.0650651 0.111448 0.112751 0.00325385
3 0.315112 0.313645 0.112125 0.11342 0.00322598
2 0.0672807 0.436565 0.111586 0.115111 0.00320902
2 0.811683 0.685638 0.112557 0.111571 0.00317251
12 0.935998 0.68547 0.112344 0.112702 0.00315709
8 0.439527 0.933838 0.113499 0.11456 0.00302567
8 0.688282 0.809244 0.11233 0.113297 0.00290191
1 0.315751 0.437072 0.112942 0.112907 0.00290003
1 0.687979 0.685002 0.112097 0.111826 0.00283257
1 0.315467 0.809286 0.111661 0.112535 0.00281709
11 0.0675494 0.43639 0.11131 0.114972 0.00278483
12 0.439486 0.0646174 0.111467 0.113869 0.00266387
9 0.935956 0.437501 0.114362 0.113885 0.00253259
3 0.190743 0.0652918 0.112764 0.112515 0.00244777
6 0.564162 0.0651429 0.112165 0.113348 0.00238618
2 0.19159 0.561261 0.113327 0.113088 0.00234071
5 0.811452 0.43692 0.113306 0.113233 0.00232399
10 0.563393 0.313329 0.112863 0.111917 0.00231056
0 0.0668856 0.188437 0.111985 0.112325 0.00229482
1 0.191936 0.561315 0.113254 0.113331 0.00227139
2 0.688166 0.437651 0.111238 0.111566 0.00225581
12 0.439699 0.188956 0.111888 0.112414 0.00224916
12 0.936257 0.809561 0.111547 0.112813 0.00216785
7 0.439026 0.0651174 0.112222 0.113576 0.00216202
1 0.439647 0.685742 0.11264 0.112741 0.0021485
8 0.0666469 0.313358 0.112843 0.114583 0.0020977
0 0.563988 0.684867 0.111546 0.112604 0.00203586
12 0.687814 0.43732 0.110959 0.111822 0.00200785
2 0.439647 0.685742 0.11264 0.112741 0.00198635
5 0.812108 0.809358 0.111319 0.112911 0.00197446
1 0.811932 0.43784 0.109396 0.111231 0.00197049
3 0.563978 0.188764 0.11192 0.113852 0.00194652
1 0.81195 0.312381 0.112044 0.1132 0.00192764
3 0.0664306 0.685024 0.114479 0.11324 0.00192712
2 0.68809 0.0649005 0.112562 0.112834 0.00191451
4 0.191212 0.436946 0.111863 0.112154 0.00190886
4 0.56359 0.437236 0.110961 0.112502 0.00190744
4 0.439371 0.437204 0.111533 0.112978 0.00189785
9 0.190797 0.18966 0.112662 0.111886 0.00188182
6 0.439479 0.313103 0.111728 0.112967 0.00187889
6 0.564075 0.56157 0.111744 0.113172 0.00187491
4 0.688142 0.437319 0.111791 0.11317 0.00184429
0 0.439868 0.809802 0.112077 0.113 0.00184102
11 0.191218 0.188714 0.11227 0.112289 0.00181361
5 0.191351 0.437032 0.111879 0.111685 0.00178483
0 0.43979 0.561202 0.113195 0.114013 0.0017767
2 0.315751 0.437072 0.112942 0.112907 0.0017427
1 0.191119 0.685104 0.112192 0.112888 0.00170843
5 0.0666434 0.684288 0.112283 0.112738 0.00170111
7 0.56359 0.437236 0.110961 0.112502 0.00168738
6 0.936229 0.810029 0.11125 0.114234 0.00168254
4 0.935497 0.189631 0.113637 0.1138 0.00167271
8 0.811559 0.436765 0.112256 0.114167 0.00166914
6 0.811639 0.0649396 0.111127 0.112382 0.00163716
2 0.563652 0.0650651 0.111448 0.112751 0.00163285
10 0.0661811 0.313308 0.113029 0.112498 0.0016282
9 0.811409 0.809468 0.112064 0.111915 0.00162718
3 0.440087 0.68557 0.111397 0.112298 0.0016258
7 0.439371 0.437204 0.111533 0.112978 0.00162317
13 0.190769 0.436909 0.111931 0.111468 0.0016191
9 0.936037 0.933609 0.111171 0.111583 0.00161722
9 0.812059 0.685416 0.112418 0.113358 0.00160783
0 0.0663628 0.438044 0.112004 0.114652 0.0015827
0 0.935881 0.437005 0.113726 0.11295 0.00157518
7 0.440087 0.68557 0.111397 0.112298 0.00155073
2 0.813123 0.932823 0.111757 0.11247 0.00154545
0 0.688195 0.561432 0.1126 0.114197 0.00153887
13 0.439526 0.437352 0.112087 0.111855 0.00153399
9 0.813063 0.0652366 0.108469 0.110231 0.00150751
1 0.315048 0.313525 0.111683 0.112458 0.00150378
7 0.191212 0.436946 0.111863 0.112154 0.00149358
5 0.191535 0.9335 0.111298 0.113235 0.00149119
9 0.811309 0.561359 0.11097 0.112249 0.00146876
0 0.0670481 0.934103 0.113701 0.11454 0.00145556
6 0.686787 0.312414 0.110843 0.112195 0.00144988
12 0.191377 0.313508 0.11207 0.113144 0.00144458
3 0.192169 0.561238 0.111823 0.112428 0.00143283
7 0.315151 0.1891 0.111734 0.112562 0.00143275
2 0.190797 0.18966 0.112662 0.111886 0.00142196
3 0.564696 0.809888 0.111553 0.11314 0.00140539
6 0.811389 0.188431 0.112492 0.113717 0.00140281
1 0.93653 0.80976 0.111582 0.112399 0.00139577
6 0.439454 0.68555 0.111978 0.112834 0.00138916
5 0.688196 0.437286 0.112166 0.112378 0.00138195
12 0.811639 0.0649396 0.111127 0.112382 0.00138131
10 0.191843 0.933609 0.112756 0.113406 0.00137127
3 0.192019 0.809352 0.112186 0.113215 0.00135646
9 0.0666419 0.436926 0.114895 0.113047 0.00135559
8 0.688501 0.932704 0.114076 0.112098 0.00134809
4 0.563973 0.684942 0.11129 0.111835 0.00130759
0 0.190942 0.313047 0.111383 0.112396 0.00129994
5 0.688097 0.809236 0.110451 0.112172 0.00129988
11 0.93618 0.313501 0.111476 0.11287 0.00129145
3 0.564162 0.0651429 0.112165 0.113348 0.00128845
8 0.811409 0.809468 0.112064 0.111915 0.00128312
7 0.686708 0.313533 0.110918 0.112814 0.00127643
4 0.439669 0.561362 0.112847 0.113583 0.00125817
13 0.191535 0.9335 0.111298 0.113235 0.00122615
0 0.688085 0.31347 0.111184 0.112302 0.00120854
13 0.935551 0.189069 0.112227 0.112025 0.00119968
10 0.315228 0.561338 0.112622 0.112313 0.00119957
3 0.563954 0.561187 0.112043 0.114264 0.00119928
2 0.688339 0.809438 0.111243 0.11176 0.0011794
6 0.192169 0.561238 0.111823 0.112428 0.00117802
10 0.935538 0.561467 0.11393 0.113397 0.00116896
12 0.439906 0.437479 0.112048 0.11242 0.00116316
4 0.563393 0.313329 0.112863 0.111917 0.00114871
4 0.315418 0.189027 0.110996 0.111824 0.00114563
5 0.314872 0.313095 0.112653 0.112339 0.00113715
1 0.563636 0.189245 0.111527 0.113602 0.00111898
3 0.68812 0.313016 0.112504 0.111663 0.00110297
11 0.935538 0.561467 0.11393 0.113397 0.00110266
2 0.813063 0.0652366 0.108469 0.110231 0.00109032
6 0.688154 0.43796 0.110982 0.112686 0.00108524
7 0.192169 0.561238 0.111823 0.112428 0.00108472
4 0.439783 0.809785 0.111795 0.112278 0.00106875
5 0.191413 0.0643792 0.112387 0.112269 0.00106037
7 0.315391 0.436315 0.112197 0.112931 0.00104035
5 0.563224 0.0651016 0.112065 0.111523 0.0010385
4 0.564176 0.933862 0.11133 0.112992 0.00102646
2 0.811865 0.809682 0.111419 0.112027 0.00102341
1 0.81143 0.0651627 0.111783 0.112171 0.00101966
1 0.688195 0.933213 0.112215 0.112729 0.00100686
9 0.936146 0.809896 0.112948 0.114583 0.00100203
