5 0.31602 0.933644 0.110654 0.112689 0.986771
4 0.191981 0.809282 0.111719 0.112787 0.986359
6 0.439591 0.933943 0.112925 0.113745 0.986357
7 0.936193 0.934035 0.113033 0.111904 0.985973
6 0.563719 0.933808 0.11242 0.113332 0.985559
11 0.936123 0.809445 0.112468 0.111487 0.985508
10 0.191935 0.933813 0.111709 0.113237 0.985082
13 0.812516 0.933846 0.111548 0.112295 0.984783
4 0.0674634 0.685395 0.112925 0.113037 0.984745
2 0.315411 0.809463 0.113007 0.112781 0.984468
5 0.439564 0.685478 0.111035 0.111795 0.984271
10 0.688211 0.93379 0.112613 0.114567 0.98424
10 0.563573 0.809576 0.112564 0.113541 0.984046
12 0.315314 0.685647 0.112982 0.11286 0.984044
7 0.0670695 0.313587 0.112823 0.111487 0.983941
4 0.315525 0.437483 0.112638 0.113182 0.983489
10 0.563442 0.0650511 0.111834 0.113114 0.983424
5 0.936529 0.685667 0.111413 0.110851 0.983416
10 0.315725 0.561429 0.112433 0.112008 0.983109
6 0.0666957 0.189173 0.1137 0.112414 0.983052
1 0.439274 0.809488 0.112737 0.112833 0.982667
7 0.688099 0.0653874 0.111771 0.112283 0.982471
3 0.562847 0.189619 0.111299 0.11271 0.982309
11 0.687672 0.809489 0.111157 0.112011 0.982307
3 0.0674087 0.0648114 0.112478 0.112288 0.982286
4 0.439317 0.436944 0.112281 0.112985 0.982279
13 0.315424 0.0652209 0.111556 0.111187 0.982125
13 0.439249 0.0647008 0.112671 0.111705 0.981597
12 0.0674746 0.437177 0.114246 0.112866 0.981529
12 0.0672908 0.933933 0.11252 0.113523 0.981508
3 0.31557 0.313265 0.11141 0.111321 0.981325
12 0.191326 0.561675 0.112082 0.11163 0.981313
3 0.0671456 0.561588 0.111936 0.111476 0.981255
1 0.191137 0.31324 0.112072 0.111891 0.981242
2 0.3149 0.18905 0.111903 0.112716 0.981134
9 0.935845 0.0651235 0.113063 0.111854 0.981031
12 0.812246 0.809521 0.113158 0.113901 0.980637
2 0.190993 0.0650351 0.110918 0.112056 0.980523
0 0.19122 0.685049 0.112225 0.111927 0.980426
8 0.191328 0.437119 0.111912 0.112466 0.980271
9 0.563502 0.437692 0.112116 0.112303 0.980039
13 0.687812 0.189267 0.112371 0.112398 0.979887
12 0.439471 0.188871 0.112103 0.112358 0.979884
9 0.687752 0.313483 0.112114 0.111824 0.979783
8 0.191529 0.189251 0.111823 0.112312 0.979556
11 0.439484 0.561088 0.111849 0.113551 0.979346
11 0.687877 0.56134 0.112261 0.113419 0.979171
12 0.563438 0.561581 0.112378 0.111988 0.979138
10 0.812422 0.312739 0.112687 0.113565 0.97911
11 0.563314 0.313036 0.111647 0.113382 0.979058
12 0.563511 0.685466 0.111938 0.112012 0.979048
13 0.688011 0.685746 0.112507 0.111827 0.978976
1 0.439166 0.31312 0.112612 0.11314 0.97883
11 0.812278 0.437005 0.112657 0.113396 0.978664
12 0.812225 0.561479 0.112578 0.113789 0.978663
1 0.936238 0.312617 0.113694 0.112982 0.978642
12 0.811927 0.0651223 0.112481 0.112096 0.978555
5 0.687957 0.437011 0.111824 0.112532 0.978537
5 0.812279 0.188439 0.112581 0.112785 0.978494
7 0.811825 0.685848 0.112226 0.112324 0.978179
0 0.936057 0.188573 0.112682 0.112003 0.977776
7 0.936578 0.561711 0.112705 0.113059 0.977721
13 0.936421 0.437277 0.113483 0.11315 0.97766
0 0.0669973 0.809358 0.112624 0.112704 0.976665
5 0.688028 0.561249 0.111215 0.111928 0.0424564
5 0.687868 0.809099 0.110311 0.11192 0.0278881
5 0.439425 0.561363 0.111441 0.112136 0.027374
10 0.812344 0.933373 0.111845 0.113967 0.0187657
2 0.190824 0.189399 0.112043 0.112084 0.0160739
6 0.563676 0.561349 0.112672 0.112947 0.0136906
5 0.563367 0.313528 0.111557 0.11214 0.0128628
5 0.812415 0.43748 0.112854 0.11215 0.011638
6 0.563581 0.685495 0.112044 0.113 0.00859279
1 0.0670153 0.809369 0.112899 0.112395 0.00838601
12 0.811627 0.685804 0.113008 0.11323 0.00555813
5 0.935988 0.809214 0.112682 0.112494 0.00493993
7 0.936172 0.437513 0.112553 0.113348 0.0043779
0 0.688109 0.313366 0.112113 0.111776 0.00357528
10 0.935966 0.685133 0.111125 0.11204 0.00327334
4 0.812352 0.313604 0.111876 0.112572 0.00319515
2 0.688135 0.561614 0.111307 0.112867 0.00319428
10 0.811559 0.436879 0.110963 0.11272 0.00319301
6 0.811581 0.6854 0.113937 0.112403 0.00307564
4 0.0667586 0.313578 0.112822 0.11092 0.00297717
2 0.688174 0.437455 0.11228 0.112222 0.00296045
10 0.0674341 0.313515 0.114146 0.113547 0.00294474
2 0.191156 0.43741 0.112587 0.113231 0.00288548
12 0.936478 0.43792 0.113022 0.112737 0.00274637
4 0.688285 0.0649566 0.112384 0.111393 0.00272079
0 0.936256 0.312779 0.112846 0.111717 0.00259875
6 0.812074 0.56119 0.113166 0.113541 0.0025218
12 0.936127 0.934109 0.113101 0.113128 0.00251073
2 0.688196 0.809648 0.111572 0.113064 0.00243174
9 0.0658801 0.0649403 0.113624 0.112556 0.00242287
6 0.315314 0.685647 0.112982 0.11286 0.00237528
2 0.0662486 0.561442 0.114397 0.112391 0.00229083
12 0.936234 0.561997 0.112802 0.113168 0.00220514
7 0.0668321 0.685406 0.114396 0.113517 0.00216735
12 0.6883 0.684971 0.110828 0.111031 0.00214036
3 0.315411 0.809463 0.113007 0.112781 0.0021368
3 0.688154 0.437513 0.112792 0.113366 0.00213389
0 0.190401 0.438041 0.111399 0.114497 0.00211963
10 0.439353 0.685497 0.111465 0.111985 0.00210331
11 0.68749 0.436615 0.111695 0.110295 0.00207688
12 0.687864 0.313516 0.112016 0.1118 0.00206921
11 0.314879 0.0652613 0.111288 0.111678 0.00201292
1 0.439798 0.437181 0.112384 0.113254 0.00199421
7 0.1914 0.809594 0.112651 0.112797 0.00193798
2 0.813063 0.437272 0.111424 0.113939 0.0019354
4 0.564105 0.0645312 0.111589 0.113184 0.00192395
6 0.191327 0.561585 0.113317 0.112548 0.00191099
12 0.812344 0.933373 0.111845 0.113967 0.00184703
1 0.315633 0.437264 0.113073 0.112836 0.00184147
11 0.811637 0.18902 0.113073 0.112295 0.00177383
10 0.688265 0.0650414 0.1124 0.112759 0.00175654
1 0.066757 0.561431 0.112678 0.111771 0.00174654
6 0.0674916 0.56113 0.112321 0.111917 0.00174483
10 0.935986 0.809476 0.111882 0.113477 0.0017125
11 0.439094 0.0652939 0.11199 0.112514 0.0016729
6 0.439455 0.188954 0.113303 0.113455 0.00166623
7 0.439394 0.437431 0.111605 0.112368 0.00166349
1 0.191981 0.809282 0.111719 0.112787 0.00164812
4 0.93621 0.56134 0.112941 0.112031 0.00162888
10 0.439663 0.561076 0.112634 0.113702 0.00161176
4 0.688586 0.933293 0.112327 0.113283 0.00159469
1 0.314995 0.189269 0.111732 0.112288 0.00157329
1 0.191105 0.684959 0.112082 0.112739 0.00156471
1 0.0673427 0.685743 0.11383 0.113387 0.00156038
6 0.936237 0.561827 0.112018 0.113198 0.00154531
4 0.315335 0.561135 0.112036 0.112741 0.00154355
7 0.812344 0.933373 0.111845 0.113967 0.00153357
4 0.563793 0.809255 0.111727 0.112475 0.00152053
4 0.936414 0.934017 0.112704 0.112677 0.00151487
4 0.439454 0.313527 0.11249 0.112995 0.00151022
8 0.688109 0.313366 0.112113 0.111776 0.001509
4 0.439478 0.809432 0.112478 0.112979 0.0014979
10 0.315343 0.933921 0.111458 0.111925 0.00148336
4 0.688174 0.437455 0.11228 0.112222 0.00147529
6 0.56386 0.189305 0.112009 0.112926 0.00146527
11 0.19118 0.189326 0.111359 0.111778 0.00144976
5 0.315562 0.809547 0.112243 0.112665 0.00144789
2 0.191809 0.809764 0.112891 0.113402 0.00141973
2 0.81302 0.189095 0.113385 0.113796 0.00139484
11 0.935983 0.685144 0.111516 0.111659 0.001389
6 0.812292 0.0649533 0.112501 0.113173 0.00138594
1 0.0665403 0.0652899 0.112562 0.111862 0.00138541
4 0.811627 0.685804 0.113008 0.11323 0.00136094
4 0.191165 0.313651 0.112056 0.112881 0.00133808
10 0.315609 0.0650357 0.111428 0.11107 0.00132619
0 0.564181 0.436782 0.111414 0.113504 0.00131593
3 0.688146 0.313491 0.112646 0.112527 0.00131195
1 0.191106 0.064794 0.111434 0.113029 0.00130495
10 0.6883 0.684971 0.110828 0.111031 0.00130255
0 0.439253 0.312926 0.112651 0.113353 0.00130255
6 0.811479 0.810227 0.112931 0.114324 0.0012993
4 0.8117 0.56124 0.113501 0.112783 0.00129495
12 0.935904 0.0648291 0.112966 0.11185 0.00128671
6 0.0666314 0.437354 0.115325 0.112112 0.00126838
10 0.688202 0.561121 0.112353 0.11322 0.00126594
7 0.6883 0.684971 0.110828 0.111031 0.00124969
1 0.315501 0.809096 0.113166 0.11303 0.00124564
0 0.812584 0.809412 0.112728 0.112993 0.00123754
8 0.81146 0.436787 0.111533 0.112212 0.00123561
0 0.191144 0.312882 0.112254 0.112724 0.00123379
11 0.191328 0.437119 0.111912 0.112466 0.00122434
5 0.812988 0.313204 0.112975 0.115096 0.00122051
2 0.0673427 0.685743 0.11383 0.113387 0.00121565
3 0.811479 0.810227 0.112931 0.114324 0.00120935
6 0.315704 0.313662 0.112697 0.111131 0.00120185
10 0.93614 0.933881 0.11193 0.113348 0.0011678
3 0.0672004 0.188705 0.113735 0.112972 0.00115555
10 0.935916 0.437039 0.110647 0.111413 0.00113966
4 0.563492 0.189634 0.111898 0.1119 0.00113952
11 0.687854 0.189582 0.112372 0.113098 0.00113546
3 0.81302 0.189095 0.113385 0.113796 0.00113141
12 0.439094 0.0652939 0.11199 0.112514 0.00111226
3 0.812115 0.561253 0.111804 0.113052 0.00110623
4 0.936285 0.313232 0.112211 0.113278 0.00110452
4 0.81183 0.0652743 0.112516 0.112379 0.00109497
5 0.191393 0.809461 0.112953 0.112899 0.00109214
12 0.562949 0.189565 0.111555 0.112512 0.00108717
13 0.191581 0.933968 0.112362 0.111791 0.00108481
10 0.687667 0.437642 0.111147 0.111635 0.00108164
4 0.811924 0.809788 0.113018 0.112532 0.00107733
9 0.81146 0.436787 0.111533 0.112212 0.00107732
1 0.31537 0.313411 0.112006 0.112093 0.00107222
12 0.564141 0.436668 0.11169 0.111043 0.00106299
6 0.93614 0.933881 0.11193 0.113348 0.00105472
5 0.563709 0.809235 0.111474 0.111678 0.0010539
5 0.688512 0.933214 0.111451 0.112968 0.00105336
13 0.811653 0.313081 0.11329 0.113787 0.00104847
12 0.315466 0.313639 0.112174 0.111252 0.00103325
3 0.563836 0.561234 0.112063 0.113091 0.00102509
6 0.0664104 0.0651252 0.112278 0.111347 0.00101977
11 0.811728 0.312917 0.113399 0.114 0.00100958
0 0.439478 0.809432 0.112478 0.112979 0.00100323
