9 0.315756 0.933898 0.112188 0.113343 0.988661
9 0.563578 0.933901 0.112366 0.114274 0.987895
12 0.935379 0.933881 0.113905 0.113797 0.98719
3 0.562921 0.809839 0.113527 0.113785 0.986882
13 0.811719 0.933747 0.111681 0.113429 0.985875
11 0.315239 0.809432 0.111562 0.112815 0.985539
7 0.563643 0.0653992 0.112036 0.113524 0.98504
3 0.191173 0.685528 0.11382 0.113266 0.984999
9 0.439242 0.685499 0.112852 0.113568 0.984986
5 0.687597 0.933757 0.112254 0.113996 0.984455
12 0.315243 0.685298 0.111668 0.11313 0.984453
7 0.191328 0.809443 0.111488 0.112098 0.984176
13 0.191421 0.313454 0.112779 0.11385 0.983843
11 0.439196 0.934013 0.112169 0.114124 0.983818
4 0.191509 0.437438 0.112717 0.112326 0.983657
3 0.191476 0.561435 0.111301 0.113178 0.983634
9 0.31561 0.18897 0.111685 0.112891 0.983612
11 0.0671151 0.0649928 0.113177 0.113795 0.983037
4 0.191993 0.933792 0.111973 0.112673 0.983002
4 0.315239 0.0648582 0.112808 0.112772 0.982888
7 0.0670489 0.189868 0.112601 0.112477 0.982669
1 0.439349 0.809475 0.112383 0.11279 0.982615
6 0.191436 0.189074 0.111793 0.112687 0.982468
1 0.0670993 0.68534 0.112573 0.112063 0.982189
11 0.439033 0.0650465 0.111945 0.113343 0.981991
6 0.315481 0.313519 0.112217 0.112857 0.981971
12 0.315577 0.437477 0.111637 0.112506 0.981724
12 0.0670392 0.437302 0.112349 0.112409 0.981703
10 0.563707 0.685369 0.112099 0.113243 0.981487
12 0.191218 0.064637 0.111345 0.112318 0.980999
3 0.438996 0.189511 0.112503 0.113772 0.980863
1 0.687549 0.809401 0.111954 0.112964 0.980582
1 0.0667781 0.934037 0.112712 0.113298 0.980552
7 0.935782 0.685562 0.112739 0.113111 0.980263
3 0.935527 0.0650164 0.114349 0.114261 0.980123
10 0.563715 0.561196 0.112544 0.113853 0.979808
9 0.563321 0.313619 0.111529 0.111499 0.979637
9 0.563399 0.188847 0.111619 0.113654 0.979515
9 0.687872 0.685346 0.112427 0.114136 0.979409
12 0.439758 0.31269 0.112158 0.112916 0.979405
12 0.812324 0.312746 0.112309 0.112888 0.979367
12 0.93631 0.436772 0.112368 0.113583 0.979313
11 0.439342 0.560879 0.111966 0.114222 0.979219
7 0.687705 0.437494 0.111513 0.112166 0.979184
1 0.687631 0.560956 0.112595 0.113148 0.979063
0 0.811822 0.80935 0.112738 0.112673 0.979009
9 0.687767 0.313484 0.111884 0.111896 0.97892
12 0.936526 0.561155 0.112304 0.113403 0.978826
2 0.067515 0.809368 0.112195 0.112551 0.978759
5 0.68787 0.0648303 0.111181 0.11298 0.978735
1 0.812229 0.685044 0.113581 0.113868 0.978644
5 0.687798 0.188664 0.112222 0.113607 0.978505
11 0.5634 0.437144 0.111606 0.113774 0.978474
5 0.811372 0.43718 0.112038 0.112712 0.978407
6 0.812538 0.188649 0.112471 0.11268 0.978383
0 0.315261 0.56106 0.112457 0.113948 0.978284
0 0.811682 0.56139 0.112631 0.113074 0.9781
8 0.935942 0.809682 0.113276 0.112274 0.977923
4 0.936553 0.312864 0.1131 0.112431 0.977802
11 0.935653 0.188963 0.112789 0.113733 0.977638
0 0.439293 0.437244 0.112205 0.114293 0.977355
0 0.812032 0.0644532 0.112646 0.113414 0.976933
0 0.0665138 0.313524 0.112038 0.111903 0.974072
0 0.0671107 0.561318 0.112212 0.112104 0.965331
1 0.066584 0.560555 0.114651 0.112926 0.160561
1 0.066578 0.31358 0.112793 0.112437 0.0308412
1 0.439278 0.436822 0.112735 0.114891 0.0140904
7 0.192071 0.933509 0.111937 0.111965 0.0110129
11 0.688213 0.933014 0.113435 0.114917 0.00825435
12 0.191767 0.560788 0.111521 0.112087 0.00749839
6 0.812086 0.313551 0.111676 0.113255 0.00677913
6 0.439579 0.313599 0.110757 0.112918 0.00623143
12 0.687701 0.313513 0.111364 0.112245 0.00577879
2 0.688213 0.933014 0.113435 0.114917 0.00563204
6 0.191309 0.0647374 0.111505 0.113957 0.00547475
2 0.935942 0.809682 0.113276 0.112274 0.00534609
10 0.439452 0.933809 0.111662 0.112242 0.00473618
7 0.191474 0.437526 0.11109 0.111735 0.00458705
12 0.563581 0.313573 0.112196 0.112392 0.00453281
0 0.688115 0.685086 0.11186 0.112724 0.00444606
1 0.811538 0.560938 0.113162 0.112946 0.00424392
6 0.936197 0.437025 0.112864 0.1132 0.00393712
1 0.315244 0.560898 0.113059 0.113727 0.00388732
6 0.315577 0.437477 0.111637 0.112506 0.00385253
0 0.688055 0.313181 0.110833 0.112957 0.00382483
6 0.315653 0.685505 0.112063 0.113705 0.00381199
1 0.191427 0.437163 0.112761 0.11258 0.0036786
6 0.0670392 0.437302 0.112349 0.112409 0.00350251
4 0.563915 0.685472 0.113026 0.113032 0.00343164
12 0.686836 0.437374 0.110658 0.113495 0.00325845
10 0.93641 0.188779 0.11264 0.113405 0.00322947
3 0.812306 0.189085 0.112669 0.113869 0.00284204
12 0.936178 0.0649846 0.112745 0.113045 0.00282303
12 0.563559 0.189102 0.112398 0.112644 0.00276229
1 0.315549 0.0645674 0.112782 0.113045 0.00272444
12 0.31536 0.189131 0.112523 0.112762 0.00269433
10 0.68777 0.933726 0.111649 0.112347 0.00268912
5 0.563217 0.436574 0.109791 0.112653 0.00267143
1 0.936242 0.313075 0.112568 0.113024 0.00263446
0 0.935612 0.437017 0.115162 0.113591 0.00263053
1 0.812226 0.0639014 0.112045 0.113864 0.00262114
11 0.936161 0.809736 0.112987 0.11219 0.00257537
12 0.688115 0.685086 0.11186 0.112724 0.00255241
6 0.936448 0.561429 0.112044 0.112643 0.00252069
10 0.687781 0.188914 0.111966 0.112617 0.00248695
0 0.812549 0.684862 0.111676 0.112993 0.00247921
2 0.191427 0.437163 0.112761 0.11258 0.00247202
0 0.687974 0.809035 0.111288 0.111296 0.00246083
1 0.811822 0.80935 0.112738 0.112673 0.00243133
10 0.812149 0.933352 0.111529 0.113967 0.00241873
10 0.0665642 0.0647683 0.114332 0.113532 0.00234948
4 0.56394 0.56153 0.112936 0.113089 0.00234769
10 0.5635 0.437531 0.112429 0.113408 0.00232582
1 0.811615 0.18922 0.113105 0.113001 0.00232516
7 0.93572 0.3131 0.110633 0.111423 0.00227848
0 0.935843 0.56142 0.114239 0.113239 0.00224233
3 0.191436 0.189074 0.111793 0.112687 0.00220039
6 0.191474 0.437526 0.11109 0.111735 0.00217725
6 0.936118 0.933739 0.112957 0.114466 0.00217516
12 0.439466 0.188883 0.111847 0.112409 0.00214511
2 0.688151 0.0644631 0.112008 0.112459 0.00211123
12 0.936041 0.685466 0.112672 0.114302 0.00210408
13 0.0668197 0.0646897 0.113307 0.113631 0.00205553
12 0.439399 0.685582 0.112522 0.113906 0.00203403
12 0.191798 0.685175 0.112088 0.112079 0.00201188
3 0.315481 0.313519 0.112217 0.112857 0.00200202
5 0.935253 0.189148 0.114061 0.11426 0.00200171
2 0.688117 0.188981 0.113003 0.113479 0.00195064
11 0.688129 0.0646897 0.112103 0.113926 0.00194055
2 0.936242 0.313075 0.112568 0.113024 0.00192838
11 0.811896 0.43638 0.111573 0.112066 0.00191824
1 0.31579 0.313195 0.112216 0.112941 0.00189831
1 0.191748 0.933891 0.113137 0.114214 0.00189762
3 0.688095 0.31336 0.112315 0.112857 0.00181938
10 0.439285 0.0647326 0.110868 0.111911 0.00181658
13 0.439698 0.934079 0.112497 0.113435 0.00180582
3 0.0667587 0.809406 0.114157 0.113317 0.00178694
4 0.688136 0.437065 0.111926 0.113188 0.00177949
13 0.439456 0.0648963 0.112105 0.113161 0.00177099
12 0.316036 0.933482 0.11266 0.113865 0.00173404
0 0.688066 0.560517 0.111612 0.111324 0.00172736
6 0.93604 0.685225 0.111697 0.114227 0.00166859
10 0.439366 0.560976 0.111664 0.113344 0.00166659
6 0.686836 0.437374 0.110658 0.113495 0.00165154
3 0.439585 0.685656 0.112768 0.113579 0.00164321
7 0.315002 0.0646398 0.111709 0.112456 0.00162237
9 0.315196 0.809368 0.11236 0.112624 0.00161084
11 0.688095 0.189059 0.113293 0.114921 0.00157938
8 0.688115 0.685086 0.11186 0.112724 0.00156154
9 0.43928 0.560996 0.111502 0.112193 0.00154611
10 0.688151 0.0644631 0.112008 0.112459 0.00154171
1 0.191853 0.188842 0.112555 0.112849 0.00154125
2 0.688056 0.560868 0.111513 0.112574 0.00153189
12 0.564077 0.933396 0.112697 0.114582 0.00153049
10 0.936094 0.313268 0.111849 0.113123 0.00151742
4 0.191582 0.809425 0.111077 0.111793 0.00148591
3 0.315898 0.436678 0.110108 0.113071 0.00148586
4 0.0665836 0.189853 0.112854 0.112096 0.00148507
11 0.812149 0.933352 0.111529 0.113967 0.0014772
13 0.563332 0.437366 0.11181 0.112519 0.00146262
13 0.439235 0.56116 0.111674 0.113045 0.0014445
2 0.688135 0.809216 0.1129 0.112703 0.00143542
5 0.439456 0.0648963 0.112105 0.113161 0.00141882
0 0.0667477 0.933814 0.113622 0.113596 0.00141617
13 0.935253 0.189148 0.114061 0.11426 0.00140853
3 0.0676254 0.436418 0.111692 0.114567 0.00138716
0 0.0668943 0.684942 0.112953 0.112673 0.0013867
0 0.563477 0.313235 0.112613 0.112393 0.00138337
5 0.439366 0.560976 0.111664 0.113344 0.00137018
4 0.439469 0.809328 0.111954 0.112304 0.00136147
0 0.812161 0.313136 0.113412 0.112715 0.00135994
0 0.936174 0.809823 0.110866 0.111563 0.00135821
9 0.439386 0.933869 0.111563 0.112601 0.00133708
6 0.811621 0.68503 0.112619 0.115001 0.00130656
4 0.936357 0.685539 0.111929 0.113051 0.00127879
0 0.563536 0.18897 0.112554 0.112511 0.00126858
1 0.936322 0.0647526 0.111698 0.112375 0.00126762
12 0.563625 0.809465 0.112417 0.112458 0.00124739
8 0.0665642 0.0647683 0.114332 0.113532 0.00124677
13 0.563129 0.561265 0.111689 0.11238 0.00124302
4 0.68767 0.809402 0.112047 0.112585 0.0012235
3 0.688157 0.685132 0.113735 0.113064 0.00122292
7 0.563739 0.685415 0.111427 0.11219 0.00122064
2 0.813029 0.684803 0.112446 0.114479 0.00121303
10 0.811585 0.436652 0.111646 0.11252 0.00120942
8 0.5635 0.437531 0.112429 0.113408 0.00120705
6 0.688135 0.809216 0.1129 0.112703 0.00119795
11 0.191067 0.313719 0.110729 0.112809 0.00118942
9 0.0665642 0.0647683 0.114332 0.113532 0.00118858
6 0.192071 0.933509 0.111937 0.111965 0.00118622
4 0.687552 0.560393 0.112378 0.112705 0.00118226
7 0.563668 0.561581 0.111597 0.112355 0.00117019
9 0.93603 0.189135 0.111715 0.11276 0.00117017
3 0.936342 0.436287 0.111248 0.113712 0.00116265
4 0.563887 0.0649798 0.112331 0.114321 0.00115357
7 0.191516 0.189159 0.112226 0.112052 0.00113719
5 0.315082 0.809474 0.112141 0.113117 0.00113299
1 0.563625 0.809465 0.112417 0.112458 0.00113029
3 0.563539 0.313751 0.112827 0.114062 0.00112399
13 0.56328 0.685522 0.11206 0.11208 0.00112287
10 0.191748 0.933891 0.113137 0.114214 0.00111765
5 0.439698 0.934079 0.112497 0.113435 0.00111068
7 0.315858 0.313741 0.112091 0.111652 0.00110575
0 0.315316 0.189173 0.112157 0.112637 0.00109685
13 0.315399 0.809586 0.112422 0.112655 0.00109651
3 0.936291 0.560829 0.112416 0.113507 0.00107776
0 0.564026 0.933354 0.112871 0.112904 0.00106412
0 0.439593 0.809392 0.112329 0.113069 0.00104665
1 0.191798 0.685175 0.112088 0.112079 0.00104545
6 0.936178 0.0649846 0.112745 0.113045 0.00103445
4 0.812075 0.684951 0.112656 0.112985 0.00103068
1 0.191727 0.561032 0.111867 0.112019 0.00102258
4 0.688117 0.188981 0.113003 0.113479 0.00101863
10 0.688117 0.436969 0.111663 0.113654 0.00100507
10 0.315082 0.809474 0.112141 0.113117 0.00100214
3 0.315843 0.6853 0.112392 0.112396 0.00100067
