5 0.316033 0.934386 0.110637 0.112498 0.986496
2 0.563539 0.809688 0.112078 0.113112 0.985877
6 0.440266 0.809058 0.11205 0.113266 0.98548
3 0.0672476 0.437364 0.112558 0.114095 0.984454
1 0.563575 0.933938 0.111732 0.113531 0.984454
2 0.68751 0.934159 0.112534 0.113654 0.984425
6 0.563746 0.684904 0.111935 0.113025 0.984366
5 0.315883 0.562092 0.111257 0.111968 0.984254
4 0.19165 0.933663 0.111631 0.113227 0.984135
0 0.439726 0.933897 0.111723 0.112567 0.983724
13 0.812086 0.809397 0.11306 0.113063 0.983699
4 0.0670426 0.313166 0.113535 0.113185 0.983003
4 0.936055 0.93444 0.114007 0.113394 0.983003
1 0.067234 0.685632 0.112451 0.112236 0.982905
6 0.315927 0.437554 0.112146 0.112454 0.982818
4 0.315809 0.0646751 0.113398 0.11361 0.982655
6 0.191669 0.561552 0.111844 0.11195 0.982613
12 0.316178 0.685681 0.111379 0.11186 0.982594
3 0.315664 0.188656 0.112315 0.113494 0.982529
4 0.191612 0.313226 0.11304 0.113196 0.982379
13 0.439485 0.189312 0.112917 0.112529 0.981748
13 0.563544 0.0648158 0.112401 0.114117 0.981712
1 0.936426 0.809307 0.112273 0.112028 0.981674
2 0.19131 0.188616 0.111812 0.112371 0.981604
7 0.43936 0.561702 0.113028 0.112912 0.981318
1 0.067178 0.188093 0.112139 0.112423 0.980973
0 0.191227 0.436968 0.112287 0.112492 0.980928
1 0.191517 0.0643667 0.111667 0.113354 0.980902
11 0.812193 0.934042 0.112251 0.112149 0.980657
10 0.0670404 0.934215 0.113242 0.114426 0.980434
6 0.563795 0.43728 0.112113 0.112377 0.979772
0 0.315273 0.313498 0.112355 0.112112 0.979551
5 0.43937 0.437464 0.11237 0.111968 0.97948
1 0.811755 0.437095 0.113172 0.112869 0.979476
5 0.439408 0.313323 0.111644 0.111928 0.979373
5 0.563371 0.18896 0.111131 0.112481 0.979338
12 0.563612 0.561677 0.112281 0.11219 0.979246
1 0.439603 0.0647176 0.112107 0.113552 0.979221
13 0.687415 0.313183 0.112781 0.112874 0.979221
6 0.687756 0.188827 0.112849 0.112572 0.979124
1 0.812219 0.188647 0.112539 0.112889 0.979028
7 0.56385 0.31335 0.112225 0.113279 0.978948
0 0.687772 0.685282 0.112262 0.112507 0.978711
1 0.687775 0.0639967 0.112411 0.113727 0.978644
0 0.0673492 0.0643535 0.110608 0.112267 0.978643
6 0.936661 0.437054 0.113655 0.112388 0.978571
2 0.687652 0.561432 0.112171 0.112557 0.978528
0 0.439515 0.685338 0.112215 0.113023 0.978455
0 0.811987 0.561624 0.112518 0.112532 0.978397
0 0.687559 0.436992 0.111768 0.112669 0.978327
5 0.81188 0.685615 0.111845 0.112206 0.978245
3 0.811266 0.312879 0.111266 0.111967 0.978209
9 0.936575 0.561937 0.111879 0.112572 0.978141
3 0.936154 0.313285 0.112424 0.112958 0.97793
8 0.0674147 0.561523 0.11135 0.111908 0.97768
11 0.93619 0.0642836 0.113451 0.113059 0.977388
0 0.0673297 0.809014 0.11219 0.113105 0.97716
8 0.191903 0.80948 0.111212 0.112364 0.977148
0 0.812291 0.0647047 0.112306 0.113139 0.977045
10 0.688047 0.809642 0.112792 0.11149 0.976956
8 0.19133 0.68524 0.111906 0.112349 0.976855
8 0.935812 0.188984 0.111986 0.113056 0.976752
8 0.936369 0.685517 0.11234 0.112975 0.976546
8 0.316124 0.809696 0.111188 0.113354 0.973467
4 0.688352 0.809404 0.112502 0.113008 0.135159
2 0.315468 0.809524 0.112822 0.1128 0.0396558
2 0.191058 0.685532 0.111527 0.112025 0.0255774
2 0.0667269 0.561218 0.115082 0.112981 0.0192384
8 0.813078 0.93384 0.110263 0.114094 0.0160455
2 0.191458 0.809269 0.112939 0.112607 0.0159065
4 0.0667043 0.933499 0.113193 0.11392 0.0151784
2 0.935839 0.685565 0.111662 0.112468 0.0105303
0 0.688061 0.0633324 0.111615 0.113538 0.00983818
2 0.935974 0.188843 0.11224 0.112228 0.00877036
3 0.936265 0.561738 0.111182 0.114353 0.00874253
1 0.0669634 0.808926 0.112874 0.112293 0.00823459
6 0.563991 0.561367 0.112004 0.112731 0.00715985
2 0.813084 0.933516 0.110952 0.112619 0.00708328
7 0.688282 0.809525 0.113835 0.114642 0.00668829
1 0.0665615 0.0643816 0.112689 0.113052 0.00614521
7 0.191702 0.933417 0.111594 0.112301 0.00603024
12 0.811435 0.809712 0.112131 0.112922 0.00535211
12 0.936271 0.561758 0.111112 0.114044 0.00527201
5 0.812193 0.934042 0.112251 0.112149 0.00507018
0 0.811665 0.437633 0.112156 0.113368 0.0047742
0 0.439605 0.0641616 0.111039 0.113873 0.00439747
0 0.812241 0.188696 0.112133 0.113753 0.00415593
5 0.935457 0.0649957 0.1129 0.112086 0.00408476
0 0.563499 0.933907 0.110291 0.112681 0.00399008
13 0.687711 0.809533 0.111206 0.112275 0.00394493
3 0.191316 0.560901 0.112866 0.112615 0.00393885
5 0.686766 0.561348 0.113868 0.111586 0.00364456
0 0.0668771 0.188069 0.112029 0.112594 0.00358437
10 0.81166 0.933432 0.110044 0.110816 0.00333903
1 0.687689 0.43662 0.112212 0.112712 0.00332341
12 0.688036 0.80977 0.113129 0.112567 0.00320658
1 0.811939 0.561027 0.112529 0.112854 0.00319598
1 0.315411 0.312859 0.112495 0.112491 0.00302054
1 0.067446 0.312862 0.113919 0.113327 0.00296523
3 0.56435 0.685094 0.111236 0.112218 0.00290191
5 0.688131 0.809525 0.111837 0.112114 0.00288901
1 0.316555 0.0646858 0.112433 0.113115 0.00287693
8 0.688251 0.933845 0.112225 0.112951 0.00282971
7 0.191444 0.312907 0.111581 0.111869 0.00282653
1 0.688089 0.560941 0.113715 0.11342 0.00277447
3 0.440266 0.809058 0.11205 0.113266 0.00248301
0 0.191517 0.0643667 0.111667 0.113354 0.00247257
5 0.686893 0.933704 0.114543 0.111133 0.00236479
6 0.191702 0.933417 0.111594 0.112301 0.00236476
1 0.936377 0.934056 0.113125 0.114738 0.00231256
1 0.192136 0.313096 0.113425 0.113033 0.0023112
1 0.439536 0.68532 0.11199 0.112336 0.00230493
12 0.439926 0.561404 0.111485 0.113546 0.00225787
7 0.935677 0.934 0.112115 0.112799 0.00222187
1 0.191098 0.189028 0.111655 0.111909 0.00220639
1 0.563775 0.809425 0.11228 0.113251 0.00218147
11 0.315454 0.809434 0.112005 0.11132 0.00218107
4 0.439581 0.437869 0.111695 0.110753 0.00216931
12 0.686652 0.313381 0.110828 0.111757 0.00216079
0 0.936547 0.809311 0.111241 0.11227 0.00208602
12 0.315182 0.188589 0.112108 0.112688 0.00206358
6 0.316178 0.685681 0.111379 0.11186 0.00205065
0 0.936119 0.188636 0.11161 0.111945 0.00191632
3 0.687765 0.933758 0.112045 0.113542 0.00190025
1 0.687723 0.933837 0.112923 0.11355 0.00189317
9 0.81154 0.933372 0.110884 0.110904 0.00187279
7 0.56404 0.0649606 0.112603 0.11396 0.00181925
5 0.19185 0.189015 0.112188 0.112306 0.00175479
13 0.0667532 0.933429 0.112745 0.112203 0.00175411
6 0.936048 0.313009 0.112537 0.113839 0.0017526
3 0.813132 0.68534 0.113077 0.113413 0.00173429
10 0.935457 0.0649957 0.1129 0.112086 0.00167889
1 0.687762 0.68517 0.112658 0.11186 0.00167313
7 0.439894 0.189354 0.112444 0.113407 0.00166145
3 0.936382 0.437347 0.113047 0.1137 0.00165981
2 0.813132 0.68534 0.113077 0.113413 0.00164689
4 0.811924 0.189123 0.112745 0.112845 0.00163922
2 0.936575 0.561937 0.111879 0.112572 0.00163477
2 0.688096 0.0644793 0.111942 0.112652 0.00163054
1 0.191571 0.933767 0.113046 0.113851 0.00162277
3 0.315645 0.437023 0.112412 0.112508 0.00161315
3 0.564033 0.809242 0.111087 0.112651 0.00161075
3 0.687596 0.561263 0.112332 0.112639 0.00160364
11 0.191525 0.685171 0.110885 0.112811 0.00157632
2 0.0667235 0.436737 0.115703 0.113629 0.00157306
4 0.564033 0.809242 0.111087 0.112651 0.00157147
0 0.0669908 0.685329 0.112424 0.112325 0.00156562
8 0.68809 0.561207 0.110686 0.113023 0.00153544
12 0.563944 0.313509 0.111758 0.11206 0.00153087
2 0.06676 0.312996 0.11319 0.113494 0.00151284
12 0.936125 0.313179 0.111782 0.114262 0.00149724
2 0.812952 0.188549 0.111238 0.11348 0.00144789
8 0.935956 0.0642611 0.112356 0.11118 0.00143858
3 0.19185 0.189015 0.112188 0.112306 0.00143027
4 0.811549 0.685497 0.114527 0.111014 0.00141159
3 0.563696 0.436843 0.111997 0.112696 0.00140525
10 0.315366 0.934257 0.11169 0.111864 0.00139063
1 0.936255 0.312902 0.111715 0.112294 0.00138814
11 0.191888 0.809447 0.111339 0.112024 0.00138513
7 0.315419 0.0644479 0.112378 0.112915 0.00138298
12 0.439935 0.933863 0.111579 0.1127 0.00136878
7 0.0673109 0.93306 0.113273 0.114256 0.00136088
1 0.812465 0.0642299 0.111283 0.113426 0.00135403
1 0.688143 0.188939 0.112962 0.11343 0.00132669
4 0.439813 0.56145 0.112558 0.113193 0.00132549
9 0.936433 0.313226 0.112536 0.114032 0.00132285
7 0.687667 0.313441 0.112672 0.113226 0.00130986
3 0.439581 0.437869 0.111695 0.110753 0.00130513
8 0.688128 0.684925 0.113219 0.112031 0.00129897
4 0.687765 0.933758 0.112045 0.113542 0.00128933
3 0.688133 0.188243 0.111867 0.112312 0.00124554
2 0.936633 0.313266 0.112191 0.114433 0.00123247
6 0.811476 0.313063 0.111452 0.112573 0.0012323
10 0.936377 0.934056 0.113125 0.114738 0.00119427
7 0.812086 0.809397 0.11306 0.113063 0.00116766
9 0.439935 0.933863 0.111579 0.1127 0.00115643
11 0.0674722 0.560998 0.112502 0.114397 0.00114731
10 0.439476 0.437611 0.111468 0.111812 0.00114535
12 0.811759 0.313231 0.111477 0.112301 0.00113247
12 0.0669328 0.437277 0.112458 0.113156 0.00113061
1 0.811079 0.313136 0.111932 0.112616 0.0011193
5 0.0662771 0.312806 0.113236 0.113291 0.00110663
2 0.563449 0.189257 0.112508 0.112558 0.0010954
12 0.812177 0.561721 0.11194 0.112691 0.00109536
7 0.066782 0.31266 0.113126 0.113319 0.00109158
6 0.0671333 0.43745 0.112857 0.113279 0.00108872
4 0.564066 0.313009 0.112272 0.113056 0.00108548
11 0.935974 0.188843 0.11224 0.112228 0.00106921
7 0.936382 0.437347 0.113047 0.1137 0.00106869
4 0.067234 0.685632 0.112451 0.112236 0.00105403
1 0.0671333 0.43745 0.112857 0.113279 0.00104964
6 0.936055 0.93444 0.114007 0.113394 0.00103883
0 0.0668102 0.561485 0.112547 0.112442 0.00102195
2 0.191547 0.313023 0.112206 0.113243 0.00101141
10 0.812301 0.808936 0.112313 0.113506 0.00100429
