7 0.439489 0.0649935 0.112249 0.113349 0.986758
7 0.44013 0.809646 0.112395 0.112876 0.986638
9 0.315587 0.685518 0.111552 0.112466 0.986404
3 0.563651 0.809718 0.112371 0.112933 0.986322
13 0.315845 0.933807 0.112588 0.113886 0.985807
11 0.439203 0.934051 0.111502 0.113432 0.985653
9 0.0666859 0.561662 0.112737 0.113072 0.98559
8 0.0665909 0.685602 0.113592 0.112578 0.985393
2 0.0671094 0.809407 0.113005 0.113343 0.984589
2 0.315183 0.809244 0.112555 0.112337 0.984564
13 0.19231 0.933867 0.111587 0.113709 0.984338
7 0.0669844 0.313654 0.113706 0.113755 0.983846
13 0.191676 0.31362 0.111361 0.112625 0.983674
5 0.687593 0.933887 0.111182 0.113008 0.983648
5 0.936987 0.809565 0.111848 0.112281 0.983585
3 0.0665973 0.0651353 0.113786 0.114918 0.983442
0 0.935461 0.684956 0.113364 0.111273 0.983433
2 0.563194 0.933807 0.113183 0.114311 0.983189
6 0.440154 0.685159 0.11182 0.112089 0.982914
7 0.315158 0.313481 0.112823 0.112799 0.982816
12 0.935768 0.933835 0.113424 0.114016 0.982729
9 0.688044 0.685431 0.111605 0.112402 0.982611
11 0.0666114 0.93407 0.114969 0.115574 0.982543
5 0.315744 0.189661 0.111237 0.112344 0.982522
1 0.191318 0.561359 0.111995 0.112835 0.982086
4 0.191334 0.0649034 0.113337 0.11419 0.98206
4 0.439449 0.313046 0.113091 0.114039 0.982011
6 0.315553 0.437073 0.113253 0.112322 0.981938
5 0.563745 0.68507 0.110163 0.112199 0.981932
1 0.0666104 0.437641 0.112547 0.112152 0.981668
4 0.19143 0.808864 0.113009 0.113022 0.981658
6 0.191564 0.437758 0.111737 0.112086 0.981425
4 0.563511 0.0650768 0.112369 0.113688 0.981244
12 0.191291 0.189018 0.112106 0.112669 0.980794
6 0.688056 0.81007 0.113178 0.113112 0.980787
6 0.440087 0.561068 0.112254 0.112779 0.98051
12 0.191011 0.685175 0.11318 0.111434 0.980445
8 0.315564 0.0647226 0.112443 0.113582 0.980139
2 0.812043 0.80942 0.11344 0.11328 0.979871
0 0.315127 0.561257 0.112863 0.111574 0.979742
6 0.812411 0.68542 0.112737 0.112702 0.979268
12 0.812154 0.933591 0.112362 0.111698 0.979198
1 0.687497 0.312975 0.112326 0.112047 0.979116
3 0.687414 0.189188 0.112141 0.112747 0.978978
10 0.688104 0.436927 0.113013 0.11455 0.978935
1 0.811852 0.188856 0.112713 0.113397 0.978895
12 0.0671608 0.188884 0.113566 0.112146 0.978774
0 0.563735 0.561141 0.111644 0.112989 0.978643
9 0.935411 0.189403 0.111883 0.113027 0.978605
1 0.936057 0.064116 0.1142 0.114014 0.978578
8 0.687708 0.0648606 0.111941 0.112846 0.978237
8 0.936533 0.561767 0.111561 0.112016 0.977989
3 0.811383 0.313124 0.110999 0.111444 0.977929
6 0.936475 0.437169 0.113483 0.112518 0.977829
2 0.563502 0.312934 0.111576 0.111577 0.977756
12 0.563613 0.188834 0.112065 0.11254 0.977754
8 0.812123 0.561748 0.112648 0.112307 0.977742
8 0.439286 0.1887 0.112386 0.112048 0.977671
2 0.812316 0.436992 0.112403 0.113132 0.977632
8 0.439934 0.437573 0.110757 0.111263 0.97755
8 0.563786 0.436993 0.111769 0.113505 0.977377
3 0.935999 0.313642 0.112189 0.112607 0.977342
8 0.687727 0.56139 0.111877 0.112264 0.977141
2 0.812055 0.0640504 0.111844 0.11347 0.976818
6 0.812075 0.933546 0.111161 0.113339 0.220521
6 0.935898 0.933604 0.111926 0.113393 0.0405305
2 0.0664988 0.685103 0.113506 0.111536 0.0354378
2 0.936537 0.560773 0.113845 0.111497 0.0194331
6 0.563333 0.189294 0.112218 0.113167 0.0178137
2 0.439517 0.18836 0.111497 0.112173 0.0171909
6 0.191531 0.68527 0.110917 0.111262 0.0165886
2 0.563363 0.436705 0.111949 0.114285 0.0121698
2 0.687846 0.560912 0.112015 0.111891 0.0118997
6 0.0665654 0.189315 0.113057 0.112761 0.0114656
2 0.688004 0.0636681 0.111924 0.112827 0.0103999
11 0.688136 0.933864 0.112649 0.112694 0.00802937
2 0.811977 0.561426 0.111881 0.11215 0.00720265
2 0.439577 0.437153 0.111745 0.112113 0.00662556
7 0.811588 0.933244 0.112677 0.112696 0.00607446
12 0.688255 0.685415 0.112602 0.1121 0.00567103
6 0.191271 0.189399 0.112683 0.113045 0.00561767
1 0.81163 0.437903 0.108974 0.110869 0.00399596
0 0.811873 0.188745 0.112438 0.114314 0.00393275
5 0.811426 0.809694 0.113869 0.112295 0.00388231
1 0.563197 0.31336 0.11116 0.112208 0.00387702
10 0.687355 0.934099 0.111206 0.111655 0.00382711
11 0.811444 0.561321 0.110124 0.111432 0.0036953
3 0.688265 0.808976 0.111811 0.1127 0.00367632
5 0.81149 0.437124 0.11235 0.11189 0.0036506
0 0.935732 0.0644531 0.112936 0.113427 0.00361754
2 0.688166 0.933359 0.11318 0.113666 0.00359204
12 0.0670732 0.560836 0.111941 0.114487 0.00320793
0 0.687449 0.313696 0.110903 0.112688 0.00308538
1 0.315516 0.561413 0.11269 0.112384 0.00307779
0 0.0659794 0.437075 0.114454 0.111779 0.00300029
1 0.563864 0.0645761 0.1115 0.114752 0.00298281
2 0.315573 0.0645416 0.111541 0.113187 0.00271399
11 0.687801 0.561155 0.111963 0.112942 0.0027118
0 0.688137 0.0644598 0.111734 0.11383 0.00258326
1 0.439826 0.313089 0.112819 0.113951 0.00255612
12 0.811466 0.313133 0.110964 0.112562 0.00253514
5 0.811398 0.0639212 0.111951 0.112087 0.00251181
3 0.812772 0.685001 0.112168 0.113372 0.00239531
3 0.688044 0.685431 0.111605 0.112402 0.00237976
0 0.439216 0.438028 0.11214 0.112484 0.00237659
4 0.688204 0.437411 0.112833 0.114975 0.0022903
4 0.440442 0.809463 0.112178 0.113414 0.00228431
4 0.066751 0.313428 0.114196 0.113261 0.00228106
11 0.686825 0.0637536 0.11081 0.111015 0.0021988
5 0.0666098 0.93389 0.115411 0.115607 0.00216787
7 0.935876 0.933365 0.111783 0.113719 0.0021173
10 0.936464 0.809584 0.112127 0.112468 0.00211569
4 0.935898 0.933604 0.111926 0.113393 0.00210061
4 0.812075 0.933546 0.111161 0.113339 0.0021
10 0.0672626 0.313568 0.11365 0.114926 0.00208923
7 0.316736 0.933851 0.111667 0.113859 0.00208848
0 0.191318 0.561359 0.111995 0.112835 0.00208399
12 0.687548 0.189069 0.111571 0.112594 0.00205873
9 0.935793 0.685083 0.112459 0.111287 0.00202309
8 0.935875 0.189071 0.11188 0.114158 0.00199488
0 0.688255 0.685415 0.112602 0.1121 0.00193296
2 0.687977 0.313085 0.111632 0.112319 0.00193056
10 0.19202 0.933468 0.113003 0.114542 0.00190659
11 0.936151 0.561425 0.110527 0.113485 0.00188947
11 0.563549 0.436506 0.112319 0.113397 0.00187905
11 0.439568 0.188416 0.111558 0.111838 0.00184679
5 0.563468 0.933789 0.112115 0.111936 0.00183132
12 0.688239 0.437278 0.11229 0.11326 0.00182159
7 0.191479 0.0647124 0.11219 0.112699 0.00181276
7 0.439677 0.313037 0.112151 0.112565 0.00180641
7 0.191506 0.438133 0.113257 0.112653 0.00177683
2 0.68806 0.189528 0.112914 0.1125 0.00177253
4 0.688048 0.189277 0.113539 0.114003 0.00177176
5 0.688159 0.437149 0.113045 0.114002 0.00171332
1 0.812185 0.0639741 0.111337 0.11352 0.00170618
4 0.811543 0.189323 0.113038 0.113418 0.00169072
1 0.812113 0.80951 0.112659 0.113063 0.00166687
1 0.19172 0.0648919 0.112599 0.114375 0.00164685
1 0.563633 0.933705 0.112963 0.113945 0.00164677
12 0.936117 0.189191 0.112209 0.113052 0.00164642
3 0.812075 0.933546 0.111161 0.113339 0.00162822
13 0.687358 0.437022 0.111709 0.111787 0.00161488
11 0.0672565 0.685408 0.113046 0.114502 0.00161189
5 0.688098 0.189308 0.114008 0.112035 0.00156716
12 0.315842 0.685372 0.111534 0.11173 0.00156239
1 0.563896 0.560867 0.111842 0.112529 0.00155643
8 0.81151 0.0638914 0.111436 0.113196 0.00155023
11 0.439436 0.437231 0.112144 0.111952 0.00154218
4 0.688265 0.808976 0.111811 0.1127 0.00152451
7 0.688343 0.80947 0.113599 0.112936 0.0015214
3 0.440154 0.685159 0.11182 0.112089 0.00151755
13 0.811588 0.933244 0.112677 0.112696 0.00150283
10 0.314982 0.188994 0.111484 0.112065 0.00149819
8 0.812241 0.436237 0.111289 0.111898 0.00149742
7 0.563353 0.0645948 0.112287 0.11335 0.00149094
1 0.315822 0.809303 0.11299 0.112293 0.0014868
7 0.19264 0.933689 0.112204 0.114352 0.00147554
3 0.936181 0.437424 0.11272 0.113534 0.00145579
5 0.315331 0.809332 0.112099 0.111927 0.00145195
1 0.688375 0.809664 0.112012 0.113559 0.00145144
7 0.811579 0.685456 0.112003 0.113654 0.00144209
3 0.0664085 0.808844 0.114054 0.112347 0.00144134
4 0.563869 0.809934 0.110928 0.111878 0.00141651
9 0.686744 0.189225 0.112028 0.11332 0.00141402
6 0.936745 0.31353 0.112971 0.114049 0.00140757
11 0.936649 0.809565 0.112236 0.111099 0.00138173
7 0.191676 0.31362 0.111361 0.112625 0.00137905
3 0.563886 0.313425 0.112078 0.112329 0.00136628
4 0.0666737 0.437156 0.113324 0.112324 0.00136206
11 0.688239 0.437278 0.11229 0.11326 0.00135664
1 0.563573 0.809738 0.111737 0.112038 0.00134259
7 0.19149 0.809186 0.112575 0.112735 0.00133237
3 0.191564 0.437758 0.111737 0.112086 0.00130825
1 0.191614 0.809446 0.11346 0.113336 0.00130793
8 0.563668 0.933715 0.112141 0.113021 0.00128449
12 0.935466 0.313167 0.111038 0.112177 0.0012762
4 0.687604 0.313132 0.112074 0.111473 0.00127506
9 0.811424 0.313183 0.111781 0.112817 0.00126014
12 0.563712 0.560903 0.112498 0.112427 0.00125196
3 0.315368 0.685268 0.111313 0.111918 0.00124803
7 0.688204 0.437411 0.112833 0.114975 0.00123965
6 0.812307 0.313527 0.111694 0.112215 0.0012221
3 0.315735 0.437275 0.112407 0.112996 0.00119366
6 0.68806 0.189528 0.112914 0.1125 0.00118966
4 0.563886 0.313425 0.112078 0.112329 0.00118157
10 0.191181 0.313221 0.112785 0.113339 0.00118036
0 0.936577 0.561786 0.111929 0.113058 0.0011781
0 0.9359 0.189151 0.112247 0.113631 0.0011717
4 0.315354 0.313539 0.112718 0.11359 0.00116603
3 0.440087 0.561068 0.112254 0.112779 0.00115031
12 0.191541 0.313279 0.111547 0.111895 0.00114925
10 0.315627 0.313612 0.113351 0.113865 0.00114707
8 0.439529 0.933504 0.112717 0.11307 0.00114434
1 0.0671463 0.809139 0.113311 0.112124 0.00114087
10 0.316377 0.934059 0.111783 0.112386 0.00113934
11 0.315564 0.0647226 0.112443 0.113582 0.00113808
3 0.811723 0.0648819 0.111606 0.112156 0.00113799
3 0.563568 0.933875 0.111745 0.113761 0.00112855
3 0.315183 0.809244 0.112555 0.112337 0.00112524
5 0.0673654 0.809245 0.114004 0.113907 0.00111808
10 0.563283 0.685692 0.111358 0.112147 0.00108632
12 0.31549 0.313569 0.113242 0.113238 0.00106684
5 0.191436 0.809051 0.112529 0.112251 0.00106133
11 0.191181 0.313221 0.112785 0.113339 0.001044
4 0.936745 0.31353 0.112971 0.114049 0.00103448
1 0.811208 0.313323 0.111583 0.111851 0.00102786
9 0.935915 0.313169 0.112083 0.113881 0.00102631
7 0.936381 0.437096 0.113265 0.112869 0.0010149
4 0.191355 0.561034 0.111838 0.112671 0.00101267
