5 0.19105 0.934235 0.112051 0.114217 0.986637
2 0.315367 0.809569 0.113305 0.112509 0.986091
3 0.19145 0.80953 0.111239 0.112438 0.985944
4 0.191509 0.685209 0.11173 0.111644 0.985492
5 0.440141 0.809848 0.111228 0.112988 0.985398
13 0.56355 0.933822 0.111379 0.113569 0.985314
12 0.315466 0.933695 0.110575 0.112148 0.985282
6 0.439793 0.934081 0.112377 0.114014 0.985105
9 0.687746 0.933961 0.112743 0.113431 0.98474
3 0.811835 0.933832 0.112309 0.112455 0.984596
13 0.563924 0.809707 0.111949 0.11335 0.984582
4 0.688106 0.809656 0.11204 0.112924 0.984519
13 0.936496 0.809597 0.112038 0.111575 0.984211
13 0.439962 0.68519 0.11126 0.112219 0.983999
1 0.316235 0.685389 0.111306 0.111973 0.983527
9 0.0670905 0.188707 0.113049 0.11128 0.983154
9 0.439227 0.0645346 0.110713 0.112713 0.982746
12 0.0670356 0.561437 0.112382 0.112854 0.982414
7 0.191671 0.313313 0.111207 0.111815 0.982336
10 0.439517 0.313002 0.112715 0.112112 0.982309
1 0.0662578 0.934021 0.111641 0.112733 0.982251
12 0.0669106 0.685549 0.111723 0.111981 0.982248
1 0.0671101 0.437659 0.112371 0.112073 0.982242
12 0.0672585 0.809353 0.112063 0.113155 0.982211
6 0.315528 0.313559 0.112174 0.11309 0.982185
12 0.563897 0.6855 0.110324 0.112046 0.982007
11 0.31581 0.56134 0.112878 0.112178 0.98189
12 0.191735 0.561463 0.110843 0.112272 0.981685
2 0.31515 0.436983 0.112412 0.11327 0.981598
8 0.936382 0.933776 0.113201 0.114138 0.981567
5 0.439426 0.189249 0.112819 0.112702 0.981335
2 0.315109 0.188833 0.112347 0.113217 0.98129
0 0.315368 0.0638128 0.111845 0.112717 0.981227
9 0.563388 0.0646827 0.111209 0.113214 0.981167
2 0.191131 0.18908 0.111865 0.112961 0.980828
2 0.19154 0.0645847 0.111324 0.113023 0.980614
0 0.190903 0.437102 0.111513 0.111402 0.980612
2 0.0674069 0.312937 0.11234 0.113901 0.980051
10 0.563975 0.437052 0.1122 0.11347 0.979625
1 0.43972 0.561326 0.112566 0.113465 0.979615
1 0.812222 0.436892 0.112754 0.112731 0.979478
0 0.0672282 0.064479 0.111975 0.113259 0.979415
4 0.688074 0.561011 0.112994 0.113439 0.979351
0 0.811912 0.809277 0.112227 0.112618 0.979303
9 0.811678 0.0651528 0.111879 0.111556 0.979246
11 0.687788 0.312907 0.111954 0.113177 0.979226
0 0.439343 0.437526 0.111636 0.111832 0.979172
13 0.687969 0.685853 0.112753 0.112369 0.979133
1 0.563813 0.189114 0.111625 0.112612 0.97911
10 0.812334 0.188867 0.112035 0.11284 0.979047
11 0.687651 0.188584 0.112177 0.113329 0.979047
10 0.812386 0.561316 0.11328 0.113183 0.978947
7 0.687803 0.0648504 0.11262 0.112236 0.978862
8 0.564075 0.561621 0.112378 0.113632 0.978809
0 0.687689 0.436793 0.111885 0.11303 0.978765
0 0.563604 0.312893 0.111481 0.113361 0.978741
9 0.93618 0.188728 0.112889 0.112694 0.978544
1 0.936499 0.0640835 0.113896 0.113726 0.978381
8 0.936331 0.685681 0.112582 0.112324 0.978328
8 0.81216 0.312939 0.112758 0.112833 0.978293
4 0.937017 0.43692 0.113752 0.113762 0.978247
1 0.93672 0.312968 0.113057 0.11209 0.97824
12 0.812421 0.685582 0.111351 0.112387 0.977949
3 0.936605 0.561837 0.111688 0.112019 0.977746
5 0.315459 0.561723 0.112583 0.112814 0.011605
5 0.688176 0.31293 0.11165 0.11254 0.0089979
9 0.813137 0.933617 0.110944 0.11226 0.00684773
12 0.688046 0.685579 0.111246 0.111772 0.00619703
2 0.936144 0.933825 0.11298 0.112848 0.00600321
1 0.688062 0.436508 0.112394 0.112895 0.00569558
5 0.688066 0.188425 0.112184 0.113123 0.00519424
6 0.56388 0.685211 0.11033 0.111903 0.00513552
2 0.936312 0.685377 0.112632 0.111533 0.00468698
0 0.936203 0.0640208 0.112422 0.113561 0.00435116
1 0.688176 0.56135 0.112426 0.113009 0.00424998
1 0.0669679 0.0636676 0.113728 0.113584 0.00422371
9 0.936122 0.562071 0.110904 0.113228 0.00417549
7 0.936631 0.436849 0.113482 0.112771 0.00386608
1 0.936764 0.436994 0.113617 0.113961 0.00368918
2 0.563698 0.56148 0.110571 0.113578 0.00366661
6 0.812201 0.685677 0.11123 0.111729 0.00359079
2 0.811511 0.312478 0.111129 0.112517 0.00354988
1 0.688086 0.808869 0.111997 0.113054 0.00351578
1 0.5638 0.312422 0.111773 0.112687 0.00351239
12 0.439699 0.685231 0.111686 0.112066 0.0034697
1 0.315188 0.437882 0.110992 0.110365 0.00344908
6 0.0671399 0.685452 0.112746 0.112766 0.00325055
0 0.812202 0.436238 0.112813 0.112095 0.00303725
12 0.936111 0.562065 0.110916 0.112919 0.003005
12 0.686801 0.0650789 0.109234 0.112172 0.00299328
1 0.0669086 0.313459 0.112286 0.112914 0.00287607
0 0.936511 0.31341 0.112232 0.110982 0.00284655
12 0.564098 0.809558 0.11147 0.112238 0.00282077
12 0.936256 0.1888 0.112605 0.112871 0.00272396
0 0.813012 0.064883 0.109629 0.111784 0.0026231
10 0.315845 0.561271 0.112161 0.112556 0.00258254
3 0.440041 0.933925 0.112278 0.113418 0.00257968
7 0.811676 0.686044 0.111408 0.113063 0.00257318
4 0.564119 0.437539 0.111646 0.112263 0.00256491
3 0.315577 0.313274 0.111464 0.112999 0.00251544
12 0.811735 0.933338 0.111667 0.112649 0.00239737
0 0.688538 0.933475 0.113206 0.112446 0.00239324
10 0.688176 0.313029 0.112807 0.113127 0.00234632
8 0.688509 0.933866 0.113041 0.112116 0.00230542
0 0.563782 0.188871 0.111398 0.11298 0.00220789
2 0.813137 0.933617 0.110944 0.11226 0.00220528
4 0.813051 0.561863 0.111653 0.114465 0.00217346
12 0.19163 0.313602 0.11141 0.112072 0.00216718
1 0.811912 0.809277 0.112227 0.112618 0.00210237
6 0.191363 0.561346 0.111454 0.11288 0.00202386
6 0.315674 0.93368 0.110259 0.112947 0.00201758
12 0.812154 0.0645709 0.112537 0.112292 0.00200306
8 0.686701 0.188551 0.11168 0.113463 0.00199962
4 0.688207 0.064761 0.111142 0.112403 0.00193838
10 0.191125 0.933916 0.112548 0.112583 0.00189378
12 0.563866 0.0644567 0.112846 0.112523 0.00188588
6 0.0672585 0.809353 0.112063 0.113155 0.00182995
1 0.191519 0.685604 0.112135 0.112029 0.0018204
4 0.439937 0.313369 0.11133 0.112526 0.00181001
2 0.688106 0.809656 0.11204 0.112924 0.00179881
1 0.315685 0.809349 0.113213 0.112602 0.00177131
9 0.686701 0.188551 0.11168 0.113463 0.00175868
10 0.439579 0.189141 0.11193 0.112535 0.00175435
1 0.315212 0.188677 0.112271 0.113188 0.00173859
7 0.0671357 0.685512 0.112293 0.113078 0.00171553
1 0.315368 0.0638128 0.111845 0.112717 0.00159166
1 0.190973 0.436845 0.112531 0.112555 0.00159006
5 0.813146 0.933113 0.111864 0.11092 0.00158255
4 0.316235 0.685389 0.111306 0.111973 0.00158091
2 0.688176 0.56135 0.112426 0.113009 0.00157974
0 0.439981 0.561383 0.11214 0.112775 0.00157734
7 0.687768 0.561247 0.111637 0.112146 0.00157293
0 0.813025 0.313671 0.112357 0.115146 0.00156699
5 0.813032 0.561355 0.112701 0.113375 0.00154756
12 0.439578 0.0643899 0.11262 0.111923 0.00152602
1 0.439624 0.4368 0.112067 0.11288 0.00152509
6 0.936631 0.436849 0.113482 0.112771 0.00150874
4 0.0671101 0.437659 0.112371 0.112073 0.00150518
12 0.563852 0.933985 0.111027 0.112008 0.0015007
1 0.191077 0.188887 0.111591 0.113046 0.00149279
4 0.564117 0.189439 0.111328 0.11265 0.00145643
1 0.191473 0.0643226 0.111524 0.113523 0.00140639
7 0.191241 0.685601 0.112431 0.112346 0.00136891
11 0.936496 0.809597 0.112038 0.111575 0.00135833
5 0.812976 0.189096 0.112834 0.11421 0.00135376
12 0.0675289 0.188806 0.113442 0.112286 0.00134909
12 0.935898 0.809847 0.112103 0.113379 0.00134276
4 0.439875 0.56115 0.111697 0.112683 0.00131258
3 0.315367 0.809569 0.113305 0.112509 0.0013073
3 0.191624 0.561031 0.111366 0.112739 0.00129143
7 0.688154 0.809565 0.111858 0.11221 0.00128248
10 0.688112 0.188805 0.112425 0.113289 0.00127863
2 0.191241 0.685601 0.112431 0.112346 0.00126631
6 0.688185 0.064774 0.110755 0.113364 0.00125578
3 0.563709 0.0648 0.111664 0.111836 0.00124082
3 0.813051 0.0643597 0.110514 0.110503 0.0012386
1 0.936605 0.561837 0.111688 0.112019 0.00123499
0 0.813104 0.686188 0.111175 0.113616 0.00122269
0 0.0674153 0.188842 0.113675 0.112241 0.00121363
11 0.563936 0.561336 0.111578 0.112723 0.00121121
0 0.936092 0.685313 0.11131 0.111969 0.00120943
4 0.812364 0.437382 0.111828 0.112757 0.00119636
3 0.0671399 0.685452 0.112746 0.112766 0.00119617
4 0.936511 0.31341 0.112232 0.110982 0.00119056
1 0.812223 0.933318 0.111549 0.112394 0.00118371
13 0.439918 0.313232 0.111121 0.111669 0.00117931
4 0.812975 0.189362 0.111362 0.114651 0.0011772
0 0.936133 0.933193 0.111925 0.112116 0.00115759
13 0.563309 0.437402 0.111517 0.111596 0.00113789
13 0.811493 0.56171 0.1127 0.112365 0.0011377
0 0.0663515 0.436684 0.114462 0.111169 0.00113172
8 0.315188 0.437882 0.110992 0.110365 0.00112564
4 0.935991 0.0644291 0.112819 0.112766 0.00109441
12 0.688509 0.933866 0.113041 0.112116 0.00107522
7 0.81165 0.188798 0.111716 0.112938 0.00107255
11 0.812104 0.313254 0.111641 0.113071 0.0010716
10 0.688185 0.064774 0.110755 0.113364 0.0010678
11 0.936067 0.685586 0.110648 0.11344 0.00106537
7 0.315809 0.313622 0.113161 0.112775 0.00105671
0 0.563709 0.0648 0.111664 0.111836 0.0010548
0 0.0661999 0.934073 0.112423 0.112739 0.00104939
2 0.936764 0.436994 0.113617 0.113961 0.00104882
2 0.81296 0.436856 0.110965 0.11309 0.00104086
11 0.811573 0.561562 0.112208 0.113 0.00103241
11 0.935915 0.933845 0.110956 0.113864 0.00103045
6 0.191438 0.685416 0.11252 0.112603 0.00102673
5 0.563621 0.437522 0.112405 0.112261 0.00101334
10 0.936478 0.809151 0.11187 0.112223 0.00101326
7 0.811573 0.561562 0.112208 0.113 0.00100628
