3 0.314988 0.934105 0.112806 0.112413 0.987537
3 0.0674239 0.809476 0.112768 0.113319 0.985965
12 0.563966 0.933766 0.110889 0.113177 0.985541
2 0.31511 0.809574 0.11294 0.112554 0.985495
4 0.439335 0.934171 0.112514 0.11413 0.985242
13 0.812079 0.933895 0.112526 0.11286 0.985069
3 0.314778 0.685353 0.112124 0.111442 0.984979
2 0.191035 0.93381 0.113249 0.113264 0.984346
6 0.564007 0.809617 0.111725 0.113252 0.984333
4 0.0666589 0.933591 0.112693 0.11373 0.984239
11 0.439037 0.06551 0.111225 0.112047 0.984228
8 0.191502 0.80943 0.111471 0.112727 0.984184
8 0.0668287 0.561467 0.11279 0.113386 0.983999
11 0.314664 0.0653855 0.111271 0.111569 0.983888
7 0.936647 0.809453 0.111833 0.111902 0.983859
9 0.439065 0.685377 0.111525 0.111585 0.983769
6 0.687966 0.93397 0.111809 0.113683 0.983752
10 0.0669767 0.437422 0.113236 0.112252 0.983025
0 0.191163 0.685277 0.112171 0.111511 0.982944
4 0.0671562 0.0648916 0.113686 0.11337 0.982703
0 0.315307 0.561143 0.112403 0.112391 0.982131
6 0.935683 0.933888 0.112575 0.112925 0.982031
4 0.439374 0.560764 0.113151 0.112993 0.98199
7 0.688319 0.809993 0.112787 0.112575 0.981784
11 0.191008 0.437721 0.112131 0.112566 0.981673
1 0.439578 0.809712 0.11247 0.113008 0.981668
0 0.935929 0.685026 0.113375 0.111871 0.98162
1 0.191106 0.312563 0.111756 0.112037 0.981482
11 0.19067 0.0652995 0.110984 0.111244 0.981283
7 0.439366 0.313408 0.112387 0.113019 0.981231
1 0.314982 0.437315 0.111759 0.111463 0.981082
2 0.191063 0.561194 0.111616 0.111781 0.981019
1 0.314995 0.189097 0.11241 0.112048 0.980975
2 0.0672148 0.685578 0.112165 0.112584 0.980959
1 0.563719 0.685094 0.111696 0.112727 0.980487
1 0.0671389 0.187571 0.110862 0.110519 0.980363
8 0.315304 0.313153 0.112609 0.11271 0.980356
11 0.812281 0.809726 0.113036 0.113659 0.980349
0 0.191024 0.188523 0.112017 0.111667 0.980133
0 0.0667656 0.311203 0.112192 0.114134 0.980036
11 0.563742 0.561186 0.112024 0.112878 0.979739
4 0.563803 0.31279 0.113 0.113373 0.979537
13 0.563528 0.437604 0.11231 0.112769 0.979414
12 0.439618 0.188592 0.112656 0.112658 0.979338
0 0.563641 0.0651201 0.111444 0.113255 0.979278
11 0.687572 0.312761 0.111983 0.1136 0.979213
13 0.81198 0.561695 0.112474 0.1127 0.979032
11 0.687669 0.188478 0.111947 0.113192 0.978809
0 0.439319 0.437296 0.111196 0.111483 0.978769
1 0.563519 0.189138 0.111873 0.1126 0.978715
3 0.687744 0.437115 0.11161 0.112049 0.978661
1 0.687663 0.0646249 0.111844 0.113399 0.978652
5 0.687912 0.685242 0.112513 0.112009 0.978647
13 0.811921 0.189202 0.112441 0.112387 0.978641
10 0.812363 0.437008 0.112494 0.112656 0.97861
0 0.936147 0.436867 0.113016 0.112466 0.97849
13 0.936156 0.312932 0.113351 0.112641 0.978468
4 0.812619 0.312923 0.112943 0.112795 0.978411
1 0.936314 0.0643178 0.11384 0.113753 0.978322
4 0.936911 0.561151 0.113577 0.113236 0.97804
2 0.811982 0.685633 0.111832 0.112421 0.978032
2 0.687932 0.561227 0.112246 0.112591 0.978009
2 0.811896 0.0646971 0.111775 0.112596 0.977899
7 0.935813 0.189234 0.111173 0.111748 0.977045
12 0.563922 0.437905 0.10828 0.113604 0.00900234
5 0.315263 0.0646667 0.11138 0.112413 0.00810583
5 0.688081 0.312759 0.111722 0.112865 0.007637
12 0.811787 0.188833 0.112037 0.111917 0.0071882
2 0.0666193 0.560982 0.114226 0.112475 0.00699788
2 0.191484 0.809443 0.111802 0.11318 0.00600653
9 0.688054 0.436456 0.111765 0.112205 0.00550035
8 0.81143 0.809448 0.112308 0.112132 0.00546046
5 0.56405 0.561495 0.111885 0.112193 0.00530751
5 0.688088 0.188301 0.111881 0.112918 0.00519258
0 0.688054 0.0637198 0.1116 0.113146 0.00515991
5 0.812297 0.809959 0.112094 0.112512 0.00492012
8 0.191271 0.933864 0.11116 0.111707 0.00422282
3 0.564237 0.809252 0.111497 0.112476 0.00384249
3 0.68802 0.933696 0.111622 0.112523 0.00373781
12 0.811523 0.933255 0.111565 0.111339 0.00373232
1 0.812475 0.313229 0.11287 0.113355 0.00354567
1 0.688141 0.561255 0.112001 0.113138 0.00352475
7 0.936305 0.561209 0.113119 0.112171 0.00351152
10 0.190921 0.436763 0.111811 0.11178 0.0032763
12 0.936115 0.189057 0.112599 0.113182 0.00321056
1 0.936645 0.561215 0.112774 0.113388 0.00310679
2 0.31538 0.31327 0.111234 0.113106 0.00308643
7 0.439578 0.934033 0.111748 0.112122 0.00301974
7 0.066445 0.0649429 0.112976 0.112435 0.00295534
1 0.563704 0.312855 0.11223 0.112784 0.00295406
1 0.688379 0.933235 0.112218 0.113551 0.00290977
12 0.811373 0.561589 0.111123 0.112149 0.00289749
1 0.0665237 0.310461 0.113959 0.114155 0.00287223
10 0.812104 0.933448 0.112046 0.11383 0.00285886
10 0.56387 0.56118 0.11257 0.112834 0.00285733
3 0.936064 0.933746 0.112218 0.113418 0.0028377
10 0.686732 0.312702 0.113038 0.113551 0.00273249
0 0.936181 0.0643446 0.11259 0.113808 0.00271249
2 0.688058 0.0647461 0.111055 0.112122 0.00268119
5 0.811438 0.68542 0.113683 0.111793 0.00259237
6 0.563837 0.933527 0.110475 0.113204 0.00252175
12 0.93594 0.809656 0.112264 0.113616 0.00249785
9 0.81143 0.809448 0.112308 0.112132 0.00244073
1 0.439698 0.561059 0.112565 0.112682 0.00242845
0 0.563675 0.188695 0.11165 0.113015 0.00242316
3 0.688373 0.561313 0.111359 0.112316 0.00242093
2 0.563798 0.31326 0.111962 0.113869 0.00236741
1 0.0671562 0.0648916 0.113686 0.11337 0.00236685
5 0.19089 0.437165 0.112604 0.112892 0.00225362
10 0.68811 0.188641 0.111872 0.112353 0.00218707
1 0.812212 0.685381 0.112189 0.112747 0.00216969
0 0.0657674 0.186666 0.111361 0.109969 0.00214063
8 0.688157 0.56131 0.110417 0.112842 0.0021286
7 0.811718 0.312476 0.113317 0.114153 0.00211611
10 0.191296 0.0647447 0.111676 0.112536 0.00211333
7 0.0666056 0.933719 0.113115 0.11348 0.00208124
3 0.688283 0.685496 0.112726 0.113233 0.00207951
1 0.19107 0.561224 0.11167 0.112349 0.00207612
4 0.6883 0.685257 0.112035 0.113162 0.00206662
2 0.812222 0.313525 0.112202 0.113512 0.00201288
10 0.812339 0.809243 0.11247 0.113386 0.00198921
6 0.936027 0.188845 0.112722 0.112688 0.00198167
5 0.19107 0.0650697 0.112013 0.112829 0.00194275
1 0.81207 0.0643906 0.111833 0.113392 0.00193312
12 0.687865 0.436387 0.111702 0.111098 0.00189381
2 0.936645 0.561215 0.112774 0.113388 0.00188001
3 0.812218 0.685557 0.111462 0.111337 0.00187051
12 0.43972 0.313469 0.111949 0.112461 0.00184194
7 0.935864 0.93383 0.113054 0.114106 0.00181606
2 0.688215 0.437443 0.110604 0.111524 0.00179921
8 0.811462 0.0644223 0.111657 0.112917 0.00178765
10 0.315287 0.0646453 0.112191 0.111834 0.00178497
1 0.0668173 0.685117 0.112751 0.111892 0.00175933
3 0.0665447 0.685005 0.114074 0.112261 0.00175552
6 0.688383 0.809672 0.113012 0.113707 0.00174604
9 0.686706 0.312674 0.111354 0.112529 0.00174447
4 0.688047 0.80901 0.111982 0.11239 0.00173693
6 0.935937 0.809437 0.111313 0.113242 0.00170931
3 0.191299 0.561345 0.112627 0.111885 0.00170179
1 0.563666 0.0641671 0.111086 0.113511 0.00167276
0 0.191146 0.313204 0.111332 0.113269 0.00165879
4 0.936677 0.808903 0.112412 0.112825 0.00164717
9 0.686772 0.188508 0.110928 0.112428 0.00162682
1 0.439791 0.436826 0.111539 0.11263 0.00162572
1 0.0668423 0.933974 0.113279 0.113637 0.00162244
1 0.439317 0.93346 0.112126 0.11407 0.00161798
4 0.688373 0.561313 0.111359 0.112316 0.00160841
12 0.936489 0.313141 0.110666 0.112525 0.00160054
1 0.315303 0.809299 0.113011 0.112488 0.00159079
4 0.563912 0.684991 0.111378 0.111871 0.00158303
5 0.81135 0.0645833 0.111996 0.112056 0.00156583
5 0.439692 0.0652308 0.112048 0.112975 0.00154786
1 0.0668247 0.809193 0.112536 0.111866 0.00153709
0 0.315342 0.437245 0.112616 0.112783 0.00153387
2 0.6883 0.685257 0.112035 0.113162 0.00152655
4 0.813049 0.437588 0.110911 0.113678 0.00151613
2 0.066445 0.0649429 0.112976 0.112435 0.00149772
9 0.936007 0.685053 0.112206 0.11195 0.00148516
8 0.688067 0.312705 0.112408 0.114455 0.00147165
6 0.0670104 0.188541 0.112598 0.115468 0.00146638
7 0.439489 0.561014 0.1122 0.112319 0.00144427
4 0.439613 0.809563 0.111826 0.112491 0.0014337
7 0.067266 0.438012 0.113762 0.112846 0.00142137
0 0.315168 0.188748 0.11247 0.113336 0.00141104
0 0.315524 0.313527 0.112101 0.113209 0.00138752
5 0.8116 0.437609 0.112358 0.112197 0.00136862
0 0.56396 0.685019 0.111704 0.112602 0.00136807
4 0.0678777 0.438028 0.112403 0.111294 0.00136525
6 0.811638 0.313101 0.114634 0.112524 0.00135458
2 0.0666056 0.933719 0.113115 0.11348 0.00132631
7 0.811569 0.436927 0.112123 0.112669 0.00132454
1 0.191039 0.933495 0.112987 0.112832 0.00131581
4 0.315274 0.437605 0.112256 0.112704 0.00130812
8 0.56416 0.561672 0.111349 0.111566 0.00129548
9 0.31578 0.685311 0.11261 0.111699 0.00129535
10 0.6883 0.685257 0.112035 0.113162 0.0012919
7 0.564154 0.437993 0.112567 0.110587 0.00128092
6 0.439826 0.313522 0.1125 0.112064 0.00127643
4 0.563675 0.188695 0.11165 0.113015 0.00127115
4 0.315377 0.189398 0.112311 0.113669 0.00125467
12 0.439715 0.685633 0.112696 0.112492 0.00125342
10 0.43956 0.0648609 0.112384 0.11277 0.00124586
0 0.439753 0.809624 0.112231 0.113173 0.0012101
4 0.935975 0.189146 0.113089 0.112283 0.00120925
2 0.439709 0.56117 0.112385 0.112947 0.00120217
5 0.0665791 0.0653605 0.112692 0.111809 0.00120127
2 0.439335 0.934171 0.112514 0.11413 0.00119912
3 0.191035 0.93381 0.113249 0.113264 0.00118467
4 0.43972 0.313469 0.111949 0.112461 0.00117952
9 0.936119 0.437171 0.112713 0.112757 0.00117102
3 0.31511 0.809574 0.11294 0.112554 0.00116767
3 0.8119 0.0653951 0.111535 0.112885 0.00116021
7 0.68802 0.933696 0.111622 0.112523 0.00115688
6 0.936145 0.561115 0.11347 0.112941 0.0011477
11 0.686741 0.685877 0.111759 0.110177 0.00114663
4 0.935903 0.0648899 0.112685 0.113219 0.00113941
4 0.191226 0.313008 0.111744 0.112586 0.0011335
10 0.935767 0.313203 0.110693 0.111694 0.00112628
5 0.688141 0.561255 0.112001 0.113138 0.00112389
11 0.191317 0.933843 0.111372 0.111471 0.00111303
7 0.563586 0.313278 0.112934 0.112918 0.00109843
11 0.812585 0.436406 0.110859 0.112277 0.00109621
8 0.813072 0.685153 0.10983 0.112817 0.00109447
9 0.0676836 0.809565 0.114761 0.113548 0.0010941
6 0.688058 0.0647461 0.111055 0.112122 0.00108224
8 0.688101 0.188446 0.112065 0.113844 0.00107671
1 0.315464 0.685372 0.111776 0.112174 0.00107213
11 0.315436 0.312893 0.11168 0.112618 0.00106394
11 0.0671868 0.561027 0.113213 0.113419 0.00105679
12 0.686839 0.810213 0.111565 0.112736 0.0010502
10 0.563394 0.4379 0.112534 0.112948 0.0010331
5 0.0670677 0.685149 0.112995 0.113382 0.00102649
8 0.0668265 0.685422 0.11238 0.112201 0.00101961
5 0.688235 0.43716 0.112209 0.112097 0.00101656
11 0.812079 0.933895 0.112526 0.11286 0.00101375
0 0.439715 0.685633 0.112696 0.112492 0.00100634
