3 0.563731 0.0649399 0.111399 0.112257 0.986213
8 0.687676 0.934072 0.111795 0.112546 0.985968
3 0.439582 0.0649021 0.112244 0.112099 0.985422
4 0.316016 0.80938 0.112205 0.111649 0.984859
11 0.935941 0.933997 0.113154 0.112232 0.984843
9 0.0674238 0.934035 0.114742 0.11426 0.984687
5 0.191649 0.561602 0.111817 0.112386 0.984019
10 0.191811 0.80958 0.112 0.111418 0.98384
6 0.191539 0.933741 0.110442 0.112069 0.983776
11 0.0671442 0.809358 0.113616 0.112584 0.983622
8 0.811984 0.809471 0.11348 0.112797 0.983606
7 0.0668202 0.685547 0.113788 0.11301 0.983568
11 0.315888 0.933736 0.112511 0.113324 0.983534
6 0.439608 0.933424 0.111431 0.113547 0.983438
12 0.439685 0.685093 0.11084 0.111711 0.983412
8 0.687608 0.0654019 0.112275 0.112612 0.983215
10 0.439996 0.809372 0.111447 0.111824 0.983177
11 0.191528 0.685083 0.111415 0.11211 0.983078
5 0.439086 0.18951 0.111646 0.113258 0.983023
5 0.191822 0.437658 0.111993 0.112846 0.982702
8 0.0667978 0.313968 0.113587 0.112583 0.982434
1 0.936591 0.809257 0.113216 0.112981 0.982404
1 0.0669028 0.437893 0.113055 0.112018 0.982222
1 0.315838 0.685265 0.111093 0.110846 0.982155
0 0.935909 0.684825 0.113182 0.111189 0.982147
5 0.563451 0.189816 0.112036 0.113086 0.982094
8 0.314878 0.0652631 0.112066 0.111694 0.982041
10 0.192216 0.313383 0.111938 0.111175 0.981963
7 0.811977 0.933993 0.113015 0.112391 0.981954
3 0.0670025 0.189509 0.112868 0.111735 0.981702
6 0.315685 0.437284 0.111348 0.111581 0.981638
13 0.564119 0.809051 0.111507 0.112365 0.98162
6 0.316245 0.312956 0.110819 0.111722 0.981512
3 0.0671622 0.0647392 0.112609 0.112413 0.981343
2 0.067207 0.561538 0.112423 0.11216 0.981108
7 0.439679 0.313441 0.113572 0.111874 0.981106
3 0.19178 0.0648485 0.111408 0.112083 0.981103
2 0.191346 0.189267 0.111949 0.112134 0.980985
4 0.56378 0.934266 0.113648 0.113763 0.980788
0 0.315498 0.561252 0.11212 0.112077 0.980754
1 0.315596 0.189236 0.111966 0.111083 0.980725
9 0.439586 0.437593 0.110652 0.11128 0.980194
11 0.439679 0.561023 0.112728 0.112187 0.9797
6 0.687483 0.685241 0.111804 0.111491 0.979488
13 0.563714 0.313424 0.112008 0.112055 0.979324
11 0.687925 0.436769 0.111577 0.112724 0.979267
3 0.56398 0.437701 0.111955 0.112343 0.979093
1 0.687907 0.809483 0.112381 0.11275 0.978964
1 0.81178 0.437098 0.112158 0.111804 0.978819
11 0.687951 0.312633 0.111713 0.1125 0.978791
1 0.687844 0.561677 0.11121 0.112171 0.978767
11 0.811805 0.312702 0.112161 0.112834 0.97869
12 0.563528 0.685545 0.112441 0.112086 0.978553
9 0.811812 0.561233 0.111317 0.111977 0.97835
1 0.936029 0.0642902 0.114973 0.114215 0.978187
0 0.687244 0.18923 0.110998 0.111964 0.978184
10 0.811901 0.685002 0.113433 0.112982 0.978124
8 0.564242 0.561385 0.111799 0.112372 0.978072
0 0.810835 0.065229 0.111281 0.112061 0.978067
13 0.81149 0.18892 0.112452 0.111961 0.977827
0 0.935503 0.188305 0.112663 0.111541 0.977805
7 0.936016 0.437077 0.112803 0.112098 0.977526
8 0.936402 0.313471 0.111897 0.112609 0.977395
7 0.936566 0.561531 0.112919 0.112609 0.976805
12 0.811045 0.18894 0.111727 0.111554 0.0107596
2 0.315351 0.0648885 0.111922 0.112751 0.00890904
2 0.0665738 0.313946 0.114125 0.111374 0.0059161
12 0.564036 0.809242 0.111727 0.112293 0.00564145
12 0.811629 0.933929 0.11279 0.113217 0.00553261
10 0.935924 0.933973 0.110748 0.112521 0.00512172
11 0.812645 0.808982 0.113623 0.11288 0.00462398
11 0.191469 0.313279 0.112027 0.111418 0.00459283
0 0.81199 0.436264 0.111945 0.111101 0.00449096
3 0.687483 0.685241 0.111804 0.111491 0.00445846
2 0.687775 0.0645967 0.111459 0.112618 0.00440048
1 0.56378 0.934266 0.113648 0.113763 0.00434792
2 0.564022 0.56136 0.110307 0.112782 0.00411922
8 0.688263 0.436775 0.111609 0.113339 0.0040283
3 0.0667384 0.561169 0.115198 0.111921 0.00402138
0 0.688192 0.809537 0.111202 0.110893 0.00397843
1 0.316213 0.436804 0.109305 0.111443 0.00389666
11 0.191757 0.809281 0.112038 0.111299 0.00386429
1 0.3155 0.809321 0.111864 0.111526 0.00379052
3 0.191588 0.933377 0.110493 0.112255 0.00374639
8 0.440044 0.561505 0.11185 0.112543 0.00353533
7 0.686837 0.685559 0.112337 0.110657 0.00342997
0 0.688491 0.933898 0.111548 0.112945 0.003207
3 0.315835 0.312439 0.10986 0.111728 0.00320622
9 0.687672 0.933494 0.110876 0.111913 0.00320212
3 0.315735 0.437041 0.1123 0.111964 0.00307759
11 0.563938 0.808928 0.1104 0.112183 0.0030045
11 0.811303 0.684835 0.112236 0.112691 0.00297547
0 0.688382 0.561398 0.11145 0.110788 0.00285744
13 0.0671442 0.809358 0.113616 0.112584 0.0028544
3 0.440057 0.933642 0.111605 0.113486 0.00272913
13 0.936145 0.9339 0.112491 0.113511 0.00267359
0 0.936691 0.809166 0.112631 0.113277 0.00265068
0 0.93571 0.0642464 0.113216 0.113693 0.0025609
8 0.811085 0.312513 0.111292 0.111571 0.00245749
9 0.563976 0.437303 0.111028 0.11256 0.002417
12 0.93613 0.561549 0.112674 0.113731 0.00234817
9 0.812002 0.685339 0.112951 0.111148 0.00226555
13 0.191528 0.685083 0.111415 0.11211 0.0022535
11 0.564196 0.561268 0.110522 0.112617 0.00220639
8 0.191528 0.685083 0.111415 0.11211 0.00215719
10 0.439934 0.313589 0.113377 0.111835 0.0021537
0 0.936142 0.313369 0.11131 0.113471 0.00213925
2 0.688218 0.809538 0.111619 0.112157 0.0020936
13 0.811733 0.933469 0.112779 0.114695 0.00208299
6 0.811629 0.933929 0.11279 0.113217 0.00207524
1 0.81138 0.064279 0.110901 0.112955 0.00205964
0 0.440073 0.437928 0.109689 0.111643 0.00204161
4 0.192218 0.0648956 0.111694 0.111926 0.00203301
2 0.812129 0.809819 0.112624 0.113936 0.00202849
13 0.316127 0.933924 0.11267 0.113965 0.00200712
5 0.810773 0.685366 0.111449 0.111579 0.0019718
5 0.0675047 0.560714 0.1126 0.113681 0.00196731
9 0.935517 0.188821 0.112897 0.111763 0.00196085
6 0.93614 0.561367 0.111895 0.113657 0.00194972
8 0.936145 0.9339 0.112491 0.113511 0.00192452
12 0.563781 0.313659 0.1116 0.112695 0.00190758
3 0.812394 0.560959 0.110888 0.111546 0.0018695
0 0.688178 0.0650796 0.111248 0.113657 0.00184425
9 0.935977 0.313365 0.113926 0.112282 0.00184059
8 0.688276 0.312754 0.112436 0.113716 0.00183364
1 0.315707 0.561199 0.112577 0.112552 0.00180695
2 0.935957 0.312806 0.111248 0.113433 0.00177902
5 0.0674263 0.189132 0.112294 0.110882 0.00176916
1 0.687816 0.188381 0.110536 0.112362 0.0016323
11 0.563902 0.313842 0.112081 0.112373 0.00161836
4 0.563768 0.437362 0.111238 0.111336 0.00160918
0 0.0663125 0.436697 0.114795 0.111397 0.00159253
6 0.936777 0.436507 0.109148 0.110637 0.0015896
8 0.316127 0.933924 0.11267 0.113965 0.00155832
12 0.564723 0.438082 0.111896 0.111935 0.00155017
5 0.192041 0.0648711 0.111166 0.111535 0.00154969
8 0.439677 0.438006 0.110973 0.112225 0.00154936
0 0.0677122 0.313984 0.111959 0.112683 0.00154873
5 0.315412 0.809179 0.112581 0.112926 0.00153695
2 0.564723 0.438082 0.111896 0.111935 0.00150717
11 0.811204 0.189494 0.113145 0.112055 0.00150247
12 0.812394 0.560959 0.110888 0.111546 0.00147486
5 0.0669183 0.808787 0.113762 0.11203 0.00147459
12 0.935638 0.437187 0.11362 0.113118 0.00147033
5 0.564076 0.43667 0.11241 0.113083 0.00145755
8 0.811349 0.561613 0.110078 0.111521 0.00144628
4 0.686837 0.685559 0.112337 0.110657 0.00144405
6 0.563849 0.685185 0.11166 0.111953 0.00144291
9 0.811455 0.809567 0.111733 0.112495 0.0014272
12 0.440206 0.0647065 0.112026 0.112273 0.00142507
3 0.315092 0.188987 0.110978 0.111425 0.00140723
4 0.812088 0.933801 0.114047 0.113939 0.00140492
10 0.439411 0.189579 0.112069 0.112824 0.00139168
5 0.191757 0.809281 0.112038 0.111299 0.00137954
0 0.81311 0.81015 0.111914 0.114189 0.00137737
8 0.0671442 0.809358 0.113616 0.112584 0.00137693
0 0.315626 0.189241 0.111801 0.111841 0.00136851
10 0.563695 0.189594 0.11351 0.112324 0.00134632
2 0.688129 0.561654 0.109996 0.111462 0.00133426
10 0.68823 0.43647 0.111098 0.112204 0.0013301
11 0.811312 0.561343 0.11133 0.112178 0.00132374
10 0.811174 0.312709 0.11129 0.113258 0.00132245
11 0.687608 0.0654019 0.112275 0.112612 0.00131231
6 0.564002 0.934029 0.113008 0.112791 0.00130857
4 0.687792 0.809452 0.111664 0.112025 0.00129581
11 0.687672 0.933494 0.110876 0.111913 0.00129567
10 0.439845 0.561118 0.112019 0.113265 0.00128333
11 0.19112 0.436574 0.110389 0.109705 0.00128118
12 0.440116 0.436691 0.111313 0.111472 0.00127776
4 0.935318 0.0647245 0.113833 0.113522 0.00127162
0 0.314921 0.685086 0.110655 0.111382 0.00126885
4 0.315835 0.312439 0.10986 0.111728 0.00126487
9 0.0663479 0.189465 0.114014 0.110941 0.00126404
4 0.191738 0.437827 0.112445 0.109784 0.00126268
1 0.0672841 0.56104 0.112675 0.111707 0.00126018
7 0.191539 0.933741 0.110442 0.112069 0.00125868
7 0.315845 0.312962 0.110529 0.111809 0.00125863
5 0.439915 0.809344 0.1119 0.112045 0.0012564
10 0.563781 0.313659 0.1116 0.112695 0.00125373
4 0.315838 0.685265 0.111093 0.110846 0.00125327
9 0.563973 0.560996 0.111859 0.111945 0.0012324
0 0.813103 0.561475 0.110879 0.108904 0.00121432
5 0.563417 0.933667 0.112368 0.11198 0.00118802
11 0.936126 0.313424 0.113066 0.11368 0.00117987
7 0.315685 0.437284 0.111348 0.111581 0.00116853
9 0.935866 0.933678 0.111797 0.111426 0.00114667
11 0.43935 0.809179 0.111922 0.111634 0.0011284
1 0.0666847 0.0651601 0.111809 0.111591 0.0011265
5 0.688422 0.312739 0.11127 0.111729 0.00112569
12 0.0671825 0.188743 0.112345 0.113186 0.00112159
1 0.315835 0.312439 0.10986 0.111728 0.00112104
6 0.564384 0.438048 0.111929 0.111964 0.0011207
10 0.191433 0.437619 0.1119 0.112204 0.0011207
9 0.811085 0.312513 0.111292 0.111571 0.00111993
2 0.3155 0.809321 0.111864 0.111526 0.0011056
11 0.315431 0.065091 0.112677 0.113119 0.00110401
1 0.191237 0.189062 0.111593 0.112253 0.00110379
10 0.688234 0.313395 0.111681 0.111946 0.00109926
4 0.191588 0.933377 0.110493 0.112255 0.00109537
4 0.93613 0.561549 0.112674 0.113731 0.00108824
5 0.191895 0.313083 0.111594 0.110733 0.00107902
6 0.688218 0.809538 0.111619 0.112157 0.00107715
4 0.315719 0.188995 0.111191 0.111308 0.00106861
10 0.0672981 0.809331 0.113501 0.113315 0.00106591
12 0.688203 0.684925 0.112591 0.113799 0.00106369
5 0.935941 0.933997 0.113154 0.112232 0.00105284
9 0.686694 0.436753 0.110989 0.113869 0.00104722
13 0.0674238 0.934035 0.114742 0.11426 0.00104416
4 0.935881 0.436833 0.112347 0.111052 0.0010422
12 0.811782 0.685273 0.113755 0.111485 0.00103929
1 0.563424 0.0654399 0.111401 0.111664 0.00103922
10 0.191326 0.561194 0.111006 0.111525 0.00103849
4 0.440206 0.0647065 0.112026 0.112273 0.00103459
5 0.440209 0.0646597 0.11017 0.111694 0.00103024
4 0.936591 0.809257 0.113216 0.112981 0.00101941
12 0.440425 0.809594 0.112565 0.112082 0.00100956
