3 0.191098 0.809943 0.113796 0.113208 0.986816
10 0.563684 0.93377 0.111769 0.113877 0.985618
0 0.9357 0.933396 0.112839 0.111771 0.985493
7 0.563607 0.0655181 0.111879 0.113469 0.985282
2 0.687746 0.933978 0.112796 0.113485 0.984572
10 0.0675067 0.934042 0.113412 0.113557 0.984473
4 0.563588 0.809561 0.111679 0.113365 0.98422
2 0.439363 0.809855 0.112551 0.113008 0.98406
4 0.936215 0.810024 0.112685 0.112232 0.984034
11 0.0671244 0.561444 0.11279 0.112758 0.983973
4 0.315441 0.437367 0.112692 0.112339 0.98365
4 0.315324 0.313213 0.112624 0.112456 0.983548
1 0.315467 0.685337 0.111392 0.111854 0.983471
5 0.935607 0.0652035 0.112628 0.113469 0.983366
7 0.315242 0.189101 0.113572 0.112477 0.983151
11 0.191501 0.0648387 0.111124 0.11257 0.983095
13 0.191324 0.561263 0.112251 0.113538 0.983023
9 0.811597 0.80995 0.112911 0.113095 0.982914
0 0.43954 0.933728 0.112085 0.112994 0.98283
11 0.439111 0.0649879 0.111331 0.112928 0.982829
3 0.191248 0.437788 0.111279 0.112804 0.982671
5 0.191746 0.313278 0.111447 0.111875 0.982647
3 0.0673128 0.313749 0.112375 0.113466 0.982559
6 0.0675145 0.685752 0.112 0.111337 0.982478
11 0.067388 0.189169 0.112461 0.112174 0.982402
11 0.811645 0.93375 0.112043 0.113657 0.982189
10 0.191169 0.188872 0.113192 0.112232 0.982152
2 0.439209 0.685455 0.112436 0.112414 0.98209
4 0.439262 0.561079 0.11257 0.112614 0.981946
1 0.0672434 0.437613 0.112625 0.112395 0.981529
2 0.0674026 0.0648712 0.112335 0.112593 0.981402
1 0.687635 0.809427 0.111782 0.113391 0.980577
5 0.687835 0.0650261 0.110974 0.112824 0.980391
1 0.56353 0.685114 0.111675 0.112943 0.98024
0 0.191611 0.933471 0.111782 0.112665 0.980069
12 0.563758 0.188814 0.111621 0.112484 0.979761
11 0.935703 0.685161 0.113026 0.113525 0.97969
12 0.0672368 0.809626 0.112599 0.112144 0.979617
9 0.563549 0.437113 0.112167 0.112084 0.97957
12 0.439921 0.312636 0.112047 0.112974 0.979569
0 0.314992 0.561222 0.112877 0.111771 0.979532
10 0.687941 0.437008 0.11209 0.113152 0.979423
0 0.315463 0.80947 0.111947 0.112364 0.979421
6 0.688065 0.685241 0.112935 0.112399 0.979401
9 0.811816 0.685756 0.112519 0.112733 0.978978
10 0.936668 0.436928 0.113241 0.113508 0.978859
3 0.811727 0.437507 0.112318 0.112543 0.978771
0 0.315171 0.0640732 0.1121 0.113306 0.978761
8 0.315578 0.933576 0.111642 0.112138 0.978737
4 0.812323 0.188527 0.112562 0.112843 0.97872
10 0.936707 0.312686 0.113175 0.113473 0.978583
2 0.563878 0.56097 0.112754 0.113073 0.978556
2 0.687806 0.188949 0.110812 0.111801 0.978529
2 0.56371 0.313051 0.111843 0.111644 0.978341
7 0.812245 0.561398 0.1126 0.113122 0.978333
9 0.93639 0.561753 0.111497 0.11213 0.978309
2 0.687946 0.560957 0.112618 0.113028 0.978082
2 0.812139 0.312741 0.112473 0.113023 0.977835
0 0.439079 0.189015 0.111879 0.113206 0.977806
2 0.935914 0.189059 0.110602 0.111556 0.977587
8 0.439663 0.437289 0.111401 0.111922 0.977444
8 0.812164 0.0648433 0.110852 0.112073 0.977389
8 0.68788 0.313365 0.111378 0.112263 0.977197
8 0.190955 0.685097 0.111222 0.111198 0.976775
2 0.68767 0.313712 0.11205 0.112459 0.0166784
2 0.439364 0.436843 0.111384 0.113225 0.016353
2 0.8117 0.065224 0.113255 0.113847 0.00948703
8 0.813101 0.93348 0.110187 0.113869 0.00843836
2 0.191193 0.685352 0.111981 0.112068 0.00842838
4 0.0669786 0.933258 0.114123 0.113828 0.00711724
11 0.31577 0.934015 0.111837 0.112343 0.00651808
4 0.191426 0.18902 0.112635 0.112783 0.00611723
6 0.439687 0.313538 0.110761 0.112866 0.00514158
2 0.315538 0.934036 0.111711 0.11255 0.00512218
7 0.439418 0.561117 0.111818 0.11233 0.00485241
12 0.811559 0.561371 0.112324 0.113841 0.00452083
3 0.936209 0.561835 0.11112 0.113479 0.0043994
12 0.19158 0.809483 0.112128 0.112371 0.00402885
8 0.688319 0.933538 0.112428 0.11309 0.00391032
12 0.936209 0.561835 0.11112 0.113479 0.00390498
5 0.936162 0.684947 0.111892 0.113858 0.00387859
13 0.687642 0.437356 0.110903 0.111792 0.0038755
1 0.315675 0.437472 0.112005 0.112993 0.00377071
6 0.563647 0.189731 0.110796 0.113116 0.00377008
1 0.315171 0.0640732 0.1121 0.113306 0.00369103
12 0.811538 0.810001 0.111193 0.112775 0.00367558
12 0.811577 0.437339 0.110894 0.112453 0.00354676
11 0.191226 0.685308 0.111764 0.111822 0.00347675
2 0.812128 0.188744 0.111825 0.113386 0.00343834
10 0.93684 0.685357 0.112156 0.113576 0.00337085
1 0.315295 0.561217 0.11219 0.113059 0.00336528
9 0.81159 0.932878 0.111203 0.112717 0.00335757
6 0.0672579 0.809836 0.113195 0.113318 0.00335204
1 0.43945 0.561179 0.113054 0.113189 0.00330947
4 0.936085 0.31337 0.111858 0.113385 0.0033075
1 0.812128 0.188744 0.111825 0.113386 0.00322208
8 0.688122 0.18905 0.11212 0.113305 0.00320445
1 0.43912 0.188567 0.112066 0.112972 0.00319298
6 0.811507 0.561086 0.113459 0.112842 0.00314138
9 0.936132 0.685693 0.111773 0.112876 0.00306998
12 0.81152 0.685882 0.110822 0.112726 0.00303257
13 0.935921 0.437358 0.112103 0.111997 0.00300439
3 0.687671 0.933515 0.111223 0.113537 0.00298629
5 0.935893 0.189182 0.113585 0.113885 0.00296456
1 0.315422 0.313012 0.113028 0.112465 0.00292333
12 0.56404 0.436664 0.111223 0.11317 0.00290559
6 0.19152 0.438041 0.11274 0.112992 0.00287581
13 0.191103 0.188981 0.111644 0.112073 0.00284997
4 0.687759 0.438161 0.109461 0.113597 0.00284789
2 0.315675 0.437472 0.112005 0.112993 0.00282709
10 0.0668029 0.561006 0.11423 0.113373 0.002816
8 0.688125 0.561231 0.110596 0.112445 0.00274765
10 0.811915 0.188943 0.111469 0.113446 0.00272581
1 0.811969 0.313339 0.111033 0.112809 0.00270953
11 0.812137 0.0650004 0.112786 0.113724 0.00268302
2 0.688093 0.809114 0.112781 0.113145 0.00256054
3 0.811538 0.810001 0.111193 0.112775 0.00249585
8 0.813015 0.313285 0.110774 0.112727 0.00245842
1 0.68821 0.684957 0.112224 0.1137 0.00241362
0 0.688069 0.808998 0.111307 0.111718 0.00237171
5 0.811486 0.313044 0.113613 0.113187 0.00237136
3 0.81152 0.685882 0.110822 0.112726 0.00230045
1 0.315501 0.80954 0.111991 0.113157 0.00226822
10 0.811683 0.93297 0.110536 0.112188 0.00221356
10 0.687646 0.0646453 0.110872 0.111813 0.00220283
13 0.191214 0.0646534 0.111317 0.112383 0.00217469
1 0.563663 0.313485 0.111577 0.112318 0.00212604
3 0.687832 0.685129 0.112516 0.112948 0.00212314
7 0.688139 0.437586 0.111132 0.113405 0.0021126
7 0.935906 0.809786 0.11135 0.112204 0.00210871
1 0.688112 0.188966 0.113508 0.113634 0.00210727
4 0.936143 0.436362 0.113049 0.114195 0.00210672
7 0.936196 0.312149 0.113649 0.11487 0.00210057
10 0.067272 0.189022 0.111764 0.113027 0.00207001
1 0.563884 0.80964 0.112518 0.11293 0.00203051
1 0.936481 0.809789 0.112372 0.113436 0.00198824
7 0.936143 0.436362 0.113049 0.114195 0.00196738
0 0.813068 0.809554 0.113032 0.111127 0.00192934
1 0.936158 0.188746 0.1125 0.1124 0.0019266
3 0.0675145 0.685752 0.112 0.111337 0.0019038
10 0.563588 0.809561 0.111679 0.113365 0.00190157
13 0.439509 0.0648641 0.111739 0.112795 0.00189868
5 0.811628 0.933859 0.112249 0.112978 0.0018696
1 0.0673702 0.685717 0.112604 0.113141 0.00185806
13 0.0669471 0.189091 0.112372 0.112088 0.00183946
1 0.688114 0.561128 0.112871 0.11347 0.00182141
3 0.56383 0.561274 0.112397 0.112489 0.00181164
4 0.563684 0.93377 0.111769 0.113877 0.00181059
2 0.439617 0.56127 0.112014 0.113019 0.00176586
3 0.687855 0.561275 0.111558 0.112194 0.00176172
11 0.439182 0.436952 0.112314 0.112134 0.00174549
10 0.191329 0.0650415 0.111343 0.111588 0.00173043
10 0.315564 0.313005 0.111193 0.112686 0.00171481
4 0.563786 0.685028 0.11143 0.11192 0.00171223
5 0.688114 0.561128 0.112871 0.11347 0.00169911
6 0.0677909 0.313722 0.113112 0.113072 0.00166704
3 0.439209 0.685455 0.112436 0.112414 0.00164972
13 0.936039 0.313078 0.110712 0.111896 0.00163451
7 0.811671 0.187829 0.112714 0.114387 0.00163138
7 0.191189 0.188838 0.112598 0.113443 0.00160323
2 0.688132 0.0645523 0.112448 0.112463 0.00159253
4 0.68772 0.809445 0.112091 0.113065 0.00153367
3 0.563568 0.43751 0.112055 0.113699 0.00152692
7 0.0672303 0.933197 0.113287 0.113158 0.00152534
6 0.811577 0.437339 0.110894 0.112453 0.00150622
1 0.563878 0.56097 0.112754 0.113073 0.00149839
5 0.0667241 0.189085 0.113826 0.112094 0.00149295
6 0.811598 0.188496 0.113562 0.112843 0.00148443
13 0.811628 0.933859 0.112249 0.112978 0.00147037
0 0.813104 0.685625 0.112221 0.111385 0.00146473
0 0.563479 0.436937 0.111871 0.112477 0.00146251
5 0.0668029 0.561006 0.11423 0.113373 0.0014541
12 0.19153 0.437819 0.111435 0.111591 0.0014408
11 0.686886 0.0650199 0.109618 0.111793 0.00144078
10 0.191408 0.312935 0.111439 0.111968 0.00143051
3 0.439363 0.809855 0.112551 0.113008 0.0014235
1 0.191692 0.809422 0.111775 0.111909 0.00140988
10 0.936015 0.0649341 0.110894 0.112184 0.00140844
10 0.439394 0.0647144 0.110542 0.111686 0.00138784
9 0.81153 0.437227 0.112124 0.112381 0.00138373
5 0.688106 0.437389 0.111861 0.112846 0.00137914
0 0.563786 0.685028 0.11143 0.11192 0.0013778
5 0.439323 0.809786 0.113668 0.112194 0.00136601
4 0.811559 0.561371 0.112324 0.113841 0.00136533
1 0.191563 0.933379 0.111776 0.113319 0.00132068
3 0.563974 0.313605 0.111632 0.113732 0.00131466
12 0.191227 0.560947 0.11146 0.11186 0.00131097
13 0.935589 0.685333 0.112982 0.112762 0.00130484
4 0.315467 0.685337 0.111392 0.111854 0.00130249
13 0.0670418 0.93362 0.112335 0.11215 0.00129459
4 0.688132 0.0645523 0.112448 0.112463 0.00127609
10 0.936481 0.809789 0.112372 0.113436 0.00127007
0 0.56392 0.189145 0.111981 0.1134 0.00125418
8 0.0665657 0.06485 0.114039 0.113201 0.00124332
7 0.315354 0.313219 0.112361 0.112163 0.00124136
5 0.563675 0.561518 0.112934 0.112206 0.00124076
5 0.439509 0.0648641 0.111739 0.112795 0.00122318
11 0.191054 0.313133 0.111274 0.11252 0.00122313
4 0.563848 0.0650987 0.112145 0.114317 0.0012168
13 0.0671244 0.561444 0.11279 0.112758 0.00121139
4 0.191326 0.31331 0.111698 0.112292 0.00120282
1 0.68805 0.933473 0.112978 0.113412 0.00119798
3 0.688111 0.0646889 0.112595 0.11444 0.00118618
5 0.935949 0.31368 0.113753 0.113215 0.0011703
0 0.0665921 0.436857 0.11426 0.11185 0.00116707
3 0.0671816 0.809766 0.114383 0.113802 0.00116138
2 0.936481 0.809789 0.112372 0.113436 0.00115041
5 0.688298 0.933482 0.113512 0.11421 0.00113775
0 0.688086 0.313356 0.112474 0.114364 0.00113674
13 0.563694 0.933779 0.11163 0.111476 0.00112738
1 0.0674534 0.0646894 0.112699 0.113381 0.0011253
4 0.0672434 0.437613 0.112625 0.112395 0.00111754
4 0.935607 0.0652035 0.112628 0.113469 0.00110425
7 0.315066 0.436984 0.111923 0.112407 0.00109632
5 0.439168 0.685391 0.113089 0.112039 0.00109206
7 0.563577 0.809438 0.112052 0.112696 0.00108621
2 0.191848 0.438074 0.112158 0.112232 0.00108173
1 0.439442 0.684927 0.112857 0.112475 0.001081
7 0.563978 0.933523 0.112489 0.112934 0.00107668
2 0.56356 0.685 0.111586 0.112083 0.00107552
5 0.688112 0.188966 0.113508 0.113634 0.0010688
8 0.93527 0.189158 0.112559 0.113315 0.00106816
1 0.0666677 0.313441 0.112709 0.112786 0.00106232
0 0.315428 0.685317 0.111639 0.112674 0.00104817
9 0.935742 0.933587 0.111709 0.111931 0.00104399
2 0.936132 0.685693 0.111773 0.112876 0.00103123
11 0.688314 0.933469 0.113356 0.113666 0.00102668
4 0.31526 0.189489 0.111592 0.112641 0.00102387
5 0.0667203 0.0652836 0.112383 0.111093 0.00100615
