3 0.314961 0.809913 0.112321 0.112318 0.98791
5 0.315789 0.933966 0.111147 0.11294 0.986339
3 0.935029 0.933903 0.113948 0.113587 0.985491
5 0.316168 0.685835 0.110938 0.112255 0.985338
9 0.315106 0.0646384 0.111671 0.112369 0.985261
12 0.439889 0.80982 0.111588 0.112697 0.984912
3 0.563336 0.0649707 0.111379 0.113402 0.984848
3 0.315802 0.43755 0.111269 0.113774 0.984693
5 0.81154 0.809924 0.11102 0.111061 0.984658
1 0.563375 0.9339 0.111473 0.113147 0.984298
10 0.687728 0.933905 0.112645 0.11407 0.984217
6 0.19141 0.685671 0.111589 0.111728 0.984085
4 0.0667059 0.934218 0.112842 0.113351 0.98405
1 0.191277 0.809514 0.111663 0.112285 0.984001
5 0.191383 0.437925 0.111586 0.112648 0.983893
5 0.31575 0.313755 0.111356 0.112564 0.983539
7 0.31508 0.56146 0.112821 0.11131 0.983382
1 0.0672534 0.685559 0.112207 0.111604 0.982991
10 0.811391 0.933962 0.112338 0.113234 0.982864
2 0.192036 0.561223 0.110684 0.112392 0.982687
11 0.0665588 0.189394 0.112689 0.11171 0.98264
10 0.93618 0.809569 0.113234 0.112023 0.982106
6 0.0670564 0.437642 0.111901 0.111932 0.981924
13 0.0673161 0.809685 0.11264 0.11314 0.981826
10 0.191332 0.312952 0.112619 0.112001 0.981679
11 0.686706 0.80963 0.11042 0.112303 0.981576
11 0.190867 0.933691 0.112247 0.113288 0.981565
1 0.191084 0.064572 0.111674 0.11348 0.981558
4 0.0676812 0.31306 0.113782 0.113608 0.98153
4 0.0676252 0.0649526 0.11311 0.113245 0.981478
11 0.439551 0.934079 0.111014 0.112667 0.98134
2 0.191639 0.189011 0.110296 0.111264 0.981289
13 0.439265 0.1893 0.111574 0.111772 0.981256
10 0.439269 0.5607 0.112025 0.111442 0.981143
10 0.0673505 0.561334 0.113661 0.112674 0.981061
13 0.439311 0.437482 0.111948 0.111384 0.981019
11 0.68676 0.0655089 0.110849 0.11246 0.980883
1 0.315025 0.189058 0.112271 0.111826 0.980767
1 0.439415 0.0649322 0.111576 0.113303 0.980555
5 0.935522 0.188943 0.111459 0.112426 0.980285
4 0.563761 0.561037 0.112284 0.113145 0.980156
3 0.563564 0.437475 0.112642 0.112583 0.979906
4 0.563533 0.312753 0.112055 0.112775 0.979813
6 0.68758 0.188732 0.112217 0.111768 0.979421
1 0.812165 0.436923 0.113095 0.112854 0.979409
3 0.811759 0.685729 0.112162 0.112502 0.979249
5 0.563248 0.188927 0.111171 0.112959 0.97924
3 0.811565 0.188816 0.112006 0.112724 0.979089
0 0.564065 0.809493 0.112083 0.11361 0.979035
3 0.687652 0.313291 0.112219 0.112192 0.979014
12 0.936172 0.685637 0.112574 0.112097 0.978847
4 0.812327 0.312897 0.112338 0.112344 0.978832
11 0.439504 0.685138 0.112495 0.113291 0.978621
0 0.687604 0.43706 0.111671 0.112989 0.978555
8 0.439373 0.313097 0.112739 0.11161 0.978413
10 0.936746 0.312589 0.113131 0.113272 0.978396
6 0.936774 0.561616 0.11345 0.111415 0.97838
4 0.936433 0.0646642 0.113638 0.11378 0.978368
2 0.687314 0.68542 0.110605 0.111585 0.978216
8 0.563791 0.685545 0.111516 0.112421 0.978144
11 0.811953 0.561246 0.11221 0.113658 0.977834
7 0.936738 0.437156 0.112998 0.113093 0.977658
2 0.687897 0.561487 0.111897 0.112137 0.977609
8 0.812032 0.0652568 0.11189 0.112902 0.977241
5 0.0669072 0.188646 0.11248 0.111223 0.010487
5 0.811587 0.56121 0.111944 0.11174 0.00992361
5 0.191382 0.933509 0.112814 0.112165 0.00860153
12 0.439709 0.4373 0.111258 0.111624 0.00810026
5 0.688067 0.0649199 0.111306 0.111997 0.00759539
1 0.812239 0.313126 0.112165 0.112798 0.00720793
7 0.439319 0.189474 0.111199 0.112396 0.00694197
5 0.439581 0.68543 0.111752 0.112503 0.00690085
4 0.0668684 0.56087 0.115164 0.112559 0.00688526
2 0.564006 0.6854 0.11132 0.111942 0.00674234
11 0.56406 0.685637 0.112208 0.111899 0.00584965
6 0.811531 0.685689 0.113137 0.111827 0.00549919
10 0.19162 0.933624 0.110847 0.111031 0.00538775
1 0.564054 0.56141 0.111931 0.112629 0.00533347
1 0.688156 0.188696 0.112421 0.112134 0.00512171
1 0.687705 0.436587 0.112283 0.112584 0.00483987
5 0.687216 0.809746 0.110924 0.11146 0.00472987
1 0.936266 0.0652593 0.112116 0.113285 0.00460573
4 0.936373 0.436959 0.113242 0.112666 0.00401588
2 0.439663 0.313557 0.111731 0.111726 0.00401385
4 0.191125 0.313315 0.111194 0.112427 0.0040055
1 0.0665524 0.933823 0.112809 0.112967 0.00398642
1 0.0672409 0.313104 0.113709 0.112793 0.00388368
1 0.563539 0.313332 0.112951 0.112512 0.00374338
1 0.937208 0.561214 0.111175 0.110853 0.0036489
4 0.936092 0.809032 0.112666 0.114159 0.00363626
10 0.686788 0.0647294 0.112482 0.113727 0.00359417
11 0.811748 0.0654788 0.112047 0.111827 0.00355725
7 0.0668941 0.809385 0.113163 0.112939 0.00355657
12 0.936324 0.437187 0.113148 0.113684 0.00340804
12 0.0670012 0.43729 0.113232 0.112568 0.00330179
10 0.811439 0.561197 0.110871 0.112504 0.00324379
1 0.0668138 0.0649751 0.112035 0.11154 0.00324042
8 0.688143 0.685197 0.111412 0.111727 0.00313656
4 0.439929 0.561105 0.11238 0.113012 0.00303277
0 0.81221 0.436312 0.113019 0.112567 0.00300628
6 0.811601 0.189121 0.111956 0.112607 0.00294161
4 0.191474 0.437839 0.111225 0.111607 0.00282651
13 0.439591 0.561024 0.111231 0.112079 0.00273082
2 0.811529 0.0645209 0.110929 0.111013 0.00270585
0 0.936541 0.685642 0.111414 0.112282 0.00262512
13 0.93604 0.809605 0.11104 0.11229 0.0026168
8 0.686663 0.809098 0.110024 0.111576 0.00256828
8 0.688133 0.561191 0.111258 0.112597 0.00256086
12 0.439322 0.189058 0.111686 0.112065 0.00253806
10 0.936027 0.18857 0.111565 0.111997 0.00249419
7 0.936092 0.809032 0.112666 0.114159 0.00248145
1 0.688129 0.685115 0.113287 0.112526 0.00236637
6 0.811642 0.31297 0.113502 0.111854 0.00235389
5 0.688214 0.933087 0.112438 0.113284 0.00233266
1 0.688123 0.561141 0.113282 0.113301 0.0023055
1 0.564089 0.809543 0.111808 0.113096 0.00229642
4 0.811589 0.685905 0.111113 0.112437 0.00227401
2 0.688072 0.313441 0.111388 0.111656 0.00225595
6 0.936246 0.43688 0.113206 0.112711 0.00221328
4 0.811938 0.933858 0.111881 0.113963 0.00219181
6 0.686865 0.312916 0.112636 0.113676 0.00210954
12 0.067146 0.809305 0.111779 0.112323 0.00210877
11 0.439703 0.312898 0.111561 0.112126 0.00206771
10 0.686765 0.809204 0.109244 0.111262 0.00204962
12 0.315484 0.0647406 0.112872 0.112363 0.00199618
13 0.0671801 0.561268 0.112502 0.112539 0.00195458
5 0.936167 0.80965 0.111959 0.112289 0.00190318
3 0.93676 0.561552 0.113619 0.113057 0.00188846
10 0.315391 0.933855 0.111724 0.11213 0.00188254
7 0.811581 0.932927 0.111722 0.111701 0.00187549
7 0.191285 0.313332 0.111986 0.11255 0.00186577
4 0.688257 0.933387 0.112638 0.114197 0.00185506
2 0.564054 0.56141 0.111931 0.112629 0.00184154
7 0.688257 0.933387 0.112638 0.114197 0.00183862
3 0.191503 0.561288 0.113084 0.11214 0.00181528
2 0.936222 0.0651823 0.112537 0.113146 0.00181483
0 0.43933 0.064325 0.111709 0.113952 0.00178643
1 0.190939 0.18923 0.111197 0.111115 0.00175083
6 0.935417 0.934181 0.112734 0.11406 0.00171812
6 0.315666 0.437958 0.113213 0.11315 0.00170311
13 0.191502 0.312872 0.110967 0.111802 0.00170077
7 0.936703 0.685747 0.112851 0.112051 0.00170057
13 0.687814 0.933787 0.111353 0.111372 0.00169436
10 0.439494 0.68497 0.111506 0.111895 0.00167001
7 0.811724 0.312391 0.112135 0.113711 0.00166988
2 0.812239 0.313126 0.112165 0.112798 0.00161263
3 0.191118 0.685408 0.112625 0.112994 0.00160957
9 0.686663 0.809098 0.110024 0.111576 0.0015899
5 0.439948 0.934091 0.111967 0.113496 0.00157479
1 0.0667171 0.437225 0.114515 0.112113 0.00156762
0 0.191084 0.064572 0.111674 0.11348 0.00153987
4 0.563433 0.933617 0.110679 0.111981 0.00153931
6 0.563825 0.437946 0.113006 0.112501 0.00153868
4 0.936645 0.313033 0.112939 0.113005 0.00153648
9 0.43945 0.685148 0.111828 0.112118 0.00152036
7 0.439667 0.437811 0.112532 0.113006 0.00150841
4 0.811601 0.189121 0.111956 0.112607 0.00150656
12 0.68766 0.313077 0.111434 0.111941 0.0015044
10 0.439619 0.93388 0.111053 0.11112 0.00148636
4 0.811317 0.809246 0.112032 0.112125 0.00147565
11 0.687657 0.933889 0.113404 0.114007 0.00147403
1 0.191513 0.56104 0.1121 0.112084 0.00146947
7 0.93587 0.064943 0.110752 0.111477 0.00145829
12 0.81141 0.189236 0.111735 0.11266 0.00145299
0 0.563433 0.933617 0.110679 0.111981 0.00145218
10 0.191037 0.43766 0.111545 0.112094 0.00144129
6 0.315536 0.56112 0.110926 0.112202 0.00143844
10 0.811343 0.809582 0.111056 0.111769 0.0014261
1 0.314844 0.809426 0.112201 0.111747 0.00141003
4 0.688054 0.313114 0.112202 0.113405 0.00140728
7 0.0671731 0.438079 0.113061 0.10984 0.00140332
3 0.314888 0.188883 0.111436 0.111798 0.00140084
5 0.688123 0.561141 0.113282 0.113301 0.00139383
4 0.315296 0.189278 0.11203 0.113132 0.00138972
10 0.563418 0.189429 0.112685 0.112094 0.00138403
7 0.0671632 0.560804 0.112822 0.113762 0.00137226
6 0.936133 0.0648157 0.113102 0.112842 0.00136186
4 0.191277 0.809514 0.111663 0.112285 0.0013555
7 0.0676116 0.0650473 0.112548 0.112824 0.00134602
3 0.191474 0.437839 0.111225 0.111607 0.00134416
6 0.0667911 0.313373 0.111907 0.111742 0.00133917
2 0.314961 0.809913 0.112321 0.112318 0.00133304
12 0.439622 0.56137 0.11272 0.112791 0.0013238
6 0.439939 0.81002 0.112861 0.113397 0.0013231
12 0.563282 0.437504 0.111875 0.112474 0.00131128
4 0.315458 0.313355 0.11177 0.112867 0.00129196
12 0.315083 0.437532 0.112075 0.112495 0.00128722
2 0.315611 0.437551 0.111888 0.112739 0.00127229
1 0.687683 0.312877 0.111453 0.112085 0.00126449
7 0.0670933 0.313015 0.112739 0.112884 0.00125221
6 0.563198 0.0651185 0.111879 0.111906 0.00122873
12 0.563709 0.312826 0.112019 0.112358 0.00122065
6 0.563636 0.561247 0.111779 0.11243 0.00121537
3 0.68846 0.561081 0.111017 0.112466 0.00121002
12 0.811393 0.685917 0.111286 0.111724 0.00119768
0 0.315116 0.188753 0.11176 0.11277 0.00119336
3 0.81135 0.809578 0.112382 0.111609 0.00119146
10 0.811985 0.313735 0.111501 0.112617 0.00118725
13 0.936115 0.313075 0.110837 0.111977 0.0011845
0 0.812997 0.065174 0.11011 0.112892 0.0011816
2 0.563667 0.313572 0.111197 0.1129 0.00118021
1 0.811759 0.685729 0.112162 0.112502 0.00117783
0 0.0669996 0.685355 0.112538 0.112238 0.00116566
5 0.688129 0.685115 0.113287 0.112526 0.00115368
1 0.935527 0.934078 0.112858 0.113059 0.0011517
4 0.0672534 0.685559 0.112207 0.111604 0.00114902
6 0.314844 0.809426 0.112201 0.111747 0.00114748
2 0.0668138 0.0649751 0.112035 0.11154 0.00113793
2 0.0665524 0.933823 0.112809 0.112967 0.00113776
6 0.0667924 0.933828 0.11232 0.112764 0.00113347
10 0.315158 0.68529 0.11202 0.112356 0.00113277
12 0.687657 0.933889 0.113404 0.114007 0.00112925
12 0.563904 0.0649236 0.112053 0.112404 0.00112584
7 0.936207 0.312313 0.113047 0.114441 0.00111965
9 0.191545 0.933692 0.110969 0.111451 0.00111752
4 0.563735 0.0651589 0.111262 0.111802 0.00110082
4 0.315405 0.561137 0.110906 0.112936 0.00109051
9 0.688072 0.313441 0.111388 0.111656 0.00108111
13 0.439935 0.934126 0.110672 0.112503 0.00107408
12 0.935503 0.0653456 0.113541 0.112973 0.00107152
5 0.439546 0.56093 0.111787 0.112062 0.00106133
1 0.563564 0.437475 0.112642 0.112583 0.00105459
3 0.68768 0.188816 0.112543 0.112574 0.00105427
3 0.0667171 0.437225 0.114515 0.112113 0.00104468
3 0.315106 0.0646384 0.111671 0.112369 0.00104301
5 0.0667207 0.0651754 0.112416 0.111658 0.00104091
13 0.936155 0.685292 0.111469 0.11168 0.00103869
4 0.439743 0.0648451 0.112314 0.113939 0.00103358
1 0.191118 0.685408 0.112625 0.112994 0.00103178
4 0.191274 0.0650167 0.111691 0.113857 0.00102846
2 0.811589 0.685905 0.111113 0.112437 0.00101967
3 0.190961 0.188854 0.111179 0.111213 0.00101684
10 0.0670112 0.809721 0.112388 0.112549 0.00101651
