3 0.314982 0.933999 0.113119 0.113793 0.987784
9 0.688204 0.934142 0.112144 0.113612 0.986763
3 0.563035 0.0653272 0.111862 0.112881 0.985895
5 0.563786 0.809576 0.111111 0.112538 0.985401
0 0.935786 0.933438 0.112707 0.111456 0.985159
7 0.439723 0.685432 0.112803 0.113268 0.985152
3 0.811904 0.933951 0.113084 0.114435 0.984735
8 0.19113 0.685618 0.112098 0.111851 0.984713
11 0.314966 0.685275 0.110834 0.111876 0.984448
10 0.439921 0.933996 0.113473 0.114956 0.984436
3 0.562945 0.189549 0.111463 0.113655 0.984109
4 0.315702 0.809632 0.113462 0.112665 0.983657
7 0.191321 0.189293 0.113223 0.113824 0.983641
5 0.191609 0.56152 0.110806 0.112681 0.983617
1 0.43956 0.809441 0.112089 0.112968 0.983462
6 0.439302 0.0651349 0.111405 0.112893 0.983451
7 0.935751 0.0652657 0.114589 0.114439 0.983429
7 0.0670788 0.189379 0.113595 0.113758 0.98341
6 0.563972 0.934144 0.111991 0.114552 0.983394
13 0.067464 0.685712 0.112614 0.112885 0.98338
11 0.191164 0.0647992 0.111927 0.112797 0.983198
11 0.0665869 0.934044 0.114704 0.114903 0.98301
10 0.315385 0.313295 0.113656 0.112163 0.982724
4 0.315295 0.188772 0.113535 0.114155 0.982699
6 0.191347 0.31345 0.112517 0.113306 0.982497
10 0.0671961 0.561306 0.113722 0.11379 0.982039
4 0.564075 0.685523 0.1126 0.113282 0.982035
6 0.191352 0.43764 0.112193 0.112496 0.98195
10 0.191739 0.809276 0.11173 0.111695 0.981948
7 0.687865 0.0653509 0.112288 0.113664 0.981904
2 0.066637 0.313652 0.112945 0.111995 0.981679
3 0.315417 0.437449 0.112416 0.113883 0.981649
13 0.812303 0.809732 0.113565 0.113867 0.981606
3 0.066714 0.809637 0.113995 0.114261 0.9816
4 0.439392 0.189031 0.113333 0.113935 0.98151
1 0.0670386 0.437553 0.112329 0.112125 0.981482
0 0.936128 0.684921 0.113125 0.112025 0.980959
10 0.191657 0.933629 0.113708 0.114799 0.98094
12 0.688286 0.809869 0.111856 0.113811 0.980763
0 0.315278 0.0640238 0.111453 0.112414 0.980462
2 0.936486 0.80939 0.112142 0.112756 0.980218
4 0.563915 0.561016 0.113406 0.114355 0.979747
12 0.0672815 0.0648471 0.112203 0.112584 0.979711
5 0.563395 0.437609 0.112022 0.112107 0.979594
5 0.439079 0.437518 0.112099 0.113646 0.979489
4 0.687983 0.188856 0.113553 0.114405 0.979142
9 0.439133 0.561572 0.111816 0.113581 0.979073
3 0.563132 0.313233 0.111226 0.111754 0.979066
1 0.439304 0.313132 0.112209 0.113285 0.97897
9 0.811746 0.561921 0.112206 0.111818 0.978888
1 0.687764 0.313183 0.112724 0.11304 0.97881
0 0.314791 0.561254 0.113484 0.111649 0.978709
0 0.687804 0.685097 0.112052 0.112813 0.978682
10 0.936754 0.436973 0.113398 0.114525 0.978677
7 0.688151 0.561718 0.112412 0.113128 0.978641
12 0.811771 0.188854 0.11231 0.112032 0.978451
6 0.812516 0.68551 0.11276 0.112223 0.978334
1 0.936348 0.561276 0.114039 0.113203 0.978313
7 0.812187 0.437315 0.112814 0.113922 0.977913
3 0.81169 0.31306 0.111149 0.111771 0.977906
3 0.687393 0.437314 0.11135 0.112203 0.977886
12 0.936358 0.312856 0.112206 0.113018 0.977857
0 0.935909 0.188657 0.112955 0.111447 0.977539
0 0.811959 0.0646599 0.11198 0.112916 0.97714
6 0.688057 0.809272 0.111493 0.111847 0.0984825
6 0.0669619 0.0649588 0.112929 0.114341 0.0166457
6 0.811845 0.189367 0.112373 0.113083 0.00868442
9 0.811528 0.93367 0.113382 0.112847 0.00781599
12 0.812426 0.561274 0.111 0.112414 0.00655428
3 0.812155 0.561374 0.111871 0.113156 0.00575407
6 0.935702 0.313389 0.112794 0.111874 0.00511021
12 0.811369 0.437128 0.112027 0.11281 0.00501789
1 0.315364 0.561313 0.112849 0.112696 0.0043077
8 0.688476 0.933863 0.113285 0.113163 0.0042986
12 0.440016 0.933819 0.11237 0.113425 0.00419037
12 0.687553 0.437519 0.111132 0.111815 0.00395616
10 0.439264 0.437592 0.11175 0.112168 0.00394242
2 0.191148 0.685289 0.111836 0.11101 0.00386246
1 0.687919 0.6849 0.112445 0.112029 0.003608
12 0.439301 0.561264 0.110639 0.112867 0.00352299
10 0.19108 0.561266 0.111708 0.11185 0.00348676
3 0.563987 0.933539 0.111901 0.113381 0.00337396
1 0.564247 0.561297 0.113088 0.113529 0.00327438
5 0.315112 0.685617 0.111736 0.112987 0.00321286
5 0.936136 0.809844 0.112958 0.113516 0.00302711
12 0.811578 0.933696 0.113032 0.113758 0.00301364
2 0.688063 0.313414 0.112176 0.112727 0.00287723
11 0.563067 0.436588 0.110563 0.109983 0.00284514
12 0.811653 0.313008 0.111299 0.112898 0.00278406
0 0.688476 0.933863 0.113285 0.113163 0.00269267
0 0.688063 0.31259 0.112788 0.113146 0.00269182
3 0.191219 0.313573 0.110709 0.112825 0.00266409
1 0.81214 0.06413 0.11105 0.113267 0.00257695
1 0.688255 0.188542 0.11252 0.114283 0.00256866
12 0.81137 0.810173 0.111847 0.112618 0.00247066
1 0.0669306 0.313664 0.112247 0.111995 0.00244428
4 0.0667695 0.189295 0.114431 0.11303 0.00244031
1 0.56435 0.685421 0.112963 0.113536 0.00240697
11 0.191586 0.685494 0.111702 0.112815 0.00240493
3 0.439314 0.561306 0.111151 0.112868 0.00231629
0 0.936508 0.56149 0.111931 0.11309 0.00227549
5 0.0664272 0.933981 0.115065 0.115322 0.00225399
7 0.687632 0.189227 0.112484 0.113127 0.00216464
1 0.315278 0.0640238 0.111453 0.112414 0.00216068
11 0.438613 0.436517 0.111036 0.109541 0.00208576
10 0.0668024 0.685135 0.114878 0.113858 0.00207818
3 0.812806 0.6852 0.111606 0.112676 0.00207224
9 0.811594 0.313118 0.112239 0.113187 0.00206044
4 0.935751 0.0652657 0.114589 0.114439 0.00205645
13 0.191938 0.933712 0.111289 0.111668 0.00205288
12 0.686755 0.0651205 0.109254 0.111716 0.00204272
12 0.935969 0.0650109 0.11336 0.11338 0.00201226
1 0.936601 0.809512 0.112018 0.113041 0.00199799
1 0.315698 0.189005 0.112908 0.113412 0.00196353
4 0.688118 0.43721 0.112322 0.112985 0.00192381
7 0.0674267 0.685495 0.113326 0.113971 0.00191638
7 0.81145 0.18936 0.111325 0.112833 0.00188083
12 0.68831 0.561223 0.111051 0.113204 0.00187135
12 0.191882 0.933769 0.111894 0.11279 0.00185186
0 0.813099 0.561769 0.11145 0.112158 0.00184728
8 0.811488 0.561747 0.111224 0.112077 0.0018416
2 0.688141 0.437564 0.111692 0.111431 0.00182558
1 0.44 0.189198 0.113279 0.113371 0.00179897
4 0.687907 0.313324 0.112712 0.112737 0.00177372
6 0.687553 0.437519 0.111132 0.111815 0.00176935
7 0.936046 0.312963 0.111031 0.113891 0.00171017
5 0.190825 0.0651851 0.112464 0.113685 0.00170709
13 0.936039 0.437458 0.112157 0.112027 0.00168998
13 0.440014 0.933872 0.112324 0.112325 0.0016787
0 0.439561 0.313509 0.111009 0.113182 0.00157675
6 0.812985 0.436539 0.109811 0.112814 0.00157529
4 0.439726 0.93362 0.114287 0.115862 0.00156745
1 0.315899 0.809588 0.113693 0.113127 0.00154749
4 0.440081 0.685463 0.112634 0.113419 0.00149382
4 0.56371 0.437909 0.111054 0.111414 0.00147983
7 0.439421 0.189034 0.112368 0.113161 0.00146771
9 0.935972 0.93373 0.111251 0.111678 0.00145117
4 0.688157 0.0648007 0.111421 0.11183 0.00144993
12 0.563233 0.189072 0.111335 0.112408 0.0014416
3 0.439302 0.0651349 0.111405 0.112893 0.00144108
4 0.439579 0.313462 0.112373 0.113125 0.00142401
2 0.813059 0.933772 0.111728 0.110851 0.00142331
3 0.0663442 0.313632 0.113087 0.111031 0.00141053
6 0.688275 0.561733 0.112323 0.113306 0.00140262
11 0.191077 0.561228 0.111371 0.111817 0.0013984
7 0.191209 0.438069 0.11323 0.112049 0.00139018
4 0.812627 0.437951 0.110604 0.11422 0.00138732
5 0.191381 0.809183 0.112264 0.112147 0.00137996
4 0.439659 0.809365 0.111618 0.112444 0.00137902
12 0.688411 0.934148 0.113471 0.112342 0.00135235
4 0.315439 0.313356 0.113026 0.113467 0.0013464
4 0.563401 0.0652307 0.112178 0.111603 0.00132834
4 0.191162 0.189103 0.113163 0.112994 0.00128808
5 0.563481 0.0650292 0.111309 0.111189 0.00128287
0 0.0669341 0.436952 0.112435 0.112358 0.00127542
4 0.43948 0.437918 0.112348 0.112368 0.00127469
4 0.563479 0.189431 0.111675 0.112593 0.00127316
4 0.936307 0.437466 0.11184 0.113931 0.00125889
6 0.315357 0.437515 0.11283 0.112975 0.00125622
7 0.687776 0.809774 0.111659 0.111984 0.00125156
12 0.31514 0.437608 0.111985 0.112488 0.00124553
10 0.688133 0.0648882 0.111497 0.113066 0.00123732
4 0.563561 0.313605 0.111742 0.112122 0.00123204
4 0.936569 0.560791 0.113359 0.112369 0.00122187
4 0.6886 0.561434 0.112229 0.112469 0.00122038
13 0.811419 0.436833 0.111539 0.113162 0.00121451
3 0.191352 0.43764 0.112193 0.112496 0.00120949
12 0.936636 0.437131 0.113176 0.11393 0.00120738
5 0.315146 0.809224 0.112902 0.113007 0.0012048
4 0.06737 0.5611 0.112611 0.114244 0.0011949
7 0.811512 0.685682 0.111388 0.113095 0.00118788
4 0.688057 0.809272 0.111493 0.111847 0.00117106
10 0.563442 0.437689 0.112088 0.111927 0.00115677
9 0.936018 0.189066 0.112349 0.112403 0.00114942
5 0.813079 0.933441 0.112574 0.109722 0.00113618
6 0.686819 0.0652715 0.111679 0.112097 0.00113439
12 0.315619 0.313103 0.112615 0.113218 0.00112518
7 0.191603 0.313835 0.112402 0.112278 0.00112436
1 0.564101 0.933706 0.112064 0.113224 0.00110436
7 0.936168 0.436459 0.112947 0.114881 0.00108589
4 0.563987 0.933539 0.111901 0.113381 0.00107447
5 0.0664815 0.561115 0.112525 0.112406 0.0010708
10 0.0671433 0.189247 0.113388 0.115118 0.00106181
6 0.812531 0.313487 0.11182 0.112525 0.00105825
7 0.439858 0.0651004 0.112049 0.113152 0.0010378
11 0.936864 0.436449 0.110842 0.114025 0.00103694
4 0.0670386 0.437553 0.112329 0.112125 0.00103419
3 0.936583 0.809478 0.111592 0.111437 0.00102679
2 0.564247 0.561297 0.113088 0.113529 0.00101675
5 0.688171 0.437176 0.112825 0.112123 0.00100541
10 0.812202 0.437876 0.110977 0.113402 0.0010025
