9 0.935083 0.933833 0.113423 0.113655 0.987754
9 0.563222 0.934017 0.113124 0.114781 0.987524
7 0.315648 0.933725 0.112191 0.113097 0.98651
13 0.439312 0.809475 0.112563 0.113792 0.985564
3 0.687139 0.934028 0.112089 0.114006 0.985524
10 0.192242 0.80949 0.11217 0.112532 0.985263
10 0.439485 0.684783 0.111205 0.113007 0.984956
7 0.563655 0.809316 0.110952 0.112322 0.984678
9 0.0673453 0.313507 0.113239 0.112516 0.984309
7 0.935921 0.809237 0.113295 0.113167 0.984071
10 0.439415 0.0647188 0.11184 0.113142 0.984
10 0.0676682 0.809548 0.113471 0.112891 0.983888
10 0.0674931 0.561555 0.113272 0.112392 0.983855
13 0.935906 0.685268 0.112113 0.11255 0.983514
13 0.19155 0.31337 0.113061 0.113351 0.98338
6 0.191844 0.685282 0.110414 0.110759 0.983327
4 0.0668628 0.189086 0.113543 0.113187 0.98277
1 0.191412 0.561192 0.111217 0.111653 0.982665
12 0.43933 0.934108 0.111046 0.11381 0.98234
2 0.314942 0.0649186 0.111665 0.112736 0.982325
6 0.191548 0.18914 0.111293 0.112092 0.982238
1 0.315863 0.685497 0.110986 0.110642 0.982217
1 0.0670935 0.685852 0.112546 0.111619 0.982139
0 0.315478 0.560724 0.111452 0.111724 0.981398
9 0.935896 0.188972 0.113325 0.112918 0.981024
12 0.191755 0.0645607 0.112074 0.11268 0.980992
5 0.687518 0.68513 0.110915 0.112184 0.980743
1 0.315336 0.437198 0.11126 0.111318 0.980532
1 0.0670817 0.934015 0.114022 0.113865 0.980224
2 0.0673103 0.437251 0.112469 0.111761 0.980216
0 0.19132 0.436917 0.111029 0.111052 0.980193
2 0.811672 0.933831 0.113054 0.113436 0.980192
0 0.315188 0.313161 0.11244 0.111907 0.979914
10 0.439306 0.437216 0.111869 0.113365 0.979879
10 0.563602 0.312811 0.111867 0.113689 0.97981
13 0.687485 0.313381 0.112902 0.113392 0.979712
1 0.563575 0.685181 0.112269 0.112366 0.979399
1 0.687705 0.561443 0.111958 0.112109 0.979211
12 0.688107 0.436845 0.111301 0.112627 0.979183
12 0.812223 0.312889 0.111979 0.112059 0.979173
9 0.439772 0.31317 0.111409 0.112607 0.979101
12 0.564143 0.561011 0.111356 0.112629 0.979054
3 0.439034 0.188912 0.112223 0.112393 0.978971
1 0.439518 0.561664 0.111335 0.112388 0.978912
0 0.0671269 0.0648561 0.111375 0.112516 0.978894
0 0.19175 0.932951 0.112306 0.112592 0.978788
9 0.563542 0.437665 0.112212 0.112483 0.97878
10 0.811767 0.0644674 0.111829 0.113282 0.978695
12 0.687518 0.810039 0.113002 0.113281 0.978622
1 0.563408 0.188474 0.111754 0.112036 0.978566
4 0.812125 0.437022 0.112805 0.111937 0.978532
4 0.81199 0.685354 0.112594 0.111755 0.978501
9 0.936154 0.561735 0.111963 0.11258 0.978493
11 0.811918 0.561207 0.112396 0.113649 0.978485
1 0.936123 0.0639879 0.114909 0.114175 0.978484
11 0.811697 0.18874 0.112787 0.113766 0.978349
0 0.935614 0.43679 0.112857 0.111419 0.978197
8 0.315361 0.189356 0.11251 0.111627 0.977791
0 0.68757 0.188716 0.110946 0.111922 0.977594
8 0.316189 0.809176 0.110659 0.112684 0.977344
7 0.936355 0.3129 0.113763 0.113676 0.97733
1 0.687575 0.0641612 0.11218 0.11308 0.977329
0 0.563118 0.0655101 0.11097 0.111288 0.976906
8 0.811759 0.809164 0.112412 0.11315 0.976543
2 0.315765 0.809443 0.112066 0.112483 0.00909201
6 0.812 0.313696 0.111351 0.112775 0.00902309
6 0.688102 0.437552 0.110494 0.112165 0.00687949
2 0.811311 0.809529 0.112517 0.112434 0.00682729
6 0.686825 0.809225 0.112053 0.112769 0.00608175
6 0.563791 0.561302 0.111227 0.111913 0.00590539
11 0.315956 0.809414 0.112274 0.112218 0.00559849
12 0.563759 0.438093 0.111235 0.113103 0.00522814
12 0.439469 0.313583 0.111953 0.112194 0.00496398
1 0.0668912 0.0640249 0.113095 0.113393 0.00494147
11 0.811696 0.809486 0.112144 0.112384 0.00493188
6 0.439561 0.934382 0.111831 0.114017 0.00464798
12 0.0673471 0.313632 0.113071 0.112992 0.0045934
1 0.563607 0.0640063 0.109922 0.11299 0.00458915
2 0.688088 0.684623 0.111806 0.112681 0.00455064
12 0.936057 0.561642 0.111522 0.113851 0.00420055
6 0.19163 0.0647685 0.112093 0.114042 0.00419678
0 0.688269 0.0629934 0.111072 0.112082 0.0041478
12 0.935787 0.188978 0.112924 0.111905 0.00407492
13 0.43915 0.437557 0.111182 0.111945 0.00381091
2 0.315487 0.189257 0.11209 0.112402 0.00371823
10 0.811967 0.437462 0.11171 0.113419 0.00366708
11 0.315803 0.189265 0.111951 0.11205 0.00360475
11 0.688064 0.68476 0.111086 0.112893 0.0035565
1 0.81176 0.437015 0.112775 0.113047 0.00335036
10 0.812044 0.685411 0.111592 0.112697 0.003278
12 0.935661 0.933898 0.112658 0.114306 0.00326872
2 0.688178 0.933549 0.111736 0.112177 0.00319105
5 0.811067 0.18937 0.112912 0.113315 0.00318952
1 0.0672716 0.188881 0.113639 0.112996 0.00313231
8 0.81137 0.933507 0.112472 0.113903 0.00308495
4 0.563576 0.313745 0.10976 0.113738 0.00300827
9 0.688178 0.933549 0.111736 0.112177 0.00300105
0 0.563942 0.188059 0.110781 0.111703 0.00278101
13 0.439197 0.684982 0.111659 0.112244 0.0027451
2 0.81176 0.437015 0.112775 0.113047 0.00266301
1 0.811357 0.685501 0.113284 0.112573 0.00266049
0 0.935907 0.0640035 0.113181 0.113533 0.00265563
5 0.811289 0.561353 0.11205 0.112675 0.00261309
0 0.563981 0.438102 0.11282 0.113651 0.0025648
4 0.811624 0.0648486 0.111301 0.113156 0.0025424
0 0.688253 0.561269 0.111791 0.111131 0.00253109
12 0.936069 0.313071 0.114829 0.115142 0.00240864
1 0.191317 0.436742 0.111935 0.111772 0.00240657
10 0.687631 0.685117 0.111811 0.112228 0.00235972
3 0.191548 0.18914 0.111293 0.112092 0.00235742
0 0.315149 0.436744 0.111633 0.110837 0.00232147
10 0.811412 0.561071 0.111216 0.113134 0.00228443
0 0.688159 0.437292 0.110196 0.113095 0.00224894
3 0.935661 0.933898 0.112658 0.114306 0.00216696
12 0.563855 0.934044 0.113555 0.112937 0.00213921
4 0.0674931 0.561555 0.113272 0.112392 0.00208916
3 0.563589 0.437811 0.112393 0.113659 0.00206378
3 0.191844 0.685282 0.110414 0.110759 0.00205705
4 0.439419 0.43772 0.112662 0.112684 0.00203187
1 0.687439 0.18877 0.111108 0.111819 0.00199035
0 0.439445 0.561034 0.111702 0.111866 0.00198093
4 0.563724 0.809032 0.110675 0.111935 0.00196391
0 0.563867 0.685026 0.111508 0.111524 0.00196126
5 0.81127 0.933367 0.11331 0.113293 0.00192342
10 0.81131 0.188676 0.111742 0.113238 0.00191301
3 0.935712 0.188839 0.113015 0.113176 0.00189975
6 0.936071 0.31288 0.114211 0.114776 0.00188472
2 0.811611 0.685347 0.112554 0.113174 0.00186971
2 0.0672716 0.188881 0.113639 0.112996 0.00186799
2 0.688062 0.064371 0.110384 0.112309 0.0018654
12 0.93586 0.809281 0.113996 0.114111 0.00183456
1 0.0674371 0.437957 0.110575 0.109477 0.00183151
1 0.315443 0.312877 0.112165 0.112672 0.00180957
0 0.0665735 0.685053 0.113002 0.112604 0.00179783
4 0.439726 0.684888 0.112745 0.112891 0.00176351
1 0.191873 0.685306 0.111422 0.111995 0.00174328
2 0.688101 0.561487 0.110951 0.11194 0.00171863
4 0.563867 0.685026 0.111508 0.111524 0.0017033
0 0.191277 0.56056 0.111302 0.112369 0.00166139
11 0.81137 0.933507 0.112472 0.113903 0.00165573
12 0.687559 0.933564 0.111542 0.112314 0.00162626
3 0.936057 0.561642 0.111522 0.113851 0.00161602
4 0.0671548 0.808599 0.113933 0.112716 0.00161438
4 0.3158 0.933684 0.111766 0.112993 0.00159693
8 0.813042 0.561683 0.112359 0.113549 0.00157472
4 0.439415 0.0647188 0.11184 0.113142 0.00156827
0 0.0673789 0.313669 0.112866 0.112814 0.00156609
6 0.81139 0.436669 0.113317 0.111857 0.00156166
0 0.688194 0.809852 0.112187 0.113058 0.00155138
12 0.439034 0.188912 0.112223 0.112393 0.00153363
4 0.439619 0.561612 0.111481 0.111407 0.00152799
4 0.687559 0.933564 0.111542 0.112314 0.00152711
4 0.935828 0.313662 0.113862 0.113215 0.00152572
5 0.688206 0.933285 0.112303 0.112532 0.00150557
6 0.935862 0.809065 0.113101 0.113995 0.00147283
12 0.688072 0.313292 0.113039 0.113796 0.00147119
13 0.0672385 0.809094 0.111944 0.112112 0.00145354
4 0.935921 0.809237 0.113295 0.113167 0.00145021
1 0.315511 0.56047 0.111448 0.112742 0.00144725
1 0.19198 0.188965 0.11199 0.112268 0.00144383
6 0.811408 0.685101 0.113733 0.112306 0.00138712
0 0.0667031 0.933651 0.113874 0.114511 0.00136825
13 0.0671458 0.561392 0.112555 0.112506 0.00133718
4 0.935618 0.0643912 0.11373 0.113195 0.00131585
7 0.811345 0.0638999 0.112274 0.112567 0.00130658
4 0.563942 0.188059 0.110781 0.111703 0.00128893
11 0.191136 0.313697 0.110973 0.112381 0.00127367
7 0.811411 0.684795 0.11207 0.112661 0.00126996
4 0.315863 0.685497 0.110986 0.110642 0.00126741
13 0.811289 0.561353 0.11205 0.112675 0.00126518
13 0.191831 0.809389 0.111928 0.1121 0.00126463
6 0.439034 0.188912 0.112223 0.112393 0.00125169
1 0.31539 0.0647357 0.110935 0.113153 0.00124209
10 0.935645 0.684675 0.111154 0.111754 0.00124062
10 0.687267 0.313265 0.111618 0.112279 0.00123712
7 0.687635 0.313948 0.111991 0.113211 0.00122765
13 0.439537 0.0651605 0.112419 0.112184 0.00121648
8 0.0665134 0.437166 0.114608 0.111267 0.00121635
0 0.315059 0.685312 0.110773 0.111566 0.00121388
3 0.687971 0.436558 0.110343 0.112787 0.00121139
4 0.192242 0.80949 0.11217 0.112532 0.00119753
12 0.439817 0.809186 0.111888 0.112565 0.00118359
10 0.066751 0.188932 0.11235 0.112246 0.00118166
4 0.0670336 0.934139 0.113573 0.114026 0.00115611
7 0.0676209 0.808908 0.11228 0.112749 0.00113893
7 0.439083 0.437483 0.110843 0.112222 0.0011389
3 0.0665134 0.437166 0.114608 0.111267 0.00113015
4 0.687792 0.560807 0.111744 0.111863 0.00112466
7 0.811477 0.436209 0.112246 0.113286 0.00112225
0 0.812038 0.313272 0.112625 0.111823 0.0011141
6 0.686876 0.932996 0.112593 0.113217 0.00110931
1 0.687819 0.933523 0.111451 0.112578 0.00109658
9 0.935713 0.436882 0.112446 0.111459 0.00109481
0 0.439535 0.313617 0.111839 0.111695 0.00108795
7 0.0670538 0.560785 0.111921 0.112153 0.00107742
4 0.191476 0.560872 0.110794 0.111533 0.00107666
13 0.562996 0.312812 0.111667 0.112297 0.00106274
3 0.563887 0.561113 0.111667 0.113119 0.00104979
3 0.6878 0.809761 0.113488 0.112893 0.00104692
7 0.439349 0.684643 0.110841 0.111993 0.00103104
8 0.688058 0.188216 0.110857 0.113959 0.00101693
4 0.315596 0.437011 0.110555 0.110749 0.00100836
7 0.191644 0.189222 0.111544 0.111419 0.00100745
10 0.936073 0.31341 0.112612 0.114756 0.0010051
4 0.067117 0.685581 0.112324 0.111632 0.00100163
