9 0.439278 0.934008 0.111084 0.112858 0.988856
3 0.56331 0.934148 0.113776 0.114934 0.98792
5 0.935675 0.93404 0.111273 0.111248 0.986643
3 0.191174 0.809617 0.111566 0.112995 0.986361
9 0.0670817 0.685662 0.11298 0.112238 0.986091
5 0.191597 0.685467 0.110951 0.112154 0.985609
9 0.439605 0.0647047 0.112015 0.113006 0.98502
6 0.439731 0.809279 0.112696 0.113272 0.984999
3 0.315616 0.437711 0.111851 0.113601 0.984593
9 0.439321 0.685108 0.111457 0.112066 0.984581
3 0.191409 0.0647318 0.112282 0.114114 0.984345
12 0.68819 0.933921 0.110426 0.113033 0.984306
9 0.316003 0.189095 0.111799 0.11211 0.9843
6 0.315702 0.933821 0.113629 0.114305 0.984279
10 0.564072 0.809374 0.111293 0.112372 0.984181
7 0.0673392 0.43763 0.113273 0.111737 0.983927
2 0.563475 0.064921 0.110267 0.112669 0.983731
13 0.191789 0.313814 0.111276 0.111681 0.983219
4 0.31523 0.560925 0.111994 0.111153 0.983175
4 0.315983 0.809271 0.112158 0.112022 0.982503
12 0.191393 0.437675 0.111769 0.11216 0.982471
10 0.315184 0.31284 0.112287 0.110981 0.982442
1 0.81168 0.93358 0.111471 0.112262 0.9822
6 0.687824 0.809692 0.1121 0.113315 0.981936
10 0.19176 0.932975 0.111768 0.113411 0.981417
4 0.0672922 0.809443 0.112915 0.111733 0.981313
3 0.563566 0.685589 0.112789 0.113189 0.981239
10 0.0669605 0.933674 0.115135 0.114723 0.981103
9 0.439773 0.313296 0.11205 0.112683 0.981072
2 0.067862 0.313289 0.111231 0.111274 0.981028
2 0.191744 0.189061 0.110351 0.111373 0.980931
0 0.315352 0.064092 0.111241 0.113279 0.980869
13 0.68757 0.0647553 0.112451 0.112587 0.980551
8 0.0673995 0.189026 0.111981 0.111844 0.980492
6 0.439776 0.561234 0.112244 0.111576 0.980344
3 0.935675 0.189173 0.113071 0.113036 0.98022
13 0.811599 0.0650282 0.111704 0.111606 0.980139
7 0.936804 0.80932 0.113786 0.112948 0.980133
2 0.0674147 0.0646628 0.112447 0.112257 0.980126
9 0.439265 0.437612 0.111155 0.111632 0.980116
8 0.812044 0.809726 0.112183 0.112636 0.979718
3 0.563582 0.43771 0.112777 0.11256 0.97959
1 0.687643 0.561256 0.112091 0.112251 0.979467
6 0.56366 0.189153 0.112154 0.111343 0.97935
12 0.811652 0.31285 0.112218 0.111382 0.979319
3 0.563109 0.561352 0.111576 0.112133 0.979312
11 0.0660674 0.56103 0.113516 0.11209 0.97919
5 0.563477 0.312819 0.111187 0.11287 0.978978
6 0.687419 0.313049 0.112158 0.111406 0.978918
11 0.31542 0.684667 0.112347 0.11188 0.978689
10 0.687905 0.436819 0.111452 0.112976 0.978683
6 0.936544 0.685403 0.113023 0.110939 0.978666
7 0.687439 0.189392 0.11094 0.111831 0.978606
9 0.935814 0.437732 0.11156 0.112576 0.978574
0 0.811564 0.561349 0.112211 0.111909 0.978418
1 0.936397 0.561294 0.114204 0.11284 0.978373
7 0.687457 0.685252 0.111166 0.111185 0.978339
3 0.811128 0.437636 0.112672 0.112858 0.978338
8 0.43925 0.189081 0.11157 0.110888 0.977882
5 0.936486 0.312556 0.113635 0.113157 0.977701
11 0.190593 0.561023 0.112152 0.112413 0.977684
8 0.936389 0.0654348 0.112031 0.112484 0.977295
13 0.811762 0.685747 0.112448 0.112583 0.977139
11 0.811376 0.188641 0.11269 0.112664 0.976236
3 0.439629 0.437663 0.110979 0.113029 0.0282993
5 0.0660674 0.56103 0.113516 0.11209 0.01195
5 0.190593 0.561023 0.112152 0.112413 0.0106755
3 0.439321 0.685108 0.111457 0.112066 0.00872771
7 0.687863 0.0651751 0.112189 0.113631 0.00750253
1 0.315708 0.561235 0.111906 0.112409 0.00729444
6 0.191978 0.0647149 0.11258 0.11211 0.00696367
12 0.936172 0.809568 0.11436 0.113871 0.00674881
5 0.315386 0.685291 0.111932 0.112403 0.0067088
12 0.686795 0.189269 0.110216 0.11214 0.00617822
11 0.81199 0.809843 0.112006 0.11158 0.00607193
2 0.812888 0.809273 0.11143 0.112475 0.00604605
4 0.688074 0.437302 0.110395 0.112934 0.00558613
2 0.0671065 0.189204 0.113298 0.110962 0.00549767
6 0.191303 0.809658 0.112529 0.1121 0.00523537
6 0.811344 0.437457 0.111643 0.112587 0.00513918
1 0.0669539 0.808743 0.112911 0.111527 0.00471459
5 0.810778 0.189061 0.111318 0.113107 0.00471007
11 0.439703 0.188968 0.111094 0.111415 0.00440154
3 0.439525 0.313672 0.111871 0.112822 0.00410285
2 0.439737 0.189112 0.111203 0.111628 0.00399677
3 0.93606 0.437331 0.112197 0.11391 0.00389352
13 0.687648 0.437412 0.110781 0.111809 0.00374353
1 0.067364 0.313688 0.110912 0.110431 0.00366156
3 0.439278 0.934008 0.111084 0.112858 0.00365729
0 0.811896 0.933762 0.111826 0.112823 0.00361951
4 0.0668876 0.437713 0.113193 0.110995 0.00355814
13 0.192018 0.933269 0.110534 0.111385 0.00355501
12 0.439636 0.438091 0.111558 0.112037 0.00354523
4 0.936094 0.809268 0.114165 0.112789 0.00353441
0 0.936523 0.560659 0.113575 0.111203 0.00351382
1 0.315787 0.809341 0.112417 0.112265 0.00348058
4 0.315245 0.312924 0.111831 0.112547 0.00343808
1 0.811443 0.560972 0.112478 0.11176 0.00339944
1 0.563884 0.18916 0.112411 0.111735 0.00338891
12 0.93606 0.437331 0.112197 0.11391 0.00321988
12 0.0668006 0.685452 0.114786 0.11549 0.00307175
6 0.315686 0.438047 0.112623 0.112167 0.00303383
0 0.688342 0.933042 0.112403 0.111771 0.00301852
7 0.812187 0.0652153 0.111429 0.113099 0.00298688
1 0.688153 0.31308 0.111744 0.110558 0.00294265
0 0.439701 0.438102 0.111875 0.113564 0.00293364
3 0.315464 0.189237 0.11188 0.111939 0.00282229
1 0.68816 0.810128 0.11185 0.113275 0.00281578
1 0.31649 0.934109 0.111994 0.112824 0.00280222
1 0.440179 0.560987 0.111044 0.112023 0.00277271
4 0.191978 0.0647149 0.11258 0.11211 0.00275249
2 0.190863 0.80979 0.112662 0.112478 0.00268782
7 0.811407 0.685241 0.114564 0.112107 0.00266147
7 0.688074 0.437302 0.110395 0.112934 0.00261461
12 0.439763 0.313725 0.112381 0.112618 0.00252525
12 0.811396 0.685686 0.112445 0.11237 0.00251187
4 0.811344 0.437457 0.111643 0.112587 0.00248848
6 0.563948 0.438102 0.112657 0.112208 0.00243873
10 0.811239 0.188898 0.112605 0.112948 0.0023795
12 0.315777 0.189289 0.112261 0.111934 0.00234317
6 0.191388 0.437697 0.111815 0.111998 0.0023354
10 0.0665826 0.561191 0.112813 0.1124 0.00229969
0 0.687663 0.56067 0.111814 0.111672 0.002287
12 0.43929 0.685 0.112623 0.112606 0.00222793
2 0.9361 0.0647995 0.112184 0.112936 0.00222682
6 0.686821 0.189525 0.113713 0.111349 0.002134
10 0.934935 0.933475 0.111934 0.112234 0.00210495
7 0.191513 0.313394 0.111144 0.11137 0.00208728
11 0.439706 0.0643409 0.11253 0.112421 0.00204701
3 0.936704 0.685326 0.11289 0.112627 0.00202925
12 0.688241 0.0644617 0.112206 0.114396 0.00199532
12 0.564268 0.438137 0.112576 0.112028 0.00197032
6 0.935724 0.189036 0.112948 0.113146 0.0019421
6 0.936189 0.809365 0.11294 0.113528 0.00194086
3 0.191366 0.68505 0.112604 0.112679 0.00191132
3 0.688079 0.809448 0.111774 0.111418 0.00190209
1 0.0672132 0.0649571 0.111916 0.111079 0.00188687
1 0.440322 0.809708 0.111704 0.112658 0.00188283
10 0.936543 0.312926 0.111457 0.112161 0.00185327
6 0.315277 0.809112 0.111887 0.112361 0.00180353
12 0.812001 0.438001 0.111661 0.112521 0.00177601
1 0.563587 0.0645982 0.110366 0.112954 0.0017737
6 0.688249 0.685332 0.112335 0.111833 0.00175133
11 0.93595 0.0646126 0.113086 0.113112 0.001735
3 0.0667774 0.685162 0.114662 0.112136 0.00173373
6 0.0674339 0.436576 0.11154 0.113787 0.00172083
3 0.687195 0.312874 0.112446 0.1127 0.00167817
12 0.9356 0.189014 0.111756 0.111743 0.00167014
6 0.0669186 0.808972 0.111501 0.111918 0.00166241
1 0.191165 0.189413 0.110763 0.110578 0.00165857
1 0.315352 0.064092 0.111241 0.113279 0.00165746
12 0.316026 0.43808 0.11218 0.111378 0.00164837
4 0.191303 0.809658 0.112529 0.1121 0.00163651
4 0.563953 0.809077 0.110874 0.111765 0.00163401
2 0.315708 0.561235 0.111906 0.112409 0.00163085
12 0.439894 0.0647893 0.112709 0.112241 0.00161899
12 0.686814 0.685842 0.111239 0.111545 0.00161037
13 0.314774 0.312612 0.111425 0.111791 0.00159461
4 0.191366 0.68505 0.112604 0.112679 0.00157475
12 0.439662 0.933343 0.11201 0.113695 0.00157452
9 0.191118 0.560927 0.111073 0.111301 0.00156259
13 0.936484 0.436615 0.111667 0.113104 0.00152718
4 0.936524 0.313209 0.113127 0.113233 0.0015219
6 0.81191 0.313137 0.11182 0.112286 0.00150523
3 0.439822 0.560856 0.112451 0.113037 0.00146141
10 0.191109 0.560807 0.111925 0.112497 0.00145594
2 0.56403 0.933838 0.112852 0.113058 0.00144897
3 0.439731 0.809279 0.112696 0.113272 0.00144393
0 0.936395 0.064786 0.112156 0.112486 0.00142412
4 0.688304 0.685117 0.111391 0.111629 0.00140063
3 0.0669237 0.313194 0.111971 0.110191 0.00138501
9 0.812001 0.438001 0.111661 0.112521 0.00138259
11 0.0675348 0.188958 0.111619 0.111146 0.00138074
10 0.688168 0.0648332 0.112816 0.112456 0.00137373
10 0.0673673 0.437904 0.110667 0.110808 0.0013721
10 0.811407 0.685241 0.114564 0.112107 0.00134428
3 0.315702 0.933821 0.113629 0.114305 0.00133613
4 0.563749 0.685695 0.111856 0.111653 0.00133312
12 0.31574 0.313071 0.111472 0.111558 0.00132588
2 0.315348 0.437613 0.112052 0.112574 0.00132162
0 0.439629 0.313762 0.11201 0.112975 0.00131882
2 0.564268 0.438137 0.112576 0.112028 0.0013178
12 0.19203 0.312928 0.111274 0.11143 0.00130618
6 0.315062 0.560937 0.111951 0.112066 0.00130576
3 0.0666547 0.064548 0.113391 0.111759 0.00127068
1 0.563219 0.561279 0.112112 0.112164 0.001268
4 0.688063 0.189297 0.111979 0.112689 0.00125379
3 0.935868 0.933613 0.11251 0.110515 0.00124169
12 0.81144 0.0655605 0.112488 0.11336 0.00123249
12 0.563337 0.685598 0.111558 0.112144 0.00123106
2 0.0669539 0.808743 0.112911 0.111527 0.00122812
10 0.19107 0.685141 0.112222 0.112744 0.00122581
5 0.81189 0.685481 0.113467 0.113117 0.00120838
2 0.688063 0.561274 0.111246 0.111914 0.00120429
10 0.563491 0.313366 0.112242 0.111988 0.00120399
6 0.563219 0.561279 0.112112 0.112164 0.00120185
12 0.191449 0.064881 0.112255 0.112329 0.00119471
5 0.314771 0.312702 0.111641 0.111424 0.00118714
7 0.688243 0.809441 0.113341 0.112283 0.00117994
5 0.688044 0.437139 0.110998 0.112238 0.00117921
1 0.811312 0.437101 0.113228 0.113227 0.00117872
3 0.19108 0.18898 0.111376 0.111334 0.00117541
6 0.564089 0.685671 0.114071 0.113507 0.00117265
12 0.68786 0.437129 0.112054 0.112355 0.0011703
4 0.687663 0.56067 0.111814 0.111672 0.00116565
2 0.812001 0.438001 0.111661 0.112521 0.00115151
1 0.935589 0.189199 0.11225 0.112341 0.00112693
7 0.563953 0.809077 0.110874 0.111765 0.00109533
7 0.315428 0.313361 0.111921 0.111575 0.00109441
10 0.315837 0.809454 0.112983 0.112917 0.00108264
4 0.563491 0.313366 0.112242 0.111988 0.00108061
0 0.811728 0.313405 0.111617 0.112371 0.00107039
9 0.563948 0.438102 0.112657 0.112208 0.00106984
12 0.191366 0.809437 0.111808 0.111513 0.00106857
1 0.315348 0.437613 0.112052 0.112574 0.00106244
7 0.0671488 0.932913 0.114339 0.114436 0.00105407
4 0.563602 0.561417 0.111006 0.110855 0.00105285
13 0.563641 0.809733 0.111666 0.112161 0.00104773
3 0.563599 0.189226 0.112945 0.11249 0.00104693
1 0.191293 0.809872 0.111795 0.111925 0.00104151
4 0.563639 0.437744 0.11185 0.111189 0.00103789
1 0.563786 0.437211 0.113195 0.113427 0.00103247
13 0.0667538 0.933389 0.112787 0.11248 0.00102933
1 0.563716 0.685667 0.11218 0.112428 0.00102667
1 0.936375 0.685246 0.113052 0.11151 0.0010215
12 0.0673205 0.436403 0.112439 0.112993 0.00101572
4 0.0669304 0.934025 0.11455 0.115525 0.00101273
