7 0.564104 0.933828 0.111736 0.113398 0.987432
3 0.315081 0.934084 0.112995 0.113302 0.987065
6 0.191581 0.933764 0.112165 0.113021 0.986684
9 0.066947 0.685583 0.113155 0.113117 0.986354
3 0.56319 0.0652275 0.112133 0.113396 0.986119
9 0.191307 0.561362 0.111534 0.112852 0.986091
7 0.315447 0.6854 0.112136 0.112554 0.985837
5 0.43955 0.809451 0.110836 0.112049 0.985788
9 0.0662868 0.934039 0.113969 0.114324 0.985334
11 0.1911 0.809811 0.111968 0.113337 0.985031
2 0.563588 0.809592 0.112486 0.112563 0.984348
5 0.687841 0.933733 0.111416 0.112838 0.984278
4 0.43979 0.685475 0.113497 0.11392 0.983895
11 0.191242 0.685884 0.111908 0.112844 0.983866
4 0.31553 0.809883 0.11361 0.113235 0.983862
9 0.191278 0.18906 0.111579 0.113258 0.983807
5 0.315512 0.56167 0.111208 0.112707 0.983462
9 0.812442 0.809796 0.111949 0.113641 0.983169
0 0.44014 0.93379 0.11285 0.113705 0.983123
6 0.315668 0.4374 0.112215 0.112502 0.982802
3 0.0670096 0.437365 0.113288 0.11363 0.982701
5 0.315666 0.189343 0.111084 0.112469 0.98265
4 0.191372 0.313269 0.112605 0.113141 0.982404
6 0.812107 0.9339 0.112309 0.113677 0.982044
10 0.0672629 0.189071 0.112837 0.112799 0.981819
2 0.191092 0.437559 0.112189 0.112084 0.981722
8 0.936023 0.933992 0.113219 0.114087 0.981391
4 0.0676244 0.313297 0.113839 0.114757 0.98124
6 0.935636 0.0649238 0.113307 0.114032 0.980872
1 0.687977 0.809728 0.11198 0.113009 0.980778
5 0.687846 0.0655997 0.110442 0.112086 0.980631
10 0.439249 0.0645911 0.111545 0.112647 0.980612
5 0.563422 0.189659 0.110006 0.111809 0.98042
12 0.191204 0.0645794 0.111067 0.113036 0.980262
2 0.936458 0.809478 0.112366 0.112264 0.980254
8 0.314615 0.0648215 0.111732 0.111554 0.980127
13 0.81144 0.0647775 0.112559 0.11279 0.980037
12 0.0674001 0.0647163 0.112303 0.112232 0.97999
11 0.564024 0.685354 0.111751 0.113722 0.979853
13 0.563638 0.437688 0.112213 0.113233 0.979819
5 0.439091 0.313139 0.111298 0.113264 0.979787
13 0.687516 0.18909 0.112811 0.11279 0.979626
10 0.563815 0.313029 0.112829 0.115136 0.979504
6 0.439746 0.437183 0.112865 0.11344 0.979478
12 0.0671418 0.81027 0.113532 0.113862 0.979084
7 0.56414 0.561505 0.112494 0.112942 0.979076
6 0.687785 0.561354 0.112317 0.112646 0.979072
8 0.315219 0.313541 0.112922 0.113075 0.979047
0 0.067129 0.56142 0.112482 0.11293 0.978837
9 0.935638 0.189447 0.11176 0.112997 0.978827
1 0.439043 0.561155 0.112664 0.113076 0.978825
11 0.936571 0.561747 0.112893 0.113986 0.978772
5 0.687727 0.313098 0.111963 0.113649 0.978759
5 0.687912 0.685729 0.11273 0.113233 0.978745
12 0.812298 0.312971 0.112722 0.112993 0.978466
10 0.812479 0.561339 0.112955 0.114183 0.978387
6 0.812016 0.685689 0.111995 0.112636 0.978382
1 0.811975 0.188588 0.112644 0.112939 0.978346
12 0.812435 0.436998 0.112324 0.11263 0.978265
3 0.687541 0.437473 0.111587 0.112278 0.978017
6 0.936545 0.43707 0.113707 0.112885 0.977996
0 0.439164 0.189019 0.11215 0.113569 0.977935
6 0.936758 0.685561 0.113322 0.112532 0.977562
12 0.936384 0.312987 0.112182 0.112224 0.977562
6 0.0669483 0.809881 0.112072 0.11197 0.0732317
6 0.812224 0.437747 0.111188 0.112761 0.0274216
6 0.191245 0.0648602 0.111747 0.113499 0.0122073
6 0.0669752 0.0648773 0.11298 0.113959 0.0109014
6 0.935681 0.313632 0.112713 0.111599 0.00890087
6 0.811685 0.313719 0.113052 0.112754 0.00721543
11 0.688228 0.933645 0.112713 0.113203 0.00662767
1 0.0665746 0.560789 0.114503 0.112632 0.00613429
11 0.686707 0.065213 0.110149 0.110789 0.00533417
2 0.935922 0.93415 0.113747 0.113883 0.00448007
2 0.315264 0.313623 0.112318 0.112361 0.00395893
11 0.686768 0.313642 0.109364 0.111476 0.0036981
0 0.813111 0.810036 0.112276 0.113146 0.00367351
7 0.06677 0.313578 0.113603 0.113597 0.00364316
12 0.563857 0.437349 0.11129 0.112145 0.00326747
12 0.813062 0.81002 0.112221 0.113639 0.00314907
3 0.936773 0.685236 0.112169 0.11363 0.00310318
4 0.564012 0.933685 0.111642 0.113874 0.00306372
2 0.688251 0.933112 0.112903 0.113922 0.00300365
1 0.190803 0.437911 0.109962 0.108631 0.00291066
4 0.81225 0.561445 0.113122 0.113636 0.0027573
10 0.687486 0.933943 0.111551 0.111884 0.00272013
3 0.812442 0.809796 0.111949 0.113641 0.0026179
8 0.811604 0.810169 0.112706 0.113791 0.0026085
3 0.812414 0.933448 0.111708 0.11375 0.00256219
2 0.688093 0.313548 0.112671 0.113154 0.00247779
0 0.81221 0.188544 0.112013 0.113482 0.00247513
1 0.936464 0.809563 0.112251 0.112475 0.00243643
1 0.0674148 0.313405 0.113929 0.113958 0.00241385
1 0.43979 0.685475 0.113497 0.11392 0.00230442
7 0.811494 0.437738 0.111519 0.113346 0.00227783
12 0.687793 0.437658 0.111199 0.111858 0.002243
11 0.935872 0.93406 0.111013 0.113151 0.00222641
4 0.688077 0.809268 0.111496 0.111522 0.00217074
1 0.564099 0.809854 0.112266 0.112536 0.00214932
2 0.688279 0.685616 0.111436 0.113944 0.00214619
3 0.190628 0.436884 0.111995 0.110612 0.00210388
2 0.68824 0.809599 0.11288 0.11248 0.00208741
5 0.191317 0.436802 0.110908 0.112999 0.0020578
5 0.811615 0.561116 0.112407 0.112837 0.0020196
0 0.688077 0.809268 0.111496 0.111522 0.00201068
8 0.935952 0.18925 0.111794 0.114404 0.00198261
10 0.439293 0.80962 0.111757 0.112164 0.00195337
4 0.439328 0.561258 0.112187 0.112059 0.001934
4 0.439431 0.0646818 0.112119 0.113572 0.00190187
2 0.68807 0.0648446 0.111929 0.111486 0.00189523
1 0.191638 0.313231 0.112538 0.112912 0.00186065
2 0.688172 0.437787 0.110383 0.111356 0.00185129
5 0.936033 0.80984 0.113102 0.113573 0.00184497
10 0.936155 0.561699 0.110944 0.113228 0.00183788
7 0.811406 0.31345 0.112492 0.113745 0.00180938
4 0.315734 0.685513 0.112072 0.112924 0.00179945
5 0.190849 0.809972 0.112431 0.113933 0.00178795
7 0.191194 0.313085 0.111433 0.11206 0.00178527
12 0.19142 0.560909 0.110691 0.112198 0.00177006
6 0.688146 0.438007 0.112314 0.112307 0.00174605
7 0.43941 0.685321 0.112524 0.113117 0.00174525
12 0.936235 0.189324 0.112255 0.113189 0.00172202
3 0.936049 0.0648088 0.11298 0.114481 0.00171971
1 0.315724 0.809806 0.113939 0.113581 0.00171741
10 0.686994 0.0648859 0.111002 0.111778 0.00169772
5 0.936639 0.561289 0.111599 0.111972 0.00165571
0 0.191019 0.189313 0.11215 0.113368 0.00165268
3 0.191581 0.933764 0.112165 0.113021 0.00162634
1 0.81313 0.6853 0.111254 0.113496 0.00160649
3 0.812983 0.685129 0.112271 0.113493 0.00158946
2 0.314909 0.0643263 0.111377 0.112565 0.00158307
3 0.688093 0.313548 0.112671 0.113154 0.00157771
11 0.31503 0.560851 0.110963 0.111503 0.00154713
4 0.811856 0.18894 0.112018 0.112563 0.00154301
3 0.564375 0.809674 0.111661 0.112096 0.0015418
12 0.688136 0.188954 0.113106 0.112383 0.00152726
2 0.440144 0.809569 0.111377 0.11196 0.00151713
1 0.8131 0.932881 0.110711 0.112088 0.0015151
13 0.439834 0.0643039 0.111879 0.112259 0.00150323
10 0.687383 0.313292 0.111379 0.111854 0.00150134
7 0.935988 0.313065 0.111515 0.11319 0.00149751
11 0.563446 0.18953 0.11203 0.111927 0.00148262
10 0.314831 0.188972 0.111856 0.112605 0.00147344
10 0.439252 0.313179 0.11124 0.111882 0.00146413
1 0.688104 0.561194 0.111603 0.113436 0.00145408
12 0.812239 0.56152 0.113388 0.113272 0.00144056
7 0.935636 0.0649238 0.113307 0.114032 0.00143826
4 0.563668 0.313487 0.112331 0.114132 0.00143688
12 0.0673157 0.933813 0.113548 0.112507 0.00143549
12 0.564346 0.561146 0.111075 0.113394 0.00143247
3 0.688266 0.685895 0.111679 0.114007 0.00143042
3 0.936273 0.437231 0.112886 0.113895 0.00142724
8 0.439517 0.934024 0.11216 0.11202 0.00142618
3 0.936637 0.809515 0.11172 0.110876 0.00142482
4 0.688145 0.437546 0.111383 0.113202 0.00142275
7 0.564297 0.437226 0.112201 0.113624 0.00140109
10 0.563474 0.189549 0.112594 0.111387 0.00135705
12 0.563887 0.312891 0.112983 0.114282 0.00134053
5 0.190899 0.685785 0.112087 0.113419 0.00133431
7 0.81168 0.560799 0.112306 0.114038 0.00132394
7 0.688059 0.560907 0.112143 0.113352 0.00130452
11 0.438951 0.313204 0.111456 0.112942 0.00129367
7 0.811929 0.0649363 0.113211 0.113954 0.00128967
4 0.0674372 0.188545 0.11303 0.114676 0.00127986
12 0.0672446 0.685114 0.1127 0.113933 0.00126512
3 0.81259 0.436635 0.111264 0.113536 0.00125517
11 0.688125 0.685644 0.112651 0.112396 0.00124199
0 0.812179 0.437352 0.112745 0.112428 0.0012299
3 0.439813 0.437219 0.11277 0.113097 0.00121096
7 0.0673442 0.188872 0.11266 0.112692 0.00118246
0 0.935975 0.189322 0.112148 0.113861 0.00117869
4 0.0669483 0.809881 0.112072 0.11197 0.00117349
0 0.315605 0.31363 0.112071 0.112081 0.00116981
6 0.68824 0.809599 0.11288 0.11248 0.00116933
11 0.314898 0.0647455 0.11232 0.112995 0.00116366
6 0.0672065 0.437529 0.112858 0.113015 0.00114512
12 0.0668185 0.437593 0.112131 0.112576 0.00113614
8 0.190803 0.437911 0.109962 0.108631 0.00113381
0 0.43937 0.56091 0.112059 0.112541 0.00113299
6 0.43941 0.685321 0.112524 0.113117 0.0011144
5 0.564204 0.685678 0.111236 0.112897 0.00111247
4 0.56433 0.561329 0.112464 0.112913 0.00110895
4 0.688279 0.685616 0.111436 0.113944 0.00110327
7 0.811728 0.685507 0.111823 0.113607 0.00110302
7 0.439305 0.0649292 0.11145 0.113782 0.00110132
2 0.191166 0.685234 0.110932 0.111894 0.00110014
7 0.811805 0.933179 0.11194 0.112275 0.00109811
5 0.0665159 0.313357 0.113307 0.113518 0.0010971
7 0.936161 0.685733 0.111627 0.114426 0.00108389
4 0.688094 0.313353 0.111393 0.112709 0.00108297
13 0.81165 0.561226 0.111481 0.112123 0.00107339
5 0.564016 0.810226 0.112155 0.113479 0.00107102
3 0.688136 0.561294 0.111191 0.112795 0.00107017
4 0.563647 0.0654243 0.111794 0.112267 0.00105736
10 0.688279 0.685616 0.111436 0.113944 0.00105281
3 0.68807 0.0648446 0.111929 0.111486 0.00104683
12 0.439652 0.0644168 0.11198 0.11402 0.00104437
12 0.191127 0.189277 0.112053 0.112688 0.00102502
4 0.43951 0.313316 0.111637 0.112689 0.00102253
9 0.688446 0.438041 0.112722 0.112887 0.00101883
0 0.19142 0.560909 0.110691 0.112198 0.00101594
5 0.31512 0.80933 0.112775 0.113003 0.00100957
6 0.564309 0.561107 0.111196 0.112512 0.00100939
3 0.315668 0.4374 0.112215 0.112502 0.00100789
10 0.3145 0.561512 0.112109 0.112072 0.00100028
