9 0.315108 0.933824 0.111576 0.111993 0.987619
3 0.5633 0.934037 0.111491 0.112668 0.987091
2 0.56334 0.809325 0.111934 0.112762 0.985577
4 0.440309 0.685289 0.112322 0.112808 0.985456
13 0.812195 0.933893 0.111397 0.11237 0.985239
7 0.81197 0.80962 0.113049 0.112383 0.985225
5 0.191828 0.9335 0.110968 0.112903 0.985066
4 0.19177 0.561141 0.111916 0.113012 0.984954
7 0.0673891 0.809993 0.113435 0.112084 0.98431
10 0.439508 0.934026 0.113059 0.114808 0.984203
9 0.438899 0.0646311 0.110953 0.111515 0.984193
11 0.687466 0.933951 0.11209 0.112501 0.983964
6 0.191581 0.0644744 0.112201 0.112578 0.983711
7 0.191472 0.313654 0.111427 0.110881 0.983162
4 0.0669073 0.189421 0.113127 0.113187 0.983079
6 0.44004 0.56144 0.112197 0.112219 0.982977
6 0.315659 0.43758 0.112451 0.112254 0.982912
12 0.0672148 0.685819 0.113555 0.112966 0.982895
5 0.0671977 0.313354 0.112732 0.112505 0.982643
3 0.190625 0.809469 0.112411 0.11134 0.982556
1 0.439427 0.809556 0.111929 0.11267 0.982464
5 0.563561 0.0652215 0.110454 0.111882 0.982398
1 0.0668251 0.437254 0.112592 0.112315 0.982051
7 0.43942 0.313341 0.113343 0.112035 0.98194
2 0.563427 0.685075 0.11139 0.112039 0.98192
12 0.315341 0.561637 0.111924 0.112211 0.98148
12 0.935978 0.0652408 0.113058 0.112918 0.981327
2 0.3151 0.313196 0.112015 0.112359 0.981178
0 0.191284 0.437038 0.1126 0.112352 0.98111
8 0.0675378 0.0654509 0.111999 0.113118 0.980979
0 0.315104 0.809302 0.112214 0.112268 0.98085
2 0.811981 0.0653067 0.111669 0.11298 0.980713
12 0.936998 0.809457 0.112848 0.113113 0.980368
13 0.0668463 0.933952 0.114337 0.113933 0.980219
8 0.315126 0.188986 0.112679 0.112698 0.980115
13 0.0673383 0.561215 0.112979 0.112088 0.980008
8 0.936026 0.93381 0.113283 0.113413 0.979856
2 0.191092 0.685356 0.111957 0.111533 0.979848
4 0.563662 0.31302 0.112807 0.113437 0.979642
12 0.68726 0.437209 0.111897 0.111793 0.979564
1 0.563381 0.437013 0.112276 0.113131 0.979426
1 0.687775 0.312818 0.1123 0.113051 0.979304
9 0.811828 0.188998 0.112246 0.112431 0.979101
1 0.812174 0.436893 0.113106 0.112937 0.979097
10 0.812395 0.312858 0.112712 0.113439 0.979012
8 0.190996 0.18923 0.112312 0.112289 0.9789
13 0.812128 0.561695 0.112701 0.112494 0.97881
1 0.687841 0.0646424 0.112197 0.11368 0.978673
5 0.687716 0.685284 0.111942 0.111842 0.978627
0 0.936078 0.685463 0.112772 0.1123 0.978596
8 0.315004 0.68507 0.111904 0.111262 0.978504
2 0.563764 0.560927 0.113038 0.113685 0.978414
11 0.563385 0.188817 0.111064 0.113259 0.978341
0 0.68771 0.189024 0.112058 0.112704 0.978296
8 0.687921 0.809505 0.111404 0.114033 0.978224
8 0.439628 0.437485 0.111628 0.111965 0.978128
2 0.811778 0.685628 0.111808 0.112489 0.97802
8 0.439139 0.189161 0.112782 0.112698 0.977948
3 0.936658 0.313579 0.111758 0.112261 0.977844
5 0.936484 0.188499 0.112395 0.112158 0.977822
2 0.936333 0.436812 0.113112 0.113685 0.977728
8 0.93638 0.561811 0.112007 0.112805 0.977567
8 0.687701 0.561472 0.112187 0.113169 0.977525
0 0.315034 0.0645748 0.111757 0.113234 0.977456
2 0.935966 0.561074 0.113468 0.112441 0.0216495
5 0.5636 0.188548 0.110553 0.112361 0.0184875
2 0.439263 0.189564 0.111551 0.112708 0.0171521
10 0.812127 0.93344 0.111871 0.114355 0.0166986
2 0.687798 0.809546 0.112031 0.112008 0.0163606
2 0.190952 0.189435 0.112159 0.112395 0.0127105
5 0.687671 0.933525 0.110839 0.113188 0.0108427
2 0.0666705 0.0652796 0.113652 0.112292 0.0106283
2 0.935872 0.933754 0.113263 0.11246 0.0106007
2 0.688049 0.561081 0.110817 0.112786 0.00965734
2 0.315031 0.189401 0.111792 0.112398 0.00965446
10 0.0670656 0.93366 0.111521 0.113027 0.00885767
3 0.564254 0.809278 0.112003 0.113353 0.00885747
11 0.191903 0.93355 0.111172 0.110881 0.00630714
2 0.315465 0.685329 0.112039 0.112631 0.00604847
3 0.564272 0.561284 0.111652 0.113348 0.00579691
10 0.191874 0.933648 0.111507 0.11112 0.00578746
3 0.564256 0.685285 0.111283 0.11257 0.00570511
10 0.935799 0.188735 0.111091 0.111791 0.00549407
12 0.811539 0.809795 0.112689 0.112842 0.00545988
0 0.68813 0.063939 0.112087 0.113597 0.00509354
1 0.315031 0.06407 0.11169 0.112838 0.00447688
2 0.439542 0.437025 0.112173 0.112281 0.00439833
6 0.687444 0.437015 0.112539 0.112484 0.00412481
4 0.812268 0.313777 0.112005 0.112595 0.00396542
10 0.439749 0.313481 0.113286 0.112778 0.00389676
0 0.688105 0.312204 0.11186 0.112326 0.00380475
6 0.315488 0.561355 0.112773 0.113065 0.0037362
7 0.0670656 0.93366 0.111521 0.113027 0.00355688
2 0.688173 0.68534 0.112034 0.1125 0.00354024
5 0.191346 0.685368 0.112026 0.112359 0.00348374
10 0.191485 0.313577 0.112963 0.112708 0.00341432
0 0.812172 0.436252 0.113073 0.112624 0.00339742
3 0.191419 0.685448 0.112722 0.112142 0.00307101
3 0.812135 0.0657334 0.111312 0.112372 0.00300028
3 0.936413 0.437388 0.11313 0.112491 0.00293564
1 0.936117 0.437855 0.109665 0.112508 0.00291293
6 0.811486 0.809299 0.112451 0.112239 0.00266731
1 0.687828 0.188213 0.11156 0.112735 0.002612
5 0.811475 0.685294 0.112999 0.112453 0.00260377
7 0.0668492 0.561242 0.112758 0.112777 0.00255438
12 0.93627 0.313091 0.113086 0.113267 0.00254065
8 0.811459 0.189237 0.112508 0.112702 0.00250729
1 0.811518 0.0646878 0.112456 0.112474 0.00249634
1 0.315193 0.313577 0.111847 0.112063 0.00245496
12 0.0670656 0.93366 0.111521 0.113027 0.00233056
6 0.93649 0.313324 0.111758 0.112717 0.00230175
4 0.936369 0.80951 0.112471 0.111599 0.00228796
2 0.688153 0.064783 0.110989 0.11235 0.0022831
12 0.191565 0.809556 0.111836 0.111997 0.00228248
5 0.811518 0.0646878 0.112456 0.112474 0.00227461
4 0.0668714 0.809789 0.114049 0.111245 0.00226338
4 0.191326 0.31357 0.110876 0.11055 0.00221692
5 0.93607 0.436736 0.113865 0.114622 0.00217503
1 0.564053 0.312862 0.112729 0.11314 0.00215033
0 0.563454 0.43677 0.111642 0.112892 0.00213232
7 0.68673 0.437364 0.1116 0.113527 0.00212917
2 0.688028 0.312866 0.111738 0.113647 0.00212361
3 0.811914 0.685373 0.11206 0.111204 0.00208097
7 0.0665814 0.189388 0.113316 0.112221 0.00207768
3 0.31541 0.313343 0.11097 0.112779 0.00204066
11 0.315563 0.685118 0.111283 0.112706 0.00203042
7 0.439493 0.685379 0.112309 0.112833 0.0020087
9 0.936027 0.685442 0.112094 0.112017 0.00198588
12 0.812127 0.93344 0.111871 0.114355 0.00198229
0 0.812982 0.189278 0.111645 0.112046 0.00192087
1 0.440309 0.685289 0.112322 0.112808 0.0019071
1 0.0665814 0.189388 0.113316 0.112221 0.0018938
10 0.687734 0.685502 0.111542 0.111934 0.00187702
7 0.812127 0.93344 0.111871 0.114355 0.00187026
0 0.438784 0.438062 0.111557 0.114132 0.00184698
3 0.688151 0.685585 0.112452 0.112404 0.00184527
7 0.191497 0.561205 0.111833 0.111669 0.00182912
1 0.563767 0.809108 0.113569 0.113427 0.00179356
0 0.688056 0.561569 0.11162 0.113969 0.0017877
1 0.191778 0.561378 0.112671 0.113072 0.00174321
8 0.688243 0.933357 0.112564 0.113008 0.0017243
1 0.563764 0.560927 0.113038 0.113685 0.00172141
1 0.936601 0.313202 0.111337 0.111886 0.00168179
11 0.439754 0.189631 0.112241 0.112945 0.00167754
4 0.439629 0.313434 0.112935 0.112036 0.0016604
12 0.0665024 0.560982 0.113925 0.11243 0.00165703
11 0.936026 0.93381 0.113283 0.113413 0.0016235
11 0.0670715 0.0652122 0.112272 0.112517 0.0016212
1 0.811475 0.685294 0.112999 0.112453 0.00161954
11 0.19122 0.189385 0.111404 0.112036 0.00159243
0 0.0664829 0.436166 0.113784 0.112002 0.00159196
1 0.563794 0.684937 0.112534 0.112988 0.00158983
1 0.315175 0.809248 0.112304 0.112737 0.00157741
11 0.315417 0.189362 0.111745 0.112537 0.00156399
3 0.440226 0.561137 0.112824 0.112959 0.00155553
4 0.0673582 0.31322 0.112703 0.112359 0.0015551
6 0.067012 0.685738 0.114307 0.113408 0.00155353
2 0.937101 0.313429 0.111999 0.113211 0.00153164
7 0.812121 0.561574 0.112814 0.113324 0.0015054
0 0.936472 0.561302 0.11187 0.11216 0.00149911
4 0.812417 0.809328 0.112847 0.112365 0.00149783
4 0.688173 0.68534 0.112034 0.1125 0.0014674
4 0.563849 0.933398 0.112316 0.112193 0.00143504
4 0.563639 0.436967 0.112013 0.112119 0.00141584
12 0.812007 0.188972 0.112413 0.111759 0.00140476
9 0.93625 0.313097 0.113018 0.11378 0.00140289
8 0.813001 0.0649867 0.108676 0.11238 0.00140017
11 0.687798 0.809546 0.112031 0.112008 0.00139702
0 0.68806 0.437615 0.112015 0.113566 0.00139409
12 0.811346 0.561835 0.111143 0.112082 0.00137454
5 0.563626 0.685343 0.111723 0.11226 0.00136904
2 0.440199 0.685631 0.11346 0.112997 0.00136561
11 0.687734 0.561079 0.111764 0.113324 0.00136383
2 0.563918 0.933487 0.111355 0.112131 0.00133647
5 0.563584 0.56133 0.112592 0.112909 0.00131986
10 0.687566 0.933438 0.110565 0.112909 0.00131026
3 0.191581 0.0644744 0.112201 0.112578 0.00130462
4 0.439498 0.809543 0.111699 0.112085 0.00130393
3 0.315921 0.437338 0.113431 0.112345 0.0012978
0 0.688125 0.809377 0.111891 0.113116 0.00129599
10 0.0673582 0.31322 0.112703 0.112359 0.0012957
2 0.563907 0.313567 0.112093 0.113617 0.00127646
0 0.439587 0.809521 0.112031 0.112727 0.00126674
4 0.687848 0.313079 0.111711 0.111952 0.00126387
11 0.688151 0.685585 0.112452 0.112404 0.00125286
11 0.0663836 0.933546 0.113489 0.112636 0.00124288
2 0.563338 0.437182 0.11081 0.111844 0.00123667
1 0.191267 0.685164 0.112759 0.112292 0.00122831
11 0.93577 0.188757 0.111144 0.11154 0.00121344
7 0.811698 0.312959 0.113224 0.113592 0.00119919
6 0.936369 0.80951 0.112471 0.111599 0.00119451
10 0.563568 0.0648562 0.112809 0.111353 0.00117909
1 0.191533 0.809314 0.111854 0.111684 0.00116344
10 0.564053 0.312862 0.112729 0.11314 0.00115398
10 0.0665024 0.560982 0.113925 0.11243 0.00114216
5 0.563731 0.809684 0.112628 0.112631 0.00113461
11 0.43912 0.437129 0.112311 0.112453 0.00113258
2 0.688257 0.933366 0.112112 0.113675 0.00112643
9 0.190625 0.809469 0.112411 0.11134 0.00111115
1 0.563495 0.933919 0.111658 0.112405 0.00110223
13 0.439646 0.933979 0.112029 0.111938 0.00109951
1 0.191296 0.436661 0.113037 0.112364 0.00109174
8 0.811583 0.685178 0.111085 0.113586 0.00109102
10 0.812121 0.561574 0.112814 0.113324 0.00107484
12 0.439382 0.0646516 0.112566 0.110969 0.0010724
2 0.0665814 0.189388 0.113316 0.112221 0.00106713
13 0.811626 0.313174 0.113308 0.113352 0.001058
3 0.936004 0.810014 0.112258 0.114945 0.00104328
4 0.935978 0.0652408 0.113058 0.112918 0.00102556
2 0.191404 0.561361 0.112949 0.113115 0.00102366
0 0.0668022 0.0651653 0.112237 0.111665 0.00100153
