3 0.43908 0.809792 0.113227 0.1122 0.986078
7 0.315949 0.809373 0.111801 0.111801 0.985848
7 0.0670344 0.809542 0.112943 0.112255 0.985422
11 0.563662 0.933763 0.111461 0.112565 0.985358
12 0.439777 0.685194 0.111328 0.11219 0.98525
4 0.316047 0.93378 0.110351 0.111402 0.985221
3 0.0669872 0.934101 0.113841 0.114227 0.985041
5 0.438996 0.0653149 0.110678 0.111745 0.98503
7 0.191459 0.561578 0.111529 0.111729 0.984929
11 0.56353 0.809689 0.111534 0.112045 0.983851
10 0.192193 0.685208 0.111287 0.111128 0.983761
9 0.191516 0.188843 0.112866 0.112786 0.983758
5 0.190636 0.0652567 0.110277 0.110873 0.983429
6 0.314869 0.0649393 0.111671 0.112594 0.983151
5 0.936697 0.809759 0.111987 0.110705 0.983139
13 0.688203 0.934037 0.112418 0.112345 0.9831
9 0.191587 0.313209 0.11227 0.112687 0.983091
5 0.31534 0.313011 0.112187 0.112167 0.98309
5 0.0669255 0.31391 0.112802 0.112664 0.983028
0 0.439844 0.933717 0.112348 0.11338 0.982798
10 0.31552 0.188899 0.112717 0.111253 0.982616
10 0.0678584 0.561685 0.112717 0.111856 0.982531
13 0.190894 0.437727 0.111207 0.11124 0.982462
6 0.935812 0.933719 0.112851 0.112834 0.98243
13 0.315585 0.685188 0.110703 0.11123 0.982391
2 0.811738 0.809904 0.112206 0.112348 0.982208
4 0.0672073 0.189018 0.112831 0.112042 0.981913
11 0.0670138 0.685888 0.113073 0.111951 0.981866
8 0.812074 0.933648 0.111529 0.112239 0.981716
4 0.56404 0.685611 0.111382 0.111335 0.981644
4 0.687889 0.809773 0.111561 0.111898 0.98144
1 0.315111 0.437468 0.11223 0.111872 0.981049
13 0.191218 0.809511 0.112953 0.11175 0.980996
2 0.0669854 0.437628 0.112897 0.112604 0.980937
6 0.936143 0.685389 0.11285 0.112578 0.980699
2 0.191991 0.933642 0.112216 0.113338 0.980435
2 0.811767 0.0652468 0.111812 0.112168 0.980286
0 0.315234 0.561314 0.11306 0.111707 0.980257
7 0.439579 0.561262 0.112307 0.111757 0.98005
6 0.439334 0.313145 0.113222 0.11281 0.979981
4 0.564056 0.312849 0.113182 0.11299 0.979768
12 0.563709 0.437315 0.112264 0.11212 0.979741
9 0.68794 0.313455 0.111712 0.111713 0.979591
6 0.688163 0.561509 0.112228 0.112092 0.979296
10 0.688091 0.188662 0.112571 0.112817 0.979258
6 0.688247 0.437445 0.112591 0.112246 0.979049
13 0.563798 0.188967 0.111444 0.112442 0.978793
12 0.687501 0.0653697 0.112072 0.111672 0.978756
0 0.0673421 0.0648351 0.111477 0.112441 0.978696
9 0.812242 0.437138 0.111917 0.11266 0.978619
10 0.936818 0.436886 0.112856 0.11297 0.978536
13 0.93638 0.561538 0.112827 0.112089 0.978426
2 0.563978 0.561446 0.112253 0.112782 0.978312
13 0.936038 0.18874 0.112961 0.112726 0.978287
5 0.811863 0.685508 0.112068 0.112497 0.978232
0 0.81222 0.31301 0.112395 0.113336 0.978176
1 0.812341 0.188791 0.112665 0.112928 0.978145
0 0.439377 0.437535 0.111763 0.111998 0.978129
3 0.936059 0.0653682 0.111622 0.111789 0.978086
0 0.687922 0.685125 0.112097 0.112891 0.978055
0 0.439316 0.188882 0.112506 0.113651 0.977846
0 0.563317 0.0655966 0.111335 0.111321 0.977757
1 0.936381 0.31289 0.114065 0.11321 0.97771
2 0.812325 0.56171 0.112845 0.113346 0.977509
12 0.563901 0.188792 0.111497 0.111817 0.0116563
1 0.0671218 0.064009 0.113381 0.113213 0.0073383
2 0.812484 0.933381 0.111588 0.112008 0.0066618
3 0.936235 0.933617 0.112401 0.113769 0.00644545
4 0.687871 0.189191 0.111278 0.112204 0.00640891
12 0.191408 0.809685 0.111945 0.112049 0.00587713
3 0.936675 0.685066 0.112604 0.113433 0.00577815
4 0.315448 0.188697 0.111521 0.111631 0.0053907
1 0.688016 0.684954 0.1125 0.112091 0.00529284
1 0.0667967 0.438037 0.111231 0.110894 0.00458908
0 0.81305 0.437506 0.11048 0.113026 0.00425446
5 0.811506 0.810031 0.114603 0.113002 0.00420323
3 0.688209 0.313453 0.112977 0.113728 0.0039754
1 0.56404 0.685611 0.111382 0.111335 0.00363611
7 0.935956 0.933442 0.112134 0.113091 0.0036166
1 0.564246 0.312812 0.112773 0.112538 0.00351241
10 0.563834 0.933738 0.110155 0.112728 0.00348597
0 0.936301 0.313127 0.112892 0.111852 0.00344019
1 0.439506 0.436773 0.11215 0.112919 0.00335068
1 0.0674581 0.188952 0.113115 0.112486 0.003349
12 0.687985 0.313508 0.110746 0.111707 0.00325699
10 0.0672366 0.685237 0.114283 0.113179 0.00316445
0 0.688166 0.313318 0.112198 0.112666 0.00315219
10 0.564078 0.80953 0.110419 0.111815 0.00313722
1 0.811496 0.0648851 0.11191 0.111676 0.00311256
1 0.315639 0.561234 0.112807 0.112321 0.00305534
1 0.812274 0.312684 0.111897 0.112971 0.00302064
0 0.812739 0.187957 0.111982 0.112446 0.00292498
1 0.316053 0.933942 0.111757 0.112573 0.00288555
5 0.811478 0.561687 0.114272 0.112084 0.00280108
5 0.811496 0.0648851 0.11191 0.111676 0.00279373
3 0.812122 0.437389 0.112241 0.112809 0.00275152
0 0.813177 0.933643 0.110645 0.113876 0.00273021
6 0.563973 0.437672 0.110361 0.111738 0.00271867
1 0.687889 0.809773 0.111561 0.111898 0.00270012
7 0.936301 0.685447 0.113628 0.112904 0.00268981
7 0.687981 0.561194 0.112995 0.112433 0.00265588
1 0.439378 0.188364 0.112471 0.113059 0.00261094
3 0.812053 0.561639 0.112606 0.112031 0.00257083
12 0.812415 0.437988 0.109384 0.112434 0.00247753
3 0.066323 0.437272 0.114726 0.11089 0.00244729
1 0.563772 0.0638601 0.111697 0.113415 0.00239264
8 0.563869 0.809084 0.112729 0.112002 0.0023681
3 0.813105 0.685451 0.113361 0.113142 0.00235354
12 0.315147 0.68514 0.111445 0.111734 0.00231283
7 0.688273 0.437344 0.112787 0.112954 0.00221539
7 0.687822 0.80955 0.111743 0.112214 0.00215148
1 0.563978 0.561446 0.112253 0.112782 0.00211522
10 0.935605 0.188998 0.111234 0.112248 0.00210538
12 0.935995 0.0650425 0.112218 0.112108 0.00210176
3 0.439655 0.313436 0.110946 0.113261 0.00207387
0 0.191436 0.313646 0.111432 0.112025 0.00204962
5 0.563972 0.933852 0.111673 0.112689 0.00200574
9 0.936006 0.064897 0.111852 0.112545 0.00200474
9 0.564078 0.80953 0.110419 0.111815 0.00197553
12 0.191425 0.437563 0.110967 0.111169 0.00194939
7 0.686766 0.0653391 0.108975 0.111162 0.0019346
3 0.563966 0.561484 0.111958 0.112071 0.00190871
12 0.191582 0.31361 0.111469 0.112274 0.00190794
1 0.813089 0.809452 0.114864 0.112512 0.00190275
8 0.0667967 0.438037 0.111231 0.110894 0.00186715
12 0.19145 0.189149 0.112554 0.112431 0.00181115
2 0.56424 0.312995 0.111732 0.113017 0.00178708
2 0.813105 0.685451 0.113361 0.113142 0.00177621
1 0.812299 0.561581 0.112708 0.113242 0.00169975
12 0.936067 0.561555 0.110606 0.111708 0.00167779
3 0.688385 0.437859 0.111578 0.112892 0.00167519
3 0.812025 0.810181 0.112955 0.112099 0.0016742
8 0.564125 0.932847 0.112401 0.112559 0.00161367
3 0.314869 0.0649393 0.111671 0.112594 0.0015296
9 0.811673 0.932999 0.110627 0.11205 0.00149914
7 0.0668053 0.189009 0.112576 0.111567 0.00146298
3 0.811587 0.0651741 0.112039 0.111482 0.0014597
4 0.0666465 0.809527 0.112321 0.112772 0.00144807
3 0.191355 0.933822 0.113457 0.112926 0.00143114
13 0.0665906 0.685008 0.113192 0.110901 0.00142312
10 0.936637 0.809909 0.112732 0.111927 0.00137857
4 0.191596 0.685124 0.112071 0.111488 0.00137758
2 0.688116 0.809168 0.11146 0.111815 0.00136608
2 0.564072 0.685298 0.111045 0.110805 0.00135483
0 0.191323 0.18919 0.112481 0.112508 0.00135261
3 0.688114 0.0640923 0.109597 0.110878 0.00131834
12 0.439605 0.809657 0.111931 0.112236 0.00131537
9 0.563834 0.933738 0.110155 0.112728 0.0013135
12 0.688304 0.188702 0.112091 0.112937 0.00130976
10 0.191161 0.064747 0.111209 0.111448 0.00130425
13 0.687844 0.188989 0.111496 0.112098 0.0013027
13 0.191469 0.685228 0.112436 0.111815 0.00129522
10 0.687424 0.933553 0.109659 0.111072 0.00129304
4 0.0678684 0.561434 0.112423 0.11221 0.00129153
12 0.936203 0.436988 0.113398 0.11261 0.00127936
2 0.0668053 0.189009 0.112576 0.111567 0.001278
7 0.688281 0.189168 0.113116 0.113845 0.00127726
1 0.191625 0.933585 0.113428 0.112687 0.00126255
5 0.0665906 0.685008 0.113192 0.110901 0.00125783
4 0.811556 0.685505 0.11394 0.111106 0.001255
5 0.688235 0.189132 0.113279 0.113568 0.00124985
0 0.31521 0.437528 0.112992 0.112869 0.00124783
1 0.440081 0.809632 0.112088 0.112252 0.00124409
7 0.315285 0.064877 0.112567 0.113403 0.00122405
4 0.936557 0.4372 0.111217 0.112644 0.00122209
4 0.315324 0.437797 0.112439 0.112841 0.00121879
5 0.564083 0.809827 0.111498 0.111955 0.00121687
13 0.936168 0.437544 0.111765 0.111603 0.00120641
3 0.68876 0.561153 0.111252 0.111598 0.00120282
11 0.687642 0.933488 0.111287 0.112905 0.00120208
10 0.439715 0.0650146 0.111427 0.111721 0.001197
4 0.315397 0.80935 0.112012 0.111733 0.00118786
8 0.811597 0.561441 0.112447 0.113111 0.00116809
1 0.936154 0.0650149 0.111214 0.111794 0.00116166
10 0.56424 0.312995 0.111732 0.113017 0.00115213
11 0.191055 0.809557 0.111615 0.111629 0.00114479
7 0.190894 0.437727 0.111207 0.11124 0.00114097
7 0.439767 0.313681 0.112566 0.112987 0.00113893
12 0.935716 0.18854 0.110931 0.111258 0.00113714
0 0.687798 0.0642995 0.11057 0.111923 0.0011112
11 0.936562 0.561276 0.112937 0.111907 0.00109787
12 0.935698 0.93358 0.111461 0.111932 0.00109406
13 0.067195 0.561724 0.112439 0.112169 0.00108594
4 0.812177 0.189206 0.112072 0.112587 0.00107632
5 0.315568 0.189116 0.11228 0.112085 0.00107116
12 0.687971 0.933828 0.110619 0.111256 0.0010693
3 0.936087 0.809957 0.113157 0.112691 0.00106321
10 0.811556 0.685505 0.11394 0.111106 0.00105518
9 0.0662339 0.933941 0.115594 0.113545 0.00103246
5 0.687909 0.809701 0.112325 0.111893 0.00102796
8 0.811602 0.0647037 0.111364 0.112462 0.00102416
2 0.812959 0.188786 0.111653 0.113723 0.00102379
4 0.0672878 0.31359 0.112804 0.112847 0.00102139
