6 0.190718 0.934143 0.111892 0.111277 0.985725
10 0.439371 0.933913 0.11044 0.111063 0.984837
4 0.935335 0.933718 0.112433 0.111163 0.98448
7 0.190676 0.809897 0.112678 0.11193 0.983802
6 0.0670149 0.685147 0.114293 0.112354 0.983647
9 0.191275 0.312997 0.111495 0.111558 0.983269
3 0.066372 0.313338 0.112488 0.111052 0.983217
0 0.190708 0.436755 0.113268 0.11497 0.982992
6 0.0662482 0.809562 0.112705 0.113374 0.982841
9 0.315107 0.437542 0.11145 0.110976 0.982706
7 0.811675 0.065593 0.11267 0.111018 0.982704
7 0.687962 0.933764 0.113796 0.111875 0.982661
10 0.563576 0.684621 0.111144 0.109773 0.982642
3 0.191451 0.0635251 0.1119 0.10955 0.982423
10 0.191119 0.187985 0.111249 0.11371 0.98242
11 0.439709 0.684696 0.110533 0.11063 0.982404
13 0.687633 0.684538 0.111909 0.111167 0.982324
2 0.314602 0.933867 0.115301 0.112392 0.982121
12 0.935708 0.808896 0.110231 0.110279 0.981972
5 0.687186 0.0659477 0.11292 0.110851 0.981966
12 0.0664664 0.188145 0.113562 0.113513 0.98188
2 0.314923 0.808992 0.113812 0.113059 0.981735
13 0.314962 0.561843 0.112505 0.113105 0.981715
6 0.315039 0.312856 0.111533 0.112343 0.981466
4 0.563016 0.0653148 0.11067 0.110724 0.981335
4 0.315361 0.064021 0.11214 0.110343 0.981083
5 0.563065 0.934567 0.112612 0.11075 0.980951
11 0.0666154 0.562255 0.113042 0.111517 0.980477
2 0.1909 0.684946 0.110712 0.112811 0.980217
1 0.812532 0.933537 0.112554 0.111567 0.980122
11 0.0662283 0.0648012 0.113163 0.111421 0.979911
8 0.812075 0.809524 0.111678 0.111428 0.979721
2 0.067135 0.933509 0.111796 0.111588 0.979469
4 0.563597 0.561233 0.112196 0.111522 0.979271
10 0.687456 0.188667 0.113109 0.112159 0.979239
6 0.439554 0.437446 0.111562 0.112212 0.978996
12 0.564583 0.436788 0.112946 0.112207 0.978972
13 0.688223 0.437493 0.11105 0.111185 0.978907
10 0.563816 0.312951 0.112493 0.111316 0.978839
9 0.314651 0.188002 0.112813 0.113239 0.978806
1 0.0661232 0.435812 0.112562 0.115487 0.978765
10 0.563666 0.188603 0.111716 0.112678 0.978639
12 0.811832 0.685296 0.112101 0.111945 0.978285
5 0.438916 0.313291 0.112051 0.111476 0.977953
0 0.439452 0.188354 0.113513 0.113654 0.977584
4 0.936407 0.187935 0.11172 0.111619 0.977571
1 0.190939 0.560221 0.110581 0.111856 0.977474
2 0.812476 0.312742 0.112108 0.11451 0.977474
3 0.688272 0.561247 0.112041 0.11146 0.977463
1 0.439969 0.810421 0.111927 0.112986 0.977374
0 0.813097 0.561215 0.112009 0.112529 0.977306
0 0.564474 0.809685 0.112286 0.116937 0.9773
1 0.315447 0.684813 0.113921 0.110371 0.977231
7 0.688009 0.313283 0.112298 0.111625 0.977221
1 0.439364 0.561396 0.111816 0.112234 0.97715
11 0.439913 0.0640256 0.112998 0.110809 0.976961
1 0.936803 0.312415 0.112053 0.113435 0.976774
5 0.811766 0.187869 0.113065 0.111076 0.976738
0 0.935767 0.685789 0.109812 0.111456 0.976571
11 0.812463 0.437285 0.111835 0.110697 0.976066
1 0.688797 0.809829 0.112528 0.114063 0.975969
1 0.936587 0.063906 0.112935 0.111891 0.975618
1 0.93707 0.560634 0.109427 0.1135 0.975527
11 0.936727 0.435921 0.110546 0.110929 0.975257
10 0.936821 0.435556 0.111479 0.112706 0.0118231
0 0.191834 0.313141 0.113513 0.112511 0.00492192
12 0.811517 0.0647938 0.109047 0.111369 0.00468518
9 0.936177 0.436072 0.109942 0.109957 0.0045892
7 0.935812 0.188205 0.111003 0.111471 0.00449733
0 0.315478 0.438039 0.112052 0.110841 0.00430516
1 0.812039 0.313447 0.111101 0.114469 0.00414017
1 0.563769 0.561198 0.111209 0.111016 0.00412553
1 0.315144 0.064198 0.111122 0.109651 0.00408797
3 0.190718 0.934143 0.111892 0.111277 0.00402061
5 0.811663 0.312825 0.110934 0.112646 0.00389916
1 0.935925 0.187699 0.111029 0.112316 0.00380537
1 0.563052 0.0644875 0.111028 0.111295 0.00374317
7 0.935374 0.933299 0.111533 0.111882 0.00359433
0 0.813256 0.809998 0.11171 0.113761 0.00351474
3 0.0662482 0.809562 0.112705 0.113374 0.00349923
2 0.688204 0.0649736 0.115345 0.112215 0.00345422
2 0.688458 0.561407 0.114214 0.109953 0.00340394
10 0.687504 0.684655 0.110844 0.110994 0.0033171
0 0.936154 0.0641163 0.113439 0.111435 0.00324914
10 0.0671266 0.560464 0.114241 0.11486 0.00324072
9 0.811396 0.437215 0.109662 0.109651 0.00314836
12 0.688095 0.43804 0.108404 0.111606 0.00311821
4 0.68841 0.93342 0.115631 0.110323 0.00304792
0 0.936992 0.310535 0.112196 0.111828 0.00304614
0 0.0653514 0.434045 0.113001 0.113237 0.00301751
0 0.936962 0.559061 0.110978 0.112107 0.0029394
10 0.811505 0.437174 0.10882 0.110228 0.0028533
5 0.0670761 0.0642501 0.113929 0.112393 0.00279182
10 0.0663327 0.0637989 0.112597 0.110541 0.00272048
12 0.192353 0.311711 0.112721 0.111213 0.0026733
0 0.314914 0.188652 0.112285 0.114074 0.00266662
9 0.688458 0.561407 0.114214 0.109953 0.00262965
9 0.688095 0.43804 0.108404 0.111606 0.00260993
8 0.813239 0.437202 0.112816 0.112708 0.00257649
12 0.314949 0.188624 0.112792 0.113098 0.00257352
0 0.439198 0.561419 0.112658 0.113859 0.00253308
10 0.688415 0.933365 0.116708 0.113376 0.00251295
13 0.811591 0.0644182 0.109066 0.111618 0.00246405
13 0.686698 0.188667 0.111476 0.113609 0.00245925
3 0.0670149 0.685147 0.114293 0.112354 0.00244975
12 0.686717 0.313836 0.109384 0.111228 0.00241766
0 0.813587 0.933894 0.113075 0.111247 0.00237067
0 0.688921 0.810245 0.113137 0.115368 0.00230363
12 0.316114 0.436554 0.112089 0.111754 0.00228942
7 0.0660528 0.808884 0.11215 0.112754 0.00219974
9 0.0659576 0.313709 0.113347 0.110035 0.00217539
12 0.686587 0.934659 0.111186 0.109971 0.00214356
10 0.0664244 0.188968 0.113154 0.113173 0.00210264
3 0.811614 0.188487 0.112122 0.11005 0.00205795
5 0.439337 0.0636975 0.111866 0.110996 0.00203246
12 0.687633 0.561033 0.111282 0.11106 0.00202246
11 0.688155 0.0651915 0.115848 0.112391 0.00200273
9 0.936505 0.685766 0.109166 0.11267 0.0020008
2 0.315144 0.064198 0.111122 0.109651 0.00199949
2 0.563685 0.934597 0.114295 0.110899 0.0019707
7 0.0665106 0.684334 0.113287 0.11157 0.00195737
9 0.19117 0.188231 0.110462 0.112392 0.00188951
3 0.686635 0.0651487 0.114908 0.111155 0.00188891
2 0.812075 0.809524 0.111678 0.111428 0.00185056
8 0.440157 0.684403 0.11122 0.11068 0.00184518
8 0.936101 0.435418 0.107934 0.108515 0.00183295
1 0.688188 0.561209 0.11175 0.111233 0.00180025
11 0.438869 0.313454 0.111448 0.112246 0.00179465
1 0.935954 0.933718 0.110756 0.111603 0.00178317
5 0.936047 0.435266 0.111064 0.110707 0.00177847
10 0.439337 0.0636975 0.111866 0.110996 0.00177838
13 0.0660772 0.0645703 0.112953 0.110097 0.00174867
10 0.936082 0.809487 0.109488 0.111475 0.00171993
5 0.812368 0.436283 0.111269 0.110232 0.0016936
8 0.192097 0.313231 0.113717 0.113557 0.00168012
2 0.438886 0.313366 0.111905 0.111829 0.00166398
10 0.687925 0.313852 0.111531 0.112222 0.00165134
12 0.439374 0.438345 0.112577 0.113432 0.0016424
9 0.81171 0.809341 0.109863 0.112305 0.00163886
3 0.315433 0.313624 0.110722 0.112493 0.00163279
11 0.686778 0.188571 0.111717 0.113116 0.00161484
1 0.0662576 0.312578 0.112004 0.11111 0.00160666
1 0.315545 0.933914 0.114564 0.111526 0.00160523
7 0.439507 0.438314 0.111561 0.112572 0.00155761
13 0.936252 0.435183 0.111112 0.110273 0.00153905
11 0.563667 0.934968 0.114741 0.110656 0.00153718
13 0.936082 0.809487 0.109488 0.111475 0.00153678
3 0.191979 0.311715 0.11215 0.112416 0.00151295
10 0.935631 0.933813 0.110216 0.111136 0.00149953
9 0.190555 0.064508 0.114416 0.110034 0.00149523
12 0.688234 0.684163 0.112011 0.11262 0.0014863
6 0.813587 0.933894 0.113075 0.111247 0.00146371
8 0.81177 0.312728 0.109845 0.113982 0.00145756
8 0.315472 0.438146 0.113838 0.111559 0.00145325
13 0.686721 0.934287 0.112831 0.110957 0.00144604
1 0.315579 0.80891 0.113656 0.113692 0.00144547
4 0.811614 0.188487 0.112122 0.11005 0.00144259
6 0.688334 0.313455 0.112391 0.113523 0.00142991
2 0.811175 0.187843 0.11346 0.110918 0.00142044
7 0.315447 0.313828 0.112139 0.114042 0.00141405
12 0.0665231 0.313499 0.112883 0.11232 0.00139615
1 0.191292 0.684814 0.111108 0.112385 0.00137764
2 0.563016 0.0653148 0.11067 0.110724 0.00137274
6 0.191662 0.0641397 0.111797 0.109393 0.00137191
2 0.812099 0.438292 0.113123 0.112777 0.00136681
1 0.0671136 0.933509 0.112584 0.111531 0.00136607
3 0.06612 0.933603 0.114629 0.111852 0.00135429
3 0.438857 0.31362 0.112429 0.111342 0.00134207
2 0.563462 0.561172 0.111298 0.111413 0.00134054
2 0.067066 0.313585 0.112933 0.113505 0.00134053
13 0.811412 0.685116 0.110689 0.110645 0.00133764
12 0.191662 0.0641397 0.111797 0.109393 0.00132903
11 0.315072 0.560751 0.112041 0.112172 0.00131904
9 0.564334 0.809028 0.112305 0.115821 0.00129961
10 0.812516 0.685405 0.110554 0.11065 0.00129018
13 0.0664244 0.188968 0.113154 0.113173 0.00128576
3 0.811412 0.685116 0.110689 0.110645 0.00128303
3 0.438888 0.438178 0.111259 0.113124 0.00127836
5 0.0664854 0.561057 0.113608 0.111127 0.00127736
3 0.316114 0.436554 0.112089 0.111754 0.00127688
13 0.440186 0.934236 0.110979 0.110385 0.00127518
10 0.440062 0.685408 0.111151 0.112066 0.00126004
7 0.191419 0.188535 0.111712 0.113738 0.00124593
13 0.0661209 0.560015 0.113199 0.109443 0.00124226
4 0.688215 0.312567 0.111322 0.111287 0.00121491
6 0.935812 0.188205 0.111003 0.111471 0.00120472
10 0.936049 0.188279 0.111048 0.111391 0.00120178
3 0.314914 0.188652 0.112285 0.114074 0.00119835
13 0.563645 0.684734 0.110926 0.110458 0.00119509
5 0.314731 0.064451 0.111639 0.110499 0.00119045
0 0.315242 0.685989 0.114498 0.111964 0.00119013
13 0.191409 0.188172 0.112392 0.112304 0.00118504
4 0.813587 0.933894 0.113075 0.111247 0.0011835
0 0.190939 0.560221 0.110581 0.111856 0.0011685
7 0.688126 0.188922 0.111781 0.114223 0.00114359
7 0.563052 0.0644875 0.111028 0.111295 0.00114213
9 0.440309 0.685048 0.111129 0.111346 0.00114054
4 0.439586 0.810685 0.112293 0.113712 0.00111969
11 0.688411 0.436949 0.111779 0.111538 0.00108929
2 0.936049 0.188279 0.111048 0.111391 0.00107676
7 0.811412 0.685116 0.110689 0.110645 0.00106987
0 0.439949 0.809321 0.111986 0.113506 0.00106783
10 0.562712 0.935041 0.111414 0.110547 0.00106142
6 0.811474 0.064586 0.109818 0.110954 0.00105895
1 0.191207 0.0642325 0.111194 0.109987 0.00105688
8 0.439784 0.0640636 0.113095 0.110774 0.00104805
9 0.813152 0.561878 0.112287 0.113574 0.00104668
10 0.31539 0.561595 0.112961 0.112531 0.00103943
9 0.0661209 0.560015 0.113199 0.109443 0.0010394
2 0.315127 0.684444 0.114432 0.110358 0.00103778
13 0.564451 0.436405 0.113138 0.1142 0.00103081
11 0.687633 0.684538 0.111909 0.111167 0.00102307
6 0.686618 0.934482 0.112334 0.110361 0.00100619
7 0.190504 0.934151 0.112551 0.111938 0.00100597
