7 0.315645 0.933926 0.110929 0.111561 0.987376
3 0.0671227 0.809741 0.112121 0.113273 0.986743
2 0.563692 0.80984 0.112384 0.11283 0.986409
13 0.687935 0.933805 0.111483 0.113725 0.985475
5 0.811752 0.934142 0.110668 0.111844 0.985182
6 0.439602 0.80966 0.111615 0.112872 0.984989
9 0.067638 0.188971 0.112718 0.112095 0.984669
9 0.439484 0.68541 0.112157 0.112552 0.984584
5 0.0673296 0.685803 0.112298 0.112151 0.984547
1 0.191479 0.80943 0.111777 0.112622 0.984232
2 0.43915 0.0647163 0.110954 0.112353 0.983825
2 0.687705 0.80984 0.111966 0.112766 0.983554
0 0.439512 0.933662 0.112513 0.113075 0.983406
10 0.31564 0.809183 0.112972 0.112943 0.983399
7 0.191229 0.189387 0.11171 0.111426 0.983277
7 0.191252 0.437117 0.112231 0.111163 0.983013
6 0.315733 0.561601 0.111696 0.112035 0.98301
5 0.563617 0.934113 0.110866 0.113575 0.982912
7 0.191257 0.313156 0.111653 0.111097 0.98275
7 0.315363 0.68543 0.111507 0.111658 0.982571
6 0.0669616 0.561944 0.112908 0.112391 0.982148
10 0.687913 0.0652826 0.111478 0.112769 0.982047
10 0.563878 0.685318 0.111563 0.112978 0.981885
0 0.935846 0.684941 0.11333 0.11222 0.981861
0 0.191933 0.933587 0.11188 0.112211 0.981716
11 0.0664336 0.436949 0.113758 0.112679 0.981661
0 0.19125 0.685116 0.112345 0.111929 0.981646
13 0.315233 0.0651964 0.112412 0.111523 0.981639
4 0.812584 0.809732 0.113035 0.113785 0.981396
10 0.191355 0.560948 0.112399 0.111481 0.981362
4 0.0679282 0.313081 0.113587 0.113502 0.981335
1 0.191022 0.0644317 0.111908 0.113132 0.981122
10 0.439262 0.436729 0.112209 0.111794 0.981103
13 0.811775 0.0650477 0.112175 0.112175 0.980497
4 0.936465 0.933991 0.111898 0.112206 0.980381
12 0.439525 0.561209 0.111843 0.112638 0.98036
7 0.936573 0.809614 0.112122 0.11249 0.980251
8 0.0671797 0.0646301 0.112757 0.112468 0.980097
1 0.066609 0.933676 0.113672 0.113528 0.980075
0 0.314845 0.313261 0.112721 0.111854 0.979819
0 0.563676 0.0649664 0.111959 0.113134 0.979514
12 0.439659 0.31284 0.112118 0.112557 0.979473
12 0.688081 0.436999 0.112115 0.112895 0.979459
10 0.563726 0.312712 0.112304 0.113879 0.979388
6 0.687761 0.188777 0.112411 0.111745 0.979254
13 0.563993 0.561601 0.112451 0.113047 0.979221
8 0.315713 0.437406 0.111377 0.112243 0.979127
10 0.563833 0.436834 0.111986 0.113958 0.978963
12 0.935988 0.188609 0.113489 0.112416 0.97893
1 0.6876 0.312814 0.112455 0.113091 0.978921
10 0.812623 0.43661 0.112252 0.113365 0.978731
10 0.812294 0.188446 0.112169 0.113042 0.978658
2 0.563645 0.188846 0.111023 0.111683 0.978568
4 0.936932 0.561066 0.112998 0.112805 0.97846
0 0.812023 0.313028 0.112509 0.112516 0.978411
6 0.936595 0.313082 0.11297 0.110882 0.978321
0 0.439408 0.188881 0.112326 0.113503 0.978311
1 0.936302 0.0640494 0.113824 0.11362 0.978266
7 0.687902 0.561319 0.112124 0.112709 0.978255
11 0.687656 0.685246 0.112017 0.11375 0.977993
11 0.315263 0.188448 0.112759 0.113044 0.977947
7 0.812359 0.685457 0.112803 0.113125 0.977691
2 0.936387 0.436766 0.1133 0.113354 0.977211
11 0.811868 0.561145 0.112393 0.113722 0.976813
5 0.81163 0.561198 0.111938 0.111816 0.0150554
5 0.687647 0.685589 0.111672 0.111812 0.0145187
4 0.813023 0.436767 0.111951 0.114261 0.0129161
12 0.811627 0.685683 0.111979 0.112984 0.0126023
7 0.315072 0.0651067 0.111078 0.111972 0.011827
4 0.191505 0.561019 0.112865 0.112546 0.00955926
2 0.315863 0.43756 0.112361 0.112321 0.00947051
5 0.315184 0.188455 0.111692 0.112362 0.00934662
4 0.440092 0.437253 0.112393 0.113425 0.00775461
12 0.936168 0.809945 0.112932 0.113336 0.00653734
3 0.439484 0.68541 0.112157 0.112552 0.00641789
2 0.066793 0.0646216 0.113521 0.111578 0.00600225
4 0.564197 0.437591 0.111449 0.113175 0.00534003
2 0.0666602 0.809658 0.113694 0.113076 0.00532594
4 0.688188 0.0648993 0.110562 0.112839 0.00526728
5 0.0664336 0.436949 0.113758 0.112679 0.00515127
12 0.68685 0.561483 0.110549 0.112333 0.00446784
4 0.936031 0.8094 0.113283 0.112059 0.00407219
1 0.688208 0.188703 0.11202 0.112183 0.00392644
1 0.0674128 0.31317 0.113546 0.112738 0.00368938
7 0.812317 0.0653335 0.112011 0.113239 0.00355954
6 0.811752 0.809275 0.114301 0.113219 0.00339194
10 0.81141 0.561196 0.111318 0.112161 0.00335315
13 0.19166 0.561035 0.111096 0.111794 0.00330292
3 0.936484 0.437185 0.112662 0.114089 0.00322096
1 0.936757 0.56132 0.112314 0.112877 0.00320237
7 0.564028 0.561325 0.111776 0.11318 0.00317059
6 0.688189 0.436578 0.110792 0.112443 0.0031595
8 0.688184 0.80962 0.112072 0.111907 0.00310232
13 0.439485 0.437206 0.111059 0.111846 0.00304949
6 0.811689 0.685351 0.111023 0.112812 0.00301213
7 0.688188 0.0648993 0.110562 0.112839 0.00286688
1 0.936458 0.436528 0.111647 0.112785 0.00276243
0 0.687862 0.312234 0.112384 0.112454 0.00264894
4 0.563731 0.313829 0.111504 0.113299 0.00263906
12 0.936563 0.313233 0.113282 0.112643 0.00256869
3 0.0674894 0.18901 0.111806 0.11203 0.00256564
7 0.811762 0.436627 0.111663 0.113592 0.00253826
12 0.93556 0.934075 0.113384 0.112576 0.00249538
0 0.935899 0.0645711 0.112735 0.11302 0.00243966
12 0.688069 0.0645545 0.110521 0.113558 0.0023669
6 0.936173 0.809731 0.111824 0.112759 0.00235607
2 0.812317 0.809724 0.112516 0.113566 0.00235437
12 0.06755 0.188977 0.112998 0.112759 0.00235058
12 0.439379 0.685286 0.113102 0.113337 0.00232935
2 0.936757 0.56132 0.112314 0.112877 0.00230004
6 0.688092 0.561146 0.11187 0.112494 0.00228112
2 0.688169 0.685202 0.112201 0.113756 0.00227942
6 0.43954 0.561305 0.112106 0.113248 0.00226723
4 0.812597 0.189177 0.111753 0.11312 0.00223497
0 0.688202 0.436959 0.112009 0.112315 0.0022241
10 0.0670884 0.436689 0.112751 0.113301 0.00222073
3 0.066706 0.561367 0.115467 0.113285 0.00220728
11 0.0672506 0.0647506 0.112266 0.111938 0.00220379
4 0.191412 0.437677 0.111824 0.110772 0.00207817
12 0.563885 0.312956 0.112187 0.113207 0.00207407
10 0.6868 0.684924 0.112882 0.113161 0.00199349
4 0.687594 0.312894 0.11208 0.112107 0.00196244
6 0.936335 0.561112 0.112925 0.112554 0.00194894
1 0.688171 0.809697 0.113263 0.112889 0.00193185
1 0.812509 0.809393 0.112122 0.113259 0.00191059
10 0.812509 0.809393 0.112122 0.113259 0.00190656
7 0.936412 0.561257 0.110914 0.111713 0.00187114
13 0.688163 0.0645085 0.111698 0.112179 0.00186954
1 0.316188 0.56113 0.110941 0.112132 0.00183084
13 0.563181 0.312718 0.111644 0.112316 0.0017996
1 0.563723 0.188645 0.111775 0.112424 0.00179159
6 0.43958 0.312945 0.111763 0.112783 0.001749
1 0.0664101 0.809393 0.112196 0.111799 0.00174627
1 0.439408 0.0644415 0.111205 0.11294 0.00172844
4 0.315484 0.809165 0.112071 0.113066 0.00171799
5 0.688151 0.0646394 0.111245 0.112231 0.001702
4 0.563878 0.685318 0.111563 0.112978 0.00167928
1 0.564081 0.809508 0.112888 0.111993 0.00167359
7 0.811637 0.188159 0.112127 0.113433 0.00166888
0 0.191022 0.0644317 0.111908 0.113132 0.0016641
12 0.563834 0.437097 0.1124 0.113208 0.00166307
1 0.066706 0.561367 0.115467 0.113285 0.00164351
7 0.687935 0.933805 0.111483 0.113725 0.00164311
10 0.56397 0.934003 0.111598 0.112382 0.00163026
4 0.191289 0.313412 0.110469 0.110454 0.00162058
12 0.564285 0.56143 0.112299 0.113141 0.00161922
5 0.813023 0.436767 0.111951 0.114261 0.00160042
4 0.688117 0.561105 0.111764 0.112534 0.00159531
4 0.19141 0.809498 0.112302 0.113283 0.00158393
3 0.315645 0.561275 0.112487 0.113093 0.00157041
7 0.935545 0.93402 0.111194 0.111944 0.00156463
10 0.191175 0.31362 0.111563 0.112027 0.001555
5 0.8118 0.189005 0.112398 0.112652 0.00154718
6 0.0669037 0.313398 0.11165 0.111852 0.00150813
1 0.812093 0.312665 0.112286 0.113123 0.00147906
1 0.315124 0.312774 0.112528 0.112792 0.00147559
5 0.68822 0.810055 0.112168 0.111662 0.00147493
10 0.191279 0.437903 0.110204 0.111178 0.00146246
4 0.316082 0.933893 0.110222 0.111295 0.00145644
4 0.811797 0.685279 0.113321 0.112686 0.00143073
1 0.563698 0.0639504 0.111558 0.113281 0.00143058
5 0.936058 0.43686 0.114132 0.114355 0.00142752
0 0.0668079 0.0651108 0.1122 0.111654 0.0014239
11 0.315863 0.43756 0.112361 0.112321 0.00141563
10 0.315086 0.188421 0.112171 0.112325 0.00140434
2 0.936083 0.934249 0.112475 0.113845 0.00138683
3 0.688189 0.436578 0.110792 0.112443 0.00138242
7 0.0673312 0.313035 0.112709 0.112884 0.00137922
1 0.935843 0.934077 0.112217 0.113165 0.00136305
12 0.563798 0.685329 0.112104 0.112607 0.00133962
10 0.811802 0.933834 0.111354 0.112128 0.00133729
7 0.811792 0.809013 0.112556 0.114373 0.00132025
13 0.315189 0.809214 0.112 0.112187 0.00130033
9 0.687664 0.685426 0.111708 0.112311 0.00129153
2 0.687996 0.312918 0.111541 0.113339 0.00128747
12 0.0668315 0.561772 0.114264 0.113195 0.00128505
7 0.439394 0.436386 0.110797 0.114374 0.00128196
13 0.563472 0.43701 0.11117 0.112551 0.00127514
6 0.191096 0.436728 0.110754 0.112192 0.00126599
3 0.936563 0.313233 0.113282 0.112643 0.00126297
7 0.93648 0.313578 0.11135 0.110607 0.0012604
1 0.191135 0.685133 0.112318 0.11289 0.00124542
4 0.811532 0.933184 0.112776 0.11247 0.00124023
3 0.811549 0.933732 0.112692 0.111385 0.00120483
13 0.811817 0.188386 0.111581 0.11239 0.00118887
10 0.0665637 0.685245 0.111954 0.11232 0.00118479
3 0.439602 0.80966 0.111615 0.112872 0.00117315
6 0.935957 0.933572 0.11244 0.113172 0.00117174
13 0.191279 0.437903 0.110204 0.111178 0.00116961
12 0.43965 0.436972 0.112842 0.113108 0.00116581
1 0.439355 0.18831 0.112237 0.112895 0.00116183
5 0.315189 0.809214 0.112 0.112187 0.00115272
3 0.687752 0.188911 0.112857 0.112741 0.00113574
0 0.315273 0.438041 0.111487 0.112948 0.00113536
5 0.564535 0.810049 0.112374 0.112025 0.00111552
9 0.315049 0.188315 0.111982 0.112586 0.0011138
12 0.191768 0.437988 0.111052 0.111563 0.00111251
8 0.936458 0.436528 0.111647 0.112785 0.00111242
12 0.687702 0.933522 0.111587 0.114001 0.00111066
10 0.811431 0.0652659 0.112945 0.112824 0.00110837
6 0.0664101 0.809393 0.112196 0.111799 0.00110702
8 0.439226 0.933893 0.111732 0.111497 0.00110694
12 0.811434 0.0652841 0.112094 0.112522 0.00110613
7 0.563595 0.313123 0.112014 0.113125 0.00110324
13 0.563445 0.685371 0.112144 0.11232 0.00110201
10 0.936083 0.934249 0.112475 0.113845 0.00107886
10 0.93652 0.561566 0.111969 0.112913 0.00107527
1 0.936043 0.312995 0.11115 0.11349 0.00107331
6 0.191499 0.189155 0.111941 0.111962 0.00106154
10 0.687619 0.933317 0.111693 0.111905 0.00105624
4 0.191024 0.189316 0.11125 0.110498 0.00105467
7 0.563727 0.436506 0.110286 0.113939 0.00105439
0 0.066609 0.933676 0.113672 0.113528 0.00105411
13 0.811771 0.437028 0.111586 0.11158 0.00104881
3 0.564357 0.809642 0.111095 0.112081 0.0010418
4 0.066609 0.933676 0.113672 0.113528 0.00103263
4 0.936306 0.0647418 0.112186 0.113646 0.00103144
3 0.688013 0.809355 0.11092 0.111988 0.00103027
5 0.0666859 0.313213 0.112757 0.112801 0.00102766
11 0.687702 0.933522 0.111587 0.114001 0.00102757
2 0.811532 0.933184 0.112776 0.11247 0.00102747
12 0.191393 0.561374 0.11212 0.112425 0.00100867
1 0.439828 0.809595 0.111425 0.111401 0.00100616
13 0.315818 0.934035 0.111523 0.112511 0.00100098
