3 0.439625 0.685017 0.112375 0.111351 0.986851
8 0.439469 0.934091 0.111786 0.112279 0.986266
9 0.439543 0.0650997 0.111627 0.112333 0.98593
12 0.19228 0.93358 0.110029 0.112501 0.985722
8 0.687553 0.933995 0.111796 0.113019 0.985702
11 0.687397 0.809365 0.111802 0.112624 0.984757
7 0.315812 0.809301 0.112106 0.111944 0.984537
13 0.563958 0.933978 0.11306 0.113577 0.98391
3 0.191918 0.561827 0.110545 0.111295 0.983907
3 0.563762 0.684862 0.112378 0.111499 0.98389
6 0.31621 0.934039 0.11161 0.112703 0.983798
5 0.315943 0.561545 0.111885 0.112797 0.983758
10 0.191944 0.80963 0.111909 0.111357 0.98372
7 0.563924 0.809442 0.111508 0.112502 0.983618
7 0.43994 0.809461 0.111815 0.112241 0.983493
3 0.563823 0.189613 0.112042 0.111684 0.983467
7 0.935774 0.0655272 0.113665 0.112992 0.983379
9 0.315495 0.18932 0.111472 0.110789 0.983326
7 0.0669132 0.0649978 0.113662 0.112985 0.983287
8 0.0667639 0.18963 0.11318 0.112886 0.983135
8 0.315708 0.685224 0.112757 0.111497 0.983064
5 0.316055 0.437723 0.112703 0.11286 0.982925
7 0.563497 0.0651534 0.11095 0.112331 0.982882
1 0.0672748 0.685553 0.112591 0.111756 0.982788
10 0.192224 0.064638 0.112086 0.112214 0.98264
1 0.0670676 0.43781 0.113121 0.111826 0.982281
13 0.192077 0.313187 0.110879 0.110352 0.982275
13 0.192246 0.437223 0.111094 0.111235 0.981927
13 0.439733 0.189461 0.112521 0.111448 0.981889
12 0.93683 0.933632 0.111493 0.112622 0.98131
13 0.0676563 0.561225 0.112806 0.111218 0.981158
0 0.315481 0.312762 0.112308 0.112427 0.98112
0 0.935705 0.684903 0.113138 0.111284 0.98105
0 0.191382 0.188509 0.111961 0.112355 0.980739
2 0.43957 0.313148 0.11254 0.112839 0.980534
8 0.3151 0.0652653 0.111854 0.111423 0.980505
13 0.0674884 0.934049 0.115613 0.114599 0.980427
13 0.192143 0.68517 0.111125 0.111213 0.980261
7 0.687629 0.0649519 0.113791 0.112835 0.980244
11 0.439391 0.437004 0.111471 0.111987 0.9802
0 0.811568 0.809022 0.112202 0.112275 0.979883
4 0.563935 0.56106 0.112342 0.112636 0.979834
12 0.936746 0.809048 0.112503 0.113144 0.979499
10 0.812369 0.933606 0.113895 0.112234 0.979356
0 0.0676574 0.313423 0.112405 0.112718 0.979318
11 0.563808 0.312939 0.111229 0.112567 0.979252
3 0.563829 0.437522 0.11182 0.112127 0.979128
1 0.811802 0.437065 0.112139 0.111774 0.978969
10 0.811545 0.0648458 0.11141 0.11255 0.978953
12 0.439831 0.561321 0.112223 0.111913 0.978891
13 0.687848 0.561516 0.112241 0.112096 0.978738
13 0.687494 0.189244 0.111536 0.11227 0.978622
5 0.936236 0.43678 0.113221 0.112713 0.978596
12 0.812126 0.561359 0.112477 0.112211 0.978418
0 0.687716 0.685089 0.111744 0.112416 0.978406
13 0.812086 0.685639 0.112638 0.111702 0.978394
13 0.936395 0.561694 0.113624 0.112824 0.978357
0 0.0678781 0.808968 0.112836 0.113263 0.978291
13 0.687685 0.313153 0.112194 0.111819 0.978239
0 0.811666 0.313151 0.111884 0.112542 0.978106
0 0.687559 0.437056 0.111136 0.11213 0.978029
2 0.811941 0.188732 0.112358 0.11312 0.977704
0 0.9358 0.188587 0.113038 0.111364 0.977698
8 0.9365 0.313412 0.111629 0.112285 0.977525
12 0.192063 0.68514 0.111747 0.111685 0.0177871
2 0.315655 0.0648885 0.111671 0.112465 0.0104633
11 0.563678 0.933992 0.112265 0.113495 0.00887908
12 0.192056 0.437674 0.111311 0.111516 0.00766744
1 0.0669814 0.808693 0.113773 0.112332 0.00669024
10 0.936542 0.933621 0.110491 0.112407 0.00653156
12 0.68812 0.189074 0.11256 0.113744 0.00633642
12 0.68818 0.313113 0.112739 0.112211 0.00569497
1 0.0667173 0.313514 0.112306 0.111494 0.00493623
12 0.811188 0.685858 0.112051 0.111687 0.00489293
1 0.563874 0.561421 0.111883 0.111651 0.00481643
12 0.439536 0.18911 0.112056 0.11222 0.00470968
2 0.316426 0.685564 0.111642 0.112745 0.00461603
11 0.687751 0.561541 0.112714 0.111916 0.00446732
0 0.812014 0.436315 0.111899 0.111205 0.00427594
10 0.935663 0.437027 0.111786 0.112142 0.00427521
8 0.439786 0.437531 0.111552 0.112251 0.00426863
3 0.316282 0.933648 0.112741 0.113735 0.00405482
11 0.191839 0.809138 0.11237 0.111485 0.00386182
1 0.687725 0.43649 0.111412 0.111732 0.00384977
0 0.688417 0.933715 0.111145 0.112898 0.00367335
12 0.688231 0.561411 0.112479 0.111941 0.00336416
10 0.936425 0.808874 0.111944 0.112344 0.00332679
9 0.687593 0.933413 0.111125 0.112471 0.00331682
12 0.191984 0.313385 0.111119 0.111157 0.003174
8 0.68813 0.808962 0.111371 0.113614 0.00309726
5 0.191792 0.561114 0.111241 0.112371 0.00307927
12 0.686704 0.0652017 0.110788 0.112768 0.00307178
3 0.8115 0.189432 0.11211 0.1123 0.00298349
11 0.811518 0.933275 0.113373 0.113342 0.0029348
2 0.0664232 0.189699 0.114366 0.111535 0.00286357
11 0.192178 0.685239 0.110504 0.111084 0.00285479
11 0.0672091 0.934168 0.114645 0.114828 0.0028093
11 0.936295 0.5612 0.11338 0.111825 0.00271878
13 0.936425 0.808874 0.111944 0.112344 0.00267811
5 0.564099 0.685345 0.111954 0.112053 0.00262473
1 0.687706 0.684995 0.111848 0.111727 0.0025409
11 0.191407 0.31339 0.11165 0.111169 0.00251413
11 0.192105 0.437751 0.111491 0.112045 0.00250638
7 0.935823 0.809226 0.112298 0.114757 0.00247586
11 0.687568 0.313752 0.112948 0.11187 0.00234167
1 0.811938 0.312702 0.111578 0.112566 0.00230466
4 0.315858 0.437885 0.111577 0.111447 0.0022931
13 0.935911 0.933572 0.112163 0.114223 0.00217198
9 0.563825 0.437244 0.11084 0.112242 0.00212171
4 0.316282 0.933648 0.112741 0.113735 0.00210681
8 0.56412 0.31357 0.111276 0.111943 0.00210166
11 0.811807 0.685194 0.113072 0.11135 0.00209491
12 0.563892 0.934238 0.11152 0.111939 0.00209472
0 0.9362 0.313407 0.111288 0.113249 0.00204462
6 0.564126 0.561258 0.11205 0.11117 0.00199295
10 0.68813 0.808962 0.111371 0.113614 0.00196921
9 0.563841 0.189356 0.111045 0.112404 0.00195613
1 0.43991 0.313054 0.111778 0.11317 0.00191464
11 0.316374 0.685549 0.11163 0.112661 0.00191094
12 0.0673334 0.561362 0.112099 0.111724 0.00190308
9 0.811918 0.934006 0.11338 0.112958 0.00186974
5 0.811263 0.188572 0.112257 0.112145 0.00186188
4 0.563967 0.809099 0.111701 0.113061 0.00184236
10 0.936141 0.561565 0.11118 0.111549 0.00182854
4 0.316245 0.809208 0.111897 0.112695 0.00176165
9 0.935958 0.313399 0.113842 0.112144 0.00174047
2 0.93597 0.312812 0.111079 0.113162 0.00170643
0 0.0663881 0.436566 0.114679 0.111353 0.00170611
11 0.936244 0.436363 0.112063 0.110341 0.00165747
0 0.0666704 0.684757 0.113007 0.112735 0.00165056
5 0.687891 0.809492 0.112585 0.112406 0.00164039
11 0.0677026 0.56137 0.112779 0.111872 0.00163351
5 0.564199 0.188931 0.109907 0.1106 0.00157877
5 0.192242 0.0646359 0.111696 0.110994 0.00157763
10 0.439312 0.436844 0.110776 0.111425 0.00156721
4 0.563783 0.68503 0.111185 0.111412 0.00156289
4 0.56378 0.189518 0.111902 0.111956 0.00156224
4 0.563624 0.437217 0.111396 0.111561 0.00155798
1 0.811568 0.809022 0.112202 0.112275 0.00155752
5 0.564028 0.436663 0.11221 0.112981 0.00155407
12 0.935894 0.561572 0.110895 0.111756 0.00154594
12 0.811704 0.0652793 0.112684 0.112779 0.00153451
10 0.563678 0.933992 0.112265 0.113495 0.00152121
1 0.811997 0.188499 0.112402 0.11258 0.00151271
9 0.935952 0.188912 0.112662 0.112419 0.00151115
12 0.564455 0.438071 0.112144 0.111945 0.00150176
13 0.811441 0.933479 0.113584 0.11282 0.00148252
8 0.811374 0.18851 0.111428 0.1131 0.00147779
10 0.811908 0.685566 0.112601 0.112275 0.00147688
10 0.191418 0.685057 0.11063 0.111098 0.00146792
12 0.936087 0.0653881 0.114158 0.114129 0.00144437
2 0.564455 0.438071 0.112144 0.111945 0.00143648
3 0.315858 0.437885 0.111577 0.111447 0.00142607
9 0.439704 0.933502 0.110863 0.112264 0.00138002
4 0.440185 0.809472 0.112005 0.112822 0.00137457
11 0.315303 0.436654 0.110824 0.109555 0.00136809
10 0.0672091 0.934168 0.114645 0.114828 0.00135382
11 0.687593 0.933413 0.111125 0.112471 0.00133416
6 0.686744 0.0653898 0.113824 0.112814 0.00131475
7 0.811289 0.561724 0.111724 0.112624 0.00130731
11 0.687599 0.189646 0.112292 0.112561 0.00128393
10 0.687733 0.561551 0.112281 0.111819 0.00128111
12 0.0669785 0.93419 0.113384 0.113294 0.00127339
3 0.439721 0.561081 0.112248 0.112655 0.00126958
13 0.68683 0.0649244 0.112723 0.112696 0.00125629
9 0.688088 0.31249 0.111789 0.111052 0.00125276
9 0.935758 0.684947 0.112035 0.111294 0.00124393
6 0.439721 0.561081 0.112248 0.112655 0.00122899
5 0.191836 0.809279 0.111878 0.111759 0.00122016
10 0.688159 0.0649941 0.110724 0.113228 0.00121395
7 0.935971 0.933345 0.111122 0.114423 0.00121375
3 0.81199 0.561045 0.111863 0.111995 0.00120591
2 0.688413 0.93308 0.111481 0.112502 0.00120577
0 0.316007 0.189477 0.111269 0.111299 0.00119083
4 0.192047 0.561301 0.110669 0.110975 0.00119045
7 0.811316 0.685351 0.110928 0.112347 0.00116554
11 0.440253 0.934076 0.112 0.112867 0.00116481
10 0.687641 0.3137 0.112068 0.112294 0.00116098
4 0.688192 0.0652378 0.111348 0.112779 0.00115888
1 0.43957 0.685235 0.111673 0.112072 0.00114418
11 0.936086 0.313464 0.112967 0.113503 0.00111843
11 0.191223 0.0645506 0.112023 0.112193 0.00111623
9 0.439312 0.436844 0.110776 0.111425 0.00110593
8 0.440065 0.0649929 0.111754 0.111663 0.00110581
7 0.31621 0.934039 0.11161 0.112703 0.00108292
11 0.315695 0.0650706 0.112409 0.112909 0.00108066
9 0.688121 0.188779 0.111317 0.112 0.00107653
12 0.81175 0.933885 0.113927 0.113392 0.00107533
5 0.81175 0.933885 0.113927 0.113392 0.00107055
9 0.191099 0.188996 0.11165 0.112138 0.00107027
8 0.316089 0.189431 0.110785 0.110975 0.00106778
6 0.564078 0.438038 0.111912 0.111722 0.00105774
13 0.191709 0.0651446 0.111865 0.111763 0.00104447
1 0.563905 0.685403 0.111366 0.112064 0.00104344
3 0.935797 0.809356 0.113524 0.115028 0.00103378
10 0.812687 0.561318 0.111252 0.111606 0.00103245
13 0.56362 0.313623 0.111377 0.112387 0.0010223
2 0.440273 0.9341 0.111287 0.113465 0.00101242
7 0.0670166 0.933661 0.115806 0.114469 0.0010064
2 0.563872 0.68532 0.111013 0.111199 0.00100576
