5 0.936151 0.934131 0.111932 0.11211 0.986586
2 0.439114 0.0651628 0.111001 0.112304 0.985771
6 0.439612 0.80955 0.112412 0.112919 0.985738
9 0.31486 0.685529 0.111739 0.111199 0.9854
4 0.0677187 0.809456 0.112733 0.113146 0.984929
3 0.563405 0.685465 0.111331 0.111165 0.984399
9 0.191439 0.561381 0.110818 0.111506 0.984296
1 0.563595 0.93381 0.111641 0.112623 0.984178
6 0.0671011 0.56167 0.11346 0.11227 0.983996
9 0.0676093 0.189068 0.112517 0.111209 0.983993
0 0.439592 0.933729 0.112377 0.11292 0.983646
0 0.315523 0.809478 0.112091 0.11209 0.983409
6 0.812156 0.80943 0.112675 0.112586 0.983323
2 0.191476 0.93389 0.112876 0.113281 0.983288
1 0.191448 0.809375 0.111573 0.112339 0.983274
4 0.687985 0.809999 0.112837 0.112836 0.983061
12 0.56368 0.809773 0.112528 0.113566 0.983028
5 0.0673683 0.437689 0.112489 0.111876 0.982936
9 0.811871 0.934006 0.112533 0.111613 0.982891
7 0.315718 0.934091 0.111754 0.11128 0.982672
3 0.936634 0.809655 0.112242 0.112339 0.982501
12 0.1915 0.68567 0.111855 0.112414 0.982494
0 0.688022 0.933427 0.112107 0.112968 0.982395
13 0.936262 0.685503 0.112371 0.111619 0.981999
11 0.315201 0.437226 0.111386 0.11201 0.981742
12 0.19175 0.312817 0.113175 0.112776 0.981488
6 0.687636 0.0648318 0.111984 0.112381 0.981487
8 0.191725 0.0653576 0.111297 0.112795 0.981383
3 0.315183 0.561613 0.11168 0.111817 0.981291
3 0.0673026 0.933849 0.114354 0.113694 0.981279
0 0.191136 0.437393 0.112668 0.112669 0.981181
5 0.439349 0.437176 0.112236 0.112405 0.980878
1 0.314959 0.189164 0.111806 0.111906 0.980761
0 0.191164 0.188805 0.112382 0.111902 0.980418
8 0.315355 0.312905 0.112017 0.112506 0.980109
9 0.563379 0.561706 0.112526 0.112141 0.979854
9 0.687747 0.313447 0.111699 0.111428 0.979796
9 0.563372 0.437853 0.112053 0.112221 0.979752
12 0.439609 0.189072 0.112403 0.112322 0.979715
4 0.563409 0.189089 0.112295 0.113527 0.979675
11 0.0674932 0.313034 0.111238 0.1128 0.979523
1 0.439415 0.561471 0.112955 0.113498 0.979403
0 0.439536 0.685136 0.11213 0.112394 0.97937
1 0.811998 0.68514 0.113087 0.112941 0.979261
3 0.563111 0.313683 0.111984 0.112152 0.979259
3 0.687435 0.189153 0.111904 0.112302 0.979149
11 0.687763 0.685166 0.111772 0.112321 0.97911
2 0.0671612 0.685182 0.112448 0.1125 0.979064
1 0.812218 0.436864 0.112952 0.112663 0.978973
8 0.31543 0.0649648 0.112254 0.113292 0.978942
1 0.811953 0.188776 0.113075 0.11288 0.978789
1 0.439242 0.313222 0.112467 0.113085 0.978739
5 0.687796 0.561187 0.111737 0.11236 0.978648
12 0.687291 0.437258 0.111839 0.111907 0.978625
0 0.812137 0.561196 0.112495 0.112979 0.978547
12 0.811337 0.0655427 0.112125 0.111609 0.978438
11 0.06671 0.0650163 0.113469 0.113267 0.978418
2 0.935847 0.0651013 0.112507 0.112894 0.978389
5 0.812479 0.312626 0.112549 0.112645 0.978271
4 0.936771 0.560822 0.11366 0.114033 0.978086
0 0.936118 0.43683 0.112986 0.111928 0.978044
8 0.563803 0.0651007 0.110823 0.112043 0.977876
4 0.936186 0.188687 0.113422 0.113703 0.977866
2 0.936158 0.313522 0.111214 0.112193 0.977674
2 0.563231 0.0655996 0.111398 0.112288 0.0354627
5 0.688066 0.685095 0.110628 0.111487 0.0276199
2 0.315158 0.313472 0.11134 0.112957 0.0174927
5 0.315141 0.437717 0.111367 0.111973 0.0148578
2 0.314942 0.0652883 0.112149 0.112367 0.0138634
6 0.687608 0.43713 0.112592 0.112391 0.00837784
2 0.190909 0.0653364 0.111948 0.111878 0.00627214
3 0.935725 0.313542 0.11232 0.112218 0.00470778
1 0.935856 0.313334 0.111317 0.114363 0.00411312
5 0.066942 0.0646031 0.113297 0.112846 0.00389129
6 0.56368 0.809773 0.112528 0.113566 0.00387405
5 0.0666077 0.313478 0.112812 0.112688 0.0036562
8 0.813097 0.933331 0.111576 0.112344 0.00363021
6 0.937023 0.808855 0.11223 0.11215 0.00354827
6 0.0675226 0.933565 0.113375 0.113402 0.00352037
5 0.0672853 0.68507 0.113485 0.11329 0.0034102
2 0.688146 0.561425 0.112129 0.111987 0.00336885
0 0.688123 0.313416 0.111871 0.111475 0.00311135
0 0.81223 0.436344 0.112766 0.11235 0.00295667
6 0.191632 0.68557 0.112196 0.112488 0.00292233
7 0.687656 0.809721 0.111797 0.112317 0.00287511
1 0.93585 0.189135 0.112667 0.113576 0.00279146
6 0.8122 0.0649427 0.112549 0.113262 0.00265496
0 0.812063 0.188729 0.112636 0.113662 0.00262853
1 0.563729 0.188955 0.112372 0.113394 0.00252821
10 0.936011 0.933321 0.111959 0.111638 0.00247964
11 0.81169 0.313056 0.112596 0.112191 0.00241538
3 0.0665897 0.56121 0.115045 0.112966 0.00241295
0 0.813132 0.933171 0.112716 0.111602 0.00240703
6 0.563837 0.313382 0.112542 0.11295 0.0023521
0 0.812323 0.684944 0.11172 0.11239 0.00230694
11 0.315598 0.0650446 0.111961 0.112987 0.00227958
1 0.93694 0.561024 0.113412 0.114357 0.00227482
1 0.688141 0.0651476 0.111317 0.112417 0.00223549
3 0.688228 0.0644325 0.111815 0.112474 0.00219245
2 0.813074 0.313128 0.113018 0.113988 0.00212456
6 0.439493 0.189106 0.113261 0.113372 0.00211395
2 0.687755 0.809991 0.112298 0.113585 0.00207447
3 0.0668573 0.68514 0.113959 0.112128 0.00201892
10 0.315508 0.436866 0.110657 0.111441 0.00201027
3 0.191476 0.93389 0.112876 0.113281 0.00200724
12 0.687802 0.313516 0.111647 0.111309 0.0020045
11 0.191344 0.0650998 0.11128 0.112158 0.00194457
6 0.688083 0.189393 0.112852 0.112859 0.00193441
1 0.935981 0.0647499 0.112758 0.113642 0.00193194
3 0.813074 0.313128 0.113018 0.113988 0.00191662
2 0.93618 0.189063 0.112975 0.113963 0.00184711
7 0.0669903 0.809422 0.1145 0.113419 0.00184709
9 0.935921 0.437181 0.112381 0.111947 0.00183737
7 0.936147 0.685116 0.112305 0.112563 0.00181938
0 0.563826 0.438124 0.11378 0.113597 0.0018146
2 0.688083 0.189393 0.112852 0.112859 0.00180096
12 0.563676 0.438122 0.111763 0.11244 0.00179188
1 0.688291 0.809178 0.110984 0.113664 0.00178371
12 0.936088 0.809577 0.11177 0.112572 0.00175509
5 0.935981 0.0647499 0.112758 0.113642 0.00175243
2 0.688125 0.685081 0.111707 0.112255 0.00173147
2 0.0674836 0.80983 0.114059 0.11367 0.0016802
8 0.688123 0.313416 0.111871 0.111475 0.00165339
6 0.191331 0.313241 0.11245 0.112749 0.0016519
2 0.936668 0.560872 0.113176 0.113203 0.00165074
3 0.688123 0.561595 0.112469 0.112462 0.00165041
1 0.315027 0.561532 0.11252 0.112216 0.00162692
4 0.688071 0.1893 0.113914 0.114102 0.00162028
11 0.439295 0.436594 0.111433 0.111079 0.00157814
10 0.0662752 0.313195 0.112586 0.112338 0.00156214
1 0.0674836 0.80983 0.114059 0.11367 0.00155856
3 0.935663 0.0655669 0.111961 0.112502 0.00155488
3 0.0670078 0.436482 0.111446 0.11071 0.00155229
1 0.936402 0.809588 0.111559 0.111888 0.00154864
10 0.439518 0.437575 0.111503 0.111916 0.00152653
7 0.935843 0.561218 0.111604 0.112203 0.00151851
10 0.687802 0.561386 0.110786 0.111503 0.00150839
4 0.316079 0.934093 0.11164 0.111894 0.00150404
7 0.686737 0.437703 0.111381 0.113172 0.00149886
11 0.688123 0.561595 0.112469 0.112462 0.00148162
5 0.935928 0.312784 0.113512 0.114305 0.00146656
0 0.439381 0.313495 0.111292 0.113036 0.00146355
4 0.439538 0.561503 0.11241 0.112846 0.0014476
7 0.935969 0.188678 0.111523 0.11176 0.00142721
11 0.811531 0.932905 0.112125 0.111471 0.00142162
0 0.563583 0.933717 0.11072 0.111685 0.00141796
1 0.439586 0.0646919 0.111312 0.11371 0.00141183
1 0.0670919 0.685092 0.112888 0.112106 0.00141096
0 0.688102 0.437733 0.112008 0.112978 0.0013825
4 0.439458 0.313497 0.112427 0.113023 0.00135586
4 0.81181 0.684999 0.112612 0.112601 0.00134619
2 0.563729 0.188955 0.112372 0.113394 0.00134277
10 0.686753 0.684803 0.112965 0.111926 0.00132704
8 0.56357 0.43765 0.112213 0.111054 0.0013145
12 0.687442 0.18931 0.112011 0.11264 0.00129958
11 0.315137 0.313614 0.112162 0.112742 0.00129889
4 0.811763 0.189127 0.112554 0.112932 0.00129226
0 0.315107 0.188816 0.112082 0.11286 0.0012894
0 0.563568 0.561599 0.111826 0.110582 0.0012847
3 0.812237 0.809144 0.112973 0.113413 0.001266
10 0.563729 0.188955 0.112372 0.113394 0.00126025
8 0.93596 0.436866 0.110662 0.111497 0.00123911
4 0.191448 0.809375 0.111573 0.112339 0.0012252
0 0.439662 0.561381 0.112687 0.113172 0.00122283
4 0.688146 0.561425 0.112129 0.111987 0.00120972
1 0.0666104 0.933571 0.112679 0.112668 0.00120362
1 0.191533 0.933435 0.113216 0.113317 0.00119725
6 0.315816 0.561139 0.111798 0.112151 0.00119298
4 0.315274 0.189352 0.112169 0.113172 0.00118629
13 0.316007 0.934046 0.111951 0.112533 0.00118102
1 0.563111 0.313683 0.111984 0.112152 0.00117919
9 0.439592 0.933729 0.112377 0.11292 0.00117908
6 0.0667594 0.809541 0.112159 0.112516 0.00117863
4 0.812588 0.313219 0.111537 0.112165 0.00117094
10 0.936147 0.685116 0.112305 0.112563 0.00116247
10 0.0662339 0.0648635 0.11317 0.112224 0.00116166
8 0.0668573 0.68514 0.113959 0.112128 0.00115963
1 0.563457 0.685447 0.111463 0.111962 0.00115856
4 0.563583 0.933717 0.11072 0.111685 0.0011515
3 0.439612 0.80955 0.112412 0.112919 0.0011333
11 0.563931 0.0656302 0.111737 0.112731 0.00113254
12 0.563993 0.561322 0.112136 0.112129 0.0011316
4 0.81171 0.0652552 0.112576 0.112444 0.00113143
10 0.811696 0.312909 0.114241 0.112626 0.00112885
1 0.687544 0.189187 0.112317 0.112774 0.00112435
1 0.812012 0.560777 0.112784 0.112822 0.00112236
2 0.315045 0.561509 0.112524 0.111941 0.00111896
12 0.0671493 0.18918 0.112943 0.111914 0.00111704
8 0.19161 0.934007 0.11217 0.113624 0.00110325
4 0.563747 0.685283 0.111724 0.11123 0.00108383
8 0.935725 0.313542 0.11232 0.112218 0.00108306
4 0.563569 0.31378 0.111738 0.111619 0.00108284
0 0.0670302 0.189212 0.113175 0.112459 0.00107365
11 0.935941 0.933585 0.113123 0.113063 0.0010685
1 0.439665 0.685126 0.112109 0.112509 0.00106843
10 0.688108 0.809442 0.110794 0.113593 0.00106612
6 0.563843 0.685416 0.111905 0.112224 0.00106149
4 0.0674033 0.437884 0.112065 0.108537 0.00105968
0 0.315269 0.313591 0.111606 0.11332 0.00105146
3 0.687845 0.436747 0.110948 0.113787 0.00104801
7 0.811492 0.0646966 0.111938 0.114126 0.0010368
0 0.191377 0.809375 0.112086 0.113062 0.00101874
13 0.811531 0.932905 0.112125 0.111471 0.00101005
5 0.191655 0.933681 0.113072 0.112183 0.00100998
8 0.688433 0.932811 0.113036 0.112177 0.00100979
