12 0.191888 0.933851 0.110838 0.113158 0.986378
12 0.440097 0.809477 0.110901 0.112642 0.986323
2 0.563574 0.809447 0.112274 0.112908 0.986235
7 0.315373 0.809553 0.112426 0.112017 0.985924
10 0.563555 0.933627 0.111913 0.114141 0.985902
2 0.687647 0.934212 0.112803 0.113335 0.985335
8 0.43937 0.934285 0.112234 0.112724 0.985272
7 0.811663 0.933985 0.11282 0.113189 0.984695
7 0.191188 0.561703 0.111874 0.112197 0.984366
12 0.936716 0.809445 0.112704 0.112939 0.984315
7 0.190956 0.0650899 0.111381 0.111502 0.984215
11 0.935856 0.934394 0.113756 0.114044 0.984173
1 0.315814 0.934095 0.112638 0.113442 0.983875
6 0.315561 0.561482 0.112068 0.112964 0.983857
5 0.191369 0.43753 0.111656 0.11267 0.983494
6 0.43945 0.0645467 0.111819 0.113901 0.983093
12 0.812065 0.810122 0.112236 0.113635 0.98291
8 0.687869 0.809721 0.112037 0.112441 0.982849
8 0.0672329 0.685287 0.113132 0.113651 0.982592
6 0.0669237 0.31343 0.112776 0.112963 0.982424
6 0.439779 0.68537 0.111731 0.112094 0.982268
1 0.0667064 0.437672 0.112241 0.1123 0.98193
12 0.315142 0.0649184 0.111 0.112871 0.981802
1 0.190919 0.313182 0.112029 0.111251 0.981396
8 0.314905 0.189942 0.112754 0.112097 0.981345
2 0.191217 0.685265 0.113103 0.112947 0.981225
1 0.31512 0.437054 0.112392 0.111738 0.981214
4 0.0677188 0.0651741 0.113133 0.1133 0.981032
11 0.0672166 0.560906 0.111319 0.112973 0.980984
8 0.066809 0.18988 0.113298 0.113168 0.980942
11 0.935935 0.685696 0.113406 0.11302 0.980758
3 0.315493 0.685708 0.111335 0.112607 0.98044
8 0.936008 0.0653023 0.113719 0.11362 0.980229
1 0.066925 0.934153 0.113524 0.113919 0.980197
2 0.191303 0.809635 0.111967 0.112204 0.980043
11 0.563043 0.0655146 0.111447 0.112975 0.980009
8 0.191306 0.189424 0.111828 0.112607 0.979924
10 0.687881 0.0649549 0.111159 0.113077 0.979872
6 0.563837 0.437185 0.111834 0.113312 0.97982
1 0.563728 0.684673 0.110938 0.112287 0.979802
0 0.315047 0.313494 0.11233 0.111355 0.979705
8 0.439517 0.561269 0.112361 0.112739 0.97952
12 0.439815 0.312966 0.112168 0.11346 0.979145
1 0.812043 0.188931 0.112545 0.112841 0.979072
5 0.811687 0.68558 0.112286 0.11244 0.979019
12 0.687721 0.313027 0.111921 0.113005 0.978902
11 0.563319 0.313076 0.111434 0.113474 0.978891
8 0.935905 0.189758 0.113811 0.113327 0.978796
4 0.812384 0.064528 0.112402 0.113855 0.978557
11 0.687653 0.437008 0.112502 0.113322 0.978502
12 0.812285 0.436916 0.112402 0.11339 0.978442
11 0.811873 0.312767 0.112583 0.113319 0.978411
0 0.563579 0.56125 0.111319 0.113107 0.978386
0 0.687582 0.188925 0.112522 0.113056 0.978381
0 0.439674 0.437267 0.111783 0.113725 0.978238
7 0.68788 0.561578 0.112665 0.114144 0.978224
0 0.687848 0.685137 0.112333 0.112193 0.978205
11 0.563173 0.189158 0.111316 0.113815 0.978087
0 0.936071 0.436929 0.112951 0.11222 0.978023
2 0.812402 0.561436 0.112579 0.113194 0.978014
0 0.439459 0.188858 0.111784 0.113118 0.977859
2 0.936711 0.561418 0.113104 0.113955 0.977571
7 0.936393 0.313094 0.11338 0.114242 0.977019
0 0.0672486 0.809574 0.112358 0.112664 0.974494
1 0.0670631 0.809405 0.112777 0.112377 0.0341616
8 0.688438 0.933966 0.113065 0.113108 0.0170289
3 0.687783 0.933655 0.112586 0.113803 0.0149095
9 0.687957 0.808891 0.112462 0.113459 0.0139651
9 0.935559 0.189968 0.113575 0.112759 0.0135009
13 0.811646 0.932584 0.111606 0.112321 0.0105171
10 0.686795 0.437114 0.110829 0.111795 0.00667173
10 0.811363 0.31289 0.111652 0.113086 0.00625817
3 0.56394 0.809145 0.111467 0.113024 0.00594591
10 0.936049 0.685397 0.111957 0.113032 0.00575011
2 0.0664883 0.189734 0.11433 0.112431 0.0056796
12 0.811558 0.933108 0.111931 0.111048 0.00562883
10 0.935831 0.93395 0.112954 0.112931 0.00557191
10 0.0670241 0.560793 0.113204 0.114988 0.00485367
11 0.688144 0.809701 0.111513 0.113376 0.00459975
3 0.81252 0.561854 0.112948 0.113232 0.00415839
9 0.936069 0.685605 0.11151 0.112339 0.00408289
10 0.563554 0.0649516 0.112403 0.11321 0.00407637
8 0.813054 0.56197 0.109681 0.112659 0.00406599
12 0.686756 0.561517 0.110538 0.112504 0.00400764
0 0.812041 0.188967 0.112516 0.113984 0.00393836
1 0.812376 0.0647936 0.112503 0.11417 0.00392383
1 0.439412 0.188837 0.111397 0.112231 0.00384764
0 0.19114 0.312903 0.111159 0.112732 0.00382341
10 0.190833 0.436932 0.111608 0.112484 0.00338727
4 0.56399 0.684693 0.111072 0.11102 0.0032412
9 0.935646 0.0655267 0.113647 0.113329 0.00322079
0 0.0661452 0.437089 0.11453 0.112042 0.00311314
1 0.439998 0.4372 0.111908 0.113115 0.00309766
7 0.936266 0.809588 0.11321 0.114727 0.00302935
8 0.688109 0.437149 0.113128 0.114438 0.00282156
6 0.812045 0.0654694 0.11194 0.113302 0.00281291
12 0.935987 0.313066 0.113361 0.113744 0.00279154
4 0.687881 0.0649549 0.111159 0.113077 0.00270878
2 0.688228 0.808991 0.112738 0.112385 0.00267309
7 0.688118 0.0652241 0.111426 0.113287 0.00265458
6 0.936266 0.809588 0.11321 0.114727 0.00259723
1 0.0665941 0.0650624 0.112277 0.112344 0.00257561
2 0.0665941 0.0650624 0.112277 0.112344 0.00243082
5 0.936283 0.561425 0.113072 0.114376 0.00241037
1 0.315347 0.31286 0.112206 0.112209 0.0023993
2 0.439957 0.561157 0.112108 0.112598 0.00235637
11 0.811504 0.685677 0.113487 0.111533 0.0023488
9 0.439568 0.933709 0.111552 0.113403 0.00233955
1 0.687805 0.188457 0.11193 0.113049 0.00231953
3 0.191746 0.809552 0.111614 0.112981 0.00231432
7 0.563785 0.933339 0.112536 0.113591 0.00228906
2 0.563649 0.684692 0.110845 0.111745 0.0021133
2 0.0671482 0.685547 0.113385 0.113177 0.00208701
11 0.935612 0.189071 0.111362 0.111651 0.00208304
5 0.811464 0.561651 0.113332 0.112587 0.00208299
11 0.440116 0.934132 0.112035 0.112943 0.0020607
9 0.190848 0.18995 0.11194 0.111431 0.00202292
9 0.686684 0.436869 0.111474 0.112974 0.0020166
3 0.191849 0.685462 0.112052 0.113139 0.00200713
13 0.686869 0.561132 0.111986 0.112836 0.00200292
5 0.688098 0.0649254 0.112336 0.112229 0.00198763
11 0.935976 0.0650761 0.111717 0.112942 0.0019615
1 0.563915 0.560947 0.111684 0.112775 0.00195642
11 0.439849 0.561085 0.110922 0.113536 0.00195478
0 0.315544 0.43699 0.112597 0.112772 0.00192716
13 0.687279 0.0644927 0.111261 0.111948 0.00192705
11 0.0675473 0.685243 0.112002 0.114346 0.0018863
1 0.936283 0.561425 0.113072 0.114376 0.0018627
2 0.811468 0.685326 0.114582 0.111739 0.0018248
5 0.0663501 0.0654496 0.112588 0.111981 0.00182182
0 0.066925 0.934153 0.113524 0.113919 0.00178199
4 0.811646 0.189417 0.113114 0.113281 0.00173055
3 0.93638 0.561471 0.111362 0.11441 0.00171768
2 0.935905 0.189758 0.113811 0.113327 0.00169887
3 0.563791 0.437116 0.111311 0.11258 0.00167905
6 0.686871 0.31247 0.11067 0.111791 0.00167896
2 0.812376 0.0647936 0.112503 0.11417 0.00167218
2 0.315404 0.189831 0.112736 0.112957 0.0016479
3 0.812211 0.43648 0.111245 0.113446 0.00163661
3 0.812045 0.0654694 0.11194 0.113302 0.00159915
3 0.43945 0.0645467 0.111819 0.113901 0.00158507
10 0.563508 0.313416 0.112367 0.112712 0.00158486
1 0.68784 0.684982 0.112467 0.1118 0.00157091
8 0.936273 0.561646 0.113066 0.114488 0.00156786
11 0.191334 0.189914 0.112065 0.112631 0.00156276
12 0.43976 0.436885 0.11174 0.112496 0.00156193
3 0.315449 0.561074 0.112938 0.11322 0.00154689
0 0.688235 0.809478 0.113008 0.113546 0.00153186
10 0.811646 0.932584 0.111606 0.112321 0.00152583
4 0.315375 0.437388 0.111951 0.112319 0.00151625
13 0.935848 0.933799 0.11201 0.113694 0.00151401
10 0.812397 0.685525 0.112572 0.11257 0.00147419
6 0.315474 0.0645696 0.111105 0.113776 0.00146422
7 0.811432 0.43734 0.112327 0.113438 0.0014354
1 0.812402 0.561436 0.112579 0.113194 0.00143437
6 0.811572 0.810194 0.113196 0.11377 0.00143111
11 0.066917 0.188481 0.113229 0.113499 0.00141765
10 0.563378 0.189379 0.112759 0.113032 0.00141446
3 0.811572 0.810194 0.113196 0.11377 0.0014093
3 0.688099 0.3128 0.112175 0.113077 0.00139533
2 0.191334 0.189914 0.112065 0.112631 0.00138466
5 0.563378 0.189379 0.112759 0.113032 0.00137944
7 0.812045 0.0654694 0.11194 0.113302 0.00137632
0 0.56325 0.685003 0.110541 0.111844 0.00137539
12 0.563655 0.560955 0.112272 0.11263 0.00135565
5 0.563384 0.933736 0.11129 0.113286 0.00135308
12 0.439642 0.188343 0.111579 0.112852 0.00135298
3 0.439723 0.685175 0.111863 0.112962 0.00135271
5 0.935848 0.933799 0.11201 0.113694 0.00133848
4 0.315493 0.685708 0.111335 0.112607 0.00132762
5 0.191604 0.809546 0.112029 0.111991 0.00132643
4 0.315938 0.933892 0.110876 0.112417 0.00132508
6 0.439637 0.313018 0.111497 0.113135 0.0013088
0 0.813196 0.809851 0.110102 0.112 0.00129643
9 0.811291 0.312504 0.112128 0.111786 0.00129591
4 0.563555 0.933627 0.111913 0.114141 0.00129427
1 0.688281 0.933734 0.113659 0.113393 0.00128533
4 0.0667494 0.437158 0.113106 0.112483 0.00128165
9 0.936225 0.437219 0.112322 0.112426 0.00128094
1 0.56386 0.808994 0.112664 0.113211 0.00126183
6 0.688207 0.561804 0.111305 0.1143 0.00124649
2 0.935646 0.0655267 0.113647 0.113329 0.00124624
7 0.0676668 0.313752 0.113826 0.113722 0.00121842
7 0.686871 0.31247 0.11067 0.111791 0.00119763
5 0.688021 0.43734 0.112014 0.112298 0.00117195
3 0.0672529 0.312952 0.113091 0.113079 0.0011625
0 0.315494 0.933787 0.110894 0.11138 0.00115958
4 0.811852 0.933735 0.112421 0.113791 0.00115051
9 0.0667776 0.685302 0.113697 0.112873 0.00113208
9 0.935786 0.933717 0.113795 0.112071 0.0011231
13 0.563452 0.933897 0.111785 0.111847 0.0011035
11 0.315238 0.188641 0.112005 0.11242 0.00110237
8 0.563441 0.313051 0.112239 0.112988 0.00109411
3 0.813105 0.685417 0.113762 0.114179 0.00106968
11 0.190345 0.436434 0.11087 0.11113 0.0010505
3 0.190345 0.436434 0.11087 0.11113 0.00104684
5 0.563426 0.313627 0.112091 0.112886 0.00103761
3 0.936751 0.809528 0.112975 0.112978 0.00103528
4 0.31551 0.809586 0.111989 0.112281 0.00103506
8 0.563818 0.809404 0.112309 0.112932 0.00102835
8 0.688174 0.684857 0.11326 0.112017 0.00102736
7 0.439692 0.0649774 0.110933 0.112607 0.00102716
7 0.811572 0.810194 0.113196 0.11377 0.00102386
3 0.563728 0.684673 0.110938 0.112287 0.00102232
6 0.811646 0.932584 0.111606 0.112321 0.00102098
2 0.0668993 0.809634 0.111161 0.111505 0.0010189
5 0.811277 0.313505 0.112996 0.113076 0.00100907
2 0.440005 0.934322 0.112619 0.113184 0.00100746
6 0.0672486 0.0652563 0.112932 0.113631 0.00100671
