3 0.315337 0.933817 0.113226 0.113583 0.986853
7 0.439583 0.934289 0.111876 0.113208 0.986248
2 0.563111 0.933947 0.112503 0.114252 0.985302
7 0.439609 0.0648895 0.112055 0.112558 0.985174
3 0.31574 0.561611 0.111134 0.113022 0.984628
5 0.06717 0.934802 0.113253 0.115114 0.984614
9 0.19154 0.561714 0.110598 0.112435 0.9845
7 0.936343 0.934185 0.113238 0.112795 0.984423
7 0.191431 0.437802 0.112246 0.112323 0.984266
10 0.439784 0.684918 0.111593 0.11251 0.984033
12 0.315697 0.809561 0.111919 0.112465 0.983878
7 0.315597 0.437373 0.112914 0.111969 0.983611
13 0.0669466 0.313589 0.113465 0.112998 0.983422
13 0.687683 0.933876 0.113061 0.114603 0.983328
7 0.0670933 0.561629 0.113689 0.113072 0.983312
11 0.191334 0.686005 0.111237 0.111243 0.983271
7 0.812122 0.809643 0.112758 0.11251 0.983139
7 0.315514 0.685369 0.111808 0.111937 0.982953
3 0.191242 0.0647858 0.111551 0.114057 0.982904
5 0.0671756 0.0649887 0.112974 0.112445 0.982711
10 0.067308 0.80957 0.112571 0.11283 0.982706
5 0.0665177 0.189689 0.112876 0.111584 0.982535
10 0.315623 0.31334 0.113104 0.111036 0.982068
7 0.811888 0.934029 0.112652 0.113289 0.981984
10 0.315545 0.189084 0.113943 0.111374 0.981827
1 0.0666006 0.437667 0.112698 0.112476 0.981736
13 0.563459 0.0648255 0.112403 0.114153 0.981719
0 0.191418 0.188642 0.112283 0.112375 0.981093
10 0.192066 0.809346 0.111885 0.112907 0.981015
5 0.687873 0.810254 0.111608 0.111689 0.980983
10 0.191399 0.313018 0.113473 0.111783 0.98088
3 0.563306 0.685347 0.112753 0.113173 0.980857
6 0.4395 0.437262 0.113192 0.112444 0.980422
0 0.191965 0.93356 0.111675 0.112687 0.980353
9 0.68765 0.31357 0.112001 0.111953 0.980078
1 0.439353 0.561283 0.112595 0.113273 0.979791
12 0.0671177 0.685414 0.112743 0.112269 0.979527
3 0.563372 0.561308 0.11259 0.112744 0.979507
5 0.56341 0.188918 0.111203 0.112347 0.979388
11 0.811988 0.685303 0.112591 0.112687 0.979235
5 0.439443 0.313178 0.111572 0.111924 0.97923
6 0.812655 0.437095 0.112827 0.112696 0.979223
8 0.315274 0.064937 0.111441 0.11207 0.979076
5 0.563377 0.437324 0.111763 0.111758 0.979049
12 0.812343 0.312956 0.112296 0.11244 0.979015
7 0.563829 0.31339 0.11228 0.113338 0.97899
3 0.687462 0.685545 0.111584 0.112493 0.978938
1 0.687719 0.0641398 0.112174 0.113669 0.978923
4 0.936405 0.0648897 0.114078 0.114714 0.97884
7 0.687421 0.189015 0.112158 0.112642 0.97868
11 0.812238 0.561795 0.112547 0.113041 0.978635
12 0.936577 0.809971 0.112626 0.112746 0.978408
9 0.936635 0.561757 0.112043 0.112712 0.97837
12 0.811864 0.0643834 0.112674 0.112919 0.978362
9 0.936075 0.189102 0.111157 0.111364 0.978173
4 0.936936 0.312904 0.11399 0.114182 0.978075
12 0.93662 0.685512 0.112855 0.11226 0.977843
5 0.687831 0.437079 0.112247 0.112209 0.977628
11 0.936798 0.437143 0.11265 0.112762 0.977621
2 0.811625 0.188558 0.112127 0.112286 0.977343
8 0.439695 0.18944 0.111009 0.112123 0.976931
8 0.563618 0.80951 0.111167 0.112127 0.976658
8 0.440243 0.809568 0.111658 0.114002 0.976266
10 0.688125 0.561267 0.112563 0.114068 0.974744
4 0.191201 0.313294 0.111387 0.113029 0.0721309
4 0.315518 0.189173 0.11101 0.112461 0.0318535
4 0.688264 0.561515 0.112095 0.113367 0.0297536
2 0.439552 0.189196 0.111382 0.112153 0.0206082
5 0.812316 0.561476 0.112553 0.112192 0.0151625
2 0.439991 0.809572 0.112295 0.112552 0.014937
5 0.811838 0.685439 0.112651 0.111388 0.0115279
2 0.315015 0.0646123 0.112721 0.113598 0.0112963
5 0.936873 0.43673 0.112614 0.111654 0.0106878
12 0.811609 0.934076 0.111774 0.112083 0.0101928
0 0.687984 0.0635446 0.111687 0.113753 0.0101062
6 0.0668529 0.685466 0.112512 0.112359 0.00888839
12 0.811573 0.809894 0.112679 0.113483 0.00796024
3 0.936316 0.561712 0.110804 0.114475 0.00769516
4 0.19159 0.809029 0.11204 0.112582 0.00762616
3 0.936023 0.18921 0.112422 0.113358 0.00706672
4 0.0668357 0.808908 0.113712 0.112496 0.00704505
2 0.563874 0.809577 0.111631 0.111693 0.00643266
2 0.688139 0.437368 0.112877 0.11219 0.00572132
10 0.937313 0.436659 0.110559 0.111846 0.00514841
12 0.936316 0.561712 0.110804 0.114475 0.00500821
4 0.315608 0.313375 0.110533 0.112686 0.00487576
7 0.688244 0.561627 0.112705 0.114174 0.00476195
1 0.937026 0.312999 0.113932 0.114277 0.00466822
10 0.811575 0.561643 0.110514 0.111385 0.00457375
12 0.936086 0.934128 0.113473 0.113768 0.00449663
7 0.191587 0.313379 0.112714 0.113414 0.0044486
13 0.687789 0.561097 0.111514 0.112556 0.00437848
6 0.936468 0.80962 0.112018 0.111481 0.00419666
1 0.936691 0.0650804 0.113293 0.114965 0.00370654
5 0.811449 0.188619 0.113218 0.113431 0.00364746
0 0.688014 0.313172 0.111041 0.112411 0.00362796
13 0.314857 0.188672 0.11171 0.112186 0.00354725
13 0.811692 0.933561 0.111208 0.112643 0.00349242
12 0.936023 0.18921 0.112422 0.113358 0.0034551
2 0.688115 0.685923 0.112128 0.111213 0.00339419
12 0.687946 0.561455 0.112811 0.112989 0.00338244
13 0.191685 0.313084 0.110933 0.11149 0.00335102
7 0.936468 0.80962 0.112018 0.111481 0.00329559
0 0.0660826 0.436924 0.114787 0.11219 0.00327093
12 0.68677 0.934131 0.111621 0.112102 0.00327036
3 0.688139 0.437368 0.112877 0.11219 0.00321597
12 0.68683 0.189196 0.110636 0.113329 0.00321389
13 0.191645 0.436659 0.110809 0.112099 0.0031208
10 0.811482 0.685418 0.111014 0.111165 0.0031053
5 0.19092 0.685547 0.112224 0.11194 0.00305492
12 0.315796 0.436672 0.111126 0.111011 0.00303725
6 0.811534 0.809478 0.112836 0.113172 0.00297476
3 0.688128 0.809878 0.112297 0.112565 0.00284563
12 0.687773 0.313477 0.110936 0.112003 0.0027939
2 0.688128 0.809878 0.112297 0.112565 0.00261302
12 0.316214 0.189272 0.112505 0.112231 0.00248973
13 0.439878 0.685037 0.112212 0.111935 0.00245772
6 0.316161 0.809616 0.111476 0.112167 0.00239951
4 0.936597 0.933838 0.112882 0.114149 0.00236995
3 0.563229 0.933631 0.111865 0.113684 0.00236522
1 0.811685 0.188848 0.112629 0.113359 0.0023629
3 0.812619 0.437387 0.112669 0.114096 0.00229308
4 0.439837 0.933871 0.112057 0.11352 0.00228835
6 0.686742 0.685587 0.112147 0.112484 0.00228552
6 0.192118 0.0646224 0.112172 0.112197 0.00228493
13 0.3148 0.312803 0.112083 0.112318 0.00228122
4 0.439784 0.684918 0.111593 0.11251 0.00225433
12 0.315976 0.313413 0.11193 0.112371 0.00220979
7 0.315607 0.189143 0.113398 0.112887 0.00216073
11 0.439666 0.809247 0.112392 0.111465 0.00215866
12 0.191344 0.43662 0.110655 0.111161 0.00214779
1 0.56336 0.933608 0.113071 0.114385 0.00213697
2 0.688058 0.0645414 0.111509 0.11261 0.00211053
4 0.812359 0.933614 0.112353 0.114168 0.00208676
3 0.688043 0.31344 0.112037 0.113341 0.00207102
4 0.0667702 0.561028 0.114953 0.112761 0.00206735
12 0.192118 0.0646224 0.112172 0.112197 0.00205834
9 0.688115 0.685923 0.112128 0.111213 0.00204327
12 0.191777 0.56107 0.110767 0.112537 0.00201408
7 0.0673935 0.809037 0.112767 0.11305 0.00197328
4 0.688128 0.809878 0.112297 0.112565 0.00194864
0 0.439375 0.561139 0.112312 0.112915 0.00192694
6 0.936256 0.685476 0.112411 0.111683 0.00192302
7 0.315686 0.313345 0.112463 0.112413 0.00190016
4 0.688139 0.437368 0.112877 0.11219 0.00188291
5 0.688197 0.561397 0.112989 0.11286 0.00187061
13 0.0669007 0.809689 0.112445 0.112586 0.00182391
11 0.563783 0.809299 0.111677 0.11138 0.00181833
13 0.191493 0.809342 0.112134 0.11183 0.00181288
6 0.811582 0.933321 0.112244 0.111749 0.00179946
4 0.936468 0.80962 0.112018 0.111481 0.00178436
7 0.563956 0.0649849 0.112657 0.114 0.001778
10 0.687724 0.933602 0.111361 0.113291 0.00177657
4 0.563229 0.933631 0.111865 0.113684 0.00175772
6 0.811884 0.313803 0.113125 0.1121 0.00173824
7 0.439736 0.684744 0.112823 0.112466 0.00172365
9 0.19158 0.685646 0.111933 0.111914 0.00170399
10 0.687517 0.809868 0.111287 0.111725 0.00170128
4 0.440296 0.0645414 0.112168 0.113783 0.00169918
3 0.56305 0.436599 0.1115 0.110515 0.00169841
6 0.936534 0.313256 0.113913 0.113055 0.00168209
10 0.191202 0.685417 0.111985 0.111646 0.00163025
7 0.935782 0.0647449 0.111291 0.112256 0.00161647
5 0.31558 0.189088 0.112924 0.112582 0.00160529
10 0.0665316 0.934461 0.113838 0.113778 0.00158363
7 0.191718 0.809017 0.11309 0.113323 0.00157531
1 0.19127 0.188944 0.111431 0.111719 0.00157239
12 0.563892 0.31353 0.111987 0.112133 0.00155664
13 0.0672709 0.560992 0.1135 0.114542 0.00155216
12 0.0672709 0.560992 0.1135 0.114542 0.00154841
7 0.811499 0.06425 0.111153 0.113063 0.00149382
9 0.93644 0.437757 0.111051 0.111756 0.00147778
11 0.686781 0.810165 0.112153 0.110003 0.00147544
6 0.9361 0.933815 0.112506 0.113746 0.00144933
1 0.191875 0.933454 0.111788 0.113259 0.00144805
4 0.315857 0.68545 0.111737 0.112254 0.00144763
12 0.191875 0.933454 0.111788 0.113259 0.00143444
4 0.563688 0.437812 0.111084 0.110107 0.00143355
11 0.439294 0.188774 0.112042 0.112359 0.00143269
12 0.440277 0.685085 0.112085 0.112629 0.00143109
3 0.191777 0.56107 0.110767 0.112537 0.00141495
2 0.936635 0.561757 0.112043 0.112712 0.00140119
2 0.813048 0.562113 0.111982 0.112603 0.00138998
1 0.315012 0.561475 0.112691 0.112465 0.00136115
8 0.688014 0.313172 0.111041 0.112411 0.00135819
5 0.191237 0.313342 0.111874 0.11119 0.00135784
4 0.191235 0.437574 0.113032 0.111913 0.00135298
3 0.439646 0.437153 0.112839 0.113003 0.00134791
13 0.81143 0.0647397 0.111839 0.112706 0.00132978
1 0.563372 0.561308 0.11259 0.112744 0.00132215
5 0.68814 0.685484 0.112974 0.111849 0.00131529
2 0.56352 0.437453 0.111771 0.111969 0.00130028
4 0.0666178 0.437086 0.113393 0.112642 0.00129806
12 0.191624 0.313192 0.111892 0.112785 0.001298
4 0.688195 0.188725 0.112221 0.112405 0.00129598
9 0.563989 0.560997 0.112148 0.113343 0.00127239
6 0.191364 0.437884 0.110738 0.113075 0.00125149
4 0.812479 0.808972 0.113045 0.113216 0.00124649
7 0.935781 0.313104 0.111201 0.112093 0.00124233
11 0.0665557 0.313271 0.113795 0.112993 0.0012419
12 0.68814 0.685484 0.112974 0.111849 0.00119898
10 0.0665557 0.313271 0.113795 0.112993 0.00119852
6 0.935786 0.0652666 0.113692 0.11392 0.00118906
6 0.688137 0.188874 0.112572 0.113998 0.0011865
4 0.4397 0.561082 0.112267 0.113356 0.00116316
1 0.687697 0.685603 0.111637 0.112098 0.00113505
4 0.68809 0.685412 0.112088 0.112406 0.00113278
1 0.563646 0.685715 0.111959 0.112543 0.00112513
13 0.686939 0.188912 0.11363 0.111763 0.00112463
3 0.81151 0.189229 0.112961 0.112907 0.00112121
7 0.936213 0.685393 0.110766 0.114382 0.00111643
4 0.564073 0.313048 0.11235 0.113229 0.00111554
4 0.439664 0.313501 0.110966 0.111232 0.00109966
0 0.191777 0.56107 0.110767 0.112537 0.00109522
13 0.811638 0.809565 0.112217 0.113491 0.00109033
5 0.191742 0.809152 0.11216 0.112159 0.00108847
12 0.439613 0.0647632 0.112969 0.111759 0.00108659
12 0.192051 0.809313 0.112896 0.11342 0.00107904
0 0.813041 0.3133 0.108582 0.111529 0.00107295
4 0.192118 0.0646224 0.112172 0.112197 0.00105783
2 0.563581 0.685572 0.111671 0.112655 0.00105661
4 0.315347 0.437592 0.112682 0.112395 0.00104827
1 0.191422 0.0644595 0.112045 0.112642 0.00104744
6 0.316109 0.437956 0.111448 0.112982 0.00102622
2 0.563577 0.56131 0.111757 0.112436 0.00102105
3 0.439456 0.313327 0.11148 0.111408 0.00100783
2 0.563482 0.189208 0.112715 0.112596 0.00100731
11 0.688111 0.437394 0.113608 0.11319 0.00100718
10 0.191364 0.437884 0.110738 0.113075 0.00100081
