7 0.314928 0.0650113 0.111307 0.111546 0.986261
6 0.315523 0.809244 0.112537 0.112396 0.985955
12 0.315773 0.933932 0.11138 0.113087 0.985679
9 0.563209 0.809611 0.111769 0.113242 0.985554
4 0.0673962 0.685268 0.113432 0.113351 0.985321
9 0.191201 0.685022 0.111598 0.112119 0.985185
3 0.315469 0.561483 0.111305 0.113497 0.984883
9 0.315144 0.437548 0.111275 0.112666 0.984609
7 0.0668077 0.437766 0.113297 0.112502 0.984608
13 0.190992 0.809363 0.111774 0.112202 0.98454
3 0.0671829 0.934119 0.113142 0.114614 0.984224
2 0.687634 0.809761 0.112103 0.112943 0.984101
5 0.563453 0.934283 0.110706 0.112562 0.983874
13 0.439308 0.685314 0.112017 0.112988 0.983624
9 0.315274 0.313626 0.111435 0.113188 0.983562
9 0.191732 0.188988 0.111848 0.112762 0.983537
5 0.687666 0.933961 0.111677 0.112684 0.983417
3 0.936296 0.809593 0.113679 0.113189 0.983321
11 0.315614 0.686082 0.111041 0.111308 0.983142
13 0.812116 0.809571 0.11315 0.112987 0.983114
7 0.190958 0.561485 0.113015 0.112099 0.982874
1 0.439447 0.809669 0.112118 0.112884 0.982783
5 0.0671897 0.0647087 0.11266 0.111903 0.982627
6 0.0673542 0.561695 0.11327 0.112194 0.982407
11 0.439188 0.0650666 0.110789 0.111435 0.982374
11 0.191158 0.0646668 0.111068 0.111573 0.982264
3 0.563402 0.685287 0.112742 0.113053 0.982151
10 0.0669775 0.313389 0.112418 0.112128 0.98177
13 0.0675774 0.809507 0.11265 0.112792 0.981694
10 0.0670798 0.18889 0.112353 0.112662 0.981576
10 0.812012 0.933847 0.111157 0.113494 0.981152
11 0.191298 0.313754 0.111705 0.111829 0.981042
2 0.191098 0.933626 0.113249 0.113741 0.980564
4 0.81226 0.0650351 0.113562 0.114408 0.980278
12 0.563737 0.0647696 0.110991 0.113023 0.980274
11 0.439699 0.437142 0.112046 0.112949 0.980039
13 0.811924 0.685434 0.112827 0.112288 0.980015
5 0.440036 0.561695 0.111295 0.112512 0.979787
9 0.4391 0.189006 0.112151 0.113454 0.979739
9 0.687846 0.313579 0.111841 0.111809 0.979706
9 0.563369 0.437662 0.111994 0.11223 0.979682
4 0.563568 0.188529 0.11262 0.113768 0.979588
4 0.687729 0.188489 0.113355 0.113995 0.979459
5 0.439331 0.313147 0.11177 0.11252 0.979441
3 0.562952 0.313457 0.111998 0.112261 0.979324
10 0.687845 0.685198 0.111413 0.112007 0.979051
13 0.811865 0.437182 0.112665 0.112832 0.978902
11 0.812212 0.312972 0.112242 0.112906 0.978746
1 0.68783 0.0642575 0.112113 0.113539 0.978677
12 0.936352 0.437072 0.113382 0.112702 0.97854
8 0.190961 0.437184 0.111763 0.111737 0.978365
2 0.687384 0.437396 0.111649 0.111739 0.978363
3 0.812196 0.188735 0.112269 0.113854 0.978243
8 0.315144 0.189056 0.112242 0.111941 0.978184
11 0.935926 0.0652311 0.113336 0.112948 0.978076
13 0.936301 0.68567 0.113119 0.112871 0.977935
2 0.812194 0.561481 0.11309 0.114174 0.97779
13 0.936479 0.561652 0.113453 0.113316 0.977691
8 0.687834 0.561243 0.111786 0.113439 0.977582
7 0.936458 0.188828 0.11277 0.113495 0.977401
8 0.93544 0.934181 0.111327 0.112227 0.976958
7 0.936679 0.313086 0.113098 0.113054 0.976916
8 0.439534 0.933866 0.112651 0.113682 0.976869
8 0.563438 0.561276 0.111205 0.111878 0.976859
2 0.563896 0.561154 0.111873 0.112231 0.0219918
2 0.31523 0.188843 0.111395 0.112268 0.0199141
2 0.687876 0.560986 0.11169 0.111893 0.018373
2 0.190722 0.437058 0.11147 0.112084 0.0181457
4 0.688365 0.68536 0.111782 0.11227 0.0127046
13 0.0666092 0.187999 0.112351 0.112653 0.00882858
12 0.936019 0.685753 0.112049 0.112564 0.0079966
3 0.191657 0.685433 0.110228 0.111938 0.00797024
12 0.811396 0.809944 0.111655 0.112786 0.0072952
5 0.439731 0.0650098 0.111551 0.112008 0.00716654
2 0.439125 0.933747 0.112433 0.113792 0.00709965
5 0.935768 0.0654728 0.112279 0.112115 0.00635044
12 0.811385 0.68573 0.110985 0.1123 0.00621207
4 0.0665982 0.31343 0.111347 0.111822 0.00605203
1 0.687426 0.437904 0.11007 0.111818 0.00512183
5 0.811538 0.561452 0.114182 0.113192 0.00502536
10 0.811619 0.312889 0.111047 0.111586 0.00492631
0 0.688157 0.0634196 0.111773 0.113166 0.00485553
7 0.688295 0.68542 0.112741 0.113488 0.00480001
4 0.0666461 0.188815 0.112323 0.112179 0.00475194
5 0.43952 0.436967 0.11187 0.111955 0.00432241
1 0.812543 0.0647919 0.112975 0.114978 0.00419934
10 0.687561 0.933892 0.111407 0.111347 0.00414355
12 0.936132 0.188976 0.113333 0.11376 0.00401369
2 0.936017 0.933899 0.112943 0.113308 0.00398757
12 0.936211 0.313228 0.112995 0.113944 0.00388075
4 0.811962 0.934061 0.110655 0.113537 0.00388057
13 0.687664 0.685277 0.111354 0.112175 0.00386123
2 0.688246 0.933133 0.112805 0.114205 0.00385555
0 0.688069 0.313292 0.111122 0.112445 0.00379067
5 0.812607 0.312594 0.111614 0.112048 0.00377117
12 0.439459 0.685164 0.112115 0.112242 0.00362337
12 0.191367 0.809405 0.111604 0.111641 0.0034694
13 0.93626 0.18867 0.111218 0.11155 0.00339968
7 0.811692 0.932933 0.11157 0.111936 0.00325928
12 0.315532 0.31356 0.112363 0.112857 0.00325911
5 0.686851 0.437444 0.114938 0.111776 0.00325899
3 0.688023 0.809152 0.111237 0.112526 0.00311197
7 0.067375 0.31349 0.113343 0.112187 0.00310991
2 0.6881 0.0644284 0.111386 0.112444 0.0031062
12 0.936134 0.561702 0.112222 0.113708 0.00304051
1 0.563651 0.188994 0.112355 0.113945 0.00296148
5 0.191192 0.0645971 0.111672 0.111541 0.00286811
1 0.687652 0.189134 0.113136 0.114517 0.0027999
12 0.687977 0.313521 0.110994 0.111949 0.0027857
12 0.0669485 0.809283 0.112372 0.11225 0.00277409
12 0.0668773 0.436529 0.112787 0.113156 0.00277283
12 0.811346 0.437091 0.111544 0.11261 0.00273621
1 0.066957 0.684941 0.115033 0.114071 0.00271411
12 0.191437 0.189181 0.112514 0.113114 0.00257118
5 0.811776 0.934124 0.112217 0.112434 0.00251965
5 0.31514 0.685637 0.112243 0.112026 0.00251891
3 0.066767 0.561121 0.114409 0.112578 0.00245074
4 0.0664659 0.437195 0.114685 0.111992 0.00244996
5 0.68819 0.809669 0.11248 0.113635 0.00242164
12 0.315921 0.436652 0.110196 0.111742 0.00235651
11 0.688227 0.933497 0.113104 0.113861 0.00230864
3 0.316215 0.809299 0.111833 0.112439 0.00214629
1 0.68819 0.809669 0.11248 0.113635 0.00213525
11 0.438712 0.933712 0.111609 0.111337 0.00212115
3 0.56404 0.436748 0.111115 0.111535 0.00209728
10 0.936142 0.0650599 0.112143 0.112049 0.00202052
12 0.191684 0.685058 0.111397 0.112295 0.00201383
7 0.68733 0.188985 0.112041 0.112683 0.00200068
3 0.811904 0.561609 0.112861 0.112542 0.00199594
13 0.0662014 0.312792 0.112515 0.112767 0.00196855
1 0.812188 0.561471 0.113025 0.113817 0.00196214
3 0.31543 0.313598 0.111838 0.113092 0.00196078
3 0.688103 0.313519 0.112032 0.113151 0.00196048
5 0.688058 0.685449 0.112541 0.111769 0.00195503
12 0.563665 0.438031 0.110364 0.112576 0.00193253
3 0.191098 0.933626 0.113249 0.113741 0.00191858
7 0.811638 0.0637447 0.113075 0.115213 0.00191639
12 0.439235 0.189139 0.112386 0.112413 0.00191005
9 0.439644 0.437463 0.111756 0.112019 0.0018993
6 0.81156 0.0645141 0.113873 0.113781 0.00189362
11 0.191036 0.437197 0.112874 0.112712 0.00189119
11 0.564021 0.561128 0.111556 0.113627 0.00187059
7 0.0673678 0.188872 0.113396 0.113081 0.00185354
0 0.563396 0.437349 0.110917 0.111748 0.00182714
7 0.936932 0.561158 0.111756 0.112844 0.00179789
6 0.936092 0.810001 0.111176 0.1135 0.00179688
12 0.688058 0.685449 0.112541 0.111769 0.00178981
3 0.315921 0.436652 0.110196 0.111742 0.00177358
8 0.688122 0.437369 0.111218 0.112886 0.00176602
5 0.191608 0.313502 0.11199 0.110812 0.00175878
7 0.811406 0.809427 0.113322 0.112713 0.00168414
10 0.191296 0.313438 0.110966 0.111462 0.00168349
13 0.0671316 0.43656 0.112864 0.114234 0.0016747
0 0.31559 0.436752 0.10976 0.113027 0.00166165
3 0.687972 0.437525 0.112377 0.112453 0.00164906
6 0.936149 0.437184 0.112941 0.112012 0.00164898
1 0.936381 0.809873 0.111923 0.112365 0.00164516
6 0.81163 0.189267 0.110896 0.112865 0.00160321
12 0.811594 0.188956 0.11204 0.112848 0.00158838
4 0.936126 0.313757 0.113684 0.112489 0.00155218
4 0.688023 0.809152 0.111237 0.112526 0.00154109
3 0.563209 0.809611 0.111769 0.113242 0.00153755
9 0.936307 0.80945 0.112627 0.113884 0.00147508
0 0.31543 0.313598 0.111838 0.113092 0.00147117
10 0.439665 0.436831 0.111456 0.111154 0.00143665
3 0.191437 0.189181 0.112514 0.113114 0.00141872
6 0.0674065 0.437947 0.112657 0.113195 0.00139844
2 0.563585 0.685266 0.110859 0.112267 0.00139409
13 0.936485 0.436561 0.111219 0.11349 0.00139074
13 0.811998 0.933866 0.111414 0.11141 0.00138196
12 0.936092 0.810001 0.111176 0.1135 0.00137573
12 0.19121 0.561134 0.110827 0.112499 0.001372
4 0.191189 0.561313 0.112304 0.112154 0.00136997
1 0.314971 0.561285 0.112525 0.112524 0.00136775
8 0.688069 0.313292 0.111122 0.112445 0.00136676
7 0.936126 0.685374 0.111606 0.113222 0.00136324
7 0.811919 0.436724 0.112829 0.113012 0.00133591
2 0.563651 0.188994 0.112355 0.113945 0.00132437
11 0.9359 0.933998 0.111159 0.113628 0.00131996
11 0.688099 0.561441 0.111254 0.113615 0.00131837
12 0.811776 0.934124 0.112217 0.112434 0.00130904
9 0.811523 0.312698 0.111889 0.111469 0.00129275
4 0.439535 0.80953 0.111703 0.112287 0.00128662
6 0.315862 0.933951 0.11086 0.112597 0.00128555
6 0.936119 0.312983 0.113391 0.1137 0.00128473
1 0.191181 0.933356 0.113578 0.113131 0.00127607
0 0.439647 0.809604 0.112026 0.113053 0.0012747
9 0.812988 0.189681 0.110185 0.110686 0.0012492
8 0.563451 0.437533 0.111535 0.111962 0.00122712
12 0.564098 0.809789 0.112554 0.1132 0.00119133
7 0.811924 0.685434 0.112827 0.112288 0.00118563
7 0.93658 0.436525 0.112365 0.113085 0.00118091
10 0.563372 0.93415 0.111341 0.111768 0.00117735
0 0.563635 0.809306 0.112293 0.112044 0.00116979
12 0.315195 0.0646911 0.112744 0.111718 0.00116628
4 0.935775 0.189405 0.114002 0.113312 0.00116422
1 0.563579 0.685478 0.112084 0.112654 0.00114576
11 0.315078 0.188914 0.112025 0.111789 0.00113829
13 0.191296 0.313438 0.110966 0.111462 0.00112501
10 0.315488 0.685379 0.111991 0.111852 0.00112162
8 0.688196 0.809689 0.111632 0.112543 0.00110612
7 0.066957 0.684941 0.115033 0.114071 0.0010967
10 0.190784 0.0649284 0.110921 0.110812 0.00109091
2 0.0666993 0.933757 0.115263 0.114638 0.00108361
12 0.563335 0.313397 0.111599 0.112397 0.00107757
0 0.688099 0.561441 0.111254 0.113615 0.001065
2 0.812543 0.0647919 0.112975 0.114978 0.00106454
0 0.191293 0.189236 0.111902 0.11379 0.00105466
2 0.563438 0.313364 0.112206 0.112637 0.00104276
4 0.687972 0.437525 0.112377 0.112453 0.00104189
10 0.0669338 0.809747 0.112468 0.112347 0.00103902
10 0.0663224 0.0650196 0.112416 0.111018 0.00103528
9 0.563938 0.685245 0.111849 0.113182 0.00103499
7 0.0673383 0.809549 0.113808 0.113324 0.00102774
10 0.93641 0.313416 0.112218 0.113716 0.00102248
6 0.563678 0.313455 0.111985 0.1126 0.00102025
2 0.687652 0.189134 0.113136 0.114517 0.00100856
10 0.439188 0.0650666 0.110789 0.111435 0.00100009
