9 0.563763 0.933927 0.112101 0.114102 0.98794
9 0.315169 0.0649888 0.111817 0.112713 0.987355
9 0.563485 0.809754 0.112146 0.113488 0.987114
10 0.191934 0.809464 0.112335 0.112763 0.985877
7 0.43922 0.0653976 0.111822 0.113057 0.985588
2 0.439409 0.80981 0.112619 0.113012 0.984953
6 0.315703 0.933889 0.112658 0.113245 0.984815
3 0.687121 0.809973 0.11274 0.113592 0.984624
7 0.936051 0.809535 0.112402 0.112231 0.98429
10 0.811779 0.933937 0.113236 0.113379 0.984127
5 0.315961 0.561342 0.110592 0.112163 0.98408
9 0.0672826 0.0649952 0.112894 0.11237 0.983939
7 0.191726 0.933677 0.111784 0.113013 0.983682
1 0.315606 0.6853 0.111775 0.11191 0.983651
9 0.315484 0.18894 0.111781 0.112767 0.983516
10 0.0673244 0.934003 0.113801 0.113619 0.983505
12 0.935753 0.685553 0.11363 0.113343 0.983349
4 0.687619 0.933943 0.112209 0.114054 0.98323
2 0.439251 0.685453 0.112422 0.112651 0.983192
10 0.315095 0.313187 0.112594 0.112091 0.983137
3 0.0674896 0.561581 0.112514 0.113255 0.983099
7 0.0672864 0.437216 0.113357 0.113378 0.982989
3 0.315465 0.437646 0.11165 0.113319 0.982877
4 0.191507 0.0648117 0.1128 0.113126 0.982811
6 0.0674867 0.685478 0.111814 0.111465 0.982786
13 0.191236 0.56114 0.112582 0.113736 0.982773
7 0.811827 0.809884 0.112357 0.11229 0.982546
11 0.562995 0.0651681 0.111679 0.113418 0.98241
11 0.190984 0.313385 0.11194 0.112433 0.982355
6 0.191458 0.189069 0.111519 0.11252 0.982338
5 0.688008 0.0650695 0.111485 0.112968 0.982198
0 0.439775 0.933792 0.112477 0.113433 0.9818
13 0.439373 0.436813 0.112048 0.111893 0.98156
5 0.811875 0.685625 0.11183 0.112313 0.981226
11 0.93567 0.933576 0.112938 0.113735 0.9811
2 0.0672312 0.313076 0.112133 0.112233 0.981081
2 0.191007 0.436945 0.111536 0.111805 0.98092
1 0.563609 0.685236 0.112192 0.112865 0.98052
5 0.439098 0.189093 0.112175 0.113493 0.980377
12 0.687653 0.188779 0.112053 0.112206 0.979756
5 0.563302 0.437392 0.111793 0.112381 0.97942
0 0.315408 0.80935 0.112823 0.112584 0.979415
12 0.439883 0.560888 0.111976 0.113626 0.97933
13 0.811962 0.313272 0.1126 0.113479 0.979321
3 0.563057 0.3135 0.111491 0.111825 0.9793
9 0.439676 0.313337 0.111567 0.112799 0.979239
4 0.687892 0.312925 0.112464 0.112947 0.979208
11 0.811805 0.0650193 0.112393 0.113493 0.979097
2 0.687644 0.685585 0.112014 0.112221 0.979093
0 0.1909 0.684849 0.112063 0.112046 0.979027
13 0.935991 0.561477 0.113271 0.1131 0.978835
3 0.687749 0.437382 0.111621 0.112246 0.978834
11 0.563212 0.189158 0.111595 0.114257 0.978796
9 0.812016 0.18864 0.112059 0.112741 0.978713
2 0.687976 0.561148 0.112688 0.113035 0.978183
9 0.81199 0.437539 0.112016 0.11219 0.978149
9 0.936311 0.313714 0.111383 0.112178 0.978112
4 0.936521 0.18831 0.112917 0.113298 0.978006
2 0.812 0.561223 0.112245 0.113199 0.97777
2 0.936265 0.436842 0.112756 0.113486 0.977599
8 0.563751 0.561541 0.111911 0.112492 0.977306
8 0.935847 0.0647165 0.110479 0.112211 0.976558
8 0.0673223 0.189079 0.111735 0.112796 0.975532
0 0.0670865 0.809541 0.112431 0.112805 0.975191
1 0.0670791 0.809385 0.112904 0.112627 0.017648
2 0.935359 0.0648719 0.113808 0.114271 0.0129443
2 0.0666625 0.189127 0.11329 0.112796 0.0104748
2 0.563783 0.561263 0.112011 0.112802 0.00936175
3 0.936166 0.313438 0.1122 0.113693 0.00821105
12 0.936312 0.313537 0.112193 0.112914 0.005921
7 0.191508 0.064683 0.111125 0.111681 0.0053963
10 0.811648 0.0647437 0.11034 0.11281 0.00497829
4 0.315502 0.313246 0.111013 0.11353 0.00447677
6 0.439578 0.561178 0.111932 0.113414 0.00422811
10 0.93599 0.933488 0.11181 0.113532 0.00405952
6 0.687722 0.189627 0.111408 0.113241 0.00396756
12 0.439202 0.313652 0.112409 0.112611 0.00390607
3 0.315999 0.933896 0.111295 0.112662 0.00384718
12 0.812075 0.188981 0.112239 0.112193 0.00368751
12 0.812837 0.436648 0.111246 0.112873 0.003436
12 0.811488 0.809601 0.112661 0.113543 0.00338138
7 0.688086 0.933803 0.111315 0.111835 0.00331098
3 0.811571 0.437615 0.110701 0.112353 0.00316887
7 0.687647 0.313165 0.111186 0.111586 0.00308878
7 0.935979 0.188442 0.111381 0.111766 0.00303932
10 0.68769 0.313463 0.110682 0.113628 0.00296928
1 0.191507 0.0648117 0.1128 0.113126 0.00291522
3 0.81154 0.189366 0.111456 0.112075 0.00288831
5 0.563321 0.189501 0.111779 0.11283 0.00284101
1 0.936228 0.188612 0.112374 0.11366 0.00281654
12 0.68788 0.809614 0.11206 0.11275 0.00281461
9 0.935535 0.933798 0.110993 0.111829 0.0027098
0 0.813113 0.437396 0.110917 0.112282 0.00270737
6 0.811536 0.809311 0.111921 0.113426 0.00269554
5 0.811456 0.561343 0.113171 0.113046 0.00269029
4 0.0668571 0.933127 0.114269 0.11381 0.00267627
1 0.687889 0.313242 0.112499 0.112163 0.00257346
10 0.191716 0.313337 0.111612 0.111894 0.00253181
12 0.315101 0.189114 0.112533 0.112491 0.00251701
2 0.688157 0.809839 0.112729 0.112445 0.00247481
7 0.811702 0.933013 0.112445 0.111853 0.00241678
3 0.191458 0.189069 0.111519 0.11252 0.00241348
1 0.0673994 0.313526 0.111517 0.112792 0.00239734
9 0.688178 0.437627 0.110999 0.111795 0.00239567
8 0.688147 0.561376 0.111232 0.112561 0.00236892
0 0.688047 0.189259 0.111861 0.114732 0.00235161
0 0.81298 0.189067 0.11215 0.112418 0.00233077
9 0.688157 0.809839 0.112729 0.112445 0.0023106
5 0.688132 0.685331 0.113229 0.113736 0.00229113
2 0.687714 0.313098 0.111208 0.113191 0.00228193
1 0.190828 0.684762 0.112063 0.112904 0.00225948
3 0.0674867 0.685478 0.111814 0.111465 0.00218054
3 0.191016 0.437244 0.112661 0.112082 0.00215243
2 0.936228 0.188612 0.112374 0.11366 0.00212082
13 0.811623 0.933346 0.112272 0.112034 0.00210951
1 0.936437 0.436587 0.110765 0.112992 0.00205369
11 0.811591 0.685168 0.112562 0.112536 0.00202383
8 0.688138 0.685452 0.111273 0.112398 0.00200931
12 0.687749 0.437382 0.111621 0.112246 0.0020085
1 0.315625 0.809447 0.112075 0.113137 0.00197885
11 0.0670738 0.189135 0.112488 0.112336 0.00195991
3 0.812228 0.56135 0.11199 0.113421 0.00194875
13 0.190984 0.313385 0.11194 0.112433 0.00193709
1 0.688136 0.561337 0.11318 0.113754 0.00193149
5 0.563426 0.0650973 0.111683 0.113133 0.00193008
13 0.191273 0.809448 0.112019 0.112509 0.00188519
12 0.315089 0.0648721 0.112628 0.112376 0.00187172
4 0.0677808 0.437985 0.111439 0.113209 0.0018439
12 0.935977 0.809551 0.113103 0.113509 0.00183697
6 0.935974 0.809329 0.112221 0.113213 0.00182523
9 0.811551 0.0645949 0.110961 0.112514 0.00182453
10 0.439172 0.188927 0.111887 0.112444 0.00180573
11 0.56312 0.436516 0.110846 0.111802 0.00180235
13 0.935575 0.933511 0.113151 0.113522 0.00180145
12 0.0673317 0.0648226 0.113185 0.112913 0.00178597
2 0.688178 0.437627 0.110999 0.111795 0.00178469
6 0.0673408 0.437904 0.110672 0.113585 0.00178466
0 0.93611 0.0646999 0.111566 0.112422 0.00177048
5 0.936015 0.436865 0.113218 0.114789 0.00176419
4 0.811488 0.809601 0.112661 0.113543 0.0017617
5 0.688136 0.561337 0.11318 0.113754 0.00175419
1 0.0673163 0.685494 0.1132 0.112839 0.00174949
13 0.81169 0.0653582 0.112167 0.113392 0.00173472
3 0.688136 0.56108 0.110835 0.112736 0.00172437
4 0.936349 0.809102 0.111927 0.112163 0.00171687
4 0.563805 0.685062 0.111756 0.111758 0.00171541
3 0.0666751 0.313142 0.113214 0.113086 0.00170987
1 0.688132 0.685331 0.113229 0.113736 0.00169202
6 0.688058 0.437987 0.112043 0.11244 0.00169146
13 0.563321 0.189501 0.111779 0.11283 0.00168168
12 0.191217 0.560691 0.111175 0.111661 0.00166325
2 0.688234 0.0647075 0.112168 0.112737 0.00164689
4 0.191435 0.808835 0.112925 0.113177 0.00164005
4 0.191825 0.933646 0.111355 0.112709 0.00163562
13 0.563426 0.0650973 0.111683 0.113133 0.00163333
11 0.936206 0.0646049 0.114038 0.113913 0.00162501
11 0.563631 0.561239 0.111144 0.113945 0.00162239
3 0.688076 0.685127 0.110587 0.112352 0.00161579
10 0.563275 0.189162 0.110855 0.112807 0.00159255
1 0.68786 0.933673 0.111555 0.112391 0.00158294
5 0.81169 0.0653582 0.112167 0.113392 0.00157963
2 0.813072 0.684971 0.114078 0.115312 0.00156571
12 0.563695 0.809231 0.112516 0.112445 0.00155775
3 0.936206 0.437195 0.112975 0.113811 0.00153096
10 0.687709 0.0646359 0.111411 0.111954 0.00150532
5 0.439402 0.809774 0.113409 0.112054 0.00147425
3 0.439251 0.685453 0.112422 0.112651 0.00145853
6 0.936276 0.685221 0.111605 0.112542 0.00145448
10 0.687619 0.933943 0.112209 0.114054 0.00144958
1 0.191059 0.436662 0.110035 0.112902 0.00143697
8 0.811557 0.561209 0.111778 0.113996 0.00141914
10 0.936038 0.188705 0.112057 0.113937 0.0014053
3 0.439409 0.80981 0.112619 0.113012 0.00139815
12 0.564268 0.933368 0.112597 0.114253 0.00139448
5 0.93562 0.933689 0.113336 0.113369 0.00139427
1 0.0668927 0.561273 0.112559 0.112006 0.00139269
4 0.315606 0.6853 0.111775 0.11191 0.00138793
2 0.563393 0.437166 0.111874 0.112347 0.00135154
4 0.812606 0.933897 0.111495 0.112943 0.00134477
6 0.31572 0.437982 0.113026 0.112451 0.00131931
1 0.19189 0.188836 0.112198 0.112735 0.00130861
7 0.8119 0.313965 0.112529 0.113918 0.00130623
0 0.563805 0.685062 0.111756 0.111758 0.00130308
1 0.688104 0.809646 0.111962 0.112205 0.00129555
0 0.43919 0.313689 0.111997 0.112313 0.00129345
10 0.562995 0.0651681 0.111679 0.113418 0.00128683
7 0.191553 0.189094 0.111939 0.111687 0.00128546
0 0.56377 0.80929 0.112677 0.112456 0.00126849
4 0.688234 0.0647075 0.112168 0.112737 0.00125309
13 0.31453 0.312743 0.111924 0.11232 0.00124691
10 0.811525 0.313517 0.113073 0.114177 0.00122886
10 0.935821 0.561183 0.110718 0.111913 0.00122507
1 0.439464 0.684999 0.112742 0.112734 0.00121201
7 0.315137 0.313239 0.112003 0.113125 0.00121084
8 0.0666751 0.313142 0.113214 0.113086 0.00120085
8 0.812994 0.064881 0.110782 0.114255 0.00118599
10 0.0673408 0.437904 0.110672 0.113585 0.00118418
12 0.315208 0.436961 0.111556 0.112398 0.00116556
1 0.8122 0.561086 0.112607 0.112875 0.00115902
3 0.439353 0.313779 0.112056 0.113652 0.00115017
9 0.31543 0.436687 0.111461 0.112519 0.00113826
0 0.935753 0.685553 0.11363 0.113343 0.00113429
1 0.439653 0.80931 0.113197 0.112908 0.00112536
5 0.688184 0.809673 0.113675 0.11265 0.00112168
5 0.439161 0.68542 0.112746 0.112085 0.00111522
3 0.31529 0.56123 0.112143 0.113005 0.00111241
6 0.0668927 0.561273 0.112559 0.112006 0.00110807
6 0.191508 0.064683 0.111125 0.111681 0.0011039
7 0.0669793 0.933084 0.113709 0.113285 0.00110039
0 0.315048 0.189155 0.112231 0.112438 0.00110012
5 0.0665843 0.313312 0.112545 0.112105 0.0010997
2 0.3151 0.561029 0.112211 0.112539 0.00108262
8 0.191061 0.313034 0.112897 0.113102 0.00108116
3 0.563855 0.809955 0.111779 0.113114 0.0010644
1 0.563057 0.3135 0.111491 0.111825 0.00105738
3 0.439545 0.561071 0.112054 0.114012 0.00104803
11 0.686865 0.0651506 0.109354 0.111655 0.00104568
8 0.439151 0.685395 0.110486 0.111663 0.00103953
9 0.43952 0.436673 0.11004 0.112828 0.00102192
13 0.0669145 0.933574 0.112635 0.1126 0.00101518
11 0.811557 0.561209 0.111778 0.113996 0.00101511
12 0.439362 0.436945 0.111383 0.112629 0.00100957
