3 0.563438 0.934149 0.112998 0.11461 0.987611
9 0.439233 0.933828 0.112129 0.113763 0.987251
8 0.56367 0.809595 0.111948 0.112558 0.985651
4 0.31553 0.809747 0.113031 0.112344 0.985598
7 0.687967 0.933686 0.112652 0.113617 0.985406
4 0.315735 0.934313 0.112345 0.112799 0.985086
13 0.439166 0.0652207 0.111668 0.113248 0.984864
7 0.067094 0.313608 0.112758 0.112645 0.984785
13 0.190636 0.0651172 0.112115 0.112596 0.984689
3 0.315766 0.685279 0.113147 0.113253 0.984374
1 0.191512 0.809512 0.11166 0.112185 0.983833
3 0.19224 0.685602 0.111792 0.112979 0.983752
5 0.936184 0.934669 0.112254 0.112651 0.983619
5 0.0674915 0.561832 0.112445 0.112718 0.983617
11 0.936171 0.810075 0.113106 0.113234 0.983613
13 0.315561 0.313881 0.112373 0.112781 0.983184
3 0.0675935 0.437621 0.112546 0.113344 0.982982
4 0.688134 0.809661 0.112322 0.112852 0.982845
6 0.067353 0.188681 0.113063 0.113351 0.982832
9 0.190976 0.189066 0.112705 0.113654 0.98273
3 0.192052 0.561671 0.111544 0.112805 0.982593
6 0.563175 0.064769 0.111618 0.113598 0.982565
1 0.439573 0.809348 0.112218 0.113138 0.982513
6 0.191423 0.437416 0.111649 0.112876 0.982403
1 0.812385 0.933557 0.112034 0.113272 0.982391
8 0.191357 0.934004 0.112888 0.112781 0.98226
3 0.316009 0.561788 0.111898 0.113074 0.982193
10 0.687938 0.0652783 0.110965 0.112528 0.981591
6 0.563811 0.685111 0.111344 0.113073 0.981453
2 0.06739 0.809564 0.112854 0.113402 0.981384
1 0.191135 0.313321 0.111946 0.112198 0.981143
8 0.31499 0.437245 0.111856 0.112591 0.981003
11 0.315255 0.18878 0.112138 0.112744 0.980869
12 0.811651 0.0656238 0.111653 0.113133 0.980821
4 0.0674863 0.685183 0.113447 0.113126 0.980748
12 0.0669934 0.0649071 0.111425 0.113099 0.980655
7 0.439371 0.189121 0.112768 0.112608 0.980558
11 0.315478 0.0647075 0.111513 0.112569 0.980547
7 0.936037 0.189064 0.113238 0.113431 0.980465
11 0.0671934 0.933366 0.111977 0.113581 0.980357
11 0.935843 0.685828 0.113389 0.11301 0.980229
10 0.5636 0.43718 0.111792 0.113736 0.98011
4 0.439336 0.561045 0.112508 0.112768 0.98004
10 0.563481 0.31294 0.111945 0.113864 0.979986
2 0.936003 0.06537 0.112947 0.112839 0.979901
9 0.439103 0.313256 0.111504 0.114123 0.979693
9 0.812092 0.437071 0.112171 0.11353 0.97915
10 0.812511 0.809109 0.112189 0.113817 0.979076
12 0.439668 0.437448 0.112071 0.111688 0.978965
4 0.688067 0.685057 0.113416 0.113919 0.978961
6 0.687953 0.313001 0.112638 0.113374 0.978901
10 0.936629 0.312854 0.11305 0.114059 0.978874
0 0.563544 0.561234 0.112161 0.113759 0.978868
0 0.43933 0.685051 0.111962 0.112355 0.9788
1 0.563438 0.188977 0.112103 0.113101 0.978683
6 0.936745 0.561242 0.113607 0.113409 0.978628
7 0.687871 0.56124 0.112242 0.11365 0.978496
1 0.812007 0.18883 0.112602 0.112671 0.978458
4 0.812432 0.561103 0.112905 0.113063 0.978399
2 0.687464 0.43728 0.111422 0.111664 0.978292
11 0.68751 0.188785 0.11245 0.113625 0.978116
0 0.936101 0.436965 0.113182 0.112085 0.978077
2 0.811944 0.685497 0.112346 0.112885 0.977862
8 0.812167 0.312849 0.112276 0.113235 0.977183
3 0.687857 0.437842 0.112968 0.113026 0.0274936
9 0.811529 0.313995 0.113251 0.112818 0.0115953
10 0.686833 0.189022 0.112057 0.112543 0.00971996
10 0.31501 0.188714 0.112095 0.112193 0.00799888
10 0.936098 0.933589 0.112123 0.11193 0.00628863
5 0.935976 0.313787 0.113475 0.113177 0.00554724
3 0.935771 0.0656696 0.113032 0.112806 0.00504405
8 0.688105 0.437627 0.111065 0.113246 0.00473965
10 0.936089 0.685469 0.112104 0.113589 0.00469049
9 0.563792 0.809007 0.111494 0.113034 0.00451545
12 0.686785 0.561287 0.109303 0.112004 0.00441705
4 0.813047 0.808943 0.113034 0.114429 0.00426731
5 0.81156 0.685342 0.113468 0.112626 0.00417209
0 0.811836 0.932944 0.113366 0.113978 0.0041295
6 0.0668487 0.0644878 0.112289 0.113802 0.00383851
3 0.812203 0.685649 0.112461 0.11223 0.00358182
11 0.564189 0.809634 0.111231 0.113481 0.00349009
10 0.93606 0.809725 0.111922 0.113349 0.00348762
4 0.687938 0.0652783 0.110965 0.112528 0.00348708
9 0.191587 0.933735 0.112227 0.113388 0.00344403
0 0.314688 0.438092 0.111539 0.113725 0.00321688
1 0.812283 0.56126 0.113501 0.113341 0.00318006
2 0.0667902 0.685467 0.1136 0.112475 0.00305369
9 0.936184 0.685697 0.111781 0.112773 0.0029106
0 0.813154 0.437459 0.110642 0.111956 0.00289551
1 0.439647 0.561562 0.1126 0.112679 0.002881
6 0.812196 0.0651202 0.111536 0.113877 0.00287838
10 0.439362 0.933638 0.112106 0.114142 0.00287058
8 0.813052 0.685614 0.109757 0.112771 0.00276284
12 0.439672 0.0647427 0.111045 0.113589 0.00273389
5 0.686821 0.437428 0.11423 0.112035 0.00269316
2 0.811889 0.314023 0.112872 0.113778 0.00269118
1 0.68797 0.685295 0.112781 0.112769 0.00268787
7 0.813062 0.809372 0.111637 0.114922 0.00265976
11 0.439257 0.93391 0.111318 0.111695 0.00263522
0 0.812073 0.188715 0.112163 0.113545 0.00258057
3 0.688017 0.313118 0.111769 0.112543 0.00256856
1 0.0672967 0.685759 0.114007 0.112988 0.00247032
7 0.688179 0.0653931 0.111482 0.11326 0.00246091
4 0.563594 0.313923 0.11047 0.113162 0.00241416
5 0.0665789 0.933905 0.112817 0.113222 0.00233194
2 0.315265 0.436848 0.110839 0.113921 0.00230332
2 0.564278 0.809762 0.112116 0.112563 0.00229366
1 0.31553 0.809747 0.113031 0.112344 0.00225027
1 0.688134 0.809661 0.112322 0.112852 0.00224349
11 0.191697 0.93409 0.112691 0.11347 0.00216503
7 0.688191 0.809114 0.110954 0.1121 0.00213279
5 0.812883 0.809645 0.110704 0.113426 0.00211667
2 0.439647 0.561562 0.1126 0.112679 0.00211358
12 0.935822 0.189002 0.113313 0.11316 0.00210647
0 0.563609 0.188547 0.112149 0.113493 0.00209519
1 0.315735 0.934313 0.112345 0.112799 0.00204778
3 0.688191 0.809114 0.110954 0.1121 0.0020428
3 0.0666616 0.809304 0.114837 0.113405 0.001995
0 0.813023 0.313613 0.112241 0.115668 0.00198667
7 0.439166 0.0652207 0.111668 0.113248 0.00197062
12 0.191988 0.561328 0.111585 0.111808 0.00196617
13 0.687854 0.0647397 0.111788 0.112166 0.00195199
10 0.0673853 0.313603 0.113529 0.113981 0.00188225
12 0.686783 0.933461 0.111135 0.112272 0.00187926
3 0.688264 0.685016 0.111752 0.112251 0.00186576
2 0.0681802 0.43806 0.112509 0.113671 0.00185955
7 0.688264 0.685016 0.111752 0.112251 0.00185683
1 0.563693 0.560871 0.112616 0.11305 0.00184718
2 0.812283 0.56126 0.113501 0.113341 0.00184717
4 0.564081 0.933339 0.111893 0.113123 0.00184343
1 0.688094 0.437356 0.11348 0.113945 0.00183691
2 0.68797 0.685295 0.112781 0.112769 0.00181495
5 0.688152 0.0651052 0.111903 0.112471 0.00181448
11 0.811498 0.312736 0.111076 0.113157 0.00180397
9 0.315134 0.437724 0.112974 0.113299 0.00179918
5 0.315309 0.80924 0.112524 0.112784 0.00178888
3 0.563916 0.0645957 0.111288 0.113632 0.00178587
3 0.936609 0.560942 0.11324 0.113622 0.00175527
11 0.315184 0.436666 0.111055 0.113026 0.00174214
4 0.563561 0.43747 0.110961 0.112829 0.00173434
7 0.563561 0.43747 0.110961 0.112829 0.00172824
3 0.439902 0.561515 0.111845 0.112387 0.0017249
4 0.0679938 0.438029 0.112835 0.114252 0.00170533
6 0.811556 0.561134 0.113153 0.111742 0.0016943
2 0.688134 0.809661 0.112322 0.112852 0.00169138
8 0.688043 0.188883 0.1138 0.115135 0.00167137
1 0.812343 0.685096 0.112849 0.113269 0.00166623
13 0.686906 0.933145 0.1138 0.113479 0.00166473
7 0.56351 0.313353 0.111556 0.113199 0.00165311
9 0.935885 0.437264 0.11259 0.112406 0.00164075
2 0.31553 0.809747 0.113031 0.112344 0.00163625
5 0.93589 0.0646309 0.113221 0.113746 0.00163073
10 0.0670687 0.933825 0.113408 0.114494 0.00160634
4 0.688308 0.933157 0.112967 0.112869 0.00160508
3 0.31531 0.809204 0.112267 0.112615 0.00158688
7 0.316121 0.934083 0.110674 0.112182 0.00158416
12 0.439335 0.313548 0.111665 0.113026 0.00155823
4 0.191988 0.561328 0.111585 0.111808 0.00153176
13 0.56285 0.31294 0.111885 0.112373 0.00152634
10 0.315441 0.0648757 0.112315 0.113239 0.00151953
6 0.686785 0.561287 0.109303 0.112004 0.00150647
3 0.563811 0.685111 0.111344 0.113073 0.0014913
7 0.0675486 0.685749 0.112722 0.111831 0.00144615
8 0.438906 0.313312 0.11069 0.112654 0.00138348
5 0.0672949 0.80952 0.113253 0.113728 0.00135937
2 0.813206 0.932992 0.111515 0.113047 0.00135813
13 0.686895 0.560867 0.110706 0.112236 0.00135258
6 0.688191 0.809114 0.110954 0.1121 0.00134544
6 0.688264 0.685016 0.111752 0.112251 0.00133837
1 0.688159 0.31318 0.112458 0.113668 0.00133776
4 0.439707 0.809276 0.111753 0.112831 0.00133766
6 0.439562 0.437209 0.111938 0.112972 0.00132959
1 0.439798 0.685137 0.112404 0.112692 0.00132341
4 0.563744 0.189153 0.112131 0.11322 0.00131787
4 0.0666251 0.313413 0.113647 0.112263 0.00131535
12 0.8115 0.437724 0.110709 0.113386 0.00131489
5 0.56416 0.933588 0.111693 0.113523 0.00130589
9 0.686728 0.188735 0.111992 0.113825 0.00130359
7 0.439902 0.561515 0.111845 0.112387 0.00130334
4 0.811811 0.189188 0.112254 0.112636 0.00130263
6 0.316121 0.934083 0.110674 0.112182 0.00130215
8 0.935829 0.437023 0.110778 0.112002 0.00128642
4 0.688124 0.561255 0.111639 0.113116 0.00128432
1 0.315211 0.561475 0.112147 0.11215 0.00127343
8 0.439613 0.933629 0.113601 0.11396 0.00126609
0 0.191121 0.313382 0.111193 0.112864 0.00126532
13 0.0665789 0.933905 0.112817 0.113222 0.0012645
6 0.191988 0.561328 0.111585 0.111808 0.00126047
6 0.0679938 0.438029 0.112835 0.114252 0.00125122
10 0.688332 0.933211 0.114586 0.11533 0.00124553
8 0.811552 0.437275 0.110794 0.112976 0.00124048
3 0.067353 0.188681 0.113063 0.113351 0.00123963
2 0.191644 0.56136 0.112428 0.113349 0.00123258
13 0.563019 0.437205 0.112208 0.112501 0.00121604
6 0.31614 0.809579 0.111185 0.111969 0.00119644
8 0.935771 0.0656696 0.113032 0.112806 0.00119336
12 0.315519 0.313113 0.112398 0.112701 0.00117572
3 0.191178 0.437054 0.11258 0.112818 0.00116772
4 0.191192 0.313631 0.112355 0.113369 0.00116676
3 0.812269 0.561326 0.113328 0.113222 0.00116235
7 0.563608 0.0649165 0.110853 0.111472 0.00116211
4 0.191512 0.809512 0.11166 0.112185 0.00115899
6 0.935826 0.188806 0.113103 0.113158 0.00115759
6 0.439902 0.561515 0.111845 0.112387 0.00115492
7 0.688108 0.312859 0.112899 0.113522 0.0011517
7 0.31614 0.809579 0.111185 0.111969 0.00114241
3 0.0675486 0.685749 0.112722 0.111831 0.00114006
1 0.563624 0.0650914 0.110467 0.112758 0.00113016
13 0.936435 0.312853 0.111839 0.111894 0.00111782
0 0.438774 0.438234 0.11327 0.112403 0.00110448
4 0.935976 0.313787 0.113475 0.113177 0.00109134
11 0.936071 0.93355 0.11236 0.111918 0.00107887
12 0.191911 0.685208 0.112041 0.112454 0.00106955
4 0.315261 0.561634 0.110551 0.112103 0.00106598
10 0.0665801 0.561532 0.112181 0.112115 0.00105285
2 0.315638 0.561377 0.112577 0.112929 0.00105089
0 0.191414 0.809517 0.112141 0.112999 0.00104185
5 0.811356 0.560995 0.112116 0.112612 0.00104118
7 0.811518 0.0645113 0.110915 0.113546 0.00104113
1 0.936257 0.0645272 0.112906 0.113875 0.00103431
12 0.191384 0.189127 0.112054 0.113132 0.00102958
0 0.439854 0.809296 0.112206 0.113395 0.00102793
5 0.688047 0.809321 0.112345 0.112492 0.00102762
1 0.191267 0.68519 0.111132 0.111893 0.00102733
7 0.812587 0.561456 0.112762 0.113187 0.00102242
6 0.0675486 0.685749 0.112722 0.111831 0.00102164
2 0.315735 0.934313 0.112345 0.112799 0.00100674
0 0.438906 0.313312 0.11069 0.112654 0.00100349
