3 0.439087 0.809882 0.112338 0.111671 0.986431
2 0.439551 0.933954 0.113412 0.113936 0.986265
6 0.067278 0.809536 0.112868 0.112724 0.985413
13 0.315582 0.809289 0.110933 0.111965 0.985221
9 0.314942 0.685418 0.111134 0.110891 0.985011
13 0.191244 0.933825 0.1123 0.113094 0.984943
0 0.935903 0.933335 0.112685 0.111309 0.984849
10 0.564013 0.933863 0.112838 0.114215 0.984791
10 0.315776 0.933872 0.112215 0.11312 0.984758
8 0.563814 0.809519 0.111854 0.113045 0.984691
8 0.191338 0.809679 0.111497 0.112856 0.984535
13 0.0667721 0.685355 0.112271 0.112026 0.984016
11 0.0666562 0.934373 0.114026 0.114924 0.983859
10 0.191432 0.561381 0.112305 0.112228 0.98383
7 0.191355 0.685467 0.111902 0.111817 0.983796
6 0.31593 0.561698 0.111819 0.112514 0.98359
4 0.315672 0.437363 0.112314 0.112454 0.983456
2 0.687991 0.933967 0.112951 0.113521 0.983387
10 0.315103 0.0651698 0.112453 0.11222 0.982878
8 0.0664835 0.437671 0.11232 0.113189 0.982844
6 0.563927 0.685404 0.110813 0.112731 0.982632
7 0.936139 0.0654528 0.112464 0.112008 0.982567
10 0.688069 0.809478 0.112559 0.112888 0.982564
7 0.439253 0.0651863 0.111115 0.111206 0.982561
6 0.191392 0.313461 0.111789 0.112791 0.982508
4 0.936594 0.809666 0.112748 0.11185 0.982376
1 0.812251 0.933773 0.111844 0.113522 0.982225
6 0.191435 0.188707 0.11174 0.112672 0.982193
12 0.0670815 0.31362 0.112305 0.11238 0.981247
1 0.191235 0.0644504 0.111839 0.113407 0.981129
10 0.81241 0.809582 0.112988 0.111716 0.98089
8 0.315297 0.31332 0.113201 0.112728 0.980555
10 0.811992 0.0648147 0.111818 0.111971 0.980205
1 0.314821 0.189054 0.112279 0.111785 0.980102
0 0.190809 0.437361 0.112275 0.111976 0.980065
8 0.439205 0.189334 0.11186 0.113028 0.980008
2 0.0673149 0.188944 0.112195 0.113641 0.980004
11 0.439385 0.313063 0.112809 0.112466 0.979983
9 0.439663 0.561801 0.112287 0.112524 0.97947
11 0.563453 0.188828 0.111711 0.113408 0.979463
9 0.687619 0.189111 0.111826 0.112593 0.979455
12 0.439547 0.437474 0.112021 0.112155 0.979399
13 0.563703 0.437642 0.112532 0.112801 0.979277
6 0.564226 0.561604 0.112521 0.112554 0.979229
0 0.439067 0.685567 0.111939 0.112118 0.979172
7 0.687213 0.685224 0.111729 0.111371 0.978919
3 0.687944 0.561621 0.112175 0.112183 0.978853
13 0.687973 0.437611 0.112499 0.112287 0.97868
13 0.812071 0.437364 0.112491 0.112672 0.978673
2 0.563617 0.31306 0.112082 0.11397 0.978545
13 0.687803 0.313485 0.112473 0.112464 0.978497
8 0.936089 0.437264 0.11295 0.112829 0.978387
8 0.812136 0.685608 0.112594 0.112445 0.978345
11 0.936277 0.685241 0.113049 0.112314 0.97828
11 0.936294 0.56152 0.11315 0.112781 0.978182
6 0.812232 0.188889 0.112614 0.112902 0.978055
2 0.687802 0.0644444 0.111463 0.113619 0.978003
2 0.812246 0.561689 0.112096 0.112991 0.977827
3 0.93619 0.313547 0.111757 0.112346 0.977793
0 0.563197 0.0648179 0.111448 0.113133 0.977702
7 0.935747 0.18887 0.111103 0.111218 0.977689
7 0.812317 0.313198 0.112309 0.112789 0.977343
0 0.0672456 0.0648223 0.111166 0.112375 0.976519
0 0.0669989 0.561113 0.112253 0.11245 0.97328
1 0.0665946 0.560985 0.114581 0.112631 0.0696308
1 0.0669928 0.0639873 0.112776 0.113121 0.01855
5 0.439241 0.313351 0.11169 0.112595 0.0185382
12 0.688202 0.437957 0.108932 0.1127 0.0166067
12 0.564036 0.437946 0.108747 0.113204 0.0147345
2 0.811556 0.685401 0.111239 0.112346 0.0145107
12 0.812537 0.437948 0.112671 0.110917 0.00965698
2 0.0662902 0.437694 0.113124 0.112938 0.00871724
2 0.564195 0.809585 0.112121 0.112655 0.00797407
10 0.936998 0.561185 0.112635 0.11204 0.00638496
5 0.563514 0.188835 0.111462 0.113125 0.00631446
12 0.811487 0.313302 0.111516 0.11327 0.00608223
8 0.688184 0.0647789 0.110111 0.112987 0.00549762
8 0.68852 0.933722 0.112827 0.112874 0.00537103
2 0.191257 0.80972 0.112028 0.113146 0.00496771
12 0.686785 0.686083 0.110714 0.112234 0.00464626
4 0.688353 0.809735 0.112751 0.11277 0.00431554
3 0.688139 0.189303 0.112331 0.113343 0.00413903
0 0.688103 0.189216 0.111781 0.11268 0.00413402
2 0.439205 0.189334 0.11186 0.113028 0.00373463
12 0.936116 0.06547 0.11264 0.113001 0.00368052
12 0.688139 0.313506 0.110821 0.11096 0.00366185
6 0.686785 0.686083 0.110714 0.112234 0.00358787
9 0.935854 0.313066 0.111568 0.113585 0.00357616
3 0.067278 0.809536 0.112868 0.112724 0.0035674
4 0.813037 0.80986 0.111654 0.114139 0.0035497
2 0.936204 0.43704 0.112518 0.11187 0.00345522
3 0.811685 0.189172 0.112299 0.112908 0.00342747
12 0.936074 0.189177 0.113451 0.113587 0.00337862
1 0.563377 0.0641167 0.111254 0.1132 0.00325896
10 0.936643 0.685474 0.113107 0.111809 0.00318087
3 0.31591 0.56134 0.112353 0.112837 0.00317942
3 0.191363 0.3132 0.110599 0.112489 0.00310229
9 0.688234 0.561158 0.11189 0.111703 0.00304387
7 0.812711 0.436562 0.111399 0.11223 0.00292876
3 0.190968 0.189029 0.111302 0.112552 0.0029107
1 0.563598 0.313475 0.111721 0.112031 0.00283502
8 0.439417 0.934183 0.111953 0.111576 0.00274633
1 0.315733 0.437264 0.112178 0.112157 0.00272135
5 0.0667841 0.934392 0.115312 0.115209 0.002715
3 0.564169 0.685273 0.111022 0.112017 0.00270988
1 0.191 0.437021 0.112299 0.112713 0.00262035
6 0.811441 0.313254 0.112996 0.112909 0.0026148
12 0.688103 0.189216 0.111781 0.11268 0.00261396
2 0.315363 0.313284 0.111005 0.113032 0.00253609
1 0.688166 0.0645089 0.111715 0.112733 0.00245056
0 0.812926 0.933863 0.111076 0.111448 0.00241148
0 0.0665151 0.438128 0.112388 0.114277 0.00239102
12 0.935829 0.313105 0.112039 0.113138 0.00235604
12 0.315351 0.80939 0.111955 0.112179 0.0023222
6 0.439494 0.437263 0.111685 0.112578 0.00230537
3 0.564304 0.56144 0.111673 0.112304 0.00225928
1 0.812137 0.561581 0.111922 0.112558 0.0022286
2 0.936826 0.809659 0.11244 0.113445 0.00218963
1 0.439642 0.685212 0.112051 0.112574 0.00208844
0 0.93584 0.43738 0.111352 0.111953 0.00205248
11 0.811556 0.685401 0.111239 0.112346 0.00190701
5 0.936058 0.561465 0.113063 0.113508 0.00185913
5 0.813025 0.809305 0.112837 0.11343 0.00185581
1 0.439853 0.933562 0.113857 0.114061 0.00185575
7 0.5643 0.561591 0.111486 0.111862 0.00184696
1 0.68836 0.933668 0.113308 0.113339 0.00183219
0 0.191235 0.0644504 0.111839 0.113407 0.00182427
1 0.936826 0.809659 0.11244 0.113445 0.00182214
7 0.688217 0.313502 0.112645 0.112727 0.00181735
6 0.935985 0.188984 0.113425 0.112906 0.00180908
7 0.564169 0.685273 0.111022 0.112017 0.00179749
6 0.0668956 0.313256 0.113271 0.112586 0.00179448
8 0.935784 0.561227 0.111803 0.111288 0.00178287
5 0.936024 0.685436 0.113144 0.113167 0.00176747
7 0.688219 0.436639 0.110936 0.111878 0.00174152
7 0.936594 0.809666 0.112748 0.11185 0.00173944
12 0.439891 0.561403 0.111968 0.112348 0.00172979
13 0.811561 0.809974 0.112627 0.11259 0.00168076
12 0.687499 0.56134 0.111225 0.112161 0.0016647
5 0.811353 0.561602 0.112974 0.111605 0.00163058
5 0.688299 0.809524 0.112049 0.112335 0.00162321
2 0.688256 0.561902 0.111315 0.111155 0.00159548
1 0.0668902 0.189241 0.111931 0.111626 0.00159143
6 0.936025 0.0653078 0.112269 0.11248 0.00152558
5 0.0668792 0.18861 0.11258 0.112737 0.00152015
9 0.440231 0.809754 0.112755 0.112232 0.00150299
13 0.811493 0.0648819 0.113595 0.112197 0.00147466
4 0.936139 0.0654528 0.112464 0.112008 0.00146734
0 0.439891 0.561403 0.111968 0.112348 0.00145439
8 0.935893 0.685083 0.112161 0.111529 0.00145245
7 0.0670636 0.685273 0.113332 0.113376 0.00143597
4 0.31516 0.189252 0.112378 0.113423 0.0014125
7 0.31593 0.561698 0.111819 0.112514 0.00134879
7 0.56399 0.436719 0.111067 0.111959 0.0013203
10 0.563575 0.189157 0.113138 0.112227 0.00131341
8 0.811482 0.561337 0.111484 0.112716 0.00130995
13 0.0666293 0.93412 0.113771 0.114042 0.00130004
3 0.0664714 0.189145 0.113112 0.112434 0.00129362
3 0.812217 0.561544 0.111248 0.111226 0.0012794
1 0.687883 0.561567 0.111748 0.111909 0.00127186
3 0.564205 0.313557 0.112284 0.113185 0.00126095
9 0.936116 0.933661 0.11125 0.111667 0.00125425
4 0.688134 0.685535 0.112129 0.112779 0.00124761
4 0.564192 0.933721 0.112796 0.1133 0.00123597
3 0.688157 0.933707 0.112475 0.113827 0.00122979
0 0.315618 0.313622 0.112132 0.112672 0.00122075
7 0.811551 0.0647687 0.113364 0.112709 0.0012171
11 0.81164 0.809734 0.112562 0.112738 0.00121325
5 0.936457 0.809628 0.112787 0.111789 0.00121151
1 0.936088 0.313184 0.111267 0.111774 0.00120202
10 0.56363 0.437977 0.11245 0.112849 0.00120106
9 0.936018 0.685612 0.11197 0.11262 0.00119915
7 0.811685 0.189172 0.112299 0.112908 0.00119697
4 0.93588 0.189478 0.112847 0.112323 0.00119051
12 0.315619 0.685507 0.112023 0.11223 0.00118221
10 0.439389 0.313474 0.114069 0.111936 0.00117863
10 0.0671775 0.933861 0.113949 0.113447 0.00117005
12 0.439543 0.809667 0.111568 0.112008 0.00117005
0 0.31497 0.188759 0.112198 0.113126 0.00116979
7 0.315517 0.436475 0.112088 0.1118 0.00116529
0 0.811638 0.685887 0.111656 0.11221 0.00116043
1 0.439991 0.809505 0.112039 0.11212 0.00115889
7 0.191755 0.313627 0.112902 0.112907 0.00115818
12 0.191794 0.933734 0.111381 0.111642 0.00112613
12 0.191321 0.685528 0.111393 0.111845 0.00112489
13 0.687856 0.809803 0.111516 0.112061 0.00112288
9 0.935784 0.561227 0.111803 0.111288 0.00112036
10 0.688066 0.438088 0.11279 0.112682 0.00111743
3 0.439891 0.561403 0.111968 0.112348 0.00111143
7 0.688353 0.809735 0.112751 0.11277 0.00110578
2 0.315948 0.437629 0.113257 0.112718 0.00109978
4 0.81237 0.313484 0.111435 0.112267 0.00109405
0 0.315619 0.685507 0.112023 0.11223 0.00109317
10 0.6879 0.313867 0.112245 0.113146 0.00108542
4 0.315535 0.0652016 0.112533 0.113087 0.00107441
4 0.688157 0.933707 0.112475 0.113827 0.00107066
5 0.688276 0.561637 0.112626 0.111813 0.00105163
11 0.31548 0.313018 0.111529 0.112445 0.00104491
11 0.564037 0.809781 0.111325 0.112439 0.00104143
4 0.191143 0.685611 0.112186 0.111361 0.00103739
13 0.936031 0.561934 0.113041 0.113127 0.00103606
11 0.191519 0.809786 0.111368 0.112148 0.00103466
6 0.191483 0.685523 0.111775 0.111518 0.00103145
7 0.0673084 0.313691 0.113597 0.11292 0.0010301
2 0.813142 0.933107 0.111254 0.112519 0.00102377
