9 0.315401 0.933729 0.111752 0.111979 0.987057
4 0.19212 0.933715 0.111786 0.113751 0.986402
2 0.439028 0.0651263 0.111038 0.112352 0.98563
2 0.314926 0.0650664 0.111785 0.112581 0.985573
5 0.936038 0.0658244 0.111799 0.111876 0.984968
5 0.812434 0.809961 0.111512 0.111685 0.98467
1 0.563609 0.933841 0.111631 0.112642 0.984224
3 0.812009 0.933893 0.11215 0.113178 0.984128
12 0.563614 0.809658 0.112698 0.113421 0.983503
13 0.936112 0.93413 0.112349 0.111974 0.983479
0 0.439878 0.933666 0.112286 0.1128 0.983426
13 0.688515 0.934082 0.112117 0.112668 0.983315
1 0.0672094 0.685611 0.112345 0.112015 0.982744
10 0.440103 0.685502 0.111972 0.111869 0.982614
10 0.687918 0.809643 0.112566 0.1136 0.982556
13 0.190932 0.313837 0.11162 0.112343 0.982524
2 0.315448 0.685336 0.112424 0.112262 0.98249
5 0.315674 0.189366 0.111624 0.11238 0.982243
1 0.439491 0.809659 0.112286 0.113083 0.9821
6 0.936626 0.809555 0.112658 0.11215 0.98206
3 0.0671389 0.437392 0.112037 0.11154 0.981975
4 0.687853 0.0652932 0.112328 0.113454 0.981932
3 0.812109 0.0651362 0.112215 0.11309 0.98182
3 0.315687 0.313124 0.111904 0.111811 0.981508
12 0.191346 0.437455 0.112115 0.112241 0.98146
1 0.31507 0.437367 0.111928 0.112078 0.981077
0 0.563467 0.0650591 0.112108 0.113389 0.980716
2 0.191069 0.561066 0.111622 0.111707 0.980651
12 0.19153 0.188683 0.113296 0.112641 0.980431
13 0.0668512 0.933948 0.114502 0.11422 0.980356
8 0.0673367 0.189338 0.111442 0.11212 0.980198
11 0.191407 0.0648973 0.110619 0.112121 0.980099
2 0.935722 0.685118 0.112437 0.111663 0.980013
0 0.0670939 0.0639237 0.113382 0.112779 0.97997
10 0.563743 0.312791 0.112416 0.114026 0.979941
11 0.811766 0.685438 0.112186 0.111196 0.979798
9 0.68713 0.43766 0.111008 0.111378 0.979782
1 0.563848 0.685202 0.111883 0.112852 0.979779
2 0.0673331 0.313225 0.111855 0.113269 0.979717
10 0.563669 0.437148 0.11212 0.113517 0.979643
8 0.315057 0.561278 0.112027 0.112182 0.979638
0 0.0670936 0.809495 0.112907 0.11202 0.979502
2 0.439305 0.313112 0.111469 0.111311 0.978987
10 0.936086 0.188584 0.113154 0.113836 0.978963
6 0.812305 0.437104 0.11323 0.112854 0.978951
1 0.563537 0.188984 0.111956 0.112744 0.978939
10 0.8123 0.312879 0.112753 0.113226 0.97892
7 0.563997 0.561561 0.112601 0.113303 0.97885
8 0.19123 0.809381 0.111707 0.111246 0.978838
8 0.0671102 0.561436 0.112658 0.112389 0.978647
12 0.439679 0.561408 0.112375 0.112027 0.978631
9 0.936041 0.313755 0.111357 0.111694 0.978621
8 0.191156 0.685124 0.111922 0.111521 0.978458
8 0.315316 0.80931 0.111897 0.111473 0.978449
2 0.687306 0.685105 0.111985 0.112227 0.978385
7 0.688071 0.313071 0.112224 0.113263 0.978232
2 0.687358 0.189152 0.111919 0.112159 0.978198
8 0.439586 0.437477 0.111722 0.11228 0.978009
2 0.812064 0.561271 0.11272 0.113431 0.978002
2 0.68785 0.561378 0.111996 0.11239 0.977984
2 0.811367 0.188788 0.112099 0.112344 0.977928
7 0.936546 0.561548 0.112556 0.112684 0.977734
8 0.439522 0.189164 0.111198 0.11222 0.97755
8 0.936021 0.437098 0.113284 0.113768 0.977272
2 0.439021 0.189437 0.111641 0.11254 0.0234895
2 0.066522 0.189432 0.113055 0.111895 0.0223448
6 0.439543 0.561474 0.112129 0.112612 0.0107748
10 0.0670592 0.933737 0.111628 0.113453 0.01057
2 0.935654 0.437067 0.113615 0.112683 0.0103854
2 0.0669818 0.56139 0.115161 0.112437 0.0101266
3 0.688353 0.6852 0.112249 0.112816 0.00950868
10 0.936129 0.933546 0.112279 0.113883 0.00742839
2 0.315472 0.809328 0.112437 0.11198 0.00685553
3 0.688407 0.561201 0.111859 0.11263 0.00683193
2 0.43943 0.437897 0.112397 0.114296 0.00682672
2 0.191537 0.685182 0.112448 0.112091 0.00582646
7 0.936129 0.933546 0.112279 0.113883 0.00541982
5 0.812066 0.685238 0.111389 0.112516 0.0053773
3 0.811731 0.189919 0.111511 0.112187 0.00490548
6 0.191078 0.437436 0.113421 0.112429 0.00472486
3 0.687976 0.189719 0.111886 0.112881 0.00471296
2 0.315461 0.561141 0.112479 0.113079 0.0044177
7 0.191987 0.933885 0.112051 0.112127 0.00440784
2 0.191528 0.809409 0.112393 0.112144 0.00434051
10 0.68781 0.933589 0.111525 0.112952 0.0041388
4 0.812228 0.31374 0.112062 0.112413 0.00411326
3 0.315448 0.685336 0.112424 0.112262 0.00407148
3 0.191454 0.561129 0.113159 0.112231 0.0038006
6 0.563614 0.809658 0.112698 0.113421 0.00373797
7 0.687532 0.0648321 0.111186 0.111742 0.00365408
6 0.812509 0.933387 0.111864 0.113131 0.0035481
7 0.0670592 0.933737 0.111628 0.113453 0.00349838
11 0.315673 0.809385 0.112602 0.112732 0.00345549
1 0.688044 0.188815 0.114085 0.114223 0.00343583
9 0.811636 0.933432 0.112549 0.111981 0.00339413
4 0.564073 0.43766 0.111529 0.112025 0.0033259
4 0.688189 0.313036 0.112557 0.112621 0.00320476
12 0.811705 0.933394 0.112581 0.112635 0.00316912
5 0.191356 0.0645401 0.111829 0.112628 0.0031293
0 0.688145 0.43748 0.111206 0.110906 0.00311978
1 0.439072 0.313476 0.111459 0.112669 0.00299085
11 0.19151 0.809436 0.111817 0.112179 0.00299072
0 0.935914 0.437154 0.111551 0.112338 0.00296686
10 0.811521 0.685226 0.110392 0.111991 0.00294255
1 0.688109 0.561086 0.112696 0.113384 0.00293617
2 0.813086 0.933591 0.110884 0.111674 0.00293297
4 0.688228 0.809573 0.112038 0.113222 0.00289131
11 0.191613 0.685019 0.111295 0.112431 0.0028138
4 0.9357 0.189278 0.113034 0.113409 0.00270362
1 0.0668855 0.313681 0.111848 0.112581 0.00270264
6 0.191987 0.933885 0.112051 0.112127 0.00264861
5 0.811434 0.561184 0.113168 0.112803 0.00264566
2 0.0659048 0.437753 0.113596 0.111726 0.00256919
12 0.811609 0.0651502 0.113375 0.113409 0.00245915
4 0.56365 0.313241 0.11168 0.113535 0.00245569
6 0.191066 0.189065 0.112898 0.112895 0.00239234
1 0.688171 0.685264 0.112559 0.113514 0.00238959
12 0.936211 0.561798 0.112623 0.112953 0.00232961
8 0.688183 0.685321 0.111108 0.112413 0.0023123
8 0.688118 0.561211 0.110543 0.112604 0.00223513
5 0.315366 0.685393 0.111592 0.112599 0.0022183
12 0.936171 0.313555 0.112325 0.112204 0.00219077
3 0.811868 0.561184 0.112564 0.112202 0.00217394
0 0.563703 0.188653 0.111799 0.113076 0.00217259
1 0.0670939 0.0639237 0.113382 0.112779 0.00214482
1 0.687853 0.0652932 0.112328 0.113454 0.00208635
12 0.0670592 0.933737 0.111628 0.113453 0.00208314
11 0.315663 0.561015 0.111098 0.113376 0.00202672
1 0.811606 0.189033 0.111301 0.112415 0.00201674
5 0.811378 0.188938 0.112362 0.113183 0.00200744
5 0.686802 0.189323 0.114402 0.11287 0.00194419
10 0.688068 0.313401 0.11308 0.113269 0.00192947
11 0.190702 0.313567 0.111405 0.111704 0.00192464
10 0.936109 0.0651833 0.110685 0.111627 0.00189872
12 0.686867 0.313441 0.109825 0.112325 0.00188721
1 0.192007 0.934233 0.113288 0.114705 0.00187629
1 0.935997 0.684901 0.11326 0.112798 0.00186338
12 0.688145 0.43748 0.111206 0.110906 0.00184752
8 0.688044 0.188977 0.112336 0.114209 0.00184435
7 0.687965 0.933533 0.111384 0.113046 0.00184095
5 0.688185 0.809314 0.111441 0.112914 0.00179611
4 0.564219 0.561467 0.112566 0.112107 0.00178493
5 0.688109 0.561086 0.112696 0.113384 0.00168182
9 0.191528 0.809409 0.112393 0.112144 0.00166334
5 0.935777 0.685059 0.112897 0.114085 0.00166228
1 0.0667242 0.80904 0.113763 0.112573 0.00165802
9 0.811533 0.0652066 0.113527 0.113544 0.00165249
6 0.811609 0.0651502 0.113375 0.113409 0.00164486
8 0.688145 0.43748 0.111206 0.110906 0.00163356
6 0.936213 0.561599 0.111855 0.112911 0.00162992
4 0.93613 0.561218 0.112967 0.111859 0.00161327
11 0.811589 0.809518 0.113326 0.111931 0.00158487
13 0.935557 0.189189 0.112422 0.11234 0.00158178
4 0.564045 0.685156 0.111584 0.111953 0.00157758
5 0.688171 0.685264 0.112559 0.113514 0.00157521
11 0.0675053 0.560984 0.112236 0.114753 0.00155375
9 0.0659093 0.437544 0.112042 0.112434 0.00154883
5 0.191265 0.560853 0.111112 0.112321 0.00152116
11 0.0663859 0.933538 0.113489 0.112873 0.00148142
1 0.191205 0.560885 0.11241 0.112851 0.00148033
1 0.812288 0.561085 0.112933 0.113049 0.00147803
6 0.0673787 0.438006 0.114314 0.113207 0.00145774
11 0.439516 0.189482 0.112446 0.112793 0.00144515
12 0.687965 0.933533 0.111384 0.113046 0.00142844
6 0.315895 0.313602 0.113351 0.11152 0.00142551
2 0.687853 0.0652932 0.112328 0.113454 0.00141451
5 0.813116 0.933461 0.112765 0.110089 0.00140351
0 0.56359 0.933785 0.1108 0.111651 0.00139275
1 0.315436 0.685116 0.11261 0.112697 0.00138424
0 0.438706 0.438027 0.111913 0.114837 0.00137836
2 0.813082 0.809491 0.113712 0.114932 0.00137645
12 0.0678064 0.438039 0.114157 0.113109 0.001371
1 0.439461 0.0646446 0.111234 0.113591 0.00136037
13 0.687873 0.809913 0.111673 0.112427 0.0013588
4 0.439598 0.809527 0.111735 0.112461 0.00135476
3 0.813082 0.809491 0.113712 0.114932 0.00134834
6 0.688171 0.313067 0.112048 0.113843 0.00134447
13 0.439681 0.685431 0.1123 0.112146 0.0013393
8 0.811436 0.685072 0.1109 0.111751 0.00133643
3 0.935722 0.685118 0.112437 0.111663 0.00130593
4 0.315342 0.437607 0.112447 0.113047 0.00130481
1 0.8117 0.933724 0.111519 0.112223 0.00129716
1 0.314985 0.313465 0.111951 0.11195 0.00128681
11 0.0668425 0.18935 0.111534 0.111632 0.00126686
12 0.936129 0.933546 0.112279 0.113883 0.00125817
3 0.439753 0.313749 0.111688 0.112885 0.00125519
2 0.192007 0.934233 0.113288 0.114705 0.00124893
4 0.563703 0.188653 0.111799 0.113076 0.00124108
1 0.812501 0.436595 0.112731 0.112059 0.00123798
0 0.0670095 0.685349 0.112703 0.112521 0.00123119
7 0.811638 0.313005 0.113098 0.113657 0.00121642
1 0.0673935 0.437674 0.112503 0.112603 0.00119477
8 0.935852 0.313366 0.11233 0.113407 0.00119307
3 0.812253 0.436892 0.113203 0.112995 0.00119264
1 0.811258 0.065166 0.112231 0.112246 0.00119007
10 0.811621 0.809618 0.111507 0.112266 0.00117762
3 0.0666433 0.313197 0.111828 0.111896 0.0011733
8 0.0670988 0.313515 0.111097 0.111985 0.00116096
6 0.564337 0.56122 0.110905 0.112548 0.00115632
3 0.688254 0.4366 0.111865 0.110547 0.00115363
1 0.315406 0.0647965 0.111946 0.113386 0.00115215
0 0.564089 0.685129 0.111865 0.112673 0.00115208
4 0.43941 0.685185 0.112106 0.113167 0.00115031
7 0.688228 0.809573 0.112038 0.113222 0.00114255
0 0.315271 0.437324 0.112805 0.113114 0.00113581
11 0.43927 0.436613 0.112094 0.112078 0.00111272
4 0.56359 0.933785 0.1108 0.111651 0.00110921
2 0.813023 0.0653149 0.110704 0.111892 0.001108
9 0.439878 0.933666 0.112286 0.1128 0.00109098
3 0.439613 0.561301 0.111627 0.112973 0.00108999
5 0.563494 0.437413 0.111139 0.111684 0.0010876
13 0.563221 0.437334 0.111934 0.112211 0.00108644
3 0.936839 0.809505 0.112985 0.113096 0.00107681
0 0.43974 0.809598 0.112173 0.113213 0.00106676
11 0.315768 0.933404 0.113501 0.112396 0.00106077
10 0.314842 0.189162 0.111322 0.112159 0.00105067
4 0.81309 0.933022 0.111013 0.112995 0.00104853
8 0.811545 0.561055 0.111527 0.113711 0.00104468
10 0.687905 0.0643658 0.111412 0.114178 0.00102794
9 0.563467 0.0650591 0.112108 0.113389 0.00102607
11 0.936112 0.93413 0.112349 0.111974 0.00102408
12 0.191428 0.313249 0.111255 0.111453 0.00101745
13 0.563128 0.312889 0.111601 0.112158 0.00100232
