3 0.439365 0.933939 0.112256 0.112455 0.985994
1 0.315309 0.933613 0.112643 0.113032 0.985576
9 0.935877 0.933662 0.113709 0.111816 0.985492
11 0.936098 0.809382 0.112186 0.11069 0.985461
5 0.812202 0.934051 0.11121 0.112293 0.984984
6 0.189745 0.0651947 0.113146 0.112367 0.984953
1 0.564007 0.933557 0.112307 0.113152 0.984713
6 0.0670339 0.685818 0.112906 0.111262 0.984673
4 0.812372 0.809601 0.112836 0.112217 0.984511
10 0.316156 0.809414 0.112151 0.112268 0.984445
10 0.191255 0.933718 0.112384 0.113755 0.984352
10 0.0664933 0.189354 0.113096 0.112382 0.984342
5 0.688152 0.933522 0.111287 0.112718 0.983751
7 0.0668512 0.31406 0.112398 0.111497 0.983737
6 0.440432 0.561775 0.11219 0.112161 0.983483
10 0.191445 0.43761 0.113927 0.112655 0.983335
6 0.0664379 0.0647826 0.112593 0.113015 0.983024
12 0.68784 0.809321 0.111919 0.11275 0.982957
11 0.190908 0.809413 0.112221 0.111977 0.982849
1 0.316518 0.685828 0.111483 0.111346 0.982677
3 0.191065 0.313626 0.111433 0.111137 0.982612
13 0.563935 0.80969 0.111734 0.11223 0.982336
5 0.314612 0.189244 0.112735 0.112631 0.981879
13 0.19135 0.561957 0.11315 0.110752 0.981801
13 0.439046 0.0646776 0.112565 0.111057 0.981598
3 0.315686 0.561963 0.111992 0.111872 0.981471
3 0.315303 0.4378 0.112082 0.111908 0.981456
13 0.440103 0.685771 0.112741 0.111077 0.981379
1 0.0667382 0.438181 0.112398 0.112519 0.981312
11 0.314909 0.313234 0.112044 0.112101 0.98129
13 0.439835 0.809782 0.111489 0.1113 0.981087
11 0.314147 0.0651657 0.111003 0.111736 0.981069
13 0.81237 0.0645138 0.112577 0.110841 0.981009
9 0.936001 0.0651315 0.112044 0.111037 0.980933
10 0.93639 0.685341 0.112474 0.111957 0.980897
11 0.0660605 0.933495 0.111425 0.113298 0.980766
6 0.439731 0.188652 0.112707 0.112699 0.980735
3 0.191423 0.685535 0.112578 0.111768 0.980667
11 0.0671505 0.561501 0.110504 0.11246 0.980365
9 0.562575 0.313464 0.111699 0.111442 0.980222
11 0.190221 0.189358 0.11227 0.112686 0.979882
4 0.687607 0.064887 0.112356 0.112744 0.979689
1 0.68726 0.561318 0.112931 0.112935 0.979307
6 0.812098 0.437117 0.113508 0.112853 0.979164
1 0.687352 0.312487 0.11355 0.113501 0.979119
1 0.564101 0.685832 0.112213 0.112178 0.979087
7 0.687154 0.187992 0.112221 0.111829 0.979023
5 0.563725 0.561564 0.111163 0.112873 0.979004
4 0.687636 0.436862 0.11314 0.113396 0.978964
1 0.439087 0.313122 0.113057 0.11322 0.978917
13 0.811684 0.561868 0.113086 0.112323 0.978808
11 0.563115 0.188249 0.111636 0.113778 0.978779
7 0.687298 0.685268 0.111241 0.111218 0.978711
13 0.812151 0.685712 0.112019 0.111178 0.978604
0 0.43955 0.437607 0.111516 0.111856 0.978586
11 0.936211 0.437372 0.113083 0.113614 0.978502
10 0.936605 0.312876 0.11295 0.113702 0.978418
4 0.812449 0.312746 0.113675 0.113283 0.978412
0 0.0666102 0.809101 0.111656 0.113451 0.978115
6 0.936651 0.561843 0.114193 0.112277 0.978055
8 0.563567 0.437304 0.111954 0.113876 0.977938
2 0.812628 0.188054 0.113439 0.114163 0.977654
0 0.562641 0.0652634 0.110778 0.110667 0.977599
11 0.936749 0.188742 0.111681 0.113743 0.976472
5 0.314646 0.0646322 0.110909 0.111963 0.028327
5 0.56347 0.187956 0.110916 0.112715 0.0147905
11 0.811697 0.933122 0.111218 0.110014 0.01188
5 0.190353 0.188974 0.112369 0.112424 0.0093399
5 0.314976 0.313009 0.111888 0.111839 0.00747882
7 0.191135 0.561796 0.111469 0.1113 0.00729919
5 0.0666649 0.561421 0.112844 0.112475 0.00702844
5 0.190908 0.809413 0.112221 0.111977 0.00661229
5 0.935798 0.18952 0.112494 0.113141 0.00653262
1 0.0663798 0.809053 0.11234 0.112491 0.00645035
9 0.190063 0.313652 0.112232 0.112168 0.00558728
10 0.44037 0.809223 0.109984 0.111271 0.00534491
5 0.935871 0.809305 0.112491 0.111697 0.00522307
10 0.936639 0.188705 0.111002 0.111618 0.00521822
12 0.191323 0.313672 0.111666 0.111765 0.0049737
1 0.813111 0.188283 0.113472 0.114707 0.00491458
2 0.563554 0.438289 0.111255 0.113613 0.00475989
10 0.68811 0.933404 0.111325 0.11144 0.00465102
3 0.812733 0.189234 0.112836 0.112679 0.00429426
12 0.44037 0.809223 0.109984 0.111271 0.00424799
12 0.564314 0.809072 0.109583 0.11139 0.00402631
5 0.935903 0.437961 0.113896 0.112655 0.00386001
10 0.81213 0.685263 0.112022 0.112219 0.00376891
11 0.688165 0.933299 0.11134 0.111213 0.00357963
12 0.68683 0.188423 0.111317 0.112909 0.00342698
10 0.564314 0.809072 0.109583 0.11139 0.00327182
1 0.812293 0.313239 0.113006 0.11356 0.0030594
8 0.813121 0.188481 0.111929 0.11497 0.00303456
4 0.688215 0.685053 0.111635 0.11199 0.00298276
5 0.0658854 0.933876 0.112142 0.113854 0.00294053
10 0.937074 0.436804 0.111117 0.11199 0.00293241
10 0.067156 0.56106 0.113128 0.114299 0.00292392
12 0.440526 0.685433 0.110597 0.111057 0.00289954
2 0.812372 0.80951 0.112835 0.113324 0.00285446
7 0.686906 0.0643198 0.114712 0.113407 0.00282146
7 0.811749 0.312491 0.114492 0.114911 0.00278901
4 0.066585 0.31403 0.112472 0.110785 0.00273199
12 0.686818 0.685859 0.111026 0.1115 0.0027315
1 0.687648 0.436958 0.112829 0.113258 0.00271586
0 0.687811 0.31169 0.113341 0.113179 0.00264728
2 0.811696 0.932351 0.114049 0.111824 0.00250864
4 0.93629 0.313681 0.112697 0.113106 0.00250479
4 0.688137 0.188234 0.113761 0.113796 0.00244529
3 0.0664942 0.685427 0.114376 0.112491 0.00239135
7 0.811661 0.808856 0.112752 0.1135 0.00232627
0 0.562921 0.438108 0.11111 0.113918 0.00231181
7 0.686877 0.436628 0.113399 0.114162 0.00229497
10 0.812697 0.809105 0.111939 0.112625 0.00227661
0 0.688174 0.809432 0.112816 0.111803 0.00224576
1 0.687607 0.064887 0.112356 0.112744 0.0022139
2 0.688465 0.932627 0.11368 0.113598 0.00213553
4 0.191119 0.437691 0.112655 0.113279 0.00210194
6 0.440262 0.93352 0.112048 0.112985 0.00209914
10 0.067128 0.313932 0.113555 0.113619 0.00208489
10 0.687794 0.188461 0.113711 0.11432 0.00205966
7 0.440526 0.685433 0.110597 0.111057 0.00202734
6 0.315897 0.438094 0.113403 0.112587 0.00201044
0 0.563239 0.313327 0.11178 0.111481 0.00195301
10 0.440526 0.685433 0.110597 0.111057 0.00192481
12 0.315461 0.438048 0.1119 0.112385 0.00189424
13 0.936089 0.685841 0.112152 0.111865 0.00188479
1 0.315703 0.561737 0.112337 0.112047 0.00187148
11 0.438907 0.0653132 0.111915 0.112257 0.00186897
4 0.564489 0.685767 0.111116 0.111122 0.00186287
7 0.564314 0.809072 0.109583 0.11139 0.00181958
4 0.316518 0.685828 0.111483 0.111346 0.00174884
4 0.439373 0.313344 0.11288 0.11332 0.00173186
12 0.8112 0.685946 0.111048 0.11111 0.00171742
3 0.439731 0.188652 0.112707 0.112699 0.00168629
0 0.0668594 0.438353 0.111499 0.113059 0.00167767
2 0.316356 0.438128 0.113763 0.112223 0.00166572
5 0.811709 0.188649 0.115012 0.113359 0.0016633
13 0.191119 0.437593 0.112328 0.111784 0.00165787
8 0.563239 0.313327 0.11178 0.111481 0.00165339
7 0.811643 0.561827 0.112806 0.113103 0.00164173
12 0.563158 0.31354 0.111746 0.111822 0.00163287
4 0.564208 0.933461 0.112146 0.112813 0.00162984
4 0.315492 0.933346 0.112182 0.113269 0.00162556
0 0.687239 0.560777 0.112927 0.112734 0.00161776
6 0.688202 0.685127 0.11188 0.113296 0.00160739
1 0.563165 0.0636532 0.111449 0.112905 0.00159749
10 0.935981 0.809318 0.111224 0.112156 0.00159683
6 0.688107 0.188024 0.113395 0.114752 0.001574
2 0.687607 0.064887 0.112356 0.112744 0.00153661
1 0.439615 0.437008 0.112373 0.112978 0.00150941
1 0.812372 0.809601 0.112836 0.112217 0.00150263
7 0.439538 0.189088 0.113017 0.112772 0.00150223
6 0.811664 0.313059 0.115594 0.113051 0.00149842
4 0.687239 0.560777 0.112927 0.112734 0.00149466
12 0.439668 0.9335 0.111609 0.11147 0.00148044
6 0.68784 0.809321 0.111919 0.11275 0.00147894
2 0.81244 0.313459 0.113357 0.114017 0.00146355
7 0.191284 0.438312 0.112853 0.112387 0.00145359
1 0.812277 0.436556 0.112939 0.111855 0.00142607
12 0.936197 0.0647926 0.112115 0.11106 0.0013986
10 0.688202 0.685127 0.11188 0.113296 0.00137711
1 0.936757 0.561224 0.113172 0.11169 0.00137403
11 0.563697 0.561353 0.110563 0.111956 0.00136932
10 0.81213 0.933591 0.110709 0.111486 0.00136224
6 0.316228 0.56146 0.111884 0.112051 0.00135197
10 0.190338 0.189295 0.112405 0.111975 0.00133813
7 0.936165 0.685336 0.113172 0.114125 0.00133296
3 0.190524 0.064714 0.113045 0.11287 0.00132587
4 0.93639 0.685341 0.112474 0.111957 0.00131941
0 0.439309 0.312889 0.112879 0.113645 0.00129665
1 0.191685 0.68558 0.112395 0.111891 0.00129428
2 0.563599 0.561858 0.11133 0.112051 0.00129332
12 0.191685 0.68558 0.112395 0.111891 0.00129214
2 0.687648 0.436958 0.112829 0.113258 0.00127497
11 0.93584 0.933181 0.112538 0.113197 0.00127184
6 0.811616 0.809235 0.113886 0.112167 0.00126897
1 0.315678 0.437773 0.1128 0.112665 0.00126614
3 0.440556 0.561616 0.113246 0.112662 0.00124329
4 0.0664933 0.189354 0.113096 0.112382 0.0012372
0 0.315032 0.933396 0.111382 0.111901 0.00123451
4 0.439629 0.93377 0.11218 0.111675 0.00121403
8 0.935872 0.933704 0.112449 0.112905 0.00121257
1 0.440022 0.93356 0.111837 0.112559 0.0012081
4 0.315831 0.809116 0.112713 0.113105 0.00118204
12 0.935872 0.933704 0.112449 0.112905 0.00118067
2 0.31551 0.561935 0.112255 0.111718 0.00117759
12 0.191348 0.561664 0.111908 0.111489 0.00117153
3 0.936598 0.561634 0.113307 0.112704 0.00116649
7 0.81213 0.685263 0.112022 0.112219 0.00115225
3 0.0664379 0.0647826 0.112593 0.113015 0.00114866
9 0.563615 0.437947 0.112228 0.112383 0.00114484
3 0.812117 0.436815 0.113514 0.11299 0.00114393
6 0.686818 0.436808 0.114357 0.113086 0.00113968
4 0.0667382 0.438181 0.112398 0.112519 0.0011248
1 0.190954 0.313603 0.11145 0.111719 0.00112063
8 0.563232 0.0643124 0.11171 0.111289 0.00111102
13 0.190931 0.933678 0.112997 0.11231 0.00109165
12 0.811139 0.561669 0.111619 0.112362 0.00106601
5 0.93638 0.685451 0.111809 0.112146 0.0010511
4 0.687379 0.312899 0.11254 0.113781 0.00104678
5 0.81202 0.80938 0.112955 0.112319 0.00104341
10 0.81287 0.0640699 0.112306 0.112047 0.00103929
6 0.686836 0.0642648 0.114176 0.11252 0.0010382
7 0.44037 0.809223 0.109984 0.111271 0.00102691
0 0.563794 0.933485 0.111048 0.111915 0.00102647
8 0.935933 0.809219 0.111444 0.111523 0.0010201
10 0.314325 0.189092 0.111497 0.112248 0.0010018
