4 0.315716 0.68502 0.111777 0.111581 0.986288
8 0.56356 0.934001 0.112016 0.113895 0.985746
2 0.315487 0.933942 0.112905 0.113315 0.985538
12 0.43929 0.933847 0.111307 0.112778 0.985385
13 0.812117 0.93399 0.111861 0.112549 0.985231
6 0.0671143 0.685539 0.112815 0.112312 0.985033
8 0.191532 0.809407 0.112117 0.113086 0.985019
8 0.439662 0.809699 0.112165 0.112687 0.985015
3 0.06699 0.561484 0.112831 0.113058 0.984999
3 0.0666949 0.437423 0.112548 0.112694 0.984867
4 0.687933 0.933948 0.112283 0.114184 0.984867
5 0.563174 0.0658945 0.110978 0.112564 0.984748
4 0.191323 0.933346 0.111422 0.113218 0.984477
11 0.439011 0.0655262 0.111616 0.112223 0.984378
6 0.440103 0.685364 0.111629 0.112119 0.983725
8 0.315596 0.561331 0.112055 0.113198 0.983649
2 0.314209 0.0646411 0.112719 0.113242 0.98347
7 0.936598 0.809687 0.111788 0.111513 0.983388
13 0.0671147 0.809448 0.1129 0.112872 0.983271
5 0.315485 0.313943 0.112335 0.112949 0.983264
11 0.563427 0.809924 0.111498 0.11266 0.982918
6 0.935685 0.933785 0.112563 0.112611 0.982748
8 0.0665442 0.313452 0.112676 0.11375 0.98253
6 0.564088 0.685317 0.110939 0.112574 0.982476
0 0.191577 0.685411 0.112101 0.111596 0.982254
9 0.191261 0.561313 0.111563 0.113148 0.982229
3 0.811398 0.80994 0.112421 0.11257 0.982213
2 0.189146 0.0646881 0.112138 0.112752 0.982154
7 0.688095 0.809833 0.112677 0.112359 0.981859
7 0.0661706 0.189212 0.113306 0.113215 0.981778
12 0.190888 0.437301 0.111559 0.111839 0.98168
1 0.315131 0.437398 0.112402 0.11183 0.981343
7 0.439534 0.561589 0.113245 0.112336 0.981315
13 0.439536 0.437393 0.112703 0.112101 0.98124
2 0.190764 0.313004 0.111616 0.112712 0.981142
9 0.0668622 0.933769 0.114206 0.114589 0.981062
0 0.315553 0.809338 0.112399 0.112407 0.98079
4 0.935816 0.0656087 0.112617 0.11241 0.980772
3 0.313992 0.189446 0.112698 0.112138 0.980686
7 0.687845 0.0654571 0.11193 0.1123 0.980574
2 0.0649706 0.0647625 0.113254 0.112902 0.980525
5 0.936094 0.685684 0.112554 0.111991 0.980112
8 0.812103 0.0649848 0.112138 0.114091 0.98002
12 0.687553 0.189023 0.111807 0.111881 0.979398
12 0.812126 0.188788 0.112073 0.112614 0.979197
12 0.56367 0.188837 0.111868 0.113048 0.979179
5 0.563449 0.43713 0.111835 0.11288 0.979092
9 0.56362 0.56163 0.111921 0.112485 0.979065
13 0.811962 0.561696 0.112656 0.11276 0.979015
0 0.18954 0.188522 0.112198 0.112412 0.978992
10 0.812325 0.312974 0.112449 0.112759 0.978968
1 0.439428 0.313131 0.112348 0.112924 0.978937
10 0.687844 0.312914 0.112164 0.112424 0.978911
0 0.936108 0.436814 0.112998 0.112582 0.978667
5 0.68764 0.561347 0.11189 0.112656 0.978616
10 0.812434 0.436958 0.112366 0.112632 0.978604
5 0.687729 0.685592 0.112484 0.111819 0.978578
0 0.687494 0.437024 0.112217 0.113207 0.978488
8 0.81201 0.685607 0.112387 0.112462 0.978371
13 0.935948 0.189259 0.113143 0.112511 0.978276
7 0.563666 0.313351 0.111919 0.113172 0.978231
8 0.439172 0.189067 0.112216 0.112625 0.97806
2 0.936511 0.561399 0.112968 0.11363 0.977813
4 0.937074 0.312672 0.113188 0.112408 0.977458
2 0.0663199 0.313327 0.113057 0.112898 0.012042
2 0.811798 0.685309 0.112081 0.111453 0.00903725
10 0.935754 0.685254 0.111893 0.112315 0.00697553
2 0.439999 0.809817 0.112562 0.112901 0.00633189
12 0.686739 0.0650521 0.109939 0.112653 0.00628243
2 0.811766 0.0652542 0.111946 0.113236 0.00546971
2 0.191443 0.809443 0.112516 0.113536 0.00467139
4 0.688103 0.313512 0.111972 0.113481 0.00427903
2 0.439352 0.189196 0.111699 0.113209 0.00413144
1 0.936634 0.312938 0.112697 0.112641 0.00374134
9 0.0671348 0.436589 0.112299 0.113845 0.00365436
12 0.811482 0.933607 0.110472 0.111704 0.00347465
12 0.439937 0.437863 0.108759 0.11392 0.00333208
2 0.315697 0.561167 0.111141 0.112727 0.00322934
3 0.564318 0.685168 0.11108 0.111842 0.00312714
3 0.0667362 0.685111 0.112859 0.112975 0.00302591
5 0.564024 0.809971 0.111923 0.112577 0.0029538
3 0.688125 0.561278 0.111586 0.113256 0.00293409
1 0.687655 0.436491 0.112388 0.112906 0.00289942
6 0.439418 0.933726 0.110905 0.112982 0.00289471
3 0.936002 0.933716 0.112142 0.113041 0.00283496
10 0.812166 0.933479 0.11157 0.113657 0.00282371
7 0.935816 0.0656087 0.112617 0.11241 0.002815
1 0.936239 0.0655354 0.112493 0.113296 0.00277227
11 0.686735 0.56184 0.111613 0.110894 0.00276975
2 0.563863 0.934058 0.112635 0.113623 0.00276174
9 0.0672981 0.561177 0.113395 0.113354 0.00274598
3 0.440103 0.685364 0.111629 0.112119 0.0027247
1 0.687838 0.93334 0.112628 0.11422 0.00272081
12 0.935901 0.809783 0.112443 0.113534 0.00265678
6 0.686752 0.0653341 0.112218 0.112849 0.00263025
0 0.688041 0.189202 0.111247 0.111687 0.00253616
12 0.811327 0.561593 0.111061 0.112103 0.00252948
7 0.191709 0.933501 0.1119 0.111864 0.00250201
3 0.688213 0.685789 0.112999 0.113107 0.00248298
12 0.686839 0.810007 0.110456 0.11246 0.00241863
1 0.190753 0.313503 0.110505 0.111142 0.00232482
2 0.688125 0.561278 0.111586 0.113256 0.00227229
1 0.936442 0.561377 0.112694 0.113054 0.0022559
9 0.813108 0.810529 0.110444 0.110375 0.00223186
8 0.564104 0.809399 0.110584 0.112047 0.00222917
1 0.315828 0.685553 0.112054 0.111613 0.00218758
10 0.564104 0.809399 0.110584 0.112047 0.00215244
6 0.811578 0.188576 0.110782 0.113001 0.00215042
12 0.56368 0.313561 0.11187 0.112348 0.00214307
12 0.811411 0.810189 0.111685 0.112582 0.00212741
2 0.936274 0.313124 0.112157 0.112845 0.00210748
4 0.688125 0.561278 0.111586 0.113256 0.0021039
12 0.564034 0.561306 0.112158 0.112706 0.00206638
6 0.688219 0.809554 0.113373 0.113635 0.00203954
4 0.688232 0.685566 0.11223 0.11292 0.00201808
7 0.688112 0.933887 0.111952 0.112208 0.00200238
6 0.191709 0.933501 0.1119 0.111864 0.00195958
5 0.439341 0.0648173 0.111061 0.112802 0.00195775
12 0.440128 0.561305 0.111648 0.113539 0.00193719
0 0.563656 0.561709 0.111666 0.111446 0.0019164
2 0.688232 0.685566 0.11223 0.11292 0.00188126
5 0.688074 0.313282 0.112703 0.112933 0.00188069
0 0.315566 0.436734 0.11175 0.112139 0.00187082
4 0.813054 0.437551 0.11057 0.113434 0.00183513
11 0.686684 0.686169 0.11212 0.110027 0.0018065
6 0.935896 0.809576 0.111589 0.113171 0.00179555
3 0.564034 0.561306 0.112158 0.112706 0.00176734
1 0.18954 0.188522 0.112198 0.112412 0.0017624
4 0.563719 0.437854 0.111741 0.112141 0.00174488
0 0.439408 0.312865 0.112002 0.112968 0.0017131
2 0.936226 0.0652052 0.112086 0.113241 0.00171069
1 0.31457 0.0644553 0.11268 0.113366 0.00166037
1 0.189519 0.0644273 0.111094 0.113025 0.00165959
5 0.936091 0.561167 0.113269 0.113649 0.00163776
1 0.0656449 0.064481 0.111858 0.11306 0.00163762
12 0.191575 0.561185 0.111155 0.112663 0.00163149
4 0.936583 0.809029 0.112151 0.112253 0.00162547
7 0.43984 0.436685 0.111204 0.112492 0.0016122
1 0.811329 0.809632 0.111845 0.11207 0.00158661
7 0.564318 0.685168 0.11108 0.111842 0.00158362
2 0.687933 0.933948 0.112283 0.114184 0.00155125
11 0.811358 0.064502 0.111595 0.112327 0.00154845
10 0.687339 0.561484 0.111517 0.111925 0.00154636
11 0.811372 0.685449 0.110463 0.112026 0.00154393
1 0.31584 0.933563 0.112665 0.113191 0.00153234
10 0.563495 0.0651495 0.112338 0.112356 0.00149509
7 0.935843 0.933801 0.113334 0.114335 0.00148141
4 0.687943 0.809117 0.111806 0.111442 0.00146325
6 0.811411 0.810189 0.111685 0.112582 0.00145358
2 0.315828 0.685553 0.112054 0.111613 0.00143917
4 0.813007 0.31365 0.11091 0.114091 0.00142844
0 0.0670216 0.313605 0.112683 0.113979 0.00138907
1 0.191606 0.933842 0.111945 0.112905 0.00138535
7 0.936259 0.312476 0.113309 0.113632 0.00138473
6 0.563722 0.313614 0.112298 0.111898 0.00134806
13 0.687522 0.313213 0.110511 0.111116 0.00133381
1 0.315665 0.809312 0.112162 0.112871 0.00132538
4 0.439667 0.313516 0.112073 0.112803 0.00130816
5 0.813038 0.437165 0.111932 0.112858 0.00130622
10 0.688232 0.685566 0.11223 0.11292 0.00129868
2 0.563418 0.809542 0.111368 0.111848 0.00129438
4 0.0653551 0.189201 0.113116 0.111317 0.00128779
11 0.439612 0.188838 0.111655 0.112622 0.00127441
4 0.688113 0.0650915 0.11144 0.112996 0.00125605
12 0.0667666 0.809411 0.112316 0.112259 0.0012531
8 0.936298 0.561276 0.112255 0.111541 0.00124184
13 0.811491 0.313051 0.112249 0.111904 0.00123504
10 0.439501 0.0646797 0.112184 0.112179 0.00122415
3 0.563719 0.437854 0.111741 0.112141 0.00122265
12 0.314094 0.189162 0.1116 0.112384 0.00121637
7 0.688103 0.313512 0.111972 0.113481 0.00120871
1 0.066503 0.561632 0.112708 0.112121 0.00120672
12 0.935958 0.189361 0.112902 0.112895 0.0012053
0 0.191575 0.561185 0.111155 0.112663 0.0011971
11 0.43993 0.809971 0.111909 0.112753 0.00118633
11 0.935785 0.685267 0.112383 0.111914 0.00118246
1 0.191383 0.685484 0.112559 0.112115 0.0011813
11 0.315881 0.561069 0.111222 0.1126 0.00116577
7 0.686789 0.189673 0.110352 0.112242 0.00116168
7 0.811643 0.436876 0.111639 0.112116 0.00115396
11 0.811557 0.312891 0.11194 0.112296 0.00115022
3 0.0649706 0.0647625 0.113254 0.112902 0.00113978
0 0.811415 0.68599 0.111284 0.112019 0.00113943
7 0.812375 0.561194 0.111598 0.112043 0.00113646
9 0.314448 0.188841 0.111366 0.112008 0.00113643
11 0.563104 0.436616 0.111431 0.110192 0.00113307
12 0.0661588 0.189261 0.112904 0.111721 0.00113287
10 0.563487 0.437348 0.111982 0.112965 0.00112196
13 0.811563 0.437094 0.111866 0.1119 0.00112142
5 0.936589 0.312963 0.112104 0.111356 0.00111941
3 0.936298 0.561276 0.112255 0.111541 0.00111626
3 0.190932 0.313105 0.111218 0.112542 0.00111385
6 0.686868 0.188542 0.111484 0.110801 0.00111113
4 0.439957 0.561474 0.11186 0.112258 0.00109015
7 0.440103 0.685364 0.111629 0.112119 0.00106768
3 0.191575 0.561185 0.111155 0.112663 0.00106066
7 0.31562 0.68557 0.11232 0.112074 0.00105585
0 0.813028 0.18913 0.108108 0.109992 0.00104799
11 0.0664717 0.809392 0.113868 0.112941 0.00104722
13 0.68684 0.0647275 0.111644 0.11182 0.00104713
4 0.315237 0.43766 0.112479 0.112937 0.00103907
11 0.812615 0.436365 0.110736 0.112819 0.00102224
11 0.935722 0.189492 0.112904 0.112909 0.00100617
7 0.0671147 0.809448 0.1129 0.112872 0.00100378
4 0.563532 0.313471 0.112533 0.113257 0.0010024
