7 0.935806 0.933873 0.112878 0.112664 0.987196
12 0.191713 0.809357 0.110816 0.112372 0.986114
3 0.687323 0.809726 0.112235 0.11392 0.985882
8 0.439474 0.934189 0.112363 0.112379 0.98559
4 0.315464 0.809928 0.112993 0.112553 0.985569
5 0.563719 0.810023 0.111417 0.112727 0.98555
10 0.315492 0.0649073 0.111287 0.112288 0.985262
1 0.315434 0.933967 0.112132 0.112669 0.984813
6 0.191503 0.933627 0.111805 0.113339 0.984658
6 0.687667 0.933789 0.111958 0.113522 0.984534
7 0.067043 0.934087 0.113248 0.113359 0.98452
6 0.936704 0.809396 0.11204 0.113007 0.984438
2 0.439309 0.685384 0.112986 0.113289 0.984437
3 0.563612 0.685416 0.112402 0.113724 0.984108
9 0.0670794 0.685598 0.113319 0.113195 0.983978
5 0.811873 0.934513 0.111552 0.11273 0.983652
13 0.19139 0.685306 0.111922 0.112105 0.983652
13 0.315469 0.561908 0.111556 0.112306 0.983639
1 0.439628 0.809562 0.112336 0.112992 0.983111
13 0.0673037 0.437734 0.112759 0.112773 0.983104
11 0.563217 0.934117 0.111191 0.113214 0.983045
5 0.315764 0.437526 0.112025 0.113014 0.983028
4 0.315521 0.68568 0.112547 0.112527 0.982961
9 0.0667462 0.189165 0.11298 0.113306 0.982909
4 0.56369 0.0653823 0.111421 0.112775 0.982755
9 0.191307 0.437362 0.112588 0.113189 0.982729
6 0.191886 0.188601 0.111897 0.112884 0.98243
10 0.191328 0.0647303 0.110848 0.112078 0.982352
12 0.935825 0.0652101 0.112843 0.113637 0.982194
1 0.19143 0.56145 0.111936 0.112713 0.981988
10 0.439331 0.313286 0.112221 0.111924 0.981508
6 0.44001 0.188891 0.111214 0.112751 0.981256
1 0.191118 0.313249 0.11182 0.11155 0.981136
4 0.0679156 0.561514 0.112659 0.112371 0.981117
7 0.439424 0.561081 0.112509 0.112315 0.981103
1 0.315234 0.189246 0.112305 0.112166 0.981054
0 0.315409 0.312826 0.111817 0.112241 0.980874
4 0.0678396 0.0650746 0.112869 0.113047 0.980833
5 0.811989 0.065537 0.112292 0.113199 0.980631
1 0.43952 0.0648819 0.111568 0.113307 0.980314
10 0.563611 0.313062 0.111735 0.113565 0.980135
9 0.563701 0.437578 0.112031 0.112544 0.980064
10 0.687845 0.313062 0.111737 0.113348 0.979803
10 0.812045 0.809642 0.112977 0.113292 0.979697
12 0.563229 0.189442 0.111173 0.113089 0.979622
11 0.563386 0.561257 0.112006 0.113492 0.979246
6 0.6875 0.0647139 0.111218 0.1137 0.979197
10 0.812239 0.312957 0.112064 0.112921 0.979186
11 0.687741 0.685358 0.112453 0.11309 0.979016
3 0.935799 0.685744 0.112659 0.114195 0.978973
3 0.811832 0.188628 0.111774 0.112739 0.978875
5 0.811967 0.685311 0.112859 0.113401 0.978811
10 0.936604 0.561187 0.11281 0.113402 0.978788
7 0.687849 0.561458 0.112363 0.113733 0.978574
0 0.811774 0.561388 0.112647 0.112552 0.978574
2 0.687341 0.188701 0.111778 0.112349 0.978553
0 0.439437 0.437166 0.112079 0.113838 0.978508
0 0.687611 0.437172 0.111853 0.113039 0.978358
7 0.812225 0.437098 0.112819 0.113765 0.978137
0 0.935882 0.437136 0.113293 0.112091 0.978099
6 0.93671 0.312933 0.113551 0.113015 0.977936
11 0.936235 0.188614 0.1128 0.113416 0.976566
0 0.0671249 0.31322 0.111616 0.112175 0.975639
0 0.0672192 0.809573 0.112186 0.112438 0.97543
1 0.0665872 0.313359 0.111795 0.111858 0.0284935
1 0.0668869 0.80943 0.113713 0.112956 0.0259822
10 0.9361 0.18897 0.111481 0.11111 0.0177282
3 0.68787 0.189954 0.112796 0.112716 0.0152147
3 0.439874 0.68539 0.112759 0.11335 0.00821768
12 0.811499 0.436884 0.112062 0.113365 0.00595602
2 0.066932 0.561608 0.113856 0.112553 0.00547677
5 0.811837 0.313909 0.112223 0.111955 0.00540921
8 0.688128 0.189263 0.112041 0.113918 0.00536187
10 0.563573 0.5613 0.111626 0.113754 0.0050555
12 0.686759 0.561506 0.109707 0.112528 0.00475802
10 0.686733 0.685179 0.11171 0.11388 0.0040749
9 0.43979 0.933717 0.111688 0.113031 0.00355218
1 0.56369 0.0653823 0.111421 0.112775 0.00341367
7 0.0671975 0.436464 0.112695 0.115557 0.00330864
8 0.688135 0.685277 0.111964 0.113177 0.00304791
1 0.687774 0.436637 0.112193 0.112565 0.00296759
1 0.066932 0.561608 0.113856 0.112553 0.00296426
1 0.688376 0.933188 0.112767 0.113601 0.00290573
6 0.564216 0.065422 0.112059 0.113441 0.00288936
7 0.688103 0.313631 0.111446 0.113834 0.00283229
9 0.687577 0.685472 0.111601 0.112247 0.00282142
11 0.440272 0.93394 0.112278 0.112836 0.00277261
11 0.811586 0.933509 0.112202 0.110862 0.00276249
5 0.0667402 0.561504 0.112647 0.112809 0.00274672
6 0.563552 0.189235 0.111437 0.113528 0.00263513
4 0.68818 0.809124 0.111275 0.113381 0.00262178
1 0.0667772 0.0649874 0.112274 0.11234 0.00256707
12 0.687977 0.809525 0.11166 0.112674 0.00254071
2 0.0667772 0.0649874 0.112274 0.11234 0.00253289
7 0.81156 0.809229 0.111799 0.113016 0.00248097
6 0.811695 0.188961 0.110801 0.113428 0.00237747
4 0.688103 0.313631 0.111446 0.113834 0.00234288
3 0.936218 0.313249 0.111944 0.11234 0.00228122
12 0.191485 0.685122 0.111987 0.112266 0.00224822
4 0.563588 0.313465 0.11153 0.112719 0.00222771
2 0.688207 0.809545 0.111003 0.11275 0.00218169
5 0.686888 0.189271 0.113316 0.112379 0.00214791
12 0.935737 0.933382 0.112601 0.112403 0.00210126
7 0.936256 0.313472 0.112443 0.113359 0.00209154
1 0.315521 0.68568 0.112547 0.112527 0.00206873
1 0.439612 0.437138 0.111788 0.113302 0.00204268
3 0.315284 0.809286 0.112201 0.112387 0.00203885
4 0.812027 0.809322 0.112255 0.113345 0.00201694
10 0.811428 0.933557 0.111285 0.111854 0.00200745
2 0.315521 0.68568 0.112547 0.112527 0.00197563
4 0.811837 0.313909 0.112223 0.111955 0.00196078
1 0.688132 0.0647964 0.110873 0.112932 0.00194085
10 0.811655 0.064701 0.111624 0.11225 0.00194042
1 0.315464 0.809928 0.112993 0.112553 0.00193707
1 0.811697 0.560928 0.113043 0.112389 0.00193319
4 0.43997 0.31371 0.110557 0.112839 0.00190228
7 0.563588 0.313465 0.11153 0.112719 0.0019022
1 0.688116 0.189081 0.113558 0.114269 0.00190021
6 0.686777 0.561374 0.112961 0.111622 0.00188352
5 0.688117 0.313881 0.111804 0.112047 0.00188349
10 0.315154 0.437036 0.11325 0.112349 0.00182214
12 0.811695 0.188961 0.110801 0.113428 0.0017883
3 0.687877 0.0648573 0.112015 0.113552 0.00175905
0 0.191653 0.436807 0.110111 0.113925 0.00175669
0 0.439461 0.0642468 0.111673 0.113946 0.0017534
5 0.0664746 0.0652824 0.112532 0.11198 0.00174018
7 0.315401 0.0651359 0.112162 0.113205 0.00172674
2 0.315464 0.809928 0.112993 0.112553 0.00170966
5 0.563183 0.933476 0.109789 0.112409 0.0017068
8 0.563418 0.561125 0.111844 0.112467 0.00163246
4 0.191219 0.0649702 0.111275 0.113076 0.00162471
5 0.688234 0.80924 0.111225 0.112849 0.0016173
12 0.936063 0.685503 0.111773 0.113103 0.00160931
13 0.191191 0.064412 0.111821 0.111919 0.00159111
5 0.315241 0.809305 0.112489 0.112509 0.00158505
7 0.191219 0.0649702 0.111275 0.113076 0.00157556
0 0.563318 0.437401 0.112406 0.112872 0.00156569
6 0.811442 0.436555 0.113079 0.112919 0.0015482
2 0.811508 0.685082 0.11357 0.112342 0.00154451
7 0.439388 0.313427 0.111588 0.112878 0.00154263
4 0.439776 0.809459 0.111703 0.11242 0.00154021
2 0.81156 0.932811 0.113524 0.111437 0.00153061
1 0.315409 0.312826 0.111817 0.112241 0.00152438
3 0.936704 0.809396 0.11204 0.113007 0.00151695
7 0.68808 0.0645269 0.11156 0.113028 0.00149255
2 0.56369 0.0653823 0.111421 0.112775 0.00146492
8 0.563626 0.437574 0.1115 0.112448 0.00146418
13 0.43949 0.31307 0.111732 0.111822 0.00144893
0 0.191181 0.313369 0.110751 0.112276 0.00143722
8 0.56382 0.933268 0.11217 0.112735 0.00143132
3 0.316067 0.685614 0.111327 0.112052 0.00143039
7 0.316068 0.809652 0.111081 0.112079 0.00142278
1 0.439544 0.685042 0.113521 0.113837 0.00141514
6 0.936128 0.68581 0.111314 0.114592 0.00141478
13 0.687518 0.312943 0.111788 0.111928 0.00140743
11 0.811544 0.685389 0.112748 0.111929 0.00139834
12 0.563946 0.438043 0.110316 0.113961 0.00138944
3 0.191886 0.188601 0.111897 0.112884 0.00138754
3 0.0667402 0.561504 0.112647 0.112809 0.00138243
4 0.315401 0.0651359 0.112162 0.113205 0.00137765
4 0.315548 0.189498 0.112188 0.113879 0.00137622
13 0.686863 0.561094 0.110875 0.11254 0.00136033
4 0.19143 0.56145 0.111936 0.112713 0.00135233
7 0.316067 0.685614 0.111327 0.112052 0.00133535
10 0.812332 0.685487 0.112442 0.113232 0.00132756
3 0.439233 0.189042 0.111017 0.112757 0.00132054
6 0.936192 0.0646985 0.112862 0.114806 0.00131761
5 0.811476 0.80969 0.112496 0.112256 0.00131318
4 0.56388 0.685476 0.109761 0.112713 0.0012659
10 0.563723 0.809429 0.112437 0.112912 0.00126116
7 0.0677367 0.56195 0.11235 0.112249 0.0012338
0 0.31534 0.188958 0.112142 0.113381 0.00123054
4 0.191219 0.313618 0.111814 0.112757 0.00122753
13 0.935745 0.561201 0.111047 0.111973 0.00122627
4 0.315571 0.933856 0.111636 0.11307 0.00122074
3 0.687862 0.933624 0.111982 0.112323 0.00122006
6 0.0677367 0.56195 0.11235 0.112249 0.00120681
11 0.811574 0.0650418 0.113566 0.112153 0.00120028
6 0.0674403 0.0651822 0.112856 0.113616 0.00117683
7 0.936217 0.0645532 0.112046 0.114074 0.00116914
5 0.688453 0.685389 0.111201 0.111945 0.00115967
13 0.811507 0.31316 0.111543 0.112423 0.00115601
10 0.0664129 0.437543 0.113713 0.111818 0.00115235
3 0.564216 0.065422 0.112059 0.113441 0.00113567
6 0.316067 0.685614 0.111327 0.112052 0.00112668
13 0.562869 0.312935 0.111486 0.112068 0.00112277
9 0.936415 0.561382 0.112454 0.112543 0.00112066
4 0.563552 0.189235 0.111437 0.113528 0.00111859
11 0.315001 0.436546 0.111029 0.111194 0.0011085
7 0.191387 0.685187 0.111395 0.112049 0.00110295
0 0.315571 0.933856 0.111636 0.11307 0.0010925
9 0.812275 0.80953 0.111105 0.112375 0.00108738
7 0.936142 0.561074 0.111571 0.113364 0.00107015
0 0.191297 0.561197 0.112138 0.113176 0.00106817
13 0.811549 0.43661 0.1114 0.113525 0.00105112
12 0.191668 0.438031 0.111167 0.112937 0.00103682
1 0.688161 0.809434 0.111693 0.112189 0.00103646
4 0.812769 0.436404 0.111026 0.112808 0.00103213
4 0.439866 0.0648016 0.112347 0.114013 0.00103151
9 0.935921 0.18914 0.111748 0.112625 0.00102601
7 0.688348 0.933051 0.114654 0.112979 0.00102514
6 0.316068 0.809652 0.111081 0.112079 0.00101846
9 0.935831 0.437407 0.112599 0.112209 0.00101744
7 0.811552 0.312981 0.111323 0.112995 0.00100069
