3 0.0672047 0.561348 0.112659 0.113588 0.985692
5 0.935774 0.934029 0.112407 0.112034 0.98564
9 0.191326 0.685601 0.111203 0.111941 0.985363
12 0.439595 0.934025 0.111095 0.112728 0.985141
5 0.439447 0.809859 0.110862 0.111493 0.984788
5 0.0670985 0.809885 0.111909 0.112706 0.984277
9 0.066815 0.437501 0.112789 0.112862 0.984277
3 0.315431 0.561543 0.111694 0.113247 0.984271
5 0.811672 0.934341 0.112421 0.112537 0.984237
11 0.563289 0.93402 0.111333 0.112497 0.984208
4 0.315028 0.0648005 0.111729 0.111582 0.983919
2 0.315207 0.933817 0.112937 0.113713 0.9838
3 0.191198 0.312819 0.112386 0.112343 0.983235
12 0.191682 0.561385 0.110881 0.111433 0.982754
3 0.19097 0.189191 0.11191 0.113143 0.98267
7 0.191112 0.0651004 0.112263 0.113004 0.982494
5 0.811985 0.810041 0.111383 0.111045 0.982411
12 0.563711 0.0650491 0.110044 0.111669 0.982387
7 0.439807 0.685609 0.111765 0.112173 0.982365
6 0.687868 0.93409 0.111793 0.112788 0.98208
1 0.936258 0.809688 0.113029 0.112585 0.981761
12 0.315214 0.188471 0.111178 0.111567 0.981664
4 0.439411 0.189016 0.113112 0.112561 0.98153
9 0.687675 0.0652028 0.111216 0.112883 0.981489
13 0.066792 0.68565 0.112039 0.111464 0.981355
10 0.439453 0.561359 0.112675 0.111056 0.981349
11 0.191182 0.808899 0.110996 0.110452 0.981288
10 0.191764 0.93314 0.113341 0.113294 0.981265
11 0.0665576 0.0651041 0.113044 0.113232 0.981037
13 0.438938 0.0647857 0.111384 0.11121 0.98097
8 0.563665 0.80998 0.111649 0.112256 0.980965
8 0.687819 0.80974 0.111613 0.111959 0.980657
2 0.0666801 0.189274 0.112177 0.112168 0.980386
11 0.191094 0.437192 0.111859 0.111957 0.980376
8 0.0667869 0.313255 0.111792 0.112157 0.98032
6 0.564246 0.561723 0.112667 0.113321 0.979969
8 0.314978 0.437415 0.112253 0.112075 0.979926
1 0.0668171 0.933977 0.113768 0.11484 0.979841
0 0.3153 0.809443 0.113064 0.111398 0.979469
9 0.563671 0.437356 0.112141 0.111926 0.9794
12 0.812466 0.0651851 0.110464 0.112722 0.979189
12 0.439889 0.437366 0.112398 0.112061 0.979132
11 0.439293 0.312962 0.112699 0.112428 0.979067
1 0.935181 0.065059 0.113591 0.113386 0.978994
3 0.688071 0.561591 0.112625 0.112702 0.978977
13 0.688079 0.685819 0.112238 0.111635 0.978939
3 0.563306 0.189024 0.112851 0.113123 0.978777
0 0.687561 0.189024 0.111781 0.112374 0.978681
8 0.315203 0.313344 0.112308 0.112438 0.97865
0 0.935417 0.436941 0.11368 0.112473 0.978545
8 0.315797 0.685543 0.112624 0.112698 0.978257
12 0.812575 0.685512 0.111717 0.112117 0.978234
7 0.564099 0.313437 0.111649 0.11237 0.978231
0 0.811738 0.31311 0.111559 0.112318 0.978173
8 0.936161 0.685613 0.112283 0.111626 0.978149
5 0.687911 0.437158 0.112404 0.112499 0.978023
2 0.93589 0.561973 0.111592 0.112236 0.977891
2 0.687866 0.313203 0.111568 0.111575 0.977777
5 0.812107 0.561658 0.112365 0.112496 0.977703
2 0.936022 0.312932 0.11305 0.11251 0.977465
8 0.564041 0.685715 0.11211 0.112739 0.977461
7 0.812331 0.437239 0.11181 0.112359 0.977318
2 0.935814 0.188974 0.112879 0.113086 0.977296
2 0.811344 0.189005 0.112088 0.112253 0.977204
2 0.688161 0.809195 0.111244 0.111496 0.0181732
5 0.19178 0.437965 0.113244 0.110769 0.0137799
2 0.563745 0.685738 0.111693 0.111523 0.0117397
2 0.315031 0.68581 0.11194 0.112134 0.00890163
2 0.563785 0.810051 0.111938 0.112117 0.00680401
12 0.811442 0.437294 0.111086 0.113063 0.00625707
3 0.688229 0.0652283 0.112619 0.112844 0.00559668
9 0.191429 0.80932 0.111369 0.111619 0.00551295
2 0.314819 0.437253 0.111762 0.11255 0.00520086
2 0.315123 0.313005 0.111346 0.112341 0.00496965
3 0.688001 0.933554 0.111332 0.112999 0.00463784
10 0.563652 0.93404 0.110321 0.112545 0.00429546
0 0.935457 0.0646744 0.113323 0.113875 0.00409495
12 0.688186 0.0650446 0.111801 0.111943 0.00403456
2 0.936445 0.685647 0.112031 0.112382 0.00394613
1 0.935644 0.31332 0.111721 0.113522 0.00393525
1 0.687679 0.313407 0.11115 0.112059 0.00370969
7 0.688323 0.933214 0.113138 0.112907 0.00352371
12 0.0674678 0.436667 0.110935 0.113177 0.00350671
2 0.0663575 0.313347 0.113467 0.112074 0.00341095
3 0.935735 0.561493 0.113351 0.11238 0.00337535
12 0.563879 0.438078 0.110298 0.112432 0.00337318
12 0.439642 0.0650011 0.110874 0.112859 0.00333657
0 0.563979 0.438087 0.112098 0.112868 0.00317
0 0.0673263 0.437976 0.111571 0.11231 0.00314401
1 0.439916 0.188802 0.111925 0.112008 0.00314298
1 0.315594 0.809579 0.111599 0.112147 0.00313145
2 0.688201 0.437573 0.11254 0.11282 0.00303915
10 0.191128 0.436878 0.111338 0.110608 0.00303865
1 0.811927 0.312537 0.111204 0.112478 0.00300122
5 0.811454 0.188911 0.112884 0.112189 0.00298313
1 0.315028 0.0648005 0.111729 0.111582 0.00290186
5 0.935697 0.18907 0.113723 0.113644 0.00286064
3 0.563671 0.43732 0.111967 0.11277 0.00283119
0 0.314791 0.43808 0.112105 0.113424 0.00277304
10 0.0666789 0.0646967 0.112775 0.112912 0.00265411
1 0.687817 0.189212 0.111945 0.112394 0.00259291
3 0.688196 0.312737 0.111125 0.11174 0.00253075
3 0.811828 0.189588 0.112066 0.112208 0.0025051
0 0.936428 0.809522 0.111967 0.112591 0.00244589
3 0.688201 0.437573 0.11254 0.11282 0.0023841
7 0.439499 0.188967 0.112124 0.112994 0.00236812
7 0.811528 0.0644425 0.110095 0.112492 0.00235144
6 0.812089 0.685586 0.111288 0.111197 0.00234007
12 0.687781 0.685797 0.111288 0.11177 0.0023124
5 0.563643 0.934134 0.11194 0.112595 0.0023039
7 0.564076 0.561309 0.113332 0.113171 0.00223848
10 0.935974 0.933934 0.112014 0.112295 0.00223284
0 0.688186 0.0650446 0.111801 0.111943 0.00220101
5 0.0672102 0.064625 0.113051 0.112833 0.00215942
5 0.935883 0.561622 0.113604 0.114302 0.00215332
5 0.935752 0.312835 0.113607 0.113802 0.00213348
11 0.0663996 0.685183 0.113138 0.111629 0.00210509
6 0.439694 0.437531 0.111108 0.111732 0.0020932
5 0.68817 0.3132 0.112639 0.113303 0.00206421
4 0.687919 0.437884 0.111134 0.111332 0.00199923
11 0.811396 0.561961 0.112259 0.111122 0.0019888
6 0.811515 0.437008 0.110606 0.113316 0.00191732
11 0.688278 0.809765 0.113329 0.112598 0.00184822
8 0.563891 0.933379 0.112765 0.112335 0.00179205
9 0.191268 0.437402 0.111344 0.111845 0.00176352
1 0.811835 0.189049 0.112092 0.112125 0.00176042
6 0.439499 0.188967 0.112124 0.112994 0.00171282
2 0.811412 0.809723 0.11378 0.111985 0.00171013
7 0.439807 0.436726 0.111859 0.11301 0.00169686
12 0.0664998 0.685523 0.111277 0.111629 0.00167789
11 0.563712 0.685632 0.112528 0.111215 0.00166939
4 0.439841 0.56147 0.112205 0.112126 0.00166384
7 0.811456 0.686166 0.111384 0.112792 0.00165608
10 0.439312 0.313853 0.111602 0.112203 0.00163323
3 0.0661975 0.188996 0.11411 0.112186 0.0016063
6 0.812386 0.064938 0.10985 0.112418 0.00160253
13 0.0662282 0.0649042 0.112741 0.111758 0.00159349
1 0.936166 0.561662 0.113105 0.113743 0.00158584
2 0.439437 0.188876 0.111379 0.112202 0.00157651
11 0.811484 0.933959 0.11391 0.111379 0.0015672
8 0.811559 0.18872 0.111616 0.113475 0.00154128
3 0.811443 0.809972 0.113201 0.11142 0.00151159
12 0.191474 0.68541 0.111716 0.112392 0.00150925
0 0.0673634 0.313836 0.111765 0.112918 0.00149629
2 0.688245 0.561934 0.111973 0.111404 0.00149302
4 0.812525 0.437932 0.10908 0.112336 0.00149216
3 0.315207 0.933817 0.112937 0.113713 0.00148814
3 0.81187 0.561238 0.112221 0.111114 0.00148797
13 0.191976 0.933321 0.111734 0.112029 0.00148155
7 0.688391 0.685782 0.112913 0.111831 0.00147925
0 0.0668171 0.933977 0.113768 0.11484 0.00145554
12 0.191773 0.0651106 0.111683 0.11055 0.00143824
3 0.564504 0.561403 0.112145 0.112896 0.00141579
6 0.191682 0.561385 0.110881 0.111433 0.00140958
1 0.315818 0.933504 0.113213 0.113652 0.00138587
11 0.563896 0.809958 0.112479 0.111584 0.00136937
1 0.31498 0.56153 0.112458 0.112366 0.00136052
1 0.0668085 0.189278 0.112414 0.111812 0.0013572
5 0.439394 0.312697 0.111668 0.112236 0.00134613
1 0.93597 0.1889 0.112862 0.112649 0.00133739
7 0.0672448 0.685459 0.113552 0.112604 0.00132012
12 0.687793 0.561318 0.1115 0.112448 0.00130049
10 0.811466 0.933524 0.114988 0.111968 0.00129929
3 0.935452 0.313366 0.112767 0.111274 0.00128407
12 0.562981 0.189142 0.111493 0.112516 0.0012597
8 0.191394 0.809148 0.111623 0.111419 0.00125771
1 0.687987 0.561543 0.112154 0.112446 0.00125228
4 0.191684 0.933232 0.112321 0.113358 0.00124556
1 0.688357 0.933344 0.111305 0.113593 0.00124394
3 0.191206 0.685657 0.111636 0.112248 0.00123098
2 0.315028 0.0648005 0.111729 0.111582 0.0012263
9 0.688245 0.561934 0.111973 0.111404 0.00122168
12 0.191078 0.189072 0.11216 0.112595 0.0012202
3 0.935136 0.189415 0.112947 0.11282 0.00121298
8 0.688178 0.313251 0.111795 0.113333 0.00120504
5 0.314855 0.0651236 0.112656 0.111579 0.00120125
6 0.56363 0.0647443 0.110727 0.112292 0.00119079
7 0.563567 0.0649621 0.11186 0.110848 0.00118368
1 0.0665544 0.561421 0.11291 0.11237 0.00118075
5 0.0665822 0.188698 0.112874 0.11276 0.00117648
0 0.935528 0.685938 0.111295 0.112718 0.00117008
4 0.936258 0.809688 0.113029 0.112585 0.00116536
10 0.812291 0.561345 0.110849 0.111424 0.00116018
11 0.686766 0.4377 0.111647 0.110488 0.0011525
9 0.439465 0.313255 0.111526 0.111617 0.00114807
0 0.315574 0.313589 0.111732 0.112644 0.00114501
9 0.935441 0.437157 0.112995 0.112375 0.00113286
4 0.191882 0.0648829 0.11105 0.112705 0.0011299
4 0.688209 0.561679 0.112878 0.112731 0.00112967
10 0.564048 0.31364 0.111573 0.111538 0.00111891
9 0.563652 0.93404 0.110321 0.112545 0.00110209
11 0.315176 0.685472 0.113006 0.111538 0.00110157
8 0.0673577 0.438057 0.112617 0.113457 0.00109516
5 0.191182 0.808899 0.110996 0.110452 0.0010942
8 0.439312 0.313853 0.111602 0.112203 0.0010941
3 0.811456 0.686166 0.111384 0.112792 0.00109242
10 0.812011 0.437856 0.109634 0.111391 0.00108621
13 0.811455 0.0649519 0.111082 0.112454 0.00108498
2 0.191429 0.80932 0.111369 0.111619 0.00106917
10 0.0663996 0.685183 0.113138 0.111629 0.00106628
2 0.811365 0.561779 0.113304 0.111545 0.00106041
13 0.813102 0.436505 0.110153 0.11155 0.0010598
3 0.439807 0.436726 0.111859 0.11301 0.00105835
3 0.811484 0.933959 0.11391 0.111379 0.00105201
11 0.936071 0.934079 0.111614 0.113264 0.00104507
10 0.191438 0.809491 0.110798 0.110978 0.00103306
3 0.0674678 0.436667 0.110935 0.113177 0.00100117
11 0.811443 0.809972 0.113201 0.11142 0.00100075
