5 0.31554 0.934146 0.110652 0.112011 0.986428
12 0.440141 0.934021 0.1118 0.113037 0.98538
4 0.191942 0.685259 0.110989 0.11095 0.985122
4 0.0672498 0.933975 0.111812 0.111648 0.984664
2 0.31526 0.8097 0.113108 0.112328 0.984363
7 0.439971 0.809342 0.111872 0.112381 0.984205
2 0.315366 0.685425 0.112236 0.11203 0.983819
12 0.0677308 0.809561 0.112244 0.112163 0.98381
10 0.563497 0.0650636 0.111274 0.112525 0.983781
1 0.936223 0.809455 0.112723 0.112151 0.983405
10 0.192095 0.933617 0.111616 0.112619 0.9834
7 0.439972 0.68564 0.111981 0.112271 0.983367
5 0.191954 0.561846 0.110587 0.11117 0.983363
4 0.811747 0.934042 0.112837 0.112112 0.983269
1 0.0670278 0.685335 0.112788 0.112061 0.983228
11 0.439158 0.0652039 0.111148 0.112 0.983179
6 0.0667299 0.313499 0.113894 0.113385 0.983019
5 0.0667676 0.189596 0.112383 0.112084 0.983012
12 0.315599 0.312965 0.111758 0.111981 0.982732
13 0.563563 0.933828 0.111011 0.112523 0.982573
2 0.811776 0.809909 0.111727 0.111751 0.982538
4 0.191878 0.437297 0.111604 0.111337 0.982487
0 0.688162 0.9335 0.112324 0.112983 0.982323
6 0.687832 0.809618 0.111583 0.113336 0.982025
10 0.192268 0.0649323 0.111911 0.111506 0.981887
4 0.191782 0.188787 0.111839 0.111763 0.981881
8 0.93575 0.933556 0.112674 0.112253 0.981878
1 0.0670454 0.437643 0.113016 0.112527 0.98185
12 0.315626 0.43723 0.112072 0.11146 0.981815
1 0.190943 0.313086 0.111963 0.111767 0.981359
2 0.191831 0.809256 0.111381 0.112251 0.981306
11 0.0669274 0.562007 0.113536 0.113052 0.981299
4 0.439256 0.31296 0.113031 0.112667 0.981237
13 0.0668461 0.0654494 0.113704 0.11308 0.98122
7 0.439426 0.189333 0.111736 0.112185 0.981179
11 0.687434 0.065634 0.111162 0.112375 0.981128
9 0.564078 0.809983 0.112101 0.113317 0.981078
0 0.315283 0.561375 0.112669 0.111526 0.980582
9 0.687826 0.437343 0.111602 0.111468 0.979878
4 0.563896 0.31291 0.112972 0.112901 0.979843
10 0.812201 0.0651977 0.111505 0.112647 0.979789
8 0.315291 0.189429 0.112095 0.112079 0.979786
5 0.563441 0.18893 0.111398 0.112573 0.979666
8 0.31533 0.0652453 0.112219 0.111826 0.979608
10 0.564054 0.561232 0.11248 0.112977 0.979503
4 0.688384 0.188623 0.113305 0.113086 0.979454
13 0.687941 0.685611 0.112115 0.11181 0.979414
13 0.563945 0.685583 0.111872 0.112376 0.979176
5 0.93623 0.685338 0.111808 0.110918 0.97899
10 0.688111 0.312912 0.111992 0.112643 0.978987
0 0.439211 0.4376 0.111447 0.111771 0.97893
8 0.439939 0.561293 0.111974 0.113514 0.978769
12 0.812524 0.437122 0.111625 0.112272 0.978729
11 0.81218 0.685433 0.112424 0.112529 0.978572
5 0.812389 0.188626 0.112319 0.113027 0.978367
0 0.935991 0.437067 0.113192 0.112342 0.978245
7 0.563975 0.437449 0.11194 0.112479 0.978214
8 0.936474 0.561364 0.112212 0.11229 0.97792
2 0.812323 0.313059 0.112749 0.113525 0.977761
2 0.812308 0.561722 0.112713 0.113197 0.977694
8 0.68806 0.561458 0.11197 0.112987 0.977668
5 0.936523 0.188477 0.112696 0.1128 0.977631
2 0.936341 0.313479 0.111221 0.112025 0.9776
8 0.936205 0.0643428 0.112574 0.11288 0.977192
2 0.688184 0.561323 0.111751 0.111826 0.0117638
2 0.439431 0.561249 0.111628 0.11266 0.0101911
2 0.936373 0.561235 0.111183 0.112015 0.00721836
2 0.935941 0.0647448 0.111337 0.112831 0.00616165
5 0.687892 0.0642601 0.110398 0.113015 0.00582437
10 0.935774 0.188598 0.110939 0.111738 0.00488719
1 0.1916 0.437399 0.11342 0.112085 0.00461422
4 0.688056 0.313749 0.110118 0.11235 0.00444161
3 0.688375 0.808972 0.111268 0.112421 0.00442149
3 0.191507 0.809628 0.112737 0.112549 0.00423155
1 0.936106 0.313299 0.110886 0.113554 0.00418391
2 0.315371 0.0646525 0.111445 0.112923 0.00411428
1 0.688525 0.188368 0.113282 0.113215 0.00373162
10 0.0673703 0.560874 0.114165 0.114341 0.00364691
1 0.43973 0.312883 0.112099 0.112179 0.00358928
12 0.563821 0.68546 0.110801 0.11187 0.00358671
10 0.935721 0.685094 0.111333 0.11199 0.00350599
5 0.811525 0.809992 0.114032 0.112439 0.00344442
1 0.564151 0.312849 0.11264 0.112461 0.00341364
2 0.315327 0.188929 0.111202 0.112512 0.00337863
1 0.81207 0.313405 0.111421 0.112411 0.00328595
12 0.688201 0.438067 0.109852 0.112128 0.00319661
10 0.812224 0.933668 0.110911 0.112301 0.00318429
0 0.688229 0.437524 0.112426 0.111917 0.00314698
7 0.811716 0.932481 0.113198 0.113775 0.00313602
7 0.688275 0.809469 0.113073 0.113218 0.00312291
5 0.811547 0.313376 0.113327 0.112652 0.00310715
1 0.191477 0.685256 0.11263 0.111613 0.00308397
3 0.563852 0.809664 0.112297 0.111522 0.00299504
1 0.191379 0.188674 0.111591 0.111415 0.00293757
5 0.811472 0.561713 0.114058 0.112204 0.00292143
7 0.191498 0.437575 0.111618 0.112136 0.00285268
3 0.315366 0.685425 0.112236 0.11203 0.00283497
4 0.812201 0.0651977 0.111505 0.112647 0.0027123
5 0.812107 0.685589 0.111637 0.111362 0.00270806
1 0.0671567 0.93414 0.113015 0.112696 0.00267785
3 0.688277 0.437599 0.113119 0.112972 0.00264171
7 0.439335 0.31312 0.111611 0.111925 0.00256991
6 0.31584 0.43733 0.110872 0.111343 0.00255298
12 0.564348 0.436627 0.110866 0.110327 0.00254971
3 0.812048 0.561678 0.112591 0.111855 0.00253724
4 0.564118 0.437996 0.110195 0.112575 0.00253215
12 0.687895 0.685486 0.111134 0.111741 0.00250677
6 0.564118 0.437996 0.110195 0.112575 0.00235159
4 0.563925 0.561433 0.111984 0.111992 0.00231852
8 0.811382 0.685365 0.110869 0.111269 0.00230749
10 0.686841 0.0647843 0.110899 0.112585 0.0022884
3 0.31526 0.8097 0.113108 0.112328 0.00222071
10 0.811481 0.685511 0.110187 0.111736 0.00218014
11 0.811662 0.189202 0.112003 0.111761 0.0021657
7 0.191562 0.188979 0.112126 0.112538 0.00212788
3 0.81197 0.313696 0.112527 0.112386 0.0021126
1 0.811525 0.809992 0.114032 0.112439 0.00209021
12 0.563852 0.809664 0.112297 0.111522 0.00201359
7 0.191425 0.685029 0.112624 0.112875 0.00200601
2 0.564079 0.313049 0.111656 0.113076 0.00196493
2 0.935967 0.933829 0.112487 0.112787 0.00196425
5 0.0666724 0.561318 0.114255 0.113242 0.00193641
3 0.0666381 0.313408 0.112742 0.112995 0.00191385
6 0.812108 0.437259 0.112221 0.111109 0.0019057
5 0.439218 0.0645531 0.11071 0.11269 0.00190241
2 0.439787 0.312812 0.111505 0.112957 0.00189521
3 0.811605 0.810307 0.113182 0.112387 0.00186926
10 0.439218 0.0645531 0.11071 0.11269 0.00182058
2 0.813029 0.189127 0.112988 0.113626 0.00180886
9 0.811382 0.685365 0.110869 0.111269 0.00176909
7 0.68811 0.189031 0.112255 0.112854 0.00175498
1 0.812224 0.933668 0.110911 0.112301 0.00172421
5 0.191507 0.809628 0.112737 0.112549 0.00171488
4 0.563497 0.0650636 0.111274 0.112525 0.00170875
12 0.563651 0.933823 0.110668 0.111464 0.00170585
1 0.812283 0.56161 0.112536 0.113162 0.0016754
12 0.43957 0.18883 0.112118 0.111987 0.00166561
11 0.688184 0.56166 0.112536 0.11295 0.00166473
7 0.067272 0.313725 0.113482 0.113677 0.00165598
12 0.812098 0.0657626 0.112402 0.112683 0.00165243
1 0.31584 0.561312 0.113083 0.112461 0.00164676
3 0.936213 0.313481 0.112302 0.111711 0.00163418
7 0.688312 0.685586 0.112957 0.112033 0.00163349
4 0.19117 0.313595 0.11229 0.113323 0.00162149
2 0.812224 0.933668 0.110911 0.112301 0.00161515
7 0.811546 0.437407 0.110297 0.112797 0.0016145
5 0.936025 0.312867 0.113348 0.113836 0.00159376
0 0.936189 0.0647324 0.111025 0.111743 0.0015905
4 0.440144 0.188763 0.111531 0.112448 0.00158013
9 0.935972 0.437434 0.112589 0.112655 0.00157052
1 0.315817 0.809473 0.113419 0.112397 0.00154648
4 0.191238 0.0648218 0.111424 0.111325 0.00151433
4 0.936223 0.809455 0.112723 0.112151 0.00149574
2 0.688243 0.188933 0.111691 0.112805 0.00149425
8 0.688129 0.0647217 0.110345 0.113306 0.00149035
2 0.191379 0.188674 0.111591 0.111415 0.00148887
0 0.936433 0.561703 0.111703 0.112927 0.00148448
1 0.315859 0.685206 0.112814 0.11273 0.00147926
6 0.191498 0.437575 0.111618 0.112136 0.00147575
6 0.191562 0.188979 0.112126 0.112538 0.00144981
11 0.0663909 0.0654255 0.113853 0.112277 0.00144257
8 0.813061 0.809766 0.110355 0.112448 0.00142375
0 0.936304 0.809226 0.11195 0.112192 0.00141618
2 0.688141 0.0649836 0.1113 0.11181 0.00139467
1 0.439448 0.436879 0.112125 0.112647 0.00138193
9 0.935762 0.933842 0.111172 0.111803 0.00138047
4 0.0670278 0.685335 0.112788 0.112061 0.0013602
7 0.0668651 0.933865 0.11359 0.112602 0.00135857
12 0.564196 0.0648694 0.111622 0.112559 0.00135341
1 0.191261 0.809285 0.113098 0.112225 0.00135092
0 0.934989 0.933765 0.111361 0.111502 0.00134184
5 0.687776 0.313391 0.111316 0.111742 0.00131729
6 0.191425 0.685029 0.112624 0.112875 0.00130981
13 0.191731 0.0647965 0.111714 0.111236 0.00130043
10 0.0671665 0.0654307 0.111712 0.111739 0.00129301
10 0.315406 0.933847 0.111841 0.11212 0.00127383
12 0.688269 0.313011 0.111544 0.112241 0.00126945
0 0.563925 0.809793 0.111843 0.111918 0.0012634
8 0.811654 0.313036 0.111817 0.113686 0.00123073
4 0.0670454 0.437643 0.113016 0.112527 0.00122209
3 0.813029 0.189127 0.112988 0.113626 0.00121662
11 0.563449 0.189438 0.112718 0.112609 0.00119208
2 0.563474 0.189454 0.113001 0.112124 0.00119076
0 0.0664604 0.436908 0.115093 0.111917 0.00119021
10 0.564079 0.313049 0.111656 0.113076 0.00118901
10 0.56371 0.437927 0.110065 0.111895 0.00118874
12 0.56425 0.561366 0.111305 0.111922 0.00118771
2 0.1916 0.437399 0.11342 0.112085 0.00118407
7 0.811699 0.0648109 0.112989 0.113164 0.00117779
10 0.688243 0.188933 0.111691 0.112805 0.00115339
13 0.191507 0.933771 0.11259 0.111786 0.00115103
10 0.81167 0.189059 0.113211 0.112139 0.0011486
13 0.811624 0.0649815 0.112808 0.112628 0.00113312
0 0.813111 0.437561 0.108238 0.111188 0.00113167
13 0.812405 0.436546 0.110571 0.112222 0.00112546
5 0.563343 0.313488 0.112337 0.112204 0.00112354
5 0.563393 0.561488 0.111795 0.111823 0.00110538
7 0.688259 0.313542 0.111726 0.113129 0.00110526
0 0.191115 0.313331 0.111434 0.11282 0.00109703
3 0.812405 0.436546 0.110571 0.112222 0.00106618
8 0.811591 0.561439 0.112193 0.113186 0.00105995
10 0.0665141 0.188984 0.112452 0.112779 0.00104169
0 0.0667538 0.685088 0.113059 0.112462 0.00103351
11 0.0662837 0.189496 0.112757 0.111286 0.00103214
7 0.0668461 0.0654494 0.113704 0.11308 0.00101697
