9 0.935097 0.933815 0.113645 0.113983 0.987993
13 0.439237 0.809532 0.11187 0.113538 0.9863
6 0.439287 0.933909 0.112781 0.113988 0.986179
7 0.563456 0.809561 0.11173 0.113032 0.984991
10 0.936156 0.809656 0.113267 0.112197 0.984983
10 0.81135 0.933994 0.113153 0.113506 0.984815
12 0.687694 0.934357 0.113397 0.114245 0.984728
10 0.0673108 0.934182 0.113599 0.11386 0.984587
4 0.563238 0.934001 0.111853 0.114062 0.984176
10 0.0674587 0.561536 0.113368 0.112492 0.98411
7 0.811589 0.809673 0.112628 0.112487 0.984029
2 0.315064 0.809654 0.113331 0.11315 0.984012
11 0.0670534 0.80943 0.112724 0.112855 0.983991
4 0.315369 0.933844 0.111937 0.113295 0.983978
4 0.439246 0.685231 0.11185 0.112659 0.983828
13 0.563372 0.0654213 0.112097 0.114356 0.983757
13 0.0671935 0.437285 0.113798 0.113623 0.983753
6 0.191825 0.933768 0.111612 0.112725 0.983743
13 0.31545 0.189007 0.112891 0.113778 0.98348
9 0.935395 0.685571 0.113903 0.112841 0.983418
7 0.0671022 0.0652439 0.113248 0.113089 0.983286
13 0.315329 0.437165 0.112804 0.113653 0.983106
1 0.315159 0.685301 0.112329 0.112691 0.983106
3 0.191517 0.561418 0.111299 0.112983 0.983042
7 0.19133 0.437213 0.111954 0.111465 0.983013
10 0.0672021 0.189046 0.113607 0.113157 0.982659
4 0.19168 0.0647891 0.112566 0.112979 0.982647
11 0.315073 0.313418 0.111914 0.11233 0.982604
13 0.191423 0.80956 0.111228 0.112834 0.982602
11 0.191074 0.313326 0.111455 0.112279 0.982316
11 0.686939 0.809674 0.11138 0.112993 0.981829
9 0.0671827 0.685557 0.113382 0.113347 0.981567
12 0.190883 0.685303 0.111578 0.112617 0.981435
2 0.0672606 0.313135 0.112413 0.112191 0.981104
12 0.315306 0.561299 0.111814 0.11202 0.980578
0 0.191204 0.188448 0.11273 0.112829 0.980452
12 0.315067 0.0647721 0.111693 0.112383 0.980247
11 0.935286 0.189053 0.112807 0.113151 0.980186
2 0.812267 0.0650242 0.112412 0.113191 0.979881
3 0.439223 0.437475 0.111708 0.111811 0.979613
1 0.56355 0.685218 0.112519 0.113009 0.979607
6 0.439659 0.312986 0.112504 0.112895 0.979403
3 0.812189 0.685622 0.113216 0.112916 0.979361
12 0.439725 0.0643906 0.111873 0.113301 0.97936
1 0.563498 0.437106 0.112461 0.113286 0.979353
11 0.93577 0.0648104 0.113126 0.113737 0.979241
6 0.687863 0.685369 0.112983 0.112126 0.979144
12 0.687975 0.0644553 0.111837 0.112899 0.979089
4 0.8123 0.436943 0.112447 0.112503 0.979031
1 0.563461 0.189207 0.11199 0.112564 0.978961
13 0.9359 0.437154 0.113649 0.113515 0.978953
9 0.687872 0.561293 0.11194 0.111881 0.978886
12 0.564033 0.561005 0.112061 0.113379 0.978842
5 0.43912 0.560815 0.111578 0.113681 0.978809
7 0.811969 0.312992 0.112827 0.113201 0.97848
7 0.81224 0.561229 0.112725 0.113396 0.978469
3 0.687565 0.43738 0.111505 0.111972 0.978459
2 0.687577 0.188873 0.110679 0.111756 0.978363
5 0.687681 0.312708 0.111839 0.113607 0.978214
0 0.439301 0.188785 0.112274 0.11292 0.978135
6 0.812283 0.188704 0.112684 0.112316 0.978125
6 0.936368 0.312692 0.114096 0.112524 0.977832
8 0.563485 0.31328 0.111627 0.112246 0.977544
11 0.936508 0.561108 0.112804 0.114123 0.97727
2 0.563829 0.313317 0.112772 0.113323 0.0176493
6 0.563748 0.561207 0.112029 0.112599 0.0113005
6 0.315396 0.0649667 0.112149 0.114192 0.00830052
7 0.191665 0.0646845 0.110697 0.111472 0.00751221
6 0.31553 0.561274 0.111504 0.112889 0.00664955
6 0.191455 0.685263 0.111789 0.112191 0.00557556
5 0.936242 0.560946 0.11197 0.113534 0.00543026
0 0.688079 0.561248 0.110995 0.112544 0.00524781
4 0.936003 0.809112 0.11249 0.113563 0.00511447
5 0.934916 0.189234 0.113782 0.113728 0.00491569
6 0.68796 0.0651471 0.111162 0.113626 0.00471903
8 0.688022 0.809122 0.111349 0.113998 0.00438772
12 0.811594 0.561232 0.112535 0.114134 0.00436341
12 0.811481 0.313057 0.113126 0.114608 0.00428232
3 0.936067 0.685677 0.111493 0.11415 0.00425749
4 0.0672021 0.189046 0.113607 0.113157 0.00415876
12 0.936067 0.685677 0.111493 0.11415 0.00387794
6 0.439413 0.0651573 0.111176 0.113305 0.00385768
1 0.811908 0.436886 0.111901 0.112817 0.00355904
3 0.812311 0.18887 0.113157 0.113662 0.00348317
10 0.31583 0.313363 0.111805 0.112468 0.00346107
6 0.811544 0.560947 0.11354 0.113059 0.00335907
8 0.688064 0.189129 0.111835 0.113622 0.00331581
7 0.936003 0.809112 0.11249 0.113563 0.00327746
5 0.687261 0.809819 0.111589 0.112163 0.00320852
10 0.935991 0.188906 0.112937 0.113133 0.00317053
12 0.191579 0.560993 0.111349 0.111515 0.00315565
1 0.439498 0.685278 0.113151 0.11274 0.00313162
12 0.688079 0.561248 0.110995 0.112544 0.00312066
6 0.68787 0.934086 0.112375 0.114638 0.00308295
3 0.936267 0.312676 0.113796 0.113819 0.0030426
1 0.3155 0.93396 0.112479 0.11394 0.00302743
10 0.936285 0.561004 0.111631 0.113408 0.00299591
1 0.19168 0.0647891 0.112566 0.112979 0.00297719
3 0.439595 0.933806 0.112137 0.113526 0.00293262
10 0.191856 0.313316 0.111322 0.112406 0.0029174
8 0.813076 0.0650894 0.109413 0.112952 0.0029162
5 0.811613 0.0651852 0.113109 0.112827 0.00291401
6 0.811416 0.312922 0.113534 0.113385 0.00290601
12 0.935666 0.934062 0.11239 0.114302 0.00285407
12 0.811376 0.809327 0.112896 0.113432 0.00283578
10 0.68752 0.80914 0.111826 0.113496 0.00281166
12 0.811479 0.685693 0.11112 0.111957 0.00279469
4 0.0668489 0.933382 0.113936 0.114126 0.00276224
7 0.439339 0.685207 0.111389 0.112107 0.00274689
3 0.191825 0.933768 0.111612 0.112725 0.00274656
10 0.935365 0.0653174 0.113462 0.114147 0.00273278
13 0.935659 0.809585 0.111064 0.112219 0.00271752
4 0.0674587 0.561536 0.113368 0.112492 0.00270494
2 0.688059 0.313011 0.11261 0.113361 0.00260272
10 0.812086 0.437379 0.110802 0.113525 0.00249084
6 0.811403 0.809103 0.111972 0.113093 0.00247351
1 0.688059 0.188855 0.11392 0.113629 0.00244483
3 0.687556 0.685214 0.112567 0.112913 0.00238247
1 0.56339 0.934114 0.112766 0.11355 0.00233874
6 0.43957 0.437488 0.111315 0.111564 0.00230617
0 0.563614 0.188809 0.112035 0.113079 0.00230297
7 0.81152 0.932812 0.112127 0.111247 0.0022985
0 0.688205 0.933414 0.112763 0.113097 0.00225998
6 0.687981 0.438017 0.112172 0.112532 0.00223626
13 0.315073 0.313418 0.111914 0.11233 0.00222759
10 0.0670344 0.809321 0.112777 0.113647 0.00217935
11 0.686887 0.312958 0.110822 0.112246 0.00217792
3 0.688121 0.561402 0.112506 0.11267 0.00217239
2 0.811891 0.43696 0.112016 0.11305 0.00216898
1 0.813083 0.0645599 0.112675 0.112217 0.00216003
3 0.439812 0.313334 0.112156 0.112868 0.00211414
2 0.68814 0.437684 0.110801 0.111398 0.00210991
1 0.0674569 0.31359 0.111656 0.112477 0.00210476
3 0.935666 0.934062 0.11239 0.114302 0.00209067
5 0.0669797 0.809364 0.113107 0.112792 0.00207633
12 0.687565 0.43738 0.111505 0.111972 0.00202048
7 0.811667 0.436225 0.111912 0.11379 0.00200527
1 0.68815 0.685024 0.112424 0.112661 0.00199982
9 0.68814 0.437684 0.110801 0.111398 0.00198544
4 0.191741 0.437979 0.11098 0.112669 0.00195548
4 0.563687 0.809261 0.111635 0.112537 0.00192923
13 0.191074 0.313326 0.111455 0.112279 0.00189593
6 0.81158 0.436712 0.113193 0.112214 0.00185458
6 0.191297 0.437899 0.110392 0.113102 0.0018335
1 0.811526 0.188569 0.111376 0.114153 0.00182256
10 0.9357 0.43751 0.111539 0.112522 0.00181759
0 0.688155 0.0648482 0.110867 0.113871 0.00180917
12 0.191252 0.809422 0.112184 0.112429 0.00173973
12 0.0671874 0.685169 0.113396 0.114628 0.00170464
3 0.315064 0.809654 0.113331 0.11315 0.00169095
4 0.563798 0.685013 0.111606 0.111777 0.00168302
0 0.56375 0.436608 0.112451 0.113244 0.00168158
3 0.0666771 0.313226 0.113353 0.113004 0.00163782
13 0.0669797 0.809364 0.113107 0.112792 0.00163635
6 0.811479 0.685693 0.11112 0.111957 0.00161902
4 0.811376 0.809327 0.112896 0.113432 0.00159286
12 0.439355 0.809401 0.112073 0.112618 0.00158241
6 0.191665 0.0646845 0.110697 0.111472 0.00156181
5 0.935365 0.0653174 0.113462 0.114147 0.00153422
7 0.0675543 0.188935 0.113037 0.112756 0.00150123
1 0.936267 0.312676 0.113796 0.113819 0.00147776
13 0.0668167 0.561395 0.112115 0.112024 0.00147637
13 0.935878 0.560994 0.113136 0.113265 0.00144618
4 0.563773 0.437128 0.112391 0.112578 0.00144611
13 0.811467 0.933116 0.112077 0.111813 0.00144518
1 0.440051 0.312842 0.11204 0.113135 0.00144341
4 0.811594 0.561232 0.112535 0.114134 0.00144201
7 0.439595 0.933806 0.112137 0.113526 0.00142325
3 0.688036 0.31307 0.112554 0.114979 0.00140396
2 0.688037 0.809155 0.112197 0.113275 0.00139781
11 0.563531 0.312893 0.113471 0.113506 0.00139241
5 0.686828 0.189533 0.11486 0.112659 0.00138596
13 0.935365 0.0653174 0.113462 0.114147 0.00138394
3 0.19133 0.685393 0.111936 0.111989 0.00138156
12 0.440096 0.438063 0.112576 0.112163 0.0013804
7 0.315692 0.933966 0.112608 0.112448 0.00135956
10 0.687585 0.312995 0.111268 0.111843 0.00135769
0 0.563798 0.685013 0.111606 0.111777 0.00135258
13 0.934916 0.189234 0.113782 0.113728 0.0013359
7 0.0667526 0.560855 0.112061 0.112819 0.00133344
9 0.315473 0.436682 0.109915 0.111987 0.00132439
4 0.687892 0.313172 0.111717 0.112374 0.00130455
13 0.0668924 0.933794 0.112686 0.112693 0.00130032
4 0.811941 0.313388 0.11162 0.112349 0.00126923
7 0.0669894 0.933372 0.113708 0.113722 0.00126474
13 0.687261 0.809819 0.111589 0.112163 0.00126238
7 0.563567 0.93394 0.11134 0.11245 0.00126085
4 0.315311 0.685362 0.111923 0.112237 0.00126049
7 0.936108 0.313306 0.111833 0.112819 0.00125793
4 0.563785 0.189412 0.111878 0.112809 0.00125567
6 0.439339 0.685207 0.111389 0.112107 0.00124245
11 0.19112 0.809465 0.111692 0.112742 0.00123428
4 0.0666578 0.0651303 0.113296 0.112404 0.00123213
9 0.936142 0.561287 0.110793 0.111884 0.00122901
5 0.315094 0.809323 0.112048 0.112015 0.0011913
1 0.811697 0.685481 0.11208 0.112513 0.0011772
3 0.315677 0.561127 0.111538 0.113009 0.00116504
1 0.191895 0.934216 0.11192 0.112728 0.00115948
11 0.315066 0.189441 0.11133 0.113146 0.00115333
1 0.439247 0.18826 0.112344 0.112768 0.00114736
5 0.315142 0.313139 0.11234 0.113236 0.00114715
7 0.439812 0.313498 0.112003 0.112252 0.00114517
10 0.191297 0.437899 0.110392 0.113102 0.00112415
9 0.811447 0.6855 0.112075 0.111751 0.00112247
4 0.812172 0.934006 0.111373 0.113192 0.00110828
8 0.191129 0.312986 0.112431 0.112955 0.0010987
9 0.563541 0.0649634 0.112707 0.115246 0.0010864
12 0.314987 0.437307 0.111389 0.112079 0.00108086
1 0.191625 0.561161 0.111675 0.111693 0.00106655
8 0.0666771 0.313226 0.113353 0.113004 0.0010646
8 0.688079 0.561248 0.110995 0.112544 0.00105848
1 0.191204 0.188448 0.11273 0.112829 0.00104965
13 0.0667974 0.188215 0.112112 0.111932 0.00104006
3 0.688192 0.064192 0.110934 0.112 0.00102578
1 0.439439 0.93371 0.113052 0.113249 0.00102377
10 0.439246 0.685231 0.11185 0.112659 0.00101895
9 0.935667 0.189131 0.11157 0.112338 0.00101274
10 0.563604 0.0651925 0.111911 0.112334 0.0010118
1 0.315405 0.809026 0.11316 0.112556 0.00100931
10 0.0665612 0.437091 0.113365 0.11249 0.00100889
5 0.0666587 0.313302 0.112664 0.111984 0.00100735
7 0.191825 0.933768 0.111612 0.112725 0.0010052
11 0.439304 0.560847 0.110317 0.112893 0.00100049
