7 0.315648 0.933918 0.112475 0.112272 0.986862
3 0.315684 0.809601 0.113558 0.113315 0.986597
12 0.563881 0.933832 0.110674 0.112864 0.985847
6 0.439799 0.933864 0.112465 0.113056 0.98533
10 0.439638 0.0648879 0.110817 0.112438 0.985077
8 0.563866 0.80974 0.111686 0.112093 0.985026
7 0.191566 0.934042 0.112247 0.112756 0.984994
0 0.936114 0.933344 0.112581 0.111437 0.984727
5 0.315027 0.0653377 0.111623 0.112595 0.984563
7 0.191343 0.437711 0.112069 0.112079 0.984158
12 0.315633 0.561933 0.111808 0.112573 0.984154
12 0.0669193 0.934018 0.111872 0.113339 0.983724
1 0.31628 0.685313 0.11115 0.111474 0.983677
8 0.68794 0.0654942 0.111927 0.112259 0.983189
12 0.68793 0.810115 0.111545 0.112574 0.983159
0 0.191413 0.68521 0.111744 0.111107 0.98306
1 0.190958 0.561626 0.111915 0.112591 0.982977
3 0.0675789 0.437876 0.112102 0.112963 0.982956
6 0.315764 0.437269 0.111873 0.113075 0.982874
5 0.93672 0.8102 0.112006 0.111998 0.982782
3 0.440706 0.685681 0.112077 0.113501 0.982619
6 0.0675483 0.18867 0.11306 0.112792 0.982538
12 0.067391 0.685546 0.112023 0.112089 0.982353
4 0.191515 0.809665 0.112019 0.111981 0.982302
1 0.191681 0.0642898 0.112429 0.113763 0.982246
1 0.440081 0.809454 0.111595 0.11264 0.982074
2 0.0671198 0.0650421 0.113559 0.113691 0.981991
3 0.440373 0.437699 0.112039 0.113644 0.98181
0 0.688231 0.933417 0.112871 0.113245 0.981546
9 0.563828 0.685249 0.110785 0.112701 0.981436
11 0.315531 0.312875 0.11229 0.112565 0.981094
11 0.0672632 0.561218 0.111085 0.113068 0.981092
3 0.44048 0.561665 0.111547 0.113111 0.981091
11 0.811599 0.810236 0.113127 0.113154 0.980978
4 0.812255 0.933917 0.112159 0.113711 0.980817
0 0.191289 0.18843 0.112282 0.111979 0.980628
11 0.315379 0.188808 0.111882 0.112549 0.980374
10 0.0675409 0.313425 0.113184 0.11279 0.980374
5 0.439343 0.312988 0.111728 0.113249 0.979652
9 0.687687 0.313559 0.111704 0.111733 0.979547
9 0.687564 0.189225 0.111557 0.113212 0.979508
6 0.688088 0.561386 0.112676 0.113372 0.979254
8 0.191336 0.313237 0.111706 0.112953 0.979191
1 0.812033 0.436945 0.112668 0.112738 0.979173
10 0.812258 0.312823 0.112109 0.112933 0.97912
12 0.563871 0.437137 0.111747 0.113326 0.979085
7 0.563685 0.189246 0.112126 0.112731 0.978972
6 0.812113 0.0646774 0.112305 0.11401 0.978754
11 0.563477 0.313015 0.112007 0.113669 0.978645
6 0.936655 0.436903 0.11364 0.113197 0.978606
9 0.93603 0.0650776 0.111246 0.111585 0.978593
0 0.0674629 0.809398 0.112449 0.113132 0.978529
3 0.687678 0.685419 0.111415 0.112342 0.978519
0 0.563636 0.561353 0.111775 0.113282 0.978412
0 0.439537 0.18835 0.112044 0.11304 0.978323
12 0.936215 0.188597 0.112597 0.113256 0.978281
0 0.687633 0.437121 0.111754 0.112784 0.978171
12 0.936404 0.56129 0.113273 0.113055 0.978156
6 0.936677 0.312721 0.113337 0.112645 0.977962
2 0.812127 0.685732 0.112212 0.112881 0.97786
0 0.563169 0.0650962 0.111682 0.111935 0.977761
7 0.812209 0.188906 0.1123 0.113572 0.97775
8 0.812153 0.561328 0.112323 0.113114 0.977604
2 0.936506 0.685659 0.112321 0.113554 0.97734
10 0.315093 0.188899 0.111786 0.111784 0.0111745
10 0.0670962 0.561089 0.11199 0.115019 0.00822349
0 0.688095 0.31351 0.1094 0.1131 0.00698479
12 0.811512 0.188923 0.111515 0.113357 0.00664651
5 0.811883 0.313783 0.111788 0.111799 0.00630039
1 0.0668169 0.80905 0.114116 0.112704 0.00557605
9 0.563957 0.809076 0.111251 0.112779 0.00526207
0 0.6881 0.189474 0.109954 0.112718 0.00517653
10 0.81142 0.809658 0.111289 0.112804 0.00490702
11 0.812251 0.561023 0.110596 0.112674 0.00455554
1 0.687854 0.436714 0.111823 0.112779 0.00453645
11 0.564245 0.809862 0.110981 0.113339 0.00429568
2 0.688267 0.0644796 0.11149 0.113028 0.00414497
1 0.563702 0.0638028 0.111906 0.113865 0.00405024
3 0.0663912 0.0652858 0.115567 0.113696 0.00383561
2 0.811929 0.561215 0.112198 0.111998 0.0037277
0 0.812122 0.436322 0.112508 0.111955 0.00347023
1 0.563944 0.560847 0.111747 0.112338 0.00339617
11 0.688243 0.0647405 0.111682 0.113593 0.00336559
4 0.0676018 0.313079 0.112261 0.113968 0.00328611
5 0.811572 0.685713 0.113106 0.112568 0.00316771
8 0.688095 0.31351 0.1094 0.1131 0.00304822
11 0.19146 0.312936 0.111633 0.111256 0.00304255
8 0.813083 0.685954 0.109588 0.11307 0.00301504
9 0.191171 0.313596 0.111754 0.112029 0.00296792
3 0.936442 0.685721 0.11245 0.112321 0.00296018
9 0.688006 0.0655377 0.112118 0.112497 0.00295802
9 0.9362 0.933598 0.111858 0.112193 0.00292474
3 0.812647 0.685482 0.112748 0.1131 0.00274824
8 0.6881 0.189474 0.109954 0.112718 0.00262573
3 0.812037 0.06491 0.112216 0.113317 0.00253153
4 0.811883 0.313783 0.111788 0.111799 0.0024808
10 0.43969 0.312971 0.111195 0.111606 0.00244778
4 0.688288 0.685616 0.111711 0.113151 0.00244675
3 0.687881 0.560982 0.112108 0.11331 0.00238899
5 0.936226 0.685703 0.11219 0.114014 0.00238469
1 0.812255 0.933917 0.112159 0.113711 0.00233392
2 0.191515 0.809665 0.112019 0.111981 0.00233075
2 0.0683207 0.438144 0.111939 0.113447 0.00226466
7 0.0676018 0.313079 0.112261 0.113968 0.00226116
9 0.812359 0.561449 0.11331 0.113463 0.00222377
3 0.936416 0.313053 0.11153 0.111662 0.00213032
7 0.936183 0.313348 0.111899 0.112451 0.00207984
4 0.439638 0.0648879 0.110817 0.112438 0.00205147
1 0.191943 0.809826 0.11201 0.112658 0.00204612
6 0.067391 0.685546 0.112023 0.112089 0.00203974
4 0.0681757 0.438112 0.112307 0.113735 0.00193434
6 0.811467 0.188707 0.112383 0.11283 0.00193102
6 0.440636 0.438025 0.112611 0.113701 0.00192944
1 0.936226 0.685703 0.11219 0.114014 0.00190918
2 0.191171 0.313596 0.111754 0.112029 0.00190506
12 0.687604 0.313611 0.111175 0.113062 0.00188438
2 0.564441 0.80988 0.111872 0.112199 0.00176514
10 0.315135 0.0648887 0.112549 0.112503 0.00175723
2 0.44092 0.43806 0.112588 0.112923 0.00175262
9 0.811349 0.809364 0.11201 0.112132 0.00174639
2 0.688326 0.685983 0.11152 0.11232 0.00174565
2 0.936472 0.80983 0.111453 0.11235 0.00174515
12 0.6881 0.189474 0.109954 0.112718 0.00174173
10 0.563603 0.31335 0.113554 0.113367 0.00174058
3 0.936675 0.436597 0.113303 0.11341 0.00173688
4 0.191805 0.437954 0.111135 0.112626 0.00171328
6 0.563832 0.437304 0.111465 0.112843 0.0016957
5 0.688348 0.685571 0.11161 0.112723 0.00165739
4 0.440636 0.438025 0.112611 0.113701 0.00165247
3 0.315706 0.43712 0.112655 0.11297 0.0016352
8 0.811349 0.809364 0.11201 0.112132 0.00162202
0 0.191681 0.0642898 0.112429 0.113763 0.00161661
13 0.439678 0.0644723 0.112035 0.112289 0.00161276
10 0.191271 0.437874 0.11109 0.112945 0.00160846
10 0.812591 0.933775 0.110614 0.112867 0.00160691
6 0.812058 0.934214 0.11202 0.112953 0.00159881
4 0.315658 0.933993 0.111998 0.112433 0.00158909
5 0.811877 0.933304 0.111505 0.111812 0.00156013
0 0.191418 0.31375 0.110205 0.112825 0.00152297
1 0.439537 0.18835 0.112044 0.11304 0.00151866
10 0.563769 0.685171 0.110853 0.112881 0.00151545
4 0.31628 0.685313 0.11115 0.111474 0.00149649
0 0.688309 0.809588 0.111969 0.112362 0.00147137
0 0.190943 0.561319 0.111918 0.112751 0.00146867
2 0.812255 0.933917 0.112159 0.113711 0.00145742
12 0.935919 0.0646813 0.111768 0.112616 0.00145573
6 0.0681757 0.438112 0.112307 0.113735 0.00144919
4 0.440081 0.809454 0.111595 0.11264 0.00141423
7 0.688184 0.560989 0.112348 0.113713 0.00139584
10 0.936833 0.809943 0.112569 0.113015 0.00139447
7 0.439413 0.0650701 0.111232 0.113153 0.0013733
10 0.315386 0.313193 0.112795 0.112966 0.00136785
7 0.812591 0.933775 0.110614 0.112867 0.0013595
5 0.0683207 0.438144 0.111939 0.113447 0.00135082
1 0.81244 0.68547 0.112664 0.112961 0.00131995
4 0.315589 0.809179 0.112464 0.1125 0.00130073
5 0.0664326 0.312753 0.112505 0.112586 0.00129111
1 0.191289 0.18843 0.112282 0.111979 0.00127426
6 0.0669193 0.934018 0.111872 0.113339 0.00127414
3 0.936639 0.561038 0.112108 0.113037 0.00127015
0 0.440124 0.809618 0.111813 0.113046 0.00126751
0 0.688259 0.0647837 0.112017 0.114447 0.00126741
7 0.191911 0.809465 0.110319 0.111311 0.00126572
4 0.439469 0.313327 0.111694 0.113023 0.00124847
8 0.936021 0.685797 0.11321 0.1144 0.00124
3 0.936234 0.809864 0.113649 0.113433 0.00123772
1 0.688229 0.561223 0.11164 0.11463 0.00123512
6 0.935936 0.18901 0.111862 0.112601 0.0012294
8 0.936112 0.932955 0.111894 0.112029 0.00120872
8 0.315299 0.313332 0.112612 0.113446 0.00118565
1 0.68816 0.933266 0.112605 0.112903 0.00118515
4 0.190958 0.561626 0.111915 0.112591 0.0011813
6 0.191911 0.809465 0.110319 0.111311 0.00117816
4 0.440281 0.561331 0.111299 0.112042 0.00117555
3 0.0675483 0.18867 0.11306 0.112792 0.00117231
4 0.812286 0.437386 0.111571 0.11264 0.00115073
3 0.191911 0.809465 0.110319 0.111311 0.00114509
1 0.440099 0.685351 0.111447 0.112564 0.00113
13 0.0672593 0.313082 0.112754 0.112638 0.00112258
6 0.315673 0.561705 0.112309 0.112892 0.00111858
4 0.440083 0.685639 0.112085 0.113587 0.00111602
1 0.811523 0.0645435 0.11096 0.113632 0.00111297
7 0.936795 0.561073 0.111726 0.113004 0.00110487
4 0.936108 0.561335 0.112812 0.112744 0.00109584
7 0.811551 0.31269 0.112041 0.113409 0.00108606
1 0.440119 0.933628 0.11371 0.113441 0.00107044
13 0.8115 0.312893 0.112179 0.112823 0.00106947
1 0.687678 0.685419 0.111415 0.112342 0.00105471
5 0.563631 0.31359 0.112581 0.113062 0.00105201
0 0.31549 0.685233 0.111231 0.111927 0.00104308
3 0.439787 0.934 0.112702 0.113811 0.00104249
12 0.563905 0.685433 0.111525 0.112599 0.00102995
5 0.191634 0.809152 0.112798 0.112682 0.0010298
1 0.191364 0.685022 0.111726 0.111899 0.00101789
12 0.439899 0.0647838 0.11132 0.1125 0.00101587
11 0.935894 0.0643949 0.111743 0.113547 0.00101142
0 0.563048 0.438202 0.112239 0.112436 0.00100871
12 0.440077 0.437753 0.111473 0.112025 0.00100305
