2 0.563223 0.934074 0.112208 0.113716 0.986424
13 0.439387 0.684967 0.111633 0.112615 0.986342
9 0.935596 0.934065 0.112034 0.113093 0.985884
12 0.315597 0.685506 0.111477 0.112398 0.985613
6 0.31541 0.809443 0.112426 0.113121 0.985184
8 0.563513 0.80956 0.111581 0.112132 0.985058
4 0.439654 0.809732 0.112533 0.112733 0.984896
2 0.811957 0.933979 0.112971 0.113578 0.984347
10 0.688005 0.933845 0.111845 0.113605 0.984116
8 0.315664 0.934288 0.112375 0.112265 0.983993
6 0.0666671 0.933886 0.113187 0.114142 0.983683
0 0.43971 0.93401 0.112423 0.113115 0.983664
13 0.191221 0.685308 0.111764 0.112021 0.98363
8 0.0671594 0.685212 0.113408 0.113793 0.98335
11 0.936481 0.809972 0.113575 0.113108 0.983333
13 0.811892 0.809968 0.113784 0.113296 0.98292
5 0.0674376 0.437648 0.112953 0.113278 0.982834
8 0.0669635 0.809281 0.113068 0.113494 0.982783
7 0.563401 0.0648799 0.111974 0.113025 0.982762
6 0.315762 0.313231 0.113049 0.112308 0.982529
3 0.191872 0.189364 0.111143 0.113282 0.982518
3 0.811731 0.0653661 0.112224 0.113765 0.982366
8 0.315481 0.561428 0.112859 0.11301 0.982208
10 0.191114 0.43722 0.112264 0.110936 0.982113
5 0.315604 0.189547 0.111989 0.113226 0.981875
4 0.191958 0.0649242 0.112613 0.112597 0.981862
12 0.936167 0.685643 0.112498 0.112655 0.981387
2 0.191055 0.561175 0.111628 0.112316 0.981272
8 0.315222 0.437193 0.112546 0.112374 0.981244
0 0.315417 0.064005 0.112087 0.113396 0.981065
11 0.190929 0.313147 0.111428 0.112327 0.981023
11 0.191353 0.809058 0.11192 0.112545 0.980981
4 0.0678103 0.188924 0.113274 0.113383 0.980901
11 0.0672983 0.5611 0.111302 0.112581 0.980857
13 0.563127 0.189331 0.111629 0.112573 0.980852
7 0.439286 0.189216 0.112025 0.112387 0.980808
12 0.687737 0.0650286 0.111187 0.113024 0.98062
10 0.0673761 0.31327 0.112531 0.113466 0.980411
2 0.935732 0.065351 0.112858 0.112774 0.980231
0 0.0672842 0.0640707 0.113659 0.113163 0.980147
10 0.563666 0.685031 0.111307 0.112911 0.980045
12 0.43949 0.0648208 0.111016 0.11299 0.979905
9 0.56348 0.437447 0.1117 0.112236 0.979893
2 0.687456 0.189806 0.111854 0.113149 0.979866
11 0.687494 0.810065 0.113143 0.113131 0.979762
1 0.439553 0.561623 0.111993 0.113266 0.979753
9 0.687656 0.313432 0.111576 0.111631 0.979739
2 0.191587 0.933708 0.112734 0.11335 0.979583
4 0.563687 0.313013 0.112065 0.113481 0.979337
7 0.563954 0.561215 0.112141 0.113643 0.978935
10 0.936747 0.561345 0.113071 0.113915 0.978787
5 0.811755 0.685661 0.112338 0.112721 0.978761
3 0.687527 0.685511 0.111425 0.112386 0.978752
8 0.439457 0.312984 0.111479 0.113233 0.978702
13 0.93608 0.313263 0.113959 0.113212 0.978693
13 0.935862 0.18906 0.113503 0.113328 0.978562
12 0.811919 0.188962 0.113009 0.113304 0.978495
11 0.687724 0.436977 0.112554 0.113317 0.978481
8 0.812373 0.436983 0.112263 0.113462 0.978304
0 0.439445 0.437335 0.112107 0.113985 0.978154
2 0.687812 0.561458 0.112285 0.112702 0.97813
3 0.812391 0.561609 0.11211 0.113577 0.978095
0 0.811818 0.312961 0.111564 0.112257 0.977799
2 0.936481 0.437051 0.112768 0.113673 0.97765
8 0.81322 0.9341 0.108708 0.113043 0.0218131
3 0.687948 0.190022 0.11271 0.112789 0.0175593
9 0.812008 0.437665 0.113863 0.113517 0.0100179
10 0.0670839 0.56102 0.112865 0.113932 0.00914208
3 0.93614 0.437674 0.113757 0.11343 0.00829477
3 0.563331 0.93368 0.111931 0.113441 0.00741399
3 0.688063 0.561414 0.112631 0.113602 0.00728356
10 0.687904 0.436609 0.110998 0.113334 0.00644731
1 0.811907 0.312506 0.111192 0.112425 0.00512699
9 0.563597 0.808896 0.111325 0.112784 0.00487949
8 0.191901 0.933779 0.111679 0.112152 0.00471083
12 0.811419 0.809668 0.11201 0.113048 0.0046778
3 0.935486 0.0655736 0.113102 0.112983 0.00459961
12 0.563392 0.188786 0.111939 0.112442 0.0041863
8 0.688169 0.561665 0.110567 0.113001 0.004059
2 0.812789 0.436722 0.1115 0.114108 0.0040471
8 0.688103 0.809527 0.111726 0.113076 0.00403281
8 0.688133 0.437208 0.11298 0.11426 0.00395703
0 0.688127 0.313564 0.110866 0.112312 0.00383418
1 0.563718 0.313621 0.111687 0.113139 0.00380052
12 0.439368 0.684981 0.111763 0.112175 0.00368431
3 0.191633 0.933847 0.112417 0.113811 0.00357211
1 0.439674 0.437298 0.112168 0.113498 0.00354704
3 0.812129 0.934237 0.112457 0.112692 0.00348122
2 0.0666955 0.189003 0.111816 0.11168 0.0034781
11 0.315613 0.561024 0.11019 0.112634 0.00324444
8 0.563807 0.933718 0.112298 0.113718 0.00320408
10 0.936222 0.809646 0.112872 0.113816 0.00313236
11 0.563827 0.809601 0.111112 0.113141 0.00308157
8 0.688153 0.189419 0.112469 0.113524 0.00296997
6 0.56393 0.313642 0.111926 0.113007 0.00292608
2 0.564069 0.809758 0.11182 0.112155 0.00278506
7 0.688348 0.933541 0.113658 0.114373 0.00277284
0 0.314849 0.438084 0.111144 0.113378 0.00276594
4 0.0673761 0.31327 0.112531 0.113466 0.002712
1 0.0666955 0.189003 0.111816 0.11168 0.00268781
5 0.688111 0.934079 0.111481 0.113003 0.00262749
12 0.191349 0.685149 0.111801 0.112081 0.00259384
4 0.688233 0.685529 0.112044 0.112706 0.00254531
5 0.935843 0.0647203 0.113638 0.114381 0.00250205
9 0.686719 0.809349 0.111528 0.113105 0.00242624
0 0.439542 0.561114 0.112202 0.112442 0.00240177
2 0.315585 0.436877 0.110862 0.113883 0.00238238
10 0.686719 0.809349 0.111528 0.113105 0.0023661
2 0.439315 0.313801 0.111717 0.11314 0.00232503
2 0.315648 0.561333 0.112364 0.112689 0.00227383
4 0.191147 0.437147 0.111523 0.111976 0.00221686
9 0.687214 0.437171 0.110888 0.112029 0.00216591
6 0.81166 0.561948 0.110913 0.113023 0.0021517
1 0.19146 0.0645395 0.111006 0.112287 0.00210495
7 0.563279 0.189831 0.1116 0.113601 0.00209325
11 0.811555 0.436944 0.110595 0.112798 0.00207253
8 0.688127 0.313564 0.110866 0.112312 0.00205497
13 0.935926 0.561228 0.111341 0.112292 0.00205237
10 0.315115 0.189053 0.11343 0.11261 0.00202833
2 0.19146 0.0645395 0.111006 0.112287 0.00198866
1 0.0672842 0.0640707 0.113659 0.113163 0.00198609
11 0.0675173 0.809546 0.112367 0.113899 0.00197202
1 0.688147 0.189166 0.113594 0.114117 0.0019564
2 0.0670418 0.685427 0.113507 0.113266 0.00193914
12 0.688127 0.313564 0.110866 0.112312 0.00193377
7 0.0673761 0.31327 0.112531 0.113466 0.00193271
2 0.0669647 0.809649 0.113379 0.112945 0.0019202
0 0.813078 0.437602 0.111232 0.115354 0.00190666
6 0.439771 0.0646356 0.110684 0.114118 0.00189312
5 0.936116 0.437067 0.112908 0.114004 0.00185919
7 0.191147 0.437147 0.111523 0.111976 0.00185228
2 0.688267 0.685938 0.111969 0.112005 0.00182475
5 0.191125 0.560938 0.110984 0.112564 0.0018236
2 0.813065 0.562126 0.109415 0.110141 0.00182202
3 0.688101 0.0644602 0.111741 0.112383 0.00181623
11 0.811569 0.685616 0.113662 0.111894 0.00181059
7 0.563644 0.685145 0.111386 0.112668 0.00179766
11 0.0674831 0.685157 0.111919 0.114034 0.00179524
7 0.936074 0.188864 0.112345 0.113681 0.00179187
4 0.688348 0.933541 0.113658 0.114373 0.00178114
6 0.936098 0.685554 0.112317 0.114827 0.00176874
11 0.935903 0.93379 0.112434 0.115059 0.00175009
12 0.935937 0.934149 0.112193 0.114706 0.0017019
10 0.93572 0.933714 0.112897 0.114165 0.00170039
11 0.811806 0.933568 0.111651 0.112955 0.00167569
11 0.315432 0.436692 0.111114 0.112896 0.00167038
0 0.563526 0.437427 0.110186 0.112111 0.00166468
12 0.439513 0.436974 0.112318 0.112815 0.00165537
2 0.811538 0.685321 0.1147 0.112269 0.00162452
7 0.811433 0.809167 0.113719 0.112702 0.00161536
3 0.56393 0.313642 0.111926 0.113007 0.0016002
1 0.688153 0.561491 0.112903 0.114196 0.0015919
13 0.190753 0.436996 0.111872 0.11144 0.00158601
10 0.0665597 0.437432 0.111941 0.11238 0.00158006
2 0.316085 0.934396 0.112478 0.11329 0.00157557
1 0.439654 0.809732 0.112533 0.112733 0.00155445
11 0.0665525 0.436466 0.112126 0.111581 0.00153443
12 0.687946 0.685487 0.111635 0.112514 0.001527
1 0.936129 0.43789 0.110387 0.112849 0.00152156
12 0.811552 0.0648746 0.111157 0.112003 0.00151732
10 0.812521 0.685623 0.112568 0.11312 0.0015167
3 0.440188 0.809369 0.110704 0.112251 0.00151048
5 0.5639 0.685253 0.110746 0.111957 0.00150449
7 0.440188 0.809369 0.110704 0.112251 0.00149205
3 0.191048 0.561187 0.113503 0.112852 0.00146645
5 0.68685 0.561532 0.11433 0.111746 0.00146127
5 0.0661239 0.312986 0.112551 0.112463 0.00145703
9 0.315781 0.933917 0.111817 0.113042 0.00141805
5 0.688293 0.685505 0.112055 0.112471 0.00141541
5 0.563173 0.313419 0.11195 0.112017 0.00136754
4 0.191866 0.189377 0.111812 0.112695 0.00134835
9 0.813065 0.562126 0.109415 0.110141 0.00134543
6 0.811552 0.0648746 0.111157 0.112003 0.00134349
12 0.191512 0.188523 0.111518 0.112107 0.00134141
3 0.315432 0.312941 0.110578 0.112785 0.0013413
12 0.439915 0.933993 0.112304 0.113248 0.00132343
11 0.316456 0.934221 0.11212 0.112823 0.00131954
5 0.686828 0.189433 0.113617 0.111917 0.00131448
7 0.191825 0.0642396 0.11179 0.112132 0.00130344
2 0.439654 0.809732 0.112533 0.112733 0.00130091
7 0.936206 0.561192 0.112024 0.113883 0.00129376
1 0.81263 0.933716 0.112638 0.113625 0.00129179
9 0.315175 0.437755 0.112996 0.113046 0.00128185
12 0.563526 0.437427 0.110186 0.112111 0.00126991
12 0.81166 0.561948 0.110913 0.113023 0.00126148
1 0.563801 0.933523 0.113246 0.114207 0.0012578
1 0.811686 0.561679 0.111882 0.112246 0.00125537
2 0.563718 0.313621 0.111687 0.113139 0.00124173
5 0.937102 0.562054 0.112175 0.113852 0.00123467
13 0.688209 0.933912 0.11192 0.111788 0.00122514
10 0.1906 0.313405 0.111975 0.113389 0.00122329
0 0.935596 0.934065 0.112034 0.113093 0.00121134
8 0.563526 0.437427 0.110186 0.112111 0.00120097
5 0.811704 0.933722 0.1137 0.111913 0.00119482
3 0.31541 0.809443 0.112426 0.113121 0.00118901
6 0.191825 0.0642396 0.11179 0.112132 0.00118781
9 0.439425 0.313673 0.112471 0.113091 0.00117702
4 0.564193 0.685118 0.111558 0.112447 0.00117087
7 0.688068 0.0648048 0.111225 0.112793 0.00117023
8 0.935756 0.437809 0.11282 0.113977 0.00115899
6 0.688062 0.0648964 0.110943 0.114353 0.00115445
4 0.0672796 0.437881 0.11317 0.109585 0.00115137
13 0.0660524 0.312965 0.112477 0.112915 0.00114566
9 0.439915 0.933993 0.112304 0.113248 0.00112936
3 0.315597 0.685424 0.112439 0.112975 0.00111941
5 0.936487 0.809184 0.111861 0.112669 0.00110574
0 0.439428 0.313654 0.111269 0.112612 0.00110434
2 0.811882 0.0648276 0.111553 0.113816 0.00110316
5 0.191346 0.809232 0.111174 0.112083 0.00109706
5 0.439766 0.809225 0.112318 0.112818 0.00109272
11 0.811892 0.809968 0.113784 0.113296 0.00109176
9 0.936568 0.561525 0.112532 0.11326 0.00108722
1 0.315417 0.064005 0.112087 0.113396 0.00108628
9 0.0667194 0.685124 0.113836 0.112852 0.00108561
3 0.936566 0.685449 0.112137 0.112681 0.00106952
12 0.688111 0.934079 0.111481 0.113003 0.00106877
7 0.439387 0.684967 0.111633 0.112615 0.00106866
4 0.439726 0.561019 0.112106 0.113266 0.00106255
7 0.56393 0.313642 0.111926 0.113007 0.00105822
4 0.81166 0.561948 0.110913 0.113023 0.00105067
8 0.935486 0.0655736 0.113102 0.112983 0.00103588
1 0.936082 0.0645716 0.112938 0.113851 0.00102812
7 0.81142 0.188687 0.111565 0.113065 0.00101699
5 0.0667029 0.561652 0.113054 0.112476 0.00101262
8 0.1906 0.313405 0.111975 0.113389 0.00100661
