9 0.314948 0.809512 0.111757 0.111638 0.986339
5 0.935483 0.0658786 0.113111 0.112841 0.985745
6 0.439428 0.933812 0.111245 0.113703 0.9856
4 0.563674 0.933997 0.113122 0.114758 0.984799
7 0.314978 0.0653692 0.110739 0.110948 0.984585
8 0.067322 0.809555 0.113185 0.11283 0.984479
9 0.191369 0.685123 0.111439 0.11238 0.984296
6 0.191518 0.809496 0.111958 0.112304 0.984198
6 0.315794 0.561526 0.111541 0.112323 0.984017
11 0.0666569 0.934489 0.114524 0.115404 0.983468
11 0.563751 0.809515 0.111468 0.112309 0.983325
5 0.191517 0.313983 0.111604 0.111986 0.983299
13 0.563532 0.065474 0.111232 0.113337 0.983258
9 0.0671608 0.0646061 0.112602 0.112377 0.98324
3 0.31542 0.685532 0.111613 0.112327 0.983207
4 0.191699 0.43735 0.111796 0.112062 0.983141
9 0.0670402 0.685599 0.113029 0.113124 0.983085
3 0.191618 0.188866 0.112047 0.111988 0.982996
9 0.191639 0.933606 0.111741 0.114152 0.982976
2 0.935896 0.9343 0.1128 0.112037 0.98268
7 0.0668527 0.313646 0.112968 0.111927 0.982431
6 0.439888 0.809563 0.111975 0.112651 0.982386
4 0.439549 0.561089 0.113513 0.112541 0.982127
8 0.0667596 0.189443 0.11312 0.114096 0.982101
4 0.687975 0.0650561 0.112505 0.113892 0.981927
1 0.315871 0.934161 0.111126 0.112173 0.981902
7 0.688053 0.933844 0.110961 0.112741 0.981872
5 0.439859 0.685751 0.111085 0.112088 0.981536
10 0.439418 0.313205 0.113007 0.111546 0.981443
11 0.19176 0.561242 0.111789 0.111851 0.98136
12 0.812472 0.80939 0.111645 0.113274 0.981172
12 0.315692 0.437384 0.111926 0.112099 0.981096
6 0.315624 0.189282 0.112316 0.112598 0.980795
2 0.811741 0.934079 0.112746 0.112502 0.98056
8 0.315487 0.313489 0.11213 0.111992 0.980545
1 0.936605 0.809374 0.113234 0.11289 0.980456
11 0.19138 0.0652334 0.112724 0.113335 0.980348
2 0.0672765 0.436935 0.112277 0.113384 0.980313
2 0.0674068 0.561283 0.112094 0.1123 0.980058
10 0.563903 0.313207 0.111804 0.112562 0.979785
9 0.563826 0.189275 0.111348 0.112512 0.97957
9 0.687466 0.685373 0.111533 0.111468 0.979557
13 0.563937 0.685494 0.112505 0.112232 0.97926
4 0.564103 0.43714 0.112831 0.11262 0.979211
9 0.811238 0.0653696 0.111612 0.11143 0.97908
4 0.688025 0.1891 0.111958 0.112275 0.979002
9 0.811158 0.313437 0.111455 0.111227 0.978918
1 0.687916 0.809539 0.111932 0.112434 0.978917
6 0.688109 0.437286 0.111457 0.112061 0.978908
10 0.811859 0.561315 0.112716 0.112138 0.978811
8 0.56423 0.561294 0.111741 0.112874 0.978797
12 0.812082 0.437019 0.112228 0.112306 0.978773
3 0.439303 0.18906 0.11167 0.112329 0.978756
9 0.811733 0.189001 0.111539 0.112658 0.978663
0 0.439186 0.437553 0.111188 0.111483 0.978576
11 0.812041 0.684873 0.113238 0.112198 0.978368
13 0.935478 0.189004 0.113204 0.112009 0.978352
1 0.439487 0.0647943 0.111985 0.113114 0.978338
3 0.936023 0.685277 0.112875 0.111098 0.978172
2 0.687886 0.31292 0.11175 0.113118 0.977981
3 0.936341 0.561631 0.111982 0.11227 0.977769
7 0.687822 0.561433 0.112076 0.112809 0.97776
3 0.935708 0.437622 0.111343 0.112055 0.977179
7 0.936057 0.313574 0.112619 0.112907 0.976543
2 0.0664556 0.189589 0.114497 0.112837 0.0141451
8 0.813145 0.933958 0.109077 0.111615 0.00970588
12 0.686803 0.561261 0.111123 0.112876 0.00783538
10 0.935795 0.0654275 0.111934 0.112439 0.00582111
2 0.0669476 0.809331 0.114139 0.112258 0.00576778
3 0.315378 0.188834 0.111745 0.112155 0.00513419
8 0.811194 0.684874 0.111325 0.110667 0.00508343
9 0.93669 0.436463 0.111975 0.111594 0.00490592
0 0.688237 0.684955 0.111304 0.111672 0.00464037
5 0.811903 0.685115 0.11285 0.111774 0.00459841
0 0.688219 0.809594 0.110972 0.110795 0.00405705
2 0.564207 0.560931 0.111721 0.112425 0.00401952
3 0.191518 0.809496 0.111958 0.112304 0.00395215
1 0.564257 0.43748 0.113061 0.112859 0.00382536
12 0.935997 0.312904 0.114482 0.114659 0.00363562
3 0.439888 0.809563 0.111975 0.112651 0.00356626
12 0.811908 0.313512 0.110866 0.111342 0.00323796
8 0.688202 0.313221 0.111129 0.112936 0.00320521
1 0.688001 0.0647186 0.112272 0.114016 0.00317016
1 0.687607 0.313399 0.110674 0.112017 0.00315232
6 0.686803 0.561261 0.111123 0.112876 0.00311616
5 0.564267 0.809534 0.111775 0.112241 0.00305641
3 0.315783 0.561197 0.111974 0.112843 0.00305045
1 0.439882 0.561318 0.113444 0.113324 0.00296538
10 0.191651 0.0651072 0.112219 0.112903 0.00295061
12 0.935748 0.437423 0.111556 0.112492 0.00294736
3 0.688262 0.685433 0.111791 0.111858 0.00293475
1 0.563271 0.933404 0.112945 0.114484 0.0028969
4 0.687708 0.933441 0.11093 0.112534 0.00284211
6 0.811303 0.437358 0.111931 0.112751 0.00283349
2 0.315478 0.31336 0.111059 0.11287 0.00282193
0 0.936802 0.809393 0.11279 0.11325 0.00275536
12 0.688214 0.685454 0.110889 0.111005 0.00270051
12 0.0675288 0.685517 0.113656 0.114586 0.00268223
12 0.56363 0.685514 0.111147 0.111705 0.00264011
5 0.191159 0.561615 0.112622 0.112513 0.00253371
3 0.439634 0.933712 0.111087 0.113127 0.00251999
5 0.066994 0.934287 0.115601 0.115353 0.00244332
3 0.688221 0.313483 0.111786 0.112515 0.00237361
0 0.439768 0.0644605 0.110965 0.11297 0.002346
1 0.687724 0.189508 0.111026 0.112425 0.00234285
12 0.811863 0.188958 0.111939 0.112157 0.00234219
12 0.563855 0.189144 0.11223 0.11181 0.00233596
8 0.56418 0.809039 0.10998 0.11167 0.00230033
1 0.191833 0.437339 0.112171 0.112045 0.00227073
1 0.0666335 0.437912 0.111883 0.10903 0.00226553
12 0.315809 0.0650822 0.110921 0.112907 0.00221479
12 0.81194 0.0646966 0.11163 0.112098 0.00217544
1 0.6882 0.437461 0.110118 0.11268 0.00216458
12 0.935879 0.685614 0.11164 0.112773 0.0021533
9 0.811194 0.684874 0.111325 0.110667 0.00207122
4 0.439467 0.313436 0.112534 0.112799 0.00206571
2 0.688228 0.80972 0.111176 0.11151 0.00206199
1 0.0670268 0.561292 0.112355 0.111751 0.00199229
12 0.936137 0.561403 0.111213 0.112113 0.00198012
3 0.688289 0.437471 0.110626 0.111123 0.00196771
5 0.935715 0.933886 0.113448 0.113458 0.00195617
10 0.56418 0.809039 0.10998 0.11167 0.00192633
3 0.811562 0.189 0.111163 0.112642 0.00190276
5 0.811206 0.561345 0.112281 0.111667 0.00189481
2 0.563674 0.933997 0.113122 0.114758 0.00186429
7 0.19186 0.437466 0.111866 0.112325 0.00185149
3 0.812092 0.436537 0.110309 0.112 0.0018343
8 0.936009 0.934171 0.113134 0.112669 0.00183353
6 0.936096 0.313359 0.11315 0.115012 0.00182848
4 0.936239 0.313318 0.112876 0.114942 0.00182566
2 0.687724 0.189508 0.111026 0.112425 0.00182412
7 0.687756 0.06514 0.113373 0.113225 0.00176424
0 0.813048 0.313818 0.111432 0.111187 0.00176241
2 0.439882 0.561318 0.113444 0.113324 0.00175498
10 0.811889 0.685247 0.11259 0.112447 0.00175199
2 0.687975 0.0650561 0.112505 0.113892 0.0017411
4 0.0665417 0.313556 0.113527 0.111116 0.00172945
13 0.43974 0.313309 0.111578 0.111814 0.0017263
1 0.812149 0.933542 0.113099 0.113334 0.00172454
5 0.811401 0.93351 0.114149 0.11235 0.00171139
2 0.564257 0.43748 0.113061 0.112859 0.0017062
11 0.9358 0.0653331 0.11431 0.11323 0.00169246
9 0.936657 0.685395 0.11334 0.110912 0.00165494
12 0.68682 0.933927 0.108374 0.110853 0.00162396
4 0.688131 0.561428 0.11102 0.1128 0.00161391
3 0.811574 0.0654656 0.110435 0.112334 0.0015948
10 0.93513 0.189181 0.1116 0.112473 0.00158849
6 0.315776 0.437675 0.111333 0.112128 0.00158273
13 0.0667138 0.934026 0.114362 0.114361 0.00157933
4 0.811756 0.561487 0.111711 0.112308 0.00155439
1 0.439433 0.436854 0.111623 0.112612 0.00155329
7 0.687611 0.189359 0.111734 0.112215 0.00154091
10 0.439551 0.685619 0.112063 0.112271 0.00152868
0 0.315932 0.934273 0.111717 0.112345 0.00150761
1 0.936059 0.933958 0.112774 0.112972 0.00149893
6 0.812683 0.808978 0.111133 0.112468 0.00145599
6 0.687756 0.06514 0.113373 0.113225 0.00144153
4 0.563786 0.313627 0.112144 0.112608 0.00141636
10 0.19167 0.561152 0.111586 0.112306 0.00140982
5 0.0672039 0.561102 0.112385 0.113414 0.00139249
12 0.439303 0.18906 0.11167 0.112329 0.00136055
5 0.19138 0.0652334 0.112724 0.113335 0.00135426
10 0.191396 0.313144 0.111116 0.111448 0.00133679
4 0.811787 0.43717 0.11174 0.111331 0.00133026
7 0.563913 0.685191 0.112964 0.111282 0.00130793
4 0.687837 0.809473 0.111388 0.111959 0.00130305
6 0.688265 0.93308 0.11229 0.114066 0.00127634
7 0.811356 0.81001 0.113155 0.113593 0.00126862
3 0.811485 0.313675 0.111971 0.112607 0.00126318
0 0.81202 0.43765 0.111278 0.112499 0.00126142
7 0.439582 0.561221 0.112064 0.112167 0.00125589
7 0.81136 0.436927 0.110821 0.112776 0.00125203
7 0.688289 0.437471 0.110626 0.111123 0.00125129
12 0.191367 0.18929 0.112129 0.112643 0.0012458
12 0.0675652 0.0646198 0.113398 0.113033 0.00123794
6 0.688228 0.80972 0.111176 0.11151 0.00120323
0 0.315243 0.313397 0.111227 0.111175 0.00119606
8 0.191359 0.561157 0.110816 0.112078 0.0011695
3 0.31579 0.436676 0.110398 0.112564 0.00116851
11 0.935389 0.189252 0.112774 0.112409 0.00116109
0 0.56373 0.189171 0.111794 0.111472 0.00115722
3 0.0664348 0.436931 0.114749 0.111933 0.00114946
7 0.56371 0.934056 0.113694 0.113632 0.00114512
8 0.0668201 0.437072 0.112659 0.112445 0.0011449
8 0.688262 0.685433 0.111791 0.111858 0.0011446
8 0.0668746 0.561398 0.112449 0.111679 0.00114221
2 0.1916 0.437683 0.113248 0.112206 0.00113157
6 0.936083 0.561963 0.111475 0.112857 0.00113125
0 0.813036 0.0653489 0.110747 0.110659 0.00113123
7 0.811226 0.5611 0.112111 0.111923 0.00112776
10 0.0675803 0.933854 0.114208 0.113859 0.00112725
1 0.936341 0.561631 0.111982 0.11227 0.00112515
0 0.813006 0.189455 0.111984 0.110883 0.00111296
6 0.19186 0.437466 0.111866 0.112325 0.00110987
7 0.315794 0.561526 0.111541 0.112323 0.00110786
4 0.191568 0.313565 0.110832 0.111136 0.00110764
4 0.936605 0.809374 0.113234 0.11289 0.00110425
13 0.190914 0.0655212 0.111584 0.111768 0.00110243
3 0.0666044 0.561187 0.11481 0.111625 0.00109593
3 0.811356 0.81001 0.113155 0.113593 0.00109048
6 0.0673812 0.313774 0.113384 0.112139 0.00108927
3 0.0675288 0.685517 0.113656 0.114586 0.00108795
1 0.315787 0.685589 0.111741 0.112145 0.00108792
12 0.0672538 0.313729 0.113222 0.111742 0.00108148
11 0.811531 0.933667 0.112304 0.113618 0.00107367
9 0.1907 0.189281 0.112129 0.1118 0.00105119
4 0.688221 0.313483 0.111786 0.112515 0.00105031
11 0.564109 0.561174 0.110532 0.11249 0.00103307
5 0.439632 0.31334 0.111658 0.111801 0.00102563
12 0.315709 0.809482 0.112437 0.112482 0.00101448
12 0.191819 0.68547 0.111676 0.111903 0.00100352
1 0.191583 0.189383 0.112035 0.112552 0.00100129
