9 0.439072 0.809623 0.111261 0.111447 0.986841
5 0.315898 0.933623 0.110976 0.112808 0.986314
9 0.315379 0.685419 0.111403 0.110982 0.986056
6 0.315603 0.809516 0.113493 0.113048 0.985756
3 0.687667 0.933959 0.112422 0.113126 0.985112
12 0.439758 0.934048 0.113072 0.114006 0.984906
12 0.191284 0.933811 0.113207 0.11351 0.984902
3 0.687403 0.809675 0.111189 0.111924 0.984829
10 0.0676742 0.064753 0.115003 0.113993 0.984655
1 0.191296 0.809491 0.111418 0.111815 0.984479
10 0.563785 0.933908 0.111827 0.114504 0.984415
5 0.812363 0.934093 0.110723 0.111806 0.984387
5 0.315921 0.56168 0.111394 0.112091 0.984329
10 0.316283 0.188804 0.112686 0.112589 0.98422
7 0.0673534 0.809799 0.113155 0.112133 0.984194
10 0.191863 0.313129 0.112936 0.11238 0.983832
5 0.31497 0.0648097 0.111024 0.111863 0.983697
5 0.0671546 0.437662 0.112342 0.111436 0.983306
6 0.43996 0.561586 0.111706 0.112305 0.983206
7 0.439686 0.313169 0.113078 0.112389 0.983153
12 0.0672962 0.934251 0.111938 0.112997 0.983094
2 0.687881 0.0651097 0.110764 0.112839 0.982777
12 0.19158 0.685882 0.112148 0.11254 0.982663
1 0.19146 0.0642387 0.111856 0.113414 0.982168
12 0.563694 0.809612 0.112429 0.113353 0.981897
2 0.315335 0.437095 0.111907 0.112801 0.98167
12 0.315725 0.312948 0.113111 0.112772 0.981439
11 0.0667131 0.685824 0.112039 0.111656 0.981349
8 0.0672574 0.313267 0.112329 0.112586 0.981276
8 0.936068 0.933893 0.113522 0.113656 0.981116
12 0.191474 0.561524 0.111974 0.11219 0.981063
1 0.439689 0.0647569 0.111575 0.112986 0.980814
13 0.0669001 0.18957 0.112813 0.112051 0.980742
0 0.190881 0.437172 0.112822 0.112408 0.980371
5 0.439365 0.189018 0.11263 0.112908 0.980338
2 0.0672443 0.561208 0.11174 0.113238 0.979923
8 0.191545 0.189055 0.111726 0.112225 0.979904
9 0.687513 0.437917 0.110718 0.11116 0.979789
4 0.563646 0.313246 0.113057 0.11347 0.979775
10 0.563788 0.685266 0.11194 0.113063 0.979654
10 0.688141 0.188778 0.112478 0.113558 0.979645
12 0.8116 0.809835 0.112975 0.112653 0.979622
3 0.439682 0.437686 0.11188 0.111908 0.979609
3 0.439553 0.685276 0.112254 0.112276 0.979566
12 0.936834 0.809456 0.112449 0.112907 0.979397
6 0.688079 0.313174 0.11251 0.113061 0.97928
9 0.811218 0.065023 0.112252 0.111931 0.97927
2 0.563289 0.189528 0.11093 0.11269 0.979229
9 0.935991 0.0648445 0.113257 0.112322 0.979107
6 0.812449 0.685176 0.112617 0.112376 0.979004
6 0.812441 0.561576 0.113728 0.112849 0.978957
0 0.687615 0.685244 0.112018 0.112841 0.978949
7 0.563974 0.561577 0.112447 0.113118 0.978747
7 0.564016 0.43741 0.112155 0.113278 0.978746
3 0.68778 0.561559 0.111706 0.111879 0.978726
6 0.812513 0.188936 0.112524 0.113052 0.978617
3 0.812379 0.437652 0.112236 0.112312 0.978586
6 0.936841 0.685525 0.113648 0.112258 0.978216
12 0.936125 0.188885 0.1115 0.112121 0.978188
8 0.564124 0.0648621 0.111384 0.112547 0.978033
2 0.812333 0.312902 0.112973 0.113781 0.978027
2 0.936426 0.561303 0.112884 0.113376 0.977762
13 0.936549 0.437315 0.113673 0.113083 0.977424
5 0.936922 0.312691 0.112204 0.112201 0.977251
2 0.0666012 0.313615 0.113524 0.112814 0.0231653
2 0.56351 0.0653157 0.112173 0.112582 0.0144686
5 0.0668183 0.685476 0.112824 0.112086 0.00854177
2 0.190912 0.189455 0.112164 0.112239 0.00833443
2 0.935905 0.933844 0.112803 0.112614 0.00802835
11 0.81173 0.933192 0.110827 0.110077 0.0079565
3 0.812226 0.313772 0.112597 0.112767 0.00719057
6 0.563694 0.809612 0.112429 0.113353 0.00587686
4 0.936209 0.809516 0.112284 0.111366 0.00514024
7 0.936262 0.437621 0.112992 0.113545 0.00428985
2 0.688333 0.93334 0.113663 0.11262 0.00408949
1 0.812101 0.313372 0.111995 0.113425 0.00392802
4 0.688292 0.18932 0.112369 0.113835 0.00384716
1 0.315488 0.437918 0.111121 0.110615 0.0038159
3 0.315698 0.437507 0.111835 0.11199 0.00366
4 0.688123 0.809327 0.111986 0.112931 0.00332677
2 0.688133 0.809609 0.111779 0.112106 0.00326067
2 0.813126 0.93309 0.11229 0.113691 0.0032501
4 0.564293 0.437941 0.112025 0.113463 0.00324725
10 0.439993 0.313426 0.113309 0.113128 0.00320367
12 0.936648 0.437934 0.113174 0.11311 0.00319824
6 0.439894 0.438025 0.113672 0.112465 0.00287335
1 0.687632 0.68509 0.112357 0.111877 0.00285626
0 0.688191 0.43749 0.112259 0.111074 0.00264573
8 0.813046 0.313324 0.111057 0.114403 0.0026317
12 0.687667 0.561366 0.111294 0.111995 0.00260671
1 0.564006 0.313048 0.113263 0.113323 0.00256995
1 0.688288 0.0645418 0.111285 0.113328 0.0025394
4 0.68831 0.9332 0.114232 0.113352 0.00253063
11 0.0663167 0.189397 0.113248 0.110745 0.00245108
6 0.936209 0.809516 0.112284 0.111366 0.00244388
4 0.0668448 0.809479 0.113621 0.1115 0.00243955
1 0.936457 0.561314 0.112504 0.113139 0.00240187
10 0.0671089 0.68538 0.112905 0.11287 0.00236128
4 0.93581 0.189248 0.113213 0.112496 0.00232088
5 0.067237 0.560855 0.11242 0.114703 0.00229312
12 0.688044 0.438095 0.111578 0.112096 0.00221048
6 0.564464 0.436652 0.109725 0.1133 0.002184
2 0.813232 0.438041 0.113086 0.112683 0.00215879
4 0.564186 0.561523 0.112513 0.112016 0.00209042
6 0.315482 0.313341 0.112585 0.113111 0.00208747
6 0.440391 0.68524 0.111645 0.111655 0.00206783
2 0.688157 0.561987 0.110559 0.111007 0.0019898
12 0.811766 0.437512 0.112624 0.112621 0.00197233
0 0.439521 0.0642828 0.111408 0.113617 0.00194526
3 0.066793 0.560904 0.114743 0.112573 0.00194044
6 0.191459 0.561494 0.113252 0.112736 0.00193855
13 0.687888 0.18887 0.112034 0.112 0.00191368
5 0.811576 0.313175 0.113831 0.113262 0.00188665
5 0.688364 0.933224 0.113777 0.112607 0.00187082
3 0.564211 0.189728 0.11128 0.113065 0.00185583
4 0.191333 0.31324 0.111642 0.112999 0.00181608
1 0.563503 0.189007 0.111701 0.113987 0.00180858
0 0.0673106 0.313775 0.111897 0.114499 0.00180766
9 0.811675 0.437792 0.112774 0.113035 0.00179787
2 0.440416 0.438062 0.114351 0.112413 0.00178484
4 0.688135 0.561834 0.111484 0.112141 0.00174855
3 0.688539 0.0653967 0.111149 0.112928 0.00173752
4 0.315454 0.188972 0.112045 0.113513 0.00173664
6 0.191417 0.685692 0.113505 0.113237 0.00172915
1 0.0670818 0.561057 0.112647 0.113528 0.00170906
1 0.688209 0.313348 0.11221 0.113864 0.00170878
5 0.688166 0.809478 0.112439 0.111488 0.00170127
12 0.687555 0.80967 0.111601 0.112316 0.00168169
8 0.81145 0.0648576 0.112613 0.112696 0.00167993
6 0.81268 0.437581 0.111157 0.112365 0.00167169
10 0.315527 0.933977 0.111401 0.111967 0.00166205
4 0.564221 0.685557 0.11078 0.111278 0.00165799
5 0.688244 0.189113 0.112465 0.113249 0.00165278
4 0.0676742 0.064753 0.115003 0.113993 0.00161224
4 0.439894 0.313379 0.113019 0.112774 0.00161206
1 0.68778 0.561559 0.111706 0.111879 0.00159451
11 0.936068 0.933893 0.113522 0.113656 0.0015934
5 0.936112 0.561322 0.113209 0.114292 0.00157647
0 0.19146 0.0642387 0.111856 0.113414 0.00156334
3 0.936288 0.561156 0.112486 0.111499 0.00156078
0 0.93555 0.933865 0.110947 0.112273 0.00155346
11 0.811421 0.064681 0.11255 0.113463 0.00154561
7 0.0663167 0.189397 0.113248 0.110745 0.00154296
6 0.688157 0.561987 0.110559 0.111007 0.00151133
4 0.563873 0.933314 0.110473 0.1124 0.00150613
8 0.315488 0.437918 0.111121 0.110615 0.00149859
8 0.68831 0.0646049 0.110707 0.113121 0.00149598
1 0.190868 0.436754 0.113282 0.112974 0.00147986
11 0.19113 0.189358 0.111442 0.11181 0.00147742
6 0.688133 0.809609 0.111779 0.112106 0.00147543
3 0.0668461 0.436546 0.111229 0.10997 0.00143582
12 0.811937 0.0645093 0.112889 0.112181 0.00140741
6 0.439758 0.934048 0.113072 0.114006 0.00139392
7 0.688248 0.313398 0.111872 0.111736 0.00139357
10 0.563757 0.43787 0.110839 0.11259 0.00138338
3 0.440042 0.561277 0.112456 0.112796 0.00138096
6 0.564268 0.561212 0.111112 0.112202 0.00137927
1 0.687794 0.809614 0.112011 0.11203 0.00137294
10 0.439555 0.189056 0.11139 0.112358 0.00136015
4 0.439351 0.685719 0.11157 0.112065 0.00135616
12 0.93616 0.0645028 0.113263 0.112116 0.00134556
6 0.688193 0.933833 0.112834 0.112994 0.00133806
6 0.0669255 0.933865 0.114153 0.114071 0.00133263
1 0.687943 0.933634 0.112407 0.112784 0.00132152
12 0.440416 0.438062 0.114351 0.112413 0.00130756
1 0.811479 0.68585 0.112494 0.112302 0.00130082
13 0.191308 0.31345 0.111372 0.111666 0.00129879
11 0.564248 0.0652699 0.112455 0.11315 0.00127158
11 0.936424 0.31299 0.112543 0.113096 0.00126652
10 0.812248 0.933745 0.110713 0.11151 0.00126645
8 0.688191 0.43749 0.112259 0.111074 0.00126574
3 0.688653 0.312608 0.112012 0.112254 0.00126437
6 0.812031 0.80961 0.112715 0.113902 0.00126253
2 0.563789 0.313759 0.112297 0.113407 0.00125413
5 0.688288 0.0645418 0.111285 0.113328 0.00123489
8 0.688068 0.684881 0.112255 0.113046 0.00123293
12 0.564401 0.436608 0.110525 0.111138 0.00122993
7 0.812337 0.189185 0.112297 0.112041 0.001227
3 0.812339 0.189017 0.111924 0.112922 0.00122583
3 0.315603 0.809516 0.113493 0.113048 0.00122183
1 0.439964 0.685401 0.111991 0.112493 0.00121205
9 0.936014 0.933677 0.11414 0.114319 0.00119274
12 0.687512 0.933745 0.112023 0.112142 0.00118176
4 0.439944 0.0647066 0.112094 0.113623 0.0011762
0 0.812955 0.0645825 0.110521 0.11215 0.00116639
13 0.811421 0.064681 0.11255 0.113463 0.00116504
1 0.812379 0.437652 0.112236 0.112312 0.00116148
4 0.8116 0.809835 0.112975 0.112653 0.00114311
5 0.0663167 0.189397 0.113248 0.110745 0.00113718
7 0.93662 0.810139 0.112151 0.111947 0.00113638
6 0.93581 0.189248 0.113213 0.112496 0.00112443
4 0.191296 0.809491 0.111418 0.111815 0.00112387
3 0.811292 0.810125 0.112253 0.114432 0.00111527
11 0.936076 0.0646282 0.112762 0.113545 0.00110692
8 0.936093 0.0648861 0.112476 0.113193 0.00110594
3 0.936663 0.810073 0.113124 0.111526 0.00110408
2 0.936394 0.312894 0.1133 0.113251 0.00110263
1 0.812601 0.561172 0.113523 0.112498 0.00109391
0 0.191286 0.809656 0.111666 0.112315 0.0010907
4 0.067257 0.437884 0.111666 0.108832 0.00108699
0 0.812234 0.809662 0.11217 0.113202 0.00108513
10 0.936686 0.313342 0.110085 0.111062 0.00107462
0 0.563705 0.0649312 0.111812 0.1118 0.00107304
1 0.439736 0.437605 0.111765 0.112424 0.00107177
0 0.191446 0.189264 0.1107 0.113713 0.00105933
7 0.191258 0.313659 0.11166 0.111928 0.00105
3 0.935996 0.189058 0.112844 0.115315 0.00101264
