3 0.439558 0.685096 0.113068 0.111615 0.986505
2 0.563301 0.933954 0.111737 0.112698 0.986334
8 0.563765 0.809628 0.112283 0.112465 0.9862
11 0.687636 0.933709 0.112536 0.113424 0.985639
11 0.31539 0.933769 0.111485 0.113115 0.985636
5 0.314989 0.0651647 0.111244 0.112625 0.985479
0 0.93578 0.933336 0.113148 0.11207 0.985245
7 0.315261 0.809501 0.112218 0.111897 0.98519
2 0.563059 0.0653043 0.11114 0.112449 0.985138
4 0.191568 0.68543 0.112093 0.111 0.985112
8 0.315551 0.685408 0.112045 0.11133 0.984199
9 0.191486 0.188859 0.112289 0.111546 0.983875
2 0.067408 0.809573 0.112541 0.112886 0.983617
7 0.438902 0.0650127 0.111742 0.112685 0.983552
0 0.439778 0.933851 0.11267 0.113218 0.983312
2 0.811582 0.934004 0.111864 0.11268 0.983305
1 0.191335 0.809578 0.111448 0.112214 0.983059
7 0.315383 0.189104 0.113643 0.112736 0.982504
7 0.191527 0.313329 0.113366 0.112119 0.982409
11 0.0668489 0.0646686 0.113947 0.112823 0.982266
11 0.191545 0.933823 0.111443 0.113413 0.98215
5 0.0673402 0.313589 0.112577 0.112596 0.982121
4 0.936684 0.809803 0.112456 0.111962 0.982088
1 0.0667996 0.934139 0.112533 0.113162 0.982051
1 0.191558 0.561681 0.111432 0.111818 0.981761
7 0.811967 0.0656271 0.112853 0.112169 0.981717
2 0.0669055 0.189393 0.111769 0.112704 0.98155
9 0.811877 0.685648 0.111556 0.111011 0.981535
13 0.439975 0.809493 0.112076 0.11271 0.981485
12 0.315459 0.561486 0.112103 0.111946 0.981445
10 0.0674863 0.437029 0.112635 0.111518 0.981357
10 0.439229 0.312916 0.112234 0.111892 0.981354
12 0.315299 0.313625 0.111967 0.111645 0.981198
1 0.315069 0.437276 0.111808 0.111975 0.981091
13 0.687647 0.0647553 0.112126 0.111386 0.981022
12 0.19121 0.0647272 0.110789 0.111554 0.98101
0 0.0671869 0.561334 0.113334 0.112433 0.980765
0 0.190973 0.437288 0.11195 0.11197 0.980717
0 0.81213 0.809238 0.112335 0.112805 0.980426
1 0.687804 0.809575 0.112058 0.113508 0.980418
13 0.0672442 0.685389 0.112977 0.111847 0.980325
7 0.439295 0.189239 0.113656 0.112871 0.980237
2 0.439425 0.437679 0.111518 0.111805 0.97991
6 0.563849 0.188986 0.111637 0.112045 0.979858
6 0.564043 0.312997 0.111946 0.112175 0.979563
11 0.563741 0.436895 0.111857 0.113148 0.979522
5 0.439352 0.56146 0.112696 0.113116 0.979346
5 0.563587 0.561156 0.112219 0.113383 0.979122
12 0.563774 0.685799 0.112366 0.11214 0.979035
11 0.687643 0.312681 0.111669 0.11306 0.978872
10 0.936419 0.436839 0.113716 0.114068 0.97876
6 0.812456 0.312751 0.112664 0.111807 0.978689
12 0.687901 0.188901 0.11258 0.112627 0.978618
1 0.936005 0.0644712 0.113968 0.113394 0.978528
2 0.687551 0.437601 0.111507 0.111795 0.978501
12 0.935853 0.68534 0.11239 0.111254 0.97832
2 0.687847 0.5617 0.112076 0.112253 0.978104
8 0.936372 0.56179 0.111502 0.112087 0.97806
5 0.688047 0.685322 0.112833 0.113078 0.978057
13 0.812136 0.188904 0.112131 0.112369 0.977847
7 0.812158 0.437164 0.112672 0.113029 0.977827
7 0.935623 0.188499 0.110572 0.110807 0.977824
8 0.936303 0.313425 0.111559 0.1122 0.977159
8 0.811699 0.561804 0.111082 0.11162 0.9769
8 0.688518 0.933127 0.112349 0.113295 0.0145388
12 0.439883 0.809923 0.111836 0.111756 0.0135375
2 0.812154 0.561417 0.111485 0.112415 0.0126155
12 0.811611 0.188756 0.111646 0.111726 0.0108635
2 0.936334 0.561261 0.111749 0.112562 0.00803509
8 0.811594 0.93315 0.113451 0.111193 0.0075276
3 0.564183 0.312635 0.111577 0.112493 0.00695848
2 0.315623 0.68557 0.111617 0.11245 0.00492838
8 0.564102 0.437313 0.111793 0.112349 0.00432912
1 0.191587 0.685686 0.112339 0.112115 0.00422974
3 0.688173 0.561707 0.111554 0.111824 0.00414074
3 0.812354 0.312385 0.110679 0.111514 0.00383829
4 0.811433 0.312886 0.113081 0.11175 0.00380225
12 0.811405 0.437189 0.112242 0.113334 0.00379861
3 0.687947 0.437739 0.112449 0.112919 0.00348396
9 0.935598 0.313601 0.113604 0.111524 0.00346416
1 0.687646 0.437918 0.109895 0.11209 0.00339856
1 0.439321 0.437962 0.111032 0.1121 0.0033932
1 0.936935 0.809696 0.113241 0.113231 0.00338138
12 0.811445 0.0651785 0.111405 0.112672 0.00336568
3 0.563976 0.188627 0.111502 0.112517 0.00333671
13 0.936081 0.436978 0.111574 0.110925 0.00322463
2 0.564127 0.810085 0.111729 0.113143 0.0030753
13 0.191545 0.933823 0.111443 0.113413 0.00301348
5 0.0668778 0.188553 0.11285 0.112601 0.00298447
6 0.811342 0.436983 0.113462 0.113264 0.0029693
8 0.811484 0.685604 0.110927 0.112075 0.00295732
2 0.935973 0.313019 0.11132 0.114222 0.0027902
1 0.688172 0.561462 0.112359 0.113379 0.00277793
3 0.688324 0.685636 0.112086 0.113403 0.00271498
0 0.688108 0.809173 0.11144 0.111959 0.00266921
0 0.935941 0.0645101 0.112501 0.113395 0.00258809
0 0.813134 0.685669 0.110137 0.110688 0.00253015
3 0.0665929 0.809447 0.114633 0.112322 0.00241282
9 0.936094 0.436937 0.113194 0.112275 0.00232166
3 0.563624 0.933618 0.111596 0.112714 0.00232097
7 0.93603 0.685539 0.111042 0.113898 0.00227366
5 0.688172 0.561462 0.112359 0.113379 0.00224559
12 0.0667908 0.685482 0.111755 0.112084 0.00224547
8 0.688125 0.312872 0.112025 0.114091 0.00221839
11 0.0669323 0.436986 0.114208 0.111264 0.0021654
11 0.811498 0.561425 0.110977 0.112196 0.0021487
9 0.935873 0.933636 0.111838 0.112377 0.00213086
10 0.191229 0.31354 0.112846 0.112094 0.00210373
11 0.564314 0.810016 0.111871 0.113092 0.00202656
6 0.315751 0.561277 0.111166 0.111894 0.00202608
10 0.563806 0.436594 0.111178 0.11174 0.00201766
4 0.688339 0.685375 0.111563 0.113573 0.00200647
11 0.81171 0.933411 0.112234 0.112233 0.00194831
10 0.688042 0.933556 0.111578 0.114004 0.00187515
5 0.688173 0.437179 0.112072 0.113946 0.00187294
11 0.440106 0.809336 0.110935 0.112558 0.00187118
13 0.31543 0.933924 0.111551 0.113666 0.00186344
1 0.563494 0.0646367 0.111351 0.113214 0.00185919
1 0.0667536 0.560642 0.114712 0.112825 0.00185231
10 0.936526 0.685047 0.111263 0.111481 0.00183032
2 0.688339 0.685375 0.111563 0.113573 0.00182626
5 0.811594 0.93315 0.113451 0.111193 0.00181511
11 0.315801 0.685497 0.111619 0.11279 0.00179698
6 0.811396 0.0650809 0.112222 0.112302 0.0017798
0 0.191276 0.189146 0.111882 0.112508 0.00174545
1 0.564027 0.933398 0.112854 0.113084 0.00173714
0 0.935945 0.313444 0.111172 0.112735 0.00172499
3 0.688135 0.189062 0.112708 0.113027 0.00170047
12 0.687438 0.064962 0.110961 0.111339 0.00168932
13 0.0665417 0.0645659 0.114069 0.112245 0.00166748
8 0.191545 0.933823 0.111443 0.113413 0.0016615
13 0.688042 0.933556 0.111578 0.114004 0.00163241
10 0.936986 0.809406 0.112914 0.11209 0.00161513
8 0.564034 0.933645 0.112153 0.11254 0.00159062
4 0.315745 0.809553 0.112351 0.11274 0.00157842
8 0.688188 0.43731 0.110776 0.113493 0.001572
8 0.81305 0.809231 0.112262 0.113763 0.00156133
6 0.688104 0.189261 0.113069 0.114123 0.00155704
5 0.688137 0.312943 0.111374 0.112137 0.00155347
7 0.811523 0.312653 0.111603 0.11278 0.00149422
11 0.0673602 0.685489 0.112583 0.11221 0.00146453
4 0.812798 0.436464 0.110082 0.111174 0.00144469
0 0.315256 0.437187 0.112546 0.112737 0.00143259
7 0.936684 0.809803 0.112456 0.111962 0.00141868
10 0.68674 0.312767 0.112972 0.112829 0.00141832
4 0.563328 0.188732 0.110833 0.11232 0.00140658
6 0.191638 0.685435 0.111756 0.1122 0.0014064
9 0.0671082 0.437046 0.113222 0.111372 0.00139111
8 0.31543 0.933924 0.111551 0.113666 0.00138759
8 0.935999 0.932963 0.11179 0.111635 0.00138209
5 0.687952 0.933938 0.113319 0.113195 0.00138006
12 0.935951 0.436845 0.114578 0.11325 0.00138005
4 0.688108 0.809173 0.11144 0.111959 0.00137043
12 0.935942 0.188938 0.113192 0.113392 0.00136248
0 0.0667933 0.934034 0.113489 0.11367 0.00134712
9 0.563721 0.436747 0.110811 0.111629 0.00132692
6 0.935946 0.188795 0.112731 0.113369 0.00131199
8 0.1914 0.189105 0.111635 0.112106 0.00130353
9 0.439778 0.933851 0.11267 0.113218 0.00130239
1 0.812306 0.933358 0.112703 0.113128 0.00130217
1 0.191144 0.437116 0.112938 0.112754 0.001298
9 0.564149 0.809134 0.110864 0.111721 0.00127417
2 0.688204 0.809516 0.112549 0.112112 0.0012734
2 0.191087 0.685356 0.11168 0.111526 0.00127022
8 0.688184 0.561536 0.111059 0.113005 0.00126895
6 0.191568 0.313268 0.111668 0.110788 0.0012446
11 0.811438 0.685394 0.11211 0.112144 0.00123413
2 0.936935 0.809696 0.113241 0.113231 0.00123087
5 0.563528 0.0650446 0.112202 0.112409 0.00122021
10 0.315326 0.189059 0.112935 0.112174 0.00121412
13 0.936526 0.685047 0.111263 0.111481 0.00120882
12 0.439617 0.313441 0.110985 0.112558 0.00120851
4 0.315273 0.437613 0.112243 0.11283 0.00120423
0 0.191431 0.56128 0.11161 0.112183 0.00119289
0 0.936363 0.561781 0.111865 0.112922 0.00118886
3 0.315769 0.561095 0.112171 0.11327 0.00118864
4 0.191335 0.809578 0.111448 0.112214 0.00118469
12 0.0669323 0.436986 0.114208 0.111264 0.00118168
10 0.688339 0.685375 0.111563 0.113573 0.00117888
11 0.936795 0.43643 0.112058 0.113636 0.00115224
6 0.315555 0.313379 0.111774 0.112388 0.00114832
5 0.936531 0.809555 0.112547 0.111531 0.00114717
10 0.314945 0.0650934 0.113088 0.113348 0.00114687
3 0.564163 0.685714 0.112901 0.112554 0.00114126
3 0.439662 0.43792 0.112692 0.113159 0.00113597
10 0.0665417 0.0645659 0.114069 0.112245 0.00113038
13 0.439519 0.313169 0.111319 0.111633 0.00112913
5 0.0674389 0.809475 0.113894 0.113442 0.0011202
0 0.191281 0.809563 0.112056 0.112834 0.00111951
4 0.191558 0.561681 0.111432 0.111818 0.00111012
7 0.564219 0.313539 0.113121 0.112712 0.00110804
7 0.563802 0.18886 0.111708 0.112272 0.00110356
6 0.688204 0.809516 0.112549 0.112112 0.00109715
1 0.0669486 0.18889 0.11283 0.112868 0.00109301
7 0.0672453 0.436344 0.111209 0.112793 0.0010914
4 0.935679 0.189238 0.113127 0.112435 0.00108349
11 0.936677 0.561141 0.112868 0.112845 0.00107951
4 0.563642 0.312901 0.110648 0.112234 0.00107916
5 0.439547 0.436896 0.111086 0.113502 0.0010641
3 0.563851 0.065472 0.111854 0.112959 0.0010529
7 0.3159 0.561128 0.112015 0.113731 0.00104616
9 0.812605 0.809134 0.111697 0.112876 0.00104133
4 0.191129 0.313497 0.112482 0.111676 0.00103778
4 0.5637 0.561319 0.111947 0.112876 0.00103479
8 0.0669178 0.809733 0.112941 0.112633 0.00102958
3 0.066344 0.189305 0.113951 0.112167 0.0010291
3 0.563676 0.561366 0.111743 0.112919 0.00102765
5 0.563798 0.933575 0.11197 0.111617 0.00102701
1 0.0671228 0.809377 0.113875 0.112043 0.001023
1 0.43956 0.685387 0.111529 0.112073 0.00101185
11 0.812237 0.189605 0.113144 0.112574 0.00100507
10 0.5637 0.561319 0.111947 0.112876 0.00100377
