3 0.314996 0.809586 0.113332 0.111565 0.986784
3 0.0671478 0.685561 0.112663 0.113257 0.9863
2 0.687736 0.934074 0.11161 0.112543 0.985285
3 0.190922 0.933814 0.113481 0.112984 0.985211
5 0.56361 0.934249 0.111318 0.112892 0.985114
5 0.191603 0.809715 0.110553 0.111553 0.985028
12 0.439615 0.685408 0.111019 0.111948 0.984729
3 0.315735 0.561452 0.111748 0.11311 0.984605
7 0.439689 0.933864 0.111587 0.112676 0.984304
5 0.439306 0.0653125 0.110424 0.111896 0.984097
10 0.316005 0.933747 0.112013 0.112827 0.983622
3 0.315417 0.437232 0.112257 0.113774 0.983446
3 0.0669589 0.934061 0.114086 0.115011 0.983228
4 0.0676308 0.561372 0.112312 0.11141 0.98322
10 0.191969 0.685334 0.11151 0.111169 0.983211
2 0.563391 0.0650538 0.110987 0.112828 0.983079
2 0.315075 0.685466 0.112337 0.112009 0.983013
9 0.0669385 0.18881 0.1128 0.111589 0.98296
7 0.315719 0.31328 0.112892 0.111339 0.98294
12 0.191343 0.0647554 0.111231 0.112528 0.982572
2 0.314623 0.0649466 0.112308 0.113065 0.982351
10 0.19173 0.437337 0.111394 0.111399 0.982265
3 0.811866 0.810073 0.113049 0.113139 0.98212
10 0.191628 0.312947 0.112552 0.112421 0.981868
8 0.811905 0.933865 0.111871 0.112639 0.981512
11 0.0663852 0.313742 0.113119 0.112544 0.981444
8 0.563634 0.80986 0.111833 0.112536 0.981413
11 0.0667631 0.437841 0.112688 0.112335 0.981389
7 0.93711 0.80971 0.111513 0.112827 0.981335
11 0.191374 0.188809 0.112185 0.11193 0.981012
2 0.0667202 0.0646118 0.112688 0.113187 0.98093
11 0.0667527 0.809655 0.112659 0.112342 0.98088
4 0.68806 0.0650295 0.111484 0.112646 0.98081
4 0.564032 0.685569 0.111625 0.111466 0.980632
13 0.688001 0.809906 0.112391 0.111969 0.980542
8 0.935895 0.933724 0.112579 0.111759 0.980466
7 0.439371 0.313301 0.112949 0.112068 0.980435
12 0.935947 0.685417 0.112056 0.111399 0.980052
4 0.564112 0.561234 0.112846 0.112965 0.979946
8 0.191227 0.561341 0.111803 0.111411 0.979562
6 0.68838 0.685699 0.112703 0.111972 0.979375
13 0.439316 0.809656 0.111276 0.111528 0.979349
10 0.563852 0.312912 0.112004 0.112585 0.979339
4 0.812478 0.0648094 0.112222 0.112695 0.979302
2 0.439221 0.189323 0.112133 0.112525 0.979242
12 0.563522 0.437033 0.112185 0.112211 0.979169
12 0.563487 0.188802 0.111911 0.112766 0.979048
9 0.811968 0.189003 0.112093 0.112708 0.978976
8 0.315185 0.189545 0.112878 0.111788 0.97896
0 0.438959 0.437467 0.111593 0.111794 0.978932
1 0.936079 0.56149 0.114644 0.11364 0.978869
11 0.687569 0.188943 0.112183 0.112985 0.978859
2 0.936001 0.0650797 0.112105 0.112584 0.978757
8 0.439895 0.561373 0.11225 0.113568 0.978713
6 0.812652 0.685808 0.112759 0.111997 0.97864
9 0.811947 0.561767 0.112142 0.112663 0.978629
4 0.936677 0.436784 0.113833 0.113214 0.978593
0 0.811779 0.312979 0.112116 0.113046 0.97851
8 0.687954 0.437162 0.112321 0.113 0.977935
2 0.812259 0.436976 0.112468 0.113926 0.977843
2 0.688046 0.561357 0.112754 0.113057 0.977553
3 0.936261 0.313334 0.111711 0.112017 0.977506
7 0.687904 0.312997 0.112485 0.112403 0.977387
11 0.936312 0.188793 0.112317 0.112475 0.976767
10 0.936049 0.189109 0.111088 0.110568 0.0112339
2 0.688013 0.436825 0.111998 0.112702 0.00811939
4 0.563703 0.313676 0.110339 0.112615 0.00793463
2 0.439433 0.561314 0.111872 0.11287 0.00737084
2 0.191335 0.561348 0.112885 0.11213 0.00699209
2 0.563843 0.809947 0.111994 0.112385 0.00660566
5 0.93618 0.0651339 0.113031 0.113293 0.00576351
3 0.813001 0.685439 0.111762 0.113187 0.00565837
4 0.191492 0.313049 0.111121 0.111229 0.00538146
12 0.439446 0.809854 0.111568 0.111639 0.00484582
6 0.563504 0.437222 0.110478 0.111857 0.00474159
2 0.812585 0.933637 0.111964 0.112865 0.00449885
8 0.688456 0.933693 0.112169 0.112915 0.00448239
1 0.564347 0.5615 0.111934 0.111877 0.0043243
10 0.0670891 0.436648 0.113077 0.113072 0.00403648
3 0.315075 0.685466 0.112337 0.112009 0.00399036
5 0.688133 0.561602 0.112788 0.113202 0.00391246
3 0.811975 0.436801 0.112443 0.112484 0.00389819
1 0.564166 0.685472 0.112319 0.111692 0.00389286
12 0.936198 0.810221 0.112659 0.114215 0.00386897
1 0.936434 0.436784 0.11309 0.11332 0.00375004
1 0.0669857 0.561275 0.114696 0.112655 0.00369072
5 0.688013 0.188505 0.111975 0.112516 0.00366978
1 0.688378 0.0644221 0.112485 0.113659 0.00362227
3 0.687731 0.561391 0.111932 0.112104 0.00353303
0 0.936196 0.561026 0.114319 0.112523 0.00349637
2 0.315156 0.189093 0.111156 0.112012 0.00338831
9 0.811482 0.810374 0.11285 0.112122 0.00324817
1 0.81169 0.437859 0.109476 0.111307 0.00322633
12 0.812564 0.561432 0.111072 0.111803 0.00306237
5 0.0674613 0.313402 0.113848 0.111611 0.00306068
3 0.811659 0.561969 0.112203 0.112216 0.00305923
12 0.688014 0.809976 0.11154 0.111793 0.00302087
7 0.811728 0.064598 0.113647 0.114819 0.0029894
10 0.6868 0.188966 0.112691 0.111965 0.00298354
1 0.688133 0.561602 0.112788 0.113202 0.00294349
5 0.0676833 0.437957 0.113924 0.111256 0.00293202
7 0.688279 0.809958 0.113507 0.112582 0.00293081
12 0.686795 0.313387 0.109676 0.112367 0.00292943
1 0.811873 0.312539 0.111775 0.113081 0.00289757
5 0.811471 0.436989 0.113608 0.112534 0.00283786
5 0.191337 0.188923 0.112665 0.11133 0.00281366
10 0.0662603 0.313643 0.112855 0.111643 0.00279131
3 0.687852 0.933716 0.111413 0.112879 0.00265911
7 0.688331 0.685466 0.113621 0.112803 0.00265812
5 0.0664602 0.808829 0.112772 0.111162 0.00261506
3 0.688796 0.68515 0.111163 0.111357 0.00247896
12 0.812095 0.18902 0.111728 0.112493 0.00243798
1 0.812428 0.0648622 0.111708 0.113634 0.00243502
1 0.439318 0.436765 0.111992 0.113083 0.00242449
0 0.813171 0.934102 0.110329 0.114295 0.00236616
4 0.191969 0.685334 0.11151 0.111169 0.0022624
4 0.190966 0.437827 0.112113 0.110729 0.0021029
0 0.0670588 0.189118 0.113033 0.113168 0.0020643
8 0.813054 0.437194 0.108917 0.112661 0.00206069
2 0.936331 0.933632 0.112322 0.112305 0.00204895
6 0.93622 0.80999 0.11173 0.11385 0.00204414
4 0.316005 0.933747 0.112013 0.112827 0.00193475
0 0.687367 0.438044 0.110825 0.112886 0.00193353
3 0.935835 0.0653731 0.112846 0.112831 0.00188754
10 0.0670722 0.809411 0.114009 0.113073 0.00188627
12 0.936278 0.313291 0.111658 0.113116 0.00188152
10 0.315674 0.313577 0.111946 0.111915 0.0018458
6 0.439736 0.685651 0.11151 0.112067 0.00182663
1 0.6883 0.933593 0.113219 0.113059 0.00179037
1 0.811633 0.809808 0.111862 0.112004 0.00179008
11 0.563925 0.809759 0.112032 0.111844 0.00178816
1 0.936524 0.0647108 0.112805 0.113098 0.00178003
8 0.68808 0.188982 0.113004 0.113831 0.00176558
7 0.687855 0.064847 0.111687 0.111629 0.00176156
1 0.563699 0.0646 0.111016 0.1133 0.00172856
7 0.191713 0.313392 0.113075 0.112194 0.00169673
5 0.935677 0.189679 0.112575 0.11215 0.0016741
9 0.811683 0.933476 0.111726 0.112942 0.00163368
12 0.0672208 0.189076 0.113071 0.112834 0.00162446
3 0.0660824 0.0648495 0.114306 0.113104 0.001611
0 0.813013 0.189406 0.112619 0.112714 0.00160955
9 0.936567 0.313341 0.112483 0.112875 0.0015473
13 0.686921 0.313103 0.11307 0.112279 0.00153815
7 0.811568 0.685754 0.111804 0.113536 0.0015229
1 0.315625 0.685339 0.112903 0.112554 0.00151682
7 0.935746 0.437447 0.112131 0.112337 0.0015052
12 0.811537 0.810353 0.112299 0.112681 0.00149751
1 0.439268 0.189333 0.11207 0.111511 0.00149144
13 0.191179 0.437477 0.112047 0.111406 0.00144758
2 0.813078 0.810452 0.110683 0.110634 0.0013929
0 0.813085 0.562209 0.111486 0.111271 0.00136836
2 0.936413 0.436809 0.112471 0.112814 0.00135625
9 0.93601 0.933755 0.111267 0.112141 0.00132676
5 0.0662615 0.0656348 0.112357 0.110809 0.00132662
10 0.439619 0.313489 0.112344 0.111811 0.00132269
3 0.314623 0.0649466 0.112308 0.113065 0.00132142
4 0.439491 0.313438 0.111573 0.111675 0.00132134
2 0.564231 0.561326 0.111757 0.111741 0.0013107
3 0.811976 0.189073 0.111087 0.112004 0.00130993
9 0.191121 0.188711 0.111542 0.111688 0.0013075
6 0.688227 0.313155 0.112255 0.113167 0.00129417
13 0.191275 0.685299 0.112111 0.111584 0.00127605
2 0.564142 0.68539 0.11126 0.110962 0.00127363
4 0.687852 0.933716 0.111413 0.112879 0.00126823
1 0.315175 0.56132 0.11271 0.112226 0.00125034
10 0.687634 0.809263 0.110755 0.11098 0.00124976
4 0.688224 0.31269 0.111706 0.112335 0.00124803
3 0.563687 0.0644143 0.110724 0.113131 0.00124346
10 0.563577 0.934176 0.1117 0.112045 0.00124337
10 0.190964 0.189207 0.111293 0.111193 0.00123901
5 0.811858 0.0654374 0.112698 0.112083 0.00123828
1 0.315214 0.0648347 0.112188 0.113129 0.00123642
4 0.439685 0.933479 0.111566 0.112862 0.00123624
10 0.68804 0.313431 0.111368 0.11155 0.00123506
7 0.43992 0.810103 0.112283 0.111482 0.00123479
12 0.564006 0.312977 0.111594 0.111977 0.00122389
4 0.688288 0.561251 0.11164 0.112469 0.00121184
13 0.191621 0.313111 0.111799 0.111645 0.00120969
3 0.563594 0.436548 0.111272 0.113298 0.00119909
9 0.0665516 0.436472 0.112417 0.111012 0.0011957
3 0.439686 0.18952 0.111691 0.112611 0.00119315
7 0.936488 0.685562 0.112022 0.112372 0.00119265
7 0.0670477 0.560888 0.113098 0.112728 0.0011812
5 0.563208 0.313011 0.111296 0.111228 0.00117112
11 0.688175 0.437494 0.112761 0.113462 0.00115369
11 0.935969 0.933834 0.110875 0.112705 0.00115362
13 0.0664602 0.808829 0.112772 0.111162 0.00114411
1 0.315208 0.80921 0.112176 0.11171 0.00114161
1 0.936267 0.313143 0.111156 0.111631 0.00113461
10 0.191141 0.80963 0.111433 0.111804 0.00113418
9 0.687646 0.189319 0.111518 0.111997 0.00112211
6 0.191343 0.0647554 0.111231 0.112528 0.00111837
10 0.812418 0.0649664 0.111587 0.112629 0.00111054
1 0.315508 0.437386 0.112662 0.112582 0.0011099
11 0.191603 0.809715 0.110553 0.111553 0.00110405
13 0.0662603 0.313643 0.112855 0.111643 0.00109856
13 0.315365 0.313277 0.111426 0.111821 0.00107321
1 0.191758 0.933488 0.112387 0.112129 0.00106673
12 0.315044 0.437479 0.111836 0.112133 0.00106352
10 0.439633 0.0650115 0.111717 0.111954 0.0010564
6 0.936718 0.31338 0.112083 0.113262 0.00104961
7 0.563677 0.436508 0.111977 0.11302 0.00104835
7 0.191406 0.437937 0.113272 0.112058 0.00104764
1 0.0669739 0.0649825 0.113018 0.112581 0.00104405
12 0.315208 0.80921 0.112176 0.11171 0.00102719
8 0.81149 0.189108 0.111845 0.112445 0.00102654
11 0.811704 0.933052 0.111973 0.110872 0.00102054
4 0.937044 0.80937 0.111719 0.112787 0.00101642
0 0.936548 0.933851 0.111907 0.112125 0.00101063
2 0.688131 0.0649831 0.112574 0.113046 0.0010022
