9 0.315112 0.809596 0.112208 0.111651 0.988181
3 0.315204 0.68505 0.112597 0.110894 0.987372
9 0.439626 0.685255 0.112024 0.111183 0.987102
3 0.688442 0.93375 0.113357 0.112744 0.987098
3 0.191874 0.80958 0.111299 0.112249 0.986818
8 0.563646 0.934116 0.112244 0.11258 0.98673
9 0.439358 0.0649871 0.11109 0.112163 0.986653
11 0.315474 0.933701 0.111652 0.113105 0.986159
9 0.563984 0.685361 0.111247 0.111133 0.986052
7 0.191132 0.933962 0.11179 0.112045 0.985636
4 0.0673736 0.685584 0.113002 0.111128 0.98511
11 0.9359 0.933806 0.11331 0.11298 0.984991
3 0.0671445 0.934275 0.113351 0.113734 0.984773
7 0.190991 0.685146 0.111362 0.111368 0.984742
3 0.812597 0.809417 0.113079 0.112953 0.984607
10 0.564218 0.809299 0.111325 0.111928 0.984253
11 0.93643 0.809366 0.112574 0.112354 0.984223
0 0.439769 0.933793 0.112781 0.113386 0.983841
4 0.191664 0.561399 0.112224 0.11111 0.983753
9 0.315764 0.437379 0.111504 0.112488 0.983647
12 0.688259 0.809662 0.111437 0.112442 0.982851
10 0.315186 0.561211 0.112695 0.111648 0.982693
4 0.191453 0.437174 0.112909 0.112641 0.982661
3 0.315631 0.313563 0.110903 0.111742 0.982507
13 0.0674407 0.437218 0.112734 0.11192 0.982238
1 0.812369 0.933635 0.111886 0.113046 0.982131
2 0.31479 0.189274 0.111846 0.112556 0.982044
8 0.191222 0.065145 0.11249 0.113091 0.981974
0 0.315266 0.0643013 0.111805 0.112774 0.981944
10 0.067855 0.313287 0.112783 0.111201 0.981876
1 0.19097 0.313126 0.11162 0.111788 0.98146
4 0.439757 0.809538 0.112364 0.11304 0.981389
10 0.56373 0.0648573 0.111158 0.11248 0.981077
3 0.43927 0.189086 0.112072 0.112102 0.980921
2 0.811854 0.0653676 0.111621 0.112191 0.980841
6 0.191427 0.188426 0.111763 0.111939 0.980706
2 0.0674365 0.561809 0.112382 0.112793 0.98062
8 0.439633 0.561113 0.11216 0.112114 0.980457
6 0.0666921 0.188763 0.112633 0.11196 0.980422
3 0.439311 0.313339 0.111433 0.112575 0.98038
9 0.563486 0.313456 0.111716 0.111704 0.980196
12 0.0670896 0.0646991 0.112716 0.112853 0.979955
0 0.0673348 0.809489 0.11292 0.112155 0.979912
2 0.935969 0.0652828 0.111614 0.112351 0.979423
6 0.688191 0.685362 0.112576 0.11197 0.979382
13 0.563504 0.189206 0.111694 0.112557 0.979332
10 0.688021 0.188599 0.112753 0.113692 0.979253
7 0.563943 0.561511 0.112519 0.112537 0.979071
1 0.563648 0.437224 0.112359 0.11306 0.979021
1 0.811973 0.685165 0.113637 0.11311 0.979017
6 0.812568 0.188681 0.111667 0.11202 0.979005
1 0.68784 0.0646418 0.111626 0.113156 0.97898
1 0.687846 0.561515 0.112542 0.112511 0.978778
1 0.812134 0.437129 0.113019 0.11253 0.978727
10 0.68818 0.312842 0.112379 0.113234 0.97864
10 0.936243 0.684869 0.113094 0.113337 0.978606
0 0.812166 0.312882 0.112263 0.112626 0.978549
0 0.439225 0.437347 0.111275 0.111604 0.978485
13 0.812381 0.561783 0.11252 0.112548 0.978446
10 0.936666 0.312609 0.113214 0.113796 0.978198
0 0.687766 0.437239 0.112156 0.1132 0.97817
0 0.936179 0.43681 0.113212 0.112571 0.977911
11 0.936208 0.188539 0.112697 0.112839 0.977687
3 0.936512 0.561094 0.111911 0.112495 0.977636
2 0.439699 0.5613 0.111388 0.113261 0.00797747
10 0.93615 0.188872 0.111292 0.110737 0.00543658
0 0.688171 0.0638623 0.111389 0.11292 0.00517296
1 0.191519 0.437465 0.112946 0.112488 0.00494237
12 0.811511 0.562143 0.110242 0.111711 0.00488154
3 0.687548 0.685203 0.11239 0.111532 0.00477886
10 0.935972 0.933593 0.111108 0.112534 0.00463998
1 0.811549 0.0647665 0.111691 0.112241 0.00450963
1 0.191319 0.561434 0.112146 0.111593 0.00439984
3 0.190801 0.188179 0.110274 0.111566 0.00430961
1 0.0672867 0.685703 0.113421 0.11202 0.00371165
0 0.812273 0.436426 0.112586 0.111536 0.00352746
0 0.811841 0.933117 0.11327 0.114038 0.00345922
12 0.563605 0.188905 0.111515 0.111996 0.00338914
7 0.0673261 0.436534 0.112361 0.112906 0.00335467
2 0.191401 0.0648574 0.111756 0.112569 0.00330659
4 0.688188 0.18899 0.112624 0.1144 0.00328912
1 0.439597 0.809723 0.11176 0.111897 0.00321859
4 0.688233 0.313264 0.111798 0.113229 0.00307261
3 0.0669003 0.561534 0.115459 0.112407 0.00290592
4 0.811626 0.18915 0.113693 0.111966 0.002895
3 0.812087 0.188972 0.112442 0.111952 0.00286397
13 0.936035 0.933703 0.112841 0.114333 0.00283843
4 0.56423 0.0645152 0.111409 0.113251 0.00283337
4 0.686846 0.685632 0.11267 0.111243 0.00281826
3 0.06649 0.188658 0.111594 0.111153 0.00281073
9 0.936036 0.685057 0.112425 0.111606 0.00280549
7 0.686893 0.685262 0.111069 0.112338 0.00278528
7 0.811712 0.18869 0.111472 0.112948 0.00269553
12 0.688203 0.933538 0.110779 0.111482 0.00266847
0 0.564042 0.313434 0.111545 0.11198 0.00265142
5 0.936069 0.0647062 0.112713 0.113365 0.00264775
11 0.564567 0.934219 0.112418 0.113394 0.00262405
9 0.813127 0.80971 0.110434 0.112471 0.00255146
11 0.0668812 0.313172 0.112452 0.111293 0.00249395
0 0.688319 0.561384 0.111807 0.11089 0.00243325
5 0.811549 0.0647665 0.111691 0.112241 0.0024177
0 0.812467 0.684975 0.112039 0.112568 0.00238119
5 0.688568 0.933124 0.112811 0.11282 0.00236137
2 0.688551 0.933443 0.113234 0.112586 0.00234501
2 0.813127 0.80971 0.110434 0.112471 0.00232768
9 0.935938 0.437124 0.112611 0.112515 0.00230333
4 0.191517 0.933817 0.111964 0.112684 0.00221727
8 0.936445 0.808987 0.112471 0.113524 0.00219045
10 0.936086 0.809462 0.111346 0.113662 0.00218225
5 0.688184 0.313075 0.112173 0.112238 0.00217127
7 0.688188 0.18899 0.112624 0.1144 0.00210764
2 0.688135 0.0649392 0.110486 0.111069 0.00207544
1 0.812062 0.809465 0.111972 0.112273 0.00203781
5 0.688149 0.188877 0.113146 0.113694 0.00201223
2 0.813199 0.933137 0.111178 0.112876 0.00199498
13 0.936445 0.808987 0.112471 0.113524 0.00197192
7 0.688233 0.313264 0.111798 0.113229 0.00194202
1 0.812283 0.312581 0.111967 0.113278 0.0018535
5 0.0675141 0.9337 0.113362 0.113409 0.00182173
0 0.316097 0.437893 0.110029 0.111998 0.00180779
0 0.563842 0.436957 0.111882 0.112936 0.00176112
3 0.811633 0.0650559 0.112108 0.111926 0.00176101
12 0.936028 0.56136 0.110443 0.111472 0.00175503
12 0.564202 0.0650426 0.112394 0.11304 0.00173312
5 0.0674329 0.561145 0.112997 0.115319 0.00171972
2 0.0666619 0.685119 0.113244 0.111683 0.00169644
11 0.439385 0.561243 0.111946 0.111747 0.00168756
13 0.315559 0.933852 0.111684 0.113471 0.00168609
1 0.0668641 0.809025 0.113824 0.112876 0.00167843
5 0.936211 0.313136 0.11332 0.11291 0.00165984
12 0.564087 0.313412 0.110872 0.112117 0.00163864
4 0.688203 0.933538 0.110779 0.111482 0.00162549
2 0.688136 0.561553 0.110974 0.112253 0.00162521
4 0.191362 0.685254 0.111891 0.112285 0.00162429
9 0.936407 0.312894 0.112751 0.112236 0.00160031
6 0.191516 0.437864 0.110999 0.111786 0.0015954
1 0.936466 0.0644804 0.112523 0.113349 0.00157352
12 0.688211 0.313569 0.111437 0.112093 0.00156723
4 0.06649 0.188658 0.111594 0.111153 0.00155538
5 0.813147 0.809647 0.112428 0.112065 0.00154366
12 0.688083 0.189133 0.113125 0.112751 0.00153794
8 0.936035 0.933703 0.112841 0.114333 0.00153535
8 0.564087 0.313412 0.110872 0.112117 0.00152685
5 0.191761 0.809341 0.111439 0.110725 0.0015093
9 0.0671689 0.31334 0.11307 0.111222 0.00150202
12 0.316122 0.436633 0.110706 0.111746 0.00147505
5 0.936021 0.684988 0.111822 0.112092 0.00147244
11 0.0673899 0.437713 0.113371 0.112854 0.00145342
7 0.563783 0.0650199 0.111697 0.112636 0.00144576
10 0.0665716 0.437531 0.114144 0.111767 0.00142658
8 0.813047 0.0649689 0.109102 0.112009 0.00142561
0 0.191139 0.313182 0.111009 0.112721 0.00142121
13 0.687796 0.188818 0.111522 0.111483 0.00140147
8 0.935855 0.43698 0.110957 0.112062 0.00140032
7 0.0678053 0.189105 0.113438 0.112307 0.0013698
7 0.191716 0.188974 0.112924 0.112381 0.0013657
1 0.315085 0.188918 0.112089 0.112916 0.00136491
1 0.0673175 0.561339 0.112931 0.1127 0.00136198
4 0.563857 0.437393 0.112068 0.112245 0.00135832
4 0.191922 0.189201 0.111421 0.112148 0.00135387
8 0.688072 0.437037 0.112036 0.113811 0.00134509
1 0.06649 0.188658 0.111594 0.111153 0.00133949
9 0.688072 0.437037 0.112036 0.113811 0.00132674
8 0.315559 0.933852 0.111684 0.113471 0.00130044
12 0.0675314 0.437886 0.109613 0.113731 0.00129875
13 0.0673017 0.313522 0.112553 0.113304 0.00129775
13 0.935775 0.685306 0.112118 0.112061 0.00129008
4 0.811972 0.685065 0.112846 0.112627 0.00128085
1 0.439486 0.436775 0.112332 0.112553 0.00127972
12 0.439733 0.313083 0.111444 0.112092 0.00125579
11 0.191222 0.065145 0.11249 0.113091 0.00123422
3 0.935881 0.0656976 0.112278 0.112652 0.00122764
13 0.936392 0.313166 0.111116 0.114631 0.00122601
4 0.191779 0.809464 0.112244 0.112706 0.00122247
9 0.688551 0.933443 0.113234 0.112586 0.00120885
2 0.0666714 0.933715 0.113996 0.112677 0.00120685
12 0.564269 0.561176 0.110684 0.112193 0.00120532
5 0.9359 0.933806 0.11331 0.11298 0.0012037
9 0.066728 0.933778 0.112722 0.112426 0.00118502
11 0.687763 0.313111 0.111044 0.111022 0.00118331
4 0.191146 0.313481 0.111978 0.113053 0.00117759
7 0.811654 0.561524 0.10985 0.112421 0.00117347
8 0.315545 0.437973 0.112028 0.112458 0.00116481
1 0.936287 0.561442 0.111002 0.11127 0.00116454
2 0.564397 0.934269 0.112334 0.11418 0.00116284
4 0.564086 0.809166 0.111666 0.112308 0.00115687
1 0.190801 0.188179 0.110274 0.111566 0.00115352
12 0.564583 0.809586 0.112299 0.112005 0.00114587
9 0.563816 0.933615 0.111248 0.11227 0.00113849
7 0.0674255 0.313527 0.113081 0.11251 0.00112878
8 0.067074 0.561466 0.112788 0.112705 0.00112702
1 0.687848 0.436592 0.11233 0.112663 0.00111887
12 0.813147 0.809647 0.112428 0.112065 0.00111849
12 0.93614 0.685066 0.113229 0.111708 0.0011184
11 0.56356 0.809591 0.111876 0.112133 0.00110254
9 0.439769 0.933793 0.112781 0.113386 0.00109698
11 0.93599 0.312977 0.111094 0.111317 0.00109631
10 0.812433 0.561744 0.112458 0.112678 0.00109574
11 0.314781 0.561192 0.11186 0.111812 0.00108876
8 0.935969 0.0652828 0.111614 0.112351 0.00108582
2 0.191319 0.561434 0.112146 0.111593 0.00107603
2 0.191331 0.809192 0.112637 0.11121 0.00107458
9 0.935913 0.933331 0.111906 0.111706 0.0010684
9 0.688211 0.313569 0.111437 0.112093 0.0010673
1 0.315111 0.313393 0.111821 0.111992 0.00106535
13 0.935596 0.189111 0.113371 0.113085 0.00106192
1 0.439731 0.313411 0.111834 0.112348 0.00106129
12 0.439757 0.188903 0.111782 0.112723 0.00105275
7 0.936398 0.313182 0.112341 0.115771 0.00104747
13 0.315274 0.56154 0.112454 0.111932 0.00104316
4 0.688138 0.560794 0.112153 0.111897 0.00103876
8 0.935913 0.188742 0.111639 0.111874 0.00103783
5 0.191407 0.561131 0.111606 0.111129 0.00102092
5 0.563701 0.0648249 0.111961 0.11195 0.00100217
