9 0.438839 0.933451 0.111386 0.111406 0.986766
6 0.190587 0.809936 0.112933 0.112488 0.98431
11 0.315471 0.685218 0.11225 0.112027 0.984061
9 0.562825 0.684532 0.112147 0.111558 0.98396
6 0.563369 0.0654475 0.113041 0.111607 0.983851
9 0.935337 0.933833 0.113035 0.110832 0.983823
12 0.191184 0.685195 0.111225 0.113003 0.983767
11 0.935754 0.68465 0.111736 0.110812 0.983317
13 0.563737 0.808881 0.112152 0.113114 0.983018
5 0.687676 0.684783 0.110995 0.111298 0.982853
4 0.562914 0.934473 0.114109 0.113639 0.982846
5 0.191314 0.313278 0.111441 0.11126 0.982845
2 0.19028 0.934116 0.11247 0.111573 0.982736
13 0.440009 0.684847 0.110803 0.110696 0.98272
1 0.439591 0.808889 0.111653 0.112841 0.982648
10 0.190873 0.561813 0.109964 0.110021 0.982513
2 0.687779 0.933948 0.112416 0.111805 0.982452
12 0.190972 0.0636465 0.112724 0.110065 0.982435
7 0.0666231 0.81005 0.112483 0.113511 0.982154
0 0.190696 0.187837 0.112591 0.113861 0.982129
0 0.812966 0.808957 0.112056 0.113613 0.981944
9 0.0668242 0.188905 0.112729 0.112349 0.981897
11 0.0660122 0.437502 0.112686 0.113857 0.981658
0 0.563554 0.559568 0.112816 0.112942 0.981646
3 0.315859 0.80933 0.11329 0.113409 0.980977
4 0.687457 0.065527 0.113342 0.112112 0.980892
11 0.315235 0.437492 0.11161 0.11016 0.980569
3 0.315579 0.934308 0.115051 0.112456 0.980536
2 0.314974 0.313233 0.110852 0.111772 0.980428
11 0.066082 0.313111 0.112338 0.11184 0.980388
8 0.1911 0.436897 0.11205 0.113364 0.980302
12 0.811471 0.684642 0.113235 0.1107 0.980298
1 0.067514 0.683722 0.113958 0.113633 0.97972
2 0.067387 0.560975 0.111054 0.111917 0.97961
7 0.439535 0.188732 0.114348 0.113215 0.979343
0 0.31488 0.560401 0.112956 0.114722 0.978613
0 0.0655611 0.0629237 0.111606 0.1111 0.978537
5 0.439877 0.561305 0.110687 0.112136 0.978534
11 0.811718 0.0651209 0.11224 0.110807 0.978532
4 0.812883 0.561239 0.11261 0.111192 0.978436
4 0.563374 0.312773 0.113347 0.112954 0.978431
8 0.0672485 0.93362 0.110962 0.111587 0.978425
9 0.562949 0.188934 0.112025 0.112318 0.978294
11 0.314437 0.187839 0.109629 0.112919 0.978233
12 0.315186 0.0638788 0.112194 0.109956 0.978226
7 0.564126 0.436843 0.113311 0.111405 0.978134
12 0.935949 0.810051 0.111663 0.112371 0.978023
6 0.687968 0.313296 0.11296 0.112156 0.977999
4 0.936971 0.561098 0.110603 0.111866 0.977997
8 0.688339 0.560963 0.112702 0.110984 0.977667
2 0.936376 0.43673 0.11121 0.113185 0.977597
5 0.688208 0.437468 0.111102 0.110956 0.977544
8 0.935924 0.0643751 0.110647 0.111039 0.977539
8 0.811687 0.18777 0.113365 0.112826 0.977401
0 0.812726 0.312427 0.111905 0.114155 0.977374
2 0.811781 0.933866 0.112683 0.111727 0.977312
0 0.439089 0.436988 0.110345 0.110535 0.977119
11 0.687322 0.188364 0.112011 0.113187 0.977072
1 0.438964 0.312599 0.112006 0.111972 0.977048
2 0.81253 0.437295 0.11172 0.112312 0.976794
8 0.93621 0.312647 0.111414 0.112643 0.976548
1 0.688491 0.809886 0.112604 0.113506 0.976368
1 0.439593 0.0636631 0.112825 0.111542 0.976351
0 0.935436 0.187107 0.111752 0.1133 0.976058
8 0.811525 0.933369 0.11231 0.11001 0.02912
2 0.935382 0.064969 0.112681 0.111102 0.0172438
2 0.811285 0.187486 0.112875 0.113947 0.011283
8 0.688791 0.933699 0.115456 0.111887 0.0071872
2 0.935212 0.313501 0.112746 0.112187 0.00642325
2 0.688593 0.560817 0.11316 0.111199 0.00641143
10 0.811629 0.0641091 0.109331 0.111017 0.00606068
5 0.315235 0.437492 0.11161 0.11016 0.00597904
1 0.688293 0.313348 0.113272 0.113439 0.00576901
1 0.811775 0.438176 0.111053 0.113258 0.00555958
3 0.811896 0.438116 0.113212 0.112204 0.00537799
10 0.68669 0.18872 0.110594 0.112515 0.00522619
5 0.813242 0.0646577 0.11205 0.110842 0.00500586
3 0.688406 0.933598 0.113651 0.113267 0.00440582
10 0.563484 0.808952 0.111412 0.113722 0.0042786
2 0.19135 0.437501 0.113117 0.113959 0.00424909
2 0.688185 0.684077 0.111623 0.113517 0.00388179
7 0.936309 0.56163 0.110505 0.111183 0.00368285
5 0.315471 0.685218 0.11225 0.112027 0.00366103
5 0.314444 0.187536 0.111175 0.112224 0.00344052
0 0.936051 0.0639268 0.110157 0.110044 0.00343697
7 0.687906 0.0650683 0.112294 0.110727 0.00336837
1 0.813297 0.933404 0.113863 0.112054 0.00327178
2 0.688374 0.437675 0.112717 0.112052 0.00311259
1 0.936004 0.437931 0.10824 0.112219 0.00310144
1 0.812998 0.56116 0.112394 0.111909 0.00288521
3 0.191419 0.311365 0.111171 0.110436 0.00272196
1 0.563107 0.933839 0.112916 0.113714 0.00270507
1 0.687662 0.0655314 0.113188 0.111637 0.00269666
0 0.688595 0.561092 0.114412 0.111703 0.00269526
10 0.191872 0.312336 0.110916 0.11088 0.00266404
8 0.935392 0.933916 0.110039 0.110583 0.00262786
10 0.439512 0.560702 0.110913 0.111744 0.002585
10 0.43954 0.188935 0.113954 0.113616 0.0025741
0 0.688751 0.810422 0.113345 0.114961 0.00256397
5 0.0672248 0.560816 0.113091 0.114506 0.00250667
2 0.0664826 0.683081 0.114108 0.113286 0.00247397
2 0.0665047 0.933711 0.112693 0.111704 0.0024694
8 0.314479 0.188719 0.110405 0.113159 0.00243806
9 0.811518 0.0641098 0.109948 0.110291 0.00241682
1 0.563677 0.0653327 0.112185 0.112141 0.00241479
0 0.438436 0.311298 0.11292 0.112624 0.00240206
1 0.0655611 0.0629237 0.111606 0.1111 0.00239352
8 0.0660488 0.438235 0.113538 0.113227 0.00239289
4 0.0662555 0.809066 0.112397 0.111375 0.00236334
1 0.563343 0.312611 0.113408 0.113279 0.00235443
8 0.936059 0.684708 0.107115 0.108074 0.00231632
2 0.191497 0.311612 0.11001 0.112487 0.00230597
5 0.68643 0.189052 0.112316 0.112776 0.00230212
11 0.0664916 0.934134 0.112643 0.111255 0.00228887
2 0.563054 0.934459 0.114092 0.113262 0.00221444
5 0.936375 0.684622 0.11046 0.111046 0.00219909
5 0.936049 0.436509 0.10997 0.113015 0.00218355
0 0.563324 0.188937 0.112129 0.112363 0.00217862
1 0.936998 0.561036 0.110951 0.112306 0.00216321
11 0.688161 0.684439 0.111644 0.113287 0.00214508
8 0.06665 0.313505 0.111747 0.112942 0.00213614
3 0.812762 0.933692 0.114806 0.112684 0.00209518
0 0.935733 0.31362 0.110115 0.112665 0.00207898
5 0.811388 0.437394 0.111966 0.112332 0.00207443
8 0.190453 0.934265 0.111301 0.111494 0.00202716
8 0.439511 0.933495 0.111645 0.110876 0.00200773
9 0.936219 0.187793 0.111197 0.114034 0.00199464
10 0.936113 0.684887 0.106815 0.108715 0.00197746
8 0.935628 0.436392 0.112022 0.111786 0.00196097
1 0.315317 0.809047 0.113043 0.112699 0.00195116
11 0.687529 0.436552 0.110984 0.109491 0.00192615
1 0.688741 0.933953 0.114248 0.112793 0.00190724
10 0.440332 0.684841 0.110169 0.111083 0.00187972
10 0.688354 0.437795 0.110074 0.110239 0.00186124
0 0.19026 0.438131 0.112208 0.115624 0.00185802
1 0.315003 0.313883 0.111086 0.112481 0.00183483
6 0.315544 0.933728 0.113386 0.112236 0.00183376
10 0.0669705 0.435994 0.111809 0.116743 0.00179858
3 0.563463 0.0647179 0.112253 0.111442 0.00178933
10 0.31609 0.436258 0.110901 0.111681 0.00178878
8 0.811775 0.438176 0.111053 0.113258 0.00178816
6 0.564435 0.436259 0.112089 0.113607 0.00178125
7 0.440332 0.684841 0.110169 0.111083 0.00176788
7 0.563484 0.808952 0.111412 0.113722 0.00175837
3 0.688161 0.684439 0.111644 0.113287 0.00174915
3 0.0672801 0.560681 0.113297 0.112911 0.0017416
0 0.439935 0.0647417 0.113015 0.11193 0.00172771
2 0.812998 0.56116 0.112394 0.111909 0.00172338
2 0.936585 0.560812 0.111362 0.111568 0.00171133
8 0.315153 0.314089 0.111585 0.112771 0.00165167
6 0.936348 0.560943 0.109491 0.11186 0.00162656
1 0.190587 0.933905 0.112191 0.111848 0.00161028
5 0.066082 0.313111 0.112338 0.11184 0.00158854
8 0.563324 0.188937 0.112129 0.112363 0.00158797
1 0.0672574 0.560981 0.111786 0.111818 0.00158786
3 0.811338 0.685118 0.112883 0.112097 0.00154836
8 0.563657 0.684427 0.113439 0.111371 0.00150792
2 0.687662 0.0655314 0.113188 0.111637 0.00149488
10 0.936874 0.561495 0.110505 0.112764 0.00148346
1 0.314635 0.933956 0.113076 0.112563 0.0014768
9 0.936059 0.684708 0.107115 0.108074 0.00143796
8 0.0670098 0.189228 0.113833 0.113373 0.00142956
0 0.0666234 0.933622 0.113175 0.112914 0.00142281
12 0.563324 0.188937 0.112129 0.112363 0.00141864
11 0.191436 0.313048 0.11134 0.109523 0.00140011
0 0.563657 0.684427 0.113439 0.111371 0.00139555
4 0.564321 0.436247 0.113239 0.113911 0.00139371
11 0.1911 0.436897 0.11205 0.113364 0.00138438
2 0.813245 0.0642151 0.111662 0.110846 0.00138401
8 0.811518 0.0641098 0.109948 0.110291 0.00136921
11 0.439825 0.560416 0.110914 0.113456 0.00136371
10 0.0673674 0.311748 0.114848 0.113347 0.00136096
9 0.686599 0.188742 0.110534 0.112736 0.00135238
8 0.813578 0.809303 0.111746 0.113626 0.00134828
3 0.936022 0.437394 0.112724 0.112972 0.00134654
4 0.935278 0.808811 0.111312 0.110789 0.00133948
1 0.812353 0.311639 0.112316 0.113733 0.00133851
3 0.190472 0.808969 0.113544 0.112521 0.00132797
0 0.0669598 0.189244 0.113724 0.114834 0.00131694
7 0.811779 0.561193 0.112716 0.112117 0.00129721
5 0.0660122 0.437502 0.112686 0.113857 0.00128242
3 0.688356 0.437849 0.112943 0.113034 0.00126076
8 0.314928 0.43811 0.113679 0.109957 0.00125653
4 0.439274 0.809849 0.111876 0.113351 0.0012437
6 0.812462 0.561392 0.11162 0.111568 0.00123472
10 0.688134 0.684619 0.110456 0.111525 0.00122558
4 0.0664826 0.683081 0.114108 0.113286 0.00120738
11 0.93591 0.064728 0.112133 0.11056 0.0011876
11 0.935601 0.313287 0.11117 0.112026 0.00118404
4 0.191436 0.313048 0.11134 0.109523 0.00118307
0 0.811351 0.187593 0.112041 0.112708 0.00117207
9 0.935212 0.313501 0.112746 0.112187 0.00117047
12 0.0670098 0.189228 0.113833 0.113373 0.00116436
9 0.0665047 0.933711 0.112693 0.111704 0.00116238
8 0.0664688 0.560427 0.113759 0.110682 0.00115343
1 0.190778 0.186694 0.112396 0.113291 0.00114539
7 0.563258 0.313334 0.113155 0.113443 0.00114241
2 0.563546 0.313504 0.112952 0.113603 0.00112612
6 0.315845 0.809112 0.111987 0.112555 0.00111917
6 0.314826 0.0641948 0.112356 0.110715 0.0011166
6 0.687912 0.0651819 0.112117 0.11117 0.00111139
11 0.43958 0.933474 0.111582 0.110651 0.0011102
3 0.688423 0.312527 0.112756 0.111977 0.00110209
11 0.811285 0.187486 0.112875 0.113947 0.00108487
12 0.563852 0.68476 0.114029 0.112433 0.00107978
10 0.935561 0.809983 0.110814 0.111862 0.00107442
13 0.190977 0.561942 0.110127 0.110305 0.00106135
3 0.935655 0.809667 0.108318 0.111485 0.0010588
1 0.439536 0.436128 0.109396 0.111263 0.00105245
8 0.686599 0.188742 0.110534 0.112736 0.00102865
0 0.0672845 0.685115 0.113574 0.114285 0.00101844
10 0.563207 0.934153 0.112981 0.113348 0.00101451
11 0.935346 0.933547 0.109893 0.110624 0.00101149
4 0.688185 0.684077 0.111623 0.113517 0.00100794
