13 0.936066 0.933838 0.112706 0.112611 0.985853
13 0.315365 0.685339 0.110885 0.111382 0.985546
13 0.811959 0.933886 0.112345 0.112793 0.985159
5 0.44007 0.809757 0.111005 0.113215 0.985058
8 0.191396 0.685403 0.11184 0.112764 0.984933
11 0.315028 0.934204 0.111222 0.112559 0.984901
8 0.439504 0.933938 0.112435 0.114061 0.984824
5 0.564079 0.809914 0.111481 0.113206 0.98449
4 0.315616 0.561218 0.112412 0.112276 0.984324
2 0.190977 0.933906 0.113053 0.113253 0.984208
2 0.315049 0.0646604 0.11187 0.113016 0.98415
13 0.688114 0.933822 0.1125 0.114083 0.984101
1 0.563726 0.933909 0.112253 0.113389 0.983933
2 0.439199 0.0647315 0.110956 0.113049 0.983768
8 0.315371 0.80963 0.112778 0.112944 0.983513
6 0.563548 0.0649282 0.111364 0.113425 0.983172
10 0.0677124 0.189014 0.113732 0.111842 0.983055
7 0.315661 0.31334 0.111674 0.111931 0.983013
11 0.0670253 0.685676 0.113595 0.112639 0.982915
4 0.19157 0.313097 0.11239 0.112422 0.982896
4 0.191458 0.0648062 0.112014 0.112771 0.982869
13 0.0667899 0.933758 0.11237 0.113512 0.982794
9 0.0671824 0.809365 0.11347 0.113856 0.98271
4 0.0674013 0.0649406 0.113881 0.113424 0.98244
9 0.811918 0.810026 0.11159 0.112199 0.982438
3 0.314935 0.189336 0.111702 0.111703 0.982396
4 0.439336 0.313097 0.113423 0.112961 0.982118
6 0.936402 0.809831 0.112198 0.112455 0.982057
2 0.191332 0.809599 0.112682 0.112119 0.982055
9 0.315347 0.437384 0.11245 0.11279 0.98205
13 0.0670279 0.313564 0.113172 0.112648 0.981743
13 0.439494 0.437532 0.112434 0.111456 0.981473
4 0.812081 0.0651285 0.112301 0.113603 0.981363
5 0.564133 0.685486 0.110833 0.112365 0.981346
8 0.687844 0.0650415 0.111413 0.113898 0.981125
2 0.191173 0.437402 0.111859 0.112651 0.981032
2 0.191335 0.561266 0.111333 0.112021 0.980908
13 0.439682 0.561257 0.111363 0.112253 0.980682
11 0.19162 0.188836 0.111973 0.112592 0.980302
2 0.0673064 0.437091 0.112307 0.113319 0.980151
2 0.0674411 0.561357 0.111994 0.112456 0.980106
8 0.439309 0.189253 0.111581 0.11308 0.979632
1 0.687994 0.80959 0.111946 0.113532 0.979595
6 0.564154 0.313297 0.112403 0.11273 0.979479
4 0.563827 0.188788 0.112474 0.113404 0.979393
7 0.688552 0.685485 0.11235 0.111815 0.979271
0 0.439322 0.685306 0.111619 0.111877 0.979262
5 0.563523 0.437575 0.11231 0.112391 0.979153
1 0.687842 0.56129 0.112619 0.112735 0.979096
6 0.68816 0.189118 0.112481 0.113138 0.979048
13 0.812104 0.561696 0.112505 0.1125 0.978893
3 0.687885 0.313553 0.111767 0.111714 0.978834
0 0.563606 0.561197 0.111866 0.112933 0.978801
8 0.812111 0.437142 0.112267 0.11244 0.978708
1 0.936248 0.0643303 0.113719 0.113733 0.97869
12 0.936272 0.437041 0.112954 0.112581 0.978662
5 0.811863 0.685583 0.11252 0.113017 0.978608
5 0.68785 0.43712 0.112289 0.112478 0.978385
3 0.811566 0.188905 0.111656 0.112157 0.978372
1 0.936174 0.561294 0.114158 0.113188 0.978355
1 0.936142 0.312716 0.113864 0.112707 0.978314
8 0.936165 0.685384 0.112796 0.112717 0.97828
6 0.812458 0.313132 0.112433 0.112425 0.978056
5 0.936485 0.188535 0.112805 0.112556 0.977943
10 0.935692 0.188568 0.110794 0.111508 0.0208252
12 0.439882 0.437489 0.111353 0.111456 0.00681948
2 0.315675 0.809715 0.113059 0.113603 0.00663823
2 0.688175 0.0643668 0.111584 0.112371 0.0065524
9 0.811366 0.189292 0.111626 0.112108 0.0051871
3 0.936659 0.809235 0.112074 0.113089 0.00506185
12 0.811502 0.933187 0.111622 0.111366 0.00477314
2 0.936184 0.685075 0.113177 0.11244 0.00436536
2 0.812222 0.436671 0.111794 0.11157 0.00414918
1 0.190999 0.437989 0.111044 0.111191 0.0040989
12 0.687883 0.313206 0.110738 0.111492 0.0039572
12 0.31591 0.313637 0.112037 0.112381 0.00388517
2 0.191243 0.68532 0.112206 0.113067 0.00375442
1 0.0667796 0.43795 0.111941 0.11056 0.00370269
2 0.439309 0.189253 0.111581 0.11308 0.00344297
5 0.0667943 0.685539 0.114693 0.11332 0.00332063
0 0.93623 0.312909 0.112703 0.111659 0.00326095
2 0.43998 0.933987 0.112922 0.114152 0.00306789
1 0.439447 0.313076 0.112278 0.112493 0.00305671
3 0.687723 0.188971 0.111578 0.112529 0.00297157
11 0.811439 0.685848 0.113222 0.111607 0.00292356
1 0.8123 0.0652285 0.112959 0.114291 0.00291745
7 0.0666522 0.0649387 0.112918 0.112494 0.00288997
7 0.191166 0.0649834 0.111581 0.11235 0.00288531
1 0.563592 0.1889 0.111428 0.112923 0.00287962
3 0.688191 0.437504 0.112192 0.112965 0.00286236
3 0.812146 0.313524 0.112157 0.112056 0.00285982
3 0.811918 0.810026 0.11159 0.112199 0.00282342
7 0.811778 0.0653647 0.113057 0.112682 0.00280749
10 0.812012 0.933454 0.11203 0.113881 0.00272874
0 0.81313 0.810095 0.11217 0.11148 0.00271707
0 0.936419 0.56094 0.113429 0.112264 0.00264855
1 0.191458 0.0648062 0.112014 0.112771 0.00264392
1 0.19157 0.313097 0.11239 0.112422 0.0026354
0 0.688184 0.561037 0.111897 0.111586 0.00263167
9 0.688208 0.313702 0.111392 0.111715 0.00260087
12 0.811415 0.189234 0.111387 0.112249 0.00255293
0 0.688093 0.809243 0.111196 0.112039 0.00252547
12 0.439572 0.561411 0.111617 0.11212 0.0025031
1 0.0674013 0.0649406 0.113881 0.113424 0.00246222
1 0.315596 0.561406 0.112531 0.112382 0.00240613
0 0.811593 0.438009 0.110085 0.112894 0.00233305
4 0.563931 0.43787 0.11186 0.112291 0.00232355
2 0.43967 0.313115 0.111877 0.113404 0.00232202
7 0.191581 0.312972 0.111357 0.111475 0.00230958
0 0.93609 0.0645089 0.112717 0.113822 0.00230728
12 0.811316 0.561755 0.111173 0.112242 0.00214754
0 0.315777 0.437992 0.114123 0.113686 0.00212123
2 0.19141 0.312968 0.111212 0.11258 0.00211074
7 0.439585 0.313151 0.111523 0.111597 0.00208855
4 0.688108 0.43786 0.111392 0.11212 0.00208622
1 0.0670455 0.561255 0.112643 0.112354 0.00207931
0 0.688165 0.0646803 0.111847 0.113703 0.00204659
2 0.688191 0.437504 0.112192 0.112965 0.00203439
3 0.813136 0.685488 0.112695 0.114362 0.00202678
10 0.191284 0.188821 0.11194 0.111171 0.00201629
11 0.686726 0.437611 0.111926 0.111017 0.00201145
1 0.439398 0.0644403 0.111317 0.113785 0.00200472
2 0.811414 0.685501 0.114688 0.112327 0.00196901
8 0.191285 0.933838 0.110884 0.111267 0.00195244
1 0.191349 0.561102 0.111927 0.112822 0.0019509
1 0.315386 0.0645368 0.111712 0.113507 0.0018418
3 0.191332 0.809599 0.112682 0.112119 0.00181788
3 0.563548 0.0649282 0.111364 0.113425 0.00181218
10 0.0670408 0.685168 0.113715 0.113203 0.00181085
5 0.315391 0.934129 0.113077 0.113871 0.0017971
3 0.564058 0.313535 0.111175 0.113039 0.00179579
10 0.687716 0.933421 0.111488 0.111692 0.0017887
8 0.811375 0.810234 0.112077 0.112965 0.00177427
10 0.0665788 0.313296 0.11369 0.112645 0.00173048
4 0.688093 0.809243 0.111196 0.112039 0.00172457
2 0.68814 0.561229 0.111652 0.112471 0.00168547
8 0.190999 0.437989 0.111044 0.111191 0.00167771
5 0.191143 0.189304 0.112891 0.112833 0.00165054
2 0.563527 0.189084 0.111237 0.113357 0.00162658
12 0.935724 0.933782 0.112277 0.113143 0.00160391
1 0.563756 0.560834 0.112122 0.112515 0.00159207
1 0.688276 0.189213 0.112386 0.114348 0.0015744
10 0.935858 0.933202 0.111476 0.111591 0.00156596
12 0.316097 0.436735 0.111249 0.110877 0.00155118
2 0.812081 0.0651285 0.112301 0.113603 0.00151925
6 0.688264 0.809466 0.112461 0.112218 0.00151471
11 0.0665788 0.313296 0.11369 0.112645 0.0014671
2 0.0666522 0.0649387 0.112918 0.112494 0.00146681
3 0.190977 0.933906 0.113053 0.113253 0.00143821
7 0.936538 0.436451 0.111599 0.112208 0.00143534
10 0.0666111 0.933652 0.111966 0.112966 0.00143248
3 0.191447 0.561385 0.112932 0.112143 0.00141854
2 0.688208 0.313702 0.111392 0.111715 0.00141701
8 0.315304 0.934085 0.111624 0.113305 0.00141221
3 0.563931 0.43787 0.11186 0.112291 0.00141159
0 0.563872 0.933747 0.111925 0.113291 0.00140668
3 0.0664126 0.437267 0.114261 0.111704 0.00140249
1 0.191334 0.809441 0.112431 0.111986 0.00139871
5 0.0671641 0.561119 0.11262 0.114237 0.00139664
12 0.315129 0.685363 0.111648 0.112096 0.00139194
7 0.563638 0.189184 0.112224 0.112466 0.00138911
1 0.563878 0.0651337 0.111108 0.112293 0.0013843
2 0.688264 0.809466 0.112461 0.112218 0.00137614
6 0.688389 0.685353 0.112702 0.113043 0.00136652
6 0.811571 0.0648728 0.114189 0.112452 0.00136317
7 0.688005 0.189258 0.112315 0.113171 0.00134228
13 0.93642 0.436479 0.110524 0.112458 0.00130422
1 0.439661 0.685169 0.111991 0.112385 0.00129542
11 0.936066 0.933838 0.112706 0.112611 0.00129383
12 0.31512 0.188855 0.111181 0.111683 0.00128621
11 0.191681 0.685411 0.111376 0.111828 0.00128063
7 0.439682 0.561257 0.111363 0.112253 0.00128057
1 0.191014 0.933534 0.113033 0.112688 0.00127296
11 0.811402 0.436771 0.110467 0.112096 0.00125641
7 0.812146 0.313524 0.112157 0.112056 0.00125004
12 0.687897 0.93377 0.110725 0.111463 0.00123528
4 0.563612 0.933692 0.111088 0.112368 0.00122472
3 0.0666812 0.561243 0.114876 0.112122 0.00122343
12 0.811359 0.810443 0.111985 0.112376 0.00121871
7 0.315365 0.685339 0.110885 0.111382 0.00121737
4 0.688002 0.560816 0.112392 0.112673 0.00121506
10 0.315304 0.934085 0.111624 0.113305 0.00121236
13 0.0670253 0.685676 0.113595 0.112639 0.00120596
4 0.936419 0.56094 0.113429 0.112264 0.00118958
4 0.935883 0.0649094 0.112737 0.113327 0.00118283
5 0.0666807 0.0654644 0.112821 0.111908 0.00115997
4 0.936228 0.437157 0.111889 0.111743 0.00115974
10 0.687338 0.437154 0.111452 0.112286 0.00115054
8 0.0667796 0.43795 0.111941 0.11056 0.00114553
12 0.688531 0.685584 0.1119 0.112613 0.0011406
1 0.687886 0.313124 0.111071 0.111615 0.00112606
11 0.315954 0.80987 0.111886 0.112286 0.00112254
7 0.564141 0.313563 0.112035 0.112786 0.00111804
13 0.190836 0.189437 0.112151 0.111637 0.00111735
11 0.43997 0.93407 0.112697 0.112601 0.00110877
2 0.563841 0.809468 0.111905 0.112101 0.00109139
6 0.68814 0.561229 0.111652 0.112471 0.00108823
7 0.439612 0.436706 0.111136 0.111258 0.00108504
5 0.066886 0.436933 0.112612 0.112382 0.00107759
2 0.0667423 0.809333 0.112429 0.112065 0.00107126
4 0.315794 0.313585 0.111838 0.112539 0.00104758
3 0.191108 0.437861 0.112694 0.111997 0.00103437
7 0.0672389 0.189447 0.112968 0.111966 0.00102516
2 0.315617 0.561609 0.113031 0.112744 0.00102464
2 0.811663 0.809676 0.111845 0.112312 0.00102279
12 0.067575 0.809704 0.114023 0.113871 0.00102209
7 0.0674032 0.3134 0.111838 0.11283 0.00101981
10 0.564207 0.80941 0.112483 0.113108 0.00100263
