7 0.439803 0.934127 0.1123 0.113237 0.98626
9 0.315503 0.561547 0.111122 0.112831 0.9857
5 0.0672249 0.809996 0.111667 0.112513 0.985187
13 0.936056 0.933791 0.113407 0.113391 0.985119
1 0.315642 0.93412 0.112344 0.112779 0.984793
12 0.315181 0.0647414 0.111663 0.112538 0.98476
13 0.43941 0.809557 0.111696 0.112813 0.984581
4 0.563777 0.934027 0.112265 0.113939 0.984481
7 0.563855 0.80946 0.11185 0.112482 0.984366
4 0.191738 0.933707 0.111675 0.113087 0.984319
9 0.0677039 0.561729 0.111737 0.113287 0.984178
7 0.191249 0.685298 0.111992 0.111925 0.984118
7 0.688139 0.933987 0.112362 0.113709 0.984023
7 0.191142 0.313643 0.111927 0.112404 0.98379
10 0.315658 0.809396 0.112432 0.11256 0.983733
5 0.191308 0.437883 0.111631 0.111835 0.983711
1 0.19131 0.809585 0.111716 0.11234 0.983568
1 0.812385 0.93366 0.111872 0.113163 0.983191
3 0.191328 0.0645742 0.111144 0.11329 0.98319
13 0.31526 0.189241 0.113285 0.112307 0.982939
6 0.439115 0.0647167 0.111431 0.113128 0.982931
5 0.191602 0.188919 0.112217 0.111378 0.982819
6 0.315811 0.43748 0.111944 0.112044 0.982432
12 0.0671041 0.188646 0.112441 0.111738 0.982308
12 0.0670078 0.313027 0.112661 0.11225 0.982146
10 0.315457 0.313287 0.113346 0.111253 0.98197
4 0.687857 0.0651138 0.112479 0.113708 0.981943
12 0.563709 0.0648815 0.111283 0.113108 0.981936
12 0.439813 0.188797 0.112465 0.112645 0.981737
1 0.0670933 0.437629 0.112635 0.112183 0.981707
1 0.066503 0.934064 0.11279 0.113294 0.981537
2 0.936391 0.809988 0.11161 0.112262 0.981208
1 0.563873 0.685358 0.111941 0.11269 0.980882
10 0.191434 0.560836 0.112528 0.110774 0.980846
11 0.439275 0.312991 0.111526 0.111759 0.980405
5 0.440076 0.561673 0.111069 0.112319 0.980359
11 0.439811 0.437012 0.111879 0.113073 0.98016
11 0.563518 0.188669 0.111218 0.112788 0.979716
11 0.812392 0.810065 0.113055 0.113497 0.979655
0 0.0673036 0.0647345 0.11205 0.112683 0.979431
3 0.56305 0.313332 0.112014 0.112489 0.97942
11 0.812367 0.685532 0.112257 0.113066 0.979331
9 0.687927 0.188904 0.112112 0.111757 0.979314
13 0.811929 0.561646 0.112934 0.113058 0.978967
13 0.812084 0.313044 0.11298 0.11312 0.978938
10 0.564006 0.43707 0.112187 0.112992 0.978872
8 0.688141 0.809857 0.111561 0.114234 0.978752
0 0.687801 0.43724 0.111799 0.112972 0.978691
5 0.688113 0.685621 0.112543 0.112161 0.978664
10 0.936769 0.436871 0.113121 0.113702 0.978523
2 0.936129 0.064916 0.112717 0.113233 0.978521
5 0.687921 0.561346 0.112018 0.112698 0.978413
9 0.936493 0.561777 0.111568 0.112316 0.978001
2 0.812318 0.437043 0.112253 0.113799 0.977906
5 0.812417 0.188623 0.112234 0.112715 0.977856
8 0.563675 0.561506 0.112032 0.112559 0.977831
8 0.439189 0.685335 0.111465 0.111793 0.977735
8 0.0673198 0.685475 0.111651 0.111854 0.977405
5 0.936593 0.312856 0.112763 0.112393 0.977372
8 0.936357 0.685372 0.111026 0.112165 0.977255
7 0.936457 0.188792 0.11275 0.113612 0.977234
8 0.687916 0.313368 0.11148 0.112346 0.977048
8 0.315218 0.685074 0.111704 0.111041 0.976666
8 0.812231 0.0645429 0.112369 0.113696 0.976548
2 0.688282 0.312892 0.111211 0.112535 0.0415831
2 0.315429 0.685247 0.112278 0.112297 0.0274575
2 0.688352 0.809126 0.111258 0.111583 0.0207226
2 0.563955 0.561315 0.111928 0.112423 0.0178374
3 0.936209 0.56162 0.110718 0.113929 0.0176137
2 0.439655 0.685561 0.111968 0.112166 0.0170031
5 0.812422 0.685691 0.111846 0.111498 0.012194
2 0.0667147 0.685303 0.114327 0.112678 0.0105767
2 0.936062 0.685461 0.113215 0.112428 0.0100635
4 0.315451 0.313307 0.111266 0.112922 0.00760864
4 0.564113 0.437497 0.111778 0.112375 0.0073868
13 0.936414 0.436986 0.112176 0.111697 0.006435
4 0.316282 0.809617 0.112105 0.112597 0.00584423
7 0.191764 0.933341 0.111773 0.112327 0.00583033
12 0.935852 0.934026 0.113252 0.114258 0.00556797
12 0.936228 0.561579 0.110564 0.113335 0.00510542
5 0.812366 0.810126 0.112348 0.112072 0.00482181
1 0.811796 0.43786 0.109446 0.111528 0.00473475
5 0.936179 0.064506 0.113043 0.114162 0.00455477
4 0.191663 0.561195 0.112405 0.112682 0.00451126
6 0.0671955 0.313685 0.112517 0.11233 0.00450481
1 0.68789 0.436742 0.112163 0.112444 0.00438846
2 0.812113 0.0651038 0.111768 0.11339 0.00428291
12 0.439452 0.809859 0.111703 0.111842 0.00406788
4 0.936064 0.437181 0.114019 0.113296 0.00378207
12 0.936135 0.189019 0.112836 0.113729 0.00369655
2 0.688148 0.561538 0.111647 0.112687 0.00359543
5 0.439661 0.436854 0.111883 0.112009 0.00324858
5 0.563941 0.189333 0.110925 0.11161 0.00321223
1 0.563432 0.933563 0.111341 0.112817 0.00316556
1 0.0668652 0.0639206 0.113851 0.113018 0.00313695
8 0.811539 0.809806 0.111751 0.112542 0.00306944
13 0.563331 0.437134 0.111119 0.111993 0.00291226
7 0.687651 0.0646038 0.110936 0.111751 0.0028793
5 0.93613 0.809779 0.113377 0.114128 0.00285713
5 0.936064 0.437181 0.114019 0.113296 0.00280467
0 0.688124 0.189203 0.112293 0.112422 0.00278517
10 0.811691 0.685443 0.109571 0.111876 0.00271711
3 0.688148 0.561538 0.111647 0.112687 0.00271678
7 0.937168 0.43642 0.111556 0.113247 0.00263485
1 0.68827 0.0645994 0.11152 0.113951 0.0026216
8 0.813049 0.437314 0.109265 0.113114 0.00260736
7 0.563998 0.436594 0.110596 0.112125 0.00254843
0 0.812619 0.933715 0.111216 0.111439 0.00253647
5 0.811512 0.43705 0.113084 0.112437 0.00252835
11 0.687953 0.809797 0.111703 0.111674 0.00249997
12 0.564113 0.437497 0.111778 0.112375 0.0024928
2 0.813038 0.685673 0.112042 0.112851 0.00247582
7 0.315797 0.809352 0.112755 0.112626 0.00241652
1 0.936563 0.809604 0.112096 0.112891 0.00241081
12 0.811312 0.561663 0.111781 0.112687 0.00240066
2 0.813045 0.80994 0.112937 0.113278 0.00228625
4 0.688148 0.561538 0.111647 0.112687 0.00220003
4 0.440115 0.933753 0.11219 0.11348 0.00217737
11 0.563692 0.561456 0.112243 0.112122 0.00216774
2 0.688325 0.685629 0.112125 0.112958 0.00215411
4 0.687866 0.93366 0.112727 0.113864 0.00214961
11 0.315218 0.685074 0.111704 0.111041 0.00213505
4 0.563976 0.685241 0.111458 0.111832 0.00213146
7 0.315518 0.313312 0.112636 0.112758 0.00212882
13 0.314754 0.31281 0.111998 0.112331 0.00210981
2 0.813029 0.189204 0.112626 0.114747 0.00210783
3 0.315855 0.561006 0.110973 0.112931 0.0020848
8 0.811587 0.685384 0.110632 0.11213 0.00205256
10 0.439621 0.313749 0.11098 0.112539 0.00202856
5 0.439658 0.313486 0.112037 0.111207 0.00198622
1 0.936533 0.0642451 0.112845 0.113774 0.0019297
7 0.811951 0.313572 0.113603 0.113589 0.00192891
9 0.811587 0.685384 0.110632 0.11213 0.00190993
3 0.813029 0.189204 0.112626 0.114747 0.00188096
3 0.315613 0.437057 0.112511 0.112342 0.00188015
12 0.19198 0.0645248 0.111617 0.112106 0.00185692
13 0.19111 0.560847 0.111625 0.111476 0.00182046
12 0.315855 0.561006 0.110973 0.112931 0.00181023
4 0.563901 0.80906 0.111906 0.1131 0.00178678
3 0.190626 0.436551 0.111229 0.10922 0.00178208
7 0.191497 0.56085 0.11233 0.11229 0.00175864
6 0.191764 0.933341 0.111773 0.112327 0.00175763
2 0.813155 0.932904 0.111231 0.113548 0.0017119
13 0.315484 0.810025 0.111981 0.11204 0.00170614
2 0.936493 0.561777 0.111568 0.112316 0.0017029
11 0.439341 0.68529 0.112386 0.112062 0.00169834
4 0.191259 0.809551 0.112114 0.112768 0.00169598
1 0.191648 0.933841 0.11317 0.113759 0.00166832
11 0.688131 0.313394 0.111921 0.114158 0.00165488
4 0.688325 0.685629 0.112125 0.112958 0.00165053
3 0.688308 0.685775 0.112638 0.112955 0.0016371
11 0.812113 0.0651038 0.111768 0.11339 0.001629
12 0.688124 0.189203 0.112293 0.112422 0.00162497
4 0.191101 0.437838 0.111195 0.107966 0.00161056
3 0.439361 0.0644808 0.111063 0.112868 0.00157157
12 0.315837 0.313386 0.112279 0.112804 0.00155743
11 0.811686 0.189168 0.112715 0.111867 0.00154962
9 0.811539 0.809806 0.111751 0.112542 0.00153735
12 0.0677475 0.560891 0.112381 0.1151 0.001459
10 0.812414 0.809848 0.11273 0.112793 0.00143352
10 0.191112 0.189144 0.111854 0.111908 0.00139235
3 0.0670887 0.561328 0.115442 0.113779 0.00139204
3 0.68816 0.189357 0.113259 0.11294 0.00138328
10 0.439673 0.436759 0.111034 0.111409 0.00135663
0 0.813037 0.0652472 0.11038 0.114445 0.00133451
12 0.191212 0.313534 0.112229 0.11208 0.00133334
12 0.811481 0.313176 0.112391 0.113351 0.001301
3 0.812159 0.437122 0.111782 0.11203 0.00128962
4 0.0670933 0.437629 0.112635 0.112183 0.00124674
12 0.936064 0.437181 0.114019 0.113296 0.0012449
4 0.31568 0.933885 0.111476 0.113022 0.00124396
8 0.688124 0.189203 0.112293 0.112422 0.00124076
9 0.439861 0.437525 0.111381 0.111814 0.00124015
6 0.19198 0.0645248 0.111617 0.112106 0.0012242
0 0.0664899 0.436831 0.114538 0.11168 0.00121742
3 0.191131 0.188637 0.111987 0.111689 0.00119942
3 0.93623 0.809836 0.112083 0.114001 0.00119014
0 0.936049 0.685915 0.111485 0.11294 0.00118292
4 0.812207 0.933609 0.111636 0.112683 0.00117682
10 0.191253 0.313573 0.112438 0.112622 0.00117282
12 0.563441 0.313353 0.111528 0.112504 0.00114544
7 0.811895 0.561184 0.113506 0.113317 0.00114321
0 0.315855 0.561006 0.110973 0.112931 0.00113642
4 0.935829 0.189374 0.113995 0.113364 0.00113108
12 0.191505 0.685447 0.111528 0.112256 0.00112579
7 0.935914 0.933515 0.112649 0.113963 0.00110248
5 0.563566 0.437468 0.112318 0.111937 0.00109859
1 0.191354 0.0645049 0.111419 0.112277 0.00109194
12 0.191856 0.561215 0.111445 0.112585 0.00109007
12 0.316198 0.809643 0.113125 0.113316 0.00107849
0 0.0664674 0.933941 0.113839 0.113675 0.00106709
4 0.0664674 0.933941 0.113839 0.113675 0.00106306
11 0.0674595 0.685259 0.112158 0.114221 0.0010578
12 0.315168 0.188575 0.111439 0.11176 0.00104999
10 0.191032 0.437542 0.111298 0.111378 0.00104519
3 0.93626 0.0644354 0.112441 0.113679 0.0010393
0 0.31568 0.933885 0.111476 0.113022 0.00103725
6 0.936042 0.188781 0.113099 0.113274 0.00103497
6 0.0671157 0.189191 0.112597 0.112097 0.00103302
7 0.315382 0.189274 0.112042 0.112898 0.00103244
10 0.688181 0.685748 0.111643 0.111991 0.00101914
6 0.564219 0.933907 0.112667 0.112528 0.00101021
