3 0.315252 0.809503 0.113587 0.112688 0.987455
9 0.563188 0.933851 0.111311 0.11351 0.986074
5 0.440567 0.809796 0.109949 0.110931 0.985744
12 0.439889 0.933753 0.112066 0.113812 0.985202
9 0.314454 0.0649264 0.111878 0.11257 0.985027
6 0.44094 0.685517 0.111299 0.111829 0.984773
5 0.0668322 0.809693 0.110843 0.111759 0.984705
9 0.315835 0.685308 0.111697 0.111902 0.984435
10 0.315485 0.933585 0.112281 0.113318 0.984418
5 0.688013 0.933743 0.111773 0.112556 0.984245
9 0.439958 0.561803 0.111182 0.112519 0.984014
5 0.0671918 0.686219 0.111448 0.111604 0.983831
4 0.316562 0.561484 0.112783 0.112911 0.983725
7 0.0662603 0.933995 0.112923 0.113349 0.983697
1 0.190985 0.809526 0.112279 0.111666 0.983647
13 0.438789 0.0648688 0.112215 0.113406 0.983616
13 0.687827 0.809218 0.112193 0.112587 0.983487
3 0.0667824 0.313946 0.111393 0.113191 0.983473
4 0.936031 0.934246 0.113389 0.113075 0.983415
5 0.935909 0.0655671 0.111285 0.110864 0.983334
3 0.190602 0.188592 0.112312 0.113573 0.982975
6 0.190961 0.313206 0.111388 0.111863 0.982825
4 0.315081 0.188974 0.113307 0.11305 0.982725
4 0.564637 0.685642 0.11219 0.112572 0.982644
4 0.812545 0.933903 0.113206 0.114491 0.982635
6 0.066425 0.188913 0.11114 0.111809 0.982582
6 0.0674438 0.561962 0.113095 0.112346 0.982475
11 0.190458 0.0647996 0.111765 0.111663 0.982324
10 0.315763 0.437255 0.113422 0.111058 0.982265
4 0.563259 0.0648413 0.112692 0.113518 0.982059
10 0.0669855 0.437768 0.112278 0.111872 0.981922
13 0.191589 0.561596 0.112507 0.110989 0.981804
2 0.315103 0.31327 0.112874 0.112766 0.981709
0 0.564103 0.809443 0.111535 0.11231 0.981216
12 0.191196 0.437892 0.112121 0.111287 0.981081
9 0.811942 0.685738 0.11215 0.111861 0.980845
2 0.936127 0.809873 0.111623 0.111469 0.980698
2 0.191548 0.685628 0.113557 0.11186 0.980087
0 0.0656833 0.0641995 0.112442 0.112514 0.979902
4 0.563673 0.437088 0.112927 0.113656 0.979878
13 0.563046 0.188667 0.112617 0.112985 0.979792
9 0.687278 0.437324 0.111711 0.111776 0.979635
13 0.563727 0.561819 0.11224 0.113152 0.979634
9 0.439544 0.437369 0.111691 0.113632 0.979333
2 0.439058 0.313149 0.112209 0.113115 0.979221
4 0.812361 0.312733 0.114069 0.11368 0.979004
12 0.687964 0.561389 0.111356 0.112684 0.978904
10 0.563411 0.312747 0.11234 0.113431 0.978886
5 0.812318 0.0653654 0.111797 0.110617 0.978836
12 0.687585 0.685586 0.111517 0.111416 0.978811
12 0.687308 0.065194 0.11184 0.11111 0.978641
6 0.936608 0.313445 0.11284 0.112312 0.978491
6 0.936352 0.188684 0.111578 0.112021 0.978187
7 0.687602 0.312807 0.112595 0.113469 0.978068
0 0.438766 0.188983 0.11178 0.11324 0.978052
5 0.936475 0.437317 0.112724 0.112404 0.977961
2 0.811797 0.188085 0.112665 0.112671 0.977961
2 0.687523 0.188338 0.11203 0.112152 0.9779
2 0.936156 0.561881 0.111582 0.112376 0.977751
8 0.81192 0.561542 0.112677 0.113323 0.977716
2 0.9364 0.685665 0.112346 0.113723 0.977661
8 0.190716 0.933265 0.112995 0.112862 0.977639
8 0.812055 0.436995 0.112819 0.11325 0.977423
8 0.812352 0.809318 0.11271 0.112755 0.977355
6 0.191308 0.438217 0.112159 0.112077 0.0183188
2 0.811957 0.436776 0.112717 0.112337 0.0175933
3 0.811543 0.685943 0.110637 0.112062 0.0128739
2 0.811567 0.561355 0.112629 0.112229 0.011904
2 0.812235 0.809438 0.111851 0.11161 0.00890852
4 0.56362 0.313368 0.111855 0.112924 0.0088487
12 0.68675 0.312964 0.111498 0.113471 0.00771046
1 0.812444 0.31278 0.113965 0.114305 0.00528164
6 0.688112 0.685571 0.111526 0.111656 0.00500791
0 0.688036 0.437243 0.110749 0.112062 0.00486907
12 0.811543 0.685943 0.110637 0.112062 0.00466139
4 0.0663805 0.438037 0.111265 0.112276 0.00436653
10 0.935796 0.437352 0.110824 0.111478 0.00430239
2 0.688376 0.932887 0.112517 0.114001 0.00429338
2 0.190669 0.933552 0.113376 0.114029 0.00402136
4 0.315788 0.43785 0.112036 0.111946 0.00397423
5 0.936204 0.685633 0.112976 0.114921 0.00389341
8 0.813045 0.18862 0.111909 0.114244 0.00378753
6 0.688087 0.561547 0.111506 0.111133 0.00376555
7 0.0672085 0.438072 0.113284 0.112074 0.00365114
1 0.563849 0.43738 0.113018 0.112929 0.00350746
1 0.439031 0.313612 0.111691 0.112319 0.00339001
1 0.687369 0.18844 0.111598 0.112924 0.00329543
5 0.686846 0.188406 0.114341 0.11229 0.00323586
13 0.0666087 0.437172 0.111735 0.111606 0.00318613
1 0.811964 0.18855 0.112374 0.112908 0.00318025
3 0.439924 0.43673 0.111244 0.111227 0.003088
5 0.936067 0.809595 0.113344 0.11374 0.0029135
1 0.564579 0.685701 0.112434 0.112002 0.00288981
5 0.811575 0.188365 0.114417 0.11296 0.00288317
3 0.0667737 0.561415 0.114662 0.112948 0.00282949
3 0.68673 0.437466 0.110541 0.112518 0.00281056
3 0.191238 0.68552 0.114185 0.112551 0.00279262
7 0.563422 0.313298 0.112405 0.112877 0.00277507
13 0.562732 0.312694 0.111561 0.112229 0.00274881
1 0.438783 0.188418 0.111985 0.113081 0.00270907
8 0.688082 0.188323 0.111777 0.114058 0.00268944
4 0.315485 0.933585 0.112281 0.113318 0.0026758
10 0.812529 0.933729 0.111634 0.114533 0.00262466
12 0.439749 0.438054 0.1117 0.113209 0.00255812
3 0.316272 0.685685 0.111025 0.111933 0.00255743
1 0.316492 0.561503 0.114105 0.113635 0.00255182
5 0.936075 0.561666 0.113731 0.114859 0.00253212
1 0.315111 0.313655 0.11188 0.111821 0.00251148
1 0.563469 0.0648163 0.113096 0.113097 0.00249907
1 0.936359 0.809519 0.1121 0.112096 0.0024901
7 0.936261 0.933477 0.112852 0.115615 0.00244858
1 0.315761 0.188946 0.112439 0.1124 0.00243272
12 0.687907 0.809745 0.111588 0.111637 0.00240848
7 0.811603 0.311864 0.113723 0.115519 0.00233821
1 0.0656833 0.0641995 0.112442 0.112514 0.00233472
7 0.811927 0.932582 0.113176 0.115589 0.00233471
3 0.440392 0.561222 0.110597 0.113142 0.00230066
7 0.316181 0.437952 0.11348 0.112259 0.00227668
13 0.686842 0.312543 0.112443 0.113263 0.00225041
11 0.688357 0.933227 0.112916 0.113634 0.00222703
12 0.56362 0.313368 0.111855 0.112924 0.0021942
12 0.190728 0.188864 0.112337 0.112593 0.00219241
0 0.813058 0.685931 0.111799 0.111855 0.00218277
13 0.315073 0.43736 0.111736 0.111496 0.00216058
1 0.93646 0.685704 0.112154 0.113402 0.0021563
3 0.936448 0.188694 0.112016 0.113425 0.00214943
12 0.191627 0.561403 0.111761 0.111672 0.00211565
12 0.688064 0.436621 0.111322 0.112148 0.00201978
3 0.190785 0.313561 0.111158 0.112344 0.00200742
12 0.314842 0.0648349 0.112315 0.111667 0.00195424
7 0.563961 0.561631 0.11167 0.113237 0.00190923
10 0.687736 0.93374 0.111469 0.111606 0.00190042
1 0.93637 0.561721 0.112991 0.113592 0.00189936
12 0.440392 0.561222 0.110597 0.113142 0.00188852
6 0.190679 0.189325 0.112895 0.112999 0.00187838
4 0.0666814 0.933938 0.112734 0.113834 0.00177161
1 0.936367 0.93387 0.112499 0.114338 0.001761
3 0.93632 0.313301 0.111794 0.112817 0.00175081
10 0.191321 0.561564 0.112833 0.112839 0.00171465
11 0.811505 0.0648511 0.113102 0.109964 0.00170657
11 0.811803 0.437075 0.112714 0.112612 0.00170381
3 0.44094 0.685517 0.111299 0.111829 0.00170324
2 0.813126 0.0646826 0.113498 0.112266 0.00167503
12 0.316685 0.685379 0.111269 0.11268 0.00162454
8 0.688036 0.437243 0.110749 0.112062 0.00160863
10 0.936367 0.93387 0.112499 0.114338 0.00160633
6 0.439988 0.93368 0.111406 0.113177 0.00159077
10 0.936224 0.0651273 0.10998 0.110559 0.00158653
0 0.439828 0.438066 0.112528 0.114875 0.00158186
1 0.812545 0.933903 0.113206 0.114491 0.00158033
6 0.687677 0.313207 0.112682 0.113183 0.00156752
4 0.936489 0.437963 0.111646 0.111917 0.00156057
13 0.315439 0.933541 0.11229 0.111655 0.00155378
7 0.563533 0.18883 0.112642 0.113667 0.00154721
7 0.315897 0.933318 0.113796 0.113348 0.00150888
8 0.563714 0.933528 0.112696 0.112969 0.00147427
13 0.688074 0.0649847 0.110094 0.111731 0.00146073
7 0.191387 0.561248 0.112028 0.112273 0.00143331
11 0.81207 0.809511 0.112336 0.111124 0.00142177
0 0.440392 0.561222 0.110597 0.113142 0.0014147
12 0.563251 0.188293 0.112207 0.112342 0.00139787
3 0.936161 0.809471 0.112024 0.11367 0.00138619
3 0.813126 0.0646826 0.113498 0.112266 0.00134914
3 0.687694 0.188777 0.112562 0.112534 0.00134587
3 0.066425 0.188913 0.11114 0.111809 0.00134537
12 0.563776 0.561773 0.111728 0.112258 0.00133069
4 0.190971 0.80945 0.113233 0.112741 0.00132149
11 0.936242 0.0648995 0.112148 0.111345 0.00131765
2 0.564637 0.685642 0.11219 0.112572 0.00130407
3 0.936032 0.56165 0.112811 0.111869 0.00130192
6 0.067129 0.313888 0.111899 0.113166 0.00129295
10 0.0659952 0.80928 0.111521 0.111543 0.00128388
1 0.564246 0.809403 0.111416 0.112216 0.00127962
7 0.314593 0.188482 0.111803 0.112339 0.00127316
1 0.1915 0.685435 0.113769 0.112153 0.00124941
7 0.563073 0.0645382 0.111726 0.112321 0.00123409
1 0.315241 0.809311 0.112394 0.1122 0.00123407
0 0.316685 0.685379 0.111269 0.11268 0.00122416
11 0.811567 0.561355 0.112629 0.112229 0.00122274
2 0.812444 0.31278 0.113965 0.114305 0.00121876
5 0.190374 0.0652836 0.112869 0.11231 0.00121452
6 0.811519 0.312578 0.115048 0.113655 0.00120134
3 0.314763 0.312877 0.112283 0.111882 0.00119346
4 0.687809 0.313171 0.110957 0.113008 0.00119299
5 0.314954 0.313541 0.112256 0.111868 0.00117672
11 0.191382 0.933489 0.113185 0.113239 0.00114847
12 0.316219 0.437515 0.112035 0.11249 0.00113021
7 0.439406 0.0649888 0.112701 0.113594 0.00112784
1 0.0667737 0.561415 0.114662 0.112948 0.0011227
2 0.564271 0.437332 0.112408 0.113639 0.00110523
3 0.936116 0.68583 0.112294 0.111846 0.00110289
3 0.439599 0.313651 0.112565 0.1131 0.00108721
5 0.439436 0.313178 0.111611 0.111391 0.00108385
7 0.688319 0.685796 0.111885 0.111811 0.00108322
3 0.688117 0.0641595 0.110452 0.110344 0.00108264
0 0.190971 0.80945 0.113233 0.112741 0.00107604
2 0.936637 0.438047 0.111675 0.112652 0.00107097
7 0.563048 0.437033 0.111707 0.112574 0.00107023
12 0.316191 0.933748 0.113352 0.114023 0.00106942
7 0.687766 0.808968 0.111313 0.112349 0.0010615
2 0.563259 0.0648413 0.112692 0.113518 0.00105445
6 0.563733 0.0645877 0.111455 0.113293 0.00104249
7 0.439988 0.93368 0.111406 0.113177 0.00103849
0 0.81309 0.809963 0.111721 0.113619 0.00102605
1 0.0661061 0.313541 0.112112 0.112569 0.00102277
7 0.688095 0.0647387 0.110702 0.110899 0.00101269
0 0.688157 0.561707 0.110206 0.111933 0.00101211
7 0.688157 0.561707 0.110206 0.111933 0.00101121
3 0.191179 0.438288 0.111442 0.111683 0.00100808
