2 0.439349 0.933917 0.112267 0.113655 0.987075
9 0.563947 0.809373 0.111068 0.112 0.986024
3 0.0671533 0.313659 0.11232 0.112958 0.985055
3 0.0669128 0.189357 0.11329 0.113495 0.984813
12 0.563627 0.933871 0.112056 0.113655 0.98464
3 0.315583 0.437747 0.111751 0.113499 0.984607
10 0.563474 0.0655483 0.11099 0.1127 0.984422
9 0.439693 0.809651 0.112458 0.112847 0.984372
5 0.811771 0.809845 0.110842 0.111333 0.984351
3 0.19129 0.064949 0.112199 0.114186 0.984332
9 0.191654 0.313261 0.111594 0.111999 0.983863
11 0.686983 0.934044 0.110494 0.11269 0.983601
13 0.0671381 0.437852 0.113311 0.112595 0.983584
4 0.315245 0.312991 0.112354 0.111739 0.983435
7 0.31519 0.561287 0.111799 0.11024 0.983223
9 0.191719 0.685302 0.110352 0.11102 0.98317
6 0.811484 0.933665 0.113905 0.11353 0.983046
1 0.0669649 0.685662 0.113131 0.111929 0.982833
10 0.315951 0.933461 0.112958 0.113363 0.982773
4 0.315537 0.684883 0.112658 0.111324 0.98254
5 0.315461 0.189696 0.111392 0.11216 0.982312
6 0.191234 0.437647 0.11166 0.112043 0.982305
7 0.439643 0.685077 0.111032 0.111264 0.982196
9 0.8119 0.0650952 0.110921 0.112247 0.981719
10 0.0668715 0.0650565 0.113256 0.112371 0.9814
2 0.191552 0.189055 0.110064 0.111077 0.980926
5 0.811629 0.685519 0.111439 0.111124 0.980926
10 0.191575 0.809234 0.112585 0.11219 0.980801
8 0.0676195 0.934507 0.113013 0.113895 0.980237
1 0.687879 0.809297 0.112175 0.113496 0.980234
12 0.936495 0.0648428 0.113253 0.113848 0.980162
8 0.936288 0.934189 0.112231 0.112696 0.980021
5 0.563347 0.189919 0.110888 0.112131 0.980005
12 0.439147 0.437316 0.111563 0.111523 0.979625
9 0.687502 0.685325 0.111197 0.111851 0.979618
0 0.191764 0.933473 0.111072 0.112505 0.979606
12 0.439459 0.188822 0.111836 0.111713 0.979471
11 0.315785 0.808781 0.111664 0.112485 0.979401
6 0.687614 0.0649781 0.112614 0.114195 0.979351
1 0.563688 0.685039 0.112355 0.112254 0.979293
12 0.687869 0.312874 0.112169 0.111791 0.97918
11 0.438833 0.065539 0.111209 0.112153 0.979152
3 0.563198 0.561263 0.112212 0.11237 0.979149
11 0.315052 0.0654066 0.111405 0.113066 0.979088
12 0.439844 0.312869 0.112132 0.111872 0.97907
7 0.68726 0.188851 0.111733 0.111316 0.978942
9 0.43959 0.560954 0.112595 0.114168 0.978824
2 0.93632 0.809657 0.113545 0.113361 0.978761
9 0.687949 0.561413 0.111985 0.112061 0.978742
5 0.936223 0.436745 0.113083 0.112652 0.978736
0 0.563057 0.313991 0.111345 0.111869 0.978485
4 0.811999 0.188766 0.11254 0.11227 0.978428
10 0.812176 0.56093 0.112034 0.112726 0.978415
11 0.0663863 0.561052 0.113784 0.112382 0.978218
4 0.936064 0.188662 0.112309 0.112168 0.978178
7 0.563565 0.43733 0.112421 0.111016 0.978133
11 0.935458 0.685067 0.111738 0.112256 0.977726
8 0.687954 0.436982 0.11134 0.111813 0.97762
10 0.936689 0.561357 0.11372 0.113678 0.977613
8 0.191725 0.561173 0.111739 0.110811 0.977552
13 0.811782 0.436995 0.113174 0.112626 0.97755
2 0.812031 0.312815 0.112438 0.111998 0.977371
7 0.936589 0.31272 0.11355 0.113522 0.976521
11 0.0664635 0.809295 0.11356 0.112467 0.976512
5 0.0664635 0.809295 0.11356 0.112467 0.0291482
2 0.067309 0.934112 0.114994 0.114043 0.0224775
3 0.68756 0.685107 0.110664 0.111614 0.0205355
2 0.19186 0.561271 0.112736 0.111799 0.0171505
3 0.191541 0.685067 0.111174 0.111226 0.0134106
5 0.0663863 0.561052 0.113784 0.112382 0.0127737
3 0.563947 0.809373 0.111068 0.112 0.0123806
2 0.688182 0.436918 0.11119 0.111155 0.0104866
5 0.315103 0.0650356 0.110364 0.112284 0.00994131
3 0.439693 0.809651 0.112458 0.112847 0.00954985
5 0.439529 0.0654058 0.11179 0.113048 0.00830514
3 0.439776 0.561196 0.112349 0.112752 0.00826107
1 0.812141 0.189092 0.112586 0.112845 0.00813383
1 0.688269 0.0648569 0.111362 0.112465 0.00793301
6 0.191802 0.0647578 0.112631 0.112236 0.00627679
1 0.315775 0.685343 0.112251 0.112182 0.00613409
5 0.935757 0.68556 0.111488 0.111578 0.00603167
3 0.8119 0.0650952 0.110921 0.112247 0.00556676
5 0.315643 0.809147 0.112307 0.112449 0.00555077
12 0.68682 0.189212 0.109883 0.111899 0.00478764
1 0.811497 0.9334 0.111637 0.112805 0.00474804
3 0.687836 0.56116 0.111573 0.112143 0.00461199
12 0.563737 0.0652369 0.110447 0.113365 0.00457879
1 0.936071 0.189073 0.11178 0.112159 0.00449349
6 0.439398 0.437235 0.111767 0.112504 0.004308
5 0.687194 0.934129 0.110664 0.11183 0.00424838
12 0.564007 0.436479 0.111679 0.11137 0.00423449
12 0.936255 0.31285 0.114553 0.113976 0.00423045
2 0.811851 0.189487 0.112414 0.112797 0.00413827
11 0.688208 0.43698 0.111551 0.111603 0.00400598
12 0.688157 0.685163 0.111031 0.11143 0.00387059
0 0.688245 0.809304 0.111406 0.111732 0.00382314
12 0.439478 0.561014 0.112279 0.113264 0.00380669
4 0.935795 0.313423 0.114668 0.112607 0.0037805
6 0.439557 0.31305 0.112507 0.112636 0.00362777
12 0.688153 0.561183 0.111602 0.111874 0.00361194
1 0.811704 0.313416 0.110311 0.111565 0.00349938
4 0.191802 0.0647578 0.112631 0.112236 0.00321143
3 0.191433 0.313607 0.110915 0.11199 0.00319931
12 0.19147 0.313547 0.111753 0.112212 0.00316154
1 0.936027 0.80959 0.11445 0.113922 0.00312256
7 0.811869 0.437597 0.112697 0.113063 0.0030563
6 0.315732 0.43806 0.112313 0.112147 0.00304433
6 0.564109 0.436504 0.110672 0.112146 0.00303728
12 0.0672422 0.436538 0.112755 0.114095 0.00298734
7 0.0672422 0.436538 0.112755 0.114095 0.00298382
1 0.315332 0.313405 0.112351 0.111832 0.00289209
12 0.439892 0.809742 0.113485 0.113404 0.00276395
13 0.191815 0.809286 0.111886 0.11215 0.00273013
6 0.811415 0.188873 0.112821 0.111621 0.00268036
10 0.686704 0.933095 0.110782 0.112784 0.0026356
12 0.811803 0.437037 0.113111 0.112714 0.00253194
2 0.935995 0.934215 0.112461 0.11132 0.00251303
4 0.0673282 0.0646489 0.111699 0.113282 0.00246474
0 0.688157 0.685163 0.111031 0.11143 0.00242475
6 0.0667896 0.188492 0.11301 0.113509 0.00238508
10 0.935981 0.685041 0.111434 0.112605 0.00237873
12 0.191374 0.684972 0.112003 0.112308 0.00237604
13 0.936177 0.561473 0.111345 0.112259 0.0022353
1 0.191614 0.436875 0.109457 0.109398 0.00220537
12 0.811821 0.064971 0.111541 0.111545 0.00219009
4 0.936128 0.561209 0.113324 0.114464 0.00217163
5 0.811455 0.561069 0.112077 0.111736 0.00214447
8 0.688228 0.933231 0.111009 0.113362 0.00210607
2 0.935978 0.189097 0.111769 0.112185 0.00207296
2 0.688226 0.809406 0.111451 0.112213 0.00201487
6 0.687734 0.312905 0.112066 0.11207 0.002008
6 0.688044 0.188942 0.111808 0.111812 0.00199541
6 0.439309 0.189176 0.111677 0.112566 0.00196406
6 0.936336 0.313325 0.112624 0.11466 0.00191222
4 0.812172 0.561446 0.112085 0.112315 0.0019082
10 0.936246 0.437285 0.112015 0.112338 0.00186829
1 0.439882 0.93339 0.112319 0.112983 0.00183656
4 0.564483 0.43668 0.112109 0.111774 0.00180546
0 0.688153 0.561183 0.111602 0.111874 0.00179066
10 0.0674465 0.560719 0.113422 0.113378 0.00178254
10 0.315643 0.809147 0.112307 0.112449 0.00175447
3 0.812078 0.313507 0.111337 0.112788 0.00175138
10 0.0668048 0.437603 0.113807 0.11222 0.00173664
12 0.316062 0.438094 0.111826 0.111301 0.00170608
1 0.190959 0.189384 0.110768 0.110515 0.00168736
0 0.564009 0.684906 0.111349 0.111125 0.00168523
4 0.563582 0.0653134 0.110649 0.111787 0.00168503
4 0.564009 0.684906 0.111349 0.111125 0.00166541
1 0.563627 0.312842 0.111665 0.112828 0.00166006
2 0.0666494 0.313639 0.112651 0.112425 0.00165171
2 0.315775 0.685343 0.112251 0.112182 0.00164952
0 0.191361 0.313582 0.111373 0.113119 0.00163576
10 0.0670695 0.809063 0.112496 0.112362 0.00161232
0 0.563239 0.933734 0.111668 0.112751 0.00161217
1 0.563198 0.561263 0.112212 0.11237 0.00161101
12 0.56442 0.808945 0.111816 0.112774 0.00158945
2 0.0665471 0.189373 0.113479 0.112974 0.00158373
10 0.314704 0.0652359 0.11178 0.111778 0.00157369
7 0.563582 0.0653134 0.110649 0.111787 0.00154409
10 0.811803 0.437037 0.113111 0.112714 0.00154078
6 0.0662519 0.313325 0.112565 0.112411 0.0015324
0 0.0665542 0.685006 0.113756 0.112632 0.00153004
13 0.563096 0.0649731 0.111236 0.112034 0.00151514
11 0.936288 0.934189 0.112231 0.112696 0.00151335
7 0.811496 0.560669 0.111988 0.112944 0.00150801
3 0.19129 0.43767 0.113338 0.112245 0.0014815
4 0.688081 0.189144 0.112164 0.11242 0.00145125
4 0.0667896 0.188492 0.11301 0.113509 0.0014483
12 0.0665166 0.188854 0.112428 0.113229 0.00143479
0 0.688172 0.313358 0.112331 0.113219 0.00142911
9 0.936025 0.685269 0.111994 0.112544 0.00142352
0 0.936217 0.933303 0.111796 0.111613 0.00141893
3 0.811963 0.933699 0.113286 0.114264 0.00141167
11 0.191569 0.561244 0.111236 0.111777 0.00140569
2 0.811396 0.809167 0.113119 0.112671 0.00139895
7 0.936128 0.561209 0.113324 0.114464 0.00138685
5 0.936111 0.561731 0.112224 0.112539 0.00138658
6 0.56416 0.933714 0.113825 0.112133 0.00134813
12 0.0675066 0.0646334 0.112865 0.112091 0.00131448
4 0.687902 0.809328 0.11206 0.112892 0.00130077
13 0.0673598 0.0648381 0.111748 0.111979 0.00129864
6 0.935328 0.189135 0.112842 0.11216 0.00128722
2 0.315328 0.437643 0.112039 0.112438 0.00128145
10 0.439394 0.0652339 0.111782 0.11192 0.00127811
9 0.686694 0.933338 0.109449 0.111017 0.00127586
5 0.811312 0.312885 0.113316 0.112115 0.00127184
8 0.813038 0.313157 0.111746 0.111735 0.00126115
3 0.936133 0.809601 0.112366 0.113435 0.00123513
10 0.811535 0.809344 0.111798 0.112552 0.00122498
0 0.0669543 0.933787 0.112728 0.112553 0.00122372
2 0.811411 0.685038 0.11364 0.112206 0.00122292
5 0.936027 0.80959 0.11445 0.113922 0.0012044
10 0.563178 0.189556 0.111133 0.112013 0.00119431
6 0.563198 0.561263 0.112212 0.11237 0.00118029
12 0.191284 0.0650381 0.11231 0.112456 0.00117864
6 0.31558 0.561008 0.110776 0.111815 0.00117724
3 0.190923 0.188957 0.111026 0.111128 0.001171
3 0.936189 0.436454 0.113407 0.111444 0.00114879
12 0.316014 0.93383 0.11272 0.113613 0.0011481
7 0.0673282 0.0646489 0.111699 0.113282 0.00114702
4 0.563596 0.561337 0.111041 0.111086 0.00113082
11 0.811401 0.0649909 0.11153 0.112934 0.00112133
10 0.314561 0.189209 0.111163 0.111701 0.00111713
0 0.68818 0.437265 0.111933 0.112465 0.00110669
3 0.439349 0.933917 0.112267 0.113655 0.00110506
12 0.935523 0.18856 0.110893 0.111066 0.00109719
3 0.439632 0.436586 0.110871 0.111933 0.00109587
12 0.811678 0.56133 0.112789 0.111968 0.00109204
12 0.315434 0.313162 0.111928 0.111796 0.00109022
6 0.688226 0.809406 0.111451 0.112213 0.00108624
3 0.687614 0.0649781 0.112614 0.114195 0.00108344
5 0.19168 0.809161 0.111896 0.111877 0.00108299
4 0.687734 0.312905 0.112066 0.11207 0.00107689
4 0.811893 0.313341 0.111058 0.111451 0.00107674
5 0.314856 0.313317 0.11216 0.112029 0.00106423
7 0.315474 0.31309 0.112122 0.11205 0.00105449
12 0.0670887 0.313596 0.111589 0.111811 0.00104879
3 0.811421 0.809547 0.113405 0.111691 0.00104165
3 0.81208 0.685248 0.112237 0.111497 0.00104077
1 0.315328 0.437643 0.112039 0.112438 0.00103691
10 0.811466 0.685428 0.111287 0.111751 0.00103515
13 0.811392 0.561012 0.11131 0.111982 0.00103262
5 0.440265 0.934045 0.111759 0.113028 0.00102438
7 0.935523 0.18856 0.110893 0.111066 0.00102075
4 0.0669432 0.685406 0.112959 0.112008 0.00101237
