5 0.315804 0.93423 0.111282 0.114326 0.986927
2 0.439393 0.934136 0.112518 0.113331 0.986048
4 0.439712 0.809065 0.11179 0.112917 0.985486
7 0.936148 0.933831 0.11268 0.112086 0.985283
5 0.1917 0.686041 0.111329 0.112295 0.985247
4 0.191209 0.933394 0.111792 0.113928 0.984924
7 0.067206 0.561525 0.112812 0.112339 0.984302
10 0.564111 0.933655 0.112995 0.11459 0.9841
13 0.191313 0.561722 0.111495 0.112071 0.983862
6 0.440158 0.685412 0.111635 0.111846 0.983798
11 0.935549 0.0657134 0.113153 0.113164 0.98369
9 0.191334 0.188924 0.111938 0.111879 0.983534
10 0.192217 0.0648286 0.112564 0.112699 0.983397
11 0.563567 0.809533 0.111554 0.112415 0.983337
0 0.935569 0.684876 0.113601 0.111892 0.983221
6 0.0668462 0.437554 0.113667 0.112775 0.983135
8 0.0669639 0.933968 0.113917 0.115251 0.983064
12 0.81234 0.933503 0.110508 0.112962 0.982946
10 0.315391 0.18923 0.113595 0.11247 0.982896
6 0.687861 0.809549 0.111872 0.113522 0.982747
11 0.93673 0.809487 0.113345 0.112667 0.982396
1 0.315655 0.685628 0.111436 0.111956 0.982063
11 0.0662852 0.31371 0.11399 0.113157 0.981983
6 0.315556 0.313625 0.112045 0.112924 0.98196
12 0.0671953 0.809398 0.112423 0.113333 0.981889
8 0.190882 0.3136 0.11131 0.113015 0.981735
12 0.812515 0.809612 0.111517 0.113539 0.981381
2 0.439572 0.0644575 0.111926 0.113513 0.981329
11 0.563369 0.685233 0.111138 0.111927 0.981258
5 0.439588 0.313723 0.113294 0.113014 0.981194
13 0.439623 0.189572 0.11347 0.112487 0.981118
1 0.315017 0.437302 0.111896 0.1115 0.981039
1 0.0671314 0.188654 0.112222 0.112974 0.980807
0 0.19099 0.436931 0.112141 0.112175 0.980797
0 0.315535 0.0641084 0.111941 0.113146 0.980582
0 0.688495 0.933457 0.112383 0.113428 0.980511
2 0.19136 0.809384 0.112565 0.112035 0.980149
0 0.315316 0.561332 0.112911 0.111479 0.979947
2 0.0671214 0.685017 0.112687 0.112847 0.979794
0 0.316002 0.809392 0.111613 0.111833 0.979765
10 0.812055 0.0646146 0.111848 0.112375 0.979602
11 0.563264 0.188881 0.111592 0.113533 0.979515
11 0.563589 0.313159 0.111947 0.113155 0.97949
9 0.68766 0.313383 0.111787 0.111477 0.979456
9 0.68772 0.18904 0.111977 0.113065 0.979435
0 0.0676043 0.0647073 0.111751 0.11296 0.97938
9 0.812119 0.188829 0.111921 0.113053 0.978948
2 0.439277 0.56102 0.111934 0.113004 0.978828
0 0.439544 0.437347 0.111918 0.113689 0.978615
1 0.687831 0.06412 0.112611 0.11384 0.978602
8 0.563878 0.43721 0.111857 0.113145 0.97855
1 0.936304 0.561249 0.114417 0.113856 0.978545
0 0.563696 0.561289 0.11151 0.112946 0.978459
0 0.811894 0.561527 0.111973 0.11204 0.978406
4 0.812576 0.313045 0.11291 0.112324 0.978383
5 0.812371 0.437113 0.112894 0.112894 0.978369
2 0.687818 0.561566 0.112278 0.112418 0.97835
0 0.687967 0.685324 0.112286 0.112126 0.978327
2 0.812066 0.685555 0.111642 0.112203 0.978227
11 0.93667 0.436876 0.112962 0.112864 0.978088
7 0.687707 0.437661 0.111593 0.112025 0.978046
0 0.936234 0.188567 0.112535 0.111402 0.977873
6 0.93701 0.312827 0.113377 0.112154 0.977866
0 0.563035 0.0653637 0.111265 0.111339 0.977567
2 0.190808 0.313518 0.111349 0.112294 0.0285914
2 0.0667741 0.933749 0.114582 0.114414 0.010726
0 0.688109 0.0634638 0.111995 0.113796 0.0103247
5 0.563703 0.313257 0.111826 0.112732 0.00879946
5 0.563339 0.188751 0.111402 0.113161 0.00832261
10 0.937129 0.436448 0.11084 0.111514 0.00819697
3 0.688103 0.80899 0.11125 0.112123 0.00699826
0 0.688082 0.313312 0.110215 0.111997 0.00591638
1 0.315619 0.561565 0.112538 0.112268 0.00552826
2 0.56367 0.437329 0.111517 0.112035 0.00540852
6 0.688441 0.437976 0.109742 0.112766 0.00534192
12 0.688646 0.436599 0.110704 0.110718 0.00506869
11 0.81151 0.437556 0.11251 0.111398 0.00431508
3 0.688118 0.313447 0.110639 0.112807 0.00425334
10 0.935997 0.0652914 0.112145 0.113134 0.00406881
4 0.315203 0.189205 0.113091 0.112397 0.00393945
0 0.688112 0.189167 0.111396 0.113037 0.00383971
5 0.564185 0.809608 0.111828 0.112299 0.00379972
1 0.688163 0.5613 0.111956 0.113169 0.00368082
3 0.066599 0.436811 0.114577 0.112788 0.0035639
1 0.812384 0.313387 0.112737 0.113046 0.00351226
0 0.936782 0.561464 0.112509 0.113545 0.00345896
12 0.68782 0.313409 0.110872 0.111687 0.00345003
0 0.0665901 0.188646 0.112393 0.112831 0.00335485
5 0.936661 0.809267 0.113225 0.113524 0.0033016
1 0.0669857 0.0641107 0.113495 0.113249 0.00329157
1 0.811822 0.560929 0.112448 0.111957 0.00317681
3 0.440158 0.685412 0.111635 0.111846 0.00283929
3 0.688149 0.189227 0.11203 0.11342 0.00283237
1 0.563752 0.0638186 0.110714 0.113308 0.00281106
7 0.191667 0.933644 0.112131 0.112234 0.00277279
6 0.0671953 0.809398 0.112423 0.113333 0.00268524
10 0.564138 0.684949 0.110548 0.111317 0.0026529
1 0.439442 0.561247 0.111735 0.113344 0.00263691
3 0.315591 0.313364 0.111246 0.112743 0.00262039
10 0.439649 0.31354 0.111611 0.111841 0.00255724
2 0.688093 0.0643813 0.111644 0.112279 0.00248037
12 0.812127 0.188862 0.112432 0.112397 0.0023986
4 0.688441 0.437976 0.109742 0.112766 0.00239287
12 0.688112 0.189167 0.111396 0.113037 0.00235905
12 0.935794 0.933697 0.112738 0.112803 0.00233957
0 0.813029 0.189194 0.111794 0.112656 0.00231996
8 0.688179 0.561324 0.110508 0.112698 0.00231242
10 0.812408 0.933718 0.109989 0.113061 0.00228404
8 0.564138 0.684949 0.110548 0.111317 0.00224855
1 0.439695 0.064242 0.111764 0.113992 0.00218874
4 0.315531 0.685401 0.112394 0.11282 0.00217654
10 0.936696 0.809163 0.112954 0.1134 0.00216002
1 0.439795 0.437362 0.111739 0.112995 0.00209105
5 0.811435 0.685394 0.113376 0.111381 0.00207999
2 0.812103 0.313601 0.112029 0.113151 0.00207504
3 0.81303 0.188679 0.111762 0.110752 0.00206991
4 0.812494 0.43785 0.111632 0.112613 0.00203719
8 0.93598 0.809333 0.11235 0.111672 0.00203715
1 0.812216 0.685245 0.111909 0.112497 0.00203634
4 0.688448 0.561266 0.11118 0.112561 0.00200172
10 0.564208 0.80914 0.110218 0.111908 0.00199793
7 0.811614 0.933326 0.111693 0.112543 0.00196978
8 0.564208 0.80914 0.110218 0.111908 0.00196521
7 0.811688 0.312517 0.113694 0.114062 0.00196224
3 0.812494 0.43785 0.111632 0.112613 0.00195636
9 0.935905 0.685016 0.112501 0.111863 0.00191138
3 0.936712 0.313321 0.112298 0.111738 0.00189114
10 0.0674641 0.31338 0.113073 0.111842 0.00183914
2 0.811497 0.437325 0.114232 0.112099 0.00182327
5 0.564003 0.68521 0.111807 0.11198 0.00181109
1 0.439742 0.933819 0.113364 0.113502 0.0017974
1 0.0668644 0.684902 0.113226 0.112358 0.00179688
4 0.564111 0.933655 0.112995 0.11459 0.00179205
3 0.0665517 0.684976 0.11435 0.112683 0.00178853
5 0.0666201 0.313077 0.113982 0.112885 0.00176954
1 0.564032 0.561 0.111841 0.112577 0.00175657
1 0.688173 0.933425 0.112127 0.112928 0.00175036
3 0.688448 0.561266 0.11118 0.112561 0.00174625
1 0.439712 0.809065 0.11179 0.112917 0.0017414
7 0.688294 0.809379 0.113211 0.113385 0.00173419
9 0.935991 0.188948 0.11246 0.112468 0.00172902
4 0.0667634 0.561309 0.114763 0.111919 0.00172601
0 0.315462 0.437306 0.112324 0.112987 0.00171005
5 0.936343 0.436805 0.112962 0.113261 0.00168738
10 0.191202 0.561401 0.111705 0.112111 0.00162641
12 0.191449 0.561388 0.110725 0.111039 0.00159717
12 0.439275 0.189481 0.111716 0.112189 0.00156803
0 0.314868 0.685524 0.111194 0.111986 0.00156187
3 0.191444 0.809306 0.11335 0.112601 0.00156104
1 0.688017 0.685097 0.112521 0.111787 0.00153969
13 0.811552 0.0647038 0.113332 0.112508 0.00153966
10 0.563661 0.313536 0.113261 0.111969 0.00152648
4 0.315361 0.437652 0.111791 0.112496 0.00151699
2 0.439742 0.809661 0.112183 0.112827 0.00146167
7 0.811461 0.810229 0.11283 0.113364 0.00144282
8 0.81156 0.685315 0.11156 0.112645 0.00144193
6 0.191667 0.933644 0.112131 0.112234 0.001435
4 0.936083 0.933559 0.112877 0.113334 0.00142039
10 0.19128 0.685659 0.112075 0.11219 0.0014158
10 0.315414 0.934031 0.112499 0.112754 0.00141435
2 0.315531 0.685401 0.112394 0.11282 0.00140343
12 0.191256 0.189004 0.113063 0.112563 0.00139759
3 0.812202 0.685433 0.111664 0.111291 0.00138182
12 0.439606 0.436977 0.111815 0.112424 0.00137846
0 0.563238 0.438 0.11113 0.113857 0.0013641
6 0.812773 0.809194 0.111179 0.112875 0.00135382
12 0.563781 0.560992 0.112522 0.11248 0.00132049
6 0.811608 0.313158 0.114641 0.112429 0.00131053
3 0.439798 0.561301 0.112328 0.11346 0.00130482
5 0.191649 0.809324 0.112491 0.11235 0.00129408
13 0.0661753 0.313643 0.113527 0.112253 0.00128406
1 0.191531 0.933908 0.112402 0.113463 0.00127024
7 0.936768 0.31342 0.111818 0.112416 0.00126399
1 0.315535 0.0641084 0.111941 0.113146 0.00124195
5 0.066609 0.684488 0.112214 0.112069 0.00122285
5 0.686793 0.56137 0.114755 0.110677 0.00121974
7 0.440158 0.685412 0.111635 0.111846 0.0012118
7 0.191383 0.561188 0.111271 0.112197 0.00121097
1 0.315971 0.809242 0.111567 0.112411 0.0012082
7 0.439593 0.809483 0.112203 0.112445 0.00120362
5 0.813012 0.0647898 0.112105 0.113256 0.00118346
9 0.93598 0.809333 0.11235 0.111672 0.00117916
13 0.191556 0.0653977 0.112256 0.111881 0.00117822
1 0.191439 0.80912 0.112847 0.112125 0.00116855
4 0.439798 0.561301 0.112328 0.11346 0.00116783
12 0.812252 0.561537 0.111362 0.11251 0.00114987
7 0.811622 0.0645949 0.113256 0.112679 0.00114429
8 0.688118 0.313447 0.110639 0.112807 0.00114011
12 0.563752 0.0638186 0.110714 0.113308 0.00112549
10 0.812877 0.436669 0.110448 0.111917 0.00111973
0 0.191136 0.189045 0.113121 0.112402 0.00111634
7 0.315981 0.313737 0.113102 0.112549 0.00111338
12 0.0672655 0.561052 0.112658 0.113741 0.00111199
5 0.935758 0.0652964 0.113645 0.113533 0.00108173
5 0.439777 0.809604 0.112178 0.111977 0.00107603
8 0.688208 0.685095 0.113473 0.1119 0.00106687
4 0.936677 0.560555 0.113753 0.112679 0.00105121
2 0.191296 0.933828 0.112437 0.113696 0.00104856
10 0.563467 0.18918 0.113528 0.112595 0.00104445
9 0.936095 0.436418 0.111721 0.110586 0.00103715
13 0.811614 0.933326 0.111693 0.112543 0.00103536
1 0.190901 0.437309 0.112477 0.112535 0.00103434
8 0.191675 0.809498 0.112271 0.112573 0.00102441
3 0.811614 0.933326 0.111693 0.112543 0.00102174
2 0.439797 0.313524 0.111894 0.111882 0.00101226
4 0.439971 0.313623 0.111668 0.111871 0.00100814
