9 0.563834 0.933966 0.111696 0.113994 0.988144
3 0.315215 0.685693 0.113248 0.112943 0.986943
1 0.315777 0.933869 0.112004 0.112165 0.985547
13 0.936357 0.809494 0.111939 0.112679 0.985484
7 0.439527 0.809639 0.111222 0.112165 0.985452
5 0.44027 0.933592 0.110954 0.11328 0.985449
5 0.56362 0.809682 0.111881 0.112934 0.985413
7 0.935688 0.933696 0.112981 0.113033 0.985116
4 0.191625 0.809542 0.111546 0.111907 0.9847
2 0.563639 0.0648852 0.111964 0.113397 0.98441
10 0.315151 0.0645023 0.111829 0.112721 0.984384
11 0.0670614 0.809551 0.112779 0.113237 0.984313
4 0.067298 0.685776 0.112868 0.111861 0.984094
10 0.191566 0.561408 0.111912 0.112152 0.984079
4 0.439486 0.685288 0.112107 0.113114 0.984068
2 0.439247 0.0647601 0.111703 0.11323 0.984057
5 0.563858 0.685427 0.111326 0.112649 0.983814
7 0.687845 0.0655581 0.111481 0.113139 0.983698
13 0.687842 0.809993 0.112084 0.113239 0.983685
6 0.315649 0.561351 0.111287 0.111935 0.983673
5 0.191773 0.437465 0.110902 0.11188 0.983231
6 0.936092 0.685142 0.113965 0.113055 0.983195
13 0.936021 0.0656112 0.112501 0.114334 0.983189
11 0.0667734 0.43736 0.112941 0.112647 0.983129
2 0.812167 0.933903 0.112012 0.112683 0.983104
9 0.0672773 0.561552 0.113715 0.113632 0.983099
7 0.812115 0.0655197 0.112787 0.113481 0.982886
3 0.0675439 0.934048 0.112767 0.113829 0.982849
7 0.191145 0.0653031 0.111118 0.111976 0.982837
3 0.315687 0.313406 0.112828 0.113347 0.98269
5 0.191825 0.313238 0.111806 0.112151 0.98256
9 0.315369 0.43725 0.11207 0.112982 0.982438
10 0.0672629 0.0649473 0.113963 0.113794 0.982419
4 0.811742 0.810058 0.113185 0.112946 0.981664
0 0.688148 0.933501 0.11249 0.113173 0.981071
2 0.0673578 0.188949 0.111934 0.111589 0.980885
1 0.315102 0.188817 0.111719 0.111499 0.980864
2 0.439687 0.561026 0.111464 0.112996 0.980543
0 0.19176 0.933384 0.111993 0.112844 0.980406
0 0.191192 0.685072 0.112348 0.112235 0.980158
0 0.315455 0.809488 0.11208 0.112282 0.980134
13 0.563422 0.437392 0.112472 0.113179 0.980092
7 0.812371 0.685243 0.111906 0.112677 0.979831
5 0.687813 0.685261 0.111762 0.112702 0.979738
3 0.439125 0.313221 0.112305 0.112993 0.979445
13 0.811775 0.561407 0.112841 0.113304 0.979288
0 0.0677061 0.313226 0.112547 0.113575 0.979217
5 0.563564 0.313024 0.11182 0.112409 0.979057
10 0.812457 0.436912 0.11244 0.113416 0.979033
11 0.687642 0.312923 0.111726 0.114519 0.97885
13 0.936324 0.189593 0.113495 0.114999 0.978836
5 0.563572 0.560833 0.111831 0.113574 0.978585
1 0.812165 0.188966 0.112543 0.112777 0.97857
0 0.439357 0.43715 0.112037 0.114064 0.978475
9 0.688011 0.561289 0.112093 0.112158 0.978394
2 0.687649 0.437198 0.110537 0.111884 0.978392
0 0.936078 0.436983 0.11318 0.112801 0.978383
2 0.687753 0.18881 0.110647 0.11168 0.978378
0 0.812119 0.313238 0.112467 0.112582 0.978369
0 0.439361 0.188907 0.112186 0.113124 0.978119
7 0.936412 0.561164 0.112735 0.112872 0.977943
8 0.191424 0.18878 0.112122 0.112022 0.97701
8 0.936375 0.31359 0.11113 0.111777 0.977004
8 0.563611 0.188891 0.111387 0.112846 0.976375
2 0.935562 0.313317 0.113116 0.112673 0.0123299
8 0.811831 0.933071 0.11239 0.112963 0.0098397
2 0.563564 0.189066 0.112905 0.112549 0.00909397
2 0.191185 0.188859 0.1124 0.112816 0.0063193
12 0.81156 0.0652834 0.112791 0.113702 0.00606
12 0.439597 0.313089 0.111666 0.112225 0.00591835
12 0.811549 0.68542 0.111975 0.113674 0.00521474
7 0.191152 0.809493 0.112102 0.112344 0.0051111
2 0.688173 0.685023 0.111568 0.113163 0.00466053
0 0.688102 0.561103 0.110876 0.112559 0.00462591
4 0.191566 0.561408 0.111912 0.112152 0.00455563
10 0.935511 0.0649704 0.110406 0.111733 0.00445973
4 0.315643 0.0647959 0.112631 0.113377 0.00426178
8 0.688216 0.437171 0.111075 0.112458 0.00381686
10 0.812597 0.809654 0.111402 0.113195 0.00372244
1 0.0672482 0.312756 0.113297 0.112508 0.00323515
10 0.68687 0.312659 0.112692 0.114513 0.0032031
1 0.439693 0.685328 0.113178 0.113216 0.00312186
10 0.0665011 0.436639 0.114249 0.112923 0.00310956
3 0.936175 0.685011 0.112409 0.112705 0.00307141
12 0.688102 0.561103 0.110876 0.112559 0.00299932
4 0.812153 0.437791 0.110472 0.113661 0.0028611
8 0.688158 0.189019 0.112379 0.113283 0.00280839
4 0.0668265 0.0646973 0.113818 0.112777 0.00279606
6 0.811595 0.685094 0.111005 0.113413 0.00277436
12 0.936107 0.561273 0.11262 0.113705 0.00273289
7 0.811655 0.436507 0.112133 0.11344 0.00271811
1 0.0669484 0.685538 0.11369 0.112849 0.00268737
10 0.439476 0.933874 0.111185 0.111581 0.00261789
13 0.191167 0.560948 0.111013 0.11172 0.00260048
1 0.43934 0.436756 0.112475 0.113123 0.00254997
10 0.935558 0.189231 0.111737 0.11294 0.00247895
10 0.191503 0.313092 0.111407 0.111731 0.00245776
3 0.315407 0.561103 0.112605 0.11302 0.00244737
12 0.686808 0.0654193 0.109368 0.112229 0.00241913
7 0.811706 0.809362 0.112593 0.113577 0.00241668
11 0.191426 0.189014 0.112226 0.112579 0.0023971
1 0.191313 0.809533 0.112617 0.113398 0.00235929
0 0.812322 0.188941 0.11221 0.11359 0.00234204
5 0.68783 0.31274 0.110207 0.112641 0.00231559
6 0.811513 0.0652915 0.113516 0.112941 0.00229801
12 0.0672509 0.561103 0.112406 0.115153 0.00226775
1 0.315582 0.561308 0.109852 0.11149 0.00221721
7 0.439559 0.685292 0.111748 0.112459 0.002185
8 0.68803 0.312775 0.111136 0.115377 0.00216629
4 0.688162 0.0649238 0.110936 0.111866 0.00216247
1 0.688194 0.437152 0.112395 0.113472 0.00215465
12 0.31561 0.436658 0.11041 0.112191 0.00212674
3 0.688144 0.561262 0.112277 0.11269 0.00210547
1 0.812191 0.312985 0.112181 0.113242 0.00208076
11 0.191537 0.313058 0.110734 0.111419 0.00203805
1 0.688147 0.188958 0.113434 0.113867 0.00196645
10 0.0670038 0.80938 0.113328 0.114669 0.00193877
7 0.935653 0.18964 0.112705 0.11489 0.00190766
4 0.315446 0.189043 0.112145 0.113034 0.00190137
6 0.936105 0.56105 0.111812 0.113515 0.00189118
4 0.439858 0.809464 0.110977 0.111729 0.00184893
1 0.811742 0.810058 0.113185 0.112946 0.00184875
8 0.0665834 0.189069 0.113839 0.112403 0.00175208
1 0.315478 0.809648 0.112151 0.113075 0.00172404
11 0.811831 0.933071 0.11239 0.112963 0.00170341
1 0.191127 0.685063 0.112309 0.112994 0.00168115
1 0.813126 0.933146 0.113241 0.112592 0.00166134
4 0.935688 0.933696 0.112981 0.113033 0.00165518
1 0.439505 0.560745 0.112673 0.113532 0.00162464
0 0.935826 0.313397 0.110109 0.111757 0.00159953
5 0.0669626 0.809458 0.113197 0.113137 0.00158715
1 0.935974 0.685252 0.111487 0.11443 0.00156757
4 0.811867 0.189411 0.112171 0.112845 0.00156471
3 0.439398 0.561057 0.112518 0.112814 0.00156301
11 0.688153 0.685118 0.111394 0.113337 0.00155988
7 0.315246 0.064846 0.112 0.113022 0.00155517
11 0.56352 0.188965 0.113207 0.112832 0.00153815
12 0.93568 0.933521 0.11312 0.113592 0.00152305
10 0.688137 0.0649615 0.11113 0.112774 0.00152137
13 0.0667734 0.43736 0.112941 0.112647 0.00149938
13 0.0669626 0.809458 0.113197 0.113137 0.00149416
1 0.439542 0.0645819 0.1114 0.113783 0.00146569
1 0.56388 0.0646745 0.111621 0.113564 0.00142408
13 0.687332 0.313518 0.111747 0.112935 0.00141197
7 0.0675353 0.0648957 0.11208 0.113852 0.00140605
4 0.811549 0.68542 0.111975 0.113674 0.00140468
11 0.439407 0.933379 0.112684 0.113302 0.00138939
10 0.687844 0.685289 0.111522 0.112219 0.00138889
4 0.936112 0.561282 0.11281 0.112893 0.00136976
4 0.688173 0.685023 0.111568 0.113163 0.00135463
2 0.563583 0.561054 0.111879 0.111976 0.00135446
12 0.564243 0.933394 0.112286 0.114453 0.00133753
6 0.811668 0.80974 0.114148 0.112712 0.00133534
1 0.688146 0.933448 0.112531 0.112936 0.00131633
0 0.315453 0.437975 0.113713 0.114321 0.00130337
10 0.191313 0.809533 0.112617 0.113398 0.0012974
1 0.0674363 0.188886 0.11212 0.112252 0.00129483
5 0.0665011 0.436639 0.114249 0.112923 0.00129189
11 0.190746 0.436539 0.10985 0.110377 0.00128662
3 0.688219 0.437293 0.111434 0.112708 0.00126111
6 0.439559 0.685292 0.111748 0.112459 0.00124673
6 0.935687 0.933263 0.112078 0.113747 0.00124095
3 0.688153 0.685118 0.111394 0.113337 0.00123975
4 0.563781 0.313278 0.112042 0.11306 0.00123674
9 0.935995 0.437269 0.112757 0.112965 0.00121404
2 0.563727 0.809335 0.111424 0.112163 0.00118918
12 0.563381 0.437007 0.111137 0.112205 0.00118862
7 0.0664681 0.684583 0.110914 0.111484 0.00116721
4 0.191469 0.313286 0.111444 0.111891 0.00115657
6 0.315677 0.313715 0.112458 0.112442 0.00115231
4 0.811826 0.0656599 0.11337 0.113141 0.00115014
5 0.688147 0.188958 0.113434 0.113867 0.00114809
7 0.191119 0.561099 0.11175 0.112076 0.00114519
1 0.439548 0.312992 0.11161 0.112234 0.00114062
1 0.066659 0.933649 0.11255 0.112705 0.00113712
2 0.190926 0.436714 0.108586 0.111546 0.00113359
0 0.31587 0.933604 0.111075 0.112531 0.00111714
3 0.190746 0.436539 0.10985 0.110377 0.0011028
8 0.564086 0.933421 0.112201 0.112768 0.00109934
4 0.31587 0.933604 0.111075 0.112531 0.00109706
1 0.31549 0.685416 0.112331 0.112667 0.00109046
13 0.314627 0.0646314 0.111845 0.112203 0.00108839
3 0.0665834 0.189069 0.113839 0.112403 0.00106454
2 0.439472 0.933248 0.113241 0.113376 0.0010629
8 0.688102 0.561103 0.110876 0.112559 0.00106044
1 0.439363 0.188341 0.112095 0.112639 0.00105569
4 0.19127 0.437827 0.111437 0.108468 0.00104402
2 0.563693 0.685015 0.11153 0.112026 0.00104362
10 0.56349 0.313164 0.113262 0.112979 0.00103681
11 0.563725 0.560878 0.110733 0.113144 0.00103665
10 0.191028 0.43749 0.111566 0.111981 0.00103642
13 0.0674791 0.0650506 0.11244 0.112379 0.00103382
6 0.688137 0.0649615 0.11113 0.112774 0.00102818
1 0.314618 0.312929 0.111791 0.112151 0.00100629
3 0.812167 0.933903 0.112012 0.112683 0.00100047
7 0.936021 0.0656112 0.112501 0.114334 0.00100013
