3 0.4396 0.809497 0.112453 0.111453 0.987802
5 0.44001 0.934031 0.112062 0.114449 0.986677
3 0.191909 0.809713 0.110963 0.112329 0.986261
8 0.563815 0.685435 0.111594 0.111938 0.985382
9 0.688 0.809723 0.111656 0.112417 0.985259
0 0.935769 0.933414 0.113056 0.111663 0.985151
2 0.687526 0.933932 0.112095 0.112548 0.98502
8 0.315326 0.685496 0.112165 0.111721 0.984681
1 0.315328 0.933936 0.112208 0.112624 0.984628
11 0.439202 0.0650179 0.111667 0.112536 0.984437
5 0.812308 0.80971 0.112675 0.113056 0.984269
3 0.812434 0.933809 0.113203 0.113021 0.984181
8 0.687729 0.0654771 0.111954 0.112504 0.984097
11 0.563334 0.0650205 0.111336 0.112368 0.984037
1 0.563636 0.933988 0.112019 0.113329 0.983806
12 0.0669896 0.933787 0.112083 0.112812 0.983674
7 0.936663 0.809847 0.111951 0.111431 0.983598
7 0.935974 0.0654972 0.113018 0.11264 0.983517
5 0.191434 0.0650727 0.111772 0.112963 0.982849
9 0.687829 0.685432 0.111967 0.111867 0.982775
6 0.0666443 0.561138 0.111937 0.111498 0.9827
3 0.315636 0.313604 0.110893 0.112047 0.982561
0 0.315463 0.809508 0.112069 0.112174 0.982505
5 0.191632 0.313638 0.111709 0.11249 0.982371
7 0.191222 0.561329 0.112831 0.111449 0.982239
0 0.191296 0.685413 0.111877 0.111589 0.982233
4 0.191469 0.188912 0.113511 0.113187 0.982182
11 0.0666318 0.189068 0.113108 0.112029 0.982004
2 0.315067 0.437201 0.112828 0.112864 0.98169
1 0.0670924 0.685577 0.112141 0.111941 0.981689
6 0.439646 0.685362 0.111419 0.111671 0.981627
2 0.0665439 0.0651093 0.112641 0.113482 0.981557
0 0.315396 0.0642863 0.112122 0.113114 0.981453
9 0.439852 0.188756 0.112329 0.112316 0.981276
0 0.191109 0.43739 0.112477 0.112659 0.981237
1 0.315286 0.189043 0.112506 0.112081 0.981205
1 0.0670653 0.437673 0.112486 0.112133 0.981173
0 0.315252 0.56151 0.112494 0.112404 0.980887
11 0.439571 0.560899 0.112844 0.112705 0.980658
13 0.191511 0.93388 0.112414 0.113123 0.980468
7 0.812231 0.0647629 0.113183 0.112627 0.979889
0 0.564141 0.809555 0.111638 0.112972 0.979669
6 0.440196 0.313013 0.112839 0.112734 0.97964
11 0.687714 0.561122 0.112221 0.113547 0.979426
0 0.067431 0.313003 0.112249 0.113804 0.979404
3 0.563335 0.3132 0.111176 0.111877 0.979148
4 0.812953 0.685308 0.11319 0.113106 0.979062
12 0.563808 0.18885 0.112078 0.112804 0.978956
10 0.688072 0.437024 0.112817 0.1134 0.978942
0 0.439134 0.437693 0.111319 0.111594 0.978898
12 0.56373 0.437252 0.111871 0.11281 0.978896
0 0.811985 0.56134 0.112374 0.112426 0.978851
0 0.0674137 0.809451 0.112194 0.113092 0.978778
0 0.563815 0.561446 0.111848 0.113438 0.978583
4 0.81246 0.312606 0.113306 0.112895 0.978575
13 0.812247 0.437222 0.112501 0.112634 0.978528
12 0.936339 0.684989 0.112538 0.112286 0.978507
1 0.812183 0.188645 0.112826 0.112295 0.97833
1 0.936439 0.312593 0.113538 0.112689 0.978247
7 0.687888 0.313043 0.112125 0.11288 0.978157
0 0.687712 0.188774 0.112129 0.112829 0.978091
0 0.936123 0.188575 0.1131 0.111849 0.97759
3 0.936587 0.436754 0.112365 0.11309 0.977586
7 0.936524 0.561482 0.112558 0.112347 0.977524
8 0.688503 0.933547 0.112143 0.112635 0.00770693
2 0.687792 0.0647652 0.111834 0.112714 0.00627422
8 0.68819 0.561164 0.110619 0.113633 0.00623998
1 0.0669634 0.3126 0.113163 0.112765 0.00498312
1 0.0666111 0.809212 0.113526 0.11264 0.00487178
3 0.687816 0.933488 0.112047 0.113017 0.0046985
12 0.811749 0.43729 0.111443 0.111814 0.00468055
3 0.0664693 0.560745 0.112748 0.111669 0.00463655
2 0.813123 0.933678 0.111256 0.110768 0.00442181
9 0.811692 0.93311 0.11195 0.110553 0.00441851
1 0.191011 0.188906 0.111571 0.111772 0.00422923
0 0.688267 0.685323 0.110414 0.111478 0.00421021
1 0.812229 0.312821 0.113375 0.113243 0.00383123
1 0.812512 0.685332 0.112895 0.112844 0.00353826
3 0.439465 0.685082 0.111454 0.112116 0.00348964
12 0.811516 0.0650835 0.11117 0.11291 0.00341998
2 0.315848 0.685456 0.111513 0.112763 0.0034156
12 0.936165 0.809923 0.113133 0.114471 0.0032257
12 0.191749 0.933869 0.111009 0.111103 0.00321809
1 0.315169 0.437958 0.111073 0.111754 0.00320837
11 0.191707 0.933907 0.111522 0.11316 0.00319459
3 0.439722 0.312529 0.111026 0.112451 0.00313895
4 0.6882 0.437336 0.111768 0.113546 0.00312135
0 0.936467 0.312792 0.112439 0.111292 0.00310374
6 0.936165 0.80972 0.112386 0.113872 0.00307365
0 0.812228 0.188416 0.112362 0.11326 0.00300255
2 0.564378 0.68565 0.111648 0.113115 0.00298744
8 0.439853 0.561271 0.111614 0.112756 0.00292726
6 0.563881 0.436679 0.110517 0.112043 0.00292694
0 0.688345 0.809704 0.11108 0.111606 0.00286186
10 0.93686 0.68488 0.111171 0.111839 0.00256741
9 0.93616 0.437238 0.110879 0.111694 0.00254634
5 0.813142 0.933265 0.111552 0.110007 0.00248778
8 0.688313 0.685282 0.111457 0.111743 0.00248418
12 0.686775 0.313504 0.110467 0.113346 0.0024348
10 0.191277 0.933828 0.111162 0.110757 0.00242252
10 0.812704 0.685396 0.112282 0.113048 0.00239629
6 0.936086 0.561517 0.111554 0.113202 0.00238634
13 0.687434 0.437296 0.111582 0.111386 0.00233272
3 0.81316 0.809666 0.111898 0.115077 0.00227913
10 0.191225 0.0647683 0.111761 0.112391 0.00213804
6 0.686815 0.313685 0.114024 0.113615 0.00213033
2 0.811647 0.809295 0.113812 0.113252 0.00212393
7 0.6882 0.437336 0.111768 0.113546 0.00206413
12 0.93616 0.437238 0.110879 0.111694 0.0020387
1 0.687961 0.188008 0.111747 0.112598 0.00199507
11 0.688184 0.0650492 0.111638 0.113655 0.0019103
6 0.811489 0.0650402 0.112752 0.112574 0.00190543
11 0.56421 0.685638 0.111814 0.112901 0.00187444
6 0.563713 0.188977 0.110941 0.112882 0.00185736
9 0.935852 0.933689 0.111713 0.111902 0.00185598
1 0.563946 0.561005 0.111928 0.112682 0.00184803
5 0.688155 0.437181 0.112152 0.112705 0.00175603
1 0.688276 0.933356 0.113315 0.112833 0.00175329
12 0.93609 0.561715 0.111982 0.113401 0.00171574
6 0.812259 0.313167 0.113363 0.112085 0.00169049
12 0.688345 0.809704 0.11108 0.111606 0.00167884
11 0.811645 0.809795 0.113022 0.112145 0.00165902
1 0.811829 0.560999 0.112801 0.112193 0.00162826
0 0.0665395 0.4367 0.113973 0.111717 0.00162229
8 0.688392 0.809629 0.111694 0.112086 0.00158704
0 0.563575 0.933718 0.110912 0.112292 0.00158115
11 0.315754 0.685443 0.111496 0.112634 0.00155267
12 0.688267 0.685323 0.110414 0.111478 0.00147441
10 0.563812 0.0649979 0.11234 0.112006 0.00146984
10 0.687882 0.31334 0.113039 0.112784 0.00146454
1 0.0676885 0.561005 0.112389 0.113649 0.00146227
1 0.439369 0.436863 0.112296 0.112862 0.00144899
5 0.191995 0.80939 0.111386 0.11096 0.00142383
1 0.315396 0.0642863 0.112122 0.113114 0.0014176
4 0.936554 0.809383 0.112785 0.113009 0.0014117
2 0.812512 0.685332 0.112895 0.112844 0.00140525
10 0.191142 0.313299 0.11159 0.112085 0.00139377
7 0.936134 0.685389 0.110946 0.114422 0.00138897
4 0.688168 0.313277 0.112692 0.11345 0.00138101
7 0.812423 0.685552 0.112197 0.111812 0.00138098
2 0.688317 0.809534 0.111323 0.111682 0.00137938
0 0.315487 0.933742 0.111507 0.113157 0.00136481
4 0.315543 0.189295 0.112091 0.113279 0.00136125
6 0.191591 0.189051 0.111859 0.112324 0.00135459
3 0.0661001 0.06505 0.114542 0.112958 0.00135319
10 0.439938 0.934198 0.112185 0.112712 0.00133283
2 0.191011 0.188906 0.111571 0.111772 0.00132085
12 0.688259 0.437023 0.112613 0.112339 0.0013151
12 0.935974 0.0651753 0.113612 0.113746 0.00130661
0 0.0668597 0.685241 0.112454 0.112432 0.00130619
4 0.811847 0.189032 0.112277 0.11214 0.00130616
4 0.439722 0.312529 0.111026 0.112451 0.00130251
1 0.564298 0.809509 0.111467 0.112844 0.00130141
7 0.812587 0.436523 0.110918 0.111843 0.00129914
7 0.439646 0.685362 0.111419 0.111671 0.00128489
4 0.93609 0.561715 0.111982 0.113401 0.0012787
0 0.439769 0.189145 0.112292 0.112022 0.00127242
0 0.688184 0.0650492 0.111638 0.113655 0.00127063
13 0.0666318 0.189068 0.113108 0.112029 0.00124174
10 0.439764 0.561035 0.112052 0.1135 0.00123699
4 0.191065 0.561293 0.111529 0.112035 0.00122095
1 0.315449 0.561432 0.112863 0.112745 0.00120856
9 0.936099 0.189027 0.112498 0.112757 0.00120665
0 0.31538 0.188856 0.112181 0.112952 0.00120096
8 0.315169 0.437958 0.111073 0.111754 0.00119709
10 0.687937 0.561015 0.111702 0.11229 0.00118031
12 0.811768 0.933141 0.11195 0.111994 0.00116931
4 0.563575 0.933718 0.110912 0.112292 0.00116751
7 0.811636 0.312246 0.112737 0.115189 0.00116154
1 0.563291 0.313463 0.111388 0.112001 0.00115327
4 0.936245 0.437461 0.111086 0.112288 0.00115196
7 0.439769 0.312854 0.111635 0.112237 0.0011448
1 0.812072 0.933395 0.110949 0.111883 0.00114345
9 0.688096 0.437896 0.111462 0.112418 0.00113844
5 0.0671374 0.189204 0.112672 0.111903 0.0011297
10 0.0664322 0.189012 0.113573 0.111655 0.00111855
9 0.686762 0.560866 0.110268 0.113394 0.00111837
8 0.439896 0.18911 0.112038 0.111721 0.00111731
5 0.066263 0.0654152 0.11279 0.111202 0.0011046
13 0.936102 0.68551 0.111673 0.114581 0.00110298
7 0.0666443 0.561138 0.111937 0.111498 0.00109746
6 0.935977 0.0650289 0.113125 0.113761 0.00108757
8 0.936042 0.933055 0.111512 0.11151 0.0010848
2 0.812266 0.313358 0.113172 0.113255 0.00108131
1 0.315256 0.313569 0.111682 0.111944 0.00105348
11 0.686897 0.437415 0.114305 0.112472 0.00105096
4 0.315487 0.933742 0.111507 0.113157 0.00104106
4 0.191424 0.313504 0.111961 0.113496 0.00103776
6 0.93615 0.437167 0.110672 0.112277 0.00103768
1 0.440028 0.809626 0.112159 0.112334 0.00103341
4 0.0670924 0.685577 0.112141 0.111941 0.00102426
2 0.191456 0.809428 0.112294 0.111361 0.00102396
8 0.0665439 0.0651093 0.112641 0.113482 0.0010227
1 0.31554 0.809631 0.112214 0.112964 0.00102192
2 0.191557 0.313422 0.112204 0.112346 0.00101384
