3 0.315273 0.809804 0.112087 0.111982 0.987846
2 0.31503 0.933959 0.112833 0.113475 0.987042
9 0.314693 0.0647448 0.111851 0.112459 0.986863
5 0.440675 0.80971 0.1103 0.111543 0.98663
2 0.563813 0.809801 0.111738 0.112379 0.986472
7 0.563764 0.933763 0.111308 0.112642 0.986144
2 0.687454 0.933541 0.111961 0.113499 0.985714
12 0.440025 0.933828 0.112233 0.113479 0.985446
5 0.811725 0.9341 0.11113 0.112283 0.985087
9 0.0666499 0.0650872 0.112542 0.11274 0.984577
3 0.190832 0.313872 0.111994 0.113907 0.984537
5 0.316477 0.562051 0.111585 0.11305 0.983945
13 0.0668491 0.314162 0.11144 0.112318 0.983728
5 0.0670726 0.562355 0.112298 0.11272 0.983599
4 0.191437 0.809372 0.112931 0.112333 0.983414
13 0.315537 0.437855 0.111787 0.112491 0.983244
2 0.0677044 0.685844 0.110873 0.111326 0.98314
7 0.563216 0.0652334 0.111492 0.111379 0.983109
6 0.316337 0.685995 0.111661 0.111273 0.983029
7 0.19125 0.561771 0.112952 0.111404 0.982932
9 0.315618 0.313265 0.112057 0.112524 0.982643
4 0.190436 0.0650483 0.112698 0.112639 0.982603
4 0.438953 0.0651516 0.111133 0.11242 0.982508
11 0.686975 0.809579 0.110981 0.111984 0.982366
2 0.0670017 0.93427 0.110902 0.112788 0.982333
10 0.190577 0.189027 0.113353 0.112061 0.982281
9 0.935979 0.809594 0.112084 0.11125 0.981866
10 0.0672844 0.437419 0.113149 0.112401 0.981824
0 0.811958 0.80906 0.112925 0.112282 0.981678
2 0.191585 0.437884 0.11119 0.112028 0.981615
0 0.191331 0.685392 0.112545 0.111254 0.9816
8 0.191141 0.934106 0.111505 0.112622 0.981555
2 0.440377 0.561643 0.111143 0.112473 0.981018
1 0.0661928 0.18918 0.111491 0.113263 0.980867
12 0.315302 0.188911 0.112067 0.112613 0.980626
12 0.439711 0.437885 0.112866 0.113172 0.980146
9 0.563548 0.437121 0.112376 0.112402 0.97996
10 0.688143 0.685368 0.111944 0.112492 0.979707
11 0.811456 0.0655576 0.112043 0.112112 0.979575
8 0.936113 0.933958 0.112394 0.113645 0.979572
6 0.563789 0.561686 0.112042 0.11217 0.979303
9 0.811815 0.313271 0.112554 0.112255 0.979178
12 0.687698 0.187929 0.11251 0.112577 0.979094
12 0.68771 0.561443 0.111729 0.112597 0.979071
1 0.687371 0.064206 0.112511 0.112143 0.978718
9 0.93621 0.189247 0.110749 0.112157 0.978655
11 0.563995 0.685216 0.111448 0.113744 0.978447
4 0.936662 0.561422 0.113545 0.113071 0.97832
0 0.936005 0.437255 0.113274 0.112338 0.978194
10 0.936749 0.685227 0.112781 0.113291 0.978153
8 0.812076 0.437087 0.112829 0.111881 0.978143
8 0.439259 0.189388 0.112013 0.112442 0.978105
8 0.43917 0.313215 0.112641 0.111423 0.977861
8 0.563432 0.312903 0.111422 0.111808 0.977804
8 0.0675064 0.809773 0.11097 0.112154 0.977746
11 0.935647 0.0655637 0.111553 0.112381 0.977712
8 0.687701 0.312675 0.112265 0.112361 0.977666
8 0.812261 0.685622 0.112745 0.112267 0.977626
2 0.68743 0.4372 0.111558 0.111636 0.977618
11 0.563037 0.188448 0.111618 0.114183 0.977596
8 0.93679 0.313775 0.110773 0.111476 0.97754
11 0.440166 0.685229 0.112046 0.113094 0.977449
2 0.811976 0.561414 0.113211 0.112872 0.977279
2 0.812403 0.188237 0.113247 0.112772 0.977196
5 0.935654 0.0660324 0.111185 0.111671 0.0287651
2 0.0668795 0.809348 0.112784 0.112227 0.0236479
2 0.812664 0.685738 0.111267 0.112142 0.0131771
3 0.812078 0.313436 0.112161 0.112453 0.0125428
2 0.688062 0.312711 0.112198 0.112815 0.0115903
2 0.190738 0.933957 0.113482 0.112963 0.0113559
3 0.936416 0.809513 0.111531 0.111206 0.00914309
5 0.811124 0.0654221 0.110701 0.112232 0.00838924
5 0.440095 0.685654 0.11137 0.112455 0.00816237
5 0.687595 0.80974 0.111195 0.111143 0.00610684
4 0.0663844 0.43736 0.113747 0.112404 0.00599574
2 0.563435 0.313044 0.1122 0.111516 0.00577761
2 0.935874 0.934006 0.11269 0.112147 0.00514261
6 0.439793 0.437432 0.112573 0.113296 0.004919
2 0.439568 0.189344 0.111756 0.112125 0.00487248
8 0.688258 0.93307 0.112482 0.112214 0.00480592
2 0.812215 0.437761 0.112956 0.111641 0.00469064
3 0.936294 0.189063 0.112213 0.112766 0.00442825
12 0.936104 0.809925 0.111076 0.112734 0.00439466
4 0.688275 0.685125 0.111355 0.112703 0.00423526
11 0.811928 0.685728 0.113127 0.111303 0.00417391
1 0.190913 0.438275 0.11027 0.111504 0.00399833
0 0.687986 0.063429 0.111984 0.11204 0.00376603
2 0.936247 0.313914 0.112138 0.111188 0.00372987
3 0.315507 0.313572 0.111259 0.112469 0.00371538
11 0.563744 0.31277 0.111612 0.111967 0.00369203
3 0.563792 0.437627 0.111138 0.113365 0.0035813
3 0.812385 0.561608 0.112192 0.113574 0.00357628
1 0.936483 0.561541 0.113107 0.113262 0.00355227
1 0.191153 0.809195 0.113236 0.112282 0.00354505
2 0.439851 0.313416 0.111728 0.112565 0.00348927
11 0.439483 0.188939 0.111614 0.11181 0.00347713
12 0.812486 0.313417 0.112318 0.112726 0.00341612
1 0.688112 0.436644 0.113477 0.112481 0.00330235
1 0.190701 0.0651845 0.112052 0.112622 0.00322917
1 0.43918 0.0649144 0.110723 0.112875 0.00322568
12 0.3155 0.313629 0.112791 0.112555 0.00322567
5 0.563301 0.188519 0.111596 0.113121 0.00321166
11 0.43949 0.313002 0.111708 0.111923 0.00312734
8 0.688119 0.436935 0.110935 0.111993 0.00312478
10 0.811378 0.064912 0.112589 0.111742 0.00303913
10 0.936142 0.0650909 0.111876 0.11181 0.00292738
13 0.936239 0.685762 0.111603 0.112392 0.00287612
8 0.811645 0.188105 0.113532 0.112914 0.00278162
0 0.813048 0.313215 0.112463 0.113847 0.00274239
13 0.688111 0.685358 0.1111 0.111974 0.00273649
0 0.563875 0.438098 0.111983 0.113702 0.00267796
1 0.316914 0.685916 0.111013 0.111888 0.00266498
7 0.0671916 0.438049 0.112691 0.112447 0.00262425
12 0.936442 0.189181 0.111651 0.112398 0.00257567
1 0.813057 0.188082 0.115124 0.112532 0.00251476
11 0.6882 0.312514 0.112067 0.112166 0.00250549
3 0.191267 0.437741 0.111621 0.111623 0.00243423
12 0.563832 0.438091 0.111363 0.112632 0.0024248
5 0.563558 0.685604 0.110362 0.111969 0.00240214
4 0.563841 0.0647025 0.111588 0.112556 0.00236781
1 0.811385 0.561319 0.113931 0.112622 0.00235002
1 0.564284 0.561322 0.110005 0.112477 0.00232582
7 0.688275 0.685125 0.111355 0.112703 0.0023093
2 0.688038 0.0644934 0.110888 0.111597 0.00222178
12 0.315065 0.0648825 0.112788 0.112105 0.00221032
2 0.936483 0.561541 0.113107 0.113262 0.00220021
3 0.688203 0.437417 0.111407 0.113128 0.00218652
1 0.440036 0.561453 0.112157 0.112751 0.00208003
1 0.68782 0.93311 0.112615 0.112845 0.00202296
7 0.439419 0.0646577 0.111109 0.111725 0.00199919
7 0.315576 0.43769 0.111898 0.112407 0.00199904
6 0.936167 0.561417 0.113567 0.112959 0.00199805
3 0.56382 0.561518 0.111766 0.113069 0.00198805
12 0.0669273 0.0649321 0.112066 0.11304 0.00194662
6 0.440689 0.933697 0.113936 0.111831 0.00188734
1 0.315651 0.933507 0.112978 0.112785 0.0018614
7 0.936254 0.684985 0.112631 0.114027 0.00183614
0 0.687649 0.561729 0.110818 0.111562 0.00182539
9 0.440292 0.685598 0.111572 0.111885 0.00179987
4 0.564003 0.933632 0.111057 0.112452 0.00178795
3 0.316182 0.685692 0.112319 0.112617 0.00178012
6 0.191102 0.561474 0.111562 0.112391 0.00174162
11 0.0670314 0.809637 0.111893 0.11227 0.00172975
4 0.190615 0.189049 0.11284 0.113313 0.00172733
0 0.81181 0.438044 0.111284 0.111984 0.00169935
12 0.0665713 0.313849 0.11173 0.11159 0.00169779
1 0.564149 0.809427 0.112342 0.111793 0.00169396
1 0.0668256 0.933479 0.112363 0.112892 0.00168354
12 0.315887 0.437974 0.108257 0.112269 0.00165407
11 0.936171 0.313261 0.111592 0.111944 0.00165053
11 0.936133 0.933644 0.111249 0.112753 0.00164956
13 0.190436 0.188831 0.111736 0.112027 0.00163949
11 0.812119 0.436941 0.113091 0.111661 0.0016305
6 0.315302 0.188911 0.112067 0.112613 0.00161659
4 0.936254 0.684985 0.112631 0.114027 0.00159803
2 0.438953 0.0651516 0.111133 0.11242 0.00157749
11 0.190961 0.934054 0.112687 0.113282 0.00157363
13 0.0670467 0.436902 0.111502 0.111795 0.00154525
12 0.190829 0.313618 0.112212 0.112055 0.00150914
3 0.687571 0.561186 0.11056 0.112806 0.00150671
10 0.44002 0.809645 0.111624 0.112003 0.00148622
1 0.315059 0.809393 0.112163 0.111851 0.00148474
3 0.0663491 0.933749 0.113228 0.113661 0.00148305
10 0.0665713 0.313849 0.11173 0.11159 0.00148133
7 0.0665713 0.313849 0.11173 0.11159 0.00146986
1 0.19122 0.685309 0.112558 0.112113 0.00144502
3 0.0667281 0.0648274 0.111091 0.112385 0.00141779
2 0.315273 0.809804 0.112087 0.111982 0.0013967
10 0.811777 0.933715 0.111616 0.112164 0.00139082
7 0.190762 0.0649462 0.111531 0.111667 0.0013905
1 0.0671384 0.68538 0.112536 0.110861 0.0013885
8 0.0665824 0.685453 0.114256 0.111794 0.00138353
6 0.563391 0.0650159 0.112754 0.1104 0.00137621
5 0.811385 0.561319 0.113931 0.112622 0.00136876
7 0.191173 0.809496 0.112746 0.112449 0.00134973
5 0.936562 0.68557 0.111796 0.112211 0.00134495
0 0.315376 0.313671 0.112087 0.112769 0.00132945
0 0.688126 0.187989 0.112141 0.112548 0.0013191
0 0.9364 0.313391 0.110018 0.111659 0.00128959
8 0.686781 0.809089 0.110478 0.112149 0.00128719
10 0.686793 0.80887 0.112348 0.112275 0.00127414
7 0.936063 0.561768 0.111202 0.111728 0.00127331
10 0.440274 0.685197 0.11241 0.112502 0.00125787
0 0.93623 0.933116 0.111816 0.11189 0.00125163
2 0.688206 0.809147 0.111484 0.112715 0.00124714
6 0.687624 0.56115 0.111742 0.112637 0.00123913
0 0.688065 0.313142 0.112735 0.114165 0.0012358
10 0.563149 0.188517 0.111928 0.11234 0.00123523
3 0.31503 0.933959 0.112833 0.113475 0.00122535
8 0.190913 0.438275 0.11027 0.111504 0.00122309
12 0.190939 0.561391 0.11225 0.111948 0.00120491
2 0.191153 0.809195 0.113236 0.112282 0.00120474
5 0.688221 0.684905 0.110811 0.111888 0.0011825
3 0.564408 0.809604 0.11037 0.111633 0.00117934
11 0.0665713 0.313849 0.11173 0.11159 0.00117624
11 0.811503 0.933707 0.113107 0.111464 0.00116178
2 0.190286 0.0651567 0.111851 0.111732 0.00115637
6 0.190829 0.313618 0.112212 0.112055 0.00115276
5 0.067562 0.43806 0.111177 0.11135 0.00114975
9 0.935839 0.437696 0.1127 0.112559 0.0011287
9 0.686781 0.809089 0.110478 0.112149 0.00112637
7 0.68664 0.188699 0.111909 0.113197 0.00111295
4 0.0660198 0.189732 0.111768 0.112706 0.00111081
0 0.191087 0.933652 0.112075 0.111662 0.00110598
1 0.811958 0.80906 0.112925 0.112282 0.00110546
2 0.811484 0.93312 0.113167 0.112572 0.00109834
5 0.564634 0.810008 0.111657 0.111562 0.00108744
10 0.564074 0.685346 0.112337 0.112982 0.00108155
4 0.191236 0.562037 0.113135 0.111739 0.0010748
3 0.440377 0.561643 0.111143 0.112473 0.00106599
3 0.315295 0.0649121 0.110659 0.112647 0.00105952
2 0.440105 0.685334 0.110982 0.111856 0.0010534
8 0.81306 0.561432 0.110913 0.111176 0.00105206
2 0.936339 0.809669 0.110707 0.111407 0.00105059
10 0.19125 0.809453 0.113575 0.112936 0.0010495
3 0.687643 0.933554 0.111242 0.112583 0.00104714
4 0.688037 0.933683 0.111814 0.112373 0.00104679
3 0.0667763 0.561078 0.1124 0.112943 0.00104269
0 0.0659221 0.189589 0.111629 0.112199 0.00103984
1 0.190664 0.313409 0.112024 0.112304 0.00103683
10 0.0664888 0.56172 0.112406 0.112427 0.00103437
3 0.811503 0.933707 0.113107 0.111464 0.00101754
12 0.936174 0.561333 0.113486 0.111967 0.00101009
5 0.686751 0.437078 0.115197 0.111063 0.00100267
9 0.811434 0.437187 0.112039 0.112276 0.00100124
