9 0.563805 0.933788 0.112104 0.112979 0.987439
9 0.936012 0.934063 0.112683 0.111933 0.986907
2 0.439252 0.809628 0.112408 0.112629 0.986749
2 0.315417 0.934008 0.113221 0.113577 0.986639
3 0.314777 0.0645957 0.112129 0.1115 0.986564
2 0.687707 0.933946 0.11252 0.113014 0.98599
12 0.440141 0.933631 0.111029 0.112718 0.984984
10 0.191819 0.933926 0.11208 0.112564 0.984539
8 0.439227 0.0650666 0.112275 0.111842 0.984308
10 0.315966 0.8095 0.11232 0.111864 0.983975
8 0.812054 0.809737 0.113599 0.113409 0.983962
9 0.191702 0.188988 0.112412 0.111752 0.983842
8 0.687829 0.685281 0.112275 0.112288 0.983532
11 0.936652 0.80944 0.112726 0.111946 0.983278
10 0.315859 0.685373 0.111932 0.111144 0.98314
6 0.812226 0.933669 0.112015 0.112442 0.983035
10 0.315185 0.313241 0.11315 0.111814 0.983006
12 0.0673425 0.685129 0.111776 0.111163 0.982863
1 0.191384 0.809367 0.111655 0.112105 0.982772
6 0.0667321 0.561383 0.112237 0.111734 0.982713
10 0.0677137 0.0648365 0.113285 0.112402 0.982462
11 0.0665154 0.934018 0.114141 0.114742 0.982397
13 0.0673368 0.43725 0.112771 0.111689 0.982333
11 0.315403 0.436917 0.112393 0.112577 0.98232
7 0.191607 0.313383 0.112935 0.112499 0.982227
8 0.812299 0.685342 0.112896 0.112948 0.982093
11 0.0666777 0.313195 0.113688 0.112787 0.981977
8 0.811981 0.0651822 0.113705 0.113248 0.981876
11 0.0667289 0.189043 0.113133 0.112261 0.98172
11 0.93571 0.0651318 0.113205 0.112984 0.981704
8 0.191257 0.437854 0.112806 0.112374 0.981509
7 0.439555 0.437427 0.113369 0.112797 0.981394
13 0.191377 0.56143 0.11199 0.110838 0.98125
6 0.316101 0.188601 0.111086 0.112229 0.981168
10 0.688013 0.809295 0.111078 0.111705 0.981017
0 0.564014 0.80926 0.111968 0.113158 0.980772
13 0.439791 0.685459 0.112856 0.111312 0.980598
9 0.43984 0.56125 0.111381 0.112108 0.980499
8 0.0669445 0.809779 0.114201 0.113284 0.980274
6 0.440104 0.188519 0.111325 0.112161 0.980257
13 0.191714 0.685334 0.111781 0.111981 0.980235
2 0.687245 0.065153 0.110833 0.112244 0.980204
8 0.315494 0.561436 0.112378 0.111476 0.980201
12 0.191224 0.0648773 0.111278 0.111935 0.97997
9 0.687966 0.313323 0.111735 0.111725 0.979533
10 0.564075 0.31283 0.113087 0.113956 0.979452
11 0.563699 0.436954 0.111791 0.113325 0.979319
1 0.563595 0.685677 0.111959 0.112033 0.978933
13 0.687747 0.18895 0.112296 0.112517 0.978883
11 0.812369 0.436763 0.11249 0.113315 0.978807
11 0.812253 0.31257 0.112759 0.1134 0.978765
12 0.936115 0.188353 0.113049 0.113279 0.978668
1 0.439267 0.313122 0.112698 0.113432 0.978615
1 0.563533 0.188936 0.112282 0.112743 0.978568
10 0.812303 0.188441 0.112797 0.113613 0.978563
2 0.563937 0.561194 0.11258 0.113188 0.978553
1 0.687667 0.561357 0.112818 0.112909 0.978507
13 0.936324 0.437296 0.113237 0.113282 0.978428
6 0.936963 0.561458 0.113459 0.111527 0.978325
5 0.688034 0.437033 0.112623 0.113127 0.978158
12 0.936241 0.685209 0.11252 0.112339 0.978061
0 0.812177 0.561476 0.112898 0.113104 0.977801
11 0.936492 0.312616 0.112464 0.11276 0.977632
0 0.563284 0.0656751 0.111234 0.111286 0.977567
12 0.19156 0.561265 0.111077 0.111024 0.0156596
4 0.688229 0.808912 0.11227 0.112807 0.0117953
2 0.813108 0.685041 0.111403 0.112766 0.011377
12 0.191615 0.685346 0.111701 0.111687 0.0112384
2 0.43957 0.0646392 0.112087 0.112902 0.0100389
2 0.811752 0.0652382 0.11257 0.11327 0.00740916
5 0.0674184 0.188996 0.113223 0.112764 0.00587999
12 0.439563 0.685269 0.111518 0.111758 0.00570153
2 0.31555 0.561253 0.112958 0.112129 0.00558161
5 0.688229 0.808912 0.11227 0.112807 0.00529718
3 0.936474 0.561041 0.112547 0.111453 0.00490745
3 0.688013 0.933513 0.112224 0.11319 0.00445248
2 0.813063 0.809566 0.111556 0.112775 0.00410879
1 0.688135 0.0643774 0.111503 0.112119 0.00384606
3 0.315472 0.188271 0.110582 0.112161 0.00370652
12 0.687442 0.188685 0.111385 0.1117 0.00361942
8 0.688146 0.0647678 0.109172 0.112584 0.00355279
3 0.066543 0.560982 0.113209 0.111744 0.00352042
7 0.811851 0.933167 0.112349 0.11114 0.00345195
8 0.811471 0.312471 0.111609 0.112489 0.00344077
13 0.0665154 0.934018 0.114141 0.114742 0.00339321
2 0.688514 0.685596 0.111832 0.113517 0.00329658
3 0.439637 0.188272 0.111129 0.112479 0.00329153
4 0.936143 0.561466 0.113106 0.112602 0.00315909
0 0.688158 0.313148 0.111474 0.112893 0.00315115
10 0.936207 0.0648493 0.110789 0.11187 0.00312276
0 0.191122 0.438201 0.111158 0.112871 0.00310795
11 0.812835 0.809133 0.114005 0.113463 0.00308715
10 0.812761 0.436464 0.111946 0.112498 0.00307228
3 0.56392 0.561419 0.112321 0.112619 0.00306758
1 0.563842 0.0639606 0.111431 0.113628 0.00305293
7 0.688283 0.809189 0.112314 0.113869 0.00290205
2 0.0667939 0.809409 0.114414 0.112402 0.00285751
5 0.936647 0.313185 0.11254 0.112555 0.00281022
8 0.688747 0.933684 0.112746 0.112756 0.00271671
8 0.563984 0.437362 0.111925 0.112634 0.00258203
1 0.812261 0.560948 0.112608 0.112467 0.00255506
13 0.0666777 0.313195 0.113688 0.112787 0.00255444
11 0.191815 0.68541 0.111248 0.111781 0.00252813
0 0.688106 0.561087 0.111747 0.111336 0.00252221
4 0.315859 0.685373 0.111932 0.111144 0.00249387
11 0.440027 0.685285 0.110853 0.111852 0.00247708
6 0.0670507 0.685396 0.112561 0.111451 0.0024617
0 0.563728 0.18842 0.111805 0.112852 0.00243159
3 0.688237 0.437536 0.112976 0.11377 0.00242246
10 0.936133 0.80961 0.111106 0.11369 0.00239511
10 0.936174 0.312611 0.111279 0.11309 0.00237917
12 0.688158 0.313148 0.111474 0.112893 0.00231329
7 0.936225 0.56148 0.112107 0.113026 0.00231214
4 0.811851 0.933167 0.112349 0.11114 0.00229825
3 0.688202 0.313311 0.111996 0.113569 0.00228429
2 0.191204 0.437895 0.112732 0.111436 0.00226736
8 0.812414 0.437231 0.113127 0.113299 0.0022646
0 0.813048 0.0652565 0.110509 0.11354 0.00220375
10 0.439291 0.685241 0.110882 0.111634 0.0021787
11 0.688373 0.685578 0.112003 0.113112 0.00212648
10 0.439605 0.437888 0.111507 0.112507 0.0021094
11 0.0665424 0.437557 0.114375 0.111583 0.00209113
3 0.812331 0.93325 0.111882 0.112998 0.00205211
10 0.936653 0.685184 0.111093 0.11153 0.00204247
10 0.563984 0.437362 0.111925 0.112634 0.00203718
8 0.936581 0.808981 0.112293 0.112906 0.00198892
1 0.563937 0.561194 0.11258 0.113188 0.0019563
4 0.563851 0.31307 0.112282 0.113311 0.00194869
7 0.93608 0.685443 0.111221 0.114082 0.00194375
5 0.0665687 0.933356 0.113947 0.11396 0.001933
10 0.191142 0.685321 0.110809 0.11132 0.00192167
4 0.315472 0.188271 0.110582 0.112161 0.00189032
1 0.688636 0.933457 0.113737 0.113347 0.00188495
6 0.191112 0.0645474 0.110497 0.111461 0.00187078
11 0.315965 0.561224 0.110878 0.113106 0.00185912
8 0.564239 0.933303 0.111711 0.112197 0.00183678
4 0.688255 0.437503 0.112426 0.112786 0.00183429
12 0.936016 0.437303 0.111766 0.113328 0.00182108
11 0.81306 0.685637 0.112448 0.114091 0.00182099
12 0.0674863 0.437911 0.109136 0.112918 0.00182059
5 0.813161 0.437229 0.110675 0.11362 0.0018002
11 0.191592 0.56155 0.111523 0.112012 0.00177696
3 0.687573 0.0653726 0.112 0.112596 0.00177027
1 0.439773 0.809105 0.113352 0.113048 0.00175322
10 0.191302 0.313533 0.113306 0.112674 0.00175295
8 0.315463 0.437419 0.112371 0.112788 0.0017453
10 0.81158 0.312557 0.11104 0.113147 0.00172968
12 0.439992 0.436667 0.11085 0.110696 0.00172622
7 0.0673571 0.436565 0.112065 0.112535 0.0017219
0 0.191461 0.189194 0.112128 0.112616 0.00169422
2 0.688255 0.437503 0.112426 0.112786 0.00166864
5 0.686771 0.0648712 0.112535 0.111515 0.00166729
9 0.811471 0.312471 0.111609 0.112489 0.00166204
9 0.688155 0.685028 0.111852 0.111446 0.00165684
10 0.315346 0.436573 0.111231 0.111905 0.00164874
13 0.936581 0.808981 0.112293 0.112906 0.00160312
10 0.0665424 0.437557 0.114375 0.111583 0.00159819
4 0.439637 0.188272 0.111129 0.112479 0.00157399
5 0.811781 0.188462 0.112059 0.111698 0.00157392
1 0.56423 0.809217 0.111774 0.113002 0.00155087
11 0.191204 0.437895 0.112732 0.111436 0.00154972
9 0.811459 0.436652 0.111162 0.112157 0.00153822
11 0.935906 0.933608 0.111586 0.113572 0.0015355
13 0.440268 0.436691 0.110642 0.111651 0.00152832
9 0.812611 0.809162 0.113358 0.112465 0.00151604
4 0.44005 0.437962 0.112156 0.113393 0.00150676
0 0.439601 0.3134 0.111458 0.11314 0.00147222
13 0.0667289 0.189043 0.113133 0.112261 0.00146492
9 0.812692 0.684994 0.113029 0.111765 0.00146097
10 0.0675647 0.313324 0.1137 0.112969 0.00145665
12 0.812018 0.189051 0.113132 0.112826 0.0014452
3 0.440139 0.809241 0.111617 0.112432 0.00142911
1 0.06767 0.561099 0.111968 0.11327 0.00142749
10 0.0665687 0.933356 0.113947 0.11396 0.00140867
7 0.936865 0.436563 0.109993 0.112121 0.00139355
5 0.0670324 0.31303 0.113266 0.112552 0.00139299
0 0.564112 0.685186 0.111997 0.112656 0.00135559
4 0.439599 0.31354 0.112339 0.113046 0.0013541
10 0.066493 0.189014 0.113575 0.111856 0.00133616
4 0.564056 0.685276 0.111646 0.111932 0.00132987
1 0.937236 0.56113 0.111026 0.112255 0.00130356
5 0.81257 0.313169 0.113613 0.112715 0.0012924
11 0.811635 0.188447 0.112491 0.114076 0.00128963
9 0.563674 0.436773 0.110666 0.111823 0.00128588
2 0.688096 0.56123 0.111811 0.112823 0.00128227
8 0.936066 0.31336 0.113057 0.112221 0.00127683
8 0.935936 0.934042 0.110891 0.113042 0.00126023
9 0.936439 0.436883 0.113091 0.112264 0.00125976
12 0.93594 0.934114 0.111417 0.1128 0.00124998
7 0.0674526 0.685415 0.113327 0.113017 0.00124714
11 0.811981 0.0651822 0.113705 0.113248 0.00124265
1 0.316038 0.933477 0.113233 0.113528 0.00123843
3 0.0673747 0.685327 0.113839 0.112499 0.00121273
5 0.936652 0.80944 0.112726 0.111946 0.00121207
10 0.688255 0.437503 0.112426 0.112786 0.00120627
4 0.191214 0.313486 0.113075 0.112494 0.00119885
12 0.440227 0.561088 0.111429 0.112765 0.00119339
13 0.191761 0.933771 0.112445 0.111948 0.00119066
11 0.687549 0.436547 0.112039 0.11007 0.00118688
5 0.315587 0.933616 0.112696 0.112019 0.00118318
11 0.43957 0.0646392 0.112087 0.112902 0.00118206
7 0.315625 0.188552 0.11139 0.112311 0.00118054
5 0.93571 0.0651318 0.113205 0.112984 0.00117764
5 0.563491 0.313005 0.111882 0.111931 0.00115992
13 0.936366 0.685508 0.112794 0.112235 0.00115752
8 0.191566 0.189152 0.111754 0.112186 0.00115672
0 0.191313 0.809336 0.11221 0.112826 0.00115341
8 0.0664432 0.313177 0.113739 0.112351 0.00114944
7 0.439919 0.188612 0.111738 0.112279 0.00114514
0 0.68844 0.685497 0.112583 0.112694 0.00114157
0 0.813093 0.810393 0.112378 0.113708 0.00113495
9 0.315243 0.436745 0.110816 0.111313 0.00113392
0 0.813124 0.685674 0.111807 0.113943 0.00113313
9 0.811784 0.0654269 0.113183 0.112212 0.00113271
5 0.314823 0.312942 0.111739 0.111657 0.00112663
10 0.936648 0.1885 0.111733 0.113457 0.00112631
4 0.191384 0.809367 0.111655 0.112105 0.00111378
5 0.439481 0.809408 0.11233 0.111935 0.00110708
5 0.3153 0.809216 0.112296 0.112329 0.00110392
5 0.56433 0.437908 0.114923 0.114628 0.00110125
4 0.563728 0.18842 0.111805 0.112852 0.00110107
7 0.0667321 0.561383 0.112237 0.111734 0.00110002
7 0.563851 0.31307 0.112282 0.113311 0.00109893
13 0.936183 0.31329 0.112888 0.112753 0.00109841
12 0.564452 0.312932 0.112564 0.112919 0.00108721
1 0.4397 0.189032 0.11149 0.112526 0.00108369
11 0.68794 0.189381 0.113071 0.112766 0.00107663
6 0.688096 0.56123 0.111811 0.112823 0.00107358
8 0.315994 0.934183 0.112432 0.113834 0.00104753
4 0.812976 0.188939 0.111812 0.114891 0.00104474
9 0.0670079 0.0647426 0.11347 0.112637 0.00104364
11 0.0667939 0.809409 0.114414 0.112402 0.00103544
5 0.316033 0.43789 0.114939 0.114464 0.00102672
13 0.936163 0.933612 0.113214 0.113672 0.00101664
13 0.315174 0.685203 0.111958 0.111888 0.00101469
13 0.688105 0.80959 0.111803 0.111853 0.00100968
2 0.813161 0.437229 0.110675 0.11362 0.00100646
0 0.440227 0.561088 0.111429 0.112765 0.00100122
