2 0.439382 0.934045 0.113073 0.113777 0.986597
9 0.687612 0.9338 0.112145 0.114107 0.986066
10 0.316043 0.809643 0.112502 0.112717 0.985989
13 0.563502 0.809747 0.112089 0.1138 0.985824
10 0.192106 0.809643 0.112076 0.112225 0.985632
13 0.812041 0.934 0.112249 0.113942 0.985455
7 0.315128 0.0653322 0.111801 0.112439 0.985174
6 0.439361 0.0649499 0.11143 0.112767 0.984915
10 0.067527 0.685708 0.113505 0.112836 0.984889
1 0.563664 0.934017 0.112199 0.113702 0.984743
2 0.315248 0.934372 0.112566 0.113309 0.984732
9 0.935391 0.0653298 0.113499 0.113727 0.984287
3 0.936029 0.809964 0.113628 0.113156 0.984165
9 0.191409 0.188915 0.112002 0.112328 0.983893
3 0.563231 0.685508 0.112652 0.113293 0.983615
4 0.439434 0.685426 0.112231 0.113047 0.983591
4 0.192052 0.933789 0.111594 0.11246 0.983244
1 0.439554 0.809644 0.112432 0.113046 0.983188
7 0.191184 0.437366 0.112938 0.112033 0.983075
10 0.315202 0.188971 0.11271 0.112159 0.983022
4 0.0671671 0.313345 0.113214 0.112769 0.983001
6 0.191637 0.561228 0.110971 0.111616 0.982983
11 0.0670418 0.0648383 0.113343 0.113692 0.98295
7 0.0673088 0.56187 0.112585 0.112319 0.982859
3 0.315763 0.313398 0.112899 0.113124 0.982703
5 0.191787 0.313267 0.111646 0.112135 0.982627
10 0.811971 0.809936 0.113521 0.112815 0.982619
4 0.19167 0.0648118 0.112715 0.113099 0.982612
13 0.191401 0.685472 0.111237 0.112544 0.982557
2 0.687819 0.81001 0.112176 0.112527 0.982518
1 0.315284 0.685336 0.111866 0.112459 0.982508
3 0.0672566 0.437706 0.112405 0.113089 0.982424
4 0.439367 0.437176 0.1126 0.112776 0.982317
13 0.067139 0.933954 0.11296 0.114081 0.981965
12 0.315456 0.437468 0.11179 0.11285 0.981949
10 0.439324 0.561098 0.111916 0.111384 0.98189
4 0.439249 0.313118 0.112378 0.112931 0.981765
13 0.439351 0.188912 0.112608 0.112376 0.981369
3 0.687441 0.0651892 0.11221 0.113838 0.981305
1 0.066789 0.189429 0.112225 0.112783 0.980989
12 0.315229 0.561326 0.111716 0.112001 0.980643
13 0.563315 0.189262 0.111186 0.11214 0.980624
4 0.563674 0.561016 0.11238 0.112967 0.980229
6 0.812222 0.0648902 0.113292 0.114035 0.980038
0 0.935942 0.685128 0.113354 0.111754 0.979866
12 0.812123 0.188635 0.112073 0.112385 0.979433
3 0.81238 0.685626 0.113449 0.113258 0.979348
12 0.687936 0.436827 0.112176 0.113178 0.979068
11 0.56335 0.437022 0.111513 0.114324 0.978957
3 0.687595 0.188672 0.111776 0.112133 0.978943
10 0.936649 0.436864 0.113395 0.113582 0.978871
3 0.687907 0.56144 0.112336 0.112444 0.978854
10 0.81247 0.312786 0.112724 0.11321 0.978802
6 0.688087 0.312948 0.112347 0.112339 0.978713
3 0.68779 0.685289 0.111755 0.112427 0.978653
7 0.812237 0.436879 0.112691 0.11345 0.97848
7 0.812158 0.561226 0.112595 0.113223 0.978465
6 0.93664 0.561107 0.11387 0.112745 0.978284
4 0.93652 0.188535 0.113002 0.113033 0.97799
8 0.563581 0.0651049 0.110833 0.111556 0.977966
8 0.563411 0.313531 0.111271 0.111764 0.977116
2 0.936529 0.312797 0.112859 0.113437 0.977058
8 0.936289 0.933822 0.111583 0.111591 0.97574
0 0.0671847 0.809545 0.112281 0.112584 0.973329
1 0.0668681 0.809073 0.113719 0.112587 0.0613565
2 0.563792 0.313651 0.11239 0.112938 0.0226812
2 0.563514 0.0651429 0.112172 0.112054 0.0168089
2 0.935645 0.934116 0.113569 0.11318 0.0101207
6 0.687916 0.437499 0.111471 0.112652 0.00805342
7 0.192259 0.933608 0.111934 0.11216 0.00747529
4 0.315419 0.188658 0.111297 0.112558 0.00669799
6 0.192259 0.933608 0.111934 0.11216 0.00630076
7 0.191595 0.0646418 0.111354 0.111738 0.00539688
6 0.315527 0.561372 0.111548 0.112855 0.00517432
12 0.811585 0.436935 0.112488 0.114527 0.00493798
7 0.439473 0.313153 0.111273 0.111828 0.00490863
12 0.811538 0.561206 0.112391 0.113784 0.0043629
6 0.812196 0.189334 0.111767 0.113414 0.00433341
11 0.93613 0.93411 0.113015 0.11309 0.00424389
13 0.439598 0.561154 0.111333 0.112204 0.00415962
12 0.687673 0.56118 0.111529 0.112263 0.00403017
4 0.811948 0.313638 0.110973 0.113418 0.0039963
6 0.811534 0.43673 0.113512 0.113406 0.00397227
7 0.811648 0.809227 0.112666 0.112975 0.00385396
7 0.936056 0.188561 0.111274 0.111544 0.00371255
11 0.0668112 0.933619 0.113197 0.113873 0.0036969
1 0.439759 0.437289 0.112096 0.113243 0.00365567
4 0.811648 0.809227 0.112666 0.112975 0.00362618
1 0.563778 0.561132 0.112708 0.112873 0.00362077
3 0.936438 0.560981 0.1127 0.113201 0.00348006
1 0.936274 0.31336 0.110885 0.11427 0.00332999
0 0.688263 0.933332 0.113281 0.113305 0.00329805
6 0.81148 0.56091 0.113159 0.112793 0.00323452
1 0.439454 0.313021 0.112634 0.112934 0.0032184
1 0.439633 0.685449 0.113317 0.113138 0.00317961
3 0.812367 0.0646765 0.113578 0.114227 0.00316792
13 0.191489 0.809479 0.111858 0.112259 0.00311381
7 0.439509 0.685321 0.111802 0.112499 0.0030413
7 0.439649 0.437499 0.111462 0.112236 0.00302536
1 0.0673399 0.312966 0.113584 0.11288 0.00299856
6 0.315456 0.437468 0.11179 0.11285 0.00296829
1 0.19167 0.0648118 0.112715 0.113099 0.00294103
12 0.811588 0.685736 0.111302 0.112346 0.00293701
13 0.936004 0.437312 0.112098 0.111907 0.00283312
3 0.191342 0.561041 0.112019 0.112743 0.00280042
12 0.191128 0.189033 0.112774 0.11259 0.00279103
10 0.0665662 0.0646137 0.114364 0.113388 0.00267453
1 0.936261 0.188822 0.112562 0.113521 0.00262538
5 0.9362 0.313027 0.113476 0.114729 0.00261889
2 0.439759 0.437289 0.112096 0.113243 0.00260736
12 0.936095 0.0648625 0.113016 0.112241 0.00252325
10 0.812435 0.933485 0.111912 0.114124 0.00250715
12 0.191252 0.685218 0.112084 0.112273 0.00248713
6 0.0674957 0.438035 0.113757 0.113855 0.00246686
12 0.687504 0.0645104 0.111619 0.112048 0.00244394
7 0.811666 0.312391 0.11279 0.11362 0.00242227
2 0.688156 0.68585 0.112044 0.112062 0.00240191
4 0.439912 0.561448 0.112612 0.112635 0.00234436
8 0.688263 0.933332 0.113281 0.113305 0.00233567
3 0.687944 0.313499 0.111114 0.112816 0.00231594
1 0.1918 0.933906 0.112783 0.114042 0.00229463
13 0.0667742 0.0645482 0.113229 0.113349 0.00226134
4 0.067527 0.685708 0.113505 0.112836 0.00226069
6 0.439649 0.437499 0.111462 0.112236 0.00225095
8 0.688193 0.809747 0.111332 0.112163 0.00223664
1 0.688233 0.312905 0.111126 0.113691 0.00222573
1 0.191783 0.561137 0.109946 0.111074 0.00220357
9 0.688125 0.561714 0.11129 0.111698 0.00215022
2 0.688125 0.561714 0.11129 0.111698 0.00214092
3 0.687989 0.809494 0.110466 0.112483 0.00213346
2 0.936261 0.188822 0.112562 0.113521 0.00204323
10 0.563426 0.437508 0.112103 0.113571 0.00202323
9 0.688156 0.68585 0.112044 0.112062 0.00200874
0 0.688115 0.437419 0.11084 0.113765 0.00195205
9 0.688225 0.0650872 0.111119 0.112276 0.00194568
3 0.315248 0.934372 0.112566 0.113309 0.0018781
7 0.936149 0.436297 0.11321 0.113982 0.00183185
5 0.563334 0.437327 0.111508 0.112582 0.00182223
5 0.688184 0.809744 0.112761 0.113472 0.00178179
9 0.68813 0.189245 0.112179 0.112751 0.00175344
6 0.811588 0.685736 0.111302 0.112346 0.00173154
5 0.0667742 0.0645482 0.113229 0.113349 0.00171882
12 0.688186 0.685426 0.113442 0.112484 0.00170343
12 0.93595 0.809886 0.111775 0.112697 0.00169215
4 0.192106 0.809643 0.112076 0.112225 0.00166966
12 0.68817 0.189086 0.113715 0.112495 0.0016675
10 0.0669908 0.933919 0.112488 0.113486 0.00163951
1 0.688184 0.809744 0.112761 0.113472 0.00163494
12 0.688263 0.933332 0.113281 0.113305 0.00163327
6 0.19128 0.437866 0.110161 0.112558 0.00159221
3 0.439993 0.0649327 0.112033 0.113106 0.00157911
10 0.439659 0.313162 0.110894 0.113441 0.00157416
4 0.191281 0.313321 0.11128 0.112157 0.00155738
4 0.0673088 0.56187 0.112585 0.112319 0.0015435
4 0.191781 0.437946 0.111046 0.112353 0.00153775
3 0.315704 0.436672 0.110116 0.112992 0.00153612
1 0.936464 0.80991 0.111893 0.112565 0.00152191
4 0.315284 0.685336 0.111866 0.112459 0.00151522
7 0.0664798 0.312893 0.112284 0.112799 0.00150501
6 0.191595 0.0646418 0.111354 0.111738 0.00150437
4 0.936149 0.436297 0.11321 0.113982 0.00150113
1 0.811613 0.0644782 0.111346 0.113822 0.00149299
11 0.563757 0.0651886 0.112065 0.113009 0.00148788
6 0.688125 0.561714 0.11129 0.111698 0.00148729
0 0.0667741 0.188923 0.112114 0.112432 0.00147565
6 0.688156 0.68585 0.112044 0.112062 0.0014682
1 0.936508 0.560959 0.113795 0.114147 0.00142584
6 0.315862 0.313651 0.112289 0.11169 0.00141817
4 0.439665 0.80948 0.111808 0.112397 0.00140891
11 0.563479 0.313268 0.11327 0.113004 0.00140528
11 0.812435 0.933485 0.111912 0.114124 0.00139332
3 0.935988 0.0650281 0.112734 0.112889 0.00139222
1 0.687815 0.561393 0.111938 0.112141 0.00138502
4 0.811538 0.561206 0.112391 0.113784 0.00137992
8 0.935961 0.31334 0.112066 0.112802 0.00137432
2 0.563685 0.561209 0.111991 0.11293 0.00136009
2 0.68813 0.189245 0.112179 0.112751 0.00136001
3 0.687899 0.436543 0.110622 0.113377 0.00135269
10 0.936124 0.188796 0.112269 0.113734 0.00134988
7 0.315239 0.189026 0.112106 0.113223 0.00134817
13 0.563594 0.436961 0.110787 0.112083 0.00134483
9 0.811542 0.685548 0.112478 0.111986 0.00134035
6 0.68813 0.189245 0.112179 0.112751 0.0013286
1 0.811936 0.685558 0.112131 0.112547 0.00131347
6 0.936103 0.810301 0.111724 0.113313 0.00131067
3 0.440026 0.933747 0.111773 0.113047 0.00129967
4 0.81278 0.436331 0.111061 0.113634 0.00129863
6 0.439509 0.685321 0.111802 0.112499 0.00129677
2 0.0678168 0.438066 0.113028 0.113122 0.00128462
0 0.563777 0.933754 0.111375 0.112366 0.00128412
5 0.812201 0.313671 0.112974 0.11282 0.00126067
7 0.563992 0.189761 0.111681 0.113811 0.0012562
4 0.315796 0.809468 0.113817 0.11354 0.00125508
1 0.687767 0.0646015 0.111675 0.112588 0.00125456
5 0.811628 0.809839 0.112523 0.112184 0.00123624
3 0.315588 0.56113 0.111492 0.113151 0.00121357
12 0.563827 0.809548 0.111609 0.112176 0.00121298
3 0.191281 0.313321 0.11128 0.112157 0.00120238
4 0.563777 0.933754 0.111375 0.112366 0.00119702
1 0.440035 0.0647662 0.111534 0.113226 0.00118774
1 0.439877 0.933421 0.11386 0.113797 0.00118097
0 0.191095 0.189076 0.112531 0.112597 0.00114066
7 0.688191 0.313429 0.111283 0.111809 0.00113588
2 0.688225 0.0650872 0.111119 0.112276 0.00113371
1 0.315702 0.933624 0.113003 0.113248 0.00113229
1 0.935942 0.685128 0.113354 0.111754 0.00113226
10 0.19117 0.312841 0.110861 0.111722 0.00111635
13 0.315173 0.809473 0.1121 0.112193 0.00111496
8 0.563426 0.437508 0.112103 0.113571 0.00111384
4 0.066789 0.189429 0.112225 0.112783 0.00111017
12 0.811511 0.933521 0.11212 0.112772 0.00110804
4 0.688133 0.685509 0.112348 0.113112 0.00109129
7 0.315378 0.809276 0.112339 0.112582 0.00108817
7 0.066768 0.685147 0.112528 0.112627 0.00106745
2 0.0663664 0.312661 0.113004 0.111801 0.00106497
1 0.314989 0.313385 0.112044 0.112088 0.00105147
1 0.687953 0.68538 0.111645 0.112109 0.00104816
12 0.0678168 0.438066 0.113028 0.113122 0.00104632
10 0.0668598 0.313056 0.111781 0.112555 0.00104413
1 0.56377 0.685454 0.112272 0.112687 0.00104135
9 0.0665662 0.0646137 0.114364 0.113388 0.00103602
13 0.811597 0.312808 0.113236 0.113131 0.00103369
6 0.935701 0.189001 0.111761 0.11241 0.001019
12 0.191109 0.436518 0.110287 0.11099 0.00101855
7 0.439384 0.561252 0.111781 0.112219 0.00101745
13 0.0665444 0.68548 0.111868 0.111879 0.00101692
6 0.439473 0.313153 0.111273 0.111828 0.00101555
7 0.439835 0.189745 0.112024 0.113598 0.00101461
10 0.563685 0.561209 0.111991 0.11293 0.00100327
3 0.811465 0.188968 0.11181 0.113773 0.00100063
