5 0.935994 0.934155 0.112137 0.111811 0.985712
9 0.314873 0.0649932 0.111724 0.112694 0.985585
9 0.439096 0.685228 0.111405 0.112529 0.98554
13 0.191069 0.809502 0.112322 0.11259 0.985145
12 0.315995 0.933684 0.111671 0.112964 0.984917
6 0.936543 0.809405 0.112301 0.112122 0.984824
10 0.31562 0.809249 0.112453 0.112526 0.984362
2 0.563271 0.0651011 0.111884 0.113239 0.984129
6 0.811947 0.933603 0.111397 0.112209 0.984009
11 0.563941 0.809884 0.111162 0.111608 0.983985
13 0.190738 0.065055 0.112104 0.112304 0.983846
3 0.067163 0.313382 0.112562 0.114169 0.983637
9 0.0678464 0.0651754 0.112944 0.112754 0.983466
11 0.687603 0.934146 0.111664 0.112317 0.983416
11 0.191401 0.68612 0.111301 0.111522 0.98334
3 0.31552 0.437629 0.111449 0.113357 0.983323
10 0.31557 0.685157 0.111985 0.112144 0.983322
6 0.439069 0.0647457 0.111704 0.113247 0.983296
13 0.0672287 0.437837 0.113048 0.112553 0.983211
9 0.0676887 0.934149 0.112671 0.113836 0.98314
2 0.811897 0.809864 0.112536 0.113155 0.98291
2 0.0674999 0.809569 0.11289 0.113304 0.982749
13 0.687672 0.80959 0.112429 0.113422 0.982737
7 0.191149 0.561561 0.11304 0.11205 0.982705
4 0.191546 0.313287 0.11308 0.113095 0.982355
7 0.439445 0.43743 0.113456 0.113047 0.982119
1 0.439594 0.809651 0.112661 0.112886 0.981966
0 0.439885 0.933847 0.112399 0.113236 0.981887
2 0.315252 0.561283 0.112285 0.112198 0.981827
11 0.315102 0.188509 0.111987 0.111898 0.981804
2 0.191051 0.188708 0.111994 0.112346 0.981783
11 0.191154 0.437995 0.111941 0.111972 0.981638
4 0.0672439 0.189123 0.113632 0.112658 0.981609
13 0.439374 0.18883 0.112471 0.111906 0.981429
11 0.439389 0.312939 0.112124 0.111661 0.98098
4 0.936095 0.685555 0.113561 0.112387 0.980923
0 0.191695 0.933625 0.111529 0.11227 0.980795
5 0.564067 0.68576 0.110899 0.111609 0.980203
12 0.439518 0.561596 0.111813 0.111392 0.979781
12 0.563609 0.189069 0.11216 0.11263 0.979597
1 0.56361 0.437237 0.112382 0.113017 0.979463
13 0.687651 0.437383 0.112473 0.112467 0.979431
11 0.812229 0.685455 0.112356 0.112694 0.979114
3 0.687882 0.561549 0.112118 0.112664 0.979057
12 0.812462 0.43706 0.112002 0.112783 0.978915
5 0.687746 0.18877 0.111969 0.112197 0.97877
12 0.81208 0.0647228 0.11245 0.112652 0.978619
1 0.812092 0.188617 0.112625 0.112432 0.978609
9 0.812079 0.561797 0.112352 0.112232 0.978605
12 0.93632 0.312703 0.113221 0.11318 0.978566
8 0.563982 0.561138 0.112282 0.113866 0.978466
8 0.0675534 0.561549 0.111198 0.112015 0.978422
2 0.687813 0.313166 0.111784 0.111605 0.978349
12 0.93595 0.0645174 0.113069 0.112582 0.978341
8 0.564052 0.933953 0.112241 0.114167 0.978268
3 0.811322 0.313114 0.112009 0.112864 0.978201
8 0.563284 0.31345 0.111371 0.111985 0.978127
8 0.315222 0.313333 0.111996 0.112245 0.978114
5 0.936552 0.437038 0.112667 0.112432 0.977957
8 0.0673924 0.685446 0.111556 0.111963 0.977849
8 0.687562 0.685579 0.111088 0.111678 0.977801
5 0.936293 0.188427 0.112441 0.111985 0.977491
8 0.936504 0.561698 0.111724 0.112726 0.977414
8 0.688081 0.0646695 0.111455 0.113587 0.977002
8 0.688336 0.933168 0.112332 0.112986 0.0299931
2 0.315357 0.313033 0.111734 0.112375 0.0228667
2 0.688079 0.064713 0.111552 0.113452 0.022782
2 0.563866 0.313016 0.111465 0.112597 0.014726
2 0.564002 0.561056 0.111956 0.112573 0.0142483
5 0.688045 0.9342 0.111963 0.111724 0.0140485
5 0.81223 0.685602 0.112143 0.11139 0.0135684
2 0.0668605 0.561325 0.115351 0.113267 0.0112081
2 0.936133 0.561054 0.11342 0.112528 0.0102742
2 0.688127 0.685593 0.111952 0.111446 0.00997124
2 0.0667941 0.685306 0.114462 0.112911 0.00983824
3 0.81271 0.933281 0.111579 0.114183 0.00743135
2 0.563586 0.933576 0.111503 0.112042 0.0073748
3 0.811584 0.561882 0.110731 0.112802 0.00706603
3 0.936907 0.808762 0.112469 0.113881 0.00556345
5 0.811579 0.809724 0.114711 0.113202 0.00521009
4 0.316043 0.685349 0.112118 0.112217 0.00486746
3 0.0672186 0.933596 0.114601 0.113941 0.00457555
6 0.440087 0.561309 0.111843 0.112834 0.00440374
7 0.191095 0.313046 0.111713 0.112356 0.00398771
10 0.935912 0.437115 0.110921 0.111578 0.00396797
3 0.43984 0.685257 0.111973 0.113285 0.00378016
1 0.687723 0.313451 0.111762 0.11309 0.00376606
12 0.439905 0.436708 0.110999 0.110881 0.00366571
12 0.811584 0.561882 0.110731 0.112802 0.00354807
12 0.68676 0.810148 0.110887 0.111313 0.00351415
5 0.191875 0.438012 0.112881 0.111476 0.00347564
4 0.316236 0.809513 0.112166 0.112642 0.00338862
2 0.688083 0.189183 0.113372 0.112566 0.00321384
1 0.936657 0.685398 0.113702 0.113774 0.0028027
2 0.688147 0.561843 0.111688 0.112054 0.00274934
10 0.19106 0.437751 0.111479 0.111981 0.00271677
2 0.688336 0.933168 0.112332 0.112986 0.00270675
1 0.0678066 0.188949 0.113707 0.112738 0.00270598
10 0.811598 0.685429 0.110188 0.111631 0.0026713
10 0.935581 0.188468 0.110824 0.111337 0.00265473
3 0.31538 0.561268 0.113281 0.11267 0.00265223
1 0.192034 0.313232 0.113292 0.112933 0.00260579
10 0.935811 0.933514 0.112011 0.111653 0.0025275
0 0.813029 0.562005 0.110956 0.112322 0.00248217
0 0.812255 0.188649 0.11269 0.11337 0.00247948
5 0.19151 0.189012 0.111548 0.111644 0.00242595
3 0.688083 0.189183 0.113372 0.112566 0.00241127
12 0.191294 0.8096 0.112136 0.112119 0.00239669
2 0.813034 0.685575 0.112106 0.11228 0.00238685
5 0.564405 0.80995 0.111491 0.111551 0.00236742
3 0.0666966 0.809392 0.114912 0.113368 0.00236723
12 0.0677899 0.0648615 0.112975 0.113085 0.00235453
7 0.0671631 0.436584 0.111767 0.111956 0.00232949
13 0.440122 0.436747 0.11069 0.112267 0.00219619
7 0.0669317 0.188022 0.112249 0.112692 0.00217164
1 0.812166 0.809528 0.113054 0.113684 0.00210391
10 0.439656 0.313613 0.111418 0.112589 0.00205353
9 0.191449 0.68557 0.111938 0.112046 0.00204896
12 0.315352 0.0649811 0.11209 0.111983 0.00193608
3 0.43939 0.0645062 0.111582 0.112934 0.00188805
1 0.563596 0.0645127 0.112066 0.113707 0.00188805
12 0.43984 0.685257 0.111973 0.113285 0.00188661
7 0.315705 0.809206 0.112738 0.112332 0.00188474
1 0.191003 0.189163 0.111536 0.112037 0.00187866
8 0.811503 0.685339 0.111061 0.111579 0.00185862
11 0.688273 0.68576 0.111934 0.112718 0.00182334
1 0.31556 0.561047 0.112662 0.113426 0.0018157
7 0.315465 0.684922 0.113072 0.112444 0.00181547
8 0.688176 0.313295 0.112408 0.114017 0.00180153
6 0.067713 0.313482 0.11278 0.113943 0.00178615
10 0.688138 0.93393 0.110868 0.112284 0.00176297
7 0.439735 0.189259 0.112336 0.113251 0.00173816
12 0.687782 0.561295 0.111662 0.112629 0.00173809
11 0.56367 0.933837 0.112088 0.112455 0.00172067
3 0.68799 0.313663 0.112548 0.112854 0.00170896
7 0.688068 0.437468 0.112459 0.112729 0.00170002
13 0.811526 0.0652864 0.111165 0.112187 0.00168714
0 0.563731 0.436957 0.112288 0.113029 0.0016543
11 0.563688 0.561106 0.112385 0.112584 0.00164338
4 0.811894 0.18898 0.112018 0.11234 0.00163557
9 0.811503 0.685339 0.111061 0.111579 0.00156573
13 0.314803 0.685075 0.112381 0.112001 0.00156329
11 0.563564 0.313295 0.112392 0.112706 0.00156287
13 0.812542 0.436582 0.110439 0.112449 0.00155784
4 0.439815 0.809627 0.112228 0.113098 0.00152175
0 0.936554 0.561665 0.112093 0.113793 0.00151049
12 0.688261 0.437884 0.108392 0.112688 0.00150878
9 0.688147 0.561843 0.111688 0.112054 0.00147903
5 0.190895 0.685634 0.112243 0.112306 0.00147856
4 0.563711 0.437437 0.112176 0.112366 0.00146863
12 0.81158 0.313114 0.111626 0.113541 0.00144509
12 0.0680073 0.9339 0.113715 0.112639 0.00143571
0 0.813141 0.437343 0.107953 0.111533 0.00143452
1 0.813229 0.933083 0.10976 0.112619 0.00143199
7 0.935971 0.685003 0.112076 0.11232 0.00142952
6 0.81158 0.313114 0.111626 0.113541 0.00142088
10 0.0664695 0.437118 0.114152 0.112505 0.00141685
13 0.315186 0.809202 0.112173 0.111977 0.00140802
6 0.315606 0.437931 0.112512 0.112783 0.00140357
1 0.0671327 0.809439 0.113567 0.112648 0.00137527
5 0.439366 0.31274 0.111764 0.112147 0.00136568
11 0.315157 0.313174 0.111769 0.112027 0.00136492
5 0.315474 0.188957 0.112111 0.111007 0.00135614
1 0.687882 0.561549 0.112118 0.112664 0.00134628
5 0.688163 0.313282 0.113418 0.114187 0.00133999
7 0.811526 0.0652864 0.111165 0.112187 0.00133954
9 0.315389 0.436677 0.110668 0.112889 0.00132572
12 0.191409 0.561164 0.110999 0.112265 0.00131621
4 0.688083 0.189183 0.113372 0.112566 0.00130337
5 0.68817 0.561578 0.112751 0.11281 0.00129777
12 0.067714 0.437929 0.10948 0.113171 0.00129621
6 0.812228 0.437037 0.112303 0.112316 0.00129197
9 0.813013 0.313661 0.110462 0.11143 0.00127319
11 0.688284 0.0649913 0.111332 0.113213 0.00127147
3 0.0669771 0.0647318 0.11479 0.113065 0.00121754
4 0.936579 0.437853 0.111321 0.111454 0.00121663
4 0.688118 0.561476 0.112272 0.113388 0.00120954
4 0.191283 0.561342 0.112342 0.111924 0.00120288
7 0.936101 0.313369 0.112716 0.114463 0.00119954
2 0.936657 0.685398 0.113702 0.113774 0.00118384
10 0.439744 0.437875 0.110933 0.113154 0.00116493
11 0.936189 0.436531 0.112013 0.11084 0.00115585
3 0.936223 0.313248 0.111491 0.113579 0.00115354
10 0.191235 0.685333 0.111723 0.111971 0.00113412
8 0.563857 0.809655 0.11203 0.111863 0.00111941
3 0.19077 0.188939 0.112584 0.112782 0.00111496
5 0.0665991 0.809405 0.112579 0.112127 0.00110724
1 0.19163 0.933453 0.111693 0.112957 0.00110207
0 0.0668564 0.561554 0.112159 0.112334 0.00109898
3 0.812107 0.810066 0.112401 0.112275 0.00109444
11 0.0675668 0.68523 0.111953 0.114107 0.00109118
12 0.315053 0.437519 0.111578 0.112123 0.00108738
6 0.440218 0.437949 0.1113 0.113123 0.00107233
9 0.812813 0.43668 0.110007 0.112488 0.0010634
1 0.811322 0.313114 0.112009 0.112864 0.00106294
2 0.191459 0.313102 0.112132 0.113195 0.00105955
6 0.936073 0.313522 0.113121 0.112283 0.00105805
11 0.0675776 0.560956 0.111481 0.114605 0.00105587
1 0.315381 0.437465 0.112425 0.112471 0.00105018
8 0.191441 0.685365 0.112023 0.111869 0.00104675
1 0.440023 0.933732 0.112001 0.113289 0.00104377
11 0.688053 0.189192 0.114539 0.113815 0.0010434
7 0.316195 0.933777 0.110986 0.112306 0.00104251
10 0.687637 0.188978 0.111545 0.11208 0.00103665
9 0.19166 0.437957 0.111107 0.111262 0.00103628
12 0.0672636 0.313415 0.11239 0.113701 0.00102511
2 0.0669629 0.188987 0.112921 0.112743 0.00101654
7 0.687895 0.809871 0.112562 0.112868 0.00101416
5 0.563599 0.0648118 0.112712 0.112709 0.00100947
