4 0.316062 0.933746 0.111657 0.11354 0.987145
4 0.936187 0.933954 0.112744 0.113336 0.987127
7 0.936465 0.809532 0.112744 0.111035 0.985989
4 0.812184 0.933878 0.112644 0.1133 0.985572
3 0.6877 0.933803 0.112504 0.113235 0.985289
5 0.563913 0.809531 0.111237 0.112483 0.985223
6 0.315691 0.685357 0.112737 0.112676 0.985118
10 0.316271 0.188887 0.112723 0.112631 0.984359
2 0.19098 0.933749 0.112993 0.113255 0.984318
9 0.192209 0.0647096 0.111049 0.11148 0.984216
9 0.438882 0.0644781 0.111281 0.112026 0.984134
6 0.0669151 0.561787 0.1131 0.112517 0.983819
6 0.191943 0.188583 0.113133 0.112859 0.983289
4 0.191613 0.313546 0.111741 0.113012 0.983259
1 0.191144 0.5615 0.111916 0.112495 0.983111
5 0.93653 0.685648 0.111437 0.111147 0.983089
4 0.0671179 0.189436 0.113 0.113221 0.983071
5 0.563741 0.0651341 0.111535 0.112398 0.982796
13 0.191252 0.437584 0.112536 0.11141 0.98234
12 0.0672122 0.686035 0.112731 0.112332 0.982329
3 0.0671115 0.437428 0.111852 0.111048 0.981709
2 0.315256 0.313017 0.112329 0.112805 0.98146
13 0.315156 0.809624 0.111768 0.111413 0.981431
13 0.687891 0.0645093 0.112159 0.111881 0.981198
13 0.191228 0.685396 0.112672 0.111642 0.981124
1 0.687631 0.809438 0.111551 0.112671 0.981119
0 0.811697 0.809294 0.112476 0.11219 0.980891
11 0.314817 0.0649258 0.111119 0.112354 0.980828
3 0.687682 0.68557 0.111702 0.11158 0.980793
5 0.439432 0.313243 0.111849 0.112155 0.980774
8 0.315367 0.437382 0.11245 0.112692 0.98064
13 0.0669631 0.934034 0.113888 0.113566 0.98051
8 0.315166 0.561591 0.112143 0.11196 0.980287
9 0.563497 0.685876 0.111664 0.111931 0.980184
2 0.439288 0.437041 0.111607 0.11289 0.980173
2 0.191065 0.809736 0.111395 0.111629 0.979909
9 0.563237 0.561952 0.112513 0.112234 0.979886
6 0.687915 0.56146 0.112852 0.113374 0.979687
9 0.935939 0.0649789 0.113395 0.112418 0.979676
0 0.0670134 0.312528 0.113643 0.112769 0.97965
12 0.439433 0.188803 0.112606 0.112639 0.979598
13 0.439524 0.685632 0.112294 0.111167 0.979481
2 0.0673031 0.809634 0.11315 0.112925 0.979333
1 0.563669 0.188841 0.111907 0.11298 0.979209
0 0.0676134 0.0643693 0.111926 0.112975 0.97911
9 0.811787 0.188968 0.111876 0.112665 0.979108
12 0.68774 0.313677 0.1125 0.112284 0.979085
3 0.439438 0.561726 0.11126 0.111873 0.979078
8 0.439889 0.809646 0.111509 0.1136 0.97905
6 0.688111 0.188882 0.113081 0.112619 0.979019
8 0.564241 0.933766 0.110378 0.114089 0.978909
7 0.564004 0.437318 0.112127 0.113275 0.978828
3 0.812155 0.437679 0.112384 0.11245 0.978744
11 0.563367 0.312851 0.111894 0.11364 0.978705
10 0.812456 0.68523 0.112837 0.113072 0.978644
0 0.687648 0.437151 0.112234 0.113008 0.978497
1 0.936592 0.312711 0.112994 0.112047 0.978463
10 0.93669 0.56133 0.113318 0.113492 0.978304
2 0.936302 0.436713 0.113196 0.114302 0.978013
3 0.936059 0.189185 0.112107 0.112064 0.977923
2 0.812138 0.312852 0.112902 0.113572 0.977871
8 0.440168 0.934207 0.112115 0.114598 0.977827
7 0.812271 0.561687 0.113156 0.113067 0.977586
0 0.811936 0.0645556 0.112058 0.113118 0.977282
5 0.315298 0.0644111 0.110967 0.112482 0.0251882
5 0.563365 0.313365 0.111977 0.112626 0.0133941
2 0.439938 0.809608 0.112267 0.112374 0.0128389
2 0.563865 0.93399 0.111579 0.112609 0.0109127
10 0.0672071 0.933835 0.110915 0.112639 0.0107084
2 0.439492 0.934016 0.112474 0.113137 0.00792946
3 0.811952 0.313703 0.112325 0.112411 0.0072817
12 0.811553 0.56194 0.111968 0.112646 0.00534771
2 0.31561 0.437825 0.112496 0.113474 0.00497847
7 0.811858 0.932751 0.112829 0.114452 0.00488656
2 0.688311 0.933212 0.113291 0.112856 0.00446569
12 0.439888 0.685342 0.110942 0.111554 0.00442447
1 0.811833 0.313334 0.111767 0.113468 0.00402992
1 0.687925 0.436906 0.112092 0.112883 0.00400204
1 0.067474 0.0635102 0.113403 0.113198 0.00357707
7 0.191353 0.685178 0.110263 0.111573 0.00353087
1 0.812341 0.0641633 0.111405 0.113559 0.00350012
6 0.687926 0.313338 0.111833 0.112692 0.00348481
0 0.936441 0.313108 0.112132 0.110685 0.00336716
6 0.811493 0.561536 0.112671 0.11174 0.00333729
2 0.31549 0.561381 0.112862 0.112934 0.00322895
1 0.439323 0.437894 0.111122 0.110715 0.0031415
12 0.936242 0.809781 0.1131 0.113717 0.00310606
3 0.439632 0.437272 0.112097 0.112684 0.00310427
7 0.191589 0.313168 0.111393 0.111944 0.00302708
11 0.439276 0.933838 0.112158 0.11223 0.00301082
0 0.315099 0.438105 0.111584 0.114822 0.00297885
7 0.0672071 0.933835 0.110915 0.112639 0.00295932
2 0.688179 0.685687 0.111785 0.111514 0.00292252
7 0.0667593 0.189414 0.11334 0.112366 0.00289411
7 0.935895 0.933877 0.112159 0.11505 0.00287585
1 0.0665091 0.313404 0.112601 0.112658 0.00286285
0 0.688003 0.809001 0.111172 0.111147 0.00280463
6 0.440209 0.561245 0.11155 0.112125 0.00280144
4 0.688288 0.933029 0.113838 0.11351 0.00276161
12 0.31566 0.809407 0.110332 0.111469 0.00274502
12 0.811682 0.437468 0.112338 0.112477 0.00267776
1 0.315314 0.313525 0.111912 0.112786 0.00266115
4 0.688156 0.68541 0.112179 0.112255 0.00261479
2 0.813008 0.438064 0.11321 0.112955 0.0026106
6 0.936244 0.80959 0.112097 0.11324 0.00257612
4 0.564365 0.437919 0.112497 0.113666 0.00253575
6 0.439545 0.18902 0.113066 0.113322 0.00250938
0 0.563721 0.188626 0.111732 0.113246 0.00250909
11 0.439938 0.809608 0.112267 0.112374 0.00246566
6 0.0669795 0.685715 0.113213 0.112594 0.00245997
8 0.811446 0.189124 0.112107 0.112827 0.00245901
1 0.936518 0.436582 0.113448 0.114 0.00228238
10 0.439888 0.685342 0.110942 0.111554 0.00225935
4 0.813028 0.685605 0.111164 0.114549 0.00225261
10 0.936035 0.685223 0.111136 0.112206 0.00218602
1 0.191422 0.3134 0.1113 0.112458 0.00214897
11 0.315724 0.561258 0.110866 0.113711 0.00209149
12 0.191395 0.437912 0.108916 0.112443 0.00207502
6 0.936253 0.18916 0.112774 0.113004 0.00206571
6 0.564486 0.436622 0.109699 0.113109 0.00203109
12 0.936006 0.189104 0.114269 0.113389 0.0019955
5 0.688341 0.933045 0.113401 0.112726 0.00199117
12 0.0672071 0.933835 0.110915 0.112639 0.00197497
3 0.0665096 0.5612 0.114753 0.113139 0.00195375
10 0.812566 0.933551 0.111767 0.114018 0.00191871
2 0.0658635 0.437699 0.113975 0.111527 0.00191499
6 0.812453 0.437634 0.111354 0.112508 0.00187634
2 0.812184 0.933878 0.112644 0.1133 0.00184579
9 0.811598 0.437722 0.112867 0.112579 0.00184518
3 0.191298 0.809627 0.112877 0.112053 0.00182556
1 0.31606 0.934285 0.113032 0.114177 0.00182241
7 0.439888 0.685342 0.110942 0.111554 0.00181951
11 0.0665841 0.933577 0.113002 0.112349 0.0018143
6 0.688179 0.685687 0.111785 0.111514 0.00179822
5 0.811456 0.312998 0.113229 0.113262 0.0017917
5 0.936044 0.436695 0.113407 0.114828 0.00179141
1 0.812184 0.933878 0.112644 0.1133 0.00177865
3 0.19098 0.933749 0.112993 0.113255 0.00177007
7 0.31566 0.809407 0.110332 0.111469 0.00175008
1 0.688235 0.189147 0.112771 0.113547 0.00174604
4 0.936616 0.561368 0.112915 0.112261 0.00174244
10 0.190594 0.437862 0.113101 0.111915 0.00174152
12 0.439647 0.561344 0.111947 0.112358 0.00172795
2 0.688085 0.809045 0.11299 0.112998 0.0017266
0 0.81296 0.189182 0.1116 0.112072 0.00172303
1 0.0667593 0.189414 0.11334 0.112366 0.00171355
4 0.936465 0.809532 0.112744 0.111035 0.00170794
7 0.191395 0.437912 0.108916 0.112443 0.00170669
8 0.0671345 0.809297 0.114233 0.112784 0.00170208
5 0.191761 0.809852 0.111572 0.112264 0.00169485
9 0.440045 0.933709 0.112143 0.113339 0.00168136
5 0.813008 0.685026 0.111814 0.113964 0.00167663
1 0.688084 0.561381 0.111477 0.113637 0.00166743
9 0.0659173 0.437563 0.112439 0.112255 0.00166719
4 0.315397 0.189162 0.111935 0.113345 0.00166484
0 0.688105 0.313512 0.11248 0.114253 0.00163959
12 0.811963 0.188954 0.11207 0.111942 0.00162339
3 0.688594 0.188337 0.112358 0.112208 0.00160089
2 0.563771 0.809323 0.111777 0.112494 0.0015847
7 0.688177 0.189096 0.112713 0.111961 0.00155844
1 0.936187 0.933954 0.112744 0.113336 0.00155268
12 0.0677336 0.438029 0.114202 0.112488 0.00154952
10 0.31566 0.809407 0.110332 0.111469 0.00154145
13 0.93619 0.561701 0.110826 0.111874 0.00146743
1 0.0674661 0.809367 0.112956 0.112781 0.00146607
0 0.191104 0.561252 0.111887 0.112689 0.00145913
4 0.563967 0.189179 0.111699 0.112975 0.00145453
2 0.936443 0.934182 0.113177 0.114885 0.00144684
11 0.190594 0.437862 0.113101 0.111915 0.00143601
8 0.813013 0.313223 0.1113 0.113842 0.00143569
6 0.687476 0.93372 0.112383 0.112108 0.00141855
1 0.936081 0.189318 0.112349 0.112333 0.00141426
1 0.812155 0.437679 0.112384 0.11245 0.00139385
1 0.191145 0.933433 0.112958 0.113559 0.00137221
5 0.0678239 0.809519 0.113214 0.114379 0.0013688
9 0.563702 0.933457 0.110782 0.112889 0.00136471
0 0.563477 0.561814 0.111942 0.110723 0.00135843
10 0.191827 0.313171 0.112868 0.112762 0.00134292
6 0.0672951 0.437997 0.114107 0.112585 0.00133798
12 0.936158 0.0646439 0.113483 0.112209 0.00133323
3 0.315656 0.313172 0.111565 0.112971 0.00130935
8 0.936028 0.43642 0.113513 0.112872 0.00130927
1 0.687892 0.933526 0.112388 0.112946 0.00130694
1 0.439772 0.561413 0.111994 0.112166 0.0013059
1 0.687835 0.685417 0.111767 0.111971 0.00128739
7 0.19147 0.188982 0.112606 0.112575 0.00128545
12 0.563938 0.685752 0.112725 0.112263 0.00128357
11 0.563865 0.93399 0.111579 0.112609 0.00128205
12 0.191353 0.685178 0.110263 0.111573 0.00127599
10 0.563236 0.313433 0.111134 0.11327 0.00126447
12 0.564403 0.436583 0.110339 0.111296 0.00126385
2 0.439656 0.561648 0.111392 0.111578 0.00125887
2 0.31606 0.934285 0.113032 0.114177 0.00125743
4 0.440089 0.56127 0.113455 0.112628 0.00125406
4 0.687631 0.809438 0.111551 0.112671 0.00125369
7 0.936209 0.561363 0.113144 0.113811 0.00124118
12 0.56388 0.561414 0.112127 0.112153 0.00123663
9 0.315881 0.56147 0.113005 0.112342 0.00122674
8 0.439323 0.437894 0.111122 0.110715 0.00122579
4 0.43989 0.313335 0.110863 0.112115 0.00122423
8 0.563543 0.561891 0.112718 0.111004 0.00121937
12 0.687511 0.933596 0.112154 0.112472 0.00121256
4 0.811553 0.56194 0.111968 0.112646 0.00120675
1 0.191315 0.8095 0.112546 0.112358 0.00119044
4 0.191144 0.5615 0.111916 0.112495 0.0011844
12 0.439345 0.0645479 0.112719 0.111186 0.0011726
5 0.191373 0.933803 0.112282 0.112681 0.00116799
3 0.0671345 0.809297 0.114233 0.112784 0.00116586
1 0.0672848 0.437677 0.112447 0.112489 0.00115948
11 0.936067 0.0647538 0.112825 0.113578 0.00115797
4 0.93644 0.313525 0.11126 0.112003 0.00115113
0 0.563574 0.685516 0.11172 0.110465 0.00114808
2 0.191422 0.3134 0.1113 0.112458 0.00113777
3 0.936028 0.43642 0.113513 0.112872 0.00113012
10 0.563724 0.437844 0.111032 0.112626 0.00112984
10 0.191353 0.685178 0.110263 0.111573 0.00112191
8 0.936083 0.0650308 0.11253 0.113119 0.0011218
1 0.811697 0.809294 0.112476 0.11219 0.00112136
10 0.0674177 0.18907 0.113897 0.113224 0.00110935
3 0.315691 0.685357 0.112737 0.112676 0.00108988
3 0.688014 0.561004 0.112381 0.112815 0.00108587
11 0.936054 0.685228 0.11163 0.111823 0.00108477
7 0.811761 0.685462 0.113018 0.113541 0.00108035
7 0.688045 0.561192 0.111906 0.113468 0.00107327
11 0.688154 0.0652443 0.112109 0.113199 0.00107059
11 0.811425 0.188969 0.112048 0.113071 0.00106821
12 0.687612 0.685379 0.111433 0.111983 0.00106501
2 0.439863 0.313112 0.111078 0.111416 0.00105868
3 0.191184 0.18895 0.112233 0.112317 0.00104378
11 0.315321 0.437337 0.112124 0.112472 0.00103793
10 0.688372 0.0641964 0.111344 0.113266 0.00103484
6 0.811796 0.932839 0.113669 0.112216 0.00103404
12 0.688372 0.0641964 0.111344 0.113266 0.0010284
2 0.936236 0.685316 0.112148 0.11375 0.00102187
12 0.191368 0.0646088 0.112408 0.110864 0.0010177
9 0.812009 0.809276 0.111569 0.112246 0.00100768
7 0.688372 0.0641964 0.111344 0.113266 0.00100391
