4 0.315911 0.809114 0.112272 0.112518 0.986777
5 0.9357 0.934232 0.112981 0.113021 0.986325
2 0.439532 0.933993 0.113019 0.113401 0.985871
2 0.315536 0.933949 0.113062 0.113268 0.98584
2 0.563801 0.809522 0.112462 0.112748 0.985551
4 0.191433 0.933448 0.111685 0.113543 0.985194
4 0.439857 0.684918 0.112357 0.112324 0.985191
8 0.439805 0.809569 0.112247 0.112945 0.98496
10 0.315729 0.685301 0.112118 0.11166 0.984768
5 0.811695 0.0660907 0.11121 0.111731 0.984704
6 0.06719 0.933896 0.113139 0.11344 0.9843
13 0.439047 0.0653343 0.1115 0.112855 0.983623
6 0.191781 0.561496 0.111526 0.112218 0.98348
6 0.563306 0.0650826 0.111489 0.113285 0.98329
13 0.315429 0.561589 0.111609 0.112236 0.983211
5 0.0670621 0.43809 0.113446 0.11304 0.982998
6 0.688109 0.809714 0.111646 0.113286 0.982983
11 0.936295 0.809588 0.112658 0.112304 0.982807
12 0.564081 0.685418 0.11048 0.111895 0.982746
7 0.563725 0.93396 0.111616 0.112474 0.982744
5 0.812289 0.810239 0.111886 0.112521 0.982699
0 0.19152 0.685216 0.111902 0.111251 0.982684
6 0.191611 0.437676 0.111992 0.1126 0.982657
8 0.688194 0.933908 0.112749 0.113782 0.9825
13 0.191209 0.313589 0.111893 0.112317 0.982342
4 0.439383 0.312996 0.113057 0.112983 0.982292
9 0.0671013 0.561767 0.113954 0.112546 0.982278
1 0.19151 0.809394 0.111597 0.11236 0.982275
10 0.936294 0.685123 0.113144 0.11181 0.982264
1 0.811841 0.933416 0.111279 0.112566 0.981992
7 0.0669616 0.0649721 0.114079 0.112356 0.981779
0 0.315116 0.0642367 0.111932 0.112887 0.981762
11 0.190577 0.0654068 0.111611 0.111556 0.981735
13 0.066721 0.189351 0.11355 0.112819 0.98167
3 0.315265 0.188661 0.111277 0.111839 0.981641
2 0.934962 0.0652577 0.11238 0.112929 0.981587
2 0.314879 0.437202 0.112226 0.113033 0.981371
8 0.191083 0.189082 0.112329 0.113682 0.981322
10 0.439289 0.437191 0.112863 0.111927 0.981203
8 0.687897 0.0652044 0.11151 0.113347 0.981119
2 0.314911 0.313033 0.112236 0.113171 0.981088
8 0.56339 0.189549 0.111285 0.113357 0.980973
4 0.564061 0.560948 0.113065 0.113359 0.979919
0 0.0674276 0.313172 0.112787 0.113056 0.979814
2 0.439288 0.188971 0.11169 0.111929 0.979444
9 0.439607 0.561645 0.112096 0.112846 0.979384
1 0.563671 0.437185 0.112082 0.113183 0.979262
1 0.0671303 0.684079 0.111262 0.111131 0.979199
11 0.687816 0.437152 0.112516 0.113014 0.979032
9 0.811479 0.313557 0.11174 0.111448 0.97893
11 0.687682 0.312988 0.112205 0.113313 0.978918
0 0.0667456 0.80782 0.112367 0.113823 0.978907
3 0.688008 0.561438 0.111605 0.111902 0.978751
12 0.936055 0.43723 0.113044 0.112303 0.978748
8 0.93581 0.189141 0.112907 0.114268 0.978671
9 0.812088 0.4373 0.111654 0.112173 0.97856
0 0.687456 0.188889 0.11137 0.112091 0.978546
0 0.811954 0.561471 0.112245 0.112302 0.978534
2 0.811255 0.188981 0.112276 0.112273 0.978357
11 0.93628 0.561461 0.112871 0.112709 0.978337
2 0.563521 0.31302 0.112052 0.113958 0.978335
2 0.687479 0.685469 0.110581 0.111627 0.978327
2 0.812127 0.68536 0.112319 0.113633 0.978136
3 0.936183 0.313546 0.111492 0.112035 0.978053
2 0.688174 0.0647301 0.111635 0.112453 0.00989321
2 0.190746 0.188972 0.112222 0.112845 0.0073668
2 0.440216 0.809669 0.112585 0.113117 0.00726195
10 0.936987 0.561149 0.112399 0.112019 0.00693729
2 0.935485 0.189371 0.112774 0.11326 0.00677576
6 0.564083 0.685088 0.110544 0.111839 0.00624991
3 0.688321 0.809201 0.111134 0.112016 0.00612391
0 0.811734 0.932956 0.113219 0.112826 0.00543457
5 0.688123 0.312911 0.111662 0.112616 0.00513422
3 0.191588 0.561126 0.111811 0.112717 0.00497612
2 0.563538 0.189258 0.112983 0.11216 0.00489957
5 0.688168 0.437049 0.112323 0.112353 0.00488375
10 0.935757 0.933487 0.112375 0.112012 0.00450421
3 0.19149 0.437264 0.112393 0.112396 0.00438555
7 0.191931 0.933703 0.11203 0.112163 0.00426569
1 0.314932 0.437936 0.110734 0.110815 0.00392416
11 0.935625 0.934127 0.113061 0.114347 0.00372403
9 0.935897 0.313109 0.111439 0.113401 0.00364064
2 0.688194 0.933908 0.112749 0.113782 0.00357595
5 0.936316 0.809459 0.112889 0.113282 0.00356543
0 0.813111 0.437829 0.109893 0.111581 0.00350149
12 0.812195 0.313462 0.111366 0.112183 0.00341058
1 0.564014 0.561373 0.112538 0.112952 0.00335383
1 0.43951 0.313001 0.112155 0.112517 0.00311461
13 0.439514 0.437603 0.111372 0.111824 0.00299769
9 0.688203 0.5611 0.112121 0.111941 0.00298758
1 0.563491 0.313456 0.111529 0.111942 0.0029854
3 0.688462 0.685356 0.111804 0.11248 0.00283255
10 0.936476 0.809536 0.11313 0.111695 0.00281345
1 0.067148 0.31267 0.113417 0.112537 0.00276016
1 0.68827 0.68558 0.112493 0.112826 0.00272505
8 0.813063 0.685292 0.109042 0.112443 0.00271192
1 0.315015 0.313432 0.111727 0.112051 0.00266455
12 0.812223 0.438017 0.109382 0.112095 0.00265239
10 0.688295 0.436702 0.11181 0.112163 0.00262657
11 0.811532 0.810211 0.113613 0.11196 0.00260242
12 0.68763 0.561195 0.111245 0.112139 0.00255195
12 0.935873 0.313152 0.111922 0.112944 0.00249236
4 0.56374 0.933509 0.111569 0.112578 0.00246283
5 0.811415 0.6853 0.113786 0.112226 0.00245202
1 0.564032 0.809573 0.112327 0.112657 0.00244504
0 0.813044 0.313754 0.111285 0.112136 0.00242176
3 0.0668509 0.933538 0.113065 0.114187 0.00241463
2 0.811514 0.809783 0.114585 0.112804 0.00239795
3 0.813122 0.809411 0.11298 0.114814 0.00223682
7 0.439616 0.313173 0.111833 0.11191 0.00221109
11 0.81137 0.0650703 0.11306 0.111866 0.00218401
1 0.439315 0.188732 0.11189 0.11302 0.0020812
10 0.191198 0.0649583 0.112119 0.112901 0.00207984
2 0.439795 0.313115 0.111859 0.113522 0.00206511
1 0.440007 0.685442 0.112767 0.111939 0.00200795
8 0.811379 0.18867 0.111984 0.113375 0.00199989
1 0.812103 0.685264 0.112168 0.113177 0.00198665
8 0.935852 0.561323 0.111215 0.111217 0.00197251
9 0.686676 0.312923 0.111702 0.113352 0.00195392
12 0.0677106 0.561212 0.11279 0.114013 0.00194626
12 0.315439 0.561471 0.111695 0.111964 0.00194259
1 0.439927 0.933635 0.113471 0.113479 0.0019408
3 0.563306 0.0650826 0.111489 0.113285 0.00190751
3 0.811957 0.189642 0.111692 0.112415 0.00189285
5 0.936072 0.561417 0.112906 0.113387 0.0018839
3 0.812719 0.436645 0.110816 0.110468 0.00187858
8 0.935761 0.809138 0.112304 0.111752 0.00187354
4 0.0674955 0.437927 0.113801 0.111596 0.00183576
1 0.316108 0.809752 0.11283 0.112279 0.00180463
13 0.935921 0.685501 0.112476 0.11219 0.00179689
10 0.688124 0.313132 0.112592 0.113163 0.00177917
1 0.812037 0.188681 0.112338 0.112704 0.00177242
7 0.688379 0.809684 0.112937 0.113104 0.0017596
8 0.686676 0.312923 0.111702 0.113352 0.0017506
12 0.439859 0.561333 0.111822 0.112822 0.00169056
1 0.811968 0.561038 0.112465 0.112216 0.00168395
5 0.935472 0.0647412 0.113509 0.11351 0.00167525
3 0.564238 0.313505 0.11208 0.11307 0.00167201
2 0.688253 0.561735 0.111869 0.111111 0.00165439
8 0.688289 0.685532 0.112031 0.112061 0.00158017
2 0.564014 0.561373 0.112538 0.112952 0.00157965
1 0.563715 0.0651861 0.111151 0.112619 0.00156093
12 0.0667488 0.188578 0.112384 0.112489 0.00155287
4 0.688462 0.685356 0.111804 0.11248 0.00154844
4 0.0661909 0.0650528 0.114571 0.111491 0.00154646
0 0.563935 0.436971 0.111657 0.112965 0.00154534
8 0.811361 0.437492 0.110688 0.112237 0.00153953
2 0.439636 0.685475 0.112428 0.112584 0.00152643
0 0.688172 0.0651102 0.112017 0.113725 0.00151616
6 0.191931 0.933703 0.11203 0.112163 0.00150915
0 0.935484 0.189085 0.111723 0.111932 0.00150654
1 0.935695 0.0645951 0.11319 0.113007 0.00148656
9 0.687662 0.437559 0.111208 0.111556 0.00148595
8 0.81135 0.313396 0.1109 0.112374 0.00148025
4 0.439342 0.437393 0.112493 0.113013 0.00147427
4 0.564043 0.437425 0.11203 0.112412 0.00144503
0 0.439859 0.561333 0.111822 0.112822 0.00143847
1 0.315778 0.933616 0.112934 0.113225 0.00142936
1 0.687903 0.188152 0.111644 0.112671 0.00141504
0 0.688499 0.93358 0.114493 0.113898 0.00141309
5 0.19101 0.0651656 0.112676 0.113188 0.00140136
1 0.0665634 0.807468 0.11351 0.114523 0.00138398
3 0.564443 0.809366 0.11188 0.113015 0.00137979
3 0.811721 0.313462 0.111232 0.112506 0.00137793
5 0.811271 0.188894 0.112807 0.112361 0.00137538
1 0.688008 0.561438 0.111605 0.111902 0.00137509
0 0.0670258 0.684403 0.111704 0.111094 0.00137303
10 0.811135 0.064903 0.111351 0.112053 0.00136398
8 0.314932 0.437936 0.110734 0.110815 0.00132928
2 0.315709 0.809746 0.112994 0.112707 0.00132167
11 0.440041 0.80995 0.111705 0.112951 0.00131509
1 0.191732 0.933995 0.112314 0.113229 0.00131125
10 0.0667652 0.437777 0.112324 0.112591 0.00129765
7 0.936505 0.436531 0.11141 0.111664 0.00128987
8 0.935471 0.0648799 0.113205 0.112919 0.00127391
12 0.19132 0.313288 0.111141 0.111524 0.00126787
12 0.314642 0.188957 0.111433 0.112382 0.00126067
4 0.564238 0.313505 0.11208 0.11307 0.0012523
13 0.936175 0.809285 0.112892 0.113011 0.00125017
5 0.93628 0.685247 0.11198 0.112086 0.001205
5 0.68827 0.68558 0.112493 0.112826 0.00119048
6 0.315462 0.809226 0.112396 0.112505 0.00118955
9 0.935852 0.561323 0.111215 0.111217 0.00118548
8 0.439525 0.933964 0.111093 0.111616 0.00118364
4 0.19151 0.809394 0.111597 0.11236 0.0011824
7 0.191781 0.561496 0.111526 0.112218 0.0011817
3 0.812077 0.685528 0.1119 0.111838 0.00117026
3 0.439859 0.561333 0.111822 0.112822 0.00116829
7 0.0667488 0.188578 0.112384 0.112489 0.0011679
3 0.0677106 0.561212 0.11279 0.114013 0.00116469
0 0.0677106 0.561212 0.11279 0.114013 0.00116408
3 0.936615 0.436692 0.109843 0.112928 0.0011588
2 0.191459 0.933906 0.11241 0.113592 0.00114335
7 0.936 0.685105 0.112809 0.113287 0.00114319
4 0.936084 0.684971 0.112429 0.112883 0.00113998
0 0.191411 0.809198 0.112111 0.113126 0.00113899
1 0.936118 0.313236 0.111018 0.111519 0.00113689
6 0.93519 0.438097 0.113027 0.114171 0.0011349
5 0.688273 0.561447 0.112785 0.111689 0.00112225
11 0.0661903 0.189185 0.114157 0.112379 0.00111069
4 0.813122 0.809411 0.11298 0.114814 0.00109198
3 0.315296 0.313113 0.111697 0.11366 0.00107431
9 0.314814 0.188598 0.110952 0.111958 0.00107154
13 0.935988 0.561806 0.112902 0.112918 0.00106525
6 0.563799 0.561266 0.111947 0.112381 0.0010569
1 0.688408 0.809799 0.111809 0.113996 0.00104251
13 0.190577 0.0654068 0.111611 0.111556 0.00103277
7 0.191312 0.438056 0.112914 0.111645 0.00103122
11 0.563497 0.189234 0.113294 0.11268 0.00102838
13 0.314949 0.685324 0.111915 0.111754 0.00102639
10 0.190956 0.313285 0.111723 0.112389 0.00102048
7 0.439905 0.685308 0.112302 0.112773 0.00100092
