4 0.439727 0.809053 0.111631 0.112536 0.986488
13 0.936316 0.933758 0.112358 0.112313 0.986039
6 0.191654 0.809355 0.111631 0.112534 0.985624
5 0.936613 0.809752 0.111946 0.11145 0.985572
6 0.563557 0.93392 0.11112 0.113566 0.985376
13 0.812129 0.933994 0.112049 0.112695 0.985239
8 0.439528 0.933865 0.112642 0.114018 0.984857
11 0.191141 0.933887 0.112484 0.114004 0.984497
10 0.563984 0.809484 0.112674 0.113124 0.984354
9 0.31486 0.685546 0.111554 0.111418 0.984058
10 0.315748 0.933817 0.112134 0.112978 0.984055
6 0.440135 0.685388 0.111681 0.11232 0.984005
6 0.687933 0.809516 0.111213 0.11298 0.983935
5 0.687781 0.934345 0.112293 0.113953 0.98393
4 0.563793 0.685568 0.111696 0.112355 0.983516
12 0.191439 0.685487 0.110935 0.111948 0.983484
5 0.19155 0.562163 0.111412 0.112539 0.983178
6 0.314986 0.0648108 0.111428 0.112999 0.983097
10 0.315193 0.312975 0.113614 0.112423 0.983096
7 0.563519 0.0652438 0.111827 0.112533 0.982997
11 0.811278 0.0658898 0.112195 0.112733 0.982909
10 0.0668578 0.437373 0.113273 0.112016 0.982868
3 0.190972 0.313616 0.111146 0.112303 0.982852
13 0.190702 0.0650899 0.11155 0.112251 0.982823
10 0.935901 0.0656696 0.113033 0.112752 0.982606
9 0.067328 0.809392 0.113092 0.113649 0.982522
8 0.0666974 0.31351 0.112577 0.113482 0.982414
5 0.0666641 0.0655703 0.113344 0.113415 0.982155
1 0.0670002 0.685871 0.11253 0.11224 0.982107
9 0.0669838 0.561459 0.11294 0.113512 0.982076
0 0.315294 0.809446 0.112239 0.112575 0.981918
8 0.190893 0.189246 0.111703 0.113411 0.981911
11 0.315186 0.561226 0.112648 0.111835 0.981873
6 0.687582 0.06503 0.111135 0.113533 0.981747
7 0.439566 0.313494 0.113144 0.112548 0.981656
11 0.191013 0.437625 0.112118 0.112485 0.981645
7 0.0671572 0.189051 0.113902 0.113245 0.98134
10 0.812319 0.809569 0.112966 0.11184 0.981307
12 0.315055 0.437311 0.11202 0.112221 0.981274
1 0.0664673 0.933904 0.112062 0.11328 0.981172
1 0.314792 0.188732 0.112535 0.111553 0.981052
1 0.439354 0.0650191 0.111547 0.112861 0.980264
7 0.439287 0.561641 0.112556 0.112513 0.980024
6 0.439367 0.18912 0.111535 0.112912 0.979848
9 0.687377 0.685496 0.111422 0.11193 0.979722
2 0.439211 0.43758 0.111107 0.111478 0.979631
13 0.563692 0.189273 0.111643 0.111744 0.979562
13 0.563461 0.313533 0.112536 0.112623 0.979481
1 0.563416 0.437163 0.112209 0.112859 0.979368
4 0.936487 0.685441 0.112357 0.113081 0.979148
13 0.687691 0.561718 0.112223 0.11287 0.978972
5 0.687658 0.188943 0.112087 0.112735 0.978968
11 0.687684 0.312956 0.111965 0.112992 0.978952
2 0.563866 0.561037 0.112503 0.113392 0.978853
9 0.81202 0.437106 0.111608 0.112123 0.978601
10 0.812258 0.68532 0.112531 0.112368 0.978534
5 0.812223 0.31295 0.112526 0.112688 0.978444
0 0.935921 0.436843 0.113374 0.112625 0.978427
11 0.936504 0.561423 0.113208 0.112979 0.978192
7 0.687551 0.437612 0.111782 0.112237 0.978114
6 0.812114 0.188775 0.112603 0.113023 0.977819
4 0.936518 0.188951 0.113195 0.112997 0.97766
7 0.812278 0.561708 0.112344 0.112846 0.977521
7 0.936501 0.312869 0.112781 0.112779 0.976985
2 0.0664869 0.313413 0.11264 0.112527 0.0105082
12 0.563616 0.189188 0.111872 0.112171 0.00977583
5 0.314956 0.561601 0.112471 0.112918 0.00916393
12 0.811522 0.56191 0.111082 0.11277 0.00692471
3 0.688189 0.809041 0.110553 0.111623 0.00654172
0 0.688176 0.685617 0.11088 0.111444 0.00608049
12 0.688531 0.436587 0.11099 0.111275 0.00608
5 0.688161 0.31288 0.111365 0.112295 0.00604879
12 0.8116 0.933283 0.110761 0.111239 0.00576026
6 0.688363 0.43797 0.109704 0.112547 0.00552584
10 0.93713 0.561103 0.113038 0.112311 0.00459691
12 0.68811 0.56153 0.110731 0.112094 0.00456929
3 0.191654 0.809355 0.111631 0.112534 0.00449257
1 0.439059 0.43794 0.110759 0.111518 0.00448147
2 0.190605 0.189171 0.111795 0.112734 0.00439522
3 0.811578 0.18898 0.112243 0.113094 0.00422557
10 0.687674 0.934018 0.111674 0.111808 0.00411394
6 0.811463 0.56163 0.111939 0.112094 0.00386366
11 0.688353 0.933742 0.113226 0.113558 0.00354139
12 0.563883 0.31354 0.111016 0.111541 0.00350273
2 0.440058 0.933954 0.112878 0.113988 0.00342024
1 0.936054 0.189407 0.113041 0.113443 0.00323928
3 0.563711 0.933652 0.111201 0.112763 0.00323659
7 0.936197 0.685397 0.112852 0.111607 0.00322224
12 0.93608 0.312973 0.112658 0.113368 0.00313834
10 0.191377 0.561212 0.112019 0.112325 0.00295815
3 0.314986 0.0648108 0.111428 0.112999 0.00295282
10 0.811161 0.0646758 0.112033 0.112041 0.00293897
3 0.812691 0.436598 0.111046 0.111109 0.00282138
0 0.8131 0.437645 0.110238 0.111385 0.00276614
10 0.190983 0.436766 0.111623 0.111037 0.00273373
3 0.440135 0.685388 0.111681 0.11232 0.0027288
11 0.81143 0.31317 0.113016 0.112146 0.00271874
1 0.563834 0.68495 0.111458 0.111973 0.0027057
10 0.315371 0.561172 0.112327 0.112702 0.00261913
3 0.687754 0.0651415 0.111614 0.113238 0.00250368
10 0.812122 0.933502 0.111598 0.113624 0.00247551
1 0.563666 0.561244 0.112069 0.113172 0.00246162
12 0.812691 0.436598 0.111046 0.111109 0.00243808
7 0.935618 0.189443 0.11336 0.112683 0.0024292
0 0.439306 0.0643461 0.111536 0.113495 0.0024263
11 0.686743 0.189497 0.111836 0.111473 0.00233661
1 0.936487 0.685441 0.112357 0.113081 0.00227298
0 0.56358 0.437007 0.111691 0.112876 0.00220671
4 0.688363 0.43797 0.109704 0.112547 0.00220158
3 0.688219 0.685627 0.1119 0.112259 0.00219704
2 0.936487 0.685441 0.112357 0.113081 0.00218495
4 0.812124 0.685354 0.111372 0.112319 0.00218176
5 0.19087 0.437132 0.112594 0.112829 0.00216185
4 0.936378 0.313288 0.112103 0.113843 0.00215263
12 0.688176 0.685617 0.11088 0.111444 0.00213896
2 0.688367 0.933303 0.11318 0.114256 0.00209965
1 0.440068 0.809766 0.112412 0.111884 0.0020651
3 0.688069 0.189312 0.113081 0.11328 0.00204058
2 0.688069 0.189312 0.113081 0.11328 0.00200323
3 0.439367 0.18912 0.111535 0.112912 0.00198548
1 0.688232 0.0649707 0.110086 0.113497 0.00193939
4 0.813025 0.809907 0.11204 0.114192 0.00191974
8 0.191156 0.933492 0.11197 0.111117 0.00190713
12 0.439794 0.56125 0.111434 0.113553 0.00190127
2 0.563793 0.685568 0.111696 0.112355 0.00185175
4 0.31546 0.313165 0.111981 0.112297 0.00184004
10 0.688142 0.313254 0.112325 0.112868 0.0018211
0 0.067107 0.31366 0.112652 0.113594 0.00180634
9 0.68668 0.312924 0.111356 0.113038 0.00178496
5 0.936152 0.561343 0.113138 0.113579 0.00176548
0 0.066871 0.685517 0.112638 0.112523 0.0017506
6 0.936277 0.313333 0.112451 0.113929 0.00174196
1 0.68833 0.809482 0.111199 0.113547 0.00172654
7 0.688131 0.561707 0.110785 0.111969 0.00171858
2 0.439713 0.809772 0.112025 0.112574 0.00171558
12 0.0673823 0.56121 0.112834 0.113874 0.00170577
12 0.439892 0.313581 0.111835 0.111752 0.00162657
0 0.315015 0.188706 0.112304 0.113256 0.00156947
12 0.935796 0.933707 0.111937 0.113277 0.00156835
10 0.563572 0.313821 0.112295 0.113395 0.00156747
10 0.0670174 0.0654121 0.112302 0.112387 0.00156357
6 0.315153 0.437247 0.111687 0.112243 0.00156066
12 0.191606 0.313213 0.111205 0.111477 0.00155294
3 0.564157 0.561253 0.112268 0.113129 0.00155114
4 0.564003 0.809604 0.112475 0.112407 0.00154264
8 0.688219 0.685627 0.1119 0.112259 0.00153377
11 0.440053 0.934129 0.112812 0.113177 0.00151879
8 0.68668 0.312924 0.111356 0.113038 0.00151231
5 0.813014 0.809228 0.113279 0.113311 0.00149812
7 0.811598 0.809635 0.11258 0.112638 0.00149102
11 0.936316 0.933758 0.112358 0.112313 0.00147396
8 0.811276 0.437404 0.110714 0.112286 0.00146958
2 0.0668265 0.809504 0.111993 0.111562 0.00144201
5 0.81149 0.685799 0.112309 0.112428 0.00140374
5 0.191179 0.933802 0.113769 0.114384 0.00139482
5 0.811278 0.0658898 0.112195 0.112733 0.00139118
10 0.936461 0.809699 0.111687 0.112023 0.00138421
4 0.563618 0.437201 0.111926 0.112166 0.00138272
7 0.439689 0.809764 0.11234 0.112515 0.00137788
10 0.935981 0.933077 0.112096 0.111943 0.00136687
7 0.811593 0.685247 0.112087 0.112147 0.00133132
0 0.0673823 0.56121 0.112834 0.113874 0.00131347
13 0.688648 0.436624 0.11076 0.112419 0.00130127
10 0.687445 0.189318 0.111748 0.112188 0.00129924
12 0.315544 0.685629 0.112153 0.112572 0.0012985
4 0.0663469 0.189233 0.113582 0.111227 0.00129486
4 0.688069 0.189312 0.113081 0.11328 0.00124646
8 0.936031 0.561122 0.11165 0.111294 0.00122147
11 0.0660088 0.0654894 0.113574 0.112561 0.00121097
7 0.688299 0.809355 0.112315 0.112809 0.00121079
6 0.191439 0.685487 0.110935 0.111948 0.0012068
3 0.439701 0.437703 0.112479 0.11286 0.00120487
9 0.811086 0.0643537 0.112245 0.110944 0.00119985
4 0.0676541 0.438028 0.112401 0.111655 0.00117301
4 0.812431 0.313344 0.112032 0.112568 0.00117064
7 0.0671338 0.43801 0.114402 0.112916 0.00115652
2 0.935969 0.189183 0.11263 0.113411 0.00115411
1 0.315375 0.809357 0.112173 0.113 0.00115103
9 0.936031 0.561122 0.11165 0.111294 0.00114861
4 0.563934 0.0648892 0.111645 0.113878 0.00113312
13 0.936255 0.0651635 0.1121 0.111979 0.00111536
7 0.440135 0.685388 0.111681 0.11232 0.00109968
0 0.0665507 0.933836 0.112999 0.113575 0.00109945
12 0.067706 0.809665 0.114137 0.113728 0.00109436
4 0.0665507 0.933836 0.112999 0.113575 0.0010914
4 0.315262 0.18924 0.112224 0.113573 0.00109047
7 0.31557 0.31344 0.112614 0.11199 0.00108653
7 0.811578 0.18898 0.112243 0.113094 0.00107554
2 0.81113 0.313302 0.112013 0.112236 0.00107386
13 0.811526 0.809965 0.11284 0.112059 0.0010578
8 0.811086 0.0643537 0.112245 0.110944 0.00105468
4 0.564157 0.561253 0.112268 0.113129 0.00105159
4 0.439746 0.561456 0.111975 0.112532 0.00105108
5 0.439824 0.809812 0.112235 0.111948 0.00104099
4 0.439892 0.313581 0.111835 0.111752 0.00103555
8 0.563658 0.561131 0.111899 0.112336 0.00103195
3 0.315189 0.436586 0.11036 0.112602 0.00103182
6 0.440009 0.313632 0.112303 0.111425 0.00102757
7 0.688177 0.0647868 0.110573 0.113202 0.00102618
13 0.0664977 0.436947 0.112233 0.111978 0.00101336
13 0.314622 0.312894 0.111867 0.112073 0.00100903
