13 0.315421 0.809678 0.112944 0.113497 0.986275
11 0.439146 0.934313 0.111457 0.113195 0.985954
3 0.439139 0.809765 0.113147 0.113347 0.985808
8 0.0667135 0.80962 0.113378 0.112785 0.985754
5 0.19186 0.809504 0.111356 0.112855 0.985453
11 0.563133 0.933865 0.111268 0.11366 0.984635
2 0.0667029 0.68557 0.113129 0.11285 0.984403
3 0.0666921 0.313573 0.113279 0.114249 0.984297
9 0.563328 0.189416 0.111558 0.112777 0.983881
7 0.067253 0.437738 0.113671 0.113456 0.983698
5 0.687909 0.934066 0.111153 0.112518 0.983546
6 0.191581 0.561323 0.111862 0.112271 0.983437
7 0.191517 0.313561 0.112037 0.112643 0.983395
11 0.563506 0.809801 0.111398 0.11333 0.98338
6 0.0669324 0.561527 0.113341 0.112621 0.982961
13 0.315888 0.437852 0.111481 0.112712 0.982891
8 0.688053 0.809857 0.111799 0.112818 0.982872
10 0.315397 0.188878 0.113583 0.113226 0.982596
2 0.315109 0.933787 0.11296 0.112753 0.982546
8 0.315521 0.685419 0.112061 0.111709 0.982518
10 0.191451 0.437371 0.11252 0.112934 0.982414
10 0.315337 0.561306 0.112567 0.111797 0.982384
12 0.936416 0.810047 0.112654 0.113071 0.982343
6 0.0671067 0.189048 0.11314 0.112924 0.982265
11 0.811862 0.933694 0.112115 0.113946 0.982154
4 0.191165 0.684936 0.113096 0.113255 0.982134
5 0.439232 0.685348 0.110427 0.11174 0.98211
13 0.687995 0.0653215 0.11267 0.114042 0.982095
5 0.0670971 0.0653992 0.112383 0.112797 0.982078
7 0.0672881 0.933782 0.114022 0.114208 0.98201
6 0.315333 0.313413 0.113512 0.111965 0.981974
8 0.936227 0.933948 0.112889 0.113796 0.981849
4 0.439272 0.313078 0.113253 0.113784 0.981503
10 0.439458 0.064855 0.111971 0.112919 0.981481
0 0.315373 0.0640293 0.111343 0.112774 0.981174
2 0.191664 0.933922 0.112439 0.113364 0.980907
12 0.191154 0.188772 0.112523 0.113526 0.980874
11 0.935324 0.0658619 0.113372 0.114624 0.980738
6 0.439847 0.189074 0.112129 0.113187 0.980655
2 0.191252 0.0646553 0.111329 0.112388 0.980481
11 0.439532 0.561439 0.112311 0.114027 0.980005
11 0.563698 0.561378 0.111615 0.113343 0.979959
13 0.687549 0.189324 0.112598 0.112941 0.979719
9 0.56322 0.437812 0.112234 0.112704 0.979659
11 0.811865 0.0656909 0.11204 0.113414 0.979404
1 0.563792 0.685363 0.112654 0.113116 0.979189
0 0.812005 0.809402 0.111662 0.11232 0.979137
12 0.564046 0.0650088 0.111366 0.111304 0.979133
7 0.687624 0.685516 0.111922 0.11178 0.978979
3 0.439331 0.437422 0.111958 0.112671 0.978938
9 0.935648 0.43776 0.111105 0.112215 0.978776
1 0.687849 0.561533 0.112611 0.11255 0.97873
3 0.687579 0.437724 0.111466 0.112427 0.97872
1 0.935889 0.561358 0.114299 0.112946 0.978325
1 0.935685 0.31273 0.114218 0.112754 0.978299
0 0.811999 0.561432 0.111895 0.112224 0.978296
12 0.811653 0.189037 0.112546 0.112338 0.978295
6 0.687922 0.313223 0.112731 0.112719 0.978211
6 0.936732 0.68535 0.113215 0.112833 0.978196
0 0.56312 0.313888 0.111107 0.111761 0.978042
0 0.811882 0.313195 0.111568 0.112692 0.978008
0 0.935358 0.188847 0.112665 0.111285 0.977832
12 0.811616 0.685531 0.112072 0.112151 0.977788
2 0.812387 0.437065 0.11212 0.113277 0.977315
6 0.936694 0.809263 0.111189 0.112102 0.108624
6 0.812841 0.685577 0.111391 0.112948 0.0298858
2 0.688307 0.809816 0.112455 0.11149 0.0117252
6 0.563879 0.0650935 0.110927 0.113947 0.0106113
6 0.191136 0.189181 0.112804 0.113648 0.00819995
6 0.811878 0.189616 0.112183 0.112912 0.00704159
11 0.688112 0.93373 0.112563 0.112742 0.00638697
2 0.0665595 0.809237 0.113965 0.111697 0.00570532
5 0.81193 0.0661259 0.111294 0.113245 0.00560617
2 0.315433 0.685217 0.111868 0.111358 0.00539681
8 0.192007 0.933959 0.111059 0.111299 0.00500352
1 0.563603 0.312704 0.111621 0.11263 0.00481072
1 0.811649 0.437893 0.108945 0.111379 0.00467067
8 0.813058 0.933479 0.112064 0.114095 0.00463714
3 0.687945 0.313677 0.111899 0.113681 0.00390892
2 0.688145 0.93321 0.113091 0.113913 0.00361671
2 0.936136 0.934116 0.113356 0.113528 0.00324426
12 0.563658 0.436703 0.110835 0.112379 0.00296437
3 0.93691 0.684997 0.1126 0.11385 0.00293693
3 0.0664232 0.18925 0.113052 0.112976 0.00292325
0 0.935657 0.31283 0.113375 0.111628 0.00291321
1 0.812105 0.312671 0.111111 0.112597 0.00288693
5 0.811455 0.436951 0.113598 0.112585 0.00285174
10 0.811469 0.0651605 0.1112 0.112227 0.00281694
12 0.439815 0.437639 0.111666 0.112034 0.00275452
10 0.439294 0.685351 0.111612 0.112025 0.00274448
4 0.0669821 0.9335 0.114959 0.113852 0.00274206
12 0.936434 0.436613 0.110968 0.112898 0.00271676
0 0.936082 0.560986 0.113697 0.111969 0.00270622
10 0.811574 0.933018 0.111692 0.111695 0.00264179
3 0.066218 0.684773 0.114152 0.111831 0.00263418
7 0.811537 0.686431 0.112741 0.113944 0.00260093
1 0.812098 0.560974 0.111552 0.111446 0.00259182
10 0.687316 0.933759 0.11131 0.111751 0.0025277
1 0.439759 0.313127 0.112642 0.113445 0.00243831
7 0.43949 0.313068 0.111625 0.112178 0.00243164
0 0.688204 0.561328 0.111639 0.111104 0.00235627
11 0.315948 0.685518 0.112124 0.11382 0.00230926
7 0.936025 0.809759 0.11182 0.114061 0.00230069
3 0.315461 0.313345 0.11133 0.113454 0.00220774
4 0.066819 0.437362 0.115443 0.112656 0.00218372
11 0.935981 0.934004 0.111029 0.112808 0.00216503
3 0.439569 0.189197 0.111839 0.11361 0.00215487
0 0.563756 0.438065 0.112337 0.113989 0.00204458
12 0.563574 0.189419 0.113168 0.112372 0.00196649
4 0.688507 0.685474 0.112835 0.113118 0.00188304
8 0.563691 0.933215 0.11209 0.112736 0.00182771
4 0.936694 0.809263 0.111189 0.112102 0.0018125
1 0.191446 0.685659 0.113446 0.113446 0.00179122
4 0.191472 0.313278 0.11176 0.112252 0.00177979
12 0.688561 0.438029 0.112669 0.113065 0.00171284
1 0.6882 0.313419 0.112588 0.114057 0.00170063
5 0.563898 0.561776 0.11148 0.112433 0.00169411
2 0.688143 0.561446 0.11169 0.112236 0.00169385
10 0.0672773 0.437889 0.111884 0.114071 0.00168347
10 0.191178 0.809937 0.111711 0.112135 0.00166524
10 0.191309 0.313434 0.112543 0.113272 0.00165813
6 0.688292 0.437994 0.112618 0.112949 0.0016545
11 0.688126 0.810246 0.112142 0.113455 0.00165063
13 0.936434 0.436613 0.110968 0.112898 0.00159927
13 0.0672773 0.437889 0.111884 0.114071 0.00159692
4 0.564033 0.68524 0.111707 0.111932 0.00158545
2 0.688236 0.437752 0.110714 0.111879 0.00158499
6 0.439815 0.437639 0.111666 0.112034 0.00157452
12 0.688141 0.189345 0.112821 0.113094 0.00157356
4 0.315401 0.561356 0.11224 0.11302 0.00156459
13 0.44003 0.0644184 0.112352 0.11252 0.00156453
10 0.0661245 0.065647 0.112314 0.111785 0.0015526
7 0.687995 0.0653215 0.11267 0.114042 0.00152871
13 0.191199 0.437182 0.111947 0.111607 0.00151159
6 0.191388 0.685199 0.112318 0.112788 0.0015047
12 0.0670887 0.436537 0.111999 0.112013 0.00149026
5 0.563872 0.810134 0.111836 0.113401 0.0014743
11 0.0676454 0.809747 0.113771 0.11434 0.00144562
4 0.43952 0.0651465 0.111891 0.114144 0.00144239
4 0.688206 0.437554 0.111999 0.113685 0.00142438
5 0.563426 0.934117 0.112122 0.11391 0.00141712
7 0.688152 0.313095 0.113387 0.114049 0.00138723
1 0.315373 0.0640293 0.111343 0.112774 0.00137323
4 0.191248 0.437127 0.112514 0.113275 0.00136983
7 0.811493 0.188917 0.110822 0.113124 0.00135266
1 0.315816 0.933796 0.112639 0.11272 0.00134769
3 0.0669324 0.561527 0.113341 0.112621 0.00133292
1 0.067063 0.685339 0.112866 0.112164 0.00132685
1 0.812005 0.809402 0.111662 0.11232 0.00131982
7 0.315888 0.437852 0.111481 0.112712 0.00131855
5 0.811904 0.933963 0.1123 0.113549 0.0013131
7 0.191388 0.685199 0.112318 0.112788 0.0013017
5 0.439648 0.561755 0.112305 0.113189 0.00130063
8 0.811579 0.436715 0.111584 0.113904 0.0012941
5 0.315449 0.933703 0.112147 0.111531 0.0012861
5 0.0672596 0.685231 0.113932 0.114787 0.00128364
8 0.563649 0.561312 0.111942 0.11232 0.00128307
0 0.563574 0.189419 0.113168 0.112372 0.00126931
12 0.439426 0.809728 0.111693 0.112497 0.00126899
12 0.315927 0.561504 0.112033 0.112109 0.00126885
6 0.0673628 0.313497 0.113891 0.114538 0.00126523
4 0.315439 0.188974 0.113225 0.114459 0.00125568
7 0.316318 0.809737 0.112519 0.113655 0.00123994
5 0.191861 0.934192 0.11255 0.112263 0.00123784
4 0.688069 0.560986 0.112315 0.112237 0.00122868
3 0.191581 0.561323 0.111862 0.112271 0.00121771
8 0.935884 0.437269 0.111567 0.114395 0.00120542
12 0.688213 0.0650801 0.111589 0.11223 0.00120222
12 0.316042 0.437936 0.108973 0.113905 0.00119732
3 0.563523 0.437585 0.111453 0.113395 0.00119707
5 0.439563 0.934501 0.112378 0.113839 0.00118586
1 0.19111 0.0646421 0.11204 0.111112 0.0011836
0 0.564033 0.68524 0.111707 0.111932 0.00117431
4 0.936082 0.560986 0.113697 0.111969 0.00113575
7 0.43952 0.0651465 0.111891 0.114144 0.00113189
9 0.936008 0.933983 0.11168 0.112284 0.0011282
8 0.066218 0.684773 0.114152 0.111831 0.00110803
9 0.688561 0.438029 0.112669 0.113065 0.00109089
7 0.191396 0.437888 0.112836 0.112288 0.00108701
12 0.439924 0.0646245 0.112226 0.114119 0.0010615
8 0.439486 0.933592 0.113057 0.113266 0.00105842
6 0.688143 0.561446 0.11169 0.112236 0.00105097
5 0.314923 0.561228 0.111939 0.111956 0.00104917
5 0.935324 0.0658619 0.113372 0.114624 0.00103891
6 0.688402 0.68588 0.112558 0.113398 0.00103767
3 0.811401 0.189677 0.111508 0.112742 0.00102197
3 0.811537 0.686431 0.112741 0.113944 0.00102151
7 0.936057 0.685677 0.112587 0.114307 0.00102007
4 0.93569 0.313251 0.112672 0.112991 0.00101548
2 0.563751 0.68541 0.111243 0.11176 0.00100677
8 0.191402 0.0646992 0.111286 0.111958 0.00100602
