4 0.316201 0.933689 0.111779 0.114223 0.987002
4 0.936147 0.933894 0.112618 0.113321 0.986952
9 0.191357 0.809164 0.111593 0.111818 0.986373
4 0.191875 0.685114 0.111916 0.112778 0.986069
9 0.0669898 0.809428 0.112412 0.112413 0.985708
4 0.191696 0.560991 0.112168 0.11341 0.985399
9 0.563225 0.809834 0.111786 0.112557 0.985353
11 0.81169 0.93387 0.112398 0.112399 0.985104
7 0.811793 0.809862 0.112649 0.111752 0.984799
6 0.0670643 0.685613 0.112725 0.11189 0.984537
10 0.191782 0.0648839 0.113137 0.112899 0.984269
4 0.191201 0.437458 0.112595 0.113314 0.984251
1 0.563449 0.933914 0.112049 0.113525 0.984218
10 0.688248 0.933842 0.112468 0.114376 0.984189
7 0.315804 0.437607 0.112322 0.112074 0.984095
4 0.315817 0.0647605 0.112948 0.113511 0.984038
0 0.439449 0.933603 0.111622 0.113013 0.983885
7 0.191506 0.313513 0.111846 0.111313 0.983808
10 0.067093 0.313032 0.114089 0.11288 0.983798
6 0.315839 0.18872 0.112051 0.112184 0.983479
5 0.0671298 0.437431 0.112259 0.112274 0.982881
13 0.936351 0.809816 0.111895 0.110745 0.982391
4 0.687987 0.0651823 0.112542 0.113788 0.982079
11 0.191263 0.933673 0.111868 0.113945 0.981925
6 0.93607 0.0650649 0.112821 0.112216 0.981686
7 0.563827 0.0650001 0.111499 0.112557 0.981554
11 0.31514 0.312867 0.11187 0.112343 0.981534
2 0.315066 0.561373 0.112023 0.112087 0.981479
13 0.439553 0.189137 0.112209 0.111762 0.981105
7 0.93601 0.685566 0.112894 0.111645 0.981068
3 0.81208 0.0650681 0.112081 0.113333 0.98061
2 0.190892 0.189088 0.112363 0.112431 0.980541
9 0.563027 0.189281 0.111884 0.112548 0.979912
1 0.43938 0.0649096 0.112301 0.113811 0.979864
3 0.315446 0.685378 0.112115 0.112243 0.979802
2 0.0672645 0.561088 0.11192 0.112394 0.979744
11 0.0665697 0.189081 0.112448 0.112121 0.979703
5 0.563733 0.561159 0.111769 0.113077 0.979409
6 0.563969 0.31331 0.112999 0.112746 0.979297
11 0.066517 0.0650039 0.113203 0.11339 0.979213
11 0.687925 0.561213 0.1123 0.113208 0.979202
6 0.687966 0.313028 0.112509 0.112614 0.979117
8 0.439823 0.809552 0.111474 0.112812 0.979068
8 0.315293 0.809484 0.111869 0.111018 0.979
8 0.439192 0.561251 0.112751 0.11274 0.97897
6 0.812508 0.685783 0.11297 0.112639 0.978916
0 0.439172 0.437367 0.11126 0.111625 0.978879
5 0.687752 0.685252 0.111728 0.112059 0.978852
2 0.0672423 0.934152 0.113178 0.114026 0.978727
0 0.439319 0.685457 0.112096 0.113239 0.978698
3 0.811634 0.18909 0.112219 0.112428 0.978536
0 0.687527 0.188779 0.112235 0.112965 0.978429
13 0.563305 0.437655 0.112066 0.112013 0.978164
6 0.936776 0.437158 0.113874 0.11278 0.97813
8 0.563499 0.685578 0.112511 0.112793 0.978073
8 0.439335 0.313084 0.112306 0.11315 0.978028
2 0.812025 0.312836 0.112895 0.113336 0.977695
2 0.812149 0.561568 0.112532 0.113545 0.977586
2 0.935862 0.188757 0.112877 0.113816 0.977528
8 0.687905 0.809588 0.111553 0.113824 0.977509
13 0.936363 0.562082 0.113644 0.112499 0.977441
2 0.812243 0.436902 0.112472 0.113359 0.977408
8 0.687912 0.437419 0.11136 0.111834 0.977338
5 0.936703 0.312646 0.112617 0.112047 0.977217
5 0.687994 0.561235 0.111323 0.111975 0.0275117
2 0.687825 0.80964 0.112135 0.111899 0.0217812
3 0.812485 0.437501 0.112228 0.112338 0.0205072
2 0.688162 0.436615 0.112619 0.112586 0.0132914
2 0.439844 0.809651 0.112077 0.112024 0.012691
2 0.315465 0.809585 0.11198 0.111472 0.00983598
2 0.563853 0.685225 0.11217 0.111998 0.00916709
3 0.811755 0.313632 0.112255 0.11244 0.00785984
2 0.439168 0.313879 0.111138 0.112681 0.00771596
5 0.315161 0.31276 0.112023 0.112402 0.0072889
3 0.935664 0.189576 0.112142 0.11301 0.00664937
2 0.439701 0.561237 0.1128 0.113099 0.00601742
1 0.811969 0.437873 0.108509 0.111822 0.00594358
3 0.315634 0.561472 0.112433 0.112372 0.00524318
7 0.563748 0.436674 0.110629 0.113167 0.00514942
12 0.811455 0.809992 0.112562 0.112471 0.00493772
12 0.563686 0.437987 0.111921 0.113603 0.00462208
1 0.811756 0.313351 0.111474 0.112938 0.00417531
5 0.191263 0.933673 0.111868 0.113945 0.00406488
10 0.19146 0.313471 0.113272 0.112879 0.00399617
10 0.315662 0.437876 0.111109 0.112173 0.00367156
4 0.191352 0.313414 0.111457 0.110944 0.00342791
2 0.688164 0.685429 0.111632 0.112469 0.0033791
1 0.439223 0.436861 0.112067 0.112992 0.00336514
5 0.812522 0.933834 0.113274 0.112537 0.00327873
7 0.687672 0.0649548 0.111373 0.11179 0.00323517
5 0.811474 0.561536 0.113148 0.112546 0.00313776
11 0.315593 0.809668 0.112103 0.112141 0.00308413
2 0.68819 0.561524 0.112135 0.112787 0.00307288
3 0.81272 0.561752 0.112342 0.112652 0.00305147
8 0.811502 0.933146 0.111004 0.111517 0.00304923
1 0.439487 0.685375 0.111812 0.112544 0.00301508
5 0.0671856 0.560738 0.113097 0.113733 0.00297864
3 0.936497 0.0651882 0.111821 0.112693 0.00288344
7 0.935849 0.933697 0.112432 0.114329 0.00283559
5 0.0667643 0.0646019 0.112976 0.112834 0.00273296
11 0.439312 0.189428 0.11186 0.112173 0.00269484
0 0.439242 0.0643238 0.111937 0.114305 0.00266618
10 0.563423 0.437837 0.112785 0.113086 0.00255905
10 0.811608 0.933303 0.11069 0.111359 0.00252768
7 0.936238 0.809189 0.111828 0.111812 0.00245886
7 0.936245 0.562074 0.11238 0.113044 0.00238182
6 0.811487 0.809769 0.111514 0.112226 0.00233828
12 0.811603 0.0650683 0.113241 0.113568 0.00232485
5 0.0668281 0.188524 0.112351 0.111723 0.00231275
3 0.0668454 0.561027 0.114787 0.112333 0.00230914
1 0.315817 0.0647605 0.112948 0.113511 0.00227133
12 0.936077 0.686123 0.113058 0.113223 0.00224259
5 0.811517 0.437001 0.113682 0.112982 0.00221663
6 0.811637 0.189228 0.113207 0.113087 0.00220941
11 0.563751 0.685282 0.111521 0.113171 0.00220882
1 0.687606 0.188971 0.11218 0.112395 0.00218176
10 0.936238 0.809189 0.111828 0.111812 0.00214639
12 0.811637 0.189228 0.113207 0.113087 0.00214586
1 0.190958 0.437511 0.11307 0.112696 0.00214118
5 0.811394 0.313051 0.113226 0.113042 0.00212589
0 0.688145 0.809464 0.112431 0.113197 0.00207104
1 0.687987 0.0651823 0.112542 0.113788 0.00206488
12 0.439312 0.189428 0.11186 0.112173 0.00205552
7 0.191242 0.437575 0.111878 0.112261 0.00205102
0 0.563513 0.933752 0.110931 0.112076 0.00202123
4 0.316085 0.437953 0.112214 0.112582 0.00201293
7 0.19128 0.685643 0.112458 0.112783 0.00200459
8 0.0669936 0.933899 0.114019 0.114222 0.00198303
3 0.0666528 0.685101 0.114305 0.112918 0.0019787
1 0.936063 0.188733 0.112727 0.113235 0.0019417
3 0.688141 0.685686 0.111955 0.112421 0.00187449
1 0.688175 0.313144 0.111991 0.113783 0.00187423
0 0.688123 0.43712 0.112984 0.114204 0.0018738
11 0.439844 0.809651 0.112077 0.112024 0.00187234
1 0.316201 0.933689 0.111779 0.114223 0.00186558
1 0.191754 0.561305 0.112969 0.113427 0.00176726
6 0.936076 0.685904 0.112252 0.113205 0.00176335
7 0.563971 0.313445 0.112422 0.112202 0.00176014
9 0.811502 0.933146 0.111004 0.111517 0.00175573
6 0.811603 0.0650683 0.113241 0.113568 0.00172989
1 0.936147 0.933894 0.112618 0.113321 0.00167094
1 0.191727 0.68555 0.112882 0.113192 0.00166638
4 0.191782 0.0648839 0.113137 0.112899 0.00165664
4 0.067178 0.313092 0.112428 0.114255 0.00165653
3 0.066838 0.436311 0.112085 0.111984 0.00164373
1 0.0673495 0.933738 0.113565 0.113761 0.00157998
2 0.936345 0.934119 0.113064 0.114846 0.00157732
2 0.687987 0.0651823 0.112542 0.113788 0.00157504
6 0.31632 0.685075 0.111376 0.111624 0.00154534
1 0.812356 0.561377 0.112726 0.113202 0.00153167
5 0.93577 0.188917 0.11324 0.113931 0.0015213
6 0.19128 0.685643 0.112458 0.112783 0.00151933
9 0.439889 0.561341 0.112265 0.112564 0.00151889
0 0.439254 0.313642 0.11155 0.112776 0.0015163
4 0.93601 0.685566 0.112894 0.111645 0.00150539
1 0.0670311 0.560989 0.113005 0.112776 0.00150465
1 0.315429 0.561237 0.112947 0.113709 0.00148919
13 0.688045 0.933985 0.111441 0.111353 0.0014759
2 0.316181 0.934271 0.113092 0.11478 0.00146561
7 0.314845 0.0648495 0.112328 0.11293 0.00146398
9 0.439168 0.313879 0.111138 0.112681 0.00145633
1 0.190758 0.189285 0.111623 0.111992 0.00145124
4 0.688164 0.685429 0.111632 0.112469 0.00145097
11 0.687895 0.436976 0.111881 0.112781 0.00144549
3 0.19078 0.189008 0.111497 0.11197 0.00144295
7 0.191284 0.561091 0.112256 0.112167 0.00143311
7 0.0670572 0.31366 0.112667 0.112532 0.00142391
10 0.687685 0.68557 0.111524 0.112049 0.00142117
7 0.936501 0.437443 0.112439 0.113094 0.0014099
5 0.315391 0.561253 0.112566 0.114134 0.00140497
6 0.191242 0.437575 0.111878 0.112261 0.0014005
5 0.0669835 0.933636 0.112824 0.112572 0.00138643
10 0.687972 0.0644606 0.111657 0.114473 0.00138539
3 0.315839 0.18872 0.112051 0.112184 0.00137919
4 0.812276 0.809609 0.112519 0.111885 0.00137515
11 0.686846 0.685418 0.110351 0.109547 0.0013553
10 0.315049 0.313022 0.111306 0.112956 0.00134367
4 0.688551 0.933339 0.112625 0.112819 0.00133386
3 0.0669936 0.933899 0.114019 0.114222 0.00133152
1 0.8115 0.685982 0.11229 0.112501 0.00132771
4 0.563698 0.0648186 0.112757 0.112354 0.00131042
0 0.563356 0.189119 0.112673 0.111265 0.00129739
13 0.191114 0.0653977 0.111895 0.11175 0.00126902
9 0.811534 0.0650582 0.113649 0.113542 0.00123561
2 0.81308 0.93349 0.111812 0.112406 0.00122839
10 0.936468 0.313104 0.110163 0.11109 0.00121864
8 0.813024 0.313268 0.111465 0.112835 0.00121807
10 0.563659 0.0646608 0.112953 0.113661 0.00120842
12 0.563209 0.189137 0.112397 0.111351 0.00120578
1 0.315446 0.685378 0.112115 0.112243 0.00120031
1 0.811245 0.0652388 0.112429 0.112632 0.00119938
3 0.564233 0.312906 0.112222 0.112389 0.00116635
8 0.813042 0.561806 0.109234 0.112203 0.0011653
11 0.687795 0.809539 0.112 0.113188 0.00116277
12 0.936493 0.562918 0.114537 0.113196 0.00115229
1 0.811789 0.1893 0.112532 0.112825 0.0011481
6 0.315836 0.436612 0.110624 0.113201 0.00114426
11 0.439386 0.31383 0.112344 0.112414 0.00113945
4 0.315859 0.685382 0.113598 0.112415 0.00113362
3 0.688557 0.312479 0.111479 0.111872 0.00113232
3 0.936604 0.436974 0.113109 0.11327 0.00112236
10 0.68829 0.561084 0.112507 0.113009 0.00111884
2 0.191727 0.68555 0.112882 0.113192 0.00111883
11 0.439618 0.561119 0.112142 0.11423 0.00110805
3 0.81239 0.685245 0.112284 0.112647 0.00108761
5 0.688482 0.933233 0.111724 0.112465 0.00108672
2 0.563613 0.561378 0.112019 0.112439 0.00108385
8 0.191027 0.808954 0.113234 0.111218 0.00107712
11 0.936297 0.312943 0.112712 0.112722 0.00107256
10 0.066127 0.0648516 0.112749 0.112207 0.00102232
2 0.812994 0.0653774 0.110495 0.111497 0.00101138
