2 0.439262 0.809626 0.112425 0.112639 0.987403
5 0.564261 0.933885 0.111702 0.114403 0.987363
3 0.688526 0.933727 0.113776 0.113196 0.987185
3 0.315745 0.685177 0.112142 0.110622 0.986933
4 0.191775 0.809614 0.112069 0.111394 0.986834
9 0.93655 0.809826 0.111902 0.110607 0.986128
3 0.439241 0.0646411 0.111469 0.111723 0.985902
8 0.315419 0.934055 0.112718 0.112118 0.985867
9 0.564029 0.685542 0.111082 0.111384 0.985369
10 0.440083 0.933832 0.111956 0.113242 0.984895
10 0.316011 0.809749 0.11219 0.111813 0.984841
11 0.687809 0.809488 0.111751 0.11228 0.98477
7 0.936064 0.934149 0.112675 0.112323 0.984705
3 0.812678 0.93366 0.112974 0.112715 0.984699
5 0.0673075 0.934146 0.113542 0.114379 0.9841
5 0.44 0.685362 0.11208 0.113106 0.983715
9 0.191375 0.437594 0.111421 0.112313 0.983363
10 0.0673894 0.685452 0.112643 0.110558 0.983356
8 0.0668704 0.437776 0.113303 0.112559 0.983255
13 0.564218 0.809318 0.111938 0.112486 0.983134
4 0.315441 0.561366 0.113186 0.112906 0.983112
8 0.563341 0.189654 0.111647 0.112776 0.983006
7 0.314682 0.0649433 0.11196 0.112371 0.982709
2 0.812034 0.809919 0.111675 0.112342 0.982686
13 0.563703 0.0651612 0.112133 0.112971 0.982559
5 0.315538 0.189463 0.110835 0.112485 0.982471
4 0.191749 0.313181 0.112402 0.112619 0.982248
2 0.687478 0.0652352 0.110533 0.112323 0.982174
10 0.0679815 0.189274 0.112306 0.110571 0.981898
8 0.0673692 0.561745 0.113458 0.113034 0.981739
11 0.191494 0.0653255 0.111835 0.112429 0.98169
10 0.43937 0.188908 0.112736 0.112164 0.981673
13 0.439801 0.561709 0.112503 0.111302 0.98167
1 0.315211 0.437002 0.111892 0.111637 0.981641
13 0.19147 0.93376 0.112428 0.113031 0.981463
11 0.19148 0.188668 0.111699 0.112858 0.981461
11 0.191399 0.56099 0.111573 0.112222 0.981452
8 0.191332 0.685359 0.113145 0.111966 0.981261
12 0.0674822 0.313244 0.112533 0.11235 0.981206
9 0.43972 0.437471 0.112454 0.111987 0.980926
8 0.936151 0.0650511 0.112978 0.113144 0.980232
7 0.936207 0.685409 0.112111 0.111371 0.980133
2 0.43923 0.313196 0.11227 0.112994 0.980024
13 0.0676248 0.809405 0.113845 0.112992 0.97985
6 0.066888 0.0643255 0.112965 0.113144 0.979795
9 0.563746 0.561703 0.111968 0.111755 0.979569
11 0.687824 0.561088 0.112058 0.113549 0.979539
10 0.564024 0.313021 0.112821 0.113586 0.979514
6 0.688283 0.685653 0.112596 0.111801 0.97933
4 0.688259 0.18869 0.113216 0.112988 0.979276
1 0.812459 0.188573 0.111934 0.112918 0.979068
10 0.812403 0.0644964 0.11298 0.113817 0.97893
12 0.563991 0.437297 0.111754 0.112846 0.978873
12 0.811844 0.313516 0.112314 0.111973 0.978637
10 0.936653 0.436868 0.113648 0.114264 0.978637
7 0.68814 0.313184 0.111986 0.112695 0.978579
9 0.936502 0.313509 0.110714 0.111323 0.978469
0 0.68754 0.437152 0.112115 0.112962 0.978435
8 0.315488 0.313552 0.113117 0.112855 0.978306
2 0.81221 0.437211 0.112409 0.113996 0.978194
3 0.811779 0.561667 0.111091 0.111549 0.978092
12 0.936501 0.561483 0.112774 0.112119 0.978013
2 0.812218 0.685559 0.112606 0.112994 0.97782
3 0.936537 0.188475 0.112022 0.112966 0.977582
2 0.0665293 0.43734 0.114706 0.111301 0.0140439
2 0.813151 0.933623 0.110459 0.111402 0.00704207
5 0.191192 0.0646881 0.111907 0.111794 0.00687305
12 0.191984 0.933907 0.111274 0.111545 0.00674954
2 0.0674279 0.561308 0.112189 0.115506 0.00642711
5 0.688278 0.809746 0.112314 0.111947 0.00558847
12 0.439987 0.561459 0.111393 0.11186 0.00547715
2 0.935946 0.0651838 0.111769 0.112546 0.00533218
1 0.315386 0.561721 0.112881 0.112122 0.0049912
2 0.563704 0.189092 0.111734 0.112648 0.0048221
1 0.811922 0.437937 0.110354 0.112984 0.00470521
3 0.687704 0.685489 0.112195 0.111486 0.00455946
12 0.0673503 0.80926 0.112074 0.112341 0.00448742
1 0.688081 0.189276 0.112809 0.112876 0.00435137
2 0.191553 0.685503 0.111619 0.112992 0.00435091
1 0.687882 0.436897 0.111977 0.112692 0.00431587
1 0.191395 0.313256 0.110517 0.11191 0.00420626
1 0.191737 0.809784 0.112902 0.112616 0.00412684
12 0.564298 0.809425 0.111703 0.112048 0.00398895
9 0.813151 0.933623 0.110459 0.111402 0.00388385
5 0.811539 0.685596 0.113824 0.111983 0.00386532
5 0.811648 0.810075 0.113693 0.111993 0.00345627
11 0.191692 0.933892 0.111485 0.113022 0.00339766
5 0.813171 0.933203 0.110734 0.111164 0.00339139
0 0.81274 0.187993 0.111468 0.112381 0.00334919
3 0.8127 0.809395 0.111891 0.112653 0.00327689
0 0.191751 0.437941 0.109965 0.11193 0.00309145
5 0.0672492 0.188573 0.111903 0.111087 0.00308929
0 0.0667912 0.438159 0.11166 0.113907 0.00306404
8 0.688198 0.0646843 0.110515 0.113018 0.00290951
3 0.812028 0.437923 0.112407 0.112658 0.00288571
3 0.0666986 0.0643421 0.11196 0.112336 0.00282608
8 0.191384 0.438022 0.111405 0.11238 0.00274466
10 0.688364 0.808931 0.111142 0.113007 0.00272539
1 0.813099 0.809583 0.11248 0.113345 0.00265902
2 0.315645 0.31294 0.112963 0.112316 0.00264799
2 0.812955 0.188622 0.111215 0.113238 0.00260957
4 0.936285 0.561519 0.112493 0.111351 0.00250647
12 0.936105 0.188983 0.110878 0.111512 0.00247668
12 0.936436 0.313415 0.110329 0.111491 0.00247666
13 0.936249 0.437046 0.111569 0.111275 0.00244937
1 0.688178 0.0644684 0.111885 0.112816 0.00239826
8 0.813047 0.437545 0.109444 0.113396 0.00239314
7 0.688245 0.685148 0.113013 0.114003 0.00231916
8 0.688197 0.560961 0.111507 0.113781 0.00230996
11 0.564201 0.809303 0.110857 0.112236 0.00229119
5 0.811452 0.437231 0.113447 0.112801 0.00225928
12 0.935987 0.933959 0.112586 0.113422 0.00223953
1 0.439375 0.313593 0.111655 0.112128 0.00220781
0 0.440345 0.437948 0.110081 0.111773 0.00220554
5 0.688684 0.933203 0.112807 0.113201 0.00212912
2 0.688669 0.933488 0.113038 0.113084 0.00204645
8 0.440044 0.438028 0.110967 0.112054 0.00204244
10 0.0668473 0.934285 0.113409 0.113441 0.00202965
11 0.0671052 0.808975 0.113871 0.112409 0.00194065
7 0.936197 0.561514 0.111022 0.113188 0.00190777
3 0.936752 0.561217 0.110989 0.11203 0.00186514
6 0.935939 0.685553 0.112003 0.11359 0.00183732
13 0.439615 0.188801 0.111622 0.111381 0.00180841
1 0.813083 0.685078 0.114072 0.11211 0.0017962
13 0.191398 0.561293 0.111678 0.112229 0.0017807
6 0.563204 0.438222 0.113517 0.112652 0.00177239
11 0.0677267 0.561183 0.113008 0.115366 0.00176593
10 0.19147 0.933698 0.11127 0.111297 0.00172678
11 0.191766 0.685434 0.1118 0.113216 0.00172514
1 0.43991 0.809115 0.113433 0.113243 0.00172322
12 0.93594 0.685752 0.112746 0.113708 0.001715
13 0.439716 0.934039 0.11162 0.111977 0.00171132
5 0.813034 0.0647623 0.112647 0.112967 0.00170931
11 0.440175 0.561537 0.111253 0.112303 0.00167089
2 0.191395 0.313256 0.110517 0.11191 0.00163744
4 0.563833 0.313358 0.112054 0.112825 0.00162418
9 0.936321 0.437034 0.113222 0.11272 0.00160841
8 0.688364 0.808931 0.111142 0.113007 0.00160367
7 0.811599 0.313529 0.112021 0.113852 0.00159679
2 0.813078 0.562013 0.109496 0.109622 0.00156125
12 0.936127 0.810035 0.110968 0.11288 0.00154905
1 0.811749 0.561713 0.111442 0.111634 0.0015062
12 0.812315 0.0650777 0.113249 0.113195 0.0015039
3 0.687938 0.0654121 0.111895 0.112775 0.00149948
3 0.811985 0.686024 0.111856 0.111189 0.00149788
12 0.688583 0.933715 0.110937 0.111988 0.00149283
7 0.813044 0.0649887 0.111642 0.114537 0.00147331
12 0.936172 0.436897 0.114671 0.113511 0.00146991
10 0.439805 0.685445 0.112788 0.11279 0.00144979
9 0.813078 0.562013 0.109496 0.109622 0.00144835
6 0.688296 0.313246 0.11229 0.11348 0.00144312
10 0.191388 0.560874 0.111132 0.112555 0.00142437
11 0.314968 0.809603 0.111945 0.11194 0.00140328
0 0.936495 0.313436 0.110929 0.112022 0.00139093
5 0.191463 0.80949 0.11212 0.111804 0.00138795
11 0.316153 0.934062 0.112588 0.113089 0.00138177
4 0.812187 0.189128 0.111498 0.112428 0.00137948
6 0.936099 0.188938 0.11148 0.112907 0.00137918
3 0.936127 0.810035 0.110968 0.11288 0.00137871
5 0.439641 0.809568 0.112329 0.111953 0.00137615
0 0.315521 0.436933 0.11183 0.11286 0.00136084
12 0.5642 0.561271 0.111165 0.112789 0.00134077
7 0.688469 0.188774 0.112774 0.113155 0.00133848
10 0.688198 0.56118 0.11139 0.113033 0.00133335
1 0.0666986 0.0643421 0.11196 0.112336 0.0013323
2 0.191251 0.809476 0.111947 0.111735 0.00132367
6 0.811963 0.313687 0.113333 0.11239 0.00131398
10 0.191198 0.188866 0.111505 0.113564 0.00131053
11 0.563704 0.189092 0.111734 0.112648 0.00130799
13 0.191219 0.188918 0.112036 0.112253 0.00129833
4 0.936062 0.933943 0.112469 0.113792 0.00128523
6 0.936006 0.93371 0.111573 0.11363 0.00127731
11 0.811701 0.0645428 0.112571 0.113772 0.00127153
4 0.688583 0.933715 0.110937 0.111988 0.00126867
4 0.44015 0.933408 0.113084 0.114216 0.001259
5 0.43988 0.0643141 0.109404 0.111192 0.00125887
8 0.191398 0.561293 0.111678 0.112229 0.00125855
8 0.813074 0.685557 0.109955 0.112396 0.00124901
4 0.688311 0.31333 0.112201 0.112816 0.00123341
4 0.315693 0.437439 0.111961 0.112922 0.00122152
12 0.564069 0.313765 0.111588 0.112669 0.00121793
2 0.688422 0.809379 0.112285 0.112645 0.00121737
10 0.688109 0.313453 0.112403 0.112511 0.00121698
4 0.813044 0.0649887 0.111642 0.114537 0.00121045
3 0.440285 0.809268 0.111692 0.112477 0.00120959
12 0.439927 0.189212 0.112781 0.112853 0.00120543
11 0.0665293 0.43734 0.114706 0.111301 0.00120196
10 0.0671971 0.809766 0.112079 0.112281 0.0011866
12 0.439781 0.0644078 0.111279 0.112029 0.0011835
5 0.688178 0.0644684 0.111885 0.112816 0.0011815
5 0.687976 0.561047 0.112122 0.112244 0.00118149
4 0.93594 0.685752 0.112746 0.113708 0.00117775
8 0.813096 0.80989 0.10941 0.113137 0.00117423
11 0.315417 0.313128 0.113154 0.112155 0.00116802
4 0.440035 0.188866 0.112047 0.112312 0.00116707
12 0.563482 0.0652357 0.111483 0.11112 0.00116421
0 0.936275 0.0647457 0.111248 0.111908 0.00116223
4 0.686862 0.685869 0.113131 0.11128 0.00116013
12 0.440437 0.934024 0.112903 0.113667 0.00115521
6 0.811648 0.561911 0.110928 0.112216 0.00115215
11 0.0667834 0.189098 0.113285 0.111151 0.0011503
0 0.315765 0.313673 0.111461 0.112308 0.00114577
2 0.936693 0.809553 0.110855 0.111534 0.00114221
1 0.813171 0.933203 0.110734 0.111164 0.00113859
3 0.439725 0.313813 0.111802 0.112949 0.00113258
5 0.563401 0.313101 0.111461 0.111607 0.00112856
11 0.936143 0.0648361 0.110897 0.112767 0.00112602
12 0.440474 0.436728 0.111594 0.111758 0.00112231
9 0.936105 0.188983 0.110878 0.111512 0.00112099
9 0.191567 0.561139 0.111148 0.111897 0.00111554
10 0.936864 0.561377 0.110927 0.111381 0.00110449
8 0.936111 0.809938 0.110777 0.113254 0.0011026
12 0.563946 0.685171 0.110332 0.111026 0.00109966
10 0.314899 0.189294 0.11148 0.112151 0.00109702
2 0.688081 0.189276 0.112809 0.112876 0.00109669
5 0.191504 0.56105 0.111385 0.112115 0.00109163
11 0.936992 0.436462 0.111968 0.113889 0.00107875
0 0.563695 0.561611 0.111452 0.111504 0.00107788
2 0.316163 0.93409 0.111906 0.113583 0.00107753
12 0.191777 0.436684 0.110478 0.111378 0.00106473
1 0.439553 0.0645674 0.111543 0.112402 0.0010607
9 0.688669 0.933488 0.113038 0.113084 0.00105734
10 0.564154 0.934252 0.111892 0.112802 0.00104908
4 0.936103 0.189073 0.111327 0.112639 0.00104693
7 0.0676356 0.18924 0.112473 0.112447 0.00104309
5 0.191628 0.189076 0.111984 0.111927 0.00103136
