9 0.315314 0.933684 0.111539 0.112976 0.987725
9 0.688068 0.934026 0.112391 0.114176 0.98621
2 0.439236 0.809218 0.112316 0.112469 0.985272
3 0.811998 0.933979 0.11315 0.114343 0.984984
2 0.563604 0.933857 0.113173 0.114364 0.984564
13 0.316094 0.561679 0.111503 0.112511 0.984246
5 0.43919 0.0649967 0.110286 0.111968 0.983911
11 0.563386 0.809564 0.11146 0.113164 0.983706
4 0.439658 0.934203 0.113618 0.114634 0.982992
7 0.0673578 0.561741 0.113634 0.113486 0.982957
0 0.315585 0.809451 0.112021 0.112132 0.982933
1 0.191541 0.809545 0.111309 0.11208 0.982861
4 0.19139 0.685499 0.113431 0.113514 0.982816
10 0.315174 0.437249 0.112645 0.111889 0.982689
11 0.314917 0.189035 0.1121 0.112752 0.982674
6 0.935645 0.0652262 0.113308 0.114076 0.982511
0 0.191842 0.933659 0.111584 0.112676 0.98248
10 0.0674867 0.0647042 0.113815 0.114274 0.982473
5 0.315567 0.313555 0.111232 0.113052 0.982449
6 0.191344 0.313294 0.112502 0.113452 0.98242
4 0.0672368 0.809708 0.113004 0.112685 0.982377
5 0.0671895 0.189377 0.112033 0.112417 0.982354
2 0.0666667 0.437512 0.113279 0.112163 0.982332
11 0.0670688 0.685779 0.113287 0.113376 0.98232
2 0.439162 0.684873 0.112197 0.112297 0.98228
3 0.0659833 0.933776 0.115781 0.114463 0.98227
1 0.191463 0.561401 0.111758 0.11241 0.982131
12 0.936302 0.810049 0.112748 0.112915 0.982031
0 0.811846 0.809162 0.112542 0.112817 0.981553
12 0.191154 0.437508 0.112333 0.111397 0.981395
4 0.68807 0.809791 0.112649 0.113185 0.981184
4 0.439252 0.313124 0.113106 0.113977 0.981121
8 0.190875 0.189238 0.112101 0.112569 0.981048
3 0.936221 0.685363 0.113831 0.113801 0.980997
8 0.935918 0.933953 0.113592 0.114183 0.980589
2 0.190951 0.0645851 0.111377 0.11261 0.980588
0 0.0671056 0.312641 0.113156 0.112266 0.980315
13 0.439226 0.188735 0.112696 0.113188 0.980207
9 0.563324 0.189296 0.110929 0.112896 0.980186
8 0.315523 0.685471 0.111888 0.111604 0.980038
8 0.811955 0.0651996 0.112234 0.112631 0.979557
6 0.439792 0.437344 0.112897 0.113446 0.97952
4 0.563743 0.31311 0.113217 0.114506 0.979485
11 0.563702 0.437258 0.11173 0.113859 0.979473
8 0.315063 0.064709 0.11247 0.112388 0.979244
1 0.439318 0.5614 0.112884 0.113044 0.979159
2 0.563345 0.0649847 0.111873 0.11285 0.979128
10 0.68812 0.312883 0.112756 0.114546 0.979051
1 0.563529 0.685205 0.112273 0.112787 0.979019
11 0.687873 0.437153 0.112195 0.113589 0.979003
1 0.811852 0.685215 0.112939 0.113017 0.978927
7 0.68731 0.685032 0.111836 0.11169 0.978862
1 0.68769 0.0645867 0.111927 0.113037 0.978672
12 0.563576 0.561622 0.112022 0.111697 0.978544
0 0.811611 0.561495 0.112358 0.112435 0.978499
1 0.812092 0.188993 0.112569 0.112856 0.978491
5 0.687555 0.56133 0.111811 0.112173 0.978414
11 0.935654 0.188982 0.111373 0.112149 0.978318
0 0.812045 0.313062 0.111773 0.112634 0.978241
3 0.687923 0.188418 0.112462 0.113218 0.978223
1 0.936033 0.561074 0.114511 0.113515 0.978076
0 0.935967 0.436866 0.113281 0.112347 0.977999
8 0.936172 0.31339 0.111312 0.111629 0.977617
8 0.812224 0.437122 0.112317 0.112795 0.97744
6 0.936551 0.809382 0.111182 0.112016 0.0770966
2 0.812311 0.436485 0.112066 0.110973 0.0311826
6 0.563709 0.561393 0.111868 0.112515 0.0108954
2 0.315412 0.685229 0.111644 0.111295 0.0092948
2 0.191095 0.188682 0.111593 0.112152 0.00901945
2 0.936685 0.312512 0.111439 0.109681 0.00823895
9 0.811579 0.933601 0.113281 0.112943 0.00528038
0 0.688099 0.0637151 0.111748 0.112982 0.0048509
7 0.439575 0.933856 0.112078 0.112797 0.00460898
2 0.811899 0.0647152 0.11152 0.112999 0.00435293
6 0.191311 0.437713 0.112293 0.112739 0.00425171
2 0.93578 0.934173 0.114029 0.114032 0.00395047
5 0.0673344 0.436634 0.112929 0.115061 0.00382121
11 0.811376 0.0642677 0.109776 0.111849 0.00378921
12 0.686736 0.685666 0.110268 0.11174 0.00378681
2 0.688099 0.0647081 0.111086 0.112027 0.00363192
3 0.066022 0.436187 0.114372 0.111113 0.00349952
8 0.688212 0.43715 0.111425 0.114045 0.00346922
12 0.811644 0.933584 0.112684 0.11387 0.00346859
11 0.811548 0.436567 0.109804 0.111701 0.0034294
7 0.191161 0.436664 0.111134 0.111817 0.00328572
3 0.191214 0.313525 0.110872 0.113042 0.00307311
11 0.686696 0.561519 0.110549 0.109988 0.00306341
2 0.314777 0.0648614 0.111721 0.111452 0.00304873
12 0.687708 0.188833 0.111664 0.112439 0.00291261
1 0.564119 0.312988 0.112553 0.11374 0.00279502
2 0.688159 0.561244 0.111562 0.111875 0.00274739
0 0.812096 0.188739 0.112096 0.113576 0.00265587
0 0.936327 0.560568 0.113538 0.112237 0.00264163
1 0.0667163 0.437954 0.110583 0.108481 0.00257274
7 0.439362 0.313145 0.11206 0.112531 0.00247035
11 0.315883 0.685515 0.112195 0.113867 0.00245945
11 0.935904 0.933978 0.111497 0.113377 0.00245528
7 0.687692 0.809359 0.112031 0.112659 0.00241644
0 0.812074 0.685205 0.111084 0.112015 0.00239767
1 0.439755 0.313119 0.112585 0.113618 0.00233394
7 0.936043 0.809791 0.111435 0.11401 0.00228226
5 0.191891 0.0645963 0.110661 0.110817 0.00222936
5 0.563939 0.437861 0.112119 0.113093 0.00221945
5 0.314953 0.189545 0.112319 0.113403 0.00220995
0 0.811629 0.437955 0.111916 0.112687 0.002189
7 0.563803 0.561244 0.112432 0.113206 0.0021875
2 0.813064 0.933729 0.111991 0.112228 0.00210871
1 0.812036 0.312617 0.111772 0.112668 0.00206073
1 0.811476 0.561077 0.112357 0.11196 0.00200411
4 0.0670013 0.561231 0.115325 0.113126 0.0020038
8 0.68847 0.933926 0.113114 0.112837 0.00200269
0 0.93587 0.313406 0.111506 0.11255 0.00199749
5 0.81308 0.933358 0.112612 0.110921 0.00198499
12 0.563402 0.189224 0.11124 0.111436 0.00196021
10 0.439574 0.0646623 0.111434 0.112045 0.00195279
5 0.439458 0.809215 0.111579 0.111596 0.00193649
9 0.935792 0.437158 0.112626 0.112507 0.00191844
6 0.191241 0.685198 0.112306 0.112892 0.00191595
1 0.439716 0.684989 0.112694 0.112565 0.00191466
4 0.31523 0.437349 0.112195 0.113105 0.00186676
1 0.0671056 0.312641 0.113156 0.112266 0.0018305
1 0.563518 0.0642369 0.11116 0.113345 0.00182082
1 0.44 0.934205 0.114003 0.115085 0.00181577
1 0.564189 0.933651 0.113171 0.114104 0.00181571
1 0.19139 0.685499 0.113431 0.113514 0.00178111
5 0.563858 0.809914 0.111927 0.113336 0.00176403
0 0.68847 0.933926 0.113114 0.112837 0.00175402
12 0.439417 0.18876 0.111765 0.112128 0.00174733
2 0.688148 0.189016 0.112202 0.111753 0.0017371
7 0.0669044 0.809686 0.114843 0.113727 0.00172514
1 0.688414 0.809453 0.112379 0.113139 0.00170833
7 0.935645 0.0652262 0.113308 0.114076 0.00170542
3 0.936098 0.065039 0.113146 0.114479 0.00169604
4 0.688124 0.188803 0.113014 0.113293 0.00168866
1 0.439723 0.809117 0.112774 0.112791 0.00168494
4 0.688209 0.31349 0.112641 0.114918 0.00167455
12 0.688282 0.313398 0.112685 0.112775 0.00163533
5 0.0667079 0.685663 0.113409 0.113759 0.00162781
0 0.563461 0.189146 0.11158 0.112098 0.00160301
4 0.936551 0.809382 0.111182 0.112016 0.00159374
5 0.935607 0.189509 0.113531 0.114262 0.0015627
7 0.31618 0.561172 0.112242 0.113383 0.00155304
11 0.935916 0.312778 0.111101 0.113835 0.00155253
4 0.563921 0.685127 0.111364 0.11163 0.00155062
5 0.688235 0.437937 0.112817 0.113145 0.00153911
6 0.68818 0.685417 0.11204 0.113628 0.00151573
3 0.688134 0.561471 0.111544 0.112179 0.00149265
5 0.688166 0.313316 0.113012 0.114213 0.00148343
7 0.191241 0.685198 0.112306 0.112892 0.00145452
1 0.0672314 0.809785 0.114614 0.113591 0.00142384
11 0.315113 0.0647486 0.112458 0.112955 0.00141636
5 0.0666259 0.809165 0.112735 0.113125 0.00140411
4 0.4395 0.561419 0.11221 0.112305 0.00140396
0 0.563921 0.685127 0.111364 0.11163 0.00140263
10 0.315435 0.313375 0.111781 0.112483 0.00137766
12 0.688353 0.93422 0.113014 0.112297 0.00137688
5 0.68818 0.188669 0.113018 0.112119 0.00137328
5 0.563417 0.313388 0.112523 0.112613 0.00136649
5 0.43965 0.685362 0.112133 0.112956 0.00136489
10 0.0666867 0.189249 0.112349 0.113078 0.00136166
10 0.687468 0.561278 0.111274 0.1119 0.00133867
12 0.935825 0.685501 0.111963 0.112406 0.00132917
0 0.439503 0.56121 0.112287 0.112736 0.00132899
7 0.191557 0.313726 0.112288 0.112791 0.00132179
4 0.688209 0.685303 0.11291 0.112888 0.00131793
8 0.563657 0.437097 0.111443 0.112979 0.00129543
5 0.563442 0.0644717 0.112361 0.112388 0.00128995
1 0.190915 0.0646922 0.111525 0.111112 0.00126389
4 0.811641 0.684927 0.112333 0.112193 0.00126294
8 0.935797 0.436886 0.111252 0.112102 0.0012413
4 0.935825 0.685501 0.111963 0.112406 0.00124123
8 0.564014 0.933675 0.112648 0.113293 0.00123887
11 0.688282 0.313398 0.112685 0.112775 0.00123754
10 0.688707 0.43789 0.11187 0.111974 0.00123521
7 0.688209 0.31349 0.112641 0.114918 0.00121865
4 0.811863 0.189413 0.112244 0.112675 0.00121656
4 0.0676266 0.0645433 0.112816 0.114525 0.00120153
10 0.564466 0.437908 0.111909 0.111944 0.00120001
0 0.191349 0.561129 0.112018 0.112938 0.00118014
10 0.439221 0.188825 0.11254 0.113469 0.0011785
8 0.0667163 0.437954 0.110583 0.108481 0.00117677
4 0.191541 0.809545 0.111309 0.11208 0.00117368
3 0.190618 0.0648369 0.111831 0.111316 0.00116581
4 0.191463 0.561401 0.111758 0.11241 0.00115776
13 0.686858 0.68517 0.111419 0.112206 0.001135
3 0.439918 0.437376 0.11279 0.112974 0.00112573
7 0.439918 0.437376 0.11279 0.112974 0.00111294
9 0.935959 0.685479 0.112332 0.114393 0.00111136
9 0.812343 0.809047 0.111749 0.112865 0.00110659
0 0.191423 0.809551 0.111837 0.112768 0.00110553
6 0.439575 0.933856 0.112078 0.112797 0.00109102
12 0.0662234 0.9338 0.113053 0.113288 0.00109013
3 0.439162 0.684873 0.112197 0.112297 0.00106198
11 0.688502 0.93372 0.112672 0.113601 0.00105717
12 0.315904 0.933719 0.112221 0.111569 0.0010469
8 0.935502 0.189189 0.112273 0.112617 0.00103878
4 0.936327 0.560568 0.113538 0.112237 0.00103486
5 0.563704 0.933732 0.112192 0.1121 0.00102886
7 0.315827 0.437922 0.113083 0.112289 0.00102681
4 0.315435 0.313375 0.111781 0.112483 0.00102601
12 0.0672058 0.560978 0.11268 0.114245 0.0010252
5 0.688242 0.80976 0.113022 0.113078 0.00101143
6 0.811319 0.685229 0.111436 0.113801 0.00100654
11 0.314901 0.313277 0.112101 0.112256 0.00100492
