7 0.315625 0.933913 0.111544 0.112361 0.985963
5 0.191497 0.934239 0.111371 0.113313 0.985723
4 0.935932 0.934095 0.11354 0.112029 0.985489
3 0.315406 0.685444 0.111403 0.112283 0.985443
12 0.315591 0.809452 0.1115 0.112045 0.985263
12 0.439769 0.934193 0.111324 0.112864 0.985247
12 0.439933 0.685185 0.11116 0.111854 0.985042
11 0.439542 0.809537 0.111093 0.111447 0.983922
7 0.315325 0.437658 0.112359 0.112454 0.983335
6 0.191672 0.561614 0.112181 0.112883 0.982778
4 0.315523 0.0645712 0.111457 0.111541 0.982638
7 0.687943 0.933873 0.111578 0.113202 0.982621
4 0.43965 0.312782 0.113186 0.112894 0.982382
13 0.687476 0.809734 0.112453 0.112616 0.982085
1 0.0666155 0.437609 0.112487 0.112498 0.981937
7 0.564087 0.809299 0.111249 0.112108 0.981835
5 0.439455 0.437583 0.112622 0.112612 0.981772
11 0.0665626 0.189461 0.113675 0.112516 0.981706
6 0.563365 0.933788 0.11201 0.114034 0.981705
7 0.812094 0.809561 0.111855 0.112041 0.981589
11 0.0667787 0.685975 0.112827 0.112049 0.981324
7 0.936898 0.809571 0.112292 0.112719 0.981285
1 0.190609 0.313014 0.112188 0.112526 0.981277
0 0.191198 0.437035 0.111592 0.111669 0.981209
3 0.936056 0.68523 0.113387 0.112478 0.981014
1 0.191425 0.0645256 0.111505 0.113504 0.98099
11 0.0664881 0.561417 0.114181 0.112618 0.980771
0 0.191431 0.188281 0.111959 0.11195 0.980756
10 0.812106 0.933603 0.112329 0.11257 0.98065
2 0.0668512 0.313549 0.112622 0.112564 0.98058
13 0.563157 0.0646534 0.111335 0.11128 0.980579
1 0.0662805 0.934316 0.112087 0.113135 0.980405
1 0.314909 0.188839 0.111796 0.111857 0.980296
5 0.81215 0.0655259 0.11167 0.111607 0.980154
0 0.314795 0.312476 0.112111 0.112422 0.97999
6 0.564251 0.561405 0.112556 0.112823 0.979889
0 0.314966 0.561263 0.113075 0.111478 0.979859
1 0.439542 0.56165 0.11186 0.112991 0.979714
10 0.563595 0.188926 0.111978 0.113211 0.9795
9 0.687413 0.064951 0.11126 0.113033 0.97944
8 0.0670048 0.0645722 0.112073 0.11335 0.979244
1 0.43957 0.0646801 0.11177 0.113239 0.979243
11 0.56363 0.685083 0.111754 0.112103 0.979227
1 0.812094 0.188772 0.112744 0.112793 0.979168
0 0.439741 0.188126 0.111226 0.112257 0.979151
5 0.563688 0.437568 0.111947 0.112093 0.979079
6 0.812639 0.437132 0.112421 0.112701 0.979076
10 0.688002 0.312806 0.112167 0.112794 0.978846
6 0.812501 0.561729 0.112223 0.111984 0.978843
10 0.935752 0.0656179 0.112975 0.113232 0.978817
0 0.687709 0.685459 0.112029 0.112225 0.978592
11 0.687723 0.561576 0.11197 0.112964 0.978556
8 0.19114 0.68549 0.11171 0.110619 0.978471
0 0.563198 0.313696 0.111397 0.112053 0.978282
12 0.936467 0.43694 0.112747 0.112432 0.978274
7 0.811614 0.685669 0.112021 0.111442 0.978262
8 0.811991 0.312885 0.11213 0.112594 0.978243
8 0.191201 0.809361 0.112355 0.11226 0.978196
5 0.687846 0.437186 0.112523 0.112852 0.97807
8 0.936495 0.56175 0.111911 0.112399 0.978008
10 0.936881 0.312661 0.113373 0.11289 0.977993
7 0.687651 0.189133 0.111806 0.111557 0.977908
6 0.936483 0.188973 0.112823 0.112281 0.977905
0 0.0669949 0.809685 0.11257 0.112955 0.975412
1 0.0667786 0.809429 0.112534 0.1123 0.0233671
4 0.687936 0.313687 0.111084 0.112345 0.0187763
2 0.936505 0.561295 0.111902 0.112208 0.0135909
4 0.812296 0.933712 0.112146 0.113043 0.00724716
4 0.56339 0.189326 0.111226 0.112623 0.00583349
3 0.563519 0.933463 0.112213 0.113848 0.00518629
12 0.811432 0.685859 0.112299 0.11302 0.00513214
0 0.439551 0.0640888 0.110703 0.113494 0.00509479
12 0.811451 0.809882 0.11194 0.113035 0.00498775
10 0.0672689 0.560964 0.114528 0.114431 0.00483622
2 0.191069 0.68551 0.112333 0.111634 0.00464944
2 0.0663118 0.0646354 0.114391 0.112787 0.0045286
2 0.190686 0.809633 0.111777 0.112258 0.00442023
5 0.68816 0.561719 0.111984 0.112546 0.00439005
12 0.686579 0.810154 0.110911 0.111043 0.00411959
1 0.563656 0.312625 0.11213 0.113165 0.00397356
0 0.811967 0.188757 0.112652 0.113975 0.00395188
0 0.191133 0.312828 0.110937 0.113005 0.00391654
3 0.812801 0.561567 0.111976 0.1132 0.00391026
12 0.936118 0.809823 0.11369 0.114694 0.0037415
7 0.191174 0.561228 0.112442 0.112611 0.00350169
3 0.688112 0.0650076 0.113463 0.112664 0.00337096
1 0.440141 0.312774 0.112147 0.112275 0.00334241
12 0.563781 0.0646251 0.110933 0.113197 0.0033423
12 0.688075 0.0647296 0.111606 0.111476 0.00330723
2 0.688156 0.43752 0.112829 0.112672 0.003286
2 0.81162 0.313188 0.111473 0.112705 0.00320739
0 0.0660997 0.437002 0.11471 0.1122 0.0031724
1 0.31537 0.561374 0.11267 0.112385 0.0030236
6 0.811404 0.809441 0.11212 0.112885 0.00296425
10 0.0669964 0.685414 0.114201 0.113283 0.00295408
6 0.936125 0.809618 0.112796 0.114014 0.00294853
12 0.686831 0.189296 0.109889 0.112442 0.00288931
7 0.812309 0.561289 0.112721 0.112207 0.00286472
1 0.315523 0.0645712 0.111457 0.111541 0.00282826
5 0.0664881 0.561417 0.114181 0.112618 0.00277116
0 0.191425 0.0645256 0.111505 0.113504 0.00269039
3 0.812454 0.437483 0.112427 0.11387 0.00267825
0 0.315341 0.18865 0.111415 0.113007 0.00265248
4 0.688271 0.933167 0.11255 0.112139 0.00256775
10 0.687473 0.809049 0.110795 0.112061 0.00254828
7 0.564059 0.561159 0.113462 0.113153 0.00248216
0 0.439508 0.561193 0.112372 0.112402 0.00238396
7 0.812816 0.436425 0.112612 0.112413 0.00235673
6 0.811513 0.685547 0.111957 0.113411 0.00234295
1 0.0669344 0.313654 0.112233 0.112092 0.00228228
3 0.191425 0.561514 0.112343 0.112623 0.00221824
10 0.688285 0.933161 0.113215 0.114189 0.00219105
2 0.813062 0.064967 0.112217 0.113423 0.00217865
0 0.688075 0.0647296 0.111606 0.111476 0.00215011
5 0.81163 0.932853 0.112696 0.112127 0.00214171
7 0.688136 0.809939 0.112193 0.112501 0.00211227
11 0.811563 0.0649391 0.113371 0.111379 0.0021028
10 0.440167 0.809586 0.110739 0.111716 0.00209455
4 0.439692 0.437914 0.112225 0.1119 0.00209038
4 0.563883 0.437862 0.111228 0.11126 0.00208089
3 0.935994 0.188998 0.112436 0.113387 0.00207316
10 0.687955 0.561257 0.112225 0.112921 0.00204216
3 0.688156 0.43752 0.112829 0.112672 0.00202677
4 0.687904 0.437876 0.111197 0.111561 0.00200365
10 0.439403 0.4375 0.111887 0.11232 0.00199111
10 0.56406 0.685496 0.110494 0.111183 0.00196371
13 0.936713 0.436446 0.11102 0.113437 0.00193883
10 0.191436 0.933695 0.112283 0.112012 0.0019021
0 0.0665275 0.934199 0.113074 0.113769 0.00189422
1 0.687707 0.685229 0.112344 0.111889 0.001881
7 0.81163 0.932853 0.112696 0.112127 0.00186789
7 0.935161 0.934017 0.111867 0.112061 0.00182014
7 0.43966 0.313092 0.112029 0.11214 0.001805
7 0.935615 0.189281 0.112889 0.112893 0.00179296
8 0.56406 0.685496 0.110494 0.111183 0.0017716
12 0.686804 0.933925 0.110533 0.111335 0.00175423
1 0.936092 0.93386 0.112083 0.11205 0.00174708
12 0.811587 0.934089 0.11286 0.113138 0.00174179
0 0.811986 0.313427 0.111026 0.112125 0.00173925
4 0.811598 0.189231 0.113096 0.113159 0.00173811
13 0.68695 0.18905 0.11339 0.11187 0.00172939
7 0.563905 0.933323 0.112848 0.112646 0.00167605
5 0.0664681 0.685163 0.112834 0.11096 0.00167548
10 0.0663071 0.18928 0.113284 0.111197 0.00164951
3 0.439692 0.437914 0.112225 0.1119 0.00157621
7 0.936872 0.436426 0.11204 0.11303 0.00152677
5 0.563518 0.189281 0.112504 0.112467 0.00152182
3 0.56435 0.561092 0.112047 0.112496 0.00150856
2 0.440223 0.312684 0.111965 0.113055 0.00150154
9 0.439422 0.809689 0.111444 0.112116 0.00149592
3 0.563883 0.437862 0.111228 0.11126 0.00147197
12 0.563843 0.188901 0.1117 0.112579 0.00147111
11 0.811422 0.312824 0.110217 0.1124 0.00145091
8 0.439378 0.809523 0.111762 0.111838 0.00144939
2 0.68816 0.561719 0.111984 0.112546 0.0014479
9 0.687538 0.561534 0.111097 0.111961 0.00144424
4 0.315916 0.437924 0.110971 0.113095 0.00140925
5 0.687661 0.313175 0.111439 0.111719 0.00139966
5 0.0666944 0.188625 0.113573 0.112065 0.00138933
6 0.440237 0.685221 0.110982 0.111452 0.00138882
12 0.935736 0.685689 0.112107 0.112541 0.00137514
3 0.066431 0.313291 0.113898 0.112656 0.00135892
4 0.0666426 0.437085 0.11337 0.11263 0.00135261
2 0.315523 0.0645712 0.111457 0.111541 0.00132728
12 0.688193 0.312979 0.111959 0.11277 0.00131553
12 0.935752 0.0656179 0.112975 0.113232 0.00131299
0 0.936559 0.561736 0.112309 0.113347 0.0012782
7 0.688205 0.313428 0.111946 0.113481 0.00127568
7 0.563781 0.0646251 0.110933 0.113197 0.00125459
13 0.0663071 0.18928 0.113284 0.111197 0.00124238
1 0.439741 0.188126 0.111226 0.112257 0.00123853
10 0.936092 0.93386 0.112083 0.11205 0.00123184
1 0.315216 0.312085 0.112101 0.112888 0.0012272
10 0.31537 0.437847 0.110729 0.112757 0.00121672
13 0.0664681 0.685163 0.112834 0.11096 0.00121494
13 0.687608 0.313156 0.111023 0.111732 0.00121232
5 0.315197 0.0650872 0.11292 0.111975 0.00120549
11 0.688135 0.437596 0.113381 0.11407 0.00120374
4 0.315656 0.188967 0.111373 0.113058 0.00120012
4 0.563829 0.808958 0.111366 0.112418 0.00117329
1 0.191431 0.188281 0.111959 0.11195 0.001171
4 0.811451 0.809882 0.11194 0.113035 0.00115759
13 0.686924 0.933635 0.11297 0.112154 0.00114881
4 0.811432 0.685859 0.112299 0.11302 0.00112351
9 0.93578 0.685585 0.111842 0.112696 0.00112281
3 0.936713 0.436446 0.11102 0.113437 0.00112027
4 0.936676 0.809159 0.112525 0.112711 0.00111247
5 0.440122 0.809621 0.11184 0.112071 0.00107585
10 0.563781 0.0646251 0.110933 0.113197 0.00106695
10 0.811561 0.064786 0.114189 0.111953 0.00106549
12 0.439741 0.188126 0.111226 0.112257 0.00106369
4 0.439721 0.561025 0.111858 0.112971 0.00106087
13 0.936483 0.0648865 0.111557 0.111667 0.00105907
2 0.439692 0.437914 0.112225 0.1119 0.00105854
13 0.811793 0.933583 0.111534 0.111366 0.00102949
11 0.19146 0.809624 0.110945 0.111816 0.00101402
5 0.563843 0.685393 0.11117 0.111083 0.00100806
7 0.315431 0.0647469 0.112243 0.112635 0.00100431
10 0.687306 0.437297 0.111357 0.112136 0.00100035
