9 0.439588 0.934189 0.111873 0.11333 0.988774
2 0.315157 0.934054 0.112242 0.113423 0.987066
3 0.0673423 0.561378 0.112719 0.113703 0.98593
6 0.563691 0.933864 0.111839 0.114205 0.985588
6 0.439755 0.809715 0.112083 0.113554 0.985415
2 0.315113 0.685392 0.112638 0.112696 0.985103
10 0.687838 0.933952 0.112584 0.114149 0.984575
5 0.0673882 0.685955 0.112385 0.112768 0.984472
5 0.191661 0.561726 0.110969 0.11223 0.984407
3 0.315576 0.313421 0.111831 0.114016 0.984075
2 0.315969 0.561143 0.111215 0.112646 0.983304
5 0.31478 0.0656381 0.110496 0.111607 0.983177
5 0.1916 0.0648966 0.111448 0.111864 0.98311
9 0.935468 0.0652377 0.113185 0.113934 0.983087
13 0.191435 0.686 0.111224 0.112324 0.98272
1 0.812019 0.933819 0.112057 0.112838 0.982707
12 0.315454 0.437723 0.112338 0.112537 0.982466
8 0.19169 0.933982 0.111081 0.112837 0.982427
7 0.0670915 0.934045 0.113473 0.113363 0.982246
6 0.31568 0.188689 0.112936 0.11152 0.982069
12 0.191541 0.18871 0.112469 0.112381 0.982002
3 0.687467 0.0649653 0.111149 0.113263 0.981845
9 0.687734 0.809795 0.11059 0.111724 0.981841
8 0.563503 0.0652112 0.111536 0.112866 0.981583
8 0.191657 0.809963 0.110999 0.112121 0.981522
2 0.191772 0.313202 0.110041 0.111829 0.981472
4 0.812569 0.809792 0.112819 0.113604 0.98128
10 0.0674235 0.312956 0.11327 0.112175 0.981214
2 0.0673402 0.189096 0.110856 0.111345 0.980996
0 0.191129 0.437096 0.112597 0.112454 0.980898
7 0.439187 0.189269 0.113926 0.112029 0.980885
10 0.811985 0.0654032 0.11205 0.112804 0.98081
4 0.936871 0.809757 0.113038 0.112993 0.980536
8 0.56374 0.809987 0.111881 0.112814 0.980327
8 0.0676807 0.810021 0.111876 0.112091 0.980302
8 0.936041 0.934275 0.111937 0.112631 0.979828
4 0.687939 0.436863 0.112435 0.1131 0.979616
1 0.439515 0.561151 0.112731 0.113276 0.979466
10 0.563769 0.436708 0.111997 0.113708 0.979301
8 0.56373 0.685557 0.111669 0.112634 0.979194
4 0.812618 0.436825 0.112802 0.113211 0.979192
1 0.812199 0.685216 0.113275 0.113161 0.97914
6 0.563614 0.188924 0.111764 0.11188 0.979126
1 0.68771 0.312912 0.112492 0.112806 0.979116
13 0.687782 0.561569 0.112608 0.11309 0.979116
1 0.439458 0.31306 0.112784 0.113437 0.979093
13 0.563634 0.31335 0.112158 0.113062 0.979031
12 0.935914 0.188871 0.11276 0.111299 0.97901
8 0.0671698 0.437201 0.111909 0.112077 0.979009
3 0.811637 0.188859 0.111672 0.112331 0.978913
7 0.563901 0.56142 0.112439 0.113329 0.978884
0 0.811909 0.561282 0.112539 0.112828 0.978695
13 0.936397 0.437241 0.113788 0.113614 0.978614
12 0.936541 0.561427 0.113286 0.111841 0.978581
0 0.439435 0.437326 0.111693 0.113592 0.978518
11 0.439589 0.68493 0.112664 0.113657 0.978492
11 0.31537 0.809764 0.111906 0.112742 0.978431
13 0.936105 0.685622 0.113223 0.112777 0.978371
13 0.687819 0.685506 0.112833 0.112929 0.97826
0 0.0673169 0.0647736 0.111723 0.112825 0.978247
2 0.68762 0.189004 0.110765 0.111539 0.978105
11 0.43947 0.0647203 0.111029 0.112666 0.978058
8 0.936495 0.312698 0.112605 0.111591 0.977585
8 0.812301 0.312934 0.11229 0.111583 0.977215
2 0.0670158 0.809955 0.113651 0.111937 0.0326848
3 0.687734 0.809795 0.11059 0.111724 0.0281524
2 0.0667763 0.436676 0.113957 0.111468 0.0177604
2 0.1913 0.810093 0.11245 0.11215 0.0170811
5 0.439746 0.0653149 0.11134 0.112825 0.0166194
1 0.0668948 0.0637923 0.11309 0.11265 0.0115913
12 0.191447 0.685404 0.112044 0.111935 0.0083281
5 0.315571 0.809438 0.112252 0.112653 0.00758249
11 0.564067 0.685643 0.112127 0.111993 0.00725032
1 0.688183 0.436981 0.112348 0.112927 0.00689267
5 0.439579 0.685294 0.111722 0.112762 0.00684189
2 0.563772 0.685271 0.111914 0.111533 0.00640645
1 0.812573 0.436995 0.11298 0.113434 0.00628742
2 0.564233 0.809993 0.112068 0.11215 0.0055739
11 0.564233 0.809993 0.112068 0.11215 0.00557279
2 0.0668863 0.561022 0.113769 0.113337 0.00552387
2 0.81196 0.31372 0.112299 0.111195 0.00551063
2 0.191535 0.933906 0.112156 0.1125 0.00477742
2 0.936283 0.313327 0.112431 0.111221 0.00473714
2 0.563678 0.0648193 0.112204 0.111633 0.00440516
1 0.811927 0.56085 0.11243 0.112727 0.00432998
4 0.0672036 0.313387 0.112884 0.112856 0.00425132
6 0.811636 0.809417 0.113485 0.112398 0.00424084
4 0.564198 0.437313 0.11192 0.112986 0.00398292
7 0.687968 0.685559 0.112653 0.112918 0.00376851
0 0.688042 0.31231 0.112212 0.112472 0.00375497
1 0.439432 0.437047 0.112009 0.112719 0.00375398
2 0.935798 0.934239 0.112382 0.11114 0.00364193
11 0.564026 0.0650734 0.111625 0.112448 0.00342061
3 0.439588 0.934189 0.111873 0.11333 0.00339526
1 0.563903 0.933384 0.111745 0.112353 0.00335163
1 0.191012 0.313531 0.11058 0.111632 0.00326842
0 0.812554 0.933694 0.111262 0.113084 0.00319797
1 0.68808 0.188933 0.114018 0.113283 0.00317069
7 0.563657 0.313677 0.111634 0.113657 0.00311034
12 0.688195 0.809499 0.112136 0.111723 0.00301198
6 0.316002 0.436704 0.110712 0.112319 0.00299038
0 0.936683 0.561809 0.111773 0.112143 0.00294044
1 0.563782 0.188626 0.112599 0.113252 0.0027861
6 0.811785 0.437157 0.11448 0.112525 0.00270301
0 0.688195 0.809499 0.112136 0.111723 0.00268508
10 0.935781 0.685749 0.113604 0.113142 0.00266154
11 0.191606 0.934003 0.111606 0.112902 0.00254167
11 0.8119 0.313115 0.112185 0.112405 0.00254014
12 0.687629 0.685484 0.111375 0.111993 0.00253824
6 0.811628 0.189079 0.11174 0.112751 0.00252485
8 0.688086 0.188973 0.112651 0.113067 0.00246483
12 0.936168 0.0650603 0.11288 0.112849 0.00240884
10 0.191395 0.0646774 0.111434 0.11199 0.00240604
12 0.688135 0.561332 0.111963 0.112531 0.00239321
7 0.0673732 0.313395 0.113284 0.1131 0.00235835
7 0.191198 0.685701 0.111624 0.112615 0.00229697
2 0.812177 0.809836 0.112407 0.113843 0.00228226
3 0.936386 0.0649676 0.113018 0.113297 0.00225174
7 0.687904 0.561176 0.111765 0.113131 0.00223252
7 0.935872 0.685322 0.113457 0.113744 0.0021564
1 0.0669681 0.189268 0.111525 0.111062 0.00209202
5 0.687726 0.933873 0.113291 0.113881 0.00208402
12 0.935931 0.685656 0.111634 0.11236 0.00204607
1 0.812403 0.809348 0.112043 0.113377 0.00202978
6 0.315571 0.313466 0.111963 0.112074 0.00202968
3 0.191335 0.313014 0.110386 0.111399 0.00202158
2 0.812573 0.436995 0.11298 0.113434 0.00199983
4 0.812412 0.065331 0.111345 0.113043 0.00199554
10 0.439467 0.684878 0.111744 0.112116 0.00198646
0 0.812029 0.685029 0.112487 0.112568 0.00196073
11 0.191335 0.810111 0.111919 0.112474 0.00194878
3 0.439755 0.809715 0.112083 0.113554 0.00193687
2 0.9366 0.809865 0.112269 0.11336 0.00191884
7 0.811866 0.436572 0.112104 0.11466 0.00190355
11 0.0675399 0.80988 0.113643 0.113894 0.00187558
4 0.0669716 0.933805 0.113833 0.112826 0.00183666
1 0.936417 0.809487 0.11218 0.112617 0.00183021
3 0.315487 0.560967 0.11293 0.112795 0.00180553
1 0.315686 0.933571 0.112744 0.112891 0.001783
0 0.936158 0.312965 0.109957 0.11138 0.00176928
13 0.0671795 0.312789 0.112758 0.112619 0.00175813
6 0.0662673 0.561197 0.112941 0.112433 0.00175781
3 0.563782 0.188626 0.112599 0.113252 0.00174959
7 0.687729 0.437479 0.111327 0.112061 0.00173561
2 0.68803 0.313015 0.11192 0.113071 0.00172933
10 0.812403 0.809348 0.112043 0.113377 0.0017018
3 0.315157 0.934054 0.112242 0.113423 0.00169211
3 0.56341 0.93381 0.111372 0.112536 0.00165276
1 0.44037 0.810147 0.111669 0.112939 0.001642
2 0.688183 0.436981 0.112348 0.112927 0.00163391
1 0.315398 0.560717 0.112645 0.112622 0.00162484
0 0.439382 0.312896 0.11239 0.113532 0.00162389
1 0.315809 0.188862 0.112131 0.111709 0.00160753
11 0.687726 0.933873 0.113291 0.113881 0.00159539
6 0.687548 0.0646338 0.111402 0.111834 0.001568
4 0.191118 0.56094 0.111833 0.112253 0.00156051
11 0.935781 0.685749 0.113604 0.113142 0.00155715
12 0.812412 0.065331 0.111345 0.113043 0.00155496
12 0.564063 0.31286 0.112639 0.113916 0.00153705
2 0.688165 0.0650055 0.110941 0.111634 0.00153061
7 0.937064 0.561153 0.112259 0.112463 0.00150199
10 0.191247 0.561023 0.111514 0.111884 0.00149737
12 0.439941 0.933561 0.113133 0.114123 0.00149329
3 0.936868 0.561151 0.110931 0.112757 0.00149319
2 0.813107 0.933084 0.112275 0.113922 0.00148371
4 0.688147 0.0648603 0.111982 0.112609 0.00148197
3 0.315244 0.188858 0.111705 0.113097 0.00147388
13 0.563465 0.436996 0.111659 0.112022 0.00146036
1 0.315426 0.684985 0.112691 0.112288 0.0014381
12 0.687548 0.0646338 0.111402 0.111834 0.00143623
4 0.439621 0.561394 0.112097 0.112465 0.0014345
12 0.936116 0.809786 0.112991 0.112027 0.0014152
10 0.314678 0.0647623 0.111563 0.11205 0.00141439
10 0.439978 0.064498 0.111952 0.11202 0.00141363
6 0.564122 0.561051 0.111491 0.113015 0.00140395
7 0.811725 0.809243 0.112294 0.113952 0.00140011
6 0.936123 0.809488 0.112858 0.113268 0.00139049
12 0.811497 0.189344 0.11167 0.112602 0.00138635
13 0.687847 0.933932 0.11125 0.111142 0.00137897
7 0.688328 0.933406 0.112757 0.113992 0.00137777
7 0.81153 0.0644257 0.112394 0.112937 0.00134077
4 0.811628 0.189079 0.11174 0.112751 0.00133882
11 0.935798 0.934239 0.112382 0.11114 0.00133358
4 0.439598 0.313411 0.11257 0.113324 0.0013284
12 0.563784 0.436939 0.112525 0.112917 0.00132824
7 0.936174 0.436924 0.112003 0.113715 0.00132638
10 0.315173 0.809442 0.112335 0.11221 0.00131844
4 0.44003 0.189013 0.112386 0.11236 0.00129487
4 0.688328 0.933406 0.112757 0.113992 0.00127144
4 0.687759 0.31317 0.112045 0.112111 0.00125268
9 0.439415 0.685041 0.112137 0.112387 0.00124693
1 0.191153 0.436718 0.113074 0.112481 0.00124347
12 0.936123 0.437279 0.112883 0.113828 0.00123327
0 0.439712 0.561083 0.112321 0.11274 0.00121215
4 0.191669 0.0645276 0.112029 0.111622 0.00121032
6 0.687729 0.437479 0.111327 0.112061 0.00120072
0 0.81305 0.313701 0.1121 0.113711 0.00119957
1 0.0662673 0.561197 0.112941 0.112433 0.00119738
1 0.687727 0.0646928 0.111691 0.112629 0.00117934
10 0.9366 0.809865 0.112269 0.11336 0.00114157
4 0.564395 0.561103 0.111964 0.112581 0.00113508
0 0.191823 0.933838 0.111237 0.111212 0.00113449
10 0.0665709 0.685517 0.112257 0.112851 0.00111874
7 0.936142 0.809832 0.111639 0.112523 0.00111631
4 0.812029 0.685029 0.112487 0.112568 0.00111622
12 0.687726 0.933873 0.113291 0.113881 0.00110647
3 0.315113 0.685392 0.112638 0.112696 0.00110273
11 0.0667763 0.436676 0.113957 0.111468 0.00107728
11 0.936101 0.312814 0.111748 0.112158 0.00106514
12 0.0669252 0.0648034 0.113329 0.113177 0.00105359
5 0.68808 0.188933 0.114018 0.113283 0.00104586
7 0.563683 0.43641 0.11023 0.113951 0.00103944
5 0.688206 0.0646361 0.111832 0.111563 0.00103614
13 0.811317 0.0648042 0.111273 0.112147 0.00102248
3 0.316002 0.436704 0.110712 0.112319 0.00102015
5 0.936564 0.809558 0.112576 0.1119 0.00101147
12 0.315173 0.313406 0.11144 0.111739 0.00100254
1 0.31466 0.31331 0.112124 0.112181 0.0010004
