9 0.439136 0.809591 0.111447 0.11259 0.986494
2 0.563488 0.933867 0.112401 0.113596 0.985715
2 0.563487 0.809703 0.112891 0.113395 0.985602
3 0.935693 0.933973 0.11391 0.113787 0.985478
13 0.439652 0.933855 0.112945 0.114383 0.98503
6 0.192183 0.685183 0.11181 0.112179 0.984623
6 0.563758 0.684974 0.111515 0.112656 0.984338
13 0.315239 0.685272 0.111772 0.11242 0.984187
13 0.688107 0.933625 0.113472 0.114326 0.984157
7 0.0667235 0.189216 0.113177 0.112464 0.983917
6 0.0676221 0.685365 0.112814 0.112078 0.983916
3 0.0672542 0.313424 0.112332 0.113815 0.983795
7 0.191313 0.437712 0.112113 0.112165 0.983695
2 0.563435 0.0649883 0.112364 0.113459 0.983588
7 0.936828 0.809732 0.112128 0.111205 0.983536
9 0.315864 0.189029 0.111671 0.112553 0.983437
13 0.0670671 0.437709 0.113081 0.112462 0.983401
12 0.191606 0.18846 0.112546 0.112573 0.983062
10 0.439314 0.0647734 0.111374 0.112808 0.982971
13 0.0672813 0.561822 0.113045 0.112798 0.982891
13 0.439361 0.685275 0.111989 0.113074 0.982768
4 0.812312 0.933926 0.113342 0.114508 0.982631
4 0.315442 0.0648805 0.113193 0.113356 0.982572
11 0.0669985 0.0645193 0.112799 0.112288 0.982272
1 0.191231 0.561332 0.112011 0.112536 0.982218
5 0.812226 0.810187 0.112562 0.111893 0.98218
3 0.687619 0.809987 0.112729 0.113361 0.981945
4 0.687985 0.0650241 0.112633 0.113946 0.981413
10 0.191928 0.933896 0.112001 0.113364 0.981391
2 0.315224 0.561128 0.112722 0.112849 0.981386
11 0.191495 0.31315 0.111476 0.111983 0.981331
9 0.439446 0.561418 0.111549 0.112894 0.981287
1 0.315219 0.437337 0.111905 0.111761 0.981152
1 0.190951 0.0641693 0.111913 0.113068 0.98072
6 0.563995 0.561472 0.113181 0.112923 0.980082
7 0.81222 0.0651587 0.112879 0.113306 0.979844
4 0.563688 0.313054 0.11337 0.113912 0.979828
2 0.439248 0.189026 0.11287 0.112741 0.979781
2 0.439269 0.43746 0.111554 0.111714 0.979683
13 0.563484 0.437458 0.112576 0.112849 0.979612
4 0.563627 0.188749 0.112506 0.113418 0.979576
9 0.688007 0.561477 0.112521 0.112707 0.979427
3 0.439295 0.313281 0.112324 0.112232 0.979252
6 0.812579 0.437116 0.112636 0.112065 0.979041
9 0.812015 0.188876 0.112275 0.111833 0.978714
2 0.687666 0.189208 0.112252 0.112202 0.97842
5 0.81176 0.685753 0.111968 0.11244 0.978368
9 0.811912 0.561739 0.11241 0.112161 0.978253
8 0.315059 0.313404 0.111643 0.111823 0.978211
13 0.936027 0.188794 0.113687 0.113877 0.9781
5 0.687818 0.68569 0.112579 0.112077 0.978056
8 0.191703 0.809577 0.111122 0.112893 0.978051
3 0.936008 0.68588 0.111845 0.112993 0.978009
1 0.936382 0.0641741 0.113975 0.113693 0.977869
2 0.936344 0.43713 0.113379 0.114225 0.977751
5 0.812333 0.312955 0.113173 0.112772 0.977701
5 0.687971 0.437007 0.112293 0.112264 0.977603
8 0.315999 0.809561 0.111598 0.113337 0.977481
5 0.936625 0.312854 0.112626 0.112207 0.977113
8 0.316289 0.933955 0.111529 0.11347 0.977089
8 0.0675493 0.933643 0.112893 0.114417 0.977005
10 0.937046 0.561243 0.112518 0.112864 0.976565
10 0.687573 0.31319 0.111054 0.11112 0.976493
0 0.0672672 0.809655 0.112638 0.112884 0.97617
4 0.687723 0.313814 0.110692 0.112586 0.0368738
2 0.315405 0.809414 0.113529 0.113154 0.0351465
2 0.315309 0.313222 0.111996 0.112396 0.0276848
2 0.31569 0.933779 0.112356 0.11319 0.0258229
2 0.0665985 0.933533 0.113912 0.113806 0.0152621
2 0.19123 0.809527 0.112694 0.112548 0.0138202
1 0.0668664 0.809469 0.114185 0.113127 0.0131722
4 0.93648 0.561545 0.113294 0.112154 0.012165
12 0.811634 0.0652042 0.111281 0.112666 0.00882937
5 0.93648 0.561545 0.113294 0.112154 0.00780378
13 0.811724 0.0647531 0.111634 0.112973 0.00629508
3 0.8115 0.561694 0.111119 0.112907 0.0062431
12 0.439449 0.685461 0.111712 0.111843 0.00566014
0 0.688079 0.561267 0.11123 0.112252 0.00480361
1 0.439135 0.437938 0.111116 0.111771 0.00462762
12 0.93616 0.81005 0.112551 0.113888 0.00447916
7 0.688264 0.313515 0.112339 0.113949 0.0042026
12 0.8115 0.561694 0.111119 0.112907 0.00391834
2 0.688228 0.437312 0.112119 0.11217 0.00375898
3 0.4399 0.561059 0.11099 0.11277 0.00361457
3 0.811659 0.189529 0.110901 0.112648 0.00344977
4 0.191536 0.933507 0.112404 0.113505 0.00344527
0 0.812944 0.189062 0.110628 0.113237 0.00331985
13 0.936108 0.561274 0.110801 0.11204 0.00327322
0 0.936191 0.0639718 0.112647 0.113727 0.00324646
7 0.68768 0.0644738 0.110889 0.111816 0.00323394
1 0.935874 0.437887 0.110373 0.113466 0.00321343
2 0.688196 0.685665 0.112406 0.112431 0.00319984
13 0.19163 0.436684 0.110411 0.111233 0.00315911
3 0.688228 0.437312 0.112119 0.11217 0.00304619
3 0.315303 0.561126 0.11388 0.113321 0.00291344
12 0.688059 0.313695 0.112023 0.112122 0.00290682
10 0.066662 0.561132 0.114303 0.113118 0.00288409
6 0.686747 0.809834 0.112476 0.113062 0.00280487
1 0.31624 0.064838 0.112337 0.11293 0.0027958
1 0.563938 0.313473 0.113497 0.113368 0.00278151
7 0.936143 0.560748 0.11195 0.114074 0.00275694
6 0.936071 0.809674 0.112073 0.113415 0.00272773
12 0.191331 0.436647 0.110627 0.110537 0.00270403
3 0.688196 0.685665 0.112406 0.112431 0.00270225
4 0.439314 0.0647734 0.111374 0.112808 0.00269567
3 0.439136 0.809591 0.111447 0.11259 0.0026782
1 0.688338 0.0645352 0.111657 0.114276 0.00261093
1 0.563887 0.189113 0.112709 0.112927 0.00258875
3 0.564383 0.68496 0.111254 0.112163 0.00257137
6 0.936129 0.685997 0.111178 0.114288 0.00256569
12 0.440086 0.0648831 0.111697 0.113271 0.00255875
7 0.811814 0.932491 0.112996 0.114907 0.00252515
3 0.192183 0.685183 0.11181 0.112179 0.00252271
2 0.688074 0.810142 0.112119 0.112063 0.00250182
12 0.687897 0.934153 0.111399 0.111702 0.0024973
3 0.0676221 0.685365 0.112814 0.112078 0.0024916
3 0.563994 0.809186 0.111534 0.112844 0.00248703
9 0.688074 0.810142 0.112119 0.112063 0.0024523
5 0.191485 0.313513 0.1122 0.110786 0.00242031
13 0.687635 0.313203 0.110699 0.111541 0.00238271
7 0.563738 0.437399 0.11226 0.113075 0.00231837
3 0.688115 0.561107 0.111812 0.113152 0.00228069
12 0.811659 0.189529 0.110901 0.112648 0.00227851
10 0.812274 0.93356 0.112243 0.114471 0.0022279
7 0.0672457 0.436533 0.111842 0.112099 0.00222238
4 0.688196 0.685665 0.112406 0.112431 0.0022086
3 0.812666 0.437381 0.112119 0.1135 0.00216915
1 0.687769 0.189164 0.11287 0.112814 0.00215411
12 0.315657 0.189219 0.112051 0.11211 0.00212337
1 0.563793 0.933487 0.112769 0.113845 0.00209126
4 0.688228 0.437312 0.112119 0.11217 0.00208571
1 0.563772 0.8095 0.113008 0.113383 0.00207947
0 0.813028 0.56182 0.111276 0.111587 0.00206078
12 0.4399 0.561059 0.11099 0.11277 0.00205963
5 0.935998 0.437096 0.114012 0.114914 0.00204291
1 0.812274 0.93356 0.112243 0.114471 0.0020277
11 0.315374 0.80938 0.112506 0.111315 0.00201746
13 0.439489 0.0644853 0.111177 0.111698 0.00201666
10 0.066387 0.436916 0.113966 0.112449 0.00199081
3 0.813117 0.685567 0.113081 0.113866 0.00198457
11 0.81158 0.313345 0.113648 0.112066 0.00195289
13 0.191173 0.933619 0.112259 0.111045 0.00194115
0 0.190951 0.0641693 0.111913 0.113068 0.00191534
3 0.563531 0.933564 0.111465 0.113156 0.00189928
12 0.439494 0.934136 0.11182 0.111922 0.00185102
7 0.439598 0.0650326 0.112033 0.112729 0.00183399
4 0.936932 0.809254 0.112373 0.112326 0.00183007
1 0.563714 0.0644368 0.111762 0.114097 0.00182634
2 0.811514 0.809727 0.114825 0.11258 0.00180546
3 0.564395 0.561136 0.112555 0.113097 0.00178998
3 0.439473 0.437659 0.112793 0.112626 0.00178179
2 0.813117 0.685567 0.113081 0.113866 0.00177979
6 0.0678511 0.313517 0.11288 0.11392 0.00176804
4 0.563994 0.809186 0.111534 0.112844 0.00175499
1 0.439218 0.189293 0.112622 0.112302 0.00175404
8 0.688114 0.56149 0.112207 0.113185 0.00175364
12 0.688079 0.561267 0.11123 0.112252 0.00172521
5 0.688228 0.189204 0.114115 0.114244 0.00169624
13 0.0664395 0.0646425 0.113181 0.111443 0.00168155
12 0.440044 0.809705 0.111903 0.112841 0.00164811
3 0.813111 0.809692 0.113902 0.114233 0.00163383
12 0.439356 0.312979 0.111625 0.112115 0.00160043
12 0.563583 0.437335 0.111457 0.111918 0.00159061
1 0.315524 0.560969 0.113326 0.113953 0.00158916
7 0.191875 0.933355 0.113471 0.113459 0.00157911
5 0.688217 0.313402 0.113011 0.11295 0.00157598
12 0.314962 0.685293 0.111859 0.112163 0.0015472
3 0.813087 0.313571 0.113873 0.115038 0.00152136
11 0.315655 0.933635 0.112118 0.11202 0.00150251
10 0.191175 0.313453 0.111023 0.111798 0.00145424
12 0.68758 0.80974 0.11176 0.112621 0.00144292
3 0.936174 0.437131 0.11341 0.112315 0.00143325
5 0.0667637 0.064955 0.113585 0.112864 0.00142751
11 0.191158 0.809497 0.111831 0.111069 0.00142433
10 0.191251 0.437882 0.110532 0.112632 0.00140556
11 0.315167 0.313361 0.11219 0.111965 0.00139934
12 0.93648 0.561545 0.113294 0.112154 0.00138378
9 0.936105 0.933975 0.112923 0.114704 0.00136538
12 0.0667435 0.561421 0.112379 0.112154 0.0013647
12 0.936129 0.685997 0.111178 0.114288 0.0013516
2 0.813087 0.313571 0.113873 0.115038 0.00133714
3 0.688012 0.189532 0.11322 0.112945 0.00130693
1 0.687531 0.809858 0.111746 0.112458 0.00130178
6 0.19167 0.188988 0.112582 0.11311 0.00129995
4 0.315382 0.437617 0.112452 0.112711 0.00129168
7 0.315857 0.0648421 0.112772 0.112509 0.00126683
1 0.439267 0.312906 0.111362 0.111995 0.00126683
5 0.563822 0.809889 0.113175 0.112877 0.00126143
12 0.0671661 0.189026 0.113157 0.111777 0.00125363
0 0.315317 0.437288 0.112749 0.112681 0.00125225
11 0.811571 0.685788 0.112813 0.110964 0.00124631
7 0.936328 0.188898 0.114191 0.11452 0.00124414
12 0.0671131 0.436553 0.111632 0.11255 0.0012337
10 0.0664395 0.0646425 0.113181 0.111443 0.00121796
8 0.56369 0.0646293 0.112146 0.112879 0.00120417
5 0.688096 0.809847 0.113233 0.112042 0.00120412
4 0.812423 0.313362 0.111697 0.111803 0.00120168
1 0.936237 0.6858 0.111666 0.112391 0.00117841
0 0.4399 0.561059 0.11099 0.11277 0.00115889
8 0.688235 0.189192 0.113646 0.113913 0.00115171
4 0.066544 0.189228 0.113153 0.111603 0.00114618
8 0.936729 0.436682 0.111667 0.113845 0.00113697
12 0.192019 0.933725 0.113054 0.114141 0.00112977
12 0.935853 0.934205 0.111765 0.113976 0.00112217
7 0.0671818 0.560986 0.112588 0.113569 0.00111693
10 0.687835 0.6859 0.111201 0.111496 0.00111382
0 0.191148 0.561024 0.112209 0.112894 0.00111022
13 0.191175 0.313453 0.111023 0.111798 0.00108993
4 0.191231 0.561332 0.112011 0.112536 0.00108847
3 0.315657 0.189219 0.112051 0.11211 0.00108125
4 0.811514 0.809727 0.114825 0.11258 0.00107577
6 0.81176 0.932822 0.114209 0.112605 0.00107548
3 0.439691 0.189401 0.112888 0.113167 0.00107527
7 0.439858 0.68537 0.111571 0.112918 0.00105754
10 0.439461 0.933829 0.111831 0.111764 0.00105626
1 0.936027 0.934106 0.112028 0.112783 0.00104957
2 0.687809 0.561453 0.111833 0.112601 0.001048
1 0.0666095 0.313058 0.112945 0.1132 0.00103078
4 0.191163 0.437524 0.112872 0.111879 0.00102853
4 0.563531 0.933564 0.111465 0.113156 0.00102115
0 0.0664129 0.933747 0.112414 0.112493 0.00101191
5 0.439283 0.18895 0.112016 0.112088 0.00100574
