3 0.563411 0.934048 0.112207 0.112574 0.986881
3 0.191569 0.685323 0.111357 0.112762 0.986
6 0.0672579 0.809547 0.113075 0.113121 0.985462
5 0.935633 0.0656364 0.112442 0.11236 0.9854
6 0.316009 0.685318 0.1117 0.11212 0.985325
5 0.439524 0.934393 0.111921 0.113951 0.985232
7 0.936241 0.93378 0.112451 0.111866 0.985178
13 0.19139 0.809363 0.111424 0.112502 0.984977
13 0.812248 0.93384 0.112056 0.1124 0.984883
2 0.315309 0.809678 0.11324 0.112787 0.984852
8 0.688306 0.933917 0.112609 0.113931 0.984692
8 0.191619 0.933688 0.112707 0.114384 0.984444
11 0.562995 0.0656409 0.111793 0.112783 0.984246
9 0.0671562 0.685227 0.113003 0.112968 0.984246
11 0.314525 0.0654768 0.111648 0.111758 0.983928
8 0.315342 0.561456 0.112503 0.113302 0.983595
6 0.0671295 0.561709 0.113162 0.112578 0.983558
12 0.688265 0.809634 0.111164 0.113012 0.983294
6 0.564251 0.685312 0.11119 0.11264 0.983066
6 0.191574 0.0645288 0.111407 0.113067 0.983065
8 0.0666756 0.437629 0.112597 0.113105 0.983035
10 0.315381 0.31314 0.113716 0.112241 0.983003
9 0.438963 0.064676 0.110613 0.112532 0.982995
10 0.315381 0.437275 0.113004 0.11163 0.982981
5 0.191318 0.313945 0.111818 0.112906 0.982944
1 0.31565 0.933856 0.111855 0.112276 0.982782
6 0.0667913 0.188959 0.112896 0.112446 0.982555
4 0.687894 0.0651294 0.111373 0.113123 0.982548
10 0.439337 0.31313 0.112803 0.111938 0.981885
1 0.191122 0.561617 0.112 0.112651 0.981797
1 0.439677 0.809593 0.112252 0.113192 0.981682
1 0.936656 0.809595 0.112804 0.112321 0.981507
12 0.191143 0.437486 0.112175 0.1119 0.981387
12 0.0671588 0.313499 0.112309 0.112562 0.981265
11 0.315341 0.188704 0.112352 0.112092 0.981216
11 0.439622 0.43694 0.112518 0.112027 0.980974
7 0.812233 0.0655463 0.112158 0.111899 0.980119
0 0.19092 0.188879 0.112702 0.112264 0.980051
10 0.563807 0.188703 0.112241 0.113349 0.979904
12 0.0668904 0.933779 0.111766 0.11371 0.979894
2 0.439296 0.1889 0.112386 0.1129 0.97972
9 0.812271 0.685559 0.112326 0.112466 0.979152
1 0.439739 0.56148 0.112694 0.112957 0.979132
11 0.688098 0.685099 0.112704 0.112011 0.978956
0 0.0671684 0.0649853 0.111571 0.112771 0.978874
12 0.687751 0.313608 0.112133 0.111984 0.97886
2 0.563888 0.56118 0.112685 0.11318 0.978729
9 0.812128 0.188847 0.111597 0.112577 0.97865
8 0.688033 0.561571 0.112052 0.112554 0.978617
7 0.563974 0.437425 0.112212 0.112729 0.978573
0 0.439574 0.68547 0.111913 0.112201 0.978506
8 0.687794 0.189487 0.11175 0.113767 0.97842
0 0.564136 0.809459 0.11237 0.113746 0.978386
6 0.812562 0.437116 0.112325 0.112456 0.978357
0 0.811956 0.561263 0.112768 0.113217 0.978306
0 0.563286 0.313787 0.111429 0.111961 0.978267
0 0.812245 0.809513 0.113078 0.113445 0.978218
2 0.687374 0.437847 0.1113 0.111522 0.978203
8 0.936324 0.685626 0.112737 0.112447 0.978168
0 0.811854 0.313141 0.112294 0.112985 0.977965
4 0.936983 0.561465 0.113442 0.112941 0.977942
0 0.935894 0.188565 0.113402 0.11257 0.977677
2 0.936314 0.31299 0.11312 0.113786 0.977639
3 0.936029 0.437848 0.111141 0.112112 0.977233
5 0.315158 0.188719 0.1114 0.112227 0.0251545
2 0.0663677 0.437752 0.113505 0.112669 0.0151203
12 0.811578 0.0652463 0.111021 0.112895 0.0108322
1 0.0668902 0.0640128 0.113291 0.11328 0.0080981
2 0.688213 0.561306 0.11203 0.112281 0.00765626
5 0.31511 0.0647823 0.111674 0.112629 0.0065719
2 0.688218 0.188882 0.112951 0.113087 0.00569806
1 0.687632 0.438005 0.110184 0.112082 0.0056201
6 0.564416 0.43797 0.110242 0.113012 0.00555516
2 0.936292 0.685331 0.113087 0.112245 0.00547457
5 0.439508 0.437335 0.11245 0.112681 0.00525344
3 0.813133 0.684909 0.111199 0.113341 0.0052022
0 0.813155 0.685522 0.110894 0.113105 0.0050135
9 0.937286 0.436688 0.110308 0.113645 0.00476791
1 0.812085 0.31261 0.112009 0.113078 0.00452389
3 0.0668226 0.561097 0.113666 0.113028 0.0044691
6 0.687864 0.809081 0.110964 0.112332 0.00430904
6 0.0668904 0.933779 0.111766 0.11371 0.00413189
1 0.563833 0.312476 0.112322 0.113161 0.00411181
10 0.935879 0.0651557 0.111291 0.111899 0.00359093
3 0.316009 0.685318 0.1117 0.11212 0.00351795
2 0.191461 0.933649 0.113228 0.113999 0.00345374
2 0.688508 0.934033 0.112828 0.113287 0.00343676
1 0.936763 0.5616 0.112673 0.113125 0.00340891
12 0.811577 0.933273 0.110847 0.110896 0.00337658
3 0.066626 0.188829 0.112138 0.11234 0.00333963
3 0.191021 0.0647278 0.111092 0.112794 0.00331189
3 0.0672579 0.809547 0.113075 0.113121 0.00330323
5 0.688337 0.685561 0.112383 0.111778 0.0031728
10 0.439744 0.436852 0.111459 0.11181 0.00307047
7 0.936442 0.561588 0.113107 0.112103 0.00306913
10 0.688558 0.685245 0.111265 0.111233 0.00304239
12 0.564319 0.436662 0.11106 0.110705 0.00298484
1 0.935915 0.313384 0.111522 0.113433 0.00287124
12 0.935926 0.437753 0.111119 0.112478 0.00286257
10 0.812181 0.933423 0.1115 0.113227 0.00280698
1 0.440032 0.685164 0.111775 0.112548 0.00278084
4 0.439889 0.313383 0.111533 0.112338 0.00275288
0 0.813022 0.189261 0.11153 0.112539 0.00272792
1 0.687969 0.064662 0.110977 0.113616 0.0026419
1 0.563693 0.561369 0.112367 0.112957 0.0026352
1 0.812014 0.5609 0.11269 0.112835 0.00261984
3 0.564476 0.685159 0.111304 0.111884 0.00260012
3 0.688304 0.437764 0.112061 0.112634 0.00259815
0 0.0664971 0.43814 0.111686 0.113677 0.0025525
12 0.935835 0.933802 0.112068 0.112574 0.00252115
4 0.315638 0.313223 0.11241 0.112477 0.00248684
2 0.315213 0.561097 0.112846 0.113236 0.00245911
3 0.813021 0.188608 0.111469 0.111056 0.00242424
6 0.811545 0.0652008 0.112153 0.11269 0.00238796
12 0.812156 0.188839 0.111463 0.111847 0.00237228
8 0.688223 0.43752 0.111477 0.112897 0.00232895
4 0.564416 0.43797 0.110242 0.113012 0.00232023
1 0.439403 0.188766 0.112273 0.113276 0.00230067
7 0.687796 0.0648392 0.111263 0.111394 0.00226883
0 0.936874 0.80941 0.111931 0.112762 0.0022091
1 0.812087 0.809407 0.11214 0.11286 0.0021462
12 0.813107 0.685463 0.111094 0.112781 0.00212909
3 0.812551 0.437441 0.112288 0.11312 0.00205045
4 0.315419 0.437309 0.112729 0.112738 0.00201159
6 0.0669564 0.313136 0.113251 0.11273 0.00193248
3 0.564224 0.561416 0.112266 0.113089 0.00191217
0 0.688144 0.31346 0.111533 0.112721 0.00185734
0 0.688211 0.561668 0.112602 0.11343 0.00178351
7 0.564476 0.685159 0.111304 0.111884 0.00172232
2 0.936763 0.5616 0.112673 0.113125 0.00171531
1 0.564253 0.80942 0.111804 0.113048 0.00170964
4 0.564224 0.561416 0.112266 0.113089 0.00163443
12 0.191393 0.809905 0.111984 0.112066 0.00163422
4 0.56377 0.189018 0.112536 0.113277 0.00161651
10 0.315268 0.18862 0.112184 0.111588 0.00158095
12 0.439387 0.0645109 0.112261 0.111589 0.00157453
10 0.56341 0.0647709 0.111179 0.113524 0.00152863
1 0.191466 0.685566 0.111821 0.112092 0.00151423
4 0.688304 0.437764 0.112061 0.112634 0.00151108
1 0.315616 0.809417 0.113299 0.112657 0.00150543
9 0.687797 0.685576 0.111473 0.112179 0.00149658
8 0.688558 0.685245 0.111265 0.111233 0.00149091
10 0.19104 0.313147 0.111415 0.111863 0.00148242
10 0.31513 0.0647764 0.112282 0.111628 0.00144922
5 0.56341 0.0647709 0.111179 0.113524 0.00144609
3 0.936121 0.313622 0.112479 0.112555 0.00144047
4 0.936273 0.933542 0.112467 0.113064 0.00142914
13 0.315209 0.437369 0.112001 0.111864 0.00142749
0 0.315887 0.933715 0.111953 0.111962 0.00141208
12 0.0676485 0.685368 0.113263 0.113731 0.00138094
9 0.935991 0.188994 0.112924 0.113638 0.00137869
2 0.687894 0.0651294 0.111373 0.113123 0.0013751
10 0.439831 0.934145 0.112382 0.112678 0.00134951
9 0.191827 0.68548 0.11265 0.111845 0.00134472
0 0.439624 0.56124 0.112553 0.112935 0.00134115
3 0.315309 0.809678 0.11324 0.112787 0.00133962
6 0.687741 0.313594 0.111583 0.112017 0.00132187
4 0.439502 0.561444 0.112215 0.112621 0.0012839
6 0.190668 0.438098 0.113908 0.111437 0.0012816
11 0.31556 0.561168 0.110988 0.112374 0.0012771
11 0.935902 0.0649993 0.11319 0.112743 0.00126098
0 0.439882 0.809454 0.111975 0.113384 0.0012478
1 0.191105 0.188203 0.112571 0.112628 0.00123172
11 0.688213 0.189197 0.113399 0.114121 0.00123063
0 0.688646 0.933611 0.114235 0.113446 0.00122618
7 0.0675702 0.189 0.112881 0.112671 0.001218
4 0.439695 0.809381 0.111425 0.112906 0.00120942
7 0.315815 0.438011 0.113415 0.112933 0.00118787
0 0.688213 0.189197 0.113399 0.114121 0.00117183
0 0.19107 0.561242 0.112341 0.11295 0.00116784
4 0.191408 0.313408 0.111816 0.112543 0.00116031
6 0.936442 0.561588 0.113107 0.112103 0.00115783
6 0.935844 0.93352 0.11109 0.112611 0.00114593
7 0.686767 0.313784 0.109706 0.111758 0.00114276
9 0.564138 0.93345 0.112053 0.11311 0.00112402
4 0.936121 0.313622 0.112479 0.112555 0.00112378
7 0.0673098 0.313615 0.113575 0.11305 0.00112305
13 0.811646 0.0649191 0.111272 0.112616 0.00111926
4 0.191122 0.561617 0.112 0.112651 0.00110446
7 0.315811 0.31358 0.112672 0.112033 0.00110404
8 0.811615 0.685833 0.111965 0.112715 0.00109359
5 0.563626 0.189151 0.112791 0.112669 0.00107432
4 0.936656 0.809595 0.112804 0.112321 0.00107324
8 0.935928 0.31268 0.11301 0.114604 0.00105228
11 0.936009 0.685518 0.111271 0.113679 0.0010299
13 0.439643 0.313421 0.111478 0.111627 0.0010151
0 0.936534 0.685545 0.111795 0.112381 0.00100341
