7 0.191202 0.933918 0.113335 0.111645 0.985663
6 0.440179 0.685006 0.111513 0.112244 0.985074
13 0.563013 0.933913 0.113586 0.113449 0.98462
13 0.067162 0.313718 0.112789 0.112828 0.984177
5 0.190796 0.561674 0.110697 0.112813 0.98358
5 0.935674 0.933573 0.111554 0.112968 0.983378
9 0.438362 0.0649895 0.113221 0.111518 0.983233
13 0.0668185 0.810003 0.112249 0.115256 0.983157
5 0.06679 0.561754 0.112795 0.114967 0.983072
3 0.315387 0.561453 0.113128 0.114743 0.98249
10 0.19119 0.809626 0.112362 0.112863 0.98218
8 0.190964 0.313419 0.1132 0.112934 0.982128
11 0.0671802 0.686462 0.115443 0.114235 0.982122
3 0.188381 0.0649751 0.114415 0.111715 0.981965
8 0.688064 0.933661 0.112513 0.112439 0.981957
12 0.56399 0.809336 0.110128 0.112064 0.981937
10 0.812619 0.934185 0.11179 0.113188 0.981324
10 0.316086 0.685944 0.114407 0.112816 0.98121
0 0.190643 0.43644 0.11263 0.112358 0.98114
3 0.315177 0.313497 0.112499 0.113343 0.981115
13 0.563235 0.68488 0.112459 0.114173 0.981083
3 0.0652975 0.065357 0.111788 0.112164 0.981065
5 0.190071 0.189033 0.110662 0.112704 0.980634
8 0.687456 0.80903 0.111241 0.110191 0.980292
1 0.0675009 0.933972 0.113264 0.112712 0.98025
12 0.190707 0.685507 0.111363 0.110937 0.98014
2 0.315717 0.809226 0.113448 0.112705 0.979862
12 0.0668424 0.436754 0.112028 0.111314 0.979842
8 0.43924 0.933405 0.111713 0.112288 0.979654
2 0.315655 0.933859 0.11415 0.112283 0.97958
1 0.440152 0.808685 0.109617 0.110547 0.979334
5 0.687768 0.68467 0.111295 0.113725 0.979242
13 0.687689 0.438117 0.113318 0.113527 0.979128
11 0.315317 0.436728 0.112352 0.111211 0.97909
13 0.68735 0.3137 0.112792 0.112031 0.978855
11 0.812571 0.810377 0.112014 0.112625 0.978819
10 0.813088 0.56234 0.11208 0.112549 0.978326
4 0.812538 0.686008 0.114089 0.113657 0.978242
11 0.563403 0.312869 0.112424 0.114208 0.978217
2 0.564058 0.560605 0.111884 0.110725 0.978163
7 0.936209 0.685979 0.111053 0.112608 0.978159
5 0.56327 0.437746 0.112156 0.111949 0.978101
7 0.313682 0.188963 0.111736 0.111988 0.978004
4 0.81263 0.437903 0.112924 0.113829 0.978001
9 0.936737 0.312853 0.111391 0.112264 0.977998
8 0.936171 0.808442 0.109064 0.108668 0.977929
12 0.439975 0.56089 0.110571 0.111244 0.977705
3 0.687617 0.188029 0.113435 0.113858 0.977705
2 0.812456 0.0629023 0.111188 0.110445 0.977399
0 0.439597 0.188685 0.113256 0.112992 0.977324
12 0.936523 0.0633704 0.112763 0.110604 0.97714
8 0.439442 0.437321 0.110677 0.111643 0.977038
1 0.0662403 0.188589 0.11179 0.115102 0.97702
2 0.687538 0.0636177 0.112836 0.110239 0.976945
12 0.563381 0.188157 0.111119 0.112099 0.976862
2 0.937097 0.436566 0.11062 0.111678 0.976778
1 0.43886 0.313513 0.111357 0.111896 0.976772
0 0.313242 0.0642817 0.112981 0.112698 0.976619
8 0.688231 0.561564 0.11194 0.108252 0.976458
0 0.934884 0.186085 0.111625 0.11347 0.976376
8 0.811976 0.312494 0.112694 0.114898 0.976351
8 0.936671 0.561459 0.109829 0.111425 0.976293
0 0.562138 0.0646831 0.111915 0.111474 0.976054
1 0.812044 0.186698 0.112695 0.113077 0.975731
2 0.811903 0.311681 0.112526 0.113125 0.0190783
6 0.563554 0.188246 0.110853 0.11137 0.0136449
6 0.935504 0.0641805 0.113123 0.111727 0.0125796
6 0.563141 0.809309 0.110692 0.111487 0.0113245
6 0.439475 0.561707 0.110493 0.111313 0.0107842
2 0.688216 0.808584 0.112178 0.110848 0.00749868
2 0.936291 0.560305 0.111334 0.10989 0.00681974
0 0.438961 0.438206 0.111394 0.111335 0.00618441
2 0.688667 0.561217 0.112537 0.109019 0.0061229
0 0.811499 0.313329 0.111969 0.113305 0.0056549
11 0.6868 0.685373 0.108513 0.111436 0.00559404
2 0.189988 0.312277 0.112793 0.110762 0.0049562
10 0.0665662 0.809156 0.113833 0.115004 0.00475556
5 0.936316 0.436295 0.109379 0.11114 0.00473956
8 0.813179 0.810244 0.112522 0.113612 0.00471089
0 0.191824 0.313577 0.113754 0.113526 0.00471005
9 0.686592 0.188221 0.112093 0.114495 0.00462855
2 0.439469 0.436762 0.112631 0.115145 0.00460582
8 0.811416 0.0625601 0.110958 0.111899 0.00454162
8 0.563507 0.312971 0.112563 0.114526 0.00441281
6 0.0666495 0.437672 0.112176 0.112513 0.00429776
1 0.812258 0.437703 0.112155 0.11353 0.00404053
6 0.191182 0.685507 0.109831 0.111298 0.00399299
2 0.935336 0.809492 0.110389 0.110022 0.00397765
2 0.688161 0.684705 0.112043 0.114636 0.00396422
11 0.81294 0.562332 0.11298 0.112685 0.00392663
12 0.936744 0.311261 0.111505 0.116658 0.00391292
7 0.811702 0.437261 0.111589 0.115323 0.00384866
10 0.190724 0.561847 0.111406 0.11221 0.00376133
5 0.812745 0.933926 0.11253 0.113588 0.00374124
7 0.811637 0.68505 0.1139 0.114832 0.00354209
10 0.935397 0.933158 0.112348 0.113012 0.00341181
11 0.688071 0.560737 0.111229 0.108807 0.00321634
10 0.19024 0.188219 0.111634 0.112697 0.00309467
12 0.812653 0.93411 0.111145 0.112052 0.00292537
12 0.686488 0.313697 0.111365 0.112721 0.00288044
0 0.812154 0.185183 0.113775 0.112288 0.0028606
11 0.811492 0.312219 0.108298 0.112402 0.00282994
0 0.688737 0.933452 0.115413 0.113158 0.00282381
11 0.812745 0.933926 0.11253 0.113588 0.00277437
8 0.93635 0.435881 0.110973 0.110196 0.00276148
1 0.812322 0.685894 0.113662 0.113744 0.00275054
9 0.688063 0.438274 0.111993 0.113898 0.00272943
11 0.562863 0.436553 0.111973 0.110171 0.00272416
11 0.93627 0.560989 0.105566 0.10994 0.00264053
1 0.688236 0.0630381 0.114621 0.10954 0.00256272
1 0.81168 0.0636183 0.112154 0.110737 0.00245477
12 0.935863 0.685859 0.108285 0.110908 0.00245288
10 0.0665445 0.313434 0.115102 0.113059 0.00244925
7 0.0668973 0.436004 0.112067 0.113 0.00243228
10 0.811767 0.81029 0.108385 0.110629 0.00242937
13 0.936565 0.311274 0.110191 0.115749 0.00242729
12 0.688186 0.437883 0.113842 0.114824 0.00235689
0 0.438833 0.314049 0.111793 0.112518 0.00235214
13 0.812745 0.933926 0.11253 0.113588 0.00234069
11 0.935482 0.933753 0.108149 0.111128 0.00221158
4 0.813353 0.56263 0.113004 0.115336 0.00220048
7 0.935795 0.0631479 0.111391 0.11141 0.00218644
2 0.688747 0.933179 0.11521 0.11324 0.00217703
9 0.0665662 0.809156 0.113833 0.115004 0.00214656
11 0.190021 0.188488 0.110848 0.112257 0.00214
1 0.561748 0.0637565 0.111109 0.111474 0.00209875
1 0.564058 0.560605 0.111884 0.110725 0.00207245
1 0.936055 0.437907 0.107919 0.109884 0.00204046
2 0.0664677 0.93357 0.113472 0.113778 0.00201599
12 0.189142 0.0645939 0.111485 0.110907 0.00196083
8 0.686465 0.0631118 0.114698 0.111779 0.00196081
11 0.936171 0.808442 0.109064 0.108668 0.00195997
0 0.936899 0.313278 0.108212 0.111999 0.00191273
9 0.935837 0.186807 0.111542 0.114101 0.001904
9 0.0665445 0.313434 0.115102 0.113059 0.0019036
0 0.0663664 0.189213 0.111962 0.113944 0.00189713
4 0.191202 0.933918 0.113335 0.111645 0.00188766
0 0.688232 0.809086 0.112691 0.111316 0.00188068
0 0.688659 0.56157 0.113603 0.109802 0.00182704
7 0.0675577 0.313587 0.113482 0.113408 0.00178547
2 0.688081 0.188482 0.113844 0.113824 0.00177544
12 0.438925 0.065039 0.114439 0.112251 0.00176533
5 0.813303 0.5625 0.113997 0.114625 0.00173126
11 0.190811 0.560754 0.110498 0.11291 0.00172515
2 0.439024 0.93346 0.111114 0.111666 0.00171952
10 0.56354 0.438158 0.111725 0.111225 0.00169399
12 0.686658 0.188235 0.111966 0.114427 0.0016889
5 0.686329 0.06334 0.114919 0.111615 0.00168289
8 0.936505 0.313443 0.110145 0.111539 0.00166713
8 0.563791 0.560459 0.112441 0.111158 0.0016416
7 0.813353 0.56263 0.113004 0.115336 0.00154516
4 0.56354 0.438158 0.111725 0.111225 0.00152787
11 0.0668062 0.560538 0.113344 0.115265 0.00152377
7 0.563808 0.684982 0.113226 0.113798 0.00150646
7 0.813319 0.93405 0.114124 0.116022 0.00148264
9 0.188381 0.0649751 0.114415 0.111715 0.00148097
0 0.070578 0.932094 0.10715 0.109452 0.00146641
3 0.56354 0.438158 0.111725 0.111225 0.00146191
8 0.315324 0.808723 0.113674 0.110666 0.00145974
11 0.0665445 0.313434 0.115102 0.113059 0.00144758
0 0.43983 0.933379 0.111358 0.112127 0.00144417
1 0.31608 0.809222 0.112959 0.111722 0.00143178
1 0.315876 0.933812 0.113377 0.111527 0.00141574
4 0.813319 0.93405 0.114124 0.116022 0.00140602
6 0.811656 0.43773 0.112463 0.114606 0.00140536
3 0.439582 0.560826 0.111421 0.112134 0.00139928
4 0.935843 0.685256 0.112451 0.112561 0.00139732
8 0.315655 0.933859 0.11415 0.112283 0.00139728
9 0.315171 0.56096 0.114607 0.113824 0.00138736
12 0.81294 0.562332 0.11298 0.112685 0.00138165
7 0.561641 0.18947 0.109889 0.110532 0.00137549
11 0.936213 0.31189 0.108632 0.112681 0.00137179
8 0.315291 0.436223 0.110697 0.111194 0.00134903
5 0.189293 0.0643666 0.112313 0.111743 0.00134859
7 0.686498 0.313506 0.113588 0.112895 0.00134238
5 0.811275 0.0626859 0.111163 0.111312 0.0013328
3 0.315515 0.809429 0.112919 0.112382 0.0013265
11 0.43924 0.933405 0.111713 0.112288 0.00129597
11 0.688064 0.933661 0.112513 0.112439 0.00128465
11 0.439404 0.438328 0.111651 0.111306 0.00128306
4 0.563141 0.809309 0.110692 0.111487 0.00127311
13 0.813313 0.562898 0.111919 0.111028 0.00127275
11 0.687394 0.808962 0.111446 0.110474 0.00125653
7 0.563569 0.934017 0.113518 0.11283 0.00123633
0 0.43826 0.0649308 0.113237 0.112484 0.00122998
10 0.812201 0.685813 0.113751 0.113674 0.00122618
1 0.313132 0.063667 0.112273 0.111991 0.00122403
9 0.811667 0.810334 0.109348 0.110719 0.00122211
2 0.935425 0.933403 0.107589 0.111621 0.00120138
1 0.191095 0.438257 0.109843 0.110375 0.00119435
9 0.93627 0.560989 0.105566 0.10994 0.00119416
3 0.936548 0.436154 0.110464 0.11216 0.00118384
4 0.0664677 0.93357 0.113472 0.113778 0.00118102
8 0.439107 0.0649287 0.114053 0.112443 0.00118054
10 0.687543 0.685063 0.112539 0.113416 0.00117928
3 0.936249 0.312611 0.107978 0.112818 0.00115522
13 0.93589 0.685498 0.107597 0.111255 0.00114744
2 0.812258 0.437703 0.112155 0.11353 0.00113884
3 0.563441 0.188292 0.11053 0.112954 0.00111966
11 0.93642 0.43633 0.108157 0.112233 0.00111849
7 0.439593 0.561153 0.111258 0.111603 0.00110715
7 0.0673133 0.809549 0.11326 0.115584 0.00110694
6 0.811594 0.685515 0.114888 0.113562 0.00110438
1 0.0651468 0.0649931 0.111176 0.111052 0.00110281
5 0.06708 0.68595 0.114703 0.113584 0.00109412
7 0.191019 0.685407 0.110392 0.111122 0.00109093
10 0.0662186 0.56167 0.113489 0.114033 0.00108683
10 0.313666 0.189251 0.112121 0.112973 0.00108305
2 0.812322 0.685894 0.113662 0.113744 0.00108211
1 0.315395 0.561568 0.113216 0.113629 0.00107125
5 0.315058 0.933645 0.113274 0.11199 0.00106912
3 0.440179 0.685006 0.111513 0.112244 0.00105315
0 0.936291 0.560305 0.111334 0.10989 0.00105072
9 0.315648 0.313761 0.113519 0.113376 0.00104875
1 0.440072 0.685065 0.111751 0.112369 0.00104398
2 0.563518 0.437914 0.112963 0.112674 0.00104277
3 0.0668704 0.436035 0.112202 0.113262 0.00104089
11 0.811416 0.0625601 0.110958 0.111899 0.00103078
1 0.315098 0.313488 0.111533 0.112361 0.00102832
3 0.563141 0.809309 0.110692 0.111487 0.00102292
5 0.0652895 0.0647192 0.111626 0.111765 0.00101834
5 0.563383 0.313949 0.113679 0.114394 0.00100385
5 0.315117 0.437727 0.11322 0.112789 0.00100384
