3 0.315414 0.809404 0.113498 0.11205 0.988174
2 0.563641 0.809673 0.112013 0.112481 0.986728
9 0.314789 0.0647877 0.111686 0.112003 0.986694
2 0.439339 0.934181 0.113639 0.113925 0.98663
8 0.688014 0.934018 0.112989 0.113168 0.986107
5 0.439996 0.80955 0.112191 0.113572 0.986015
8 0.563921 0.685314 0.111992 0.111988 0.985685
5 0.688188 0.809504 0.11237 0.113988 0.984962
6 0.315942 0.933875 0.110576 0.112426 0.984494
8 0.439122 0.065029 0.112284 0.111986 0.98411
10 0.191609 0.809373 0.111738 0.111202 0.983674
2 0.0674572 0.809606 0.113015 0.113249 0.98363
13 0.936347 0.934075 0.113204 0.113006 0.98355
7 0.0668233 0.68542 0.113344 0.112774 0.983497
7 0.9366 0.809852 0.11201 0.111226 0.983404
8 0.0667526 0.313824 0.11384 0.113419 0.983004
7 0.315616 0.18891 0.113841 0.112477 0.982488
1 0.812563 0.933441 0.111946 0.112973 0.982238
10 0.191504 0.561159 0.112034 0.111367 0.98201
2 0.0670107 0.437874 0.112613 0.112711 0.98196
6 0.315519 0.437169 0.111096 0.111949 0.981736
11 0.191143 0.0652018 0.111733 0.112286 0.981682
11 0.191566 0.436944 0.111776 0.111941 0.981583
9 0.812272 0.685507 0.111321 0.111222 0.981529
13 0.315803 0.561407 0.112108 0.110774 0.981368
10 0.439331 0.560915 0.111874 0.111291 0.981147
6 0.191523 0.188458 0.111891 0.112373 0.980797
13 0.439833 0.685652 0.112826 0.111829 0.980748
12 0.0667686 0.0645917 0.112853 0.113194 0.980646
0 0.191545 0.685222 0.11195 0.11183 0.980611
12 0.191788 0.313276 0.112524 0.1124 0.980505
8 0.0667104 0.934174 0.11485 0.114056 0.980481
8 0.191713 0.934142 0.113513 0.113764 0.980123
2 0.439399 0.313327 0.112 0.111657 0.979962
5 0.68827 0.685066 0.112168 0.11334 0.979936
9 0.688034 0.313476 0.11168 0.111642 0.97972
8 0.439499 0.437365 0.112901 0.112089 0.979552
0 0.315241 0.313426 0.112581 0.112224 0.979405
10 0.563926 0.188539 0.112132 0.113379 0.979358
3 0.936087 0.0649919 0.112426 0.112334 0.9792
3 0.563491 0.561389 0.111687 0.112388 0.97903
8 0.936166 0.685643 0.113199 0.113038 0.978669
1 0.687847 0.561341 0.112625 0.112881 0.978534
7 0.68784 0.189237 0.111996 0.112527 0.978523
7 0.563965 0.437427 0.112228 0.111982 0.978522
11 0.936353 0.436832 0.112821 0.113293 0.9785
6 0.688147 0.0643538 0.111706 0.112546 0.978486
10 0.936758 0.56111 0.113029 0.113725 0.978232
12 0.0668734 0.188908 0.112307 0.111988 0.978224
12 0.564533 0.933383 0.112154 0.113255 0.978159
12 0.315624 0.685356 0.112517 0.112028 0.978151
1 0.812246 0.188839 0.112821 0.112842 0.978148
5 0.812506 0.437085 0.112472 0.11316 0.978064
0 0.439388 0.188948 0.112358 0.113584 0.978037
0 0.563731 0.064979 0.11186 0.113266 0.977957
0 0.812359 0.809554 0.112926 0.113396 0.977925
0 0.687824 0.437247 0.112114 0.113054 0.977842
2 0.812332 0.313017 0.112581 0.113675 0.977786
8 0.563535 0.313677 0.111721 0.11206 0.977736
1 0.936324 0.312873 0.113944 0.112918 0.977628
7 0.935709 0.188729 0.111562 0.111066 0.977625
0 0.0674189 0.561381 0.11234 0.112909 0.977366
0 0.811495 0.0656484 0.111815 0.111874 0.977257
8 0.811898 0.561745 0.111213 0.111747 0.977079
1 0.0667351 0.560915 0.115003 0.11278 0.0198424
12 0.43986 0.685473 0.11129 0.111596 0.0129777
2 0.43944 0.0646238 0.111944 0.112952 0.0103725
2 0.812225 0.561387 0.111636 0.113037 0.00966998
6 0.0670931 0.188789 0.112276 0.111751 0.00957112
10 0.936823 0.43643 0.111964 0.113186 0.00823565
6 0.315751 0.685256 0.111538 0.111296 0.00771407
3 0.688214 0.0636465 0.111512 0.113179 0.00618138
2 0.0665217 0.313798 0.11427 0.112211 0.00575381
1 0.688103 0.436663 0.112223 0.112618 0.00516889
2 0.563935 0.31306 0.11298 0.112894 0.00494728
0 0.813146 0.68529 0.111063 0.112649 0.00426282
12 0.936041 0.933938 0.112308 0.113269 0.00411576
3 0.811954 0.31396 0.112472 0.11262 0.00408818
4 0.564305 0.18869 0.111555 0.112606 0.00405666
2 0.439867 0.436941 0.111817 0.113162 0.00388644
11 0.81159 0.437424 0.112029 0.111772 0.0038521
0 0.812665 0.933735 0.110987 0.11153 0.0036054
3 0.315665 0.437092 0.111612 0.112123 0.00354565
3 0.190863 0.188218 0.110341 0.111626 0.00345615
0 0.812796 0.188053 0.111821 0.112116 0.00333712
6 0.564048 0.933642 0.111046 0.112839 0.00332661
3 0.315956 0.933611 0.111033 0.112714 0.00332582
0 0.688184 0.313355 0.111853 0.112732 0.00329531
2 0.936735 0.685651 0.112447 0.11345 0.00328431
0 0.936378 0.313108 0.112814 0.111803 0.00325619
11 0.44002 0.685435 0.111283 0.112096 0.0030763
4 0.439394 0.561093 0.111918 0.112696 0.00307599
1 0.0670761 0.438019 0.111778 0.111 0.00303343
1 0.315416 0.312765 0.112839 0.112901 0.00301889
3 0.564415 0.809271 0.111244 0.112405 0.00282233
1 0.811991 0.31346 0.111544 0.112719 0.00271268
10 0.936094 0.933305 0.111234 0.111434 0.0026917
11 0.936347 0.934075 0.113204 0.113006 0.0026836
2 0.564484 0.685557 0.111597 0.113041 0.00267166
1 0.812224 0.0643088 0.111782 0.113528 0.00264016
0 0.688187 0.561136 0.111564 0.111305 0.00262097
3 0.813126 0.684733 0.111303 0.112899 0.00260426
12 0.31532 0.561465 0.11197 0.111835 0.0024079
12 0.935888 0.809969 0.113082 0.1136 0.00239372
0 0.439086 0.438082 0.112035 0.113388 0.00235844
4 0.191609 0.809373 0.111738 0.111202 0.00234017
12 0.688184 0.313355 0.111853 0.112732 0.00228215
8 0.811657 0.685496 0.111428 0.112364 0.00227786
1 0.563802 0.0639441 0.11152 0.113554 0.00222123
3 0.813135 0.437917 0.111173 0.113764 0.00219143
1 0.316252 0.436837 0.108876 0.111717 0.00218523
3 0.68823 0.313477 0.112577 0.11327 0.00218496
6 0.935882 0.809772 0.112363 0.1133 0.00213979
3 0.0666569 0.809457 0.115013 0.112724 0.00213407
0 0.688775 0.933612 0.113612 0.112742 0.00209242
11 0.31618 0.561672 0.111337 0.11222 0.0020747
5 0.811486 0.313161 0.113598 0.112584 0.00204461
1 0.439475 0.313068 0.112372 0.113365 0.00198718
2 0.688527 0.809649 0.112562 0.112779 0.00196406
1 0.564304 0.809286 0.113036 0.112752 0.00188905
11 0.564314 0.68554 0.111556 0.112892 0.0018514
5 0.191005 0.0646554 0.111994 0.112036 0.00184635
2 0.688163 0.561244 0.111703 0.112855 0.00184032
6 0.191264 0.313175 0.111171 0.111681 0.00183195
6 0.936214 0.0650968 0.11117 0.111901 0.00182409
1 0.812214 0.809422 0.11174 0.112768 0.00181104
11 0.812483 0.561673 0.113572 0.113783 0.00180989
3 0.0663486 0.437484 0.115281 0.111509 0.0018073
8 0.0670761 0.438019 0.111778 0.111 0.00178457
2 0.813135 0.437917 0.111173 0.113764 0.00177881
8 0.813049 0.313299 0.110874 0.114051 0.00177389
12 0.935848 0.0651375 0.110312 0.111675 0.00176736
0 0.813099 0.562125 0.111512 0.114623 0.00176706
12 0.813101 0.685261 0.110733 0.112481 0.0017545
10 0.191249 0.436563 0.111095 0.111397 0.00170756
11 0.563935 0.31306 0.11298 0.112894 0.00170437
8 0.191412 0.437372 0.112104 0.111955 0.0016946
3 0.68851 0.685328 0.112165 0.113618 0.00165672
1 0.43944 0.188348 0.112267 0.113053 0.00164732
13 0.191412 0.437372 0.112104 0.111955 0.00159947
9 0.688001 0.933493 0.111851 0.112624 0.00159781
10 0.439404 0.685567 0.110821 0.111613 0.00157579
12 0.564448 0.436604 0.110072 0.110272 0.00156357
1 0.440177 0.933625 0.114261 0.114109 0.00155618
0 0.0675884 0.313921 0.111888 0.113346 0.00155533
7 0.688224 0.0643439 0.111486 0.113432 0.00154947
7 0.191852 0.18899 0.113365 0.112679 0.00153554
4 0.315956 0.933611 0.111033 0.112714 0.00152877
4 0.688524 0.6851 0.111881 0.113856 0.00151609
1 0.31532 0.809226 0.112467 0.11231 0.0015057
1 0.563705 0.561526 0.111967 0.112187 0.0014831
7 0.315519 0.437169 0.111096 0.111949 0.0014779
11 0.439749 0.437499 0.111966 0.111967 0.0014623
1 0.191486 0.685087 0.111962 0.112471 0.00144851
2 0.813294 0.932785 0.1114 0.113071 0.001428
4 0.812447 0.437927 0.110899 0.112876 0.00142365
12 0.93601 0.189038 0.113465 0.113795 0.00142279
8 0.935953 0.436917 0.111089 0.1113 0.0014178
12 0.564189 0.189045 0.11226 0.112462 0.00137387
4 0.564337 0.43796 0.111733 0.112181 0.00137282
10 0.563799 0.437879 0.110792 0.111245 0.00136179
1 0.936174 0.0650857 0.110633 0.111707 0.00136131
4 0.0670931 0.188789 0.112276 0.111751 0.00135985
4 0.93658 0.809442 0.112761 0.112803 0.00134992
7 0.563762 0.188821 0.111767 0.113026 0.00134304
11 0.688741 0.934091 0.113117 0.112395 0.00133121
4 0.688276 0.189209 0.113606 0.114237 0.0013139
7 0.315942 0.933875 0.110576 0.112426 0.00131143
10 0.688484 0.809572 0.111616 0.114191 0.00131132
13 0.936557 0.561201 0.111885 0.111537 0.00131086
2 0.688001 0.933493 0.111851 0.112624 0.00130944
6 0.688282 0.189019 0.113631 0.113861 0.00130337
5 0.563679 0.188726 0.112075 0.112191 0.00129993
9 0.563709 0.313807 0.113033 0.112672 0.0012998
5 0.936176 0.561644 0.111637 0.112188 0.00129854
4 0.191504 0.561159 0.112034 0.111367 0.00129733
4 0.688484 0.809572 0.111616 0.114191 0.00129444
2 0.0666242 0.933872 0.114455 0.112874 0.00128803
9 0.936757 0.436509 0.11083 0.112592 0.00128084
12 0.43998 0.561377 0.111568 0.111989 0.00126873
8 0.066935 0.809734 0.113393 0.113157 0.00126725
3 0.688469 0.809871 0.112156 0.113724 0.0012656
2 0.440304 0.809549 0.112825 0.113091 0.00125176
10 0.315392 0.189038 0.112995 0.112073 0.00123608
5 0.0672825 0.436776 0.111593 0.113798 0.00123562
12 0.936439 0.561279 0.113787 0.112666 0.00122849
6 0.936015 0.188883 0.113071 0.113787 0.00122607
6 0.0668646 0.0644847 0.112544 0.1131 0.00122272
10 0.688524 0.6851 0.111881 0.113856 0.00117679
8 0.440293 0.934365 0.113381 0.114042 0.00116611
0 0.31537 0.0649322 0.112234 0.111823 0.00116452
11 0.43944 0.0646238 0.111944 0.112952 0.0011601
9 0.191164 0.43675 0.110596 0.110751 0.00115605
0 0.563955 0.313711 0.111326 0.111909 0.00114861
11 0.192544 0.934053 0.113019 0.112656 0.00112053
6 0.688163 0.561244 0.111703 0.112855 0.00110797
4 0.0668233 0.68542 0.113344 0.112774 0.0011063
7 0.439394 0.561093 0.111918 0.112696 0.00109455
3 0.439651 0.313811 0.112104 0.113117 0.0010935
13 0.439663 0.561296 0.11116 0.111351 0.00108495
2 0.812961 0.188748 0.111834 0.114134 0.00108445
11 0.936526 0.68539 0.113409 0.113351 0.00107981
5 0.191464 0.809188 0.111917 0.111975 0.0010737
6 0.564337 0.43796 0.111733 0.112181 0.0010584
1 0.0672119 0.809375 0.114138 0.112466 0.00105149
11 0.811609 0.68543 0.112373 0.112268 0.00105103
3 0.440223 0.933722 0.112781 0.11359 0.00103097
10 0.315423 0.561782 0.111739 0.111529 0.00103083
2 0.688524 0.6851 0.111881 0.113856 0.00103071
3 0.564845 0.933924 0.112491 0.111276 0.001027
4 0.687993 0.560808 0.112059 0.112423 0.00102383
11 0.191416 0.80935 0.112106 0.11166 0.00102322
8 0.68823 0.313477 0.112577 0.11327 0.00101835
3 0.0674817 0.188658 0.1126 0.112864 0.00101375
4 0.812176 0.189335 0.111753 0.112317 0.00101018
