2 0.43949 0.934113 0.112946 0.113841 0.987256
3 0.067273 0.809657 0.111876 0.112958 0.987149
5 0.315957 0.934109 0.111438 0.113193 0.986635
5 0.563609 0.809786 0.111112 0.113085 0.986196
13 0.563469 0.933754 0.111364 0.113552 0.985643
5 0.31619 0.685796 0.111194 0.112454 0.985423
7 0.19138 0.933885 0.111665 0.112122 0.985367
5 0.687316 0.934251 0.111528 0.113677 0.984818
2 0.191881 0.809736 0.110784 0.112131 0.98407
2 0.563494 0.0649045 0.110701 0.11267 0.984003
10 0.936087 0.934074 0.11342 0.113275 0.983993
2 0.43933 0.0646597 0.111149 0.112125 0.983787
13 0.191314 0.437911 0.111295 0.112153 0.983662
6 0.439742 0.685319 0.111925 0.113391 0.983612
3 0.811718 0.809858 0.112811 0.113629 0.983562
13 0.315628 0.561894 0.111416 0.112431 0.983526
12 0.812818 0.933881 0.111929 0.11377 0.983448
10 0.688118 0.065354 0.112227 0.11318 0.98318
13 0.0672704 0.685642 0.112413 0.112846 0.983048
13 0.0671626 0.933934 0.112795 0.113638 0.982945
7 0.191009 0.56116 0.111888 0.111053 0.9829
4 0.439452 0.809753 0.111966 0.112819 0.982663
7 0.190689 0.685361 0.113243 0.112143 0.982523
4 0.315374 0.809231 0.112223 0.112238 0.982379
4 0.688026 0.809898 0.111723 0.113168 0.982108
10 0.0669664 0.0651801 0.11363 0.11295 0.981845
10 0.0670489 0.561466 0.113394 0.113021 0.981653
2 0.0676105 0.437254 0.111729 0.112157 0.981511
1 0.315215 0.437241 0.112692 0.112178 0.981458
1 0.315199 0.188176 0.111674 0.112136 0.98135
4 0.0677543 0.188631 0.113465 0.113293 0.981317
10 0.935697 0.0653916 0.113374 0.113945 0.981298
2 0.315817 0.312784 0.110952 0.112228 0.981188
1 0.191235 0.313055 0.112014 0.111741 0.981179
13 0.936576 0.809819 0.112002 0.113583 0.980606
1 0.191133 0.0646398 0.11065 0.111194 0.980498
0 0.190743 0.18868 0.111996 0.112157 0.979993
0 0.315167 0.0636551 0.111443 0.112105 0.979956
2 0.440108 0.561082 0.111439 0.112627 0.979828
12 0.563626 0.188791 0.11226 0.112422 0.979472
9 0.687744 0.685603 0.11089 0.111606 0.979423
1 0.563523 0.437247 0.112216 0.112901 0.979221
11 0.563515 0.560821 0.111733 0.11425 0.979204
5 0.812059 0.56119 0.112206 0.113311 0.978974
13 0.563608 0.685625 0.11203 0.112473 0.978929
9 0.687895 0.561522 0.112262 0.112228 0.978924
10 0.812502 0.312595 0.112517 0.113517 0.978888
1 0.439207 0.313139 0.112333 0.112623 0.978865
12 0.812551 0.68566 0.113182 0.11228 0.978796
6 0.812267 0.188686 0.112134 0.111772 0.978753
5 0.687683 0.188695 0.111817 0.11302 0.978739
5 0.936491 0.436815 0.11293 0.113445 0.978724
8 0.439414 0.43698 0.112377 0.112137 0.978646
3 0.68747 0.437604 0.11159 0.112046 0.978645
10 0.812608 0.436732 0.11236 0.113325 0.978588
0 0.563072 0.313948 0.111521 0.112147 0.978585
11 0.687519 0.312838 0.111708 0.113612 0.978485
1 0.936281 0.312788 0.113856 0.113136 0.978196
0 0.439429 0.188498 0.111926 0.113264 0.978076
0 0.0672821 0.312875 0.112097 0.113355 0.977925
0 0.812065 0.0647315 0.112187 0.113126 0.977525
7 0.936703 0.685551 0.112504 0.113101 0.977332
13 0.935949 0.188702 0.110692 0.11146 0.977072
2 0.936337 0.561658 0.111097 0.111816 0.976943
3 0.68771 0.685518 0.11114 0.112071 0.0194942
4 0.813031 0.436972 0.111575 0.113826 0.0103496
1 0.0669655 0.312373 0.112738 0.112329 0.00827529
7 0.563844 0.685357 0.111381 0.113272 0.00682972
3 0.687761 0.561449 0.111368 0.112309 0.00677976
12 0.936331 0.685783 0.112708 0.113407 0.0065412
4 0.0667882 0.560706 0.115049 0.112694 0.00508436
1 0.315175 0.313184 0.110292 0.112196 0.00455321
2 0.0667481 0.80963 0.113533 0.112708 0.00454446
5 0.688069 0.313157 0.11191 0.113533 0.00453811
2 0.439898 0.437129 0.111971 0.112643 0.00439726
4 0.688329 0.0649983 0.111493 0.113051 0.00436164
4 0.936109 0.685299 0.113484 0.112933 0.00391278
0 0.812415 0.933928 0.110171 0.112673 0.0037891
12 0.688115 0.561333 0.112039 0.112076 0.00366212
7 0.935959 0.809573 0.113027 0.113795 0.00352159
5 0.563176 0.561106 0.110899 0.112768 0.00338357
7 0.936431 0.189295 0.112003 0.113643 0.00332519
1 0.688043 0.809278 0.112493 0.11241 0.00326691
12 0.68818 0.685622 0.112041 0.111809 0.00325653
1 0.0673409 0.188797 0.112969 0.112198 0.00314507
12 0.935529 0.189304 0.113735 0.114122 0.0031128
6 0.811584 0.810203 0.11179 0.113003 0.00311243
1 0.936209 0.56133 0.113915 0.113925 0.00300334
12 0.936005 0.810109 0.112288 0.113692 0.00297082
4 0.81299 0.313095 0.110969 0.115116 0.00296714
1 0.0669527 0.437962 0.109656 0.108004 0.00287679
0 0.812665 0.685599 0.111573 0.112211 0.00281164
3 0.936762 0.561427 0.111818 0.113424 0.00275881
1 0.31566 0.80965 0.112675 0.112377 0.00275751
3 0.688095 0.189322 0.11283 0.11234 0.0027385
10 0.687752 0.934066 0.111227 0.111487 0.00269075
1 0.563535 0.312834 0.111851 0.113183 0.00268982
12 0.688219 0.0647841 0.111543 0.113741 0.00267568
2 0.688114 0.437643 0.11126 0.11137 0.00259739
12 0.191544 0.437428 0.11118 0.111325 0.00253136
1 0.811543 0.188547 0.110717 0.113322 0.00245949
0 0.688115 0.561333 0.112039 0.112076 0.00241259
6 0.686845 0.437152 0.11357 0.113097 0.0024059
1 0.315167 0.0636551 0.111443 0.112105 0.00239787
0 0.68818 0.685622 0.112041 0.111809 0.0023959
0 0.936243 0.312934 0.112877 0.111966 0.00237882
2 0.688026 0.809898 0.111723 0.113168 0.0023631
7 0.0667669 0.685229 0.113808 0.113297 0.00236068
7 0.688329 0.0649983 0.111493 0.113051 0.00233508
1 0.439572 0.809498 0.112422 0.112509 0.002258
3 0.812238 0.188859 0.112975 0.113437 0.00224385
7 0.811752 0.436637 0.112284 0.113875 0.00222728
6 0.936344 0.685578 0.111531 0.113042 0.0022031
11 0.439646 0.436956 0.111924 0.112485 0.0020184
1 0.812415 0.064225 0.111398 0.113172 0.00199416
0 0.563825 0.436782 0.112029 0.112675 0.00197785
1 0.439607 0.560884 0.112871 0.112901 0.00196195
10 0.686843 0.312995 0.110559 0.112807 0.00196185
12 0.563647 0.685608 0.111449 0.11201 0.00194279
7 0.439533 0.809638 0.111828 0.112373 0.0019289
1 0.563706 0.0644598 0.111808 0.112965 0.00186757
0 0.315455 0.188641 0.111244 0.113075 0.00184987
3 0.315691 0.312802 0.110671 0.112138 0.00182163
4 0.688095 0.189322 0.11283 0.11234 0.00182077
1 0.440102 0.933667 0.113153 0.113271 0.00181484
0 0.191269 0.0642238 0.111444 0.112546 0.00180097
1 0.191064 0.188185 0.111648 0.112238 0.00180073
7 0.0671076 0.188 0.112228 0.112507 0.00176742
1 0.439669 0.0643867 0.111502 0.112775 0.00176686
13 0.0670663 0.561071 0.112549 0.112739 0.00176462
6 0.812259 0.685778 0.112643 0.112754 0.00175662
1 0.811483 0.809658 0.111768 0.11195 0.00173047
10 0.935529 0.189304 0.113735 0.114122 0.00171712
13 0.688398 0.0646276 0.111944 0.112214 0.00169439
7 0.811745 0.312339 0.112197 0.113898 0.00167647
7 0.936117 0.933574 0.112665 0.113784 0.00167089
10 0.315356 0.934004 0.111931 0.112237 0.00166842
10 0.93647 0.437327 0.112049 0.112516 0.00166549
5 0.813031 0.436972 0.111575 0.113826 0.00165849
10 0.563879 0.560815 0.112205 0.113305 0.00165533
7 0.688102 0.809711 0.11164 0.112343 0.00165425
10 0.687616 0.189107 0.111639 0.11233 0.00165303
7 0.0668993 0.933671 0.113645 0.113839 0.00161248
10 0.0671026 0.933753 0.111858 0.112748 0.00160523
11 0.688352 0.933962 0.11313 0.113281 0.00157407
12 0.315496 0.561426 0.111865 0.111935 0.00156839
13 0.19142 0.933893 0.111745 0.112939 0.00155768
12 0.688219 0.438007 0.11237 0.112427 0.00153833
0 0.439241 0.312981 0.111996 0.112603 0.00153733
13 0.936567 0.0644531 0.111796 0.112245 0.00151904
10 0.811719 0.561249 0.111259 0.111895 0.00151861
8 0.315175 0.313184 0.110292 0.112196 0.00151727
10 0.812415 0.933928 0.110171 0.112673 0.00150611
2 0.688369 0.93358 0.11307 0.113711 0.00149339
3 0.439742 0.685319 0.111925 0.113391 0.00147522
7 0.315577 0.56151 0.112161 0.113049 0.00147189
4 0.688091 0.437321 0.112085 0.113221 0.00146319
8 0.0664821 0.436571 0.114106 0.111384 0.00145295
4 0.439442 0.313636 0.111873 0.11219 0.0013911
5 0.688277 0.0647857 0.111786 0.112571 0.00137286
2 0.688069 0.313157 0.11191 0.113533 0.00137067
6 0.191529 0.685452 0.111831 0.111956 0.0013694
2 0.0668091 0.188937 0.111541 0.111152 0.00136786
4 0.811584 0.810203 0.11179 0.113003 0.0013619
6 0.563633 0.188973 0.111947 0.112934 0.00135235
0 0.191348 0.312832 0.111795 0.112127 0.00135051
4 0.315378 0.437547 0.11273 0.113174 0.00134591
4 0.563748 0.437453 0.112074 0.111972 0.00133883
6 0.315169 0.809381 0.112038 0.112254 0.00131364
4 0.191777 0.933853 0.110496 0.111839 0.00131094
4 0.315431 0.188904 0.111874 0.113091 0.00131077
4 0.0674697 0.0647861 0.112079 0.113449 0.001308
10 0.439613 0.809796 0.113211 0.11307 0.00130223
1 0.439429 0.188498 0.111926 0.113264 0.00127925
4 0.191338 0.313571 0.111582 0.112241 0.00126728
6 0.0666144 0.809353 0.112101 0.11184 0.00124915
5 0.812981 0.312964 0.113229 0.114736 0.00124079
3 0.439603 0.561071 0.112836 0.112867 0.00123369
6 0.191109 0.560943 0.111393 0.112407 0.00123216
8 0.686729 0.312924 0.111226 0.11363 0.00122895
1 0.0666144 0.809353 0.112101 0.11184 0.00122762
3 0.936306 0.436491 0.113373 0.112141 0.00122632
10 0.315706 0.809793 0.113095 0.112962 0.00122323
13 0.935826 0.933984 0.111591 0.111376 0.00122107
1 0.191241 0.809486 0.112776 0.111697 0.00121864
10 0.563526 0.933606 0.111379 0.11176 0.0012181
0 0.315367 0.437253 0.113532 0.113142 0.00119664
7 0.936188 0.0642698 0.113346 0.113612 0.00119431
6 0.688043 0.809278 0.112493 0.11241 0.00118392
3 0.812763 0.685735 0.111904 0.113517 0.00118242
10 0.315119 0.685245 0.112261 0.112575 0.00117832
2 0.813033 0.810336 0.111364 0.110545 0.00117754
5 0.191386 0.809536 0.112151 0.112161 0.0011771
4 0.936275 0.313397 0.112287 0.113465 0.00115668
9 0.686729 0.312924 0.111226 0.11363 0.00114281
7 0.0670521 0.560632 0.112814 0.113904 0.00113085
3 0.0664821 0.436571 0.114106 0.111384 0.00111639
4 0.563633 0.188973 0.111947 0.112934 0.00111417
1 0.439872 0.685496 0.112036 0.112012 0.00110395
12 0.0668555 0.685402 0.111716 0.11247 0.00109438
13 0.811678 0.312692 0.112444 0.113699 0.00109138
12 0.0666144 0.809353 0.112101 0.11184 0.00108398
2 0.688095 0.189322 0.11283 0.11234 0.00105797
1 0.687755 0.436974 0.113056 0.113569 0.00105418
3 0.813178 0.561499 0.112866 0.114435 0.00104913
7 0.563469 0.933754 0.111364 0.113552 0.00104239
4 0.191325 0.064764 0.111512 0.112744 0.0010371
13 0.0675652 0.0649123 0.112388 0.112253 0.0010193
5 0.936209 0.56133 0.113915 0.113925 0.00101466
9 0.688114 0.437643 0.11126 0.11137 0.00101359
3 0.43949 0.934113 0.112946 0.113841 0.00101168
4 0.563953 0.809345 0.1119 0.112774 0.0010107
7 0.0674697 0.0647861 0.112079 0.113449 0.00100843
