3 0.191494 0.685423 0.111358 0.112787 0.986883
12 0.564333 0.933728 0.111081 0.112749 0.986217
5 0.439525 0.934213 0.111555 0.113093 0.985998
3 0.191462 0.56126 0.111059 0.112858 0.985775
7 0.315456 0.685534 0.111908 0.111889 0.985432
5 0.935982 0.933994 0.112736 0.112269 0.985382
10 0.315731 0.933579 0.111825 0.112357 0.984244
6 0.314763 0.0650507 0.11148 0.11244 0.983468
4 0.93618 0.809777 0.113338 0.11198 0.983376
5 0.315323 0.313024 0.111961 0.111903 0.983235
1 0.0669921 0.685707 0.112649 0.11227 0.983198
5 0.562649 0.0655602 0.112166 0.112293 0.983078
1 0.191421 0.809677 0.111518 0.111771 0.982767
7 0.812011 0.933721 0.112427 0.112796 0.982688
7 0.315523 0.189171 0.114094 0.112139 0.982492
10 0.0676082 0.933805 0.113061 0.112693 0.982489
12 0.688158 0.0652175 0.11089 0.112502 0.98235
4 0.0673395 0.313 0.112563 0.111874 0.982287
7 0.688337 0.933905 0.111547 0.112626 0.982285
11 0.067046 0.809718 0.112678 0.111892 0.981789
2 0.314912 0.4375 0.112709 0.112619 0.981622
11 0.31525 0.561128 0.112219 0.111817 0.981606
7 0.564167 0.809558 0.11162 0.112139 0.981567
2 0.563574 0.685657 0.111559 0.11176 0.98155
2 0.06681 0.0645898 0.112915 0.113085 0.981538
13 0.812105 0.809831 0.11237 0.112479 0.981508
2 0.191729 0.933585 0.111881 0.11336 0.981476
7 0.439424 0.189294 0.111701 0.112265 0.981424
2 0.0672015 0.561463 0.112604 0.112441 0.981401
10 0.439379 0.561211 0.112495 0.111213 0.981319
2 0.191272 0.0647556 0.111409 0.112322 0.981109
1 0.0671825 0.188612 0.112335 0.112482 0.980984
2 0.191071 0.189244 0.112759 0.112325 0.980697
2 0.191108 0.313302 0.112901 0.112578 0.980692
7 0.439399 0.437495 0.112616 0.111945 0.980501
0 0.315455 0.809484 0.111539 0.111694 0.980419
13 0.439503 0.809565 0.111622 0.112023 0.980044
8 0.191063 0.437467 0.11158 0.111629 0.980003
11 0.438197 0.0653097 0.110222 0.111643 0.9798
8 0.0667184 0.437263 0.112449 0.112877 0.979563
6 0.564 0.437568 0.11254 0.112708 0.979535
5 0.563716 0.313208 0.111808 0.112292 0.979416
9 0.687838 0.189209 0.111915 0.112811 0.979309
13 0.439596 0.685635 0.112475 0.112327 0.979301
11 0.68788 0.81006 0.112845 0.113082 0.979263
9 0.811759 0.561878 0.112128 0.111905 0.979209
11 0.811929 0.0654353 0.112091 0.112862 0.979204
3 0.563188 0.561542 0.111738 0.112202 0.979115
6 0.688259 0.3134 0.112289 0.112535 0.978985
12 0.563932 0.189023 0.112549 0.112824 0.978973
11 0.687956 0.685513 0.112245 0.112116 0.978921
13 0.812065 0.685681 0.112009 0.112337 0.978862
9 0.812157 0.189071 0.11196 0.112867 0.97886
11 0.687864 0.561408 0.112132 0.112971 0.978841
4 0.936587 0.43681 0.11378 0.113082 0.978768
3 0.811809 0.437626 0.112032 0.112136 0.978716
6 0.812581 0.313206 0.112139 0.112535 0.978536
8 0.439351 0.313455 0.112993 0.112599 0.978401
3 0.93625 0.561588 0.111842 0.11229 0.978266
0 0.687663 0.437194 0.111576 0.11245 0.978163
5 0.936302 0.188535 0.11253 0.112519 0.977912
8 0.936014 0.0647503 0.112836 0.113083 0.977758
11 0.936212 0.685315 0.112438 0.111859 0.977709
11 0.936195 0.31287 0.113053 0.112915 0.976969
3 0.688206 0.189433 0.113367 0.113786 0.00850139
2 0.0672755 0.43681 0.113243 0.114085 0.00740124
13 0.811761 0.932795 0.111501 0.111901 0.00729258
12 0.81166 0.933361 0.111209 0.1106 0.00683565
2 0.191322 0.436915 0.111225 0.112664 0.00638278
2 0.439421 0.313079 0.111758 0.112793 0.00575115
10 0.936511 0.685502 0.112911 0.111623 0.00572683
10 0.935596 0.188713 0.111096 0.111652 0.00503994
2 0.935828 0.064803 0.111683 0.113026 0.0049564
1 0.314984 0.438017 0.111013 0.111977 0.0048417
3 0.813021 0.188982 0.111993 0.112838 0.00480545
5 0.688248 0.809906 0.112718 0.113323 0.00479931
3 0.811869 0.561872 0.111834 0.112321 0.00461524
10 0.68833 0.809668 0.11107 0.112545 0.0043434
10 0.811451 0.0646488 0.110563 0.1115 0.00407379
4 0.688442 0.933063 0.113308 0.111883 0.00404629
12 0.439453 0.685419 0.111419 0.111762 0.00403706
9 0.811345 0.437401 0.112365 0.112167 0.00385811
1 0.936341 0.436892 0.113 0.113192 0.00385209
0 0.0666946 0.438113 0.111969 0.114077 0.00355749
5 0.688181 0.561411 0.11257 0.112889 0.00351608
1 0.687905 0.436583 0.111749 0.112041 0.00346409
1 0.0675031 0.312897 0.112976 0.112401 0.00323873
5 0.191447 0.313283 0.111477 0.111021 0.0032299
5 0.936175 0.313297 0.112794 0.111519 0.00308327
12 0.81271 0.561354 0.111602 0.112153 0.00307438
3 0.0665292 0.561258 0.11494 0.111892 0.00306159
3 0.812352 0.313604 0.111771 0.113528 0.00305586
12 0.688168 0.189212 0.11301 0.112973 0.00300566
0 0.812993 0.189098 0.111802 0.113395 0.00299248
12 0.439569 0.809792 0.11186 0.111942 0.00291274
5 0.811779 0.0656781 0.111237 0.11232 0.0028684
10 0.935807 0.313592 0.113445 0.112067 0.00281104
0 0.688168 0.189212 0.11301 0.112973 0.00279023
0 0.190726 0.438068 0.111296 0.113653 0.00275141
12 0.811571 0.685583 0.110868 0.111745 0.00259369
12 0.812309 0.189032 0.111623 0.112003 0.00255683
1 0.191001 0.313624 0.11119 0.111345 0.00253446
3 0.564188 0.685396 0.111465 0.112018 0.00250196
2 0.563136 0.0652074 0.113711 0.112099 0.00248112
5 0.438495 0.0645698 0.110018 0.112527 0.00238236
12 0.811303 0.809973 0.112152 0.112188 0.00236798
0 0.813088 0.561955 0.111026 0.112262 0.00233759
10 0.315411 0.56106 0.111561 0.111769 0.00229971
1 0.936593 0.809673 0.11252 0.112759 0.002295
3 0.688184 0.313714 0.111378 0.113177 0.00220393
10 0.438495 0.0645698 0.110018 0.112527 0.00202456
10 0.93577 0.933358 0.112341 0.111811 0.00201306
9 0.687822 0.685769 0.11154 0.112301 0.00200739
1 0.564003 0.685595 0.112349 0.112823 0.00197476
4 0.439855 0.437988 0.111101 0.112295 0.00197254
10 0.688483 0.933273 0.114672 0.11378 0.00192231
2 0.936371 0.809313 0.111518 0.111557 0.001908
12 0.811397 0.437353 0.111858 0.112268 0.00187696
12 0.439888 0.436638 0.110479 0.110436 0.00185298
10 0.688515 0.685725 0.111185 0.111587 0.00184153
11 0.563098 0.0653004 0.114483 0.113165 0.00180354
5 0.563803 0.685962 0.113108 0.112256 0.00178483
3 0.314989 0.43786 0.112407 0.111788 0.00175321
0 0.935975 0.064975 0.111356 0.111835 0.00173739
5 0.688031 0.685668 0.111582 0.111121 0.00172961
10 0.688198 0.561166 0.112597 0.112928 0.00171195
10 0.812186 0.809071 0.111786 0.11245 0.00169657
8 0.688254 0.685343 0.112097 0.112628 0.00169201
12 0.935951 0.561424 0.111108 0.112307 0.00168458
10 0.936371 0.809313 0.111518 0.111557 0.00167312
3 0.191037 0.313125 0.112486 0.112897 0.00166793
6 0.439855 0.437988 0.111101 0.112295 0.00164088
12 0.439429 0.188937 0.112213 0.112375 0.00164066
7 0.688339 0.313375 0.112581 0.113434 0.0016403
10 0.0672056 0.809197 0.113852 0.113578 0.00163464
7 0.0668568 0.312887 0.112135 0.111761 0.00160327
3 0.190617 0.0650243 0.112437 0.112312 0.00159283
2 0.0668568 0.312887 0.112135 0.111761 0.00156834
3 0.314763 0.0650507 0.11148 0.11244 0.00155534
8 0.93583 0.685344 0.110963 0.11118 0.00154389
9 0.687913 0.809963 0.11165 0.112191 0.00151329
4 0.812112 0.933461 0.111747 0.113118 0.00151292
10 0.439545 0.933925 0.111595 0.111706 0.00150057
3 0.190723 0.189038 0.112609 0.112442 0.00149894
1 0.191082 0.189334 0.11188 0.111361 0.00147634
1 0.0672475 0.561418 0.112777 0.112035 0.00147131
1 0.315445 0.809367 0.111656 0.112465 0.00147055
5 0.191763 0.0651651 0.110894 0.110999 0.00146773
9 0.81136 0.0643929 0.111148 0.110767 0.0014653
11 0.0664066 0.437347 0.114947 0.112031 0.00146477
2 0.688248 0.809906 0.112718 0.113323 0.00146418
2 0.936288 0.436966 0.112321 0.112605 0.00142424
3 0.191182 0.933738 0.113175 0.113035 0.00141905
4 0.191421 0.809677 0.111518 0.111771 0.00141114
3 0.0661221 0.0648185 0.114471 0.112951 0.00139518
1 0.563464 0.561591 0.112021 0.111866 0.00137209
4 0.439733 0.561365 0.112184 0.112015 0.00136708
2 0.688181 0.561411 0.11257 0.112889 0.00135475
7 0.935749 0.437464 0.111919 0.112221 0.00134598
5 0.0667387 0.808846 0.112512 0.110821 0.00134005
10 0.439384 0.437909 0.110725 0.111967 0.00131366
4 0.440171 0.188828 0.111589 0.112474 0.00130321
1 0.191252 0.685608 0.111803 0.112106 0.00129988
7 0.935802 0.809741 0.111916 0.112234 0.00129418
8 0.314984 0.438017 0.111013 0.111977 0.00128909
12 0.564015 0.438243 0.113413 0.11287 0.00128544
3 0.563136 0.0652074 0.113711 0.112099 0.00128297
11 0.936178 0.934048 0.11226 0.11384 0.00124565
10 0.813197 0.932933 0.110606 0.113727 0.00123888
6 0.812531 0.437946 0.111999 0.111551 0.00123106
1 0.191416 0.933476 0.113069 0.112746 0.00123063
8 0.811523 0.189345 0.112237 0.113281 0.00122849
1 0.93625 0.561588 0.111842 0.11229 0.00121858
9 0.687636 0.561624 0.111043 0.111854 0.00121377
4 0.0669137 0.685384 0.113128 0.112769 0.00120853
5 0.0662969 0.313162 0.112718 0.112607 0.00119241
0 0.06697 0.18854 0.112219 0.111987 0.00118901
5 0.0674765 0.56115 0.112435 0.114026 0.00118821
4 0.564041 0.809154 0.111621 0.112411 0.00118769
9 0.935901 0.561553 0.111948 0.113168 0.0011831
4 0.315731 0.933579 0.111825 0.112357 0.00117424
13 0.0667387 0.808846 0.112512 0.110821 0.00117036
3 0.56427 0.437631 0.11249 0.112357 0.00116446
1 0.19111 0.0649999 0.112018 0.111199 0.00116127
12 0.191274 0.561129 0.111326 0.111661 0.00115657
1 0.811809 0.437626 0.112032 0.112136 0.00115458
0 0.0665141 0.685706 0.111508 0.112407 0.00114797
0 0.439802 0.313703 0.111549 0.111839 0.00113101
7 0.564114 0.438214 0.1118 0.11218 0.00111738
4 0.0669036 0.189395 0.112099 0.112465 0.00111486
9 0.93608 0.685395 0.110997 0.111386 0.00109471
1 0.0671166 0.0649929 0.112986 0.112288 0.00109237
5 0.191389 0.189291 0.111955 0.11206 0.00108939
13 0.688222 0.0651321 0.111336 0.112942 0.00108608
2 0.688257 0.685528 0.112283 0.11242 0.00108378
5 0.936197 0.809549 0.113089 0.111892 0.00107455
6 0.81166 0.933361 0.111209 0.1106 0.00106876
4 0.315817 0.188923 0.111861 0.112405 0.00105458
11 0.190986 0.437679 0.112247 0.111747 0.00104764
0 0.191259 0.809557 0.112013 0.112466 0.00104756
7 0.812317 0.313676 0.112326 0.112367 0.00104303
8 0.811437 0.561906 0.111655 0.11282 0.00104226
8 0.686794 0.809757 0.111735 0.113113 0.00102958
5 0.0662467 0.0656214 0.112036 0.110511 0.00102547
3 0.688261 0.0647406 0.111086 0.112614 0.00102321
8 0.438485 0.0645087 0.109915 0.111628 0.00101755
5 0.191819 0.93368 0.11147 0.111317 0.00101341
13 0.31493 0.189358 0.112092 0.112136 0.0010087
2 0.813046 0.437779 0.109735 0.1104 0.00100773
0 0.687848 0.0646944 0.111588 0.112667 0.00100738
5 0.936117 0.685404 0.112307 0.110961 0.00100074
