9 0.315244 0.0647807 0.112162 0.112985 0.986725
7 0.315417 0.933971 0.111414 0.112994 0.9867
5 0.316144 0.809307 0.110434 0.112209 0.986255
6 0.439368 0.933965 0.112908 0.114085 0.986071
7 0.935561 0.933761 0.113174 0.112691 0.985746
10 0.439673 0.809399 0.112297 0.113375 0.98556
10 0.439588 0.685068 0.112232 0.113373 0.984728
13 0.563723 0.685342 0.111536 0.113597 0.984714
6 0.315252 0.685226 0.111758 0.11242 0.984572
11 0.0667955 0.685481 0.112871 0.113066 0.984364
4 0.315262 0.18888 0.112648 0.112694 0.98325
13 0.191372 0.809411 0.110877 0.112845 0.983071
5 0.936477 0.809572 0.111945 0.112337 0.983065
3 0.811733 0.810063 0.113635 0.11368 0.982967
3 0.191598 0.561444 0.111431 0.113084 0.982919
5 0.192058 0.06505 0.111356 0.112563 0.9829
11 0.0668616 0.437242 0.112819 0.112481 0.982899
10 0.0673838 0.313413 0.113343 0.112724 0.982893
4 0.191521 0.313006 0.112437 0.112285 0.982823
5 0.191927 0.189068 0.111741 0.111791 0.982701
8 0.563644 0.933999 0.111942 0.113314 0.982641
7 0.935904 0.685368 0.112612 0.112676 0.982424
6 0.315585 0.313311 0.112036 0.112636 0.982398
1 0.81196 0.9336 0.111716 0.112581 0.982376
0 0.191163 0.684968 0.11222 0.111795 0.982263
13 0.0671631 0.933919 0.113003 0.114142 0.981788
12 0.0669817 0.189275 0.112138 0.112856 0.981538
2 0.0671717 0.0646724 0.11262 0.112557 0.981495
10 0.439215 0.313134 0.112363 0.112631 0.981478
8 0.687723 0.933981 0.112697 0.113227 0.981358
1 0.315134 0.437165 0.111427 0.111407 0.981101
2 0.191048 0.436835 0.111622 0.111873 0.980938
1 0.687835 0.809733 0.111968 0.113012 0.980513
4 0.563689 0.561051 0.11254 0.112961 0.980212
11 0.191283 0.933582 0.111764 0.113718 0.979994
2 0.439232 0.188897 0.112518 0.112464 0.979643
12 0.0670635 0.809761 0.112662 0.112003 0.97963
7 0.687456 0.437048 0.111908 0.111809 0.97959
0 0.563726 0.809359 0.111832 0.11289 0.979515
9 0.563413 0.437176 0.112003 0.111877 0.979509
1 0.439288 0.561191 0.112643 0.11339 0.979356
5 0.687656 0.685297 0.111876 0.112855 0.979349
13 0.81197 0.437175 0.112738 0.113309 0.979321
3 0.563334 0.188652 0.11154 0.112467 0.979315
12 0.687963 0.31284 0.111841 0.112792 0.979274
1 0.687804 0.561262 0.112746 0.112913 0.979267
9 0.812422 0.685416 0.112655 0.113162 0.97921
9 0.687618 0.0650663 0.111894 0.111868 0.979191
0 0.439278 0.437393 0.111414 0.111724 0.97915
0 0.0674379 0.561401 0.112074 0.112562 0.979058
10 0.936178 0.188447 0.113523 0.113518 0.979033
10 0.812091 0.188492 0.11233 0.113541 0.978745
0 0.563386 0.064958 0.112003 0.113149 0.978401
1 0.936149 0.0643788 0.113824 0.113674 0.978379
8 0.439658 0.0649844 0.110657 0.111325 0.978367
11 0.811977 0.313026 0.112628 0.113872 0.978207
2 0.563577 0.313009 0.11209 0.11374 0.978168
0 0.812115 0.561367 0.112594 0.112421 0.978165
11 0.68749 0.188781 0.112223 0.114141 0.978042
3 0.811677 0.0651086 0.11267 0.113992 0.977848
5 0.936337 0.436716 0.113187 0.113875 0.977806
6 0.936544 0.312794 0.113894 0.112399 0.977696
2 0.936321 0.561134 0.112879 0.113241 0.977371
8 0.315094 0.560945 0.11209 0.112267 0.976818
2 0.315432 0.561019 0.113025 0.113387 0.00913043
2 0.687906 0.934017 0.112987 0.113329 0.00791196
2 0.563894 0.934074 0.112386 0.113246 0.00787853
6 0.687829 0.313764 0.110661 0.112783 0.00748732
4 0.811603 0.18905 0.111428 0.113533 0.00677549
10 0.686818 0.188718 0.11306 0.114042 0.00664468
2 0.439386 0.0648487 0.112021 0.113094 0.00638317
5 0.687209 0.189234 0.112275 0.113301 0.00580559
7 0.191258 0.313069 0.111111 0.111514 0.00575209
10 0.811541 0.312825 0.111518 0.113237 0.00556527
6 0.0669592 0.809972 0.113106 0.113035 0.00518826
1 0.0667286 0.560879 0.114554 0.112424 0.00508993
4 0.439575 0.313497 0.110253 0.113748 0.00490371
4 0.0669103 0.313343 0.111614 0.112196 0.00484384
0 0.811729 0.933072 0.113026 0.112893 0.00437839
6 0.0669817 0.189275 0.112138 0.112856 0.00404781
2 0.688126 0.684897 0.112038 0.113497 0.00378231
12 0.811578 0.0647643 0.111436 0.112714 0.00368748
13 0.439494 0.313067 0.110947 0.11189 0.00365266
12 0.191559 0.560836 0.111655 0.111949 0.00358003
13 0.439426 0.685195 0.11144 0.112189 0.0034676
10 0.0665477 0.436816 0.114379 0.113223 0.0034569
11 0.0668183 0.933656 0.113334 0.114106 0.00336714
0 0.688089 0.0646338 0.110519 0.112145 0.00334964
1 0.191521 0.313006 0.112437 0.112285 0.00328162
1 0.563732 0.561144 0.112811 0.113004 0.00320106
3 0.936368 0.312799 0.113776 0.113803 0.00306922
3 0.439663 0.933845 0.112238 0.113613 0.00301801
1 0.315506 0.188651 0.11267 0.112522 0.00292729
12 0.688089 0.0646338 0.110519 0.112145 0.00291462
12 0.56384 0.436692 0.111032 0.112665 0.00284093
12 0.811542 0.685775 0.110918 0.113042 0.00280475
6 0.811601 0.80988 0.113372 0.112496 0.00259835
13 0.439484 0.809498 0.111599 0.112351 0.00257459
0 0.68822 0.809324 0.111525 0.111443 0.00255093
0 0.935934 0.064484 0.112347 0.113658 0.00254115
7 0.0677455 0.313411 0.113211 0.112801 0.00249546
5 0.811247 0.313592 0.113009 0.113121 0.00242863
3 0.191033 0.437043 0.113274 0.112251 0.00228781
5 0.936073 0.561238 0.113153 0.114305 0.00220712
11 0.43985 0.0648182 0.111984 0.113019 0.00218774
0 0.688281 0.560852 0.111965 0.111559 0.00214318
3 0.315585 0.313311 0.112036 0.112636 0.00213742
13 0.191373 0.93366 0.11231 0.113683 0.00211117
6 0.936109 0.685006 0.112193 0.114116 0.00210497
3 0.811542 0.685775 0.110918 0.113042 0.00210468
0 0.688095 0.313368 0.111175 0.114444 0.00210127
12 0.686851 0.437362 0.111154 0.113829 0.00205045
12 0.315179 0.0646939 0.112773 0.112305 0.00204803
13 0.935576 0.188795 0.112331 0.112002 0.00204762
4 0.688155 0.437132 0.112042 0.11288 0.00203579
1 0.811779 0.809516 0.112112 0.112213 0.00202036
6 0.811578 0.0647643 0.111436 0.112714 0.00201099
4 0.439838 0.685233 0.113594 0.113229 0.0020084
1 0.563658 0.313511 0.1116 0.112417 0.0020011
10 0.191472 0.0643611 0.110808 0.112015 0.0019662
0 0.81309 0.685394 0.112487 0.11176 0.00194656
0 0.563398 0.437131 0.111805 0.112546 0.00193291
10 0.0667403 0.684982 0.113526 0.113412 0.00193265
4 0.935861 0.1887 0.113173 0.113674 0.00192988
11 0.31545 0.561006 0.112752 0.113136 0.00192324
11 0.688107 0.685003 0.111764 0.113854 0.00191721
12 0.811659 0.810081 0.111767 0.112937 0.00190318
7 0.811478 0.187959 0.112841 0.113997 0.0019004
11 0.563894 0.934074 0.112386 0.113246 0.00189678
12 0.936108 0.685217 0.113097 0.114405 0.00188073
3 0.315252 0.685226 0.111758 0.11242 0.00186157
4 0.936193 0.809162 0.112639 0.113952 0.001847
2 0.936193 0.809162 0.112639 0.113952 0.00181345
7 0.315857 0.313498 0.112165 0.111744 0.00180956
4 0.43999 0.809646 0.113295 0.113351 0.00179947
11 0.687723 0.933981 0.112697 0.113227 0.00179425
9 0.81305 0.0651982 0.110144 0.110631 0.00171222
4 0.31554 0.933807 0.111333 0.112979 0.00170174
10 0.935793 0.436903 0.111284 0.112077 0.00169369
1 0.812048 0.560885 0.113035 0.112335 0.00165506
4 0.935561 0.933761 0.113174 0.112691 0.00164137
12 0.191271 0.809409 0.112102 0.112496 0.00164073
3 0.936243 0.809247 0.112459 0.113625 0.00162088
13 0.0668616 0.437242 0.112819 0.112481 0.00161925
2 0.688198 0.809582 0.112443 0.112399 0.00161262
6 0.688138 0.437072 0.111849 0.113461 0.00160835
0 0.688419 0.933421 0.113399 0.113854 0.00160643
1 0.439447 0.188773 0.112001 0.113227 0.0015661
1 0.936495 0.561023 0.113287 0.112841 0.00155833
5 0.0665477 0.436816 0.114379 0.113223 0.00155813
10 0.687866 0.685319 0.111527 0.112381 0.00154159
2 0.688108 0.561289 0.111922 0.112363 0.0015376
1 0.315796 0.68551 0.111868 0.112455 0.00152724
1 0.936368 0.312799 0.113776 0.113803 0.00150531
10 0.191284 0.933642 0.112078 0.114102 0.00147785
12 0.563599 0.685337 0.111818 0.112635 0.00147741
3 0.936379 0.561339 0.112687 0.113301 0.00143864
1 0.191221 0.436646 0.112147 0.112799 0.00143238
3 0.439379 0.189051 0.112268 0.113354 0.00142668
3 0.56392 0.313633 0.111695 0.113793 0.00142303
13 0.687209 0.189234 0.112275 0.113301 0.00140585
4 0.439501 0.561271 0.112266 0.112661 0.00138992
7 0.439663 0.933845 0.112238 0.113613 0.001383
12 0.935595 0.933428 0.113477 0.113441 0.00137022
5 0.191373 0.93366 0.11231 0.113683 0.00134541
5 0.811595 0.189341 0.113028 0.113263 0.00134421
1 0.315898 0.312897 0.11198 0.112901 0.00134381
4 0.68822 0.809324 0.111525 0.111443 0.00134336
10 0.0669534 0.933981 0.112441 0.113401 0.00133755
4 0.936384 0.685302 0.111841 0.112725 0.00133736
8 0.0663826 0.0647731 0.114363 0.113183 0.00132252
13 0.0667955 0.685481 0.112871 0.113066 0.00132142
0 0.315356 0.437032 0.112336 0.11242 0.00129894
11 0.191095 0.809286 0.111522 0.112753 0.00128819
2 0.563641 0.561235 0.111903 0.112951 0.00128405
2 0.314955 0.808957 0.111693 0.111673 0.00128301
4 0.315316 0.437367 0.112001 0.112277 0.00127676
1 0.563934 0.809356 0.111767 0.112767 0.00127262
1 0.563509 0.0639984 0.111742 0.113545 0.00127146
9 0.813079 0.810277 0.111543 0.110768 0.0012671
10 0.563641 0.561235 0.111903 0.112951 0.00126541
4 0.687971 0.560707 0.112678 0.11277 0.00126153
4 0.688126 0.684897 0.112038 0.113497 0.00126115
6 0.191258 0.313069 0.111111 0.111514 0.00125675
6 0.935604 0.933166 0.11252 0.113618 0.00125492
9 0.191665 0.933716 0.11118 0.11182 0.00125182
10 0.191076 0.1889 0.111532 0.112061 0.0012309
12 0.563109 0.188961 0.111644 0.112592 0.00122947
7 0.936281 0.313347 0.111493 0.112432 0.00121966
3 0.0670482 0.809878 0.113876 0.113043 0.00121551
1 0.191678 0.561059 0.111869 0.112019 0.00121323
0 0.439568 0.560959 0.112294 0.11314 0.00120858
3 0.563497 0.437601 0.112158 0.113441 0.00120271
7 0.43941 0.685094 0.112377 0.112719 0.001172
10 0.191411 0.312908 0.110653 0.112092 0.00116826
7 0.439632 0.809425 0.112195 0.112406 0.0011682
1 0.0673151 0.0646001 0.112796 0.113145 0.00116772
3 0.688131 0.064731 0.112488 0.112171 0.00116148
11 0.936217 0.436437 0.112486 0.113007 0.00115585
3 0.688107 0.685003 0.111764 0.113854 0.0011411
13 0.0671774 0.312998 0.112601 0.112371 0.0011385
8 0.688089 0.0646338 0.110519 0.112145 0.00113707
2 0.688029 0.188827 0.112967 0.114252 0.00112867
5 0.0666837 0.685199 0.113114 0.112996 0.00112797
4 0.935849 0.436969 0.11342 0.113295 0.00112201
1 0.439411 0.436854 0.112651 0.113149 0.00111824
7 0.314926 0.188346 0.111402 0.112056 0.00111508
1 0.191071 0.684937 0.112185 0.112698 0.00110935
7 0.563474 0.561128 0.112199 0.112483 0.00109921
2 0.813097 0.933066 0.111354 0.113238 0.00109189
7 0.439263 0.313297 0.111819 0.113238 0.00108501
13 0.811247 0.313592 0.113009 0.113121 0.00106209
9 0.687691 0.933586 0.112552 0.113776 0.00105545
6 0.688198 0.809582 0.112443 0.112399 0.00105446
5 0.0676049 0.313398 0.112837 0.112681 0.00103968
2 0.813079 0.810277 0.111543 0.110768 0.00103046
8 0.688006 0.18865 0.112075 0.114984 0.00100404
7 0.93585 0.187965 0.113843 0.114129 0.00100008
