3 0.439147 0.934201 0.113495 0.113127 0.98715
6 0.315784 0.933732 0.111945 0.113221 0.986043
13 0.563793 0.933787 0.111269 0.11339 0.985986
4 0.0673131 0.809336 0.112829 0.112979 0.985681
10 0.315822 0.80943 0.112496 0.112476 0.98554
8 0.0667547 0.561501 0.112988 0.113835 0.984869
4 0.439808 0.685133 0.112314 0.112341 0.984236
9 0.190955 0.685392 0.111509 0.111092 0.984191
11 0.438745 0.0654553 0.111283 0.112449 0.983948
10 0.43984 0.809585 0.11274 0.112811 0.983944
13 0.314164 0.0649777 0.112469 0.113265 0.983716
1 0.315939 0.685529 0.111285 0.111996 0.983408
6 0.688115 0.80963 0.111755 0.113297 0.983394
8 0.81231 0.933422 0.111532 0.113704 0.983386
6 0.315643 0.561891 0.111995 0.112676 0.983335
6 0.0667657 0.313549 0.113825 0.113372 0.98321
6 0.935769 0.933747 0.112389 0.113129 0.983206
6 0.191392 0.188613 0.112268 0.112952 0.983052
1 0.191133 0.561623 0.111903 0.112506 0.983011
6 0.191485 0.437659 0.111999 0.112641 0.982893
7 0.191419 0.809641 0.11152 0.110982 0.982727
9 0.0670269 0.933837 0.113698 0.113888 0.982639
6 0.191468 0.313486 0.111572 0.112693 0.982418
12 0.067425 0.685606 0.111792 0.111876 0.982177
2 0.936491 0.80986 0.111676 0.111301 0.982173
12 0.191576 0.933514 0.110699 0.113454 0.982161
1 0.0673013 0.437729 0.112658 0.112475 0.982092
8 0.0665742 0.189358 0.112448 0.113392 0.982071
7 0.43974 0.313267 0.112546 0.111664 0.981881
10 0.439368 0.561456 0.112759 0.111523 0.981763
7 0.0652206 0.0650579 0.113309 0.111844 0.981332
12 0.315285 0.189229 0.11261 0.111932 0.981267
0 0.688186 0.933559 0.112865 0.113133 0.981247
9 0.563259 0.0647705 0.111305 0.113246 0.981186
12 0.315021 0.437369 0.112019 0.112609 0.98115
0 0.315189 0.312532 0.112485 0.112179 0.980517
1 0.564332 0.685265 0.111277 0.112228 0.98045
2 0.93576 0.0651569 0.112078 0.112987 0.980316
10 0.56407 0.561221 0.112561 0.113418 0.979859
1 0.563862 0.437161 0.111935 0.113351 0.979744
11 0.439494 0.188684 0.111794 0.113087 0.979588
1 0.189748 0.064134 0.111938 0.113331 0.979547
0 0.812076 0.80926 0.111576 0.112713 0.979473
11 0.563484 0.188868 0.111375 0.113019 0.979441
9 0.68777 0.43739 0.111411 0.111365 0.979376
10 0.688105 0.312939 0.11238 0.113129 0.979352
0 0.564229 0.809276 0.111861 0.113612 0.979007
12 0.439758 0.437341 0.11225 0.111918 0.978883
1 0.8123 0.685314 0.113014 0.113164 0.978871
12 0.812573 0.312827 0.112169 0.112944 0.978832
3 0.812012 0.437448 0.111932 0.112148 0.978767
10 0.93642 0.188646 0.11313 0.113062 0.978719
0 0.56314 0.313725 0.111788 0.11235 0.978671
3 0.687721 0.0653301 0.112422 0.112227 0.97861
8 0.688146 0.685659 0.112569 0.112251 0.978594
12 0.81217 0.0644273 0.11247 0.113161 0.978514
5 0.936586 0.437047 0.113215 0.112829 0.978477
7 0.688061 0.561656 0.111947 0.112753 0.978447
6 0.812384 0.561553 0.112916 0.112707 0.978437
0 0.68794 0.189082 0.112198 0.112965 0.978337
3 0.811686 0.188616 0.111471 0.112276 0.978221
2 0.936306 0.6855 0.112365 0.113445 0.977965
4 0.937017 0.561355 0.113526 0.113062 0.977944
2 0.936478 0.313 0.112658 0.113176 0.977557
2 0.0660445 0.189351 0.114186 0.112286 0.0593331
10 0.936058 0.437072 0.111305 0.112036 0.015198
2 0.812117 0.933625 0.111739 0.112521 0.012384
5 0.43929 0.18875 0.111629 0.112493 0.00871541
5 0.563465 0.188925 0.111332 0.112761 0.00743311
2 0.0665882 0.560811 0.114266 0.113109 0.00666477
2 0.688264 0.685317 0.113379 0.112026 0.00635205
3 0.688237 0.809102 0.11106 0.111927 0.00578949
9 0.811473 0.189253 0.111104 0.112328 0.00548927
9 0.812494 0.436525 0.110866 0.111935 0.00508072
3 0.191441 0.437145 0.112365 0.112607 0.00474517
0 0.688199 0.437592 0.111572 0.111486 0.00430579
3 0.315663 0.561427 0.112375 0.112892 0.00374872
12 0.688316 0.561348 0.111182 0.113118 0.00373371
9 0.68671 0.0648204 0.110013 0.112521 0.00355456
1 0.936797 0.561483 0.112542 0.113177 0.00333906
3 0.315784 0.933732 0.111945 0.113221 0.0031168
12 0.687977 0.43804 0.110133 0.111997 0.00305093
12 0.811502 0.437451 0.110586 0.112046 0.00303472
3 0.191417 0.313221 0.110415 0.11241 0.00302709
7 0.936485 0.561489 0.113038 0.112123 0.00301853
12 0.811534 0.189125 0.110605 0.112265 0.00291355
3 0.936137 0.933654 0.111914 0.113731 0.00287015
0 0.564238 0.436676 0.111494 0.112822 0.00280126
1 0.936127 0.313373 0.11138 0.112682 0.00271627
3 0.190984 0.188984 0.111616 0.112784 0.0026233
7 0.066983 0.809371 0.113761 0.113116 0.00262167
3 0.0666636 0.31338 0.113097 0.113301 0.00260946
1 0.688238 0.188302 0.111997 0.112833 0.00258246
6 0.191576 0.933514 0.110699 0.113454 0.00255296
3 0.812552 0.561591 0.112563 0.113181 0.00250077
2 0.813013 0.684979 0.112048 0.11377 0.00249064
6 0.688201 0.561695 0.111866 0.113195 0.00235277
1 0.564271 0.809165 0.111336 0.11278 0.00233782
6 0.0674047 0.685515 0.112811 0.112872 0.00231144
4 0.688226 0.31342 0.112452 0.113699 0.00221891
1 0.9364 0.809521 0.112127 0.112368 0.00220419
3 0.936204 0.313692 0.111714 0.111965 0.00219943
3 0.688247 0.437639 0.112503 0.112428 0.00216058
5 0.936033 0.064601 0.112876 0.113489 0.00214384
1 0.439999 0.685586 0.112548 0.111884 0.00206597
4 0.563893 0.561504 0.1124 0.112785 0.00204196
1 0.563628 0.312465 0.112373 0.113298 0.00203037
0 0.813115 0.313171 0.10974 0.11298 0.00200902
1 0.936324 0.685474 0.11216 0.112888 0.00197616
4 0.812289 0.685233 0.112062 0.112251 0.00196175
13 0.439598 0.561524 0.111328 0.111965 0.00188646
6 0.812172 0.313445 0.112212 0.112311 0.00184868
12 0.439953 0.313491 0.111472 0.111768 0.00183493
12 0.563645 0.0645118 0.112888 0.112501 0.00182954
7 0.0674025 0.685575 0.112437 0.113107 0.00181579
0 0.189748 0.064134 0.111938 0.113331 0.00179895
2 0.936797 0.561483 0.112542 0.113177 0.00179154
5 0.935944 0.685285 0.112802 0.113659 0.00178004
2 0.066983 0.809371 0.113761 0.113116 0.00176829
4 0.439425 0.561648 0.112698 0.11259 0.00176451
5 0.688245 0.0645299 0.111184 0.11177 0.00169034
1 0.0673636 0.809727 0.113623 0.113122 0.00167844
1 0.315189 0.312532 0.112485 0.112179 0.00166379
5 0.935941 0.809642 0.113313 0.113358 0.00166211
4 0.564339 0.685339 0.110735 0.111539 0.00166132
1 0.936401 0.0643772 0.113099 0.113419 0.00165942
12 0.68744 0.0645808 0.111159 0.112044 0.00164862
4 0.191648 0.809358 0.111 0.111241 0.00164663
5 0.438968 0.0647686 0.110837 0.113126 0.00164156
6 0.315428 0.188803 0.111376 0.112321 0.00157187
4 0.0673013 0.437729 0.112658 0.112475 0.00156901
11 0.811719 0.932445 0.111299 0.110568 0.00154388
4 0.315939 0.685529 0.111285 0.111996 0.00154308
0 0.19111 0.561287 0.111938 0.112671 0.00153341
0 0.812883 0.685244 0.111861 0.112517 0.00151926
4 0.688212 0.561683 0.111585 0.112873 0.001469
4 0.563923 0.437528 0.11159 0.112004 0.00145676
7 0.935944 0.933842 0.11253 0.11457 0.00144738
0 0.813108 0.933565 0.111016 0.114455 0.00144259
10 0.563612 0.189244 0.112859 0.111953 0.00143208
8 0.935935 0.685526 0.11228 0.112346 0.00141415
2 0.439762 0.685622 0.112194 0.112449 0.00140778
6 0.439636 0.437024 0.111361 0.112519 0.00138169
12 0.439804 0.933924 0.111627 0.111687 0.00137384
1 0.688087 0.933423 0.112617 0.112712 0.00134828
5 0.68818 0.313258 0.112572 0.113255 0.00133671
10 0.439432 0.188932 0.113761 0.112545 0.00133415
7 0.315643 0.561891 0.111995 0.112676 0.00133167
4 0.0652206 0.0650579 0.113309 0.111844 0.00132735
3 0.936491 0.80986 0.111676 0.111301 0.0012974
0 0.688257 0.685571 0.113697 0.112778 0.00129587
12 0.564023 0.933895 0.11079 0.111875 0.00129028
7 0.688447 0.80962 0.113524 0.112929 0.0012832
3 0.563565 0.0648654 0.111947 0.111895 0.00127474
12 0.191595 0.685527 0.111924 0.112461 0.00126384
13 0.935866 0.18901 0.112181 0.112004 0.00125786
3 0.0674047 0.685515 0.112811 0.112872 0.00125694
2 0.688214 0.0649521 0.110241 0.112114 0.00124491
4 0.936204 0.313692 0.111714 0.111965 0.00124464
10 0.439203 0.0649882 0.112729 0.111987 0.00123848
11 0.936057 0.437153 0.111522 0.111659 0.00122984
7 0.0674526 0.313594 0.113652 0.113776 0.0012233
3 0.439503 0.436593 0.111251 0.113197 0.00121328
6 0.440028 0.313541 0.11189 0.111424 0.00120095
8 0.688488 0.932842 0.113862 0.112413 0.00118811
8 0.688247 0.437639 0.112503 0.112428 0.0011878
0 0.563565 0.0648654 0.111947 0.111895 0.00118718
1 0.812076 0.80926 0.111576 0.112713 0.00117876
4 0.191133 0.561623 0.111903 0.112506 0.00115917
5 0.0669387 0.809377 0.112994 0.113605 0.00113114
5 0.439892 0.809786 0.112315 0.112141 0.00112549
0 0.56438 0.68516 0.110908 0.112008 0.00112227
8 0.936038 0.0648116 0.112483 0.113049 0.00111135
7 0.811511 0.0640211 0.111141 0.113141 0.00111024
4 0.936691 0.437845 0.112639 0.112461 0.00110811
6 0.936485 0.561489 0.113038 0.112123 0.00110373
4 0.440049 0.31323 0.111362 0.1123 0.00109579
1 0.687648 0.0647195 0.111592 0.112522 0.00109393
3 0.31535 0.436612 0.110971 0.113074 0.00108921
6 0.315159 0.437041 0.111282 0.112742 0.00107927
5 0.935993 0.312765 0.112987 0.113203 0.00107777
7 0.191736 0.31357 0.112286 0.113158 0.00105826
12 0.0677982 0.93398 0.114252 0.112262 0.0010461
0 0.0664547 0.436852 0.115065 0.111565 0.00104567
8 0.936338 0.809671 0.111985 0.112086 0.00103988
11 0.936173 0.188824 0.111848 0.110854 0.00103547
8 0.936085 0.312693 0.112313 0.114089 0.00101504
6 0.811511 0.0640211 0.111141 0.113141 0.00100456
4 0.439727 0.809655 0.113448 0.112739 0.00100309
0 0.0666424 0.561551 0.112387 0.112662 0.00100008
