3 0.439328 0.809875 0.11184 0.112145 0.987527
2 0.439329 0.933826 0.11266 0.113608 0.987133
3 0.438856 0.0649691 0.111763 0.112916 0.986113
3 0.191583 0.561748 0.111888 0.113068 0.985549
3 0.316292 0.685708 0.11133 0.11257 0.985388
3 0.191187 0.437955 0.112028 0.113709 0.984868
3 0.315744 0.437641 0.111274 0.113426 0.9847
5 0.6873 0.933987 0.111749 0.114102 0.984611
12 0.0663187 0.934071 0.111081 0.113873 0.98385
12 0.314581 0.0649666 0.11155 0.112504 0.983808
4 0.563334 0.933961 0.111033 0.113567 0.983722
2 0.067748 0.809656 0.110461 0.111534 0.983598
13 0.0666322 0.190008 0.11091 0.112084 0.983508
10 0.812423 0.933701 0.112516 0.114626 0.983498
5 0.0665431 0.314184 0.111725 0.112126 0.983467
5 0.315681 0.313911 0.111404 0.112543 0.983345
7 0.315548 0.561645 0.1131 0.111459 0.9833
9 0.19157 0.68566 0.111573 0.111582 0.98322
3 0.935631 0.809856 0.113258 0.111775 0.982752
10 0.191001 0.808826 0.113438 0.112293 0.982734
7 0.0670648 0.685886 0.112166 0.11174 0.982573
10 0.315933 0.809205 0.112948 0.112454 0.982449
10 0.190822 0.31326 0.113386 0.112158 0.982159
13 0.190876 0.0654086 0.111767 0.112688 0.981973
2 0.0677571 0.561624 0.111182 0.111903 0.981882
4 0.190953 0.933423 0.1129 0.113136 0.981797
1 0.68786 0.808964 0.112054 0.112397 0.981649
6 0.439688 0.437203 0.112467 0.111488 0.981488
8 0.315523 0.934211 0.111012 0.112631 0.981474
3 0.936129 0.0650714 0.112635 0.113644 0.981228
2 0.811777 0.809521 0.112527 0.111867 0.980891
2 0.314686 0.18887 0.112581 0.111862 0.980759
0 0.563923 0.809185 0.11124 0.11232 0.98045
2 0.0662429 0.0648878 0.110652 0.111837 0.980357
10 0.439034 0.312763 0.112165 0.112104 0.980207
0 0.440396 0.685527 0.111478 0.111455 0.9802
10 0.812311 0.065112 0.112823 0.112019 0.980008
8 0.935996 0.933999 0.11247 0.113471 0.979684
10 0.563194 0.312746 0.112056 0.113958 0.979505
8 0.563296 0.0649367 0.111385 0.112108 0.979504
10 0.439036 0.188459 0.112177 0.113104 0.979466
4 0.687624 0.561126 0.112116 0.112897 0.979396
1 0.563904 0.685892 0.111211 0.111524 0.979139
10 0.563688 0.436882 0.111779 0.113699 0.979136
8 0.0670922 0.43789 0.111691 0.111955 0.979122
6 0.811956 0.685963 0.11253 0.111125 0.979114
9 0.811503 0.313273 0.112147 0.111931 0.978996
0 0.563421 0.562311 0.112014 0.112654 0.978995
10 0.687715 0.436801 0.112272 0.113133 0.978965
11 0.687191 0.312628 0.112302 0.114648 0.978508
3 0.811983 0.188238 0.112336 0.112775 0.978485
9 0.93611 0.562191 0.11211 0.112623 0.978387
3 0.811676 0.561549 0.112777 0.113351 0.978324
8 0.936214 0.437122 0.112814 0.111869 0.978035
3 0.936278 0.31378 0.111749 0.112549 0.977998
8 0.440161 0.561539 0.111951 0.112713 0.97778
3 0.935723 0.686384 0.112041 0.112478 0.977673
8 0.687819 0.187896 0.112378 0.112542 0.977669
2 0.687259 0.68563 0.110408 0.111487 0.977667
11 0.563302 0.18871 0.112679 0.113124 0.97733
2 0.687891 0.0649391 0.111449 0.110785 0.977086
7 0.936739 0.188873 0.111785 0.112834 0.976912
2 0.812118 0.436941 0.112907 0.11235 0.976846
11 0.190006 0.189504 0.112559 0.112685 0.976241
5 0.190181 0.188724 0.112222 0.112244 0.0263716
3 0.191345 0.685505 0.112505 0.111472 0.0126478
2 0.688097 0.187885 0.113292 0.112817 0.0119701
3 0.811801 0.31345 0.112111 0.112487 0.0111485
2 0.0668957 0.437866 0.1122 0.111089 0.0099238
4 0.935942 0.189356 0.113134 0.112821 0.00898679
7 0.190069 0.0654413 0.111806 0.112088 0.00631814
6 0.190937 0.438036 0.112065 0.111682 0.00585234
1 0.687802 0.561359 0.111806 0.112581 0.00541189
2 0.563615 0.0648523 0.111246 0.111354 0.00494047
4 0.688049 0.437273 0.111262 0.113376 0.00462433
2 0.93574 0.934013 0.11274 0.111965 0.00448663
7 0.0661079 0.189802 0.111486 0.111524 0.00447556
4 0.564071 0.43756 0.111352 0.1132 0.004473
2 0.439639 0.561664 0.112453 0.1116 0.00440288
2 0.936197 0.437536 0.112322 0.11307 0.00431296
2 0.315298 0.934198 0.112716 0.11313 0.00411985
12 0.936455 0.189112 0.111669 0.112631 0.00411927
1 0.688175 0.064032 0.111867 0.110777 0.00404914
4 0.43956 0.313604 0.111491 0.112977 0.0040197
5 0.686447 0.313081 0.111251 0.114033 0.0040192
6 0.936087 0.686362 0.112129 0.113316 0.00370872
6 0.191178 0.933381 0.111864 0.111857 0.00370752
10 0.686741 0.312665 0.111185 0.112964 0.00370222
12 0.812202 0.313454 0.111826 0.112391 0.0036671
10 0.687617 0.933793 0.111397 0.112026 0.00364592
6 0.314842 0.0647237 0.111931 0.112732 0.00364283
1 0.563154 0.933545 0.111739 0.113051 0.00361774
1 0.811708 0.437955 0.108624 0.111033 0.00356124
5 0.563314 0.188422 0.111456 0.113287 0.00342097
3 0.812364 0.437504 0.112127 0.113487 0.00340953
12 0.191223 0.685522 0.112874 0.112396 0.0032338
6 0.936243 0.0653381 0.111547 0.112169 0.00320814
13 0.439273 0.312889 0.111079 0.112001 0.00312855
8 0.688192 0.0642565 0.110732 0.110837 0.00309749
12 0.936128 0.562101 0.111675 0.114169 0.00308562
6 0.686858 0.561123 0.113139 0.111024 0.00305555
3 0.936128 0.562101 0.111675 0.114169 0.00303193
5 0.813115 0.932488 0.111491 0.113547 0.00298252
1 0.439966 0.436859 0.109742 0.111649 0.00294308
11 0.563587 0.0642351 0.111039 0.111722 0.00292326
7 0.688049 0.437273 0.111262 0.113376 0.00284503
3 0.811886 0.685725 0.112309 0.112704 0.00282992
1 0.190953 0.933423 0.1129 0.113136 0.0027642
2 0.687802 0.561359 0.111806 0.112581 0.00274955
13 0.687411 0.437336 0.11118 0.111426 0.0027055
6 0.439356 0.0647192 0.111931 0.111437 0.00267181
4 0.81315 0.933105 0.110708 0.115237 0.0026595
0 0.9359 0.437412 0.110826 0.111309 0.00265424
6 0.936255 0.313418 0.11261 0.113797 0.00262553
6 0.936389 0.188802 0.111742 0.111221 0.00262252
6 0.935843 0.810186 0.111726 0.112334 0.00257114
11 0.688322 0.187861 0.112274 0.112283 0.00252359
6 0.811768 0.188529 0.112979 0.113634 0.00247352
2 0.688207 0.808891 0.112805 0.11212 0.0023944
6 0.811311 0.561855 0.11159 0.112175 0.00228022
8 0.688143 0.685309 0.111236 0.111351 0.00227688
2 0.81306 0.188827 0.112301 0.112639 0.0022763
11 0.43978 0.561609 0.111783 0.112081 0.00227509
7 0.687579 0.561485 0.111425 0.112132 0.00219257
1 0.688137 0.685142 0.113016 0.112356 0.00217605
2 0.190874 0.437896 0.111971 0.112363 0.00217079
2 0.191388 0.561713 0.112612 0.112244 0.00216888
6 0.315726 0.438025 0.113109 0.112544 0.00212829
1 0.811321 0.809275 0.113931 0.111936 0.00212177
9 0.81306 0.188827 0.112301 0.112639 0.00211256
4 0.813004 0.0648779 0.112207 0.11299 0.00209896
0 0.688116 0.808908 0.111658 0.110857 0.00205746
7 0.81315 0.933105 0.110708 0.115237 0.00205257
13 0.439123 0.1885 0.111234 0.112126 0.00203978
6 0.563154 0.933545 0.111739 0.113051 0.002024
1 0.811236 0.685753 0.109749 0.112201 0.00201402
4 0.190853 0.313255 0.112788 0.113422 0.00200301
12 0.439449 0.188719 0.111835 0.112588 0.00198598
4 0.315721 0.809159 0.112727 0.112705 0.0018747
0 0.0672742 0.438419 0.112179 0.112382 0.00186472
2 0.315843 0.685725 0.111778 0.111899 0.00185799
1 0.440363 0.685357 0.111385 0.112033 0.00183125
5 0.688137 0.685142 0.113016 0.112356 0.0018006
1 0.56365 0.561441 0.111697 0.113237 0.00178378
12 0.190554 0.438066 0.111947 0.112056 0.0017822
1 0.439904 0.933336 0.113229 0.112928 0.00176233
4 0.563267 0.31317 0.111516 0.113103 0.00175939
12 0.439356 0.0647192 0.111931 0.111437 0.0017333
1 0.314824 0.189246 0.111427 0.111221 0.00172688
1 0.06641 0.065129 0.111171 0.111428 0.00172057
7 0.811628 0.0642524 0.113065 0.112125 0.00171915
1 0.0672754 0.561318 0.112043 0.111515 0.00171819
10 0.19044 0.189296 0.112282 0.11252 0.00171474
4 0.564451 0.685698 0.110731 0.110847 0.00170958
0 0.813015 0.313509 0.113363 0.113223 0.00170316
3 0.439959 0.437455 0.11197 0.112847 0.00167176
2 0.563334 0.933961 0.111033 0.113567 0.00166169
3 0.0667152 0.561051 0.114228 0.111814 0.00165815
13 0.81177 0.933088 0.1123 0.112755 0.00164482
2 0.688291 0.933133 0.113673 0.114297 0.0016433
4 0.439356 0.0647192 0.111931 0.111437 0.00163706
12 0.439519 0.312925 0.111977 0.112833 0.00163581
1 0.56403 0.809128 0.111395 0.112283 0.00163025
11 0.688269 0.933509 0.113726 0.113979 0.001592
4 0.0665981 0.685336 0.113903 0.11207 0.00158865
1 0.93606 0.809833 0.111103 0.111127 0.0015734
12 0.316075 0.438062 0.112286 0.111794 0.00157061
7 0.563267 0.31317 0.111516 0.113103 0.00152497
4 0.688116 0.808908 0.111658 0.110857 0.00152324
12 0.563548 0.312983 0.111956 0.113552 0.00151198
12 0.811805 0.188689 0.112399 0.112946 0.0014755
4 0.438989 0.188827 0.112265 0.113073 0.00146564
5 0.811355 0.437165 0.114063 0.1124 0.00146405
11 0.315554 0.934232 0.112087 0.113165 0.00146221
12 0.563771 0.437084 0.112224 0.113137 0.00145663
13 0.191005 0.809356 0.112347 0.11227 0.00142569
3 0.812459 0.809366 0.111187 0.111651 0.00142155
1 0.810864 0.561651 0.11208 0.112435 0.00139264
4 0.93583 0.686071 0.111889 0.112329 0.00139028
1 0.93638 0.313436 0.111308 0.112245 0.00138775
8 0.811708 0.437955 0.108624 0.111033 0.00138619
6 0.315845 0.561225 0.111047 0.112055 0.00137404
6 0.191222 0.561583 0.112203 0.111755 0.00137162
13 0.190874 0.313338 0.111582 0.111909 0.00134346
13 0.562683 0.312783 0.111462 0.11223 0.00133985
12 0.936243 0.0653381 0.111547 0.112169 0.00132068
5 0.811321 0.809275 0.113931 0.111936 0.00131975
4 0.190875 0.437718 0.112153 0.112374 0.00131531
1 0.936242 0.0651823 0.11105 0.111899 0.00131409
0 0.0663187 0.934071 0.111081 0.113873 0.00130321
2 0.439328 0.809875 0.11184 0.112145 0.0012909
1 0.0670068 0.809131 0.111925 0.110761 0.0012825
4 0.0665789 0.313859 0.111799 0.113906 0.00127814
0 0.688094 0.188198 0.113721 0.113939 0.0012737
7 0.191131 0.933551 0.112332 0.112488 0.00126926
11 0.935996 0.933999 0.11247 0.113471 0.00126416
5 0.813002 0.0646603 0.113446 0.111697 0.0012507
0 0.936083 0.933194 0.111961 0.111902 0.00124381
3 0.0658594 0.0647551 0.112127 0.111959 0.0012307
1 0.439925 0.809524 0.11191 0.112016 0.00121914
13 0.315703 0.80989 0.112111 0.112292 0.00120563
12 0.936255 0.313418 0.11261 0.113797 0.00120507
7 0.56356 0.436495 0.109751 0.113686 0.00120034
12 0.810934 0.561569 0.111887 0.11239 0.00119728
12 0.812731 0.0649823 0.112043 0.11247 0.00119635
12 0.191222 0.561583 0.112203 0.111755 0.00119191
1 0.315835 0.685658 0.112148 0.112259 0.0011817
4 0.439602 0.809939 0.111876 0.111958 0.00117983
3 0.0666336 0.809161 0.113404 0.112154 0.0011703
4 0.811311 0.561855 0.11159 0.112175 0.00116229
5 0.191062 0.809019 0.112326 0.1117 0.00116218
7 0.439317 0.313342 0.111808 0.112791 0.00115808
8 0.811431 0.809185 0.112823 0.112437 0.00114787
2 0.315541 0.437692 0.111478 0.112248 0.00113589
1 0.439349 0.0647618 0.111582 0.112032 0.00113358
5 0.688025 0.437026 0.112326 0.112568 0.00112891
13 0.563287 0.437131 0.111119 0.112467 0.00112871
4 0.315776 0.561224 0.110946 0.112682 0.00112703
12 0.935628 0.810007 0.111021 0.111228 0.00112364
3 0.688171 0.68521 0.11089 0.111577 0.00112273
10 0.563145 0.188201 0.112124 0.11259 0.00110952
7 0.190919 0.313544 0.113071 0.112142 0.0011069
9 0.190253 0.189387 0.112366 0.112638 0.00109331
10 0.0665789 0.313859 0.111799 0.113906 0.00108253
1 0.191343 0.561585 0.112282 0.1121 0.00107207
3 0.439329 0.933826 0.11266 0.113608 0.00106991
12 0.93583 0.686071 0.111889 0.112329 0.00106936
4 0.315351 0.313509 0.111794 0.113057 0.00106494
3 0.314798 0.188988 0.111185 0.1124 0.00105459
2 0.190953 0.933423 0.1129 0.113136 0.00104892
13 0.936492 0.561423 0.112057 0.11301 0.00104098
5 0.0661079 0.189802 0.111486 0.111524 0.00104021
6 0.0669814 0.685276 0.112913 0.11357 0.00103771
9 0.315726 0.438025 0.113109 0.112544 0.00103759
13 0.811684 0.0645386 0.111111 0.111287 0.0010375
0 0.563186 0.0645269 0.110718 0.111154 0.00102359
7 0.439814 0.438145 0.113063 0.110983 0.0010222
7 0.315721 0.809159 0.112727 0.112705 0.00100986
