3 0.0673256 0.685559 0.11245 0.113524 0.98697
5 0.316304 0.809789 0.111106 0.112755 0.986786
6 0.439753 0.933859 0.112407 0.113833 0.9862
9 0.563646 0.0647538 0.111133 0.112518 0.986066
0 0.93579 0.933262 0.112801 0.111487 0.985725
2 0.315236 0.685368 0.112402 0.112436 0.985314
5 0.0675664 0.809767 0.112642 0.113044 0.984963
1 0.315389 0.933979 0.112293 0.112517 0.984947
5 0.440196 0.685653 0.110745 0.112234 0.984872
6 0.191394 0.933906 0.11109 0.112404 0.984832
13 0.439441 0.809901 0.111795 0.113241 0.984725
10 0.687997 0.933967 0.112408 0.114021 0.984721
5 0.191746 0.561748 0.110968 0.112163 0.984485
4 0.563516 0.93414 0.111122 0.113367 0.984298
4 0.315213 0.437193 0.112791 0.112657 0.983689
5 0.315697 0.313914 0.111459 0.112621 0.983447
11 0.0663811 0.0651929 0.113783 0.113191 0.983147
1 0.811904 0.933688 0.111983 0.112863 0.983117
12 0.56391 0.68553 0.111163 0.112766 0.983013
13 0.191523 0.68581 0.111045 0.112147 0.982618
12 0.191411 0.437761 0.11196 0.112759 0.982502
10 0.191612 0.809511 0.112077 0.112873 0.982462
10 0.315054 0.188548 0.112563 0.111937 0.982462
11 0.0664073 0.933883 0.114465 0.114054 0.982355
0 0.315211 0.0639663 0.111843 0.112982 0.981906
5 0.440024 0.0649409 0.110223 0.112241 0.981861
10 0.0668653 0.18928 0.113343 0.112514 0.981743
4 0.439225 0.560834 0.112228 0.112362 0.981649
10 0.0673751 0.437151 0.113427 0.112546 0.981533
13 0.687809 0.80963 0.111201 0.113343 0.981268
10 0.0675359 0.313051 0.113357 0.112264 0.981266
1 0.191258 0.313167 0.112202 0.112105 0.981233
2 0.19174 0.188887 0.110696 0.111837 0.981166
4 0.68781 0.0653788 0.110752 0.1127 0.980896
1 0.191051 0.0647934 0.111504 0.112027 0.980719
10 0.0672167 0.561179 0.113409 0.11227 0.980711
4 0.936862 0.809658 0.112908 0.112876 0.980671
7 0.812427 0.809703 0.113248 0.112435 0.980602
11 0.563626 0.80952 0.112223 0.114154 0.980425
9 0.563776 0.561353 0.112174 0.112066 0.97966
12 0.563445 0.188987 0.112466 0.11288 0.97958
12 0.812128 0.312817 0.112151 0.112012 0.979261
1 0.439297 0.313128 0.112528 0.113198 0.979193
12 0.688051 0.685575 0.11258 0.111834 0.979102
6 0.81191 0.188821 0.112115 0.11171 0.979086
12 0.936217 0.436999 0.113271 0.111782 0.979054
1 0.687773 0.313215 0.112436 0.112849 0.979014
1 0.812253 0.68531 0.113249 0.112864 0.979012
5 0.812155 0.436858 0.112097 0.112908 0.97891
6 0.936638 0.561584 0.113163 0.111682 0.978859
12 0.936005 0.188442 0.113127 0.111685 0.978804
11 0.687534 0.561026 0.111571 0.114045 0.978695
9 0.811884 0.561732 0.112157 0.111741 0.978679
10 0.936735 0.312668 0.113182 0.113353 0.978649
1 0.936252 0.0643067 0.113873 0.11358 0.978319
11 0.68767 0.188779 0.111708 0.112282 0.978031
2 0.563677 0.437477 0.111971 0.111897 0.977993
8 0.812187 0.0652754 0.111756 0.113068 0.977868
2 0.936113 0.6851 0.112761 0.112294 0.977683
11 0.439628 0.436924 0.111678 0.114357 0.977294
8 0.688125 0.437072 0.111753 0.112032 0.977256
11 0.439134 0.189119 0.112008 0.112576 0.977026
11 0.563137 0.313083 0.111553 0.111756 0.976637
8 0.315436 0.561411 0.112602 0.111421 0.976492
5 0.439434 0.189526 0.111933 0.112922 0.029271
5 0.563464 0.313842 0.111544 0.112413 0.0233153
2 0.688246 0.436995 0.111824 0.111632 0.0138495
5 0.0668292 0.0645438 0.113106 0.112375 0.0136296
5 0.688086 0.189167 0.112561 0.113186 0.012754
5 0.563659 0.80988 0.111432 0.112397 0.0123782
2 0.315899 0.561453 0.112998 0.11241 0.0111305
5 0.0670274 0.93343 0.114842 0.113685 0.0107158
7 0.68795 0.809826 0.111874 0.113073 0.00992067
5 0.68811 0.561073 0.11181 0.113642 0.00946254
4 0.0666221 0.436913 0.114454 0.112341 0.00924971
12 0.81156 0.809995 0.112912 0.11292 0.00897608
3 0.812242 0.561602 0.112013 0.113138 0.00894508
3 0.563961 0.561211 0.111764 0.112794 0.00785411
1 0.315726 0.437454 0.112368 0.113043 0.00769275
4 0.0668263 0.560727 0.11476 0.112111 0.00767443
2 0.0669022 0.685242 0.113301 0.113449 0.00655699
12 0.191527 0.685119 0.111993 0.111964 0.0061034
1 0.439858 0.561328 0.111823 0.112864 0.00596348
5 0.439584 0.437057 0.111504 0.112806 0.00445036
4 0.0672615 0.313458 0.112802 0.112395 0.0044418
1 0.563357 0.933643 0.111769 0.112796 0.00379487
11 0.688406 0.436919 0.112086 0.111687 0.00378179
11 0.811969 0.0647093 0.111443 0.112643 0.00372333
12 0.687822 0.809657 0.111752 0.112052 0.00350294
2 0.811595 0.0646339 0.110645 0.111398 0.00337839
0 0.688033 0.312589 0.112608 0.113052 0.00331233
4 0.067451 0.188547 0.112918 0.114317 0.00324103
12 0.439708 0.809553 0.112055 0.112346 0.00322389
6 0.811615 0.809712 0.112028 0.112687 0.00320843
1 0.811386 0.188498 0.110494 0.11284 0.00315452
10 0.43962 0.436765 0.111199 0.112879 0.00315133
0 0.812494 0.933565 0.111204 0.113013 0.00311897
1 0.563403 0.437946 0.109539 0.110565 0.00301967
2 0.68781 0.0653788 0.110752 0.1127 0.0029478
10 0.687802 0.188849 0.112112 0.111765 0.00291387
0 0.936076 0.0643314 0.112612 0.113652 0.00277973
1 0.687935 0.0646114 0.11108 0.112866 0.00272804
4 0.315109 0.188668 0.112108 0.113466 0.00263362
3 0.563646 0.0647538 0.111133 0.112518 0.00255358
10 0.686784 0.560737 0.112633 0.113236 0.00253721
12 0.812318 0.561292 0.112173 0.113363 0.00240277
0 0.812731 0.685136 0.111979 0.112653 0.00239348
11 0.315495 0.561511 0.111959 0.112437 0.00236612
1 0.936671 0.561312 0.113162 0.111912 0.00236362
7 0.439441 0.809901 0.111795 0.113241 0.00227416
10 0.439635 0.188874 0.112332 0.11194 0.00221077
3 0.936361 0.685299 0.111408 0.112714 0.002203
12 0.563917 0.561037 0.112227 0.113901 0.00216251
13 0.0670431 0.561149 0.112365 0.112364 0.00212554
7 0.936897 0.436505 0.112483 0.112133 0.00212369
1 0.439804 0.933359 0.112518 0.111992 0.00209689
7 0.0674834 0.313471 0.113155 0.112723 0.00208181
7 0.0669615 0.436401 0.112011 0.114095 0.00200428
0 0.191178 0.0643449 0.111905 0.113369 0.00199883
7 0.191273 0.685543 0.111612 0.112406 0.00198533
0 0.936407 0.437455 0.112268 0.1127 0.00197156
10 0.439804 0.0646151 0.111501 0.112173 0.00195688
3 0.811933 0.188839 0.112307 0.113199 0.00194695
1 0.935977 0.685227 0.114198 0.114111 0.00192502
5 0.688324 0.933228 0.112267 0.113143 0.00190763
2 0.68811 0.561073 0.11181 0.113642 0.00190339
13 0.191438 0.809419 0.111587 0.112152 0.00187646
6 0.563357 0.933643 0.111769 0.112796 0.00183895
9 0.935897 0.93358 0.111517 0.1118 0.00182983
12 0.563996 0.064736 0.112295 0.112124 0.00180853
6 0.19133 0.437807 0.112109 0.112485 0.00179355
2 0.563516 0.93414 0.111122 0.113367 0.00175257
1 0.191031 0.189181 0.111346 0.111478 0.00172972
7 0.687995 0.0647338 0.110939 0.111663 0.00172719
2 0.936622 0.809763 0.112139 0.113585 0.00169945
5 0.68795 0.809826 0.111874 0.113073 0.00169593
13 0.0673253 0.312917 0.112907 0.112692 0.00167559
4 0.811736 0.809587 0.1133 0.112852 0.00167128
1 0.191791 0.933555 0.112505 0.112413 0.00165278
0 0.439462 0.313385 0.111544 0.113397 0.00159605
10 0.0666393 0.0651184 0.112722 0.111555 0.00159489
0 0.687904 0.68551 0.111555 0.111383 0.00157103
10 0.191317 0.561025 0.111136 0.111487 0.00156065
11 0.687772 0.933887 0.113117 0.113717 0.00155192
2 0.439858 0.561328 0.111823 0.112864 0.00152271
4 0.191181 0.561024 0.111732 0.112011 0.00152001
0 0.813071 0.561926 0.112132 0.112284 0.00149869
7 0.0670652 0.56068 0.113048 0.113652 0.00149746
12 0.936128 0.809665 0.113079 0.112411 0.00149572
1 0.936426 0.809394 0.111995 0.112982 0.00148759
7 0.9362 0.312301 0.113103 0.114438 0.00146184
3 0.936813 0.436615 0.110677 0.113537 0.0014584
7 0.439635 0.561188 0.11148 0.111745 0.00144921
4 0.439485 0.313441 0.112588 0.113423 0.00144232
1 0.315501 0.684927 0.112456 0.111955 0.00142113
3 0.936671 0.561513 0.11323 0.113093 0.0014158
2 0.315726 0.437454 0.112368 0.113043 0.00140165
0 0.81302 0.0651967 0.110833 0.113001 0.00140122
13 0.936153 0.313065 0.110719 0.111802 0.00139064
4 0.812131 0.685216 0.112763 0.11279 0.00138898
4 0.687774 0.313447 0.11222 0.112659 0.00138195
10 0.0668173 0.809233 0.112468 0.112318 0.00137583
0 0.19123 0.313224 0.111133 0.112636 0.00137143
4 0.9362 0.312301 0.113103 0.114438 0.00135046
6 0.936133 0.809407 0.113181 0.113475 0.00134007
10 0.936622 0.809763 0.112139 0.113585 0.00133903
2 0.688063 0.313408 0.111754 0.112995 0.00132851
7 0.315347 0.436595 0.111805 0.111485 0.00131511
10 0.067046 0.933583 0.113245 0.113246 0.00131463
0 0.315548 0.933803 0.111585 0.113061 0.0013064
12 0.315756 0.188737 0.111574 0.112112 0.00129654
2 0.813061 0.932764 0.11282 0.113359 0.00128699
4 0.688381 0.933405 0.112735 0.113724 0.00127135
10 0.563734 0.31336 0.112467 0.112407 0.00126275
7 0.0671346 0.189003 0.112782 0.112449 0.00126067
6 0.563669 0.188996 0.111882 0.113034 0.00125577
4 0.191311 0.313574 0.112033 0.113143 0.00125507
3 0.439753 0.933859 0.112407 0.113833 0.00125425
10 0.439586 0.685166 0.111783 0.112446 0.00124743
13 0.0668344 0.188102 0.111936 0.112309 0.00123639
7 0.688381 0.933405 0.112735 0.113724 0.00122067
10 0.811632 0.437585 0.111438 0.111779 0.00121006
13 0.0670571 0.436612 0.111979 0.112193 0.00120871
3 0.564338 0.437214 0.111376 0.112707 0.00119093
12 0.687772 0.933887 0.113117 0.113717 0.00118724
0 0.812176 0.313592 0.111625 0.112926 0.00118579
3 0.812126 0.436448 0.112401 0.111057 0.00118456
6 0.688063 0.313408 0.111754 0.112995 0.00117983
11 0.811534 0.437208 0.112319 0.111797 0.00116158
7 0.936111 0.809754 0.111625 0.11229 0.00115432
3 0.191068 0.188742 0.111628 0.111752 0.00115414
12 0.936671 0.561513 0.11323 0.113093 0.00113014
2 0.688086 0.189167 0.112561 0.113186 0.00112857
3 0.191529 0.933964 0.112592 0.113686 0.00112788
5 0.935977 0.685227 0.114198 0.114111 0.00112752
4 0.315465 0.31346 0.111587 0.112864 0.00112227
13 0.687872 0.934022 0.111159 0.111221 0.00111346
3 0.315236 0.685368 0.112402 0.112436 0.00111047
6 0.563754 0.685627 0.111976 0.112866 0.00110954
6 0.812398 0.313028 0.111849 0.112744 0.00109122
4 0.935811 0.0648741 0.112668 0.113069 0.00108986
9 0.687559 0.561065 0.111435 0.112054 0.00106782
4 0.315548 0.933803 0.111585 0.113061 0.0010528
12 0.0666422 0.685351 0.11198 0.112694 0.00104989
5 0.19145 0.809308 0.111759 0.111598 0.00104494
4 0.191289 0.809143 0.112543 0.113141 0.00103862
13 0.0668854 0.934343 0.113728 0.113694 0.00103467
4 0.811904 0.933688 0.111983 0.112863 0.00102268
10 0.563735 0.809449 0.11321 0.113764 0.00101294
8 0.935855 0.685059 0.110624 0.111426 0.00100191
