3 0.191672 0.809521 0.111643 0.112775 0.987212
9 0.439303 0.934314 0.11253 0.112929 0.986558
12 0.191716 0.934005 0.110881 0.112084 0.985448
2 0.315024 0.934087 0.112688 0.113054 0.985271
4 0.316074 0.685435 0.110814 0.110415 0.985204
2 0.315145 0.809597 0.113214 0.112353 0.984822
9 0.439688 0.809428 0.110749 0.111951 0.984714
10 0.192031 0.685094 0.111105 0.111256 0.984499
7 0.935838 0.0655529 0.112994 0.112421 0.984313
9 0.687633 0.934264 0.111855 0.11326 0.983878
6 0.440095 0.685151 0.112244 0.112353 0.983673
12 0.191391 0.0648493 0.111372 0.112021 0.983243
6 0.563561 0.933848 0.111512 0.113458 0.983175
9 0.191454 0.31304 0.112011 0.112401 0.983136
3 0.191263 0.18919 0.111722 0.113056 0.982876
3 0.562862 0.0649802 0.112362 0.113066 0.982843
1 0.0670572 0.685662 0.112539 0.112032 0.982806
4 0.06757 0.43719 0.112571 0.111346 0.982566
7 0.564011 0.809306 0.111526 0.112277 0.982547
5 0.812184 0.934444 0.111518 0.111895 0.982397
11 0.314673 0.064933 0.111507 0.111811 0.982393
13 0.4391 0.0652743 0.110785 0.11167 0.982306
6 0.935805 0.685321 0.113004 0.112452 0.982292
10 0.439523 0.313129 0.112367 0.111372 0.982277
4 0.0675088 0.313297 0.112755 0.111711 0.982238
1 0.19154 0.561518 0.11144 0.112169 0.982061
2 0.687542 0.0653697 0.110882 0.112074 0.981973
10 0.439512 0.189018 0.112801 0.111832 0.981947
12 0.191358 0.437515 0.111149 0.111315 0.981788
0 0.315297 0.3127 0.112319 0.112615 0.981655
11 0.0667785 0.934503 0.113965 0.114277 0.981448
10 0.0676318 0.0650741 0.112841 0.112437 0.981331
4 0.687866 0.809793 0.111483 0.111454 0.981324
11 0.935571 0.934055 0.113074 0.112291 0.981092
11 0.0668386 0.561382 0.114282 0.112927 0.980716
2 0.066918 0.189393 0.111815 0.112436 0.980676
1 0.314984 0.188893 0.112365 0.113321 0.98065
8 0.315306 0.561491 0.11222 0.11143 0.980132
3 0.687383 0.68559 0.112584 0.111889 0.98007
8 0.936127 0.809557 0.112116 0.111553 0.979814
8 0.315088 0.437394 0.112259 0.112591 0.979708
9 0.439444 0.437686 0.111404 0.111758 0.979584
5 0.563603 0.313045 0.111928 0.112807 0.979417
4 0.688072 0.188752 0.113109 0.112782 0.979338
11 0.439379 0.561028 0.112663 0.111803 0.979257
3 0.563307 0.189003 0.111358 0.112068 0.979187
13 0.0673969 0.809236 0.113025 0.112281 0.979165
9 0.687693 0.561742 0.112306 0.112022 0.979081
10 0.68801 0.312933 0.112096 0.11244 0.978956
6 0.811768 0.685681 0.112802 0.112162 0.978943
1 0.811921 0.437054 0.112856 0.112676 0.978916
7 0.563322 0.685718 0.112022 0.111433 0.978893
8 0.811912 0.809735 0.111921 0.112339 0.978751
9 0.811781 0.561511 0.11209 0.112493 0.978526
7 0.564163 0.437499 0.112299 0.112944 0.978471
2 0.563841 0.561356 0.112221 0.112996 0.97831
11 0.687723 0.437266 0.112302 0.11342 0.97814
3 0.935988 0.561434 0.11221 0.112186 0.978021
5 0.812003 0.188693 0.112396 0.112589 0.977988
1 0.935953 0.312741 0.114239 0.112776 0.977929
3 0.936267 0.436883 0.113151 0.113085 0.977748
3 0.936124 0.188483 0.112646 0.112404 0.977476
0 0.811566 0.0653732 0.112123 0.112034 0.977475
7 0.812353 0.313126 0.112069 0.112446 0.977407
2 0.315068 0.561405 0.112237 0.1126 0.00734246
12 0.81156 0.31336 0.110968 0.112897 0.00724589
3 0.812549 0.685254 0.111252 0.112515 0.00670974
10 0.935859 0.93385 0.110912 0.111748 0.00595943
3 0.936298 0.684974 0.112638 0.113175 0.0058148
2 0.31483 0.437238 0.111738 0.112497 0.00556868
3 0.688159 0.561864 0.112718 0.112605 0.00496838
3 0.563809 0.933583 0.112124 0.11341 0.00400894
0 0.688113 0.561719 0.112014 0.111445 0.00397564
1 0.0668286 0.437064 0.114833 0.112041 0.00396753
2 0.812706 0.808981 0.112482 0.112719 0.00387738
6 0.191161 0.437164 0.111411 0.111764 0.00380676
10 0.0674198 0.560977 0.114274 0.113656 0.00364911
0 0.936069 0.312952 0.112847 0.11145 0.00364201
3 0.811488 0.561607 0.112174 0.112218 0.00359389
5 0.687946 0.43693 0.112089 0.112382 0.0035444
1 0.315856 0.685559 0.111659 0.111261 0.00348444
12 0.688113 0.561719 0.112014 0.111445 0.00340878
1 0.688276 0.188453 0.112999 0.112935 0.00335512
8 0.688177 0.0649926 0.110463 0.112123 0.00332146
12 0.8123 0.561257 0.111162 0.112042 0.00331024
2 0.813138 0.933383 0.112854 0.114015 0.00324716
1 0.0677027 0.313212 0.113127 0.112225 0.00323244
9 0.687461 0.437551 0.110888 0.111992 0.00319584
0 0.812131 0.436362 0.112603 0.111991 0.00316916
5 0.315222 0.0645191 0.112653 0.112035 0.00309749
2 0.936166 0.809784 0.111626 0.112069 0.00309524
5 0.439599 0.561273 0.112026 0.112024 0.00308319
0 0.439935 0.438057 0.112961 0.113272 0.00299992
0 0.314932 0.438072 0.11136 0.113661 0.00298213
7 0.687739 0.809597 0.111903 0.112147 0.00289026
12 0.935997 0.0652569 0.113369 0.112886 0.00272408
1 0.687866 0.809793 0.111483 0.111454 0.00263625
0 0.688364 0.933862 0.113058 0.112529 0.00258831
11 0.813102 0.933684 0.112104 0.112995 0.00245298
10 0.688033 0.436745 0.111584 0.112191 0.00243934
4 0.564289 0.438006 0.110153 0.113146 0.00242904
5 0.0668386 0.561382 0.114282 0.112927 0.00241628
1 0.688161 0.0646926 0.111897 0.111988 0.00240415
6 0.191771 0.189159 0.112466 0.112525 0.0023774
5 0.0666683 0.933617 0.113572 0.113306 0.00230625
4 0.687909 0.31374 0.10993 0.112646 0.00230238
5 0.935571 0.934055 0.113074 0.112291 0.00230125
7 0.936141 0.685501 0.114131 0.112857 0.00227877
12 0.19141 0.313513 0.111413 0.111727 0.00225301
7 0.687759 0.189172 0.112045 0.112566 0.00225037
12 0.439876 0.438049 0.111244 0.112792 0.00222209
2 0.688188 0.685619 0.112615 0.111216 0.00221194
0 0.191306 0.313543 0.11147 0.111655 0.00216123
10 0.0673892 0.933924 0.114645 0.113975 0.0021407
3 0.440095 0.685151 0.112244 0.112353 0.00212669
9 0.688188 0.685619 0.112615 0.111216 0.00209211
3 0.563935 0.56139 0.111965 0.112459 0.0020824
12 0.935649 0.188994 0.111409 0.111555 0.00207326
8 0.688364 0.933862 0.113058 0.112529 0.00207039
1 0.563841 0.561356 0.112221 0.112996 0.00200002
10 0.439767 0.561107 0.112181 0.112467 0.00190886
7 0.563987 0.933398 0.112713 0.113088 0.00188559
5 0.563553 0.561872 0.112068 0.112264 0.00187547
7 0.0670912 0.436399 0.113053 0.11323 0.00187493
8 0.688141 0.437207 0.111924 0.114038 0.00187246
3 0.315145 0.809597 0.113214 0.112353 0.00187076
10 0.81169 0.933213 0.11435 0.111412 0.00186138
7 0.439626 0.685627 0.114224 0.112765 0.00184196
0 0.936288 0.809862 0.111873 0.113091 0.00183122
13 0.0666683 0.933617 0.113572 0.113306 0.00180765
12 0.935814 0.437348 0.111691 0.112079 0.00180391
6 0.564139 0.438045 0.112082 0.112309 0.00176189
12 0.564526 0.436691 0.110989 0.109979 0.00172658
12 0.935792 0.561601 0.111923 0.112528 0.00169899
9 0.935664 0.188773 0.11215 0.113281 0.00168116
12 0.0668095 0.809097 0.111803 0.111839 0.00167438
1 0.0669798 0.189399 0.112201 0.111859 0.0016497
7 0.0669852 0.313196 0.112003 0.111585 0.00163635
9 0.93583 0.437088 0.112193 0.113235 0.00161845
13 0.811634 0.313016 0.110978 0.113158 0.00161233
11 0.811461 0.189059 0.112394 0.111626 0.00161047
10 0.563926 0.437945 0.110317 0.11247 0.00160602
9 0.439484 0.561328 0.11162 0.111855 0.00159831
2 0.6879 0.189068 0.111506 0.112545 0.00153782
12 0.688364 0.933862 0.113058 0.112529 0.0015305
12 0.43946 0.0649778 0.110725 0.11267 0.00151734
5 0.0670918 0.188948 0.113153 0.112923 0.00151147
12 0.191294 0.189125 0.111949 0.112458 0.00150158
2 0.0669852 0.313196 0.112003 0.111585 0.00149749
7 0.812014 0.68576 0.11347 0.112611 0.00147396
11 0.0665796 0.809188 0.113041 0.111763 0.00147014
1 0.315624 0.933753 0.113111 0.113082 0.00146125
1 0.315705 0.809425 0.113246 0.112445 0.00144467
3 0.439505 0.437301 0.112524 0.113 0.00144199
9 0.93583 0.561494 0.111599 0.112816 0.00144036
12 0.439522 0.809611 0.112941 0.111931 0.00143324
3 0.315024 0.934087 0.112688 0.113054 0.00137901
5 0.688207 0.685291 0.112931 0.111327 0.00137484
13 0.191369 0.685184 0.112256 0.111807 0.00137422
3 0.687839 0.0644387 0.11102 0.112646 0.00136811
4 0.439819 0.313545 0.109945 0.113176 0.00136122
6 0.811634 0.313016 0.110978 0.113158 0.0013392
12 0.440241 0.934276 0.114102 0.112549 0.00130453
6 0.191391 0.0648493 0.111372 0.112021 0.00130245
10 0.6879 0.189068 0.111506 0.112545 0.00129393
10 0.314919 0.0644168 0.11164 0.112571 0.00129001
4 0.563993 0.808972 0.111454 0.112446 0.00128912
1 0.811995 0.0644338 0.111297 0.112794 0.00128575
12 0.687719 0.685426 0.111399 0.111919 0.00128477
0 0.0668522 0.685401 0.112919 0.112592 0.00128183
0 0.314984 0.188893 0.112365 0.113321 0.00127534
2 0.688206 0.809262 0.111186 0.111455 0.00127143
12 0.688204 0.312986 0.1116 0.112305 0.00125986
10 0.812181 0.313526 0.111162 0.11208 0.00124431
1 0.935988 0.561434 0.11221 0.112186 0.00123528
2 0.563549 0.313588 0.11287 0.112311 0.00122136
12 0.563055 0.189303 0.111324 0.112208 0.0012208
4 0.315181 0.189426 0.112384 0.113654 0.00120809
5 0.688161 0.0646926 0.111897 0.111988 0.00118349
0 0.811216 0.561906 0.110916 0.111951 0.0011743
9 0.811536 0.809708 0.111199 0.112754 0.00116276
10 0.0668095 0.809097 0.111803 0.111839 0.00115767
0 0.191381 0.561135 0.111679 0.112514 0.0011573
13 0.935613 0.934345 0.112727 0.113172 0.00115387
5 0.688197 0.313433 0.111989 0.112378 0.00115102
3 0.439898 0.80992 0.111804 0.112289 0.00114909
11 0.811534 0.809422 0.110832 0.111827 0.00113709
4 0.19154 0.561518 0.11144 0.112169 0.00112527
5 0.0664088 0.313396 0.112679 0.112329 0.00112115
4 0.563824 0.313438 0.111747 0.112153 0.00111975
7 0.688242 0.313532 0.111682 0.112762 0.00111866
13 0.439691 0.189205 0.111973 0.111892 0.00110372
3 0.0664122 0.189175 0.11392 0.112593 0.00110258
13 0.687644 0.313217 0.110788 0.111481 0.00108976
13 0.439777 0.313174 0.111458 0.111666 0.00108033
3 0.191178 0.436662 0.110772 0.112044 0.00106324
1 0.687918 0.685381 0.111592 0.111791 0.00105263
3 0.811678 0.933796 0.111651 0.110229 0.00104922
2 0.687511 0.56172 0.111558 0.111935 0.0010415
10 0.687892 0.80923 0.109659 0.112315 0.00103893
8 0.811219 0.561826 0.111294 0.112351 0.00103512
4 0.688156 0.68533 0.112848 0.111735 0.00103195
7 0.0669897 0.809507 0.113251 0.112402 0.0010264
