3 0.315704 0.934194 0.112865 0.112393 0.987567
9 0.314972 0.0647131 0.111412 0.112205 0.986785
8 0.563751 0.809693 0.112288 0.112741 0.98636
11 0.439451 0.933969 0.111537 0.113091 0.98604
8 0.563183 0.934207 0.112072 0.113043 0.985898
8 0.687614 0.934276 0.112622 0.112899 0.985867
9 0.192084 0.809367 0.111695 0.112681 0.985718
6 0.191236 0.933975 0.111225 0.112609 0.985132
2 0.56311 0.0651155 0.110941 0.11281 0.98503
9 0.811885 0.809815 0.111625 0.111693 0.98484
2 0.439295 0.0648828 0.112122 0.113001 0.984785
5 0.688 0.809511 0.112232 0.114176 0.984603
9 0.935672 0.0654084 0.112474 0.112752 0.984363
3 0.0670674 0.934261 0.113719 0.114473 0.984301
2 0.315203 0.68558 0.112127 0.112173 0.98404
12 0.439846 0.809081 0.111218 0.112655 0.983174
5 0.190774 0.0651409 0.111372 0.113022 0.983129
11 0.0667488 0.437061 0.114009 0.112932 0.983043
7 0.0668652 0.685388 0.113172 0.112821 0.983019
4 0.315734 0.189011 0.113282 0.113027 0.982879
5 0.316105 0.437734 0.112588 0.113109 0.982821
7 0.191171 0.685381 0.111388 0.111505 0.982581
3 0.315686 0.313571 0.110852 0.112055 0.982549
4 0.439798 0.312959 0.11319 0.113204 0.982491
8 0.191199 0.189325 0.112687 0.112985 0.982329
4 0.191782 0.313083 0.113319 0.113288 0.982315
10 0.191278 0.437297 0.112794 0.112053 0.982152
11 0.0666973 0.313205 0.113809 0.112713 0.982066
7 0.811915 0.934029 0.11262 0.112817 0.981872
2 0.0668936 0.0650976 0.112237 0.113309 0.981698
7 0.439618 0.189289 0.113745 0.112575 0.981586
11 0.191242 0.560966 0.111886 0.112182 0.981551
2 0.315421 0.561376 0.112295 0.112249 0.981463
12 0.935769 0.933689 0.113053 0.112477 0.981376
9 0.687832 0.685429 0.112477 0.111631 0.981309
3 0.563446 0.189545 0.111718 0.112334 0.981151
13 0.067161 0.561379 0.11279 0.111985 0.981058
1 0.936659 0.809395 0.11246 0.112303 0.980714
1 0.0670918 0.188961 0.112685 0.112444 0.980688
9 0.563449 0.313484 0.111571 0.111483 0.980141
6 0.44015 0.56157 0.112646 0.112568 0.980113
6 0.564339 0.685651 0.112475 0.112339 0.979918
11 0.56359 0.43688 0.111741 0.113567 0.979458
13 0.067595 0.809475 0.113859 0.11276 0.979325
13 0.811981 0.0646399 0.112249 0.111607 0.979273
4 0.688159 0.561359 0.112759 0.11296 0.979215
3 0.812148 0.685613 0.111805 0.112305 0.97917
6 0.812576 0.561585 0.112637 0.111849 0.979161
6 0.688128 0.437143 0.112915 0.11222 0.979112
3 0.687653 0.188993 0.11156 0.112395 0.979055
6 0.812436 0.188668 0.112561 0.112411 0.978809
0 0.315852 0.809635 0.111861 0.111805 0.978785
2 0.563804 0.561244 0.112168 0.114369 0.978776
0 0.439274 0.685484 0.111634 0.111748 0.978769
12 0.687662 0.0654144 0.11271 0.112449 0.978551
4 0.812492 0.312989 0.113117 0.112494 0.978551
0 0.439658 0.437401 0.112062 0.11431 0.97845
6 0.937028 0.561428 0.113725 0.111935 0.978367
4 0.936633 0.684874 0.113203 0.112236 0.978236
2 0.687826 0.31309 0.111793 0.113376 0.978194
8 0.93672 0.437182 0.112599 0.11245 0.977539
8 0.812346 0.437267 0.112873 0.112762 0.977388
2 0.935785 0.188934 0.110774 0.111758 0.97736
7 0.936826 0.31282 0.113124 0.112598 0.976908
3 0.687814 0.436613 0.111865 0.112089 0.00680699
2 0.813053 0.436856 0.111938 0.113364 0.00660389
10 0.936364 0.933653 0.111175 0.112996 0.00654705
2 0.936994 0.436785 0.112098 0.113046 0.00612453
8 0.688166 0.313343 0.110939 0.113682 0.00611402
1 0.688018 0.561515 0.112494 0.112515 0.00580592
3 0.812022 0.561296 0.112537 0.112091 0.00574198
3 0.936453 0.561017 0.113072 0.112038 0.00563294
12 0.0673254 0.809395 0.111904 0.111833 0.00539086
1 0.191418 0.313344 0.111433 0.112242 0.00510595
4 0.936205 0.561518 0.113205 0.11265 0.00493773
3 0.93565 0.189545 0.112335 0.112789 0.00479941
12 0.811637 0.933747 0.111646 0.111515 0.00464953
4 0.811478 0.561685 0.113328 0.111723 0.00447173
7 0.563866 0.68553 0.111067 0.111063 0.00442189
1 0.936736 0.685354 0.11328 0.112932 0.00419962
1 0.439959 0.313309 0.112006 0.112659 0.00415562
6 0.43973 0.809375 0.111557 0.112584 0.00408394
3 0.191305 0.933732 0.111365 0.112714 0.0038586
1 0.315475 0.189119 0.111779 0.111728 0.00378223
3 0.811992 0.188475 0.11242 0.11291 0.00366476
1 0.812256 0.313291 0.113154 0.113102 0.00363658
13 0.811743 0.933223 0.111803 0.113337 0.00358593
3 0.4396 0.56092 0.111941 0.112271 0.00341354
8 0.811515 0.809853 0.111813 0.112818 0.00332603
2 0.81308 0.685811 0.110311 0.110047 0.00322425
10 0.0671766 0.436356 0.113414 0.113456 0.00314035
0 0.0667659 0.188785 0.112773 0.1127 0.00313147
2 0.564069 0.810098 0.111841 0.113505 0.00289615
0 0.688273 0.68539 0.111659 0.110832 0.00282895
0 0.813142 0.809583 0.112215 0.111609 0.00275875
3 0.687751 0.313813 0.111924 0.112504 0.00275474
4 0.315766 0.437861 0.112124 0.111874 0.00271876
8 0.43977 0.933906 0.110829 0.113222 0.00270677
8 0.564009 0.437387 0.111737 0.112642 0.0026191
3 0.564145 0.685519 0.11191 0.111952 0.00257266
13 0.191208 0.561378 0.112303 0.112544 0.0025133
0 0.936916 0.809276 0.111529 0.112767 0.00248429
12 0.936256 0.313012 0.113403 0.114186 0.00247793
3 0.564057 0.561302 0.112555 0.113099 0.00247398
9 0.687817 0.93367 0.111943 0.112403 0.00244871
12 0.811448 0.0650825 0.111159 0.111776 0.0024384
13 0.0666973 0.313205 0.113809 0.112713 0.0024337
1 0.687592 0.313527 0.111334 0.112094 0.00242699
0 0.688547 0.934032 0.113207 0.112927 0.00238097
5 0.0677378 0.933661 0.113216 0.113553 0.00233026
7 0.811593 0.188634 0.112367 0.113441 0.00224962
4 0.688334 0.809523 0.111788 0.114154 0.00223943
7 0.811575 0.561441 0.111367 0.112961 0.0021674
1 0.563891 0.561215 0.11235 0.113753 0.0021364
13 0.936364 0.933653 0.111175 0.112996 0.00213431
11 0.564214 0.810031 0.111979 0.11344 0.00213159
11 0.191385 0.437665 0.112009 0.11162 0.00210046
6 0.688093 0.0649172 0.111072 0.114011 0.00209473
3 0.688315 0.80978 0.112577 0.11384 0.00205238
12 0.0667793 0.561676 0.112355 0.112282 0.00205209
2 0.191482 0.189088 0.111793 0.111831 0.00205182
10 0.191092 0.0648556 0.112158 0.112803 0.00203461
12 0.191385 0.437665 0.112009 0.11162 0.00203071
10 0.563559 0.436564 0.111285 0.112397 0.00200912
6 0.93627 0.312844 0.113121 0.114011 0.00200035
9 0.81308 0.685811 0.110311 0.110047 0.00199575
8 0.066809 0.31335 0.113767 0.114796 0.00197932
11 0.936304 0.43716 0.110166 0.112906 0.00197586
0 0.563924 0.313619 0.111343 0.111114 0.00196323
1 0.936122 0.188703 0.112738 0.112528 0.0019586
8 0.688325 0.685375 0.113093 0.111667 0.0019569
1 0.563558 0.0643875 0.111705 0.113619 0.00190646
0 0.811774 0.43808 0.110573 0.112504 0.00187017
11 0.5641 0.934348 0.112289 0.113467 0.00184703
9 0.563704 0.189108 0.111045 0.112325 0.00183509
6 0.811669 0.68518 0.112996 0.11159 0.00181344
6 0.812097 0.313558 0.113074 0.111768 0.00179827
1 0.937329 0.561144 0.111488 0.112438 0.00179207
9 0.936418 0.437723 0.113768 0.111998 0.00178381
13 0.0667488 0.437061 0.114009 0.112932 0.0017789
11 0.811622 0.437246 0.110232 0.11209 0.00174427
1 0.439677 0.064401 0.111841 0.113679 0.00174355
13 0.191279 0.437223 0.111989 0.111586 0.00173711
2 0.688323 0.809624 0.112879 0.113113 0.00172641
1 0.439732 0.685221 0.111677 0.112175 0.00170445
2 0.56329 0.93356 0.111325 0.112623 0.00168388
12 0.688273 0.68539 0.111659 0.110832 0.00167209
4 0.811507 0.188946 0.114 0.112681 0.00165924
1 0.31569 0.561147 0.112839 0.113165 0.00163949
3 0.688129 0.0644286 0.111058 0.112609 0.00162876
2 0.688135 0.189478 0.110806 0.111883 0.00160827
11 0.688363 0.93436 0.113076 0.112583 0.00160729
8 0.191208 0.561378 0.112303 0.112544 0.00156261
1 0.440317 0.561329 0.111677 0.11306 0.00156203
0 0.93582 0.438045 0.109818 0.114042 0.00155599
7 0.936499 0.685342 0.112385 0.11168 0.00155511
4 0.440105 0.561512 0.111459 0.11191 0.0015347
6 0.811637 0.933747 0.111646 0.111515 0.00153366
1 0.68827 0.436638 0.109986 0.112632 0.00151009
11 0.0671768 0.561697 0.112911 0.112848 0.00150503
9 0.563215 0.437268 0.111193 0.112078 0.00149891
4 0.936848 0.313269 0.112707 0.11374 0.00149559
5 0.935795 0.188866 0.113626 0.113381 0.00147251
3 0.0663259 0.0650161 0.114047 0.112846 0.0014689
7 0.935927 0.933329 0.111527 0.114226 0.00146335
2 0.191418 0.313344 0.111433 0.112242 0.00144892
4 0.191432 0.685408 0.111884 0.112456 0.00144586
3 0.315766 0.437861 0.112124 0.111874 0.00144492
12 0.688194 0.436785 0.112144 0.11388 0.00142952
12 0.439728 0.437 0.111978 0.112674 0.00141227
4 0.812058 0.933768 0.112923 0.114065 0.00140388
7 0.686896 0.437156 0.11179 0.112618 0.00138994
4 0.686847 0.437549 0.113136 0.11144 0.00138952
10 0.936797 0.313303 0.1133 0.11415 0.00138609
9 0.936069 0.933667 0.111941 0.110954 0.00137247
7 0.936286 0.561535 0.111986 0.113352 0.00137204
4 0.563487 0.189322 0.112437 0.112423 0.00137114
7 0.439584 0.561161 0.11203 0.112304 0.0013586
9 0.0671501 0.436471 0.112753 0.113215 0.00134668
9 0.564187 0.809137 0.111134 0.111998 0.00134649
2 0.688179 0.934421 0.11288 0.113382 0.00132983
12 0.564001 0.313594 0.111079 0.111185 0.00132626
11 0.0675202 0.809363 0.112832 0.113055 0.00132362
1 0.439728 0.437 0.111978 0.112674 0.00131915
5 0.0669 0.436735 0.113815 0.112743 0.00131316
5 0.688169 0.189261 0.112019 0.112149 0.00130907
10 0.191153 0.560965 0.111803 0.112187 0.00130592
7 0.686768 0.0652994 0.110699 0.112338 0.001299
5 0.813104 0.685491 0.111933 0.11008 0.00128701
12 0.936168 0.0646831 0.111955 0.112777 0.00128005
10 0.688334 0.809523 0.111788 0.114154 0.00127632
3 0.563902 0.0653459 0.112134 0.113504 0.00126407
11 0.811467 0.809535 0.112691 0.112791 0.00124623
4 0.811743 0.685337 0.111668 0.112084 0.00124308
8 0.564001 0.313594 0.111079 0.111185 0.0012373
11 0.935952 0.0646556 0.111926 0.113714 0.0012363
5 0.191679 0.313173 0.111849 0.111484 0.00123398
5 0.563604 0.437451 0.112549 0.111892 0.00123285
10 0.0676154 0.313267 0.114564 0.113359 0.00122309
4 0.688115 0.189391 0.112252 0.11344 0.00122065
0 0.315344 0.0647916 0.112481 0.112744 0.00122016
5 0.315566 0.56118 0.111638 0.113122 0.00121942
9 0.0669369 0.933592 0.113175 0.113054 0.001203
7 0.191236 0.933975 0.111225 0.112609 0.00120128
2 0.936736 0.685354 0.11328 0.112932 0.00119194
1 0.315904 0.809492 0.111934 0.112267 0.00119081
10 0.811743 0.933223 0.111803 0.113337 0.00116517
5 0.315695 0.685465 0.111775 0.11173 0.00116336
9 0.81215 0.437757 0.114285 0.112473 0.00115744
9 0.688135 0.189478 0.110806 0.111883 0.00115713
1 0.31565 0.685281 0.112839 0.112066 0.00115505
1 0.812148 0.685613 0.111805 0.112305 0.00114903
5 0.563863 0.18879 0.109965 0.111199 0.0011472
2 0.812009 0.809483 0.111454 0.111951 0.00113409
2 0.315475 0.189119 0.111779 0.111728 0.00113029
12 0.563296 0.189518 0.110721 0.111971 0.00112309
2 0.066675 0.933775 0.114802 0.11357 0.00111549
11 0.191731 0.189099 0.112005 0.112094 0.0011089
10 0.439536 0.189153 0.113133 0.112079 0.00110536
5 0.56356 0.0648015 0.111913 0.112837 0.00110435
12 0.687653 0.188993 0.11156 0.112395 0.00109932
7 0.811649 0.31241 0.113097 0.115218 0.00108021
5 0.686842 0.313643 0.114198 0.111831 0.00107629
6 0.688483 0.561567 0.112674 0.111674 0.00107273
4 0.0668652 0.685388 0.113172 0.112821 0.00107142
2 0.812212 0.313649 0.113093 0.112783 0.00106434
10 0.31513 0.437629 0.112262 0.112426 0.00106039
7 0.0669855 0.809089 0.114017 0.112348 0.00104511
5 0.0662797 0.065461 0.112502 0.111328 0.00103925
7 0.315993 0.189108 0.112482 0.112316 0.00103115
11 0.812192 0.0654134 0.113256 0.113194 0.00102514
0 0.191564 0.18935 0.111156 0.112048 0.00102209
12 0.811854 0.685722 0.111189 0.111603 0.00101075
3 0.315499 0.561477 0.113546 0.112722 0.00101027
3 0.315203 0.68558 0.112127 0.112173 0.00100496
1 0.315069 0.313349 0.112159 0.11227 0.0010028
7 0.191195 0.437959 0.112591 0.112578 0.00100089
