3 0.19188 0.809409 0.111427 0.112523 0.986821
3 0.439126 0.809855 0.11323 0.112406 0.986286
5 0.439233 0.065511 0.110411 0.111729 0.98518
5 0.315786 0.685853 0.110989 0.111762 0.984908
5 0.0673172 0.810065 0.112312 0.112523 0.984873
2 0.315213 0.809752 0.112907 0.11229 0.984785
4 0.191899 0.933653 0.110752 0.111321 0.984658
10 0.563606 0.933782 0.111602 0.112942 0.984445
13 0.315338 0.933851 0.111266 0.112201 0.984327
4 0.0677052 0.685245 0.112286 0.111191 0.984237
5 0.687793 0.934167 0.111561 0.113065 0.98416
0 0.439559 0.933684 0.112369 0.112867 0.984047
9 0.315538 0.188828 0.11196 0.112493 0.983885
1 0.936385 0.809511 0.112493 0.111825 0.983624
7 0.563773 0.0650846 0.111228 0.111992 0.983536
5 0.0674756 0.562003 0.112076 0.111748 0.983354
10 0.439623 0.685461 0.111222 0.111384 0.98322
10 0.935908 0.933952 0.113268 0.112011 0.983115
6 0.0666181 0.313637 0.113629 0.112943 0.983026
10 0.192109 0.561253 0.110918 0.11096 0.982971
3 0.563331 0.685616 0.112435 0.112107 0.982927
6 0.315821 0.437665 0.112216 0.112687 0.982656
13 0.0666518 0.437776 0.112906 0.112175 0.982496
2 0.0670406 0.933855 0.113357 0.11367 0.982363
4 0.439915 0.561213 0.111531 0.111446 0.982361
7 0.81229 0.0651954 0.111901 0.112404 0.982316
13 0.315429 0.561499 0.111283 0.111849 0.982068
8 0.563659 0.809837 0.111893 0.112041 0.981937
13 0.191373 0.685268 0.110824 0.111007 0.981874
10 0.81195 0.934171 0.11286 0.1124 0.981811
10 0.191591 0.18888 0.112631 0.112878 0.98181
9 0.687665 0.0651568 0.111035 0.113146 0.981697
13 0.191104 0.0648673 0.112354 0.111813 0.981687
9 0.688 0.809834 0.112091 0.112933 0.981669
0 0.315344 0.0640586 0.111849 0.11266 0.981425
0 0.811617 0.809182 0.112525 0.112409 0.981378
12 0.935557 0.0651974 0.112628 0.112646 0.981345
11 0.0664394 0.0651108 0.114075 0.113425 0.981339
2 0.0665517 0.189313 0.112585 0.113029 0.980842
12 0.439777 0.188674 0.11207 0.112218 0.980765
2 0.191085 0.313377 0.11266 0.112619 0.980465
8 0.19122 0.437555 0.111726 0.111578 0.980142
13 0.439462 0.313362 0.113111 0.112025 0.979811
9 0.563664 0.561597 0.112321 0.112086 0.979717
12 0.439458 0.437378 0.112113 0.111613 0.979679
6 0.688149 0.561568 0.112201 0.112486 0.979418
8 0.315498 0.313565 0.112453 0.112078 0.979389
10 0.563932 0.4372 0.112111 0.112601 0.979388
4 0.68816 0.436981 0.11261 0.112205 0.979343
13 0.687591 0.685463 0.11186 0.111963 0.979273
9 0.812131 0.561514 0.112261 0.112635 0.978683
4 0.812533 0.312715 0.113045 0.112491 0.978662
1 0.563541 0.18908 0.112125 0.113095 0.978662
1 0.936258 0.561183 0.114229 0.11312 0.978639
4 0.936671 0.436669 0.113941 0.113122 0.978601
10 0.812317 0.685175 0.112275 0.112053 0.97835
8 0.563954 0.313149 0.111594 0.11293 0.978214
7 0.687668 0.189119 0.1118 0.111685 0.978054
2 0.687853 0.313092 0.11187 0.113518 0.97793
2 0.936122 0.6854 0.112966 0.111965 0.977817
7 0.812424 0.437151 0.112201 0.112905 0.977774
8 0.936119 0.188622 0.112812 0.112151 0.977471
7 0.812363 0.188862 0.112137 0.112846 0.977237
11 0.936323 0.312811 0.112824 0.112651 0.97694
12 0.811612 0.189127 0.11144 0.113494 0.00958881
12 0.811608 0.437351 0.111162 0.113198 0.0079313
12 0.811533 0.0649041 0.11121 0.112652 0.00661793
7 0.191719 0.933638 0.112029 0.112199 0.00590836
2 0.563953 0.809853 0.111905 0.111942 0.00520084
3 0.688219 0.0650796 0.112193 0.112758 0.00505394
1 0.440013 0.561365 0.11216 0.111835 0.00499539
1 0.688247 0.436986 0.111705 0.112166 0.00490505
2 0.563868 0.312924 0.111453 0.112775 0.00474351
8 0.688119 0.313368 0.110853 0.113544 0.00470007
2 0.191546 0.436953 0.111604 0.112645 0.00465856
1 0.812305 0.312733 0.112613 0.11312 0.00460248
2 0.315355 0.313143 0.111948 0.11254 0.00440512
4 0.81235 0.685301 0.11041 0.111647 0.00432532
1 0.687569 0.313487 0.111133 0.112396 0.00388441
12 0.0667657 0.436593 0.111674 0.113511 0.00386805
1 0.93641 0.436705 0.113141 0.113249 0.00381442
2 0.935912 0.188925 0.111546 0.112434 0.00363322
12 0.688178 0.064878 0.111491 0.112007 0.00350699
0 0.190885 0.438123 0.111417 0.112893 0.00344563
2 0.688343 0.933451 0.112123 0.114034 0.00343916
0 0.688206 0.80969 0.112123 0.111739 0.003355
7 0.439452 0.561305 0.111845 0.111919 0.00335148
13 0.936568 0.0647705 0.112002 0.113115 0.003317
1 0.0669834 0.685065 0.114343 0.112389 0.00325343
12 0.686797 0.189288 0.110073 0.112684 0.00320782
3 0.563981 0.561526 0.11204 0.112362 0.00294423
10 0.0665971 0.0646796 0.113586 0.112977 0.0029348
12 0.56421 0.561338 0.111843 0.11327 0.00293101
12 0.688206 0.80969 0.112123 0.111739 0.00286998
5 0.936017 0.685482 0.112972 0.114382 0.00285256
10 0.936094 0.312872 0.111862 0.112584 0.002807
12 0.439581 0.313241 0.111364 0.111609 0.00277729
11 0.688324 0.93377 0.112385 0.113439 0.00265516
0 0.936278 0.560887 0.1137 0.112302 0.00264975
12 0.812581 0.561233 0.111891 0.112391 0.00262065
3 0.687625 0.810032 0.110779 0.112292 0.00260684
3 0.811761 0.561785 0.112844 0.112501 0.00254011
1 0.191808 0.933879 0.112112 0.11268 0.00252638
0 0.688178 0.064878 0.111491 0.112007 0.00246816
3 0.315213 0.809752 0.112907 0.11229 0.00240267
1 0.19098 0.313667 0.111425 0.11164 0.00238461
7 0.687774 0.437561 0.111472 0.111859 0.00230062
12 0.191932 0.809438 0.112693 0.112848 0.00227613
5 0.93583 0.313643 0.1133 0.111861 0.00226972
0 0.813077 0.561791 0.112182 0.111722 0.00225889
0 0.563662 0.188595 0.112116 0.113572 0.00221124
12 0.191438 0.684984 0.111695 0.111784 0.00217675
12 0.688127 0.685277 0.111716 0.112088 0.00216252
7 0.81165 0.312098 0.113326 0.114737 0.002153
1 0.936265 0.685285 0.112427 0.113033 0.00213464
4 0.56444 0.0647039 0.110756 0.112835 0.00208785
3 0.688017 0.31285 0.111469 0.112174 0.00208222
6 0.191719 0.933638 0.112029 0.112199 0.00207867
12 0.315383 0.561241 0.111639 0.112057 0.00200231
7 0.0669993 0.436565 0.112492 0.112747 0.00196243
12 0.315664 0.189142 0.111991 0.111801 0.00193683
0 0.93643 0.809338 0.11187 0.111975 0.00192398
6 0.811681 0.436994 0.110878 0.113328 0.00190647
4 0.563977 0.437644 0.110809 0.111838 0.00190387
3 0.936122 0.6854 0.112966 0.111965 0.00186041
6 0.811687 0.188746 0.111725 0.113439 0.00182865
3 0.0665387 0.313513 0.112553 0.112519 0.00179702
5 0.686879 0.313593 0.113511 0.112173 0.00174667
7 0.688157 0.561296 0.111724 0.113114 0.00174066
3 0.0664768 0.933731 0.114787 0.113325 0.00173081
10 0.687762 0.933966 0.111619 0.111793 0.0017105
13 0.811667 0.933394 0.111918 0.112098 0.00169266
7 0.0671074 0.313868 0.113151 0.11286 0.00166232
5 0.191623 0.313509 0.111807 0.11138 0.00163948
1 0.315725 0.809579 0.113344 0.112398 0.0015675
13 0.811615 0.0645839 0.111392 0.112765 0.00156055
13 0.0660795 0.0649328 0.113574 0.111908 0.00155373
7 0.936027 0.43675 0.112116 0.111942 0.00154293
1 0.0667262 0.189306 0.113192 0.112534 0.00152265
0 0.563849 0.31365 0.111259 0.111805 0.0015201
10 0.191438 0.684984 0.111695 0.111784 0.00151924
6 0.811505 0.0648489 0.112579 0.112208 0.00151834
6 0.811568 0.312757 0.114949 0.113139 0.00150315
3 0.68836 0.561397 0.111266 0.1131 0.00147004
4 0.812555 0.933797 0.111259 0.112554 0.00146606
1 0.0669177 0.933703 0.114398 0.113089 0.00146184
7 0.315765 0.43819 0.112249 0.11245 0.00144345
5 0.0666529 0.933596 0.113219 0.112436 0.00141764
7 0.0669834 0.685065 0.114343 0.112389 0.00141275
11 0.811753 0.933171 0.11231 0.111958 0.00139692
13 0.686918 0.189032 0.113159 0.111897 0.00139465
2 0.936404 0.436764 0.112643 0.11269 0.00137411
12 0.315113 0.933631 0.11116 0.111569 0.00137143
3 0.190983 0.313224 0.112254 0.112729 0.00136598
13 0.439825 0.685424 0.111958 0.11172 0.0013581
4 0.563883 0.189371 0.112 0.113329 0.00131823
5 0.811635 0.685548 0.112121 0.112276 0.00131464
4 0.936385 0.809511 0.112493 0.111825 0.00130494
1 0.315344 0.0640586 0.111849 0.11266 0.00130327
7 0.811753 0.933171 0.11231 0.111958 0.00130302
12 0.191662 0.0645635 0.110856 0.111018 0.0012928
4 0.563606 0.933782 0.111602 0.112942 0.00128668
11 0.191152 0.685148 0.111191 0.111308 0.00128158
2 0.439915 0.561213 0.111531 0.111446 0.00127618
12 0.811812 0.685766 0.112407 0.111109 0.00127616
12 0.563809 0.933584 0.111784 0.112146 0.00127174
3 0.0672168 0.560888 0.112812 0.112531 0.00127042
4 0.936278 0.560887 0.1137 0.112302 0.00126646
4 0.812756 0.437928 0.109628 0.112807 0.00126522
2 0.812292 0.313008 0.112192 0.112645 0.00126472
13 0.935409 0.93412 0.11167 0.111204 0.00124479
10 0.439689 0.065004 0.11179 0.112038 0.00124108
2 0.688054 0.809641 0.111528 0.111989 0.00123556
3 0.315821 0.437665 0.112216 0.112687 0.00122917
10 0.936568 0.0647705 0.112002 0.113115 0.00122512
1 0.440017 0.809616 0.112043 0.112254 0.00122472
7 0.439639 0.313596 0.111835 0.112205 0.00122254
13 0.811687 0.188746 0.111725 0.113439 0.00119653
12 0.564119 0.437149 0.11162 0.111703 0.00118881
3 0.0661491 0.189058 0.114608 0.113043 0.00118391
10 0.315403 0.933725 0.111492 0.111823 0.00117945
5 0.0665971 0.0646796 0.113586 0.112977 0.00117304
1 0.811617 0.809182 0.112525 0.112409 0.00115636
12 0.935908 0.933952 0.113268 0.112011 0.00115566
2 0.688247 0.436986 0.111705 0.112166 0.00114975
12 0.315585 0.438216 0.113248 0.112308 0.00114966
12 0.440158 0.685313 0.111274 0.11097 0.00114876
10 0.0666443 0.561278 0.112255 0.111664 0.00112915
4 0.191557 0.561095 0.112046 0.111296 0.0011274
13 0.191313 0.189033 0.112305 0.111943 0.00112648
13 0.811681 0.436994 0.110878 0.113328 0.00111963
11 0.564192 0.809897 0.111626 0.112858 0.00111386
10 0.314935 0.685293 0.111988 0.112212 0.00110164
0 0.315876 0.313712 0.111663 0.112135 0.00108965
12 0.81195 0.934171 0.11286 0.1124 0.00108409
12 0.439592 0.809727 0.112016 0.11256 0.00108284
0 0.31553 0.189184 0.11186 0.111692 0.0010801
0 0.935871 0.18879 0.111172 0.111514 0.00107794
1 0.563855 0.685555 0.112075 0.11239 0.00107671
5 0.813143 0.933056 0.111798 0.11256 0.0010669
0 0.56421 0.561338 0.111843 0.11327 0.00106638
10 0.688172 0.189016 0.111419 0.113321 0.00106484
13 0.439556 0.436635 0.111744 0.113313 0.00105739
6 0.563569 0.189143 0.110952 0.112119 0.00105529
9 0.812137 0.809077 0.111781 0.1128 0.00105009
13 0.811507 0.685546 0.111567 0.111541 0.00101767
7 0.935915 0.933785 0.111739 0.113321 0.00101355
