5 0.315511 0.934034 0.112137 0.114141 0.9871
9 0.439488 0.685284 0.111659 0.111348 0.987071
5 0.563876 0.809447 0.111981 0.113848 0.986663
9 0.936383 0.809791 0.112258 0.110548 0.986542
8 0.439098 0.934147 0.112688 0.11275 0.986377
13 0.563833 0.933879 0.112216 0.113481 0.985655
5 0.191397 0.933819 0.112239 0.114086 0.985487
2 0.687377 0.93397 0.112011 0.112739 0.985455
8 0.687734 0.809755 0.112117 0.11258 0.985413
8 0.439013 0.0652846 0.111811 0.1118 0.984954
2 0.191107 0.685459 0.112641 0.112038 0.984292
10 0.0671761 0.809455 0.112494 0.111329 0.984249
10 0.0670356 0.934023 0.113099 0.11293 0.984248
8 0.315063 0.809715 0.112774 0.111937 0.983936
3 0.812376 0.809523 0.113132 0.112501 0.983824
7 0.31507 0.685253 0.111604 0.11204 0.983745
12 0.0674363 0.685102 0.111759 0.111377 0.983731
9 0.315436 0.313064 0.112521 0.112071 0.983705
3 0.067259 0.437504 0.112219 0.112346 0.983161
3 0.191509 0.437747 0.111071 0.112012 0.983107
9 0.687698 0.0650086 0.111458 0.112833 0.982937
12 0.0672734 0.561524 0.112091 0.111534 0.982878
8 0.935949 0.934272 0.113566 0.113493 0.982733
10 0.0678271 0.0648253 0.113099 0.112197 0.982604
5 0.0671569 0.313599 0.112613 0.112894 0.982243
11 0.315394 0.437039 0.113136 0.112873 0.982198
13 0.563758 0.0652117 0.111892 0.112971 0.982128
4 0.0669877 0.18919 0.112929 0.112118 0.982037
11 0.687426 0.685142 0.111762 0.112068 0.981893
4 0.43953 0.809611 0.112082 0.112071 0.981826
13 0.315645 0.561288 0.112107 0.110684 0.981748
8 0.191296 0.313791 0.111925 0.11239 0.981528
6 0.315878 0.064302 0.111463 0.112787 0.98127
9 0.563768 0.189234 0.111594 0.112867 0.981152
7 0.439543 0.189076 0.114225 0.113046 0.981111
10 0.812479 0.933733 0.111988 0.113078 0.981035
8 0.315293 0.189565 0.112365 0.112452 0.980978
6 0.191791 0.0644798 0.111614 0.112653 0.980946
3 0.439819 0.56154 0.110922 0.111952 0.980839
8 0.191283 0.561326 0.112635 0.112568 0.980773
3 0.439351 0.313502 0.111356 0.112218 0.980661
2 0.191079 0.189084 0.112734 0.112845 0.98065
2 0.935943 0.685682 0.112401 0.111572 0.98057
3 0.439344 0.437573 0.111288 0.111961 0.98023
13 0.191237 0.8092 0.111642 0.111392 0.980218
4 0.564363 0.685206 0.112355 0.112876 0.979958
12 0.563539 0.313933 0.11219 0.111898 0.979612
6 0.688059 0.437207 0.112617 0.112147 0.979196
4 0.812483 0.561231 0.11335 0.112441 0.979027
13 0.687615 0.561714 0.11229 0.112539 0.979024
11 0.687727 0.188518 0.111972 0.113476 0.978997
6 0.812681 0.68563 0.113148 0.112105 0.978991
9 0.811995 0.437108 0.112066 0.112801 0.978969
10 0.936273 0.0647007 0.113578 0.114265 0.978875
2 0.564049 0.561165 0.112358 0.113111 0.978715
5 0.936689 0.436777 0.113098 0.113434 0.978347
6 0.812409 0.0643866 0.112685 0.112559 0.978275
13 0.812006 0.188919 0.112373 0.112957 0.978199
2 0.812238 0.312958 0.112347 0.113468 0.978104
2 0.687599 0.313145 0.111366 0.111437 0.97808
8 0.563786 0.437442 0.111618 0.112721 0.978015
4 0.936722 0.31251 0.113443 0.113018 0.977841
0 0.936095 0.188655 0.113174 0.11212 0.977832
2 0.936316 0.561704 0.111583 0.112282 0.977724
2 0.439294 0.0648741 0.111505 0.112521 0.0123769
12 0.811744 0.188652 0.1117 0.111758 0.00980576
12 0.687798 0.561581 0.111166 0.111513 0.00759985
3 0.687802 0.436705 0.11189 0.112127 0.00604487
12 0.191348 0.809726 0.111933 0.111798 0.00595605
10 0.936047 0.436987 0.111559 0.112205 0.00528967
11 0.563691 0.933659 0.111394 0.11318 0.00516934
4 0.81166 0.6857 0.112895 0.111774 0.00516213
1 0.812335 0.561349 0.113522 0.112843 0.00504834
3 0.687765 0.933486 0.112144 0.113082 0.00497304
8 0.688464 0.933607 0.11184 0.112761 0.00493908
2 0.19159 0.561227 0.110848 0.112381 0.00461465
1 0.0666405 0.189015 0.111693 0.111219 0.00436419
2 0.315374 0.189037 0.111874 0.11166 0.00430814
3 0.811889 0.0641357 0.112165 0.113541 0.00428975
3 0.687719 0.313816 0.112081 0.112789 0.00427506
1 0.936752 0.312841 0.113192 0.113377 0.00427493
3 0.315071 0.0641123 0.111228 0.112661 0.00419203
1 0.56406 0.685264 0.11175 0.111649 0.00366611
7 0.811692 0.685503 0.111075 0.112953 0.0036506
3 0.811913 0.68542 0.113026 0.111793 0.00357435
2 0.315473 0.810025 0.112348 0.112619 0.00354399
3 0.811729 0.313804 0.112272 0.112534 0.00344577
5 0.813131 0.933078 0.111924 0.113313 0.00344349
3 0.190962 0.0644061 0.110483 0.111755 0.00338001
8 0.813054 0.313361 0.11003 0.113721 0.00334702
1 0.43953 0.809611 0.112082 0.112071 0.00308868
0 0.688117 0.0649179 0.109486 0.112106 0.00304407
1 0.688101 0.313113 0.112862 0.113832 0.00291534
1 0.811981 0.313427 0.111838 0.112828 0.00291416
2 0.68801 0.809133 0.111453 0.111585 0.00283033
4 0.81317 0.933491 0.111339 0.115222 0.00281539
8 0.688317 0.684887 0.111679 0.112485 0.00276594
11 0.315915 0.561602 0.111308 0.112119 0.00274793
11 0.688161 0.809957 0.112323 0.113469 0.00273214
12 0.688117 0.0649179 0.109486 0.112106 0.00268227
0 0.56329 0.438152 0.111187 0.113011 0.00262375
0 0.31559 0.313586 0.112099 0.111873 0.00256366
2 0.564138 0.436989 0.111835 0.113589 0.00256047
11 0.81174 0.933192 0.113946 0.113227 0.00245486
5 0.811509 0.313119 0.11364 0.112851 0.00242538
9 0.813076 0.809895 0.110823 0.111173 0.00240802
3 0.564033 0.561521 0.112189 0.112313 0.00239483
5 0.688174 0.188942 0.112295 0.113323 0.00236091
7 0.81317 0.933491 0.111339 0.115222 0.00236058
2 0.813076 0.809895 0.110823 0.111173 0.00229463
12 0.315208 0.56157 0.11169 0.111687 0.00221977
5 0.936149 0.561573 0.113039 0.113694 0.00221576
1 0.564049 0.561165 0.112358 0.113111 0.00216832
1 0.936507 0.561365 0.112434 0.113214 0.00211869
2 0.0666405 0.189015 0.111693 0.111219 0.00211639
9 0.68801 0.809133 0.111453 0.111585 0.00206312
1 0.936196 0.68532 0.112506 0.113052 0.00201951
6 0.811638 0.809745 0.112625 0.112242 0.00201176
2 0.191182 0.313608 0.111948 0.111526 0.00198658
3 0.812674 0.436606 0.111614 0.11192 0.00194711
11 0.44012 0.93428 0.112959 0.113405 0.00192861
12 0.936107 0.810061 0.110646 0.113246 0.00190246
1 0.688195 0.93341 0.113454 0.113136 0.00190138
8 0.688108 0.313264 0.111335 0.113925 0.00185954
8 0.315554 0.43756 0.112313 0.11275 0.00184668
3 0.191107 0.685459 0.112641 0.112038 0.00181597
12 0.812674 0.436606 0.111614 0.11192 0.00180666
13 0.811824 0.933383 0.112644 0.113111 0.00180318
3 0.936231 0.561478 0.112649 0.111966 0.00178188
5 0.688099 0.685305 0.11257 0.111753 0.00177212
11 0.191553 0.809286 0.110949 0.11165 0.00175812
0 0.813089 0.437556 0.110568 0.11121 0.00175603
9 0.439947 0.438025 0.112917 0.11249 0.00174068
9 0.935891 0.934125 0.11114 0.111824 0.00173393
11 0.315705 0.809963 0.112166 0.112967 0.00172749
10 0.688317 0.684887 0.111679 0.112485 0.00172634
11 0.191799 0.561136 0.110732 0.112478 0.00169877
5 0.935947 0.685503 0.113072 0.1141 0.0016763
10 0.688174 0.188942 0.112295 0.113323 0.0016729
1 0.811854 0.809557 0.111946 0.11196 0.00166648
8 0.315704 0.31356 0.111734 0.112049 0.0016591
9 0.812493 0.934004 0.112183 0.112417 0.00162975
5 0.688101 0.313113 0.112862 0.113832 0.00161764
11 0.687891 0.561664 0.112626 0.111842 0.0016159
11 0.935992 0.437038 0.11178 0.111799 0.00157685
4 0.315392 0.685249 0.112045 0.11276 0.00157433
3 0.688157 0.0650274 0.110695 0.112259 0.00155253
9 0.191752 0.438052 0.113039 0.112707 0.00153794
9 0.439525 0.933582 0.111998 0.112651 0.00152691
13 0.936395 0.0647607 0.111737 0.112092 0.0015228
1 0.688169 0.436666 0.109887 0.112568 0.00150805
9 0.936065 0.188953 0.112773 0.113166 0.0015059
7 0.811564 0.0643633 0.111275 0.112907 0.00148959
7 0.0666405 0.189015 0.111693 0.111219 0.00148462
10 0.315278 0.43682 0.111135 0.11101 0.00148414
10 0.81257 0.561679 0.112787 0.113003 0.00146935
4 0.686848 0.437478 0.113054 0.111411 0.00146904
3 0.936107 0.810061 0.110646 0.113246 0.00143296
10 0.191299 0.934087 0.11248 0.112948 0.00142021
12 0.440254 0.438061 0.11227 0.112365 0.00141762
12 0.563887 0.93401 0.111385 0.111846 0.00140755
11 0.0669099 0.808756 0.113043 0.111554 0.00140575
7 0.688142 0.436823 0.111615 0.113973 0.00139581
10 0.315261 0.934221 0.111899 0.112438 0.00139197
7 0.81245 0.56143 0.112578 0.112164 0.0013694
1 0.191104 0.188838 0.112358 0.112827 0.00135132
1 0.19118 0.68507 0.112973 0.112095 0.001288
9 0.688066 0.561297 0.111705 0.112356 0.00128039
11 0.936254 0.933767 0.113145 0.11308 0.00126865
2 0.191898 0.438085 0.111673 0.11232 0.0012469
3 0.190781 0.189128 0.112255 0.112366 0.00124418
9 0.315278 0.43682 0.111135 0.11101 0.00123632
9 0.0676351 0.437994 0.114001 0.113161 0.00123086
0 0.191495 0.313861 0.110897 0.112496 0.00123082
8 0.811468 0.437385 0.110684 0.112568 0.00119901
2 0.439924 0.93433 0.113034 0.114029 0.00117322
10 0.439555 0.18903 0.113362 0.112448 0.00117032
5 0.191295 0.685279 0.111611 0.111743 0.00116823
2 0.936546 0.809794 0.111096 0.111729 0.00115884
11 0.563571 0.437466 0.112323 0.112797 0.00115833
6 0.191898 0.438085 0.111673 0.11232 0.00115666
3 0.936048 0.685422 0.111291 0.113857 0.00115596
11 0.811435 0.437251 0.111803 0.113105 0.00115495
9 0.936344 0.0646696 0.11287 0.113146 0.00115287
2 0.936705 0.313228 0.113021 0.113204 0.00114785
1 0.43959 0.561411 0.112089 0.11233 0.00113609
9 0.0671085 0.0647119 0.113351 0.112477 0.00112973
12 0.191898 0.438085 0.111673 0.11232 0.00112708
11 0.439188 0.0650539 0.112424 0.112235 0.0011264
12 0.688142 0.436823 0.111615 0.113973 0.00112397
7 0.936597 0.31302 0.113201 0.112207 0.00110735
6 0.936597 0.31302 0.113201 0.112207 0.00109731
2 0.936236 0.934198 0.111808 0.112748 0.00109577
12 0.315704 0.31356 0.111734 0.112049 0.00107767
6 0.811607 0.561382 0.114442 0.113521 0.00107313
9 0.0670107 0.9337 0.113423 0.113481 0.00106968
2 0.0678174 0.438028 0.112729 0.11308 0.00106471
2 0.440254 0.438061 0.11227 0.112365 0.00106307
9 0.0672243 0.809222 0.112939 0.111491 0.00106271
1 0.191478 0.43811 0.110958 0.111398 0.00105896
8 0.688117 0.0649179 0.109486 0.112106 0.00105424
11 0.8119 0.189548 0.11336 0.113173 0.00105269
6 0.439947 0.438025 0.112917 0.11249 0.0010492
11 0.191182 0.313608 0.111948 0.111526 0.00104668
12 0.43962 0.56137 0.111002 0.111665 0.00104209
5 0.439751 0.809559 0.112395 0.112191 0.00103999
0 0.563841 0.189235 0.111144 0.111357 0.00103883
2 0.81257 0.561679 0.112787 0.113003 0.00103634
1 0.439782 0.313216 0.111432 0.112132 0.00102642
10 0.564056 0.809386 0.112305 0.113812 0.00102043
10 0.563691 0.933659 0.111394 0.11318 0.00101829
10 0.0673079 0.313478 0.113059 0.114068 0.00101755
8 0.936231 0.561478 0.112649 0.111966 0.0010069
11 0.0665718 0.313464 0.113256 0.112958 0.0010069
7 0.686869 0.561217 0.111698 0.111268 0.00100354
