2 0.563533 0.933873 0.111843 0.112898 0.986166
9 0.439825 0.809399 0.110513 0.112009 0.985638
5 0.439039 0.0654686 0.110567 0.111833 0.985251
6 0.192027 0.933713 0.112504 0.112696 0.985164
12 0.316218 0.933815 0.110836 0.112312 0.985113
0 0.935971 0.933257 0.11328 0.111872 0.984831
12 0.191997 0.685225 0.111126 0.111107 0.984399
7 0.31544 0.562014 0.112225 0.112342 0.984188
13 0.812163 0.933721 0.111794 0.111787 0.983974
7 0.314751 0.0650665 0.112139 0.111824 0.983918
4 0.439673 0.685536 0.112211 0.111667 0.983912
5 0.812186 0.809967 0.112246 0.111793 0.98382
6 0.0673305 0.809419 0.113508 0.112719 0.983656
5 0.935834 0.0655135 0.112247 0.11151 0.98352
3 0.563502 0.685701 0.112768 0.112274 0.983446
7 0.688475 0.933692 0.111781 0.112861 0.98333
0 0.439973 0.933916 0.113013 0.113166 0.983154
12 0.191157 0.0647049 0.111197 0.112059 0.983095
13 0.0668122 0.437612 0.112801 0.111638 0.982933
13 0.191121 0.437729 0.111653 0.111515 0.982812
10 0.192128 0.809265 0.111541 0.111338 0.982729
6 0.191169 0.31302 0.111882 0.113198 0.982724
12 0.0675213 0.5615 0.112166 0.111608 0.982678
1 0.0670869 0.685657 0.112764 0.112047 0.982545
4 0.936459 0.80977 0.113185 0.111568 0.982464
6 0.066728 0.0646097 0.112632 0.113489 0.982454
5 0.811974 0.0657313 0.111513 0.111412 0.98224
11 0.315423 0.68535 0.11092 0.111007 0.982148
1 0.191482 0.561517 0.11176 0.112365 0.982131
11 0.563349 0.0654056 0.111543 0.112356 0.982093
13 0.315157 0.313525 0.114081 0.111838 0.98183
4 0.687929 0.809796 0.111357 0.111621 0.981546
13 0.066695 0.313796 0.11271 0.112029 0.981427
11 0.315464 0.437097 0.112835 0.11238 0.981201
0 0.564032 0.809523 0.111963 0.112841 0.980844
10 0.0678433 0.188974 0.11281 0.111073 0.980839
12 0.315135 0.189084 0.113144 0.111149 0.980599
7 0.439404 0.561451 0.112546 0.111823 0.980338
1 0.0667639 0.93401 0.11296 0.113384 0.980216
6 0.439491 0.313173 0.113465 0.113119 0.980157
12 0.688063 0.0650942 0.110392 0.112272 0.979895
0 0.191048 0.188892 0.112986 0.112636 0.979815
12 0.439497 0.437545 0.11201 0.111368 0.979392
6 0.812057 0.685687 0.112837 0.112562 0.979308
5 0.563582 0.313016 0.112018 0.112693 0.979276
13 0.439193 0.18907 0.111142 0.111241 0.979157
6 0.812693 0.561584 0.113142 0.112484 0.978908
12 0.563615 0.188725 0.11219 0.112748 0.978875
13 0.687764 0.561602 0.112099 0.112338 0.978821
10 0.688028 0.312816 0.112028 0.112761 0.978762
0 0.315723 0.809406 0.112878 0.113453 0.978756
13 0.936206 0.685515 0.112803 0.112406 0.978723
0 0.936038 0.437023 0.113249 0.112992 0.978455
13 0.936484 0.56164 0.112796 0.112063 0.978435
10 0.812643 0.436903 0.11217 0.112478 0.978367
11 0.812073 0.312824 0.112672 0.113161 0.978357
6 0.935772 0.188753 0.111631 0.111617 0.978125
7 0.687819 0.437621 0.11226 0.111435 0.978118
2 0.687519 0.685579 0.110551 0.111881 0.978117
5 0.812234 0.188675 0.11267 0.112562 0.97805
12 0.936272 0.312682 0.112458 0.111704 0.977923
8 0.564041 0.437364 0.111671 0.112773 0.977916
8 0.564077 0.561653 0.112094 0.112814 0.977765
7 0.687757 0.189261 0.111549 0.112314 0.97762
4 0.68793 0.313678 0.110674 0.112114 0.0179704
2 0.563858 0.561334 0.112102 0.112202 0.012947
2 0.563844 0.437078 0.111652 0.112516 0.01275
3 0.812878 0.685076 0.112106 0.113139 0.00642346
3 0.0673305 0.809419 0.113508 0.112719 0.00517676
4 0.812645 0.437683 0.110435 0.11245 0.00496032
12 0.0672383 0.436509 0.111928 0.113272 0.00435756
10 0.811529 0.312861 0.111137 0.112453 0.00405325
3 0.192027 0.933713 0.112504 0.112696 0.0040405
12 0.688168 0.561504 0.111557 0.112193 0.00399064
1 0.439673 0.685536 0.112211 0.111667 0.00373804
3 0.812895 0.561545 0.112775 0.113704 0.00361394
10 0.936015 0.684959 0.11079 0.111802 0.00327435
10 0.81192 0.933407 0.110306 0.111964 0.00314395
7 0.812496 0.561175 0.113734 0.112504 0.00309002
12 0.439526 0.188861 0.112143 0.112427 0.00304302
12 0.811504 0.933054 0.110226 0.109445 0.0028397
6 0.315278 0.188649 0.111734 0.111799 0.00279141
0 0.56348 0.438093 0.110965 0.112636 0.00276289
1 0.687925 0.809883 0.112564 0.111674 0.00259205
4 0.191628 0.809177 0.112116 0.111658 0.0025605
5 0.316263 0.437923 0.114047 0.111811 0.0024796
10 0.315499 0.436804 0.111164 0.111107 0.00247492
12 0.686805 0.189314 0.109253 0.112028 0.00246556
5 0.811933 0.313787 0.112916 0.112333 0.0024628
5 0.563644 0.0645557 0.111008 0.113255 0.0024581
4 0.0668059 0.189037 0.112879 0.110782 0.00242091
12 0.68862 0.436561 0.110434 0.111262 0.00239973
3 0.439757 0.313424 0.111366 0.113436 0.0023901
7 0.067483 0.436484 0.112444 0.112999 0.00236228
1 0.936643 0.809336 0.11141 0.111076 0.00228613
3 0.688182 0.685304 0.111663 0.111654 0.00228272
7 0.066778 0.809181 0.11346 0.112672 0.00227704
7 0.439425 0.685451 0.111959 0.112479 0.00224604
1 0.315646 0.809425 0.112492 0.113233 0.00216996
7 0.93574 0.189161 0.112778 0.113158 0.00216957
3 0.936043 0.188874 0.11254 0.11376 0.0021489
1 0.191215 0.188274 0.112606 0.112574 0.00208896
7 0.687833 0.809552 0.111895 0.112143 0.0020811
10 0.563644 0.0645557 0.111008 0.113255 0.00206042
11 0.93644 0.685443 0.112712 0.111719 0.00201938
10 0.936028 0.0650705 0.110847 0.111393 0.00200313
2 0.813117 0.809547 0.113806 0.114754 0.00198497
12 0.191506 0.437523 0.110839 0.111046 0.00198363
7 0.688198 0.561623 0.111604 0.112323 0.00197861
1 0.564203 0.933355 0.112974 0.113515 0.00193824
4 0.687947 0.933363 0.11249 0.11339 0.00190431
1 0.688272 0.685722 0.112026 0.112529 0.00188562
7 0.81234 0.685729 0.113698 0.112847 0.00188093
3 0.191213 0.313214 0.110663 0.112735 0.00187771
12 0.936086 0.561585 0.111479 0.112485 0.00183444
6 0.688503 0.437978 0.109789 0.112648 0.00182605
8 0.688292 0.685716 0.111179 0.111743 0.00177616
4 0.688503 0.437978 0.109789 0.112648 0.00170992
2 0.936643 0.809336 0.11141 0.111076 0.00170449
5 0.81181 0.43748 0.112006 0.11212 0.00169749
10 0.315638 0.685281 0.111915 0.111997 0.00166917
6 0.439425 0.685451 0.111959 0.112479 0.00166261
11 0.811452 0.0649679 0.113184 0.111477 0.00160571
7 0.066695 0.313796 0.11271 0.112029 0.00154034
12 0.936072 0.685603 0.111236 0.112301 0.00152148
7 0.688208 0.313433 0.111845 0.113645 0.00151532
7 0.936012 0.809549 0.111624 0.112157 0.00151318
5 0.688166 0.313328 0.112325 0.11316 0.0014886
7 0.191467 0.313634 0.112001 0.113155 0.00143684
6 0.191157 0.0647049 0.111197 0.112059 0.00143487
5 0.688272 0.685722 0.112026 0.112529 0.00141194
5 0.315523 0.685529 0.111969 0.112168 0.00141151
12 0.812316 0.43721 0.112242 0.112358 0.00140846
6 0.0675213 0.5615 0.112166 0.111608 0.00140563
3 0.066425 0.0649507 0.112868 0.112936 0.00139684
2 0.688125 0.809181 0.111156 0.111501 0.00138555
7 0.686693 0.0654729 0.109505 0.110786 0.00137383
1 0.564232 0.809505 0.111667 0.112647 0.00137154
3 0.688154 0.0643881 0.110421 0.111701 0.00136406
12 0.439984 0.809921 0.112921 0.112687 0.00136209
3 0.563772 0.933547 0.111273 0.112921 0.00136045
0 0.0669041 0.685246 0.113074 0.11241 0.00135952
0 0.0667735 0.933822 0.113926 0.113781 0.0013549
2 0.81304 0.189151 0.113694 0.113996 0.00134914
9 0.811432 0.312729 0.111877 0.111748 0.00133082
9 0.936055 0.933626 0.111712 0.112249 0.00129876
7 0.066425 0.0649507 0.112868 0.112936 0.00129265
11 0.563727 0.561693 0.112539 0.111524 0.0012868
10 0.936643 0.809336 0.11141 0.111076 0.00127941
11 0.5637 0.437418 0.112377 0.112724 0.0012686
3 0.439508 0.809874 0.111439 0.111979 0.00126299
4 0.563849 0.31336 0.111944 0.11229 0.00125598
11 0.812163 0.933721 0.111794 0.111787 0.0012465
12 0.688158 0.313058 0.111415 0.112491 0.0012448
13 0.439618 0.4367 0.111113 0.112956 0.00123664
7 0.191739 0.933819 0.112914 0.11342 0.00121126
0 0.191385 0.561139 0.112124 0.112748 0.00120554
7 0.0676036 0.189187 0.112409 0.111403 0.00120437
5 0.191653 0.809278 0.112 0.111682 0.00119478
11 0.0663088 0.436838 0.114271 0.111722 0.00118813
3 0.813117 0.809547 0.113806 0.114754 0.00118176
2 0.563565 0.313497 0.112805 0.112512 0.00117981
7 0.811709 0.436821 0.111743 0.112827 0.00117295
11 0.936659 0.561333 0.112812 0.111867 0.00117205
11 0.811516 0.809779 0.113816 0.111611 0.00116661
0 0.687869 0.0644342 0.110936 0.112319 0.0011526
13 0.687844 0.312966 0.111516 0.111518 0.00114459
4 0.688318 0.188507 0.111842 0.112467 0.00113971
9 0.315499 0.436804 0.111164 0.111107 0.00113423
7 0.936097 0.312645 0.110388 0.113415 0.00112563
2 0.439918 0.685414 0.111657 0.111164 0.00112233
3 0.81152 0.189123 0.113053 0.111671 0.00111695
10 0.688027 0.437902 0.110053 0.111837 0.00110635
4 0.315745 0.0647248 0.111753 0.112723 0.00110527
10 0.0663088 0.436838 0.114271 0.111722 0.00109775
13 0.686693 0.0654729 0.109505 0.110786 0.00109687
10 0.688729 0.933176 0.114024 0.112919 0.00108432
10 0.439597 0.0651083 0.111442 0.111694 0.00107575
4 0.191482 0.561517 0.11176 0.112365 0.00105729
2 0.811434 0.0648583 0.113301 0.111879 0.00105673
3 0.563849 0.31336 0.111944 0.11229 0.00105185
13 0.93627 0.313328 0.110197 0.111704 0.00103884
7 0.439904 0.313651 0.112589 0.112775 0.00103867
10 0.688181 0.188959 0.11239 0.113057 0.0010384
2 0.440174 0.809579 0.111634 0.112139 0.00103126
1 0.564018 0.685617 0.112111 0.112389 0.00102988
13 0.191436 0.809525 0.111794 0.111491 0.00102749
6 0.191997 0.685225 0.111126 0.111107 0.00101247
5 0.936498 0.809484 0.112513 0.11153 0.00100793
12 0.31483 0.313502 0.111117 0.111493 0.00100351
12 0.563594 0.685668 0.111626 0.112156 0.00100153
12 0.811621 0.561401 0.112141 0.113291 0.0010003
