3 0.314655 0.809661 0.113549 0.112987 0.986961
3 0.4393 0.80973 0.112932 0.113024 0.986365
5 0.315303 0.933861 0.111061 0.113239 0.986282
3 0.314349 0.0649616 0.113108 0.113059 0.986097
9 0.564007 0.685239 0.111175 0.112571 0.985651
3 0.190785 0.934083 0.113141 0.113152 0.985547
5 0.936011 0.933914 0.112529 0.113192 0.98548
2 0.56359 0.933743 0.112543 0.113635 0.985321
9 0.812361 0.933654 0.111737 0.113675 0.984827
8 0.191107 0.685564 0.111944 0.111775 0.984476
8 0.0666152 0.437613 0.11327 0.111998 0.984312
7 0.191424 0.0649544 0.112136 0.113186 0.984231
5 0.0671045 0.561765 0.112745 0.113668 0.983227
0 0.439927 0.934007 0.112738 0.113271 0.983107
9 0.936092 0.0653753 0.112316 0.113359 0.983039
4 0.315358 0.560917 0.11298 0.112812 0.982987
3 0.315416 0.189242 0.111688 0.113186 0.982976
6 0.191514 0.18911 0.112695 0.113247 0.982908
5 0.315685 0.437692 0.110881 0.112458 0.982848
8 0.439274 0.065023 0.111458 0.111971 0.982732
5 0.191698 0.313492 0.110405 0.112241 0.98272
8 0.191303 0.809512 0.112389 0.112597 0.98269
1 0.315241 0.685279 0.112115 0.112239 0.982656
11 0.0669586 0.189055 0.112933 0.112186 0.982397
8 0.0664609 0.0649586 0.113827 0.113879 0.982263
0 0.688371 0.933532 0.112366 0.11301 0.982119
10 0.0676278 0.809639 0.113987 0.113642 0.981466
9 0.812472 0.685306 0.11188 0.113729 0.981409
1 0.066724 0.934041 0.112745 0.113416 0.98139
0 0.19143 0.437147 0.11216 0.112301 0.981309
4 0.0676196 0.313342 0.113645 0.114755 0.981242
7 0.439936 0.561442 0.112224 0.11307 0.981125
12 0.190926 0.561272 0.112388 0.111846 0.980642
12 0.688475 0.810054 0.111401 0.113689 0.980558
2 0.936433 0.809466 0.112122 0.111732 0.980212
8 0.81233 0.809871 0.11236 0.113033 0.980203
13 0.936006 0.685281 0.113776 0.114148 0.980095
5 0.563555 0.313245 0.111837 0.11377 0.979759
12 0.0670885 0.685539 0.113418 0.111774 0.979691
6 0.688157 0.685417 0.11271 0.114065 0.979437
10 0.563884 0.437238 0.112492 0.114331 0.979351
8 0.315058 0.313653 0.112869 0.11273 0.979331
10 0.688066 0.1886 0.113037 0.114782 0.979281
6 0.687593 0.0651048 0.111621 0.113499 0.97894
0 0.43909 0.6852 0.111821 0.112146 0.978875
4 0.812522 0.31266 0.114084 0.114918 0.97885
3 0.687814 0.437647 0.111449 0.112187 0.978844
12 0.43991 0.436938 0.112707 0.11354 0.97874
4 0.812551 0.437055 0.113152 0.113978 0.978672
1 0.439078 0.312988 0.112379 0.11312 0.978657
1 0.563454 0.188726 0.112172 0.113209 0.978577
0 0.563637 0.561278 0.11197 0.113415 0.978474
1 0.812206 0.188571 0.112426 0.112632 0.978399
7 0.687911 0.313337 0.11229 0.113873 0.978308
5 0.936565 0.561449 0.112381 0.112342 0.978148
8 0.563998 0.809744 0.111977 0.112616 0.978117
10 0.812574 0.561259 0.112695 0.113888 0.978113
0 0.563591 0.0648925 0.111673 0.112911 0.97803
12 0.81207 0.0646267 0.11219 0.112599 0.977968
3 0.936637 0.436734 0.113404 0.114674 0.977757
8 0.439624 0.189208 0.112148 0.112607 0.977738
2 0.687815 0.561293 0.111711 0.111794 0.977645
3 0.936462 0.188598 0.112774 0.113299 0.977407
8 0.936473 0.31324 0.110881 0.111381 0.976863
6 0.688065 0.80932 0.111153 0.11154 0.0869358
6 0.0670257 0.685589 0.112037 0.111449 0.0224257
2 0.191169 0.809365 0.112211 0.111493 0.0172792
6 0.191358 0.561353 0.111373 0.112423 0.013702
2 0.937015 0.312509 0.111654 0.109721 0.013637
2 0.439558 0.188383 0.111901 0.112743 0.0114868
6 0.439653 0.437576 0.112842 0.113453 0.0100589
6 0.811317 0.0652838 0.112543 0.113498 0.00942527
2 0.813048 0.80974 0.111106 0.111572 0.00811155
2 0.191119 0.685263 0.111722 0.110956 0.0071806
2 0.0661634 0.0650786 0.11433 0.112099 0.0070499
2 0.0662038 0.436789 0.114672 0.110402 0.00543288
0 0.813071 0.685632 0.110352 0.113884 0.004432
1 0.812394 0.437098 0.113008 0.113898 0.0042412
8 0.813087 0.933395 0.110728 0.112795 0.00409915
1 0.812362 0.312777 0.113495 0.114835 0.00405043
2 0.564176 0.8103 0.111409 0.113483 0.00392443
0 0.813087 0.933395 0.110728 0.112795 0.00382372
11 0.936818 0.561075 0.112048 0.110556 0.00364129
12 0.935858 0.189069 0.111401 0.111749 0.00359863
7 0.0667144 0.313613 0.113641 0.113444 0.00349451
0 0.0668228 0.438116 0.112255 0.112432 0.00333657
8 0.688145 0.561318 0.11006 0.112218 0.003265
2 0.3151 0.313727 0.112246 0.112085 0.00313627
4 0.812278 0.561309 0.113072 0.113577 0.00307361
12 0.686804 0.313367 0.10893 0.112068 0.00298589
7 0.811708 0.436549 0.112211 0.115226 0.00292395
11 0.314968 0.436486 0.110342 0.109937 0.00287895
7 0.811441 0.064539 0.110066 0.112072 0.00286045
10 0.935874 0.933219 0.112219 0.112329 0.00281738
7 0.811739 0.312037 0.113937 0.116644 0.00276778
2 0.439436 0.0643878 0.111042 0.112999 0.00276666
1 0.315784 0.561433 0.113814 0.113933 0.00269142
12 0.19164 0.933543 0.111853 0.112125 0.00267622
12 0.813071 0.685632 0.110352 0.113884 0.00263556
3 0.191036 0.189194 0.111963 0.113002 0.0025302
1 0.688128 0.561246 0.112449 0.112585 0.00251492
11 0.936199 0.312851 0.110521 0.11362 0.00246708
11 0.56437 0.810225 0.1117 0.113551 0.00245843
10 0.191307 0.313239 0.111368 0.111783 0.00243822
1 0.936434 0.80957 0.111856 0.111757 0.00236237
1 0.0673462 0.313471 0.11382 0.113864 0.00233864
3 0.812472 0.685306 0.11188 0.113729 0.00233223
4 0.688184 0.189175 0.113564 0.115523 0.002301
0 0.812649 0.187793 0.111779 0.112008 0.00225605
12 0.936123 0.437152 0.111601 0.114573 0.00215639
3 0.688553 0.684864 0.112208 0.112691 0.00209532
3 0.687593 0.0651048 0.111621 0.113499 0.00207526
5 0.686828 0.561393 0.114505 0.110284 0.00204469
8 0.8117 0.685449 0.111726 0.113052 0.00202665
5 0.811654 0.561195 0.112137 0.112589 0.00201772
4 0.563675 0.437632 0.111405 0.113215 0.00199552
4 0.439386 0.313375 0.112288 0.112729 0.00199381
2 0.688194 0.437664 0.111334 0.112207 0.00196273
12 0.563928 0.685192 0.111794 0.112124 0.00194511
6 0.688234 0.438018 0.112747 0.113332 0.00193797
1 0.688129 0.0649716 0.11008 0.111815 0.00193489
4 0.563858 0.189028 0.111986 0.113082 0.00192496
11 0.19173 0.685379 0.111712 0.113194 0.00190341
10 0.315033 0.934157 0.111651 0.112285 0.001859
1 0.564145 0.933456 0.112719 0.113486 0.0018462
0 0.563673 0.188396 0.111986 0.11315 0.00180604
5 0.935967 0.809835 0.112844 0.112744 0.00177218
12 0.935943 0.685674 0.111588 0.112858 0.00176569
1 0.563666 0.0639035 0.111323 0.112982 0.00176147
1 0.563805 0.560868 0.112186 0.112782 0.00174688
12 0.564023 0.437465 0.112481 0.112777 0.00170863
11 0.811571 0.809699 0.111155 0.111354 0.00170542
4 0.315264 0.685184 0.112251 0.112484 0.00169762
12 0.688578 0.43805 0.112807 0.113502 0.00168454
10 0.935967 0.685062 0.111145 0.112097 0.00167872
7 0.43977 0.437309 0.11185 0.111882 0.00164067
5 0.688147 0.189032 0.11399 0.115048 0.00163662
8 0.563989 0.933422 0.111823 0.112606 0.00163472
11 0.191372 0.80938 0.112352 0.112108 0.00162051
13 0.687577 0.188524 0.112185 0.112164 0.00161712
7 0.688385 0.685048 0.113558 0.114002 0.00160416
12 0.688118 0.189258 0.11314 0.11337 0.00159775
0 0.936255 0.313346 0.111213 0.112605 0.00156676
4 0.811995 0.188945 0.111984 0.112262 0.00156381
3 0.564007 0.685239 0.111175 0.112571 0.00155455
12 0.43991 0.56106 0.111263 0.113547 0.0015416
8 0.439373 0.93422 0.111804 0.111684 0.00153356
12 0.812325 0.561407 0.113331 0.113215 0.0015038
11 0.0668732 0.560849 0.112219 0.11307 0.00148488
7 0.81173 0.560796 0.112122 0.113912 0.00147926
10 0.936134 0.561403 0.110764 0.111711 0.00145331
11 0.0662038 0.436789 0.114672 0.110402 0.00144142
1 0.439957 0.809705 0.112338 0.112703 0.00142412
8 0.936072 0.0650861 0.111571 0.113372 0.00142019
7 0.688184 0.189175 0.113564 0.115523 0.00141936
6 0.686849 0.313292 0.112153 0.111382 0.00138597
7 0.687673 0.065185 0.112433 0.113146 0.00137938
12 0.31482 0.189177 0.111607 0.11261 0.00135401
4 0.688163 0.437409 0.11244 0.11378 0.00135153
5 0.563814 0.933475 0.111896 0.11174 0.00133449
0 0.439413 0.313343 0.111398 0.112986 0.00132612
11 0.563533 0.313405 0.112279 0.113286 0.00132485
5 0.0664593 0.189421 0.113514 0.113014 0.0013222
3 0.936623 0.809514 0.111457 0.11038 0.00130604
12 0.936364 0.0648935 0.112267 0.11258 0.00128342
2 0.812362 0.312777 0.113495 0.114835 0.00128341
3 0.688268 0.561474 0.111117 0.110863 0.00128325
6 0.439892 0.561011 0.111789 0.112316 0.00127418
4 0.688065 0.80932 0.111153 0.11154 0.00126575
10 0.314853 0.437479 0.111542 0.111765 0.00125815
1 0.688406 0.685162 0.112249 0.114993 0.00125508
6 0.811656 0.312701 0.115786 0.114647 0.00124349
4 0.191327 0.31332 0.111273 0.111514 0.00124193
5 0.066469 0.31347 0.113076 0.113439 0.00121975
4 0.191138 0.064966 0.112093 0.112136 0.00121809
13 0.811756 0.561213 0.11132 0.111843 0.00121701
0 0.315475 0.313607 0.111871 0.111952 0.00121224
10 0.563558 0.313493 0.113013 0.112602 0.00119258
9 0.936131 0.437082 0.111797 0.114937 0.00119032
13 0.686916 0.312932 0.111268 0.111245 0.00118297
12 0.439352 0.809707 0.111987 0.112789 0.00117681
11 0.191329 0.313197 0.111145 0.111473 0.0011696
6 0.811665 0.437025 0.113498 0.11456 0.00116956
12 0.812476 0.933604 0.112279 0.110932 0.00115781
13 0.0671854 0.809182 0.112587 0.112824 0.00115515
1 0.439548 0.685069 0.112126 0.11253 0.00115495
5 0.0671854 0.809182 0.112587 0.112824 0.00113701
2 0.812394 0.437098 0.113008 0.113898 0.00111847
0 0.0673735 0.0648121 0.11251 0.113229 0.0011133
1 0.314906 0.809494 0.112224 0.112246 0.00110573
4 0.687988 0.313878 0.113145 0.113216 0.00110318
4 0.439936 0.561442 0.112224 0.11307 0.00109497
10 0.0661641 0.561738 0.112972 0.112912 0.00109329
12 0.0674781 0.809542 0.11298 0.112349 0.00109045
4 0.0667113 0.933941 0.113773 0.113778 0.00108809
3 0.688341 0.809886 0.112411 0.112592 0.00107096
11 0.315164 0.933688 0.112039 0.112167 0.00105398
0 0.936589 0.0654773 0.112365 0.113531 0.00105218
1 0.191151 0.436678 0.110388 0.112401 0.00103528
11 0.315058 0.313653 0.112869 0.11273 0.00103045
4 0.936178 0.437144 0.111765 0.11248 0.00102298
5 0.811559 0.312965 0.113077 0.113284 0.00102222
7 0.0671129 0.685515 0.113287 0.112719 0.00101177
4 0.935858 0.189069 0.111401 0.111749 0.00101064
11 0.0664609 0.0649586 0.113827 0.113879 0.00100916
