7 0.439683 0.934039 0.111895 0.112261 0.987326
3 0.563383 0.809676 0.112151 0.11313 0.987088
3 0.067275 0.685662 0.11246 0.112905 0.986685
3 0.3152 0.685461 0.111774 0.112134 0.985867
9 0.935324 0.933829 0.113288 0.113565 0.985528
8 0.687881 0.934338 0.112261 0.113231 0.984955
1 0.31557 0.933491 0.111446 0.111852 0.984695
10 0.439728 0.809287 0.11191 0.112993 0.984532
12 0.066981 0.934167 0.111703 0.113347 0.984481
4 0.563773 0.934191 0.111115 0.113614 0.984403
7 0.0671326 0.313603 0.112212 0.111105 0.984343
5 0.0673356 0.561879 0.112648 0.112879 0.984046
12 0.811206 0.93398 0.11183 0.112823 0.983918
7 0.191511 0.0651999 0.111505 0.111594 0.983541
4 0.315471 0.313017 0.112656 0.112374 0.983446
5 0.314798 0.065614 0.110738 0.111447 0.983434
6 0.315683 0.561414 0.111919 0.11211 0.98325
0 0.31564 0.809459 0.111637 0.111813 0.982989
1 0.191406 0.809647 0.110749 0.111194 0.982824
10 0.315231 0.188684 0.112563 0.111843 0.982571
1 0.191407 0.5613 0.111745 0.112473 0.982301
2 0.315892 0.437239 0.110791 0.112086 0.981839
11 0.562873 0.0655795 0.11137 0.112629 0.981645
10 0.191559 0.188719 0.113199 0.111955 0.981354
0 0.812133 0.809237 0.112586 0.112547 0.981294
1 0.687821 0.809548 0.112147 0.113363 0.981249
2 0.0678302 0.437261 0.111688 0.112131 0.981232
1 0.191063 0.313412 0.112005 0.112133 0.981193
6 0.439461 0.313029 0.112762 0.111379 0.981128
1 0.439223 0.0651152 0.11151 0.11277 0.980992
10 0.191077 0.684746 0.112561 0.112053 0.980949
1 0.0668898 0.189225 0.112471 0.112601 0.980947
0 0.191232 0.437423 0.112316 0.111967 0.980945
0 0.0670523 0.809429 0.112962 0.11193 0.980311
0 0.439457 0.684984 0.111896 0.11248 0.980226
12 0.935673 0.0650111 0.112935 0.112949 0.980183
0 0.0672748 0.0639948 0.113829 0.113072 0.980087
4 0.563541 0.312744 0.112278 0.11325 0.979967
8 0.68801 0.0652649 0.11146 0.112615 0.979918
7 0.936587 0.809624 0.112452 0.11254 0.979696
9 0.687467 0.189098 0.111556 0.112424 0.979473
7 0.563578 0.685698 0.111964 0.111926 0.979462
10 0.563807 0.56073 0.112325 0.113685 0.979405
6 0.687803 0.56155 0.111981 0.111673 0.979372
12 0.563822 0.437047 0.111759 0.112558 0.979343
1 0.439434 0.561224 0.112697 0.11333 0.979338
0 0.191696 0.933088 0.111321 0.112435 0.979321
12 0.440035 0.18873 0.112604 0.112221 0.979284
0 0.439242 0.437294 0.111572 0.111773 0.979082
12 0.812051 0.188549 0.112322 0.112126 0.979002
12 0.812105 0.312842 0.112399 0.112113 0.978995
1 0.811989 0.43699 0.112943 0.112675 0.978949
1 0.563538 0.189046 0.112041 0.11297 0.978948
1 0.687734 0.313048 0.112525 0.112678 0.978709
6 0.811548 0.0649286 0.113226 0.113018 0.978545
6 0.936335 0.437062 0.114146 0.111647 0.978302
10 0.812446 0.685031 0.112694 0.112979 0.978243
3 0.687424 0.437574 0.111198 0.111745 0.978215
3 0.936011 0.3134 0.112052 0.112646 0.977972
8 0.687309 0.685317 0.111411 0.111745 0.977649
8 0.936011 0.188539 0.112633 0.111477 0.977531
7 0.93649 0.685538 0.112708 0.112862 0.977214
11 0.811889 0.561413 0.112361 0.113955 0.976799
11 0.936281 0.561464 0.112883 0.113533 0.976245
5 0.935965 0.561069 0.111992 0.111271 0.0251847
2 0.688239 0.685115 0.112428 0.111585 0.0153554
5 0.81155 0.561315 0.111945 0.111997 0.0146877
3 0.6874 0.189155 0.111221 0.112127 0.00981948
5 0.563502 0.0655541 0.111401 0.112916 0.00850109
11 0.688162 0.685621 0.112689 0.111626 0.00788781
2 0.688306 0.0646247 0.111605 0.111329 0.00776826
12 0.936223 0.809823 0.113078 0.113357 0.00730337
2 0.0668146 0.685426 0.113424 0.113077 0.00695814
12 0.936208 0.685774 0.113031 0.113575 0.00556709
3 0.935978 0.933784 0.1127 0.11356 0.00534717
4 0.936044 0.809422 0.113521 0.112122 0.00476413
4 0.935883 0.685222 0.113838 0.112855 0.0044673
4 0.0668754 0.313457 0.112339 0.110241 0.00436019
10 0.811438 0.56142 0.110807 0.112288 0.00421181
0 0.935699 0.188664 0.111149 0.111228 0.00413883
1 0.811408 0.064381 0.109971 0.113258 0.00396813
6 0.686811 0.437249 0.113205 0.112553 0.0039612
1 0.936806 0.436592 0.110182 0.111853 0.00381951
6 0.563963 0.43666 0.110658 0.112321 0.00363401
4 0.564035 0.561176 0.112216 0.113001 0.00353187
2 0.68799 0.934198 0.111428 0.112537 0.00345572
4 0.191403 0.684892 0.11235 0.112425 0.00345515
4 0.191593 0.188677 0.112652 0.11351 0.00341461
4 0.81305 0.68538 0.110476 0.113767 0.00340037
1 0.563585 0.313351 0.112969 0.11291 0.00332931
6 0.439879 0.188857 0.112144 0.112671 0.00325738
1 0.563594 0.93375 0.111575 0.113044 0.00322641
0 0.811835 0.933984 0.109992 0.112901 0.00312094
12 0.688144 0.189049 0.113029 0.112673 0.00309937
11 0.688216 0.0642498 0.111255 0.112131 0.00297364
1 0.315862 0.313243 0.1114 0.112007 0.00295495
6 0.811287 0.31345 0.113018 0.112142 0.00294905
0 0.812138 0.436311 0.113049 0.112427 0.00289636
2 0.936085 0.18898 0.112455 0.11285 0.00285835
0 0.688085 0.312288 0.112553 0.112624 0.002776
1 0.688232 0.561213 0.110688 0.112261 0.00272001
6 0.936232 0.809599 0.111815 0.112801 0.00268453
10 0.936872 0.561137 0.112332 0.11294 0.00264219
12 0.935745 0.934198 0.112176 0.113664 0.00263382
1 0.0672463 0.436555 0.112008 0.113543 0.00246992
11 0.935889 0.188736 0.112147 0.112004 0.00246892
0 0.688169 0.809228 0.111559 0.111817 0.00242731
6 0.936056 0.313146 0.112904 0.113754 0.00241161
3 0.687833 0.561401 0.111647 0.112719 0.00238254
13 0.191402 0.188326 0.111587 0.112209 0.00236726
3 0.812045 0.0646352 0.112588 0.113373 0.002248
3 0.315683 0.561011 0.112681 0.11329 0.00218146
0 0.563749 0.188612 0.112 0.113402 0.00211596
0 0.688144 0.189049 0.113029 0.112673 0.00211116
7 0.811714 0.684978 0.112396 0.11334 0.00211078
6 0.936215 0.685574 0.111974 0.113159 0.0021044
0 0.439193 0.0646323 0.111426 0.113704 0.00208853
1 0.06674 0.0646336 0.113741 0.11273 0.00208626
4 0.315287 0.188756 0.112162 0.113215 0.0020649
2 0.688078 0.437691 0.111839 0.111401 0.00203454
3 0.93611 0.436978 0.114123 0.113444 0.0020198
1 0.315421 0.436683 0.111296 0.112778 0.00200588
13 0.439446 0.8095 0.111574 0.112421 0.00199664
13 0.191462 0.685228 0.111777 0.112191 0.00194888
4 0.686898 0.437381 0.111485 0.112566 0.00194706
1 0.316122 0.560981 0.111301 0.112461 0.00194543
11 0.688245 0.934376 0.112396 0.112355 0.00191592
3 0.0666179 0.436667 0.114175 0.111238 0.00189508
3 0.315489 0.43718 0.112345 0.111913 0.00186741
12 0.936003 0.31332 0.1122 0.11349 0.00175148
4 0.440162 0.933899 0.111325 0.112078 0.00174562
2 0.563773 0.934191 0.111115 0.113614 0.00173259
2 0.3152 0.685461 0.111774 0.112134 0.00168515
12 0.687227 0.437396 0.111631 0.112368 0.00165127
6 0.563594 0.93375 0.111575 0.113044 0.00163519
13 0.563429 0.56131 0.112123 0.112553 0.0015594
0 0.0669542 0.188495 0.112322 0.112293 0.00153555
2 0.688048 0.313298 0.111848 0.11286 0.00153354
10 0.0673516 0.313597 0.11259 0.11246 0.00152417
5 0.813029 0.684844 0.111777 0.112078 0.00150775
1 0.0669536 0.809184 0.113075 0.11253 0.00145806
4 0.688169 0.809228 0.111559 0.111817 0.00142011
0 0.066981 0.934167 0.111703 0.113347 0.00141497
1 0.439529 0.313336 0.112096 0.111698 0.00141119
4 0.564225 0.685264 0.111552 0.112048 0.00138208
0 0.3156 0.933337 0.111249 0.11226 0.00137673
4 0.439436 0.809004 0.112251 0.113266 0.00135602
7 0.315579 0.313077 0.112202 0.11215 0.00134001
4 0.687855 0.313197 0.112246 0.112123 0.00133043
4 0.439601 0.561285 0.11202 0.11248 0.00132287
12 0.315941 0.188756 0.111808 0.11221 0.00131014
6 0.812425 0.188863 0.111752 0.11287 0.00129924
0 0.191099 0.313385 0.111141 0.112791 0.00129706
2 0.563726 0.31356 0.111365 0.11335 0.00129143
6 0.811327 0.933417 0.110908 0.112895 0.00126577
3 0.439514 0.313299 0.110945 0.112973 0.00126164
1 0.936129 0.313078 0.111676 0.112298 0.00125767
1 0.563443 0.809491 0.111931 0.1121 0.00125675
12 0.563707 0.561475 0.112529 0.113119 0.00125375
0 0.439656 0.561036 0.112088 0.113074 0.00125371
0 0.191248 0.809463 0.11128 0.111972 0.0012405
4 0.563924 0.18921 0.112069 0.113146 0.00123924
10 0.06655 0.561134 0.112909 0.112718 0.00123895
12 0.563751 0.312758 0.111992 0.112716 0.00122713
6 0.563971 0.685364 0.112134 0.112637 0.00121024
7 0.191593 0.188677 0.112652 0.11351 0.00120347
8 0.813034 0.809198 0.112114 0.114096 0.0011962
2 0.68824 0.809422 0.112457 0.112648 0.00118902
4 0.19182 0.0650611 0.111635 0.112154 0.00118451
8 0.0669961 0.437949 0.109657 0.107723 0.00118313
10 0.563577 0.0651997 0.112782 0.111696 0.00117169
1 0.439422 0.436736 0.112485 0.113037 0.0011665
7 0.811433 0.312577 0.111201 0.113963 0.00116383
10 0.314818 0.0647828 0.111428 0.111779 0.00115232
13 0.81174 0.685622 0.111751 0.11191 0.00115025
12 0.31577 0.313035 0.112338 0.112173 0.0011472
4 0.191407 0.5613 0.111745 0.112473 0.00114586
0 0.191322 0.561067 0.112018 0.112982 0.00114336
4 0.191134 0.313657 0.112113 0.113314 0.00112488
12 0.314724 0.685344 0.111614 0.112171 0.00112402
1 0.687671 0.436957 0.113159 0.113424 0.00111015
1 0.315078 0.685426 0.11207 0.11223 0.00110012
4 0.191406 0.809647 0.110749 0.111194 0.0011001
7 0.563667 0.561062 0.111293 0.111959 0.00109056
7 0.439436 0.809004 0.112251 0.113266 0.00108337
12 0.192144 0.188832 0.112141 0.112168 0.00107884
9 0.812628 0.809156 0.111782 0.112677 0.00106823
3 0.811339 0.188897 0.112336 0.113183 0.00106576
3 0.564061 0.436793 0.110026 0.113874 0.0010593
0 0.688523 0.933623 0.113932 0.113177 0.00105843
1 0.0669168 0.685749 0.112383 0.112893 0.0010524
12 0.0665399 0.685585 0.112169 0.11268 0.00104699
0 0.812016 0.3136 0.111822 0.112922 0.00103638
3 0.811327 0.933417 0.110908 0.112895 0.00103556
6 0.563443 0.809491 0.111931 0.1121 0.00102993
4 0.563786 0.809582 0.111608 0.111883 0.00102836
1 0.439603 0.684965 0.111966 0.112568 0.00102541
0 0.688285 0.0648302 0.112152 0.112578 0.00100122
6 0.0673516 0.313597 0.11259 0.11246 0.00100097
