2 0.439231 0.934098 0.112529 0.113481 0.987058
3 0.687541 0.934099 0.112333 0.113645 0.987042
5 0.563627 0.80978 0.111027 0.113102 0.986201
3 0.315862 0.561264 0.111581 0.113703 0.985668
5 0.0675171 0.809913 0.112406 0.112978 0.984895
10 0.439596 0.809451 0.112245 0.113344 0.984765
6 0.315821 0.933872 0.112442 0.113761 0.984676
10 0.563503 0.065259 0.11174 0.112907 0.984397
9 0.0671817 0.313309 0.111953 0.112302 0.984234
5 0.19165 0.561864 0.111279 0.112448 0.984209
11 0.563068 0.934176 0.11101 0.113194 0.984203
13 0.0668808 0.437814 0.112283 0.112162 0.984088
0 0.936195 0.933331 0.112504 0.111238 0.983978
8 0.191871 0.934157 0.110894 0.112605 0.983696
5 0.191025 0.313565 0.111671 0.112388 0.983574
2 0.439388 0.685464 0.112331 0.112617 0.983537
6 0.563891 0.685304 0.111523 0.113385 0.983362
3 0.811747 0.809901 0.112819 0.113737 0.983355
5 0.191015 0.189324 0.111702 0.112219 0.98306
10 0.688259 0.809738 0.112278 0.113252 0.983058
7 0.0672769 0.561897 0.112262 0.111561 0.982666
1 0.812327 0.933474 0.11223 0.113363 0.982629
4 0.0671451 0.685621 0.113497 0.112678 0.982606
8 0.0672975 0.934479 0.112188 0.112668 0.98259
6 0.190998 0.437756 0.11218 0.112597 0.982325
10 0.191449 0.685391 0.11223 0.112469 0.982243
13 0.191632 0.0652178 0.111218 0.112495 0.982039
8 0.439413 0.0650065 0.112151 0.112482 0.981833
4 0.687926 0.0654809 0.111209 0.112784 0.981669
5 0.439881 0.189485 0.111148 0.112423 0.981665
8 0.315917 0.809787 0.111603 0.11254 0.981648
6 0.0666798 0.0646307 0.113721 0.113315 0.981566
3 0.439768 0.437469 0.111586 0.113732 0.981412
2 0.0671901 0.189077 0.111143 0.111477 0.981379
2 0.315126 0.188792 0.112859 0.112256 0.98111
4 0.439081 0.312736 0.113096 0.113184 0.980902
13 0.936485 0.0652451 0.112157 0.113427 0.980895
13 0.936674 0.80983 0.112093 0.113801 0.980851
4 0.563647 0.437066 0.112383 0.113676 0.980074
0 0.314865 0.312793 0.11244 0.111815 0.979959
8 0.315224 0.0648554 0.112129 0.111242 0.979916
4 0.812276 0.0649587 0.111516 0.112675 0.979897
11 0.19127 0.809438 0.112441 0.112198 0.979801
9 0.687612 0.1889 0.11196 0.113238 0.979547
12 0.688132 0.437083 0.112062 0.112584 0.979504
0 0.936252 0.685104 0.112989 0.111753 0.979388
3 0.812126 0.685616 0.112471 0.112927 0.97937
8 0.563578 0.189484 0.11201 0.113281 0.979315
9 0.812114 0.18873 0.11213 0.113021 0.979034
5 0.687709 0.561092 0.111871 0.1133 0.979004
5 0.687695 0.685247 0.111805 0.112701 0.978912
5 0.812298 0.312715 0.112316 0.112981 0.978705
10 0.936772 0.312585 0.113201 0.113791 0.978505
11 0.315192 0.436935 0.111986 0.113211 0.97818
8 0.812436 0.437064 0.112487 0.111973 0.978037
8 0.936666 0.561604 0.111249 0.111783 0.977966
8 0.563995 0.561233 0.111832 0.11249 0.977849
2 0.687796 0.313153 0.110794 0.111559 0.977771
2 0.81246 0.561179 0.112749 0.11274 0.977497
7 0.936319 0.188786 0.112553 0.113025 0.9771
2 0.936609 0.436929 0.11289 0.113122 0.977059
11 0.563079 0.312961 0.11146 0.111765 0.976579
8 0.31527 0.685382 0.112064 0.112533 0.976507
8 0.439782 0.561297 0.112348 0.113389 0.97635
5 0.563329 0.31382 0.11153 0.11254 0.0292894
2 0.0669101 0.93403 0.11363 0.112861 0.019455
2 0.813104 0.436987 0.11048 0.111981 0.0142563
5 0.190832 0.809751 0.112474 0.113214 0.0114765
7 0.191013 0.0652757 0.111009 0.111701 0.0109926
5 0.563562 0.934204 0.111329 0.113085 0.0100209
3 0.811927 0.189242 0.111874 0.112648 0.0100076
5 0.315192 0.436935 0.111986 0.113211 0.00855842
3 0.687343 0.189308 0.111166 0.112311 0.00712501
4 0.93554 0.189197 0.113662 0.113202 0.00708444
2 0.191632 0.934057 0.112368 0.112861 0.00679899
2 0.315355 0.685352 0.113038 0.111858 0.00677781
2 0.43939 0.561325 0.111897 0.11315 0.00651221
1 0.812432 0.065267 0.111723 0.113329 0.00625766
1 0.564013 0.437441 0.112043 0.113422 0.00592201
4 0.68834 0.809531 0.112464 0.113526 0.00557537
1 0.0667987 0.684927 0.11355 0.11267 0.0055706
2 0.563651 0.189314 0.113116 0.111993 0.00535152
2 0.563746 0.561303 0.112327 0.1113 0.00525786
2 0.315491 0.809922 0.113064 0.11282 0.00509584
11 0.563963 0.561303 0.112212 0.112042 0.00508402
2 0.936835 0.561469 0.111669 0.113211 0.00498917
6 0.439422 0.437459 0.111921 0.112089 0.00453861
12 0.935599 0.0654195 0.113266 0.113709 0.00391666
6 0.81163 0.685638 0.113649 0.112448 0.00375173
7 0.936485 0.0652451 0.112157 0.113427 0.00366606
1 0.688134 0.313144 0.11362 0.113024 0.00346572
12 0.0673749 0.313437 0.112623 0.11339 0.00343136
12 0.563812 0.0649125 0.111245 0.113393 0.00337939
3 0.0672623 0.313471 0.112273 0.114613 0.00333984
2 0.812162 0.0654561 0.111729 0.113002 0.00332491
1 0.936171 0.437952 0.108969 0.113235 0.00320135
3 0.688173 0.561383 0.112255 0.113137 0.0031947
2 0.43985 0.0649069 0.111788 0.112528 0.00313739
6 0.811727 0.0652249 0.112637 0.11195 0.00310062
0 0.812675 0.933662 0.111298 0.111658 0.00309569
11 0.31569 0.809997 0.112573 0.112923 0.00309337
11 0.315493 0.685692 0.112504 0.112614 0.00306269
3 0.688187 0.685366 0.112379 0.112947 0.00302126
6 0.811618 0.81028 0.1117 0.112972 0.00300102
12 0.936159 0.189092 0.11311 0.113106 0.00295245
1 0.439326 0.312966 0.112372 0.112824 0.00294127
11 0.563916 0.189021 0.111949 0.112848 0.00291271
3 0.93658 0.437349 0.111891 0.113789 0.00287999
12 0.936066 0.810143 0.112199 0.113582 0.00286543
1 0.687955 0.0647604 0.11138 0.113005 0.00282407
0 0.812984 0.189051 0.111472 0.113701 0.0028086
2 0.687926 0.0654809 0.111209 0.112784 0.00280661
7 0.936024 0.809599 0.112955 0.113661 0.00272838
12 0.688086 0.189181 0.112694 0.113003 0.0027022
0 0.688086 0.189181 0.112694 0.113003 0.00266527
8 0.813087 0.561204 0.110313 0.112357 0.00265819
11 0.315368 0.0647373 0.111838 0.112545 0.00263742
1 0.813091 0.560931 0.114289 0.112464 0.00258666
10 0.687894 0.561196 0.111117 0.111743 0.00257044
4 0.688173 0.561383 0.112255 0.113137 0.00253355
4 0.688187 0.685366 0.112379 0.112947 0.00252852
10 0.0666597 0.437561 0.113022 0.111777 0.00252808
2 0.315029 0.0647758 0.112053 0.112191 0.00241493
1 0.0669447 0.189204 0.111761 0.111493 0.00237756
3 0.812966 0.561286 0.112094 0.113608 0.00229526
7 0.68834 0.809531 0.112464 0.113526 0.00227969
2 0.688404 0.93356 0.113251 0.112371 0.00227053
6 0.68816 0.436621 0.110478 0.112267 0.00223416
13 0.439413 0.809559 0.111603 0.112485 0.00220326
2 0.688187 0.685366 0.112379 0.112947 0.00217467
1 0.811581 0.809683 0.111715 0.111816 0.00212545
11 0.43985 0.0649069 0.111788 0.112528 0.00211439
3 0.688072 0.313692 0.1104 0.113027 0.00209948
12 0.812266 0.189025 0.111957 0.11218 0.00208405
2 0.688173 0.561383 0.112255 0.113137 0.00204691
9 0.688404 0.93356 0.113251 0.112371 0.00203878
2 0.813152 0.932641 0.111796 0.113112 0.00203667
11 0.439551 0.561425 0.112303 0.112681 0.00200127
5 0.68828 0.809376 0.112015 0.112922 0.00198444
4 0.0668032 0.561167 0.114656 0.111866 0.00198431
8 0.688143 0.313171 0.112486 0.112737 0.00195124
6 0.687711 0.933823 0.111258 0.111661 0.00194499
13 0.68813 0.809609 0.111456 0.112473 0.00188825
4 0.687711 0.933823 0.111258 0.111661 0.00186063
1 0.315153 0.312559 0.112212 0.112774 0.00183074
3 0.0665683 0.0644841 0.113822 0.113458 0.00179559
1 0.315196 0.189169 0.111641 0.111662 0.0017777
1 0.439848 0.933663 0.112689 0.112844 0.00177044
10 0.190938 0.188882 0.111667 0.112225 0.00174892
10 0.315536 0.43661 0.111187 0.112757 0.00174498
4 0.191337 0.68495 0.112612 0.112564 0.00174211
1 0.439639 0.685067 0.112531 0.11228 0.00173861
0 0.0672623 0.313471 0.112273 0.114613 0.00173676
2 0.813039 0.685897 0.111874 0.110905 0.00172738
1 0.563997 0.685249 0.111631 0.111857 0.00170815
0 0.688268 0.437174 0.112011 0.111997 0.00167688
1 0.191342 0.436902 0.109695 0.11015 0.00166899
10 0.439482 0.188899 0.111637 0.112581 0.0016681
4 0.563667 0.0650547 0.111266 0.112267 0.00166325
8 0.936843 0.436592 0.111016 0.112516 0.00163846
11 0.1917 0.934202 0.111824 0.113057 0.00163359
6 0.936077 0.188868 0.113245 0.112022 0.00160599
1 0.316689 0.934117 0.111151 0.111964 0.00158554
7 0.439424 0.313041 0.111744 0.111844 0.00158205
12 0.0666597 0.437561 0.113022 0.111777 0.00156862
4 0.439422 0.437459 0.111921 0.112089 0.00156501
10 0.687846 0.68545 0.111401 0.112018 0.00156138
13 0.191217 0.685177 0.112334 0.111982 0.0015557
11 0.812506 0.436986 0.112679 0.111795 0.00153947
4 0.191246 0.561134 0.112359 0.112092 0.00153798
4 0.190875 0.313227 0.111687 0.112308 0.00153564
1 0.314841 0.561297 0.112452 0.1122 0.00152631
2 0.0667987 0.684927 0.11355 0.11267 0.00150749
0 0.936675 0.561242 0.111438 0.111575 0.00149594
13 0.936131 0.312975 0.110593 0.11198 0.00148927
4 0.811703 0.685742 0.111655 0.113151 0.00147879
10 0.811767 0.312888 0.111313 0.112011 0.00145722
0 0.192211 0.933554 0.111567 0.110957 0.00145688
7 0.688018 0.0648573 0.111164 0.11162 0.00145471
11 0.0666597 0.437561 0.113022 0.111777 0.00144845
7 0.93624 0.312212 0.113282 0.114716 0.00143339
10 0.190875 0.313227 0.111687 0.112308 0.001426
9 0.191387 0.809524 0.112362 0.112751 0.00142272
4 0.936665 0.31307 0.113047 0.113466 0.00141178
3 0.0664704 0.188949 0.112569 0.11098 0.00139035
1 0.812126 0.685616 0.112471 0.112927 0.00137073
10 0.191435 0.809414 0.112077 0.112291 0.00136114
2 0.564013 0.437441 0.112043 0.113422 0.00136062
11 0.936432 0.561107 0.112975 0.111628 0.00135948
3 0.813092 0.313462 0.112642 0.114623 0.00135701
2 0.813039 0.810423 0.111301 0.110514 0.00134564
3 0.688308 0.436748 0.110288 0.113148 0.0013372
10 0.191406 0.561185 0.111255 0.111564 0.00132517
3 0.315821 0.933872 0.112442 0.113761 0.00132153
10 0.563681 0.3134 0.112581 0.112435 0.00130671
7 0.563667 0.0650547 0.111266 0.112267 0.00130471
7 0.0668647 0.436592 0.112008 0.113633 0.00130444
3 0.190972 0.437751 0.113678 0.112709 0.00130096
7 0.811804 0.0644925 0.111945 0.11315 0.00129908
4 0.811618 0.81028 0.1117 0.112972 0.00129881
0 0.812346 0.438004 0.111457 0.11216 0.00129271
4 0.81251 0.31327 0.111723 0.112013 0.00126061
0 0.0666762 0.933747 0.112282 0.11171 0.00125683
12 0.439551 0.43757 0.111948 0.112666 0.00121712
2 0.31548 0.561309 0.112483 0.112921 0.00119805
10 0.0668354 0.809389 0.11229 0.112522 0.00119193
5 0.811658 0.561377 0.115199 0.112087 0.00118664
9 0.813039 0.685897 0.111874 0.110905 0.00118607
3 0.315139 0.188863 0.111216 0.112568 0.00117728
3 0.563891 0.685304 0.111523 0.113385 0.00117198
1 0.688199 0.933739 0.111837 0.112496 0.00117105
1 0.0669494 0.0643693 0.113568 0.113402 0.00116853
6 0.0671752 0.561003 0.112023 0.113559 0.0011677
13 0.563246 0.0647296 0.111523 0.112015 0.00116629
4 0.191346 0.18893 0.11201 0.112235 0.00116232
5 0.688134 0.313144 0.11362 0.113024 0.00115956
9 0.936348 0.933702 0.111156 0.111908 0.00115933
9 0.813039 0.810423 0.111301 0.110514 0.00115885
6 0.314841 0.561297 0.112452 0.1122 0.0011504
0 0.315086 0.0646914 0.110982 0.111427 0.0011448
12 0.439326 0.312966 0.112372 0.112824 0.00112919
4 0.687932 0.437291 0.112305 0.11272 0.00112471
7 0.191292 0.438162 0.112273 0.110144 0.00112145
12 0.687711 0.933823 0.111258 0.111661 0.00111766
5 0.936173 0.436937 0.113941 0.11406 0.00110306
12 0.811648 0.685821 0.111568 0.112167 0.00110199
3 0.440152 0.685426 0.111059 0.112134 0.00108537
5 0.440199 0.934231 0.112035 0.112791 0.0010853
7 0.0667167 0.684477 0.11134 0.111943 0.00107341
10 0.935599 0.0654195 0.113266 0.113709 0.00106338
11 0.811603 0.313265 0.112906 0.112215 0.00105794
4 0.812157 0.933432 0.111864 0.112703 0.00105672
5 0.688424 0.933424 0.113211 0.112768 0.00103118
3 0.439231 0.934098 0.112529 0.113481 0.00103113
4 0.439439 0.809183 0.112249 0.113247 0.0010188
12 0.68801 0.809414 0.112892 0.112812 0.00101571
4 0.688278 0.313464 0.110933 0.112046 0.00100204
