9 0.439059 0.933882 0.111007 0.113307 0.986746
2 0.563558 0.809387 0.112339 0.112929 0.985591
6 0.316405 0.933803 0.112635 0.113611 0.985359
0 0.935849 0.933504 0.11256 0.111107 0.984954
3 0.191841 0.93381 0.111174 0.113802 0.984494
6 0.811827 0.809311 0.11211 0.11216 0.984356
13 0.439422 0.685136 0.111433 0.112508 0.984047
7 0.439137 0.189622 0.111013 0.111937 0.983912
2 0.439395 0.809415 0.113049 0.112905 0.983908
2 0.563325 0.0651862 0.111469 0.113147 0.983895
12 0.315629 0.809318 0.112178 0.112319 0.983859
4 0.68786 0.933898 0.112185 0.114135 0.983857
9 0.191056 0.313556 0.110497 0.112273 0.983667
10 0.315014 0.0649817 0.110858 0.112304 0.983646
3 0.438737 0.0652032 0.112549 0.113736 0.983416
10 0.0672226 0.685564 0.113542 0.113179 0.983407
7 0.315474 0.313486 0.112419 0.111229 0.98326
6 0.316249 0.561293 0.111629 0.112061 0.983079
6 0.0667354 0.313821 0.113292 0.112332 0.983072
7 0.0676409 0.809259 0.113237 0.112124 0.98305
4 0.191508 0.437443 0.112398 0.112508 0.98283
4 0.31555 0.189308 0.11357 0.112898 0.982777
11 0.191458 0.561874 0.111383 0.111402 0.982614
6 0.0674874 0.561271 0.113261 0.111974 0.982599
13 0.191204 0.0649699 0.113789 0.114042 0.982466
1 0.0666529 0.437728 0.113666 0.112073 0.982425
1 0.315673 0.685501 0.11122 0.110751 0.982173
3 0.93604 0.809354 0.114823 0.114141 0.982071
6 0.0665536 0.0644233 0.112693 0.113422 0.982004
12 0.563892 0.933604 0.112656 0.114315 0.981619
12 0.0668218 0.188852 0.113533 0.112716 0.981607
7 0.439506 0.31366 0.112759 0.112113 0.981575
11 0.190713 0.189459 0.111899 0.11177 0.981176
4 0.812143 0.0652087 0.113197 0.114185 0.98078
12 0.687732 0.809482 0.111376 0.11296 0.980721
1 0.31525 0.437655 0.111984 0.111524 0.980714
7 0.563479 0.189629 0.112388 0.112501 0.98069
10 0.812021 0.933689 0.112619 0.113815 0.980609
11 0.563739 0.685109 0.111329 0.11154 0.980257
2 0.191479 0.808969 0.112173 0.112442 0.980019
7 0.687742 0.0650009 0.112821 0.113407 0.979924
11 0.440049 0.561041 0.111712 0.112695 0.979877
6 0.563827 0.437353 0.112808 0.112454 0.979696
4 0.687784 0.436978 0.112379 0.112753 0.979659
3 0.935985 0.0651985 0.114678 0.115477 0.979569
0 0.191692 0.684922 0.111848 0.112444 0.979451
11 0.68771 0.685187 0.111411 0.111849 0.979441
4 0.812351 0.685256 0.112521 0.113055 0.979142
12 0.687653 0.313502 0.112305 0.11199 0.978958
13 0.811901 0.437216 0.113097 0.112722 0.978758
0 0.438885 0.43764 0.111578 0.111635 0.97872
6 0.936264 0.437048 0.11345 0.111508 0.978671
7 0.563654 0.313402 0.111878 0.112605 0.978608
0 0.563627 0.561272 0.111421 0.113082 0.978294
12 0.936132 0.188809 0.112404 0.110735 0.978097
10 0.936514 0.684961 0.112238 0.11166 0.977984
0 0.687402 0.188936 0.111693 0.112595 0.9779
7 0.812149 0.313127 0.112611 0.112674 0.977737
5 0.812075 0.188692 0.112543 0.111808 0.977727
8 0.688088 0.561396 0.112206 0.113103 0.977251
8 0.812111 0.56134 0.111835 0.112763 0.977222
8 0.0676925 0.933581 0.112334 0.113084 0.976811
7 0.936715 0.561717 0.113593 0.113789 0.976714
7 0.936426 0.313531 0.112644 0.112864 0.976572
2 0.688209 0.561065 0.111638 0.111664 0.0250616
2 0.811763 0.561208 0.111862 0.111608 0.0145163
5 0.440017 0.561072 0.111574 0.111775 0.0133524
12 0.56352 0.189421 0.112013 0.111724 0.0091293
2 0.0669801 0.933499 0.115002 0.115099 0.00910577
5 0.935978 0.685316 0.112715 0.110763 0.00716819
6 0.936002 0.809905 0.111565 0.114128 0.00665572
12 0.439213 0.189357 0.111809 0.111755 0.00633799
12 0.811455 0.313294 0.112316 0.113303 0.00612668
3 0.81259 0.808608 0.112104 0.113587 0.00610991
5 0.687846 0.685428 0.11124 0.110855 0.00577323
5 0.811693 0.934044 0.113596 0.112933 0.00548422
7 0.191202 0.437416 0.111495 0.11231 0.00535066
1 0.688186 0.437102 0.112316 0.113066 0.00509391
13 0.935837 0.684958 0.111758 0.111017 0.00488827
4 0.0669862 0.684929 0.11506 0.113093 0.00473672
12 0.936205 0.31302 0.114262 0.115039 0.00468563
12 0.93622 0.561714 0.113717 0.114338 0.00460864
6 0.687819 0.31375 0.11142 0.112673 0.00458207
1 0.812393 0.0652019 0.112506 0.114694 0.00439767
12 0.686744 0.0649812 0.110479 0.112731 0.00432126
4 0.935978 0.685316 0.112715 0.110763 0.00410102
12 0.19154 0.313558 0.111937 0.112149 0.00408471
8 0.688116 0.685105 0.110992 0.112161 0.0039568
9 0.687574 0.685381 0.111287 0.111613 0.00381849
4 0.811795 0.934061 0.112032 0.113531 0.00371167
1 0.56375 0.560944 0.111714 0.112546 0.00369225
1 0.191504 0.437463 0.113652 0.113109 0.00365577
6 0.936077 0.0654989 0.112255 0.113748 0.0036551
6 0.563794 0.93357 0.112077 0.113872 0.00358843
1 0.812222 0.685182 0.113896 0.113316 0.00345572
13 0.937435 0.561229 0.113201 0.113659 0.00323663
3 0.316405 0.933803 0.112635 0.113611 0.00308508
12 0.439298 0.0645501 0.112184 0.112229 0.00304829
13 0.686872 0.0645838 0.112571 0.111989 0.00303302
5 0.564214 0.685142 0.111953 0.111509 0.00286602
1 0.687739 0.933424 0.111523 0.112999 0.00279543
7 0.687322 0.437361 0.111284 0.11202 0.0027289
7 0.811453 0.933176 0.112491 0.112853 0.00267577
1 0.687282 0.189081 0.111672 0.112044 0.00263112
11 0.811415 0.189297 0.113245 0.11092 0.00260007
7 0.687702 0.933585 0.111617 0.112462 0.00259188
1 0.316037 0.189149 0.11321 0.112849 0.00258927
2 0.811388 0.189138 0.114002 0.111657 0.00243524
13 0.0665235 0.684592 0.111592 0.112712 0.00237994
12 0.439493 0.685034 0.112017 0.112142 0.00234902
3 0.19148 0.313596 0.111372 0.112627 0.00223883
3 0.066897 0.560724 0.114259 0.112375 0.0022355
3 0.439059 0.933882 0.111007 0.113307 0.0022263
4 0.563895 0.189239 0.112456 0.112745 0.00217525
5 0.19116 0.561206 0.111942 0.111818 0.00217464
2 0.688146 0.68516 0.112042 0.111887 0.00212388
1 0.563802 0.809094 0.112449 0.112849 0.00209147
1 0.19176 0.684839 0.111382 0.112047 0.00207075
12 0.315956 0.0649991 0.111718 0.112551 0.00203878
4 0.688355 0.0643883 0.11238 0.113589 0.00201242
6 0.316027 0.809306 0.111367 0.111924 0.00200381
12 0.81138 0.437338 0.111506 0.112083 0.00198996
3 0.191311 0.80903 0.113257 0.113015 0.0019773
1 0.439658 0.809034 0.112542 0.112714 0.00193968
1 0.43913 0.436999 0.111732 0.112433 0.00193722
3 0.315772 0.560795 0.112679 0.112849 0.00191122
13 0.938225 0.31191 0.108272 0.117892 0.00187572
9 0.936002 0.933789 0.111 0.111392 0.00187197
13 0.314685 0.0647264 0.111424 0.111889 0.001866
4 0.936532 0.5612 0.113812 0.113004 0.00185999
5 0.43986 0.809175 0.111867 0.11212 0.00185226
6 0.191988 0.933482 0.111956 0.1122 0.00182529
1 0.563438 0.0645926 0.1113 0.113653 0.00182081
7 0.811835 0.436598 0.113037 0.112696 0.00180639
4 0.0676409 0.809259 0.113237 0.112124 0.00179416
5 0.191892 0.808847 0.11221 0.112194 0.00177467
3 0.563893 0.808868 0.110976 0.112353 0.00176379
13 0.439224 0.189263 0.111882 0.111777 0.00171512
11 0.811429 0.561032 0.110007 0.112011 0.00169547
0 0.0663087 0.4365 0.11514 0.111492 0.00167741
6 0.191202 0.437416 0.111495 0.11231 0.00166661
4 0.315014 0.0649817 0.110858 0.112304 0.00166445
12 0.563761 0.31356 0.111523 0.111446 0.00164697
3 0.936137 0.437273 0.113136 0.112867 0.00163412
7 0.935914 0.68464 0.111853 0.113325 0.0016259
11 0.688249 0.56161 0.111759 0.112636 0.00161524
12 0.811693 0.934044 0.113596 0.112933 0.00159426
6 0.811401 0.313118 0.113223 0.113059 0.00159302
7 0.0676652 0.685108 0.113241 0.113142 0.00158719
0 0.688104 0.313573 0.111818 0.113559 0.00158146
10 0.811999 0.685175 0.113232 0.113398 0.00157857
2 0.688186 0.437102 0.112316 0.113066 0.00155841
5 0.190713 0.189459 0.111899 0.11177 0.00154318
6 0.936235 0.561514 0.112787 0.114129 0.00153899
0 0.315438 0.437721 0.112066 0.11204 0.0015197
4 0.936174 0.313606 0.114231 0.113161 0.00151833
12 0.935948 0.809469 0.111937 0.11311 0.00148092
6 0.811372 0.0646051 0.112563 0.113031 0.00147473
7 0.315309 0.0649717 0.112165 0.112519 0.00144547
0 0.688215 0.809716 0.112546 0.112134 0.00144443
6 0.811374 0.684855 0.113992 0.11377 0.00144416
12 0.935664 0.0651742 0.111595 0.112484 0.00142594
3 0.0666066 0.313565 0.112362 0.112098 0.00142561
6 0.439298 0.0645501 0.112184 0.112229 0.00141951
1 0.936236 0.80967 0.111944 0.112819 0.00140405
4 0.563893 0.808868 0.110976 0.112353 0.00139853
0 0.19148 0.313596 0.111372 0.112627 0.00139707
1 0.191539 0.80875 0.112281 0.112334 0.00139463
12 0.439622 0.313762 0.111448 0.111192 0.00139102
3 0.56391 0.436794 0.112755 0.112898 0.00138449
2 0.812222 0.685182 0.113896 0.113316 0.00136675
10 0.191305 0.560998 0.111245 0.110752 0.00136119
3 0.43986 0.809175 0.111867 0.11212 0.00135343
1 0.191988 0.933482 0.111956 0.1122 0.00135193
6 0.936443 0.313362 0.112835 0.114917 0.00134763
10 0.688141 0.0648001 0.111326 0.113136 0.00134252
4 0.935948 0.809469 0.111937 0.11311 0.00133977
7 0.68677 0.810066 0.11172 0.111982 0.00132532
4 0.315444 0.43733 0.111377 0.111517 0.00132363
10 0.686817 0.685016 0.109783 0.11054 0.00132013
2 0.812393 0.0652019 0.112506 0.114694 0.00131467
9 0.936286 0.809323 0.113378 0.114594 0.00130717
13 0.811459 0.933877 0.112044 0.111459 0.00129746
7 0.81145 0.0639725 0.112096 0.11431 0.0012929
4 0.315673 0.685501 0.11122 0.110751 0.00127142
6 0.687732 0.809482 0.111376 0.11296 0.00125272
1 0.936134 0.0652443 0.112098 0.113 0.00124977
12 0.440051 0.933824 0.112044 0.112086 0.00124186
3 0.0665536 0.0644233 0.112693 0.113422 0.00124017
11 0.190913 0.0649418 0.112832 0.113178 0.00121794
0 0.315622 0.68537 0.111084 0.111025 0.00119282
12 0.315376 0.313692 0.111372 0.11114 0.00118757
4 0.439917 0.809268 0.111884 0.112325 0.00117047
4 0.439087 0.0651619 0.111402 0.112708 0.00116104
12 0.191988 0.933482 0.111956 0.1122 0.00115957
6 0.687739 0.933424 0.111523 0.112999 0.00114736
4 0.936077 0.0654989 0.112255 0.113748 0.00114533
7 0.686703 0.313554 0.111095 0.112412 0.00113409
5 0.563492 0.0648345 0.111688 0.112471 0.00112573
4 0.439817 0.313297 0.112244 0.112858 0.00111003
8 0.191483 0.189125 0.111586 0.111593 0.0011098
4 0.563877 0.313166 0.111936 0.112645 0.00109793
6 0.0668702 0.189576 0.113689 0.113045 0.00109097
7 0.811377 0.684513 0.112115 0.113936 0.00109003
10 0.190603 0.189254 0.111132 0.111098 0.00108346
1 0.439209 0.0647352 0.112047 0.112763 0.00108192
7 0.936137 0.437273 0.113136 0.112867 0.00107486
3 0.811414 0.18885 0.112593 0.11238 0.00105154
7 0.0667354 0.313821 0.113292 0.112332 0.00102738
4 0.81165 0.313617 0.11324 0.112137 0.00101662
9 0.191102 0.189194 0.111437 0.11145 0.00100685
