7 0.935766 0.933818 0.11323 0.11277 0.987197
12 0.315894 0.809578 0.11115 0.112529 0.98714
7 0.315001 0.0647906 0.111748 0.11182 0.986237
3 0.563445 0.0653104 0.112213 0.113625 0.986113
13 0.191373 0.933698 0.113036 0.113651 0.985941
5 0.439632 0.934484 0.11195 0.113504 0.985791
10 0.439859 0.809527 0.111774 0.112914 0.985664
4 0.315578 0.934247 0.112277 0.112757 0.98529
7 0.935677 0.0653137 0.114143 0.113699 0.985216
8 0.563591 0.809727 0.112181 0.112551 0.985003
7 0.191441 0.809447 0.1126 0.112077 0.984864
3 0.0678593 0.685856 0.112495 0.113307 0.984572
6 0.191705 0.685535 0.111245 0.112331 0.98414
13 0.93605 0.809808 0.113015 0.112925 0.98396
9 0.687577 0.809725 0.111779 0.113612 0.983898
8 0.439176 0.065368 0.112445 0.112391 0.98388
8 0.439329 0.68532 0.112105 0.112583 0.983693
11 0.563537 0.934161 0.111221 0.11343 0.983323
8 0.687686 0.0655484 0.111936 0.112503 0.983243
5 0.191624 0.437638 0.111521 0.112568 0.983206
12 0.811948 0.810153 0.111984 0.11342 0.982952
6 0.31602 0.312947 0.111858 0.112854 0.982528
6 0.067413 0.188685 0.11288 0.113396 0.98249
2 0.191228 0.0651287 0.111741 0.112987 0.982381
11 0.315044 0.685677 0.111016 0.112266 0.982177
5 0.315528 0.189584 0.111786 0.112993 0.982123
9 0.563499 0.685221 0.11104 0.112788 0.981966
10 0.19127 0.313499 0.112514 0.111528 0.981937
9 0.0669692 0.809485 0.113554 0.113688 0.98191
1 0.812133 0.933651 0.111973 0.113148 0.981902
9 0.315322 0.561533 0.112474 0.112742 0.981585
12 0.936146 0.685582 0.112622 0.112861 0.98158
2 0.0667885 0.0649525 0.113378 0.113536 0.98157
11 0.687797 0.934205 0.111618 0.113559 0.981518
4 0.0677059 0.437228 0.113213 0.112766 0.98147
4 0.0677409 0.313262 0.113288 0.113198 0.981098
4 0.0678787 0.561349 0.112873 0.112385 0.981071
2 0.191195 0.561124 0.112191 0.112742 0.981056
13 0.0669706 0.933942 0.114016 0.114927 0.981028
8 0.315277 0.437256 0.112823 0.112712 0.980988
2 0.438938 0.189688 0.112554 0.113079 0.980939
6 0.439516 0.313309 0.112894 0.112777 0.980913
8 0.687545 0.190084 0.112372 0.11265 0.980566
11 0.191157 0.188998 0.112002 0.112368 0.980343
9 0.439193 0.437648 0.110993 0.111561 0.980053
13 0.439225 0.561416 0.1122 0.113413 0.980036
6 0.563969 0.313084 0.111969 0.113381 0.979591
13 0.687568 0.561633 0.112653 0.113127 0.979457
2 0.687616 0.685288 0.112208 0.112612 0.979221
5 0.563267 0.561391 0.112079 0.113169 0.97919
7 0.81257 0.685381 0.111855 0.111951 0.978978
13 0.811925 0.313276 0.112932 0.113203 0.978963
9 0.811526 0.0647927 0.112432 0.113934 0.978884
1 0.563502 0.18908 0.111934 0.11303 0.978827
1 0.811972 0.437038 0.112782 0.11241 0.978792
13 0.936018 0.31321 0.113759 0.11369 0.978767
2 0.563469 0.436966 0.112048 0.112737 0.97859
5 0.687693 0.312844 0.111851 0.113257 0.978527
5 0.812026 0.188675 0.112424 0.113326 0.978471
0 0.68751 0.437145 0.11169 0.1126 0.978356
3 0.811605 0.561471 0.111473 0.112111 0.978087
0 0.936002 0.436932 0.11323 0.112098 0.977927
0 0.93584 0.188648 0.113157 0.111797 0.977905
2 0.936404 0.561328 0.11281 0.113766 0.977598
3 0.688071 0.685237 0.112273 0.113153 0.0202781
3 0.563823 0.437797 0.112552 0.113156 0.0116684
10 0.191062 0.188916 0.112055 0.111221 0.0114133
3 0.439833 0.189873 0.112861 0.113089 0.0093744
12 0.811467 0.685576 0.112029 0.112806 0.00592223
2 0.688091 0.188807 0.112091 0.113617 0.00569367
10 0.439514 0.934054 0.111227 0.111511 0.00565494
8 0.688411 0.933162 0.113103 0.113144 0.00489115
2 0.0669037 0.561463 0.114192 0.112644 0.00482119
9 0.563731 0.809003 0.111865 0.11321 0.00479535
12 0.68659 0.561455 0.109626 0.111361 0.00395602
10 0.190918 0.436966 0.111373 0.112093 0.00386839
3 0.0660672 0.0652363 0.11525 0.113471 0.00379006
2 0.0666419 0.437188 0.113725 0.111984 0.00362333
0 0.812099 0.436297 0.112563 0.111931 0.00358531
11 0.563961 0.809738 0.111246 0.113331 0.00357566
1 0.0666419 0.437188 0.113725 0.111984 0.00354832
9 0.687628 0.190071 0.11241 0.112365 0.00332696
1 0.0669037 0.561463 0.114192 0.112644 0.00313866
9 0.687719 0.0656612 0.112201 0.112503 0.00300136
1 0.0667788 0.313464 0.111327 0.111633 0.00298868
1 0.687664 0.436583 0.112037 0.112342 0.00298078
0 0.812474 0.933697 0.110909 0.112528 0.00297565
0 0.315077 0.438096 0.111722 0.114227 0.0029442
2 0.688175 0.0644152 0.110677 0.112968 0.00293777
2 0.439853 0.685493 0.1126 0.11269 0.00291844
2 0.0667788 0.313464 0.111327 0.111633 0.00280686
10 0.687439 0.809224 0.111637 0.113271 0.00275081
0 0.688307 0.809925 0.111671 0.112453 0.00273354
11 0.439563 0.685319 0.11156 0.1134 0.00263816
10 0.687506 0.313205 0.110676 0.111262 0.00248911
2 0.439597 0.0650862 0.112028 0.1137 0.00244887
3 0.936267 0.561166 0.113008 0.112633 0.00239511
0 0.688173 0.0648703 0.111256 0.114549 0.00239165
12 0.439084 0.561185 0.111707 0.112225 0.00238794
10 0.314964 0.189259 0.113164 0.112297 0.00234424
0 0.688096 0.189169 0.112999 0.114742 0.00233402
5 0.0667093 0.561338 0.112546 0.112558 0.00230746
3 0.688026 0.313172 0.112823 0.112823 0.00230502
0 0.563591 0.1886 0.112098 0.113512 0.0022776
6 0.811477 0.810238 0.112789 0.113928 0.0022752
2 0.315496 0.436895 0.11106 0.11374 0.00224645
2 0.564203 0.809883 0.112431 0.112543 0.00219866
12 0.935987 0.0649153 0.11349 0.113632 0.00216747
5 0.0663212 0.313524 0.112688 0.112689 0.002123
3 0.191692 0.561439 0.111921 0.113294 0.00207501
11 0.688058 0.0647945 0.111712 0.11353 0.00205026
1 0.315578 0.934247 0.112277 0.112757 0.0020342
3 0.190582 0.0652854 0.112583 0.112515 0.00201447
12 0.81135 0.313038 0.111538 0.112994 0.00197464
9 0.315322 0.437796 0.11304 0.113412 0.00195936
4 0.688026 0.313172 0.112823 0.112823 0.00195756
8 0.688307 0.809925 0.111671 0.112453 0.00194423
8 0.6882 0.685621 0.111085 0.112585 0.00192746
12 0.191751 0.933614 0.111501 0.111547 0.00190736
1 0.688188 0.685472 0.112245 0.113693 0.00190204
12 0.688307 0.809925 0.111671 0.112453 0.0018937
1 0.563607 0.437921 0.110456 0.11201 0.00189217
12 0.935688 0.933234 0.112812 0.112094 0.00187189
7 0.43961 0.809317 0.111897 0.11275 0.00185378
5 0.688188 0.685472 0.112245 0.113693 0.00184462
5 0.936021 0.561288 0.113211 0.11444 0.00181943
3 0.563988 0.313248 0.111948 0.113045 0.00181149
2 0.688026 0.313172 0.112823 0.112823 0.00177289
11 0.688182 0.189128 0.112085 0.112986 0.00172056
13 0.811535 0.685235 0.111636 0.113422 0.00171415
11 0.0670745 0.809268 0.112475 0.112136 0.00171113
11 0.439546 0.933896 0.111298 0.111265 0.00170335
9 0.439561 0.685066 0.112461 0.11326 0.00169268
7 0.0669706 0.933942 0.114016 0.114927 0.00168491
5 0.68792 0.933588 0.109908 0.112957 0.00168384
10 0.31521 0.685222 0.11208 0.113484 0.00166303
9 0.935946 0.4372 0.112473 0.112196 0.00165045
12 0.93569 0.809758 0.112663 0.114015 0.00164862
10 0.811502 0.188525 0.11171 0.112581 0.00163684
7 0.315894 0.93396 0.110644 0.112415 0.00161427
10 0.688015 0.933993 0.112429 0.11313 0.0016058
0 0.813052 0.064945 0.109613 0.110417 0.00160024
11 0.315291 0.436705 0.111374 0.112687 0.00159374
8 0.563578 0.43723 0.111981 0.113282 0.00159354
5 0.191346 0.56063 0.111661 0.11158 0.00156575
12 0.439765 0.438065 0.11099 0.113329 0.00156493
7 0.811719 0.314113 0.112444 0.113627 0.00156088
7 0.439311 0.560902 0.111634 0.112754 0.00155083
6 0.315894 0.93396 0.110644 0.112415 0.00154156
10 0.563398 0.56147 0.112148 0.112193 0.00153482
0 0.439899 0.436893 0.110753 0.115464 0.00149152
6 0.811598 0.561777 0.111092 0.112958 0.00147139
13 0.191272 0.313445 0.1114 0.11148 0.00147034
3 0.0667093 0.561338 0.112546 0.112558 0.00145786
6 0.811535 0.685235 0.111636 0.113422 0.00144518
6 0.0676746 0.561754 0.112553 0.11228 0.00143824
11 0.811461 0.0648358 0.110855 0.112527 0.00143508
3 0.315389 0.312889 0.11059 0.112739 0.00140341
7 0.191288 0.313418 0.111726 0.11258 0.00139953
2 0.813064 0.932765 0.112724 0.113353 0.0013967
12 0.811449 0.0651728 0.110494 0.111685 0.0013781
10 0.0668512 0.93365 0.112241 0.113236 0.00137509
3 0.19183 0.685362 0.111902 0.113191 0.00135517
2 0.0671048 0.68525 0.114765 0.114879 0.00135416
3 0.43942 0.313078 0.110948 0.113337 0.00135176
5 0.56347 0.933505 0.109831 0.112854 0.00134979
1 0.936579 0.561179 0.113288 0.113384 0.00134808
4 0.563814 0.189376 0.112179 0.11339 0.00133129
13 0.439611 0.809826 0.111893 0.112101 0.00131194
3 0.811477 0.810238 0.112789 0.113928 0.00129943
13 0.68792 0.933588 0.109908 0.112957 0.00129776
2 0.813093 0.562023 0.109476 0.110781 0.00127578
7 0.687459 0.561124 0.1119 0.112919 0.00127532
9 0.935961 0.189021 0.112766 0.112849 0.00127059
2 0.564274 0.0644953 0.11014 0.113617 0.00125051
8 0.563996 0.933193 0.112779 0.113104 0.00124957
7 0.066758 0.43646 0.113167 0.113595 0.00123703
4 0.191288 0.313418 0.111726 0.11258 0.00123513
0 0.315933 0.561252 0.110705 0.114001 0.00123449
4 0.439859 0.809527 0.111774 0.112914 0.00122374
11 0.439597 0.0650862 0.112028 0.1137 0.00122067
8 0.811495 0.0649684 0.11036 0.111992 0.00120686
1 0.811632 0.561558 0.111863 0.112367 0.00119861
3 0.067413 0.188685 0.11288 0.113396 0.0011955
4 0.563398 0.56147 0.112148 0.112193 0.00117244
7 0.0676746 0.561754 0.112553 0.11228 0.00116897
12 0.0668065 0.93402 0.112565 0.113578 0.00116258
9 0.191069 0.189343 0.111781 0.112005 0.00116068
5 0.31523 0.685511 0.111403 0.111976 0.00114136
8 0.935932 0.561632 0.112834 0.114314 0.00113751
1 0.563351 0.0653694 0.111554 0.111879 0.0011354
11 0.686853 0.313033 0.111157 0.111327 0.00113534
2 0.315578 0.934247 0.112277 0.112757 0.00113481
11 0.93605 0.809808 0.113015 0.112925 0.00112798
11 0.811506 0.188967 0.113133 0.112705 0.0011276
0 0.563476 0.68506 0.111395 0.112949 0.00112043
1 0.191258 0.560838 0.112644 0.113217 0.00111685
1 0.439116 0.188935 0.112436 0.113472 0.00109741
6 0.0673912 0.3137 0.112803 0.112593 0.00108125
4 0.191081 0.437845 0.111991 0.109036 0.00107969
5 0.563827 0.43686 0.111247 0.11453 0.00107958
10 0.811535 0.685235 0.111636 0.113422 0.00107095
12 0.811598 0.561777 0.111092 0.112958 0.00106501
3 0.56355 0.189065 0.111436 0.112326 0.00106055
13 0.935711 0.932915 0.111939 0.112837 0.00105577
9 0.314753 0.685081 0.111461 0.1123 0.00105376
12 0.56379 0.685428 0.111609 0.111958 0.00103854
8 0.315933 0.561252 0.110705 0.114001 0.00103521
6 0.935895 0.0646439 0.113148 0.113311 0.00103095
7 0.0673912 0.3137 0.112803 0.112593 0.00103003
10 0.93605 0.809808 0.113015 0.112925 0.00102894
10 0.563476 0.68506 0.111395 0.112949 0.00102462
5 0.191711 0.0644312 0.111571 0.111928 0.00102342
4 0.811959 0.933615 0.111734 0.112428 0.00101802
9 0.439783 0.0652183 0.112753 0.113371 0.00101199
5 0.439279 0.809361 0.1122 0.11221 0.00101114
