3 0.563256 0.809807 0.11277 0.112728 0.986135
12 0.563932 0.933952 0.110853 0.112834 0.986134
0 0.935612 0.933406 0.112914 0.111495 0.985517
2 0.439137 0.934228 0.112412 0.113085 0.985428
12 0.315841 0.68514 0.111074 0.111557 0.985424
9 0.439252 0.0650056 0.110737 0.112272 0.985365
3 0.0670836 0.561462 0.112355 0.113455 0.985313
6 0.315885 0.80948 0.112102 0.112557 0.98523
3 0.191435 0.561423 0.111014 0.112691 0.985074
3 0.687441 0.934061 0.113337 0.113544 0.984917
6 0.191861 0.685306 0.112082 0.112411 0.984841
11 0.315425 0.93381 0.11121 0.112157 0.984705
12 0.563836 0.685228 0.110699 0.111729 0.984375
10 0.439674 0.80952 0.111856 0.111964 0.984349
4 0.563642 0.0649917 0.111354 0.112341 0.98408
12 0.936321 0.809288 0.111691 0.111761 0.983783
7 0.0671113 0.0652 0.112993 0.112802 0.983599
12 0.812684 0.933763 0.110801 0.113145 0.983512
9 0.06709 0.313447 0.113015 0.113329 0.983368
12 0.191433 0.0646256 0.111093 0.112128 0.983274
6 0.316055 0.437574 0.111881 0.11292 0.982858
6 0.314961 0.0649892 0.111397 0.112457 0.982714
10 0.191804 0.437411 0.11143 0.111526 0.982659
4 0.315647 0.189078 0.113123 0.112447 0.982453
13 0.0671351 0.685698 0.111928 0.111088 0.982029
5 0.8118 0.0657645 0.111844 0.111784 0.981956
11 0.0670808 0.810037 0.112926 0.112609 0.981832
4 0.439433 0.437104 0.112853 0.112305 0.981785
11 0.0668125 0.934514 0.113363 0.113591 0.981614
1 0.0670046 0.437636 0.112633 0.112602 0.981597
10 0.687747 0.80972 0.111201 0.111739 0.981374
1 0.191057 0.313325 0.111936 0.111908 0.981266
0 0.93578 0.685111 0.113139 0.111396 0.980838
11 0.439349 0.312882 0.112109 0.111908 0.980433
0 0.19146 0.933569 0.111174 0.111886 0.979997
4 0.564016 0.43688 0.113029 0.112905 0.979921
8 0.315374 0.313595 0.112485 0.112297 0.979832
9 0.687847 0.313496 0.111463 0.111326 0.979725
9 0.563726 0.561728 0.11214 0.111827 0.979572
9 0.439808 0.561495 0.112272 0.113265 0.979563
8 0.0672267 0.188945 0.111199 0.111704 0.979524
8 0.191188 0.189119 0.111446 0.112012 0.979515
10 0.935688 0.0655762 0.112869 0.112651 0.979492
11 0.563324 0.188895 0.111695 0.113243 0.979439
3 0.563199 0.313125 0.111307 0.111722 0.979201
13 0.439674 0.685377 0.111846 0.111641 0.979064
8 0.315946 0.5614 0.111959 0.112475 0.978923
1 0.687606 0.0646263 0.111782 0.113587 0.978897
5 0.687755 0.188831 0.112103 0.112568 0.978821
9 0.936226 0.313512 0.11129 0.111863 0.978813
8 0.811925 0.809885 0.111784 0.112092 0.978726
3 0.811775 0.437615 0.112008 0.11229 0.978521
6 0.812353 0.188995 0.112357 0.112441 0.978445
8 0.191718 0.809576 0.112169 0.11224 0.978417
7 0.687978 0.56179 0.112332 0.112739 0.978414
6 0.936678 0.561495 0.113168 0.112301 0.978395
6 0.81242 0.313161 0.112233 0.11221 0.978375
0 0.687558 0.437046 0.111766 0.112907 0.978357
13 0.936011 0.18884 0.112786 0.11263 0.978253
0 0.935952 0.437011 0.113235 0.112397 0.978101
2 0.687387 0.685776 0.111304 0.111855 0.978061
5 0.812029 0.685475 0.112464 0.111949 0.977863
0 0.439369 0.189016 0.112005 0.113527 0.977637
7 0.812336 0.561928 0.112442 0.112175 0.977176
2 0.315202 0.561464 0.111943 0.112338 0.00542193
1 0.440239 0.437395 0.112274 0.112189 0.00536668
12 0.811413 0.561961 0.111616 0.112809 0.00534424
1 0.687714 0.436528 0.112266 0.112447 0.00533525
1 0.56446 0.437112 0.111811 0.112339 0.00502134
12 0.439485 0.685164 0.11112 0.111623 0.00498542
2 0.191229 0.809759 0.112439 0.111923 0.0048845
2 0.315362 0.313164 0.111767 0.112556 0.00431115
3 0.688179 0.31356 0.112615 0.112911 0.00430071
2 0.0665704 0.18903 0.113664 0.111674 0.00420151
3 0.315885 0.80948 0.112102 0.112557 0.00390231
1 0.439388 0.188527 0.112277 0.113046 0.003883
2 0.812682 0.809161 0.112411 0.112564 0.00374168
0 0.68804 0.0637935 0.111308 0.113136 0.00359552
12 0.936393 0.313355 0.110757 0.11313 0.0035588
0 0.688136 0.313437 0.11179 0.11202 0.00351134
3 0.191861 0.685306 0.112082 0.112411 0.00337293
4 0.688254 0.809887 0.112368 0.113032 0.00332925
1 0.564208 0.0646514 0.111747 0.113085 0.0033229
3 0.936696 0.561206 0.112323 0.113585 0.00331818
7 0.439571 0.437598 0.111656 0.112407 0.00328239
12 0.688136 0.313437 0.11179 0.11202 0.00324728
10 0.812547 0.933834 0.110345 0.112724 0.00324287
2 0.688089 0.189167 0.113621 0.112578 0.00302559
3 0.812233 0.313505 0.111864 0.113104 0.00298037
1 0.315664 0.18874 0.111214 0.11142 0.00297517
3 0.811884 0.189123 0.112226 0.113673 0.00283574
12 0.686825 0.561701 0.110215 0.112372 0.00271121
0 0.0675258 0.31361 0.113221 0.113364 0.00266648
9 0.68837 0.933664 0.114056 0.112976 0.0026335
12 0.56411 0.561368 0.111946 0.113119 0.00257882
9 0.811343 0.437333 0.112064 0.111908 0.00251613
2 0.688025 0.064787 0.111247 0.112714 0.00247154
2 0.191137 0.188782 0.111041 0.112216 0.00245238
7 0.811636 0.93347 0.110154 0.111477 0.00242259
12 0.439634 0.0647426 0.112317 0.111613 0.00238882
6 0.811487 0.561635 0.11129 0.113137 0.00225868
12 0.439968 0.561311 0.111801 0.113261 0.00224325
12 0.935899 0.188731 0.110891 0.111304 0.00222349
3 0.688089 0.685417 0.111294 0.111517 0.00222288
13 0.811636 0.93347 0.110154 0.111477 0.00213557
13 0.066775 0.933728 0.11349 0.112876 0.00207775
5 0.56344 0.18857 0.111186 0.112659 0.00207082
1 0.688193 0.685629 0.112008 0.112482 0.00205715
10 0.067218 0.809679 0.11388 0.113582 0.00200294
10 0.0673616 0.934043 0.114327 0.11301 0.00198337
8 0.688207 0.685744 0.110621 0.111775 0.00192579
7 0.9366 0.561135 0.113095 0.112854 0.00192256
5 0.688383 0.933424 0.113738 0.113043 0.00189777
10 0.687579 0.189162 0.111394 0.112032 0.00188736
3 0.439627 0.561519 0.112104 0.112735 0.00187251
5 0.0666791 0.809328 0.113031 0.111468 0.00186728
11 0.0665968 0.685394 0.112716 0.111293 0.00184301
7 0.688254 0.809887 0.112368 0.113032 0.00184029
3 0.688089 0.189167 0.113621 0.112578 0.00183439
6 0.68822 0.561621 0.111929 0.11388 0.00182569
5 0.688208 0.809638 0.111877 0.112338 0.00182438
5 0.688193 0.685629 0.112008 0.112482 0.00182246
3 0.314961 0.0649892 0.111397 0.112457 0.00177243
5 0.066775 0.933728 0.11349 0.112876 0.00176854
11 0.811498 0.0651077 0.113505 0.111663 0.00176841
12 0.812694 0.437991 0.112046 0.111988 0.00174878
0 0.936432 0.313383 0.111195 0.113209 0.00167483
6 0.563893 0.685177 0.111205 0.111195 0.00166335
3 0.563908 0.561572 0.11267 0.11254 0.00165726
13 0.19113 0.43736 0.111604 0.111191 0.00164886
6 0.439571 0.437598 0.111656 0.112407 0.00158226
7 0.315308 0.809879 0.113192 0.112274 0.00157093
9 0.813111 0.933594 0.109357 0.112076 0.00157039
2 0.68837 0.933664 0.114056 0.112976 0.00155114
10 0.935696 0.189121 0.111101 0.11228 0.00153942
1 0.439798 0.933824 0.113549 0.113471 0.00153788
10 0.439553 0.313753 0.111332 0.111959 0.00152622
12 0.191574 0.561139 0.112 0.112267 0.00151956
12 0.0667169 0.685656 0.111551 0.111938 0.00150974
12 0.0676581 0.31358 0.112751 0.113357 0.00150955
1 0.191473 0.933432 0.111274 0.112507 0.00149307
7 0.191208 0.685564 0.112761 0.111769 0.00147673
4 0.192105 0.437966 0.111202 0.111155 0.00147245
7 0.811486 0.313066 0.111502 0.113379 0.00146201
11 0.688062 0.189309 0.114271 0.114334 0.00143303
3 0.936432 0.313383 0.111195 0.113209 0.00143254
2 0.315664 0.18874 0.111214 0.11142 0.00142803
1 0.811775 0.437615 0.112008 0.11229 0.00141915
3 0.439807 0.933885 0.112072 0.113346 0.00138684
12 0.687872 0.810021 0.112013 0.11133 0.00137073
10 0.315552 0.934147 0.111129 0.112836 0.00135521
3 0.315865 0.43758 0.112166 0.112572 0.00134683
5 0.439503 0.312735 0.111533 0.112119 0.00134092
1 0.56358 0.809444 0.112154 0.112081 0.00133016
2 0.564148 0.437049 0.111966 0.111731 0.00132805
4 0.191137 0.313758 0.111885 0.112988 0.00132144
7 0.315399 0.0649257 0.112259 0.113231 0.00127978
10 0.439193 0.685208 0.110978 0.111679 0.00127677
11 0.811509 0.809624 0.111055 0.111733 0.00126938
13 0.0666791 0.809328 0.113031 0.111468 0.00125631
13 0.936389 0.0649168 0.111854 0.111624 0.00124838
10 0.56344 0.18857 0.111186 0.112659 0.00124182
9 0.81151 0.809883 0.111467 0.112604 0.0012394
12 0.687671 0.933777 0.111283 0.111687 0.00122524
7 0.191516 0.437954 0.113166 0.112045 0.00121871
12 0.935688 0.0655762 0.112869 0.112651 0.0012127
4 0.688233 0.56157 0.111842 0.113307 0.00120904
6 0.812431 0.43795 0.111337 0.110957 0.00120177
0 0.0665105 0.436836 0.114395 0.111975 0.00119977
9 0.935841 0.685202 0.112039 0.111458 0.00119101
9 0.935965 0.437279 0.112413 0.112555 0.00118948
7 0.315934 0.438123 0.112858 0.113143 0.00118687
0 0.439968 0.561311 0.111801 0.113261 0.00117591
7 0.81187 0.189317 0.112854 0.113034 0.00115555
0 0.191129 0.313528 0.110947 0.112416 0.00115554
1 0.0665736 0.561563 0.112805 0.112312 0.00115399
4 0.687705 0.065041 0.111552 0.11313 0.00114677
5 0.315662 0.93399 0.112493 0.113374 0.00114462
10 0.936911 0.809041 0.110838 0.112028 0.00113824
4 0.688089 0.189167 0.113621 0.112578 0.00113301
7 0.0674468 0.685612 0.11339 0.112662 0.00112689
0 0.56411 0.561368 0.111946 0.113119 0.00112216
11 0.439698 0.685464 0.11183 0.111491 0.00111229
13 0.0666045 0.0652885 0.112996 0.111654 0.00110351
4 0.0670046 0.437636 0.112633 0.112602 0.00110193
2 0.439894 0.437286 0.112141 0.11158 0.00110135
5 0.439879 0.809527 0.111828 0.112013 0.00109117
2 0.563642 0.0649917 0.111354 0.112341 0.00108163
5 0.439898 0.934289 0.112833 0.112373 0.00107805
4 0.936323 0.0648959 0.111763 0.11261 0.00106995
9 0.935674 0.933648 0.111806 0.111568 0.00106955
3 0.811478 0.68578 0.112139 0.110816 0.00106677
8 0.0676581 0.31358 0.112751 0.113357 0.00106232
7 0.936182 0.189285 0.112496 0.112631 0.00105631
10 0.811479 0.0648867 0.11384 0.112069 0.00105589
10 0.0670324 0.685736 0.112435 0.112783 0.00105435
8 0.563475 0.188753 0.112582 0.113009 0.00105143
4 0.811446 0.685557 0.113094 0.111219 0.0010422
10 0.811532 0.685597 0.111457 0.111709 0.00103969
12 0.315663 0.438146 0.113425 0.112586 0.00103176
13 0.936365 0.80952 0.112343 0.111563 0.00103135
10 0.316066 0.188858 0.111355 0.11163 0.00101775
6 0.315841 0.68514 0.111074 0.111557 0.00101194
0 0.19153 0.18914 0.111183 0.112533 0.00101108
5 0.563498 0.0653496 0.112428 0.111618 0.00101018
8 0.439553 0.313753 0.111332 0.111959 0.00100172
