9 0.315414 0.809766 0.112025 0.111818 0.987459
3 0.315338 0.685131 0.112428 0.110896 0.986792
3 0.439311 0.0646936 0.111459 0.111682 0.986719
9 0.191917 0.933693 0.11202 0.113316 0.98634
8 0.687857 0.933932 0.112542 0.112869 0.986089
0 0.936136 0.933198 0.112741 0.111699 0.985456
9 0.0670222 0.934055 0.113616 0.113658 0.98489
10 0.439904 0.93367 0.11169 0.113071 0.984519
12 0.439897 0.809202 0.110526 0.11165 0.984413
8 0.811974 0.933868 0.112563 0.113312 0.984362
11 0.93653 0.809329 0.11272 0.111812 0.984271
1 0.315514 0.934055 0.112258 0.112776 0.9841
7 0.439707 0.685227 0.111208 0.112216 0.98381
5 0.067153 0.561699 0.113339 0.113196 0.983501
1 0.563717 0.933894 0.112094 0.113882 0.983365
10 0.315941 0.0644366 0.112092 0.112719 0.983248
5 0.0669508 0.0650419 0.112937 0.113526 0.982927
7 0.563206 0.0650144 0.111866 0.112851 0.982811
11 0.93565 0.065413 0.113224 0.113185 0.982625
7 0.191194 0.313249 0.113292 0.112075 0.982511
13 0.315751 0.312943 0.111257 0.111823 0.982414
7 0.191228 0.189183 0.113602 0.112792 0.982294
3 0.0669996 0.189301 0.112008 0.111862 0.982106
12 0.0670427 0.437272 0.112461 0.111983 0.981839
5 0.563859 0.685173 0.110771 0.112924 0.981771
11 0.315185 0.560759 0.112722 0.112718 0.981593
4 0.564135 0.80959 0.112826 0.113328 0.981457
1 0.191041 0.0643876 0.112311 0.113429 0.981447
13 0.191752 0.56131 0.110909 0.111822 0.981413
4 0.812766 0.809695 0.11345 0.113643 0.981184
1 0.314885 0.437124 0.111855 0.111755 0.981164
0 0.191686 0.685646 0.111906 0.11137 0.981046
0 0.19098 0.437125 0.112599 0.112583 0.980906
6 0.0664882 0.313118 0.111948 0.111553 0.980901
1 0.687948 0.809317 0.111575 0.113093 0.980892
4 0.439383 0.437292 0.113075 0.112829 0.980736
8 0.439564 0.561041 0.112142 0.112102 0.980563
13 0.0674295 0.685388 0.112964 0.111726 0.980349
1 0.314796 0.188979 0.112324 0.111784 0.980316
12 0.935918 0.68556 0.11234 0.111257 0.979926
9 0.439392 0.313304 0.111391 0.11297 0.979874
8 0.191451 0.80977 0.112559 0.112815 0.97985
3 0.563584 0.437671 0.112086 0.112268 0.979729
6 0.439761 0.188839 0.11255 0.112644 0.979652
9 0.687317 0.437403 0.11066 0.111471 0.979585
6 0.564162 0.313024 0.112898 0.112833 0.979531
9 0.687794 0.561375 0.111979 0.112013 0.979506
9 0.563542 0.561312 0.111536 0.112593 0.979381
10 0.687775 0.0645083 0.111939 0.113087 0.97937
4 0.688026 0.188845 0.11312 0.113501 0.979233
1 0.56327 0.189051 0.112375 0.113289 0.97918
1 0.812145 0.436929 0.112852 0.112492 0.979114
4 0.688077 0.312854 0.112564 0.112612 0.978858
0 0.0673361 0.809779 0.113196 0.113412 0.978814
9 0.936384 0.313482 0.110957 0.111497 0.978694
0 0.687814 0.685319 0.112134 0.112388 0.978665
0 0.812042 0.312807 0.112272 0.112583 0.978641
0 0.936 0.436826 0.113335 0.112486 0.978475
5 0.812217 0.561142 0.112804 0.113849 0.978467
4 0.936867 0.561075 0.113679 0.113231 0.978431
2 0.812246 0.685472 0.112233 0.112854 0.977966
6 0.936545 0.188641 0.113284 0.112033 0.977954
0 0.812021 0.0646988 0.112098 0.113194 0.97791
7 0.812504 0.188789 0.112186 0.11284 0.977837
12 0.191631 0.561485 0.111101 0.111331 0.0128334
2 0.439572 0.56122 0.111254 0.113331 0.00623689
3 0.564296 0.31268 0.112078 0.113096 0.00542166
1 0.68772 0.189373 0.112852 0.113216 0.00469931
1 0.687932 0.313672 0.112275 0.112583 0.00449735
1 0.936915 0.561272 0.113476 0.113571 0.00439202
0 0.688131 0.43733 0.110592 0.111884 0.00411092
0 0.688118 0.561317 0.110216 0.111138 0.00406189
12 0.811658 0.18918 0.11121 0.113297 0.0040319
0 0.812205 0.436355 0.11248 0.111837 0.00401901
3 0.935711 0.188753 0.112822 0.112349 0.00388609
1 0.439711 0.437568 0.112731 0.112545 0.00387609
5 0.811534 0.685544 0.113299 0.11152 0.00341852
10 0.81258 0.809457 0.112617 0.112909 0.00341565
3 0.439308 0.188379 0.110834 0.112589 0.00337039
0 0.563415 0.188433 0.112354 0.113412 0.00318969
11 0.812564 0.933539 0.112848 0.113703 0.00312438
1 0.563811 0.809666 0.112408 0.112638 0.00309696
11 0.811493 0.561429 0.112801 0.111953 0.00305518
1 0.812427 0.809605 0.113308 0.1134 0.00302509
8 0.688131 0.43733 0.110592 0.111884 0.00293991
1 0.812351 0.0644411 0.111003 0.113691 0.00286832
3 0.0663374 0.312799 0.110654 0.110799 0.00279531
10 0.936153 0.809453 0.111027 0.113067 0.00274562
1 0.812183 0.312637 0.112152 0.113537 0.00274267
0 0.688106 0.808916 0.110712 0.11183 0.00268796
2 0.191806 0.809725 0.111673 0.112519 0.00260122
4 0.688288 0.0648888 0.111929 0.113494 0.00258961
0 0.439504 0.313616 0.111535 0.111478 0.00248483
1 0.0667449 0.809522 0.114187 0.113152 0.00242117
0 0.191041 0.0643876 0.112311 0.113429 0.00233634
10 0.190932 0.313449 0.113013 0.112182 0.00232849
9 0.687913 0.933455 0.111539 0.112413 0.00227976
7 0.688288 0.0648888 0.111929 0.113494 0.0022412
0 0.813187 0.933943 0.109951 0.113851 0.00221935
8 0.315358 0.561314 0.112073 0.113078 0.00221594
12 0.0669628 0.685731 0.111593 0.112055 0.00220297
12 0.439872 0.0644464 0.111758 0.112192 0.00215629
1 0.687911 0.685062 0.112049 0.112126 0.00215405
12 0.688118 0.561317 0.110216 0.111138 0.00214142
8 0.936509 0.808871 0.112385 0.112789 0.00212482
4 0.935879 0.188695 0.113669 0.112739 0.00211478
9 0.811694 0.933302 0.110824 0.112391 0.0020786
7 0.936081 0.685591 0.110949 0.11386 0.00206951
12 0.936462 0.313286 0.110062 0.112357 0.00205063
6 0.811745 0.188869 0.11225 0.113492 0.00202113
11 0.439734 0.561134 0.111405 0.113529 0.00187524
0 0.563717 0.933646 0.111223 0.112336 0.00187361
7 0.0674678 0.31353 0.112581 0.111126 0.00183513
10 0.936118 0.064874 0.111057 0.112829 0.00183415
0 0.315243 0.4371 0.112529 0.112732 0.00182059
9 0.564402 0.438053 0.111647 0.112228 0.00178923
1 0.0663374 0.312799 0.110654 0.110799 0.00178788
13 0.936389 0.685591 0.112917 0.112125 0.00177934
12 0.564402 0.438053 0.111647 0.112228 0.00176256
12 0.688242 0.0650271 0.112747 0.113062 0.00175185
1 0.191533 0.685666 0.112386 0.111899 0.0017511
7 0.936743 0.561239 0.112667 0.112616 0.00174674
0 0.315578 0.933926 0.111639 0.113127 0.00174452
0 0.687913 0.933455 0.111539 0.112413 0.00171778
2 0.688272 0.808966 0.112644 0.112974 0.00170103
5 0.688242 0.0646817 0.112099 0.112869 0.00169776
3 0.688163 0.561387 0.111107 0.11179 0.00168117
0 0.936573 0.313304 0.111523 0.112956 0.00166956
8 0.688118 0.561317 0.110216 0.111138 0.00163743
8 0.813082 0.685573 0.108738 0.112254 0.00162889
10 0.936561 0.685269 0.111004 0.111247 0.00160675
1 0.812426 0.685239 0.11279 0.112262 0.00160096
0 0.314897 0.188664 0.11241 0.113276 0.00158177
8 0.936462 0.313286 0.110062 0.112357 0.00157355
11 0.191852 0.56162 0.11105 0.112111 0.00156591
2 0.813171 0.932868 0.110605 0.111954 0.00149647
12 0.688131 0.43733 0.110592 0.111884 0.00147044
13 0.936509 0.808871 0.112385 0.112789 0.00146748
4 0.688106 0.808916 0.110712 0.11183 0.00146704
2 0.813142 0.561533 0.112571 0.114958 0.00144228
8 0.19171 0.933743 0.111395 0.111155 0.00141742
11 0.192052 0.809677 0.111616 0.112636 0.00139306
1 0.191036 0.43678 0.112854 0.112576 0.00135432
11 0.688546 0.933878 0.113295 0.112479 0.0013361
13 0.440121 0.933657 0.111843 0.111651 0.00133229
8 0.439633 0.313592 0.111119 0.111378 0.00132074
13 0.936633 0.313215 0.110462 0.111918 0.00131799
13 0.315358 0.561314 0.112073 0.113078 0.00128668
10 0.0671522 0.0651665 0.112342 0.11295 0.00128091
12 0.439633 0.313592 0.111119 0.111378 0.00127749
9 0.936229 0.933517 0.111859 0.112129 0.00127697
7 0.688299 0.312922 0.112397 0.112604 0.00127351
7 0.688224 0.188781 0.112784 0.113583 0.00126673
10 0.0666452 0.437364 0.112351 0.111368 0.00126566
12 0.812351 0.0644411 0.111003 0.113691 0.00123225
13 0.688314 0.0646305 0.111821 0.112197 0.00123172
0 0.563589 0.561264 0.111872 0.11111 0.00120821
12 0.31569 0.0646428 0.112572 0.113083 0.00120809
4 0.0665234 0.437313 0.113348 0.111258 0.00117911
6 0.564099 0.438014 0.111962 0.112349 0.00117524
1 0.439382 0.189051 0.111592 0.112332 0.00116446
3 0.0670226 0.436592 0.111057 0.11272 0.00114761
2 0.937014 0.561517 0.113081 0.113148 0.00114575
7 0.0667968 0.684992 0.113298 0.111444 0.0011442
10 0.190811 0.189258 0.112664 0.112726 0.0011426
4 0.439308 0.188379 0.110834 0.112589 0.00114189
4 0.190834 0.313405 0.1125 0.112066 0.00113896
7 0.56399 0.31295 0.111949 0.112641 0.00113722
4 0.811658 0.18918 0.11121 0.113297 0.00113666
8 0.563661 0.56135 0.112435 0.111269 0.00113606
3 0.811619 0.685913 0.111862 0.111951 0.00112064
5 0.812071 0.80972 0.112697 0.112171 0.00111884
10 0.315456 0.560869 0.112024 0.113159 0.0011049
2 0.68766 0.561356 0.111354 0.111872 0.00109881
4 0.0663374 0.312799 0.110654 0.110799 0.00109832
4 0.563508 0.189302 0.112321 0.113288 0.00109724
2 0.812427 0.809605 0.113308 0.1134 0.00109084
8 0.936048 0.0646953 0.111058 0.111728 0.0010877
4 0.315126 0.189215 0.112415 0.113593 0.00108764
2 0.68772 0.189373 0.112852 0.113216 0.00107854
7 0.439711 0.437568 0.112731 0.112545 0.00107482
12 0.315112 0.313392 0.111594 0.111616 0.00107404
6 0.43973 0.437725 0.113151 0.111774 0.00107266
2 0.687932 0.313672 0.112275 0.112583 0.00107237
11 0.0674468 0.685347 0.112396 0.112117 0.0010697
7 0.811694 0.808975 0.113033 0.115237 0.0010626
9 0.0675537 0.809748 0.113666 0.113892 0.00106202
9 0.0668948 0.188507 0.112366 0.112996 0.00105864
9 0.935927 0.437045 0.112785 0.112546 0.00105722
6 0.811645 0.809542 0.11483 0.113133 0.00105679
6 0.688067 0.313448 0.112899 0.111782 0.00104984
4 0.56358 0.933708 0.110922 0.112786 0.0010481
1 0.563584 0.437671 0.112086 0.112268 0.00104565
10 0.811519 0.561318 0.111572 0.112066 0.00104216
1 0.439741 0.0646436 0.111567 0.112486 0.00104157
7 0.936347 0.188976 0.112597 0.112428 0.00102388
3 0.812306 0.56089 0.11164 0.11178 0.00101849
11 0.315417 0.313174 0.112497 0.113096 0.00101705
4 0.440034 0.685221 0.11188 0.11288 0.00101466
12 0.440254 0.93387 0.112593 0.113458 0.00101412
10 0.563731 0.685002 0.111628 0.1127 0.00101385
7 0.439665 0.188677 0.11161 0.112489 0.00101209
10 0.315417 0.313174 0.112497 0.113096 0.00101111
