9 0.315163 0.933915 0.111913 0.113181 0.987198
13 0.439448 0.809835 0.112554 0.114002 0.985606
3 0.563946 0.685394 0.112281 0.112904 0.985336
11 0.191173 0.934103 0.112585 0.114594 0.984812
3 0.811889 0.933928 0.113171 0.114342 0.984693
5 0.0671386 0.685307 0.112588 0.113407 0.984227
2 0.191294 0.685454 0.111542 0.112293 0.983883
7 0.315247 0.189255 0.112207 0.112551 0.983692
13 0.191645 0.313532 0.11111 0.11231 0.983646
1 0.191125 0.809559 0.111291 0.111909 0.983612
0 0.439643 0.933847 0.112608 0.113254 0.983598
8 0.066454 0.313562 0.11316 0.112839 0.983582
7 0.935544 0.0650636 0.11492 0.114288 0.983344
13 0.191623 0.189118 0.111918 0.112622 0.983278
6 0.563841 0.934108 0.111926 0.114105 0.983174
11 0.0667747 0.0648411 0.113912 0.113465 0.982918
5 0.314945 0.437327 0.11268 0.11261 0.982549
1 0.936477 0.809547 0.112708 0.112617 0.982547
12 0.688216 0.933982 0.111991 0.114645 0.982519
7 0.811355 0.0655241 0.114063 0.113167 0.98245
7 0.0670536 0.933842 0.114341 0.114862 0.982235
2 0.687919 0.809596 0.112305 0.112827 0.982151
11 0.0667544 0.189018 0.113443 0.112944 0.982134
11 0.563619 0.810019 0.111283 0.113005 0.982103
1 0.190338 0.561267 0.112035 0.112206 0.981938
1 0.0670215 0.43671 0.11161 0.111128 0.981917
10 0.191355 0.0646906 0.112055 0.11382 0.981903
0 0.315031 0.809502 0.11206 0.112476 0.981858
5 0.439401 0.685472 0.110522 0.112155 0.981738
12 0.315209 0.685674 0.111301 0.112509 0.981535
6 0.563753 0.0651581 0.112502 0.114079 0.9812
0 0.812005 0.8092 0.112149 0.1124 0.980955
5 0.439417 0.313566 0.112569 0.113136 0.980916
8 0.935939 0.933901 0.113547 0.114254 0.980895
0 0.315018 0.312656 0.112558 0.112693 0.980698
2 0.315167 0.0643467 0.112389 0.112402 0.980688
0 0.191246 0.437461 0.112154 0.112048 0.980562
1 0.439455 0.065018 0.111237 0.112605 0.980553
11 0.314313 0.561306 0.111902 0.113387 0.980196
12 0.936279 0.685396 0.112682 0.112938 0.980165
0 0.066 0.559342 0.112668 0.113804 0.979931
9 0.439195 0.437899 0.11111 0.111843 0.979866
0 0.0670035 0.80935 0.112801 0.111655 0.979453
2 0.439434 0.188653 0.111747 0.112056 0.97922
7 0.563898 0.189138 0.112109 0.112549 0.978999
3 0.563767 0.561692 0.11223 0.112376 0.978989
13 0.935912 0.437342 0.114096 0.114239 0.97887
5 0.68759 0.313121 0.111707 0.113145 0.978733
1 0.687649 0.064833 0.11187 0.113353 0.978717
7 0.687684 0.685219 0.112255 0.112039 0.978615
4 0.812076 0.188615 0.113419 0.114122 0.978598
7 0.687789 0.437901 0.111291 0.112031 0.978562
3 0.811706 0.437634 0.112387 0.112936 0.978389
4 0.936151 0.188664 0.114032 0.114517 0.978197
8 0.93623 0.561728 0.111261 0.111516 0.978084
8 0.439163 0.561745 0.112845 0.112679 0.978064
0 0.687742 0.188751 0.112234 0.112836 0.978034
0 0.811899 0.313095 0.112727 0.112114 0.977989
2 0.563374 0.4373 0.111775 0.11256 0.977567
2 0.563657 0.312938 0.111731 0.113307 0.977492
2 0.687989 0.561493 0.111406 0.11135 0.977289
8 0.812132 0.561794 0.112123 0.112123 0.977282
2 0.936614 0.312794 0.11273 0.112319 0.976818
8 0.812301 0.685774 0.112345 0.112718 0.976765
6 0.68789 0.93368 0.110763 0.112683 0.0196821
6 0.315194 0.685454 0.111252 0.111734 0.0157194
6 0.936441 0.685012 0.111691 0.113053 0.01568
2 0.0664104 0.313769 0.113442 0.111484 0.0127576
2 0.936247 0.560924 0.113261 0.110942 0.0096782
2 0.812349 0.685408 0.112217 0.111353 0.00904637
2 0.811975 0.561462 0.111259 0.11213 0.00796616
9 0.811514 0.933637 0.113224 0.112649 0.00781396
2 0.438962 0.561569 0.112532 0.113881 0.00681087
1 0.563216 0.438005 0.109607 0.111885 0.00648403
0 0.688046 0.0638675 0.111538 0.113049 0.00509021
11 0.686751 0.313409 0.110854 0.111825 0.00501573
12 0.811401 0.0650696 0.112027 0.112307 0.00428283
1 0.563368 0.313367 0.111185 0.112264 0.00410138
1 0.812085 0.188845 0.112483 0.114483 0.0040261
1 0.936057 0.31329 0.110996 0.112727 0.00383217
12 0.439707 0.43814 0.11173 0.113182 0.00370598
3 0.563789 0.933576 0.111811 0.113001 0.00366024
11 0.811545 0.685479 0.110419 0.111719 0.00365796
1 0.936217 0.188963 0.113227 0.114587 0.00348362
11 0.811399 0.561427 0.109783 0.111671 0.00341137
2 0.935805 0.934121 0.114045 0.114077 0.00336421
9 0.811367 0.437351 0.111562 0.11305 0.00308213
2 0.688054 0.0650086 0.110156 0.111572 0.00303308
12 0.811561 0.933657 0.112895 0.113513 0.00294912
1 0.0660323 0.559252 0.113282 0.113948 0.00292126
11 0.439242 0.56146 0.11254 0.113714 0.00282591
1 0.688257 0.810052 0.111936 0.11272 0.00278446
4 0.0667901 0.93359 0.115458 0.114396 0.00276671
0 0.439857 0.438148 0.112904 0.113987 0.00268462
12 0.686755 0.437539 0.110506 0.112827 0.00261187
1 0.688232 0.561594 0.11196 0.112438 0.00259451
11 0.314927 0.43653 0.110663 0.110134 0.00249024
5 0.936184 0.31264 0.11317 0.113136 0.00247145
11 0.935853 0.934046 0.11111 0.113133 0.00245029
12 0.811418 0.437306 0.110824 0.113102 0.00237521
5 0.688257 0.810052 0.111936 0.11272 0.00236751
4 0.935544 0.0650636 0.11492 0.114288 0.00231308
5 0.688232 0.561594 0.11196 0.112438 0.00227074
5 0.314177 0.561487 0.112499 0.113243 0.00222237
0 0.439408 0.0644777 0.111124 0.113446 0.00220374
2 0.688054 0.313261 0.11296 0.113429 0.00219716
1 0.439256 0.188663 0.112442 0.111739 0.00219468
3 0.688358 0.809476 0.110925 0.112193 0.002037
7 0.936088 0.685276 0.111725 0.114116 0.00202737
12 0.936019 0.0648766 0.113438 0.113125 0.00196932
7 0.811446 0.188047 0.113104 0.115257 0.00196318
4 0.688358 0.809476 0.110925 0.112193 0.00193115
3 0.563753 0.0651581 0.112502 0.114079 0.00192935
1 0.0666019 0.809072 0.113623 0.112091 0.00192675
3 0.190773 0.684935 0.112276 0.111674 0.00190801
0 0.936625 0.809367 0.111832 0.1128 0.00189454
4 0.688455 0.685421 0.112865 0.113121 0.00187376
7 0.935533 0.188807 0.112256 0.112389 0.00186748
0 0.0674504 0.313673 0.112289 0.112687 0.00179913
8 0.688095 0.188448 0.111965 0.113263 0.001771
10 0.19092 0.188795 0.113269 0.113094 0.00174381
5 0.0662944 0.189389 0.114115 0.113935 0.00171595
5 0.191415 0.68522 0.111898 0.112513 0.0016804
7 0.564294 0.0652433 0.112848 0.11389 0.00165414
6 0.811337 0.0645578 0.111789 0.1118 0.00161296
5 0.563967 0.810328 0.111927 0.113156 0.00157413
13 0.686877 0.437207 0.112292 0.112546 0.00151447
0 0.0665101 0.435291 0.111911 0.110829 0.00151191
1 0.315486 0.0641836 0.111631 0.112889 0.00150034
3 0.439363 0.437739 0.111442 0.113476 0.00148699
6 0.935934 0.0645317 0.112802 0.112654 0.00147361
3 0.688491 0.56141 0.11102 0.111016 0.00147233
2 0.812085 0.188845 0.112483 0.114483 0.00144471
3 0.688338 0.933066 0.112691 0.112463 0.00143427
10 0.0663728 0.685473 0.112758 0.113299 0.00143217
10 0.439585 0.685644 0.112323 0.112897 0.00139851
0 0.93625 0.561713 0.111689 0.112393 0.00139184
10 0.439551 0.313183 0.111584 0.112196 0.00138349
5 0.563477 0.437586 0.112207 0.112552 0.0013728
11 0.935954 0.56152 0.110244 0.113168 0.00136743
3 0.564032 0.437719 0.11194 0.112015 0.00136582
0 0.688343 0.9334 0.113339 0.112751 0.00135818
4 0.688491 0.56141 0.11102 0.111016 0.00134516
3 0.564057 0.313463 0.111938 0.112075 0.00132389
6 0.688204 0.437604 0.110743 0.113737 0.00132052
7 0.440463 0.809818 0.112577 0.113828 0.00130225
10 0.935895 0.437021 0.111537 0.112294 0.00130179
3 0.688054 0.313261 0.11296 0.113429 0.00129275
2 0.813058 0.933759 0.11182 0.111319 0.00127094
13 0.191501 0.0648169 0.112113 0.11209 0.00126539
10 0.688126 0.437929 0.110529 0.113556 0.00126263
5 0.813077 0.933469 0.112923 0.109987 0.00125511
6 0.812284 0.437952 0.11208 0.112884 0.0012502
9 0.812517 0.809172 0.111643 0.112628 0.00123701
5 0.0662914 0.0651513 0.114895 0.114745 0.00122872
9 0.439643 0.933847 0.112608 0.113254 0.00122163
4 0.811355 0.0655241 0.114063 0.113167 0.0012205
1 0.564026 0.93363 0.11149 0.11259 0.00121783
10 0.191132 0.313066 0.112389 0.11302 0.00121571
7 0.191623 0.189118 0.111918 0.112622 0.00120263
9 0.936585 0.437845 0.108769 0.116121 0.00120116
1 0.563664 0.561669 0.111931 0.112233 0.00120033
5 0.191177 0.93407 0.113004 0.114621 0.00119144
1 0.191064 0.437037 0.112347 0.111993 0.00119105
1 0.315018 0.312656 0.112558 0.112693 0.00118833
11 0.19092 0.188795 0.113269 0.113094 0.00118517
4 0.936477 0.809547 0.112708 0.112617 0.00118364
4 0.56394 0.685633 0.110677 0.111987 0.00118025
4 0.688526 0.438007 0.110698 0.114156 0.00117327
3 0.936131 0.313347 0.112117 0.110498 0.00117222
0 0.190351 0.560973 0.112092 0.112806 0.00116957
1 0.191295 0.685088 0.112242 0.112093 0.00116847
8 0.935927 0.313409 0.112179 0.111488 0.00116591
4 0.563772 0.561799 0.111176 0.111913 0.00115858
10 0.687394 0.313193 0.111185 0.111871 0.00115293
4 0.191125 0.809559 0.111291 0.111909 0.00115192
0 0.191102 0.809518 0.111818 0.112579 0.00114251
9 0.811732 0.313601 0.112271 0.1129 0.00114152
4 0.564057 0.313463 0.111938 0.112075 0.00112456
4 0.563789 0.933576 0.111811 0.113001 0.00111183
4 0.190338 0.561267 0.112035 0.112206 0.00111141
10 0.314731 0.437591 0.111876 0.112229 0.0010949
12 0.315796 0.934059 0.112553 0.111619 0.00108863
2 0.936217 0.188963 0.113227 0.114587 0.00108805
5 0.314978 0.0647796 0.112146 0.111254 0.0010768
9 0.191132 0.313066 0.112389 0.11302 0.00107418
11 0.191132 0.313066 0.112389 0.11302 0.00107385
7 0.191645 0.313532 0.11111 0.11231 0.00106538
6 0.563946 0.685678 0.111894 0.112533 0.00106507
4 0.564032 0.437719 0.11194 0.112015 0.00106328
7 0.564135 0.934222 0.112214 0.113884 0.00104723
8 0.563216 0.438005 0.109607 0.111885 0.00102779
5 0.563522 0.313323 0.112408 0.112431 0.00101994
8 0.688244 0.561527 0.110987 0.111937 0.00101606
1 0.811883 0.31263 0.112299 0.112851 0.0010128
9 0.687521 0.189213 0.111955 0.113188 0.0010021
12 0.56363 0.685661 0.11117 0.112129 0.00100118
