6 0.93555 0.933587 0.114 0.113414 0.986755
5 0.31611 0.809426 0.110676 0.1128 0.98624
10 0.191892 0.809594 0.112027 0.112365 0.985588
13 0.56361 0.933901 0.111867 0.114234 0.985503
10 0.191792 0.685511 0.112627 0.112609 0.985282
7 0.0674682 0.80972 0.112355 0.112351 0.984791
10 0.316065 0.933923 0.111209 0.11241 0.984678
7 0.0671759 0.934019 0.1129 0.11315 0.984652
6 0.563685 0.809793 0.112352 0.112976 0.98425
10 0.191491 0.561404 0.112023 0.112516 0.984234
10 0.439317 0.0645975 0.111491 0.113135 0.9841
10 0.0674458 0.561609 0.113455 0.113022 0.983871
10 0.936201 0.809914 0.113149 0.112319 0.983837
13 0.191423 0.0648848 0.113361 0.114555 0.983819
13 0.0670894 0.0651519 0.114801 0.11497 0.983782
3 0.811347 0.810116 0.113515 0.113759 0.983638
12 0.439528 0.934149 0.112256 0.11414 0.983541
10 0.439567 0.685238 0.112463 0.113511 0.983443
11 0.0668644 0.437297 0.112792 0.112438 0.98317
1 0.315716 0.68512 0.11181 0.112501 0.983153
7 0.315302 0.18917 0.113519 0.112539 0.983147
3 0.315527 0.437656 0.111607 0.113229 0.982989
4 0.315211 0.0649034 0.112604 0.112683 0.982939
9 0.563615 0.685521 0.112302 0.113408 0.982767
1 0.439441 0.809507 0.112426 0.112761 0.982273
8 0.687832 0.934089 0.112804 0.113081 0.982265
10 0.191257 0.313058 0.112215 0.113675 0.982167
9 0.0671127 0.68563 0.113223 0.11312 0.981765
10 0.687696 0.809801 0.111932 0.113654 0.981665
13 0.687844 0.0653168 0.112182 0.1143 0.9814
2 0.0672112 0.189032 0.111803 0.111508 0.980965
5 0.936082 0.685529 0.112512 0.112979 0.980828
10 0.563657 0.312868 0.112805 0.114049 0.979975
9 0.439703 0.188944 0.11155 0.112859 0.979886
4 0.935649 0.0651278 0.113029 0.113376 0.979776
3 0.439249 0.43732 0.111968 0.112433 0.979656
0 0.190995 0.189058 0.112816 0.11245 0.979609
6 0.563967 0.437113 0.112385 0.112648 0.979547
0 0.190998 0.437317 0.112341 0.112132 0.979521
9 0.687553 0.685259 0.11173 0.112066 0.979339
12 0.812376 0.188527 0.112074 0.112702 0.97932
8 0.315118 0.313407 0.112604 0.112175 0.979191
0 0.192072 0.933978 0.111809 0.111558 0.979154
9 0.811593 0.0649866 0.112138 0.111776 0.979116
9 0.812544 0.685487 0.112378 0.113148 0.979097
5 0.440003 0.561195 0.11089 0.112258 0.978931
6 0.812756 0.436954 0.112334 0.112175 0.978723
1 0.563596 0.188978 0.112408 0.113457 0.97864
3 0.687739 0.437282 0.111756 0.112495 0.978553
1 0.439113 0.313099 0.112517 0.113148 0.978528
5 0.68774 0.188655 0.112407 0.113411 0.978462
0 0.315163 0.561538 0.112266 0.112336 0.978368
8 0.0672675 0.313169 0.112764 0.112757 0.978282
6 0.812483 0.312966 0.113142 0.11247 0.978133
9 0.936303 0.313745 0.111111 0.112042 0.978054
10 0.936895 0.561327 0.112524 0.113005 0.978032
2 0.687939 0.312993 0.111626 0.111795 0.977856
0 0.563279 0.0654402 0.111587 0.111706 0.977642
8 0.811669 0.933841 0.112037 0.11272 0.977595
8 0.563952 0.561178 0.112491 0.113955 0.976992
5 0.93652 0.188305 0.112965 0.11389 0.976983
8 0.812241 0.561286 0.112726 0.113274 0.976931
8 0.936094 0.436951 0.112765 0.113434 0.97687
8 0.687905 0.561346 0.112123 0.112685 0.976606
4 0.93603 0.809311 0.112527 0.114186 0.0160638
2 0.688156 0.560953 0.111917 0.112472 0.0157851
2 0.563855 0.561152 0.112547 0.113074 0.0131416
4 0.191368 0.313058 0.111421 0.112716 0.0120061
2 0.315554 0.313257 0.112421 0.113446 0.0103893
2 0.936108 0.436662 0.111316 0.112986 0.0102914
2 0.812023 0.561201 0.111484 0.113037 0.00726658
2 0.0668987 0.313202 0.113561 0.113464 0.00720693
2 0.688105 0.934124 0.113247 0.113112 0.00655025
11 0.0664501 0.0652668 0.113762 0.113341 0.00621013
3 0.936149 0.313412 0.112059 0.113454 0.00612142
12 0.936239 0.313532 0.111907 0.112878 0.00605346
4 0.93625 0.560867 0.112013 0.113742 0.00603706
2 0.811334 0.933916 0.112149 0.112534 0.00585844
6 0.81234 0.189232 0.111907 0.113932 0.00528554
4 0.688197 0.809987 0.111934 0.113843 0.00492386
4 0.191491 0.561404 0.112023 0.112516 0.00491047
3 0.811643 0.685763 0.110579 0.112834 0.00455424
4 0.439317 0.0645975 0.111491 0.113135 0.00445131
10 0.687763 0.18897 0.111906 0.112466 0.00393729
1 0.191092 0.188773 0.111636 0.112228 0.00390123
0 0.688176 0.68523 0.111953 0.112811 0.00388867
7 0.93603 0.809311 0.112527 0.114186 0.00387048
12 0.811643 0.685763 0.110579 0.112834 0.0037618
1 0.31533 0.560884 0.112717 0.113486 0.00365295
8 0.688126 0.31327 0.111445 0.113602 0.00362513
4 0.315718 0.933428 0.112021 0.113181 0.00361355
1 0.19106 0.436809 0.111448 0.113914 0.00352384
10 0.0670957 0.436477 0.109877 0.112204 0.00349808
1 0.563632 0.0639867 0.111976 0.114049 0.0034977
4 0.191425 0.809141 0.112768 0.112952 0.00346174
4 0.563561 0.313751 0.110658 0.114197 0.00345788
12 0.688176 0.68523 0.111953 0.112811 0.0033829
3 0.564023 0.809617 0.111523 0.11214 0.0033267
3 0.935494 0.933636 0.112584 0.113414 0.00327977
11 0.19089 0.0651352 0.111548 0.112899 0.00324964
1 0.811652 0.437481 0.112679 0.112016 0.00324864
7 0.935826 0.0647897 0.110223 0.111501 0.0032135
4 0.0674458 0.561609 0.113455 0.113022 0.00314628
3 0.812154 0.313457 0.112821 0.113611 0.00310877
13 0.935929 0.809702 0.110878 0.112276 0.00305905
4 0.439755 0.685407 0.113764 0.113413 0.00305064
1 0.811603 0.312854 0.111429 0.114561 0.00299799
7 0.93625 0.560867 0.112013 0.113742 0.00298302
7 0.688197 0.809987 0.111934 0.113843 0.00298097
6 0.439839 0.934457 0.112907 0.11442 0.00297826
1 0.936267 0.0651094 0.111984 0.113821 0.00293477
13 0.43944 0.685162 0.111543 0.112126 0.00292119
13 0.936238 0.561417 0.110446 0.111736 0.00291776
13 0.687757 0.809826 0.111144 0.112359 0.00278849
3 0.564257 0.43723 0.111864 0.112166 0.00278489
1 0.315583 0.0645704 0.11273 0.11304 0.00274491
4 0.191792 0.685511 0.112627 0.112609 0.00263193
12 0.812101 0.0645997 0.112392 0.112415 0.00261254
0 0.813098 0.685435 0.112306 0.112381 0.00260467
12 0.439209 0.189181 0.112451 0.112187 0.00256628
1 0.688111 0.31312 0.113107 0.113878 0.00255082
5 0.688031 0.809746 0.111905 0.113095 0.00253221
11 0.811669 0.933841 0.112037 0.11272 0.00250761
3 0.812662 0.436758 0.113545 0.113374 0.00249008
12 0.439654 0.43734 0.111497 0.111908 0.00238349
13 0.191397 0.809427 0.111714 0.112357 0.00235593
13 0.191412 0.685206 0.112009 0.11235 0.00233595
0 0.56373 0.18858 0.111979 0.113563 0.002239
3 0.688224 0.685331 0.113458 0.113166 0.00223455
0 0.936001 0.437177 0.110976 0.112195 0.00221776
3 0.563958 0.685663 0.112142 0.113062 0.00221248
1 0.935477 0.933692 0.111899 0.113728 0.00200352
12 0.563875 0.685376 0.112446 0.114025 0.00200177
0 0.812969 0.0645621 0.109463 0.112752 0.00197579
13 0.191156 0.561029 0.111037 0.111782 0.00196765
12 0.0671288 0.685209 0.112997 0.114384 0.00192543
1 0.563707 0.43704 0.112453 0.112799 0.00189862
2 0.936267 0.0651094 0.111984 0.113821 0.00187864
12 0.687892 0.437402 0.111339 0.112014 0.00187592
11 0.811524 0.561049 0.111516 0.11313 0.00187509
2 0.688095 0.188956 0.113306 0.113513 0.00185362
5 0.0665035 0.436632 0.114045 0.112762 0.00181538
6 0.688133 0.437992 0.112179 0.112485 0.00178001
11 0.688511 0.934197 0.112965 0.11308 0.00177533
13 0.0668644 0.437297 0.112792 0.112438 0.00171901
3 0.811536 0.0649638 0.111714 0.111836 0.00170848
9 0.688203 0.437625 0.11145 0.111752 0.00169197
1 0.811529 0.809789 0.111871 0.112325 0.00169066
7 0.191522 0.313385 0.1124 0.113246 0.00167088
10 0.93616 0.189045 0.111686 0.11237 0.00166117
12 0.811505 0.810196 0.111512 0.112338 0.00165987
11 0.688071 0.189036 0.113745 0.114915 0.00165512
7 0.314957 0.0646562 0.111703 0.112465 0.0016438
2 0.688203 0.437625 0.11145 0.111752 0.00162733
0 0.06774 0.313691 0.111418 0.113704 0.00161764
6 0.811505 0.810196 0.111512 0.112338 0.00160737
8 0.0665012 0.189139 0.113697 0.112205 0.00156531
1 0.191865 0.933284 0.112243 0.11376 0.0015647
0 0.813006 0.189397 0.11075 0.115754 0.00154945
10 0.0673272 0.0652501 0.111845 0.11252 0.00153041
13 0.439348 0.064408 0.111013 0.111917 0.00152096
9 0.811473 0.933195 0.111404 0.111846 0.00150355
0 0.439385 0.313386 0.111227 0.112978 0.00147892
0 0.56365 0.685158 0.112654 0.112575 0.00143945
3 0.688073 0.313702 0.111262 0.113336 0.00143157
5 0.936131 0.80985 0.111157 0.11148 0.00142897
4 0.0674682 0.80972 0.112355 0.112351 0.00142717
13 0.191405 0.313224 0.111823 0.112178 0.00141923
11 0.563917 0.561097 0.112545 0.113978 0.00140794
4 0.439445 0.313376 0.112383 0.112909 0.0013742
9 0.688062 0.0644528 0.112124 0.114685 0.00137299
9 0.563388 0.933525 0.110962 0.113633 0.00136944
1 0.0672559 0.189322 0.1111 0.111327 0.00136449
10 0.936199 0.0647528 0.11212 0.113941 0.00136088
4 0.439557 0.809392 0.111861 0.11237 0.00135326
6 0.315764 0.437965 0.113122 0.112975 0.00135312
2 0.9362 0.685145 0.112685 0.114236 0.00132499
4 0.0671759 0.934019 0.1129 0.11315 0.00132408
7 0.439294 0.0648611 0.111098 0.112976 0.00131064
1 0.563875 0.809884 0.111805 0.112463 0.00129469
7 0.439447 0.685274 0.112071 0.112615 0.00129281
11 0.687988 0.561063 0.112138 0.113083 0.00128983
4 0.9362 0.685145 0.112685 0.114236 0.00127786
7 0.0668407 0.56088 0.111996 0.113209 0.0012678
0 0.688567 0.933619 0.113404 0.112463 0.00126468
13 0.3159 0.934 0.111686 0.111646 0.0012598
10 0.191628 0.0646639 0.110858 0.111777 0.00125101
3 0.936105 0.685473 0.111655 0.112983 0.00124133
11 0.315055 0.313315 0.112395 0.111811 0.00124028
13 0.0669034 0.561452 0.112366 0.112389 0.00122171
12 0.563592 0.933991 0.11138 0.112218 0.00121333
6 0.439654 0.43734 0.111497 0.111908 0.0012044
0 0.688162 0.561301 0.112333 0.113099 0.00120117
9 0.687774 0.933674 0.112304 0.113201 0.00118414
3 0.0665012 0.189139 0.113697 0.112205 0.00116812
4 0.315716 0.68512 0.11181 0.112501 0.00113193
11 0.935781 0.436988 0.113304 0.113322 0.00112358
9 0.439466 0.436655 0.112418 0.113094 0.00112326
4 0.56373 0.18858 0.111979 0.113563 0.00110819
10 0.438995 0.560799 0.112344 0.111947 0.00110387
5 0.191414 0.313361 0.112111 0.113202 0.00110284
6 0.936138 0.0645948 0.112756 0.11311 0.00108021
7 0.315737 0.933456 0.112212 0.112902 0.00107856
7 0.564023 0.809617 0.111523 0.11214 0.00107683
7 0.935494 0.933636 0.112584 0.113414 0.00107681
4 0.935713 0.188917 0.113101 0.113658 0.00107288
12 0.31534 0.437049 0.111441 0.112378 0.00106746
11 0.687844 0.0653168 0.112182 0.1143 0.00106617
1 0.315556 0.437442 0.112608 0.112663 0.00106522
0 0.439676 0.809449 0.112229 0.113036 0.00106207
0 0.315659 0.685016 0.112127 0.113136 0.00105985
7 0.19129 0.809268 0.112196 0.112503 0.00105948
3 0.811584 0.189099 0.111768 0.114056 0.00105063
7 0.563608 0.313299 0.112588 0.113401 0.00103995
7 0.190969 0.561042 0.111742 0.112367 0.00103774
3 0.688071 0.189036 0.113745 0.114915 0.00103187
11 0.439422 0.56078 0.110201 0.112741 0.00102141
2 0.314994 0.80913 0.112157 0.112187 0.00102138
4 0.688095 0.188956 0.113306 0.113513 0.00101908
0 0.813068 0.562022 0.112352 0.113593 0.0010149
11 0.56361 0.933901 0.111867 0.114234 0.00101032
10 0.315117 0.0645378 0.112041 0.112548 0.00100906
10 0.68715 0.0646629 0.111209 0.112061 0.00100824
3 0.0671127 0.68563 0.113223 0.11312 0.00100621
