9 0.43906 0.933819 0.112329 0.11263 0.986774
3 0.438731 0.0652646 0.111217 0.112029 0.98559
11 0.811329 0.933873 0.111959 0.112404 0.985448
9 0.935724 0.933908 0.114149 0.112036 0.985316
10 0.06699 0.934059 0.112815 0.113487 0.985214
2 0.563147 0.0652516 0.111399 0.112651 0.984981
5 0.563876 0.809577 0.111016 0.112322 0.984951
1 0.315362 0.933931 0.112093 0.112621 0.984946
4 0.0677655 0.809463 0.112736 0.113238 0.984729
10 0.0669313 0.685636 0.113005 0.112067 0.984406
1 0.563768 0.933904 0.112007 0.113369 0.984275
12 0.314942 0.0649824 0.1124 0.112828 0.984185
4 0.191336 0.437535 0.112483 0.113186 0.984179
11 0.687543 0.933947 0.112273 0.11272 0.983727
10 0.0669088 0.561688 0.113316 0.112332 0.983722
12 0.191098 0.80978 0.113089 0.112921 0.983665
10 0.439599 0.809779 0.112338 0.113347 0.983195
5 0.3159 0.313468 0.111657 0.112258 0.983019
3 0.687643 0.0651775 0.111352 0.112788 0.98299
13 0.191135 0.189569 0.111826 0.11252 0.98245
13 0.315479 0.561604 0.112325 0.111084 0.982356
11 0.315396 0.809663 0.111541 0.112203 0.982329
13 0.066724 0.31378 0.113427 0.113132 0.981922
2 0.315004 0.43686 0.11166 0.112521 0.98165
1 0.687786 0.80938 0.112049 0.113381 0.981562
12 0.0675102 0.437169 0.114117 0.11278 0.98145
2 0.438833 0.189363 0.111217 0.112627 0.981266
13 0.191335 0.933649 0.111776 0.112334 0.980965
13 0.191286 0.685079 0.112674 0.111109 0.980838
1 0.314977 0.188962 0.11212 0.111874 0.980838
0 0.812115 0.809291 0.112482 0.112701 0.980802
1 0.191084 0.0645118 0.111733 0.113199 0.980772
8 0.191357 0.313289 0.111436 0.111866 0.980737
4 0.56383 0.561129 0.112957 0.113407 0.979933
8 0.191105 0.56133 0.111498 0.111684 0.979853
2 0.563406 0.685132 0.111287 0.111963 0.97971
2 0.0674429 0.0649182 0.111233 0.113025 0.979684
3 0.936585 0.685487 0.112306 0.112183 0.979284
8 0.314985 0.685185 0.111827 0.111183 0.978949
2 0.439504 0.560986 0.112993 0.113944 0.978913
11 0.0675055 0.188968 0.11133 0.112834 0.978859
10 0.812317 0.561295 0.112928 0.113497 0.978788
3 0.439245 0.312922 0.112366 0.11297 0.97877
0 0.439006 0.437381 0.111508 0.111703 0.978753
7 0.563877 0.313135 0.112535 0.113332 0.978694
7 0.563894 0.189009 0.112003 0.113542 0.978694
0 0.68785 0.685201 0.112343 0.112782 0.97863
12 0.936394 0.561681 0.113561 0.113034 0.978518
2 0.563544 0.43756 0.112271 0.112327 0.978517
1 0.812166 0.188473 0.112519 0.112676 0.978512
6 0.936481 0.437041 0.11417 0.112539 0.978329
2 0.687892 0.561501 0.111883 0.112368 0.978271
2 0.687535 0.189158 0.110929 0.111964 0.978193
13 0.936241 0.313135 0.113528 0.112421 0.97792
8 0.936271 0.809618 0.112373 0.113417 0.977826
8 0.812103 0.437036 0.112081 0.113088 0.977668
8 0.439202 0.685163 0.111484 0.11168 0.977393
1 0.935912 0.0646295 0.110715 0.111667 0.977306
8 0.687964 0.313414 0.111626 0.112653 0.97719
8 0.687972 0.437434 0.111151 0.11162 0.977041
0 0.811915 0.0646441 0.111931 0.112081 0.976933
0 0.935933 0.18813 0.11096 0.112363 0.976731
8 0.81212 0.312897 0.112387 0.113459 0.976697
8 0.811954 0.685388 0.112866 0.113579 0.976575
5 0.315452 0.809673 0.11154 0.112495 0.0260542
2 0.936059 0.809331 0.113 0.112068 0.0224593
2 0.68809 0.313017 0.11185 0.113286 0.0194494
2 0.439084 0.685233 0.111929 0.112712 0.017945
2 0.811581 0.312797 0.111312 0.113646 0.0168068
2 0.811845 0.436828 0.112126 0.112029 0.0156866
2 0.688252 0.436653 0.112427 0.112526 0.0154442
2 0.811546 0.685332 0.113091 0.112114 0.0149441
2 0.190989 0.31351 0.111372 0.112202 0.0126942
5 0.68766 0.933534 0.110905 0.113567 0.0120237
3 0.68844 0.561089 0.111625 0.112652 0.00702282
3 0.564121 0.68537 0.111361 0.112529 0.00520642
3 0.688166 0.189793 0.111665 0.11256 0.00466199
12 0.439578 0.313216 0.111501 0.111782 0.00442665
6 0.936835 0.684889 0.112177 0.112259 0.00430144
5 0.0669575 0.1889 0.112739 0.112054 0.0041663
3 0.315562 0.437124 0.112051 0.112408 0.00398022
1 0.563355 0.437899 0.11031 0.111452 0.00383619
7 0.191507 0.684961 0.109986 0.111186 0.00376926
3 0.43946 0.561145 0.112108 0.112684 0.00357829
1 0.6881 0.5611 0.112162 0.113332 0.00343922
12 0.687661 0.0647224 0.111072 0.111681 0.00343136
2 0.191647 0.561452 0.112643 0.112168 0.00340396
8 0.688113 0.561228 0.109945 0.112529 0.00337807
7 0.315477 0.561481 0.111277 0.111997 0.00331388
3 0.564034 0.437566 0.112067 0.112875 0.00327549
0 0.936028 0.0634851 0.111504 0.112568 0.0032402
6 0.439729 0.064803 0.111514 0.111569 0.0032084
2 0.315335 0.685418 0.111845 0.112265 0.00319079
12 0.439729 0.064803 0.111514 0.111569 0.00299126
0 0.812202 0.188381 0.111812 0.113292 0.00291906
10 0.563963 0.313411 0.113441 0.113127 0.00289476
7 0.191918 0.933615 0.109777 0.112337 0.00285588
10 0.811526 0.933104 0.110398 0.111072 0.00284305
8 0.811437 0.932868 0.110441 0.111197 0.00281115
11 0.315554 0.685249 0.110923 0.112161 0.00276686
1 0.564264 0.561218 0.112185 0.113221 0.00274021
11 0.43964 0.685219 0.111572 0.112854 0.00268539
1 0.688094 0.188918 0.113424 0.114196 0.00263158
8 0.6881 0.189072 0.112019 0.113894 0.00260183
7 0.19134 0.437885 0.111388 0.112167 0.00252764
0 0.688072 0.808996 0.111451 0.111904 0.00250624
9 0.936067 0.18815 0.112571 0.113695 0.0024627
11 0.0662275 0.313519 0.113853 0.112064 0.00243727
4 0.812322 0.561276 0.112784 0.11238 0.00227933
1 0.191076 0.437592 0.112901 0.112507 0.00213424
0 0.191084 0.0645118 0.111733 0.113199 0.00213418
4 0.688196 0.0651297 0.112831 0.112917 0.00211025
10 0.191918 0.933615 0.109777 0.112337 0.00202112
4 0.56373 0.188874 0.114173 0.113656 0.00194006
5 0.686828 0.561555 0.114917 0.111717 0.00184213
2 0.688219 0.0652347 0.111734 0.111962 0.00183035
7 0.0670473 0.80942 0.114546 0.113375 0.00182641
11 0.19144 0.56094 0.111005 0.113511 0.00181784
1 0.315111 0.437866 0.110593 0.108227 0.00178586
1 0.439504 0.560986 0.112993 0.113944 0.00176791
6 0.191098 0.80978 0.113089 0.112921 0.0017674
11 0.811397 0.685343 0.110515 0.112854 0.00175895
8 0.688278 0.933175 0.112568 0.113325 0.00174782
11 0.811524 0.436872 0.110348 0.113013 0.00174343
11 0.811581 0.312797 0.111312 0.113646 0.00169497
4 0.0674188 0.561162 0.112454 0.113331 0.00169092
7 0.81163 0.561269 0.113138 0.113519 0.00164141
2 0.0675114 0.80982 0.114024 0.113713 0.00162723
6 0.43964 0.313362 0.111907 0.112281 0.00161318
1 0.0675114 0.80982 0.114024 0.113713 0.00160704
1 0.563605 0.0647841 0.111754 0.113747 0.00160461
1 0.563754 0.685049 0.112336 0.112763 0.00156267
1 0.439105 0.18895 0.112066 0.113771 0.00155291
7 0.0662275 0.313519 0.113853 0.112064 0.0015234
0 0.688127 0.437221 0.112686 0.114006 0.00152073
5 0.811696 0.933607 0.111648 0.113786 0.00150313
4 0.563825 0.313364 0.112963 0.112871 0.00149629
12 0.191507 0.684961 0.109986 0.111186 0.00149428
6 0.688219 0.0652347 0.111734 0.111962 0.00148225
1 0.687796 0.685113 0.11254 0.112228 0.00148089
6 0.0666255 0.437353 0.115079 0.112003 0.00147845
6 0.19134 0.437885 0.111388 0.112167 0.00147361
4 0.688072 0.808996 0.111451 0.111904 0.00146717
12 0.936175 0.685488 0.112882 0.11337 0.00145406
2 0.563712 0.809424 0.111609 0.112055 0.00143352
12 0.191918 0.933615 0.109777 0.112337 0.00143214
9 0.811437 0.932868 0.110441 0.111197 0.00141468
2 0.564284 0.561273 0.113282 0.113004 0.00141345
1 0.812031 0.0640954 0.111138 0.112558 0.00140392
0 0.68809 0.313348 0.112852 0.114514 0.00139876
10 0.315841 0.809755 0.112606 0.112272 0.00138617
3 0.0665884 0.0647318 0.113266 0.112347 0.00138351
1 0.936397 0.685285 0.1118 0.111981 0.00137721
5 0.688094 0.188918 0.113424 0.114196 0.00136964
2 0.688294 0.93319 0.112273 0.113952 0.00134991
5 0.811574 0.561445 0.112214 0.11189 0.00134124
0 0.811126 0.437982 0.109076 0.113174 0.00133259
1 0.687807 0.0649554 0.111499 0.112337 0.00133144
8 0.067082 0.064955 0.112291 0.112875 0.00132102
3 0.936502 0.561364 0.110771 0.11281 0.00131858
0 0.563962 0.933752 0.111749 0.113228 0.00131408
3 0.439744 0.189694 0.111623 0.112995 0.00130714
1 0.439592 0.0650271 0.111384 0.112109 0.00130012
1 0.439472 0.313284 0.111175 0.111742 0.00129783
0 0.315023 0.188683 0.112227 0.113114 0.00129126
11 0.191335 0.933649 0.111776 0.112334 0.00127175
10 0.563701 0.189053 0.11212 0.111853 0.00126538
0 0.315494 0.933781 0.111594 0.113048 0.00126267
5 0.563585 0.685401 0.111642 0.113206 0.0012612
1 0.0671073 0.0649094 0.112153 0.112213 0.00126094
3 0.564148 0.0655141 0.111465 0.113204 0.00124878
4 0.439296 0.0653951 0.111512 0.112401 0.00124671
4 0.315753 0.313311 0.111132 0.111756 0.00123534
2 0.68825 0.809147 0.112447 0.112699 0.00123369
3 0.936358 0.436958 0.113576 0.113308 0.00122797
4 0.315169 0.189183 0.112303 0.113416 0.00122511
11 0.190639 0.189284 0.111468 0.11152 0.00120619
8 0.563355 0.437899 0.11031 0.111452 0.00119664
4 0.936011 0.685378 0.111675 0.111775 0.00119403
0 0.191248 0.313712 0.111118 0.113172 0.00118514
12 0.315477 0.561481 0.111277 0.111997 0.00117445
0 0.811972 0.313421 0.111207 0.113077 0.00117392
0 0.93584 0.809459 0.111256 0.112781 0.00116742
9 0.191647 0.561452 0.112643 0.112168 0.00115839
5 0.688261 0.0649162 0.112343 0.111673 0.00115568
4 0.812081 0.188945 0.111993 0.112131 0.00115522
5 0.0662275 0.313519 0.113853 0.112064 0.00115436
11 0.936154 0.809341 0.112264 0.112519 0.00115332
8 0.935713 0.933964 0.112842 0.112993 0.0011507
8 0.813029 0.809106 0.11275 0.114135 0.00113043
4 0.563727 0.933719 0.1109 0.112445 0.00112657
5 0.315226 0.436697 0.111281 0.113757 0.0011137
11 0.935674 0.933478 0.113107 0.113336 0.00111229
1 0.439284 0.436768 0.112463 0.112962 0.00110892
13 0.0671356 0.561451 0.112515 0.112088 0.00110537
11 0.439697 0.933503 0.113674 0.111927 0.00110134
11 0.687857 0.437023 0.11181 0.112532 0.00110057
7 0.936224 0.43729 0.112974 0.112922 0.00110053
12 0.936547 0.313233 0.111166 0.111488 0.00109875
10 0.687549 0.933479 0.110693 0.113216 0.00109729
7 0.0672238 0.56099 0.11201 0.113439 0.00109401
12 0.935713 0.933964 0.112842 0.112993 0.00109362
10 0.936023 0.313483 0.113311 0.11204 0.00108894
6 0.0667854 0.809629 0.11225 0.112724 0.00108405
8 0.935933 0.18813 0.11096 0.112363 0.00108028
1 0.936621 0.436534 0.11328 0.111956 0.00107963
11 0.191062 0.313675 0.111012 0.111474 0.00104555
5 0.439592 0.809719 0.112007 0.112078 0.00102775
7 0.936691 0.561322 0.112138 0.11286 0.00102765
2 0.191076 0.437592 0.112901 0.112507 0.00102217
10 0.0662275 0.313519 0.113853 0.112064 0.00101777
10 0.315753 0.313311 0.111132 0.111756 0.00101411
9 0.812583 0.809146 0.111729 0.112804 0.00100861
