9 0.066968 0.685336 0.112152 0.112093 0.986594
0 0.935705 0.933654 0.113206 0.111699 0.986026
2 0.563616 0.809734 0.11157 0.112288 0.985625
6 0.440369 0.809078 0.112464 0.113533 0.985333
7 0.0672522 0.809388 0.112195 0.111755 0.985133
9 0.563486 0.934375 0.111426 0.113152 0.98497
7 0.440254 0.685391 0.111498 0.111622 0.984825
9 0.315606 0.561652 0.111735 0.112323 0.984758
10 0.0675001 0.933987 0.113136 0.113445 0.983369
3 0.0664891 0.189329 0.113336 0.113282 0.98325
7 0.812013 0.933697 0.112397 0.113061 0.982908
7 0.688143 0.933852 0.111629 0.112939 0.982884
6 0.316122 0.437442 0.112283 0.112823 0.982706
10 0.191939 0.437373 0.111267 0.111234 0.982484
6 0.0666621 0.0647344 0.112811 0.113579 0.982449
4 0.936257 0.809668 0.113735 0.111729 0.982409
11 0.563466 0.0655071 0.111242 0.11226 0.982398
8 0.439304 0.934205 0.112256 0.11295 0.982334
10 0.439715 0.312961 0.112988 0.11185 0.982273
4 0.191522 0.313072 0.113347 0.112857 0.982269
4 0.19146 0.0651164 0.113673 0.113154 0.98175
1 0.0666201 0.437629 0.112433 0.112463 0.981739
13 0.191364 0.189057 0.113196 0.111836 0.981738
1 0.191265 0.561466 0.112326 0.11322 0.981684
13 0.315192 0.809697 0.111725 0.111873 0.981593
2 0.315334 0.31335 0.112688 0.113007 0.981569
7 0.688124 0.809842 0.111676 0.111645 0.981065
1 0.314934 0.188371 0.112811 0.112221 0.981041
0 0.191639 0.933598 0.111684 0.113068 0.980885
10 0.812095 0.809604 0.112859 0.111726 0.980584
11 0.31531 0.685381 0.113105 0.111572 0.980468
13 0.191365 0.8095 0.113299 0.111516 0.980403
13 0.81183 0.0656727 0.111802 0.11232 0.980388
9 0.563347 0.313438 0.111679 0.111559 0.98028
5 0.687777 0.0655282 0.1109 0.112278 0.980272
8 0.0667346 0.313168 0.112215 0.112601 0.979887
11 0.934895 0.0653928 0.113191 0.11272 0.979742
2 0.439549 0.437833 0.111229 0.111691 0.979632
0 0.315688 0.0638494 0.111718 0.11251 0.979576
9 0.687364 0.685613 0.111586 0.11146 0.979506
5 0.563655 0.189083 0.1114 0.11228 0.979498
11 0.563748 0.685 0.111955 0.112471 0.97937
8 0.0662164 0.561278 0.112341 0.112634 0.979179
7 0.56411 0.561487 0.11184 0.112801 0.979014
10 0.688006 0.561267 0.112121 0.112676 0.978864
8 0.191135 0.685305 0.111608 0.11096 0.978765
1 0.43978 0.0646622 0.111729 0.112636 0.978641
11 0.935826 0.685158 0.112455 0.110787 0.978636
9 0.811914 0.685831 0.111979 0.112101 0.978587
13 0.811931 0.313187 0.112026 0.111782 0.978563
12 0.687767 0.313323 0.112132 0.111875 0.978528
8 0.316223 0.933755 0.112382 0.113462 0.978471
8 0.936445 0.437032 0.112677 0.112427 0.978338
12 0.936302 0.56131 0.112816 0.112425 0.978332
8 0.688002 0.437246 0.111979 0.112491 0.978325
13 0.936083 0.188826 0.112852 0.112632 0.978291
8 0.812206 0.561758 0.112254 0.112285 0.978195
11 0.81218 0.437142 0.112576 0.11319 0.978131
8 0.440012 0.561601 0.111977 0.112781 0.978055
2 0.563626 0.437353 0.111808 0.113812 0.977951
0 0.439852 0.187683 0.111093 0.112437 0.977902
8 0.687434 0.189081 0.112128 0.112521 0.977656
5 0.936469 0.312733 0.113556 0.112421 0.977569
8 0.812066 0.188555 0.112195 0.113104 0.977296
2 0.43949 0.561394 0.11185 0.112295 0.0111676
13 0.811766 0.933009 0.111581 0.112245 0.00889067
2 0.688274 0.436877 0.111634 0.112951 0.00865513
2 0.812186 0.561565 0.111054 0.11192 0.00797015
12 0.811661 0.933576 0.111495 0.110837 0.00753458
2 0.0670268 0.561001 0.112303 0.114254 0.00738905
2 0.688236 0.189006 0.112283 0.112019 0.00700406
10 0.936238 0.685338 0.112572 0.111309 0.00690522
4 0.688022 0.561768 0.110136 0.112718 0.00638334
4 0.440047 0.313389 0.1109 0.112844 0.0062585
1 0.43933 0.438006 0.111005 0.112598 0.005958
5 0.81259 0.43795 0.113078 0.111483 0.00575137
10 0.811547 0.437298 0.110011 0.111642 0.00542964
1 0.563432 0.437946 0.109976 0.111908 0.00520286
2 0.936739 0.436742 0.111575 0.112499 0.00510637
9 0.93596 0.933832 0.111769 0.111909 0.00487793
2 0.315429 0.934042 0.112776 0.113033 0.00483166
0 0.439765 0.0640794 0.110355 0.113014 0.00450979
3 0.811904 0.685866 0.111295 0.111736 0.00435097
2 0.191028 0.685367 0.112147 0.111751 0.00409931
5 0.563704 0.0646558 0.11074 0.113153 0.00401606
3 0.687635 0.6858 0.111585 0.11197 0.00364547
12 0.811547 0.686127 0.110526 0.112329 0.00363598
2 0.811884 0.188804 0.111126 0.113108 0.00360333
3 0.440369 0.809078 0.112464 0.113533 0.00359315
4 0.688355 0.933054 0.113516 0.112284 0.00358734
1 0.191909 0.312978 0.112331 0.112234 0.00349716
0 0.688172 0.685705 0.111781 0.111327 0.00337618
0 0.0661374 0.436921 0.11448 0.112202 0.00334045
2 0.439473 0.934206 0.112269 0.112919 0.00315341
12 0.686767 0.810054 0.111337 0.112845 0.00287485
0 0.68735 0.438071 0.111024 0.112555 0.00282522
12 0.688172 0.685705 0.111781 0.111327 0.00280802
10 0.934895 0.0653928 0.113191 0.11272 0.00275502
4 0.812334 0.809318 0.111175 0.112344 0.00256933
12 0.0671903 0.685379 0.112715 0.113626 0.00255053
12 0.191536 0.809683 0.111705 0.111471 0.00254544
12 0.564004 0.313576 0.111408 0.111477 0.00252657
0 0.813109 0.685693 0.111953 0.110785 0.00250417
1 0.315498 0.313656 0.111895 0.111785 0.00245121
3 0.563919 0.437618 0.111699 0.112421 0.00244758
1 0.191791 0.0646832 0.11218 0.112613 0.00239268
7 0.191711 0.0649747 0.111668 0.11184 0.00236901
10 0.563704 0.0646558 0.11074 0.113153 0.00233071
10 0.688382 0.933177 0.114461 0.114241 0.00230981
0 0.0674412 0.313744 0.11241 0.113638 0.0022569
0 0.31567 0.188565 0.111536 0.113259 0.0022499
2 0.0667346 0.313168 0.112215 0.112601 0.00216781
1 0.936542 0.809263 0.111983 0.111269 0.00214438
7 0.191431 0.31321 0.111856 0.111943 0.00212654
2 0.688194 0.0648952 0.112586 0.11197 0.00210997
0 0.191265 0.561466 0.112326 0.11322 0.00209737
0 0.936263 0.43718 0.111331 0.111871 0.00196318
10 0.564097 0.685443 0.110532 0.111493 0.00192133
4 0.191355 0.43784 0.112536 0.11139 0.00191686
10 0.936184 0.313218 0.111271 0.111694 0.00189694
1 0.564089 0.809601 0.111931 0.1127 0.00185681
3 0.564179 0.809356 0.110896 0.112268 0.00185028
12 0.315818 0.561254 0.111396 0.112437 0.00184147
12 0.935853 0.18869 0.111442 0.111556 0.00180044
12 0.564237 0.934283 0.11355 0.112814 0.00178354
7 0.811972 0.313748 0.111871 0.112036 0.00173389
5 0.934895 0.0653928 0.113191 0.11272 0.00171072
4 0.0666508 0.809098 0.111463 0.112041 0.00170384
12 0.31519 0.809453 0.111692 0.111711 0.00169645
3 0.439796 0.437766 0.112576 0.113109 0.00168551
2 0.936542 0.809263 0.111983 0.111269 0.00167626
11 0.688173 0.0650711 0.113009 0.11386 0.00167045
8 0.564097 0.685443 0.110532 0.111493 0.00167018
4 0.688206 0.809443 0.111799 0.112452 0.00166836
0 0.563878 0.313608 0.111177 0.111245 0.00165269
12 0.811787 0.809876 0.112696 0.111986 0.00164834
5 0.688185 0.561609 0.111639 0.112234 0.00162898
7 0.68823 0.561823 0.111579 0.112914 0.00161576
1 0.315688 0.0638494 0.111718 0.11251 0.00160544
12 0.811253 0.313126 0.111198 0.111756 0.00158892
10 0.315571 0.685562 0.11258 0.112059 0.0015853
7 0.0663217 0.0650702 0.113485 0.113124 0.00155747
12 0.191212 0.18875 0.111353 0.111288 0.00154674
13 0.191366 0.43721 0.112064 0.111325 0.00154202
2 0.191504 0.312846 0.111605 0.112041 0.00153445
10 0.935627 0.188994 0.111782 0.112772 0.00153084
9 0.811615 0.437895 0.11147 0.11168 0.00152513
3 0.315946 0.437386 0.112646 0.112675 0.0015198
5 0.563943 0.810012 0.112023 0.111941 0.00149393
7 0.439917 0.809721 0.11393 0.113556 0.00148324
10 0.936542 0.809263 0.111983 0.111269 0.00148072
3 0.563652 0.3133 0.112858 0.112164 0.00146282
7 0.812258 0.0652194 0.111791 0.1125 0.00145907
0 0.811625 0.188503 0.111327 0.112662 0.001447
5 0.811587 0.809503 0.111567 0.111722 0.00142418
13 0.687795 0.561475 0.11098 0.111752 0.00142231
12 0.191597 0.933508 0.111776 0.113408 0.00141738
5 0.56353 0.43779 0.112242 0.112401 0.00141617
12 0.687857 0.561496 0.112233 0.111961 0.00137245
1 0.191597 0.933508 0.111776 0.113408 0.00135439
4 0.564179 0.809356 0.110896 0.112268 0.00135062
11 0.439439 0.561609 0.112397 0.111774 0.0013506
3 0.0665156 0.685233 0.113328 0.111335 0.00133613
4 0.812093 0.933446 0.111519 0.11329 0.00133392
9 0.93582 0.685647 0.111649 0.112266 0.00132045
5 0.935826 0.685158 0.112455 0.110787 0.00129512
0 0.687854 0.189185 0.111356 0.112193 0.0012783
4 0.315882 0.188612 0.111292 0.113116 0.00127339
0 0.813069 0.562537 0.111892 0.11354 0.00126824
10 0.688194 0.0648952 0.112586 0.11197 0.00126821
7 0.936289 0.189288 0.112682 0.112749 0.00126328
6 0.688213 0.809315 0.112401 0.113855 0.00125909
4 0.0666243 0.437077 0.113196 0.112586 0.00125555
12 0.811276 0.0646881 0.111338 0.111545 0.00125198
3 0.68821 0.312801 0.111418 0.112424 0.00124871
5 0.315558 0.68609 0.111203 0.111108 0.00124824
1 0.439852 0.187683 0.111093 0.112437 0.00122266
7 0.315991 0.436618 0.112541 0.111006 0.00122137
5 0.936351 0.80958 0.113064 0.111831 0.00121989
12 0.935705 0.933654 0.113206 0.111699 0.0012158
3 0.0663217 0.0650702 0.113485 0.113124 0.00121486
11 0.68823 0.189327 0.113196 0.113491 0.00120835
7 0.688201 0.313165 0.111485 0.112234 0.00120147
10 0.813204 0.93318 0.110505 0.113674 0.00119791
7 0.191714 0.437946 0.113342 0.111643 0.00119501
3 0.315589 0.561504 0.112083 0.111868 0.00119413
3 0.688194 0.0648952 0.112586 0.11197 0.00117812
3 0.315451 0.313229 0.112118 0.113133 0.00116934
5 0.439295 0.437791 0.113547 0.112847 0.00116688
4 0.936481 0.313273 0.112862 0.112321 0.00116146
11 0.0663992 0.561001 0.114533 0.112407 0.00115436
11 0.811469 0.561558 0.110193 0.111667 0.00115118
7 0.936563 0.5611 0.111983 0.11298 0.00113869
7 0.935992 0.809395 0.113732 0.114064 0.00113133
7 0.811553 0.809085 0.112623 0.112595 0.00113032
8 0.811947 0.43815 0.113003 0.112988 0.00112481
0 0.315818 0.561254 0.111396 0.112437 0.00111065
12 0.5645 0.561208 0.1104 0.112412 0.00109218
7 0.191523 0.809609 0.112336 0.112498 0.00107798
8 0.935705 0.933654 0.113206 0.111699 0.00107522
6 0.811661 0.933576 0.111495 0.110837 0.00107083
11 0.315192 0.809697 0.111725 0.111873 0.00105914
13 0.440009 0.313029 0.111528 0.111857 0.00105377
4 0.191327 0.561181 0.1122 0.113032 0.0010473
12 0.439852 0.187683 0.111093 0.112437 0.00104085
10 0.688213 0.809315 0.112401 0.113855 0.00102965
8 0.688172 0.685705 0.111781 0.111327 0.00102124
10 0.56325 0.189306 0.111432 0.112086 0.00102053
5 0.563921 0.685349 0.111232 0.111385 0.0010199
0 0.564055 0.933794 0.112891 0.112925 0.00101439
10 0.315331 0.809962 0.112009 0.11194 0.00101344
3 0.936417 0.561073 0.112262 0.113257 0.00100322
12 0.686799 0.934013 0.11073 0.111175 0.00100081
