3 0.191813 0.809488 0.111433 0.112834 0.98767
7 0.315811 0.933908 0.111095 0.111931 0.986025
5 0.316117 0.685818 0.110841 0.111409 0.985757
5 0.438982 0.0654696 0.11031 0.111567 0.985215
2 0.687748 0.934014 0.1122 0.112552 0.985184
6 0.0666761 0.934006 0.11352 0.113182 0.984635
4 0.0675053 0.685417 0.111876 0.110854 0.984568
7 0.439991 0.80935 0.111707 0.112376 0.984518
1 0.563565 0.934038 0.111743 0.112805 0.984145
7 0.439987 0.933781 0.112029 0.112914 0.98411
10 0.192181 0.685158 0.111294 0.11122 0.984069
12 0.06756 0.809627 0.112479 0.112158 0.984035
7 0.315507 0.437919 0.111902 0.111978 0.983781
6 0.191842 0.561348 0.111749 0.112288 0.983476
1 0.812329 0.933656 0.111761 0.112851 0.983298
9 0.936478 0.809679 0.112041 0.111381 0.983162
6 0.191494 0.437624 0.112285 0.112474 0.98279
10 0.315461 0.188847 0.112564 0.111647 0.982731
11 0.563189 0.0654727 0.111482 0.112379 0.982577
13 0.812205 0.80991 0.112941 0.112596 0.982542
5 0.0670936 0.0655926 0.112928 0.112617 0.982522
13 0.0665858 0.437794 0.112718 0.11148 0.982507
12 0.0673909 0.313035 0.112976 0.112076 0.98244
10 0.563918 0.685477 0.111101 0.111393 0.982424
12 0.0676276 0.561618 0.111973 0.111532 0.982417
4 0.191371 0.313284 0.112884 0.112131 0.982234
11 0.439458 0.685282 0.111271 0.111738 0.982145
8 0.935785 0.933511 0.11265 0.112048 0.981773
7 0.56413 0.809594 0.111725 0.112526 0.981661
13 0.68789 0.8099 0.112208 0.112276 0.981487
9 0.687483 0.0651906 0.110764 0.1128 0.98117
0 0.315074 0.0640456 0.111685 0.112575 0.980913
1 0.191093 0.0643985 0.111469 0.112675 0.980787
10 0.0680829 0.188943 0.113101 0.111159 0.980765
2 0.19123 0.18909 0.112418 0.11325 0.980681
9 0.935605 0.0649028 0.113008 0.113297 0.980478
12 0.812365 0.0651381 0.111569 0.112789 0.980402
5 0.936276 0.68532 0.112265 0.111126 0.980077
2 0.439244 0.437907 0.111152 0.111444 0.979696
9 0.687809 0.313507 0.111771 0.111718 0.979686
11 0.56381 0.561219 0.111816 0.112927 0.979576
8 0.315248 0.5615 0.112356 0.111274 0.979396
4 0.68825 0.188576 0.113243 0.112888 0.979367
3 0.439596 0.188973 0.111972 0.112265 0.979285
3 0.563164 0.313558 0.112261 0.112178 0.979203
9 0.688082 0.561607 0.112191 0.111964 0.979179
1 0.439206 0.561394 0.112623 0.113139 0.97913
0 0.314851 0.313128 0.112824 0.111964 0.979098
2 0.439063 0.313323 0.112783 0.112568 0.979059
3 0.56344 0.188791 0.11167 0.112619 0.978999
4 0.812511 0.685296 0.11287 0.11235 0.978923
10 0.812313 0.18856 0.112194 0.112988 0.978864
6 0.81277 0.437367 0.111897 0.112292 0.978819
13 0.93625 0.437278 0.113075 0.112814 0.97881
12 0.687504 0.437246 0.111587 0.111656 0.97872
8 0.316142 0.809624 0.112521 0.112615 0.978649
8 0.191604 0.933765 0.112672 0.112017 0.978584
0 0.812155 0.312965 0.112585 0.112721 0.978496
8 0.688363 0.68552 0.112218 0.113 0.978203
7 0.564063 0.437477 0.111914 0.112337 0.978189
2 0.812372 0.561729 0.112467 0.112954 0.977944
5 0.936607 0.561181 0.112548 0.111857 0.977697
5 0.936611 0.312931 0.112837 0.112315 0.9776
8 0.935896 0.189343 0.111599 0.112994 0.977449
2 0.315054 0.561452 0.111972 0.112397 0.0074484
2 0.688039 0.685444 0.112307 0.112127 0.00645847
3 0.688207 0.561874 0.112041 0.112386 0.00576593
1 0.439319 0.438001 0.110674 0.11222 0.00565732
12 0.0670014 0.436588 0.111812 0.11296 0.0053132
2 0.315451 0.809909 0.112324 0.112452 0.00516499
3 0.0666761 0.934006 0.11352 0.113182 0.00484589
8 0.688454 0.933547 0.112563 0.112592 0.00474029
2 0.935975 0.188948 0.111921 0.113191 0.00472533
3 0.688123 0.0650549 0.111432 0.111973 0.00450737
0 0.688119 0.313424 0.111757 0.112724 0.00366103
1 0.688437 0.188337 0.113135 0.113077 0.00353931
12 0.811467 0.810027 0.11225 0.112405 0.00352867
1 0.812385 0.685464 0.111804 0.111986 0.00342425
3 0.688157 0.31354 0.112437 0.113506 0.00340025
1 0.191779 0.313111 0.111848 0.111658 0.00333652
1 0.0668405 0.685208 0.114007 0.111839 0.00322199
3 0.936112 0.810034 0.110895 0.11345 0.00314873
12 0.688161 0.561689 0.111408 0.111324 0.00314527
5 0.811574 0.56189 0.113396 0.111777 0.0030871
12 0.688008 0.3135 0.110802 0.111956 0.00304918
4 0.81209 0.189179 0.110832 0.112569 0.00304374
0 0.688161 0.561689 0.111408 0.111324 0.00303214
0 0.688087 0.0648454 0.109846 0.110986 0.00301501
12 0.688004 0.809856 0.111651 0.112012 0.00301319
7 0.067239 0.436562 0.112605 0.112605 0.00300676
12 0.688087 0.0648454 0.109846 0.110986 0.00300028
12 0.936112 0.810034 0.110895 0.11345 0.00297828
10 0.935783 0.685097 0.111833 0.112476 0.00291022
1 0.439176 0.313673 0.111526 0.111569 0.00278833
3 0.191842 0.561348 0.111749 0.112288 0.0027651
7 0.191204 0.313181 0.111286 0.111698 0.0027638
12 0.936218 0.0646686 0.112281 0.112343 0.00267535
5 0.563478 0.0645669 0.110933 0.113096 0.00262407
12 0.564494 0.436692 0.110692 0.109822 0.00261101
4 0.564236 0.438012 0.110045 0.112373 0.00255915
4 0.563918 0.685477 0.111101 0.111393 0.00249398
3 0.812923 0.437668 0.111807 0.113453 0.00246419
0 0.812612 0.933777 0.111107 0.111087 0.00244931
10 0.93693 0.561158 0.11128 0.111575 0.00244865
4 0.315459 0.188788 0.110889 0.111497 0.00239757
10 0.812471 0.685229 0.110911 0.11199 0.00237886
2 0.81316 0.932888 0.111045 0.113517 0.00220984
3 0.687846 0.933595 0.112022 0.112895 0.00219485
1 0.811574 0.56189 0.113396 0.111777 0.00217166
3 0.19128 0.437515 0.112718 0.112032 0.00216634
2 0.936009 0.933778 0.11254 0.112615 0.00215152
4 0.316015 0.437965 0.110509 0.113129 0.00214009
7 0.688271 0.809771 0.11281 0.113049 0.00208941
7 0.811695 0.684918 0.112363 0.114135 0.0020202
10 0.563478 0.0645669 0.110933 0.113096 0.00199048
8 0.81306 0.561831 0.109376 0.112246 0.00196742
7 0.687921 0.188963 0.112096 0.112653 0.00196694
4 0.439398 0.56152 0.112194 0.112368 0.00192475
6 0.564048 0.438049 0.111946 0.111624 0.00190689
3 0.812119 0.561645 0.112419 0.111436 0.00189803
12 0.936895 0.43654 0.110629 0.112631 0.00186951
2 0.191386 0.312967 0.111001 0.111499 0.00186808
1 0.688308 0.93348 0.113526 0.112886 0.00178895
3 0.439559 0.313765 0.112003 0.112712 0.00177447
10 0.315605 0.437898 0.110742 0.112721 0.00175735
7 0.191512 0.438117 0.112267 0.112547 0.00174829
2 0.191288 0.933857 0.112857 0.112656 0.00171996
10 0.935845 0.437557 0.111056 0.112175 0.00171468
10 0.936312 0.313363 0.110618 0.111335 0.00171379
2 0.812471 0.685229 0.110911 0.11199 0.0017062
4 0.56341 0.93381 0.110813 0.1117 0.00166823
0 0.191093 0.0643985 0.111469 0.112675 0.00165874
7 0.812894 0.436526 0.112552 0.112611 0.00165465
7 0.811542 0.0651089 0.111441 0.112686 0.00164802
12 0.564393 0.685113 0.110899 0.110777 0.00163398
12 0.191823 0.809649 0.112819 0.113075 0.00162735
9 0.439445 0.685368 0.11181 0.112281 0.00160098
11 0.811644 0.188676 0.111888 0.113543 0.00158418
10 0.563866 0.437948 0.110295 0.111826 0.00157897
1 0.315212 0.31271 0.112313 0.11277 0.0015688
3 0.439635 0.437761 0.112143 0.112542 0.0015467
1 0.191069 0.189206 0.111753 0.111986 0.00153839
2 0.68812 0.188884 0.111533 0.112663 0.00153636
6 0.811659 0.685313 0.114011 0.113485 0.00153301
10 0.68763 0.809075 0.111123 0.111521 0.00153226
13 0.81158 0.188796 0.11171 0.113182 0.0015313
3 0.936093 0.0651777 0.111558 0.11224 0.00150172
10 0.812191 0.809188 0.112027 0.112521 0.00146953
5 0.564011 0.561249 0.111464 0.111855 0.00145488
13 0.687936 0.436628 0.111011 0.112317 0.00142794
6 0.315534 0.438001 0.111863 0.111553 0.00140486
12 0.811803 0.189539 0.112188 0.112561 0.00139992
1 0.812287 0.312585 0.112293 0.113118 0.00139369
4 0.0669539 0.18903 0.11322 0.11099 0.001386
5 0.191727 0.189235 0.111687 0.111777 0.00138488
0 0.688262 0.437465 0.111352 0.111776 0.00135275
10 0.56391 0.561082 0.11197 0.113267 0.00134712
10 0.440091 0.685607 0.111181 0.111995 0.00132667
9 0.935879 0.933556 0.111613 0.112076 0.00131387
2 0.936661 0.809673 0.110852 0.111499 0.00130213
12 0.439504 0.189022 0.111773 0.112252 0.00130163
6 0.687949 0.437213 0.112587 0.111623 0.00129121
7 0.191255 0.561082 0.112139 0.111523 0.00126983
10 0.439545 0.0649493 0.111461 0.111833 0.00126149
8 0.439436 0.685118 0.111946 0.112096 0.00125907
10 0.68812 0.188884 0.111533 0.112663 0.0012562
7 0.0668405 0.685208 0.114007 0.111839 0.00123349
5 0.8119 0.189187 0.112334 0.112484 0.00120664
0 0.56341 0.93381 0.110813 0.1117 0.00120033
13 0.191323 0.685246 0.112387 0.111753 0.00119866
4 0.439987 0.933781 0.112029 0.112914 0.00119365
12 0.563081 0.189115 0.111622 0.112691 0.00117648
10 0.0666603 0.0653047 0.112666 0.111425 0.00117309
4 0.564043 0.809165 0.111721 0.112679 0.00115386
7 0.0676662 0.189152 0.112982 0.111706 0.00115175
11 0.0664592 0.0654826 0.113052 0.111737 0.00113843
13 0.563779 0.685374 0.111632 0.111716 0.00113814
6 0.811615 0.0644404 0.110781 0.11282 0.00113204
8 0.56419 0.561809 0.111132 0.111809 0.00112792
10 0.315177 0.685495 0.111977 0.112135 0.00112279
0 0.439432 0.561137 0.112097 0.11271 0.00112245
4 0.812166 0.933582 0.111591 0.11244 0.00111234
4 0.687846 0.933595 0.112022 0.112895 0.00111201
3 0.190899 0.188844 0.112659 0.112852 0.00111032
5 0.439406 0.313453 0.111868 0.111613 0.00110603
0 0.936336 0.933591 0.112024 0.112237 0.00110141
12 0.315846 0.436651 0.110532 0.110211 0.00107669
7 0.936895 0.43654 0.110629 0.112631 0.00106678
1 0.315074 0.0640456 0.111685 0.112575 0.00106245
1 0.191915 0.809603 0.112099 0.112098 0.00105757
12 0.812495 0.438133 0.112928 0.113351 0.00103511
0 0.93609 0.809953 0.110938 0.11353 0.00103159
7 0.0664063 0.933805 0.112967 0.112972 0.00102987
2 0.68788 0.561584 0.111452 0.11191 0.00102432
0 0.935771 0.189101 0.112055 0.112445 0.00102407
12 0.191264 0.438136 0.112942 0.111913 0.00100929
