6 0.440355 0.685138 0.112071 0.111932 0.98578
7 0.935694 0.808664 0.112198 0.110065 0.985737
11 0.811322 0.808855 0.112788 0.111273 0.985188
7 0.687363 0.684421 0.112559 0.111083 0.984459
5 0.315406 0.808827 0.111531 0.111601 0.984454
9 0.935289 0.933546 0.112998 0.111064 0.984386
13 0.314877 0.933775 0.113388 0.111761 0.984341
7 0.564014 0.684441 0.110651 0.110307 0.984163
5 0.688281 0.934183 0.113001 0.112001 0.983595
7 0.687808 0.809198 0.112757 0.110967 0.983273
13 0.936232 0.684845 0.111091 0.109807 0.983247
7 0.190522 0.933954 0.11236 0.11051 0.983196
10 0.191653 0.312419 0.11311 0.111917 0.983092
13 0.439852 0.809022 0.111242 0.110757 0.983042
7 0.563337 0.934103 0.113129 0.111595 0.982904
4 0.563102 0.0657154 0.112189 0.112263 0.982226
12 0.190996 0.0634602 0.113198 0.10994 0.982124
8 0.314929 0.68472 0.113169 0.110782 0.982071
10 0.0665326 0.31238 0.113064 0.111055 0.982023
11 0.0663256 0.437124 0.112931 0.114021 0.981924
10 0.315859 0.436748 0.113112 0.111114 0.981796
11 0.811595 0.684895 0.112627 0.110843 0.981544
4 0.439898 0.561067 0.111244 0.113139 0.981529
11 0.191039 0.437298 0.111758 0.113347 0.98118
1 0.812763 0.932857 0.11289 0.112815 0.981076
2 0.315234 0.313196 0.110508 0.11124 0.980942
2 0.190955 0.18781 0.111851 0.114981 0.98088
4 0.687337 0.0654782 0.11364 0.112147 0.980837
12 0.31538 0.561327 0.113632 0.113142 0.980817
5 0.0670462 0.933172 0.111374 0.111398 0.980785
0 0.0662914 0.560627 0.113174 0.112788 0.980506
11 0.190897 0.808365 0.111167 0.112123 0.980274
5 0.0663776 0.189703 0.113619 0.114205 0.980188
7 0.439567 0.1886 0.115177 0.113963 0.980097
13 0.439948 0.933703 0.111586 0.111175 0.980025
11 0.811672 0.0651995 0.112177 0.110896 0.979439
13 0.066663 0.68442 0.112953 0.110612 0.979422
0 0.0656073 0.062974 0.111234 0.110915 0.979288
8 0.56352 0.808711 0.110066 0.114903 0.979255
9 0.93609 0.064509 0.111243 0.110464 0.979254
0 0.563582 0.559759 0.112074 0.112723 0.97918
10 0.687395 0.188574 0.113044 0.112689 0.97886
10 0.812366 0.312439 0.112103 0.113481 0.978792
1 0.190549 0.561325 0.110735 0.113543 0.978715
9 0.812178 0.561468 0.111623 0.111439 0.978589
6 0.936996 0.561324 0.11087 0.11161 0.978487
4 0.563174 0.188823 0.111823 0.113747 0.978319
10 0.688117 0.561289 0.113033 0.110771 0.978279
13 0.936653 0.436385 0.111938 0.112 0.978189
12 0.812373 0.437067 0.111642 0.111451 0.978118
2 0.564048 0.436639 0.113471 0.1133 0.977847
11 0.314332 0.188427 0.109549 0.112562 0.97783
3 0.563196 0.313188 0.111324 0.111282 0.977622
0 0.0661282 0.808677 0.111297 0.116065 0.977618
3 0.439181 0.312557 0.112197 0.111064 0.97756
11 0.439365 0.436639 0.110452 0.112842 0.977496
4 0.687834 0.312984 0.112473 0.1118 0.977496
5 0.936634 0.187594 0.111831 0.113174 0.977449
11 0.68793 0.437109 0.111712 0.113186 0.977445
8 0.811541 0.187918 0.113572 0.113069 0.977419
0 0.189873 0.684481 0.111636 0.111934 0.977241
3 0.936801 0.312882 0.11222 0.112313 0.976741
0 0.314752 0.063697 0.112336 0.111581 0.975937
1 0.439629 0.0637141 0.113753 0.110711 0.975641
2 0.811253 0.1877 0.113513 0.114192 0.010737
2 0.563463 0.808462 0.110107 0.111588 0.0076413
12 0.686818 0.684641 0.10998 0.11089 0.006979
10 0.439717 0.933745 0.109673 0.111634 0.00685662
5 0.439152 0.43741 0.11076 0.112157 0.00632607
10 0.811658 0.0641687 0.109494 0.111176 0.00618248
5 0.687617 0.437648 0.112225 0.113123 0.00569959
7 0.439756 0.560932 0.111289 0.111814 0.00547075
12 0.439332 0.313025 0.111989 0.111624 0.00525551
5 0.813206 0.0647473 0.111728 0.111169 0.00493247
11 0.688478 0.933688 0.115279 0.112171 0.00456632
7 0.687692 0.313098 0.111087 0.110933 0.0044045
1 0.189873 0.684481 0.111636 0.111934 0.00431299
10 0.440248 0.809292 0.110303 0.111787 0.00428016
9 0.563168 0.808724 0.11141 0.113356 0.00424642
8 0.813102 0.561547 0.112828 0.111523 0.00416653
12 0.936224 0.31237 0.110623 0.111371 0.00413373
10 0.0665455 0.684824 0.111264 0.110982 0.00412158
2 0.688506 0.933168 0.115108 0.113186 0.0041198
0 0.813102 0.561547 0.112828 0.111523 0.00400172
10 0.935847 0.187144 0.112004 0.11352 0.00380421
12 0.686764 0.809205 0.111771 0.111068 0.00365483
7 0.936034 0.436839 0.111446 0.112756 0.00363868
1 0.191056 0.188574 0.110994 0.11253 0.00359558
4 0.688238 0.808667 0.114859 0.112631 0.00348181
5 0.314417 0.188006 0.110852 0.112001 0.00334606
5 0.191314 0.436512 0.112873 0.115023 0.00325881
10 0.43953 0.188866 0.114523 0.114293 0.00320523
4 0.56338 0.934028 0.114179 0.112313 0.00319122
5 0.190333 0.809151 0.112543 0.113164 0.00297317
1 0.563157 0.188613 0.112256 0.113777 0.00291241
10 0.81142 0.809002 0.108656 0.109752 0.00288158
10 0.191548 0.436655 0.113247 0.114455 0.00286453
1 0.68784 0.313453 0.112734 0.11275 0.00283533
1 0.562857 0.0647584 0.112233 0.112943 0.00278943
0 0.563442 0.808538 0.110124 0.112187 0.00278548
8 0.811376 0.684568 0.110713 0.109912 0.00270925
1 0.687574 0.0654632 0.113581 0.111728 0.00270394
9 0.937035 0.313391 0.111525 0.114398 0.00269252
12 0.935839 0.808825 0.109899 0.109932 0.0026185
10 0.936105 0.684883 0.110603 0.111183 0.00257364
1 0.0656073 0.062974 0.111234 0.110915 0.00256775
8 0.935415 0.933448 0.110686 0.111189 0.0025009
10 0.811448 0.684704 0.110514 0.110264 0.0024798
4 0.688183 0.683788 0.113705 0.113966 0.00244073
9 0.81155 0.0641627 0.110102 0.110568 0.00238296
8 0.191023 0.188615 0.110762 0.112379 0.00233647
7 0.687458 0.0650721 0.113025 0.111103 0.00225444
2 0.937035 0.313391 0.111525 0.114398 0.00224908
11 0.563415 0.80853 0.11126 0.112141 0.00224048
0 0.813741 0.933408 0.113335 0.112486 0.00224003
6 0.686818 0.684641 0.10998 0.11089 0.00222443
2 0.688177 0.437275 0.111953 0.113464 0.00219376
11 0.0658199 0.68383 0.112275 0.10916 0.00216632
10 0.688231 0.934033 0.111432 0.110936 0.00214431
0 0.439905 0.0642558 0.113398 0.111956 0.00214335
7 0.0665455 0.684824 0.111264 0.110982 0.0020517
7 0.0666982 0.313566 0.111767 0.111981 0.00204082
1 0.439829 0.560706 0.112005 0.112362 0.0020241
10 0.688218 0.808592 0.114873 0.114146 0.00200728
2 0.315073 0.684907 0.111888 0.110988 0.00199621
1 0.563363 0.437896 0.110255 0.109478 0.00198251
6 0.686764 0.809205 0.111771 0.111068 0.00195308
7 0.31547 0.933805 0.111884 0.111682 0.00194889
2 0.562857 0.0647584 0.112233 0.112943 0.00190836
6 0.563636 0.31319 0.112419 0.111451 0.00189685
11 0.315073 0.684907 0.111888 0.110988 0.00184988
13 0.811607 0.312436 0.1111 0.113092 0.00184397
10 0.0672754 0.435766 0.112879 0.116899 0.00181616
7 0.439717 0.933745 0.109673 0.111634 0.00181104
4 0.190867 0.934065 0.11173 0.110917 0.0018052
7 0.686772 0.188802 0.112465 0.11402 0.00178796
8 0.688162 0.43717 0.111648 0.113928 0.00178041
7 0.81167 0.312258 0.110995 0.112834 0.00177868
10 0.439684 0.436313 0.110638 0.114158 0.00177573
8 0.811357 0.808887 0.108775 0.109508 0.00177394
10 0.315116 0.933814 0.113001 0.111586 0.00175077
6 0.813741 0.933408 0.113335 0.112486 0.00173411
1 0.31532 0.313844 0.111227 0.11231 0.00171692
1 0.314598 0.064787 0.112407 0.111944 0.00170199
13 0.6867 0.188952 0.112055 0.113972 0.00170143
3 0.564059 0.437294 0.113173 0.112949 0.00169385
7 0.191523 0.313261 0.113426 0.112938 0.00168742
10 0.688122 0.436692 0.111679 0.113355 0.00167082
1 0.936775 0.312823 0.111793 0.112082 0.00166577
9 0.811376 0.684568 0.110713 0.109912 0.0016422
13 0.191668 0.313268 0.111962 0.111927 0.00163959
2 0.439608 0.313526 0.112374 0.111539 0.00163562
2 0.687574 0.0654632 0.113581 0.111728 0.00162051
8 0.314452 0.189039 0.109908 0.111469 0.00159908
2 0.68809 0.313768 0.112022 0.11213 0.00158904
4 0.68723 0.188631 0.112167 0.114082 0.00156682
10 0.688159 0.683744 0.113089 0.114552 0.00156389
4 0.688496 0.561502 0.113367 0.112144 0.00155572
6 0.937035 0.313391 0.111525 0.114398 0.00155261
2 0.564126 0.313449 0.113662 0.11181 0.00149806
1 0.563269 0.313122 0.111811 0.111509 0.00148511
1 0.439431 0.313061 0.111044 0.11105 0.00147765
5 0.688428 0.561332 0.113211 0.111418 0.00147219
4 0.564218 0.685083 0.111723 0.111952 0.00144705
2 0.813211 0.0642979 0.11164 0.111167 0.00143215
4 0.812189 0.31327 0.111859 0.113375 0.00141775
10 0.93611 0.436086 0.112489 0.111728 0.00141581
8 0.190768 0.438088 0.113683 0.114326 0.00141289
8 0.315426 0.314048 0.111015 0.112202 0.0013918
4 0.935883 0.80955 0.111866 0.111101 0.00139162
6 0.811903 0.436556 0.111644 0.111019 0.00138266
4 0.813741 0.933408 0.113335 0.112486 0.00137208
10 0.0666407 0.933668 0.112175 0.112071 0.00137154
5 0.811488 0.685352 0.111246 0.111572 0.00136461
8 0.81155 0.0641627 0.110102 0.110568 0.00135232
12 0.563698 0.313382 0.113502 0.111704 0.00133895
10 0.563741 0.933578 0.117201 0.113271 0.00132575
1 0.0658619 0.807688 0.112736 0.115081 0.00130963
11 0.0667068 0.93408 0.112031 0.112321 0.00130938
12 0.936092 0.43619 0.10929 0.112021 0.00130481
6 0.439225 0.313147 0.111513 0.111133 0.00130454
3 0.811443 0.437364 0.110743 0.112545 0.00130184
11 0.439552 0.933789 0.111228 0.111674 0.00129712
2 0.563277 0.189543 0.112107 0.113332 0.0012714
7 0.562857 0.0652459 0.111253 0.111728 0.00126415
10 0.0666448 0.188388 0.112491 0.113774 0.00125061
1 0.936573 0.560229 0.111275 0.110736 0.00124375
9 0.68675 0.43723 0.109453 0.11313 0.00123855
6 0.93586 0.808528 0.109132 0.110209 0.00123121
2 0.439962 0.560951 0.112272 0.11265 0.00122215
12 0.439717 0.933745 0.109673 0.111634 0.00121626
5 0.688028 0.188295 0.11407 0.114995 0.00121514
9 0.19115 0.808827 0.112071 0.112813 0.00121412
7 0.563522 0.188781 0.110795 0.112559 0.001206
13 0.686907 0.684279 0.110107 0.110948 0.00120578
13 0.0666458 0.312589 0.113052 0.1124 0.00120499
5 0.0663256 0.437124 0.112931 0.114021 0.0011921
9 0.811357 0.808887 0.108775 0.109508 0.00119105
11 0.936364 0.187559 0.109751 0.112964 0.00119001
7 0.811443 0.437364 0.110743 0.112545 0.00118771
4 0.0666657 0.312493 0.112166 0.112774 0.00118445
11 0.191523 0.313261 0.113426 0.112938 0.00115873
11 0.811424 0.56127 0.111111 0.110561 0.00115542
4 0.0670627 0.187515 0.113985 0.115159 0.00115242
9 0.43946 0.313488 0.112838 0.11143 0.00115154
0 0.81134 0.187733 0.112233 0.112973 0.00114107
8 0.0661574 0.438131 0.115393 0.113011 0.00113146
11 0.935844 0.0638695 0.111674 0.111759 0.00112974
7 0.440248 0.809292 0.110303 0.111787 0.00112287
12 0.935879 0.0643082 0.112223 0.110518 0.00111906
13 0.68791 0.560799 0.111871 0.111028 0.00110699
8 0.564046 0.436477 0.11286 0.112332 0.00109465
9 0.191075 0.313213 0.112521 0.111801 0.00109402
0 0.19102 0.560431 0.110472 0.112389 0.00108969
11 0.811253 0.1877 0.113513 0.114192 0.0010773
3 0.440375 0.684516 0.112738 0.112005 0.0010621
7 0.936105 0.684883 0.110603 0.111183 0.0010524
11 0.935376 0.933085 0.110379 0.111268 0.00103799
10 0.315336 0.809195 0.112461 0.112433 0.00103644
2 0.813122 0.685424 0.113837 0.111606 0.00102133
8 0.935883 0.0641649 0.111476 0.111269 0.00102067
7 0.315792 0.436337 0.111244 0.112769 0.00101458
10 0.562857 0.0647584 0.112233 0.112943 0.00101158
11 0.314877 0.933775 0.113388 0.111761 0.00100765
5 0.811322 0.808855 0.112788 0.111273 0.00100446
