9 0.935894 0.934215 0.111913 0.111304 0.987006
2 0.439062 0.809583 0.112044 0.111869 0.986972
3 0.688291 0.93378 0.112988 0.112858 0.986942
9 0.314859 0.0648298 0.111388 0.112161 0.986716
9 0.0674814 0.933976 0.113624 0.113873 0.985383
8 0.439587 0.685625 0.112041 0.111803 0.985186
10 0.439624 0.933817 0.11173 0.112987 0.9846
10 0.31581 0.809617 0.112186 0.111377 0.984565
2 0.191113 0.68552 0.112985 0.112196 0.984531
11 0.439139 0.0651131 0.111456 0.112297 0.984351
10 0.067097 0.809553 0.112576 0.111601 0.983824
2 0.81185 0.933938 0.111753 0.112443 0.983765
10 0.563904 0.933929 0.11177 0.112916 0.983718
10 0.316043 0.933932 0.112104 0.112638 0.983717
9 0.315499 0.188879 0.11152 0.111398 0.983631
4 0.0672775 0.561764 0.113321 0.111586 0.983554
11 0.191439 0.809137 0.111717 0.112139 0.983459
4 0.315481 0.313062 0.11285 0.112741 0.983088
8 0.0670109 0.43763 0.112885 0.112834 0.983079
9 0.0673232 0.313285 0.113378 0.11181 0.983026
6 0.190813 0.561437 0.111113 0.111942 0.982963
2 0.936487 0.810068 0.111978 0.11166 0.982845
13 0.191618 0.313029 0.111221 0.111309 0.982543
8 0.0667767 0.0650895 0.113536 0.113685 0.982507
13 0.563952 0.809355 0.111685 0.112245 0.982477
8 0.191162 0.189487 0.11245 0.112731 0.982156
8 0.0674434 0.685422 0.112658 0.11236 0.982039
10 0.439313 0.436928 0.112473 0.11186 0.981677
8 0.191551 0.933759 0.113017 0.112885 0.981662
2 0.315124 0.561516 0.11271 0.112209 0.981651
1 0.191034 0.0647295 0.112218 0.113968 0.981613
3 0.0672072 0.189204 0.112309 0.111938 0.981607
11 0.1914 0.436935 0.111968 0.112524 0.981425
6 0.315473 0.43707 0.111469 0.112206 0.981174
7 0.439353 0.313442 0.113708 0.112285 0.980736
8 0.811952 0.18967 0.112686 0.112983 0.980579
1 0.687632 0.809633 0.111838 0.113219 0.980322
7 0.439289 0.561752 0.112979 0.112406 0.980151
4 0.56415 0.561266 0.113159 0.113604 0.979768
1 0.563344 0.437025 0.112482 0.113803 0.979706
5 0.563463 0.188931 0.111571 0.11327 0.979692
9 0.687974 0.561493 0.111946 0.11182 0.979314
12 0.563917 0.0649217 0.112516 0.112012 0.979281
12 0.439751 0.189398 0.112447 0.112492 0.979122
11 0.687755 0.188772 0.111979 0.113594 0.978926
10 0.812113 0.0647618 0.112907 0.113805 0.978759
6 0.688048 0.0646136 0.112306 0.112817 0.978654
12 0.812476 0.809735 0.113376 0.113372 0.97856
12 0.687978 0.437179 0.112452 0.11273 0.978557
12 0.563501 0.685707 0.112479 0.112211 0.978435
5 0.936546 0.561351 0.113154 0.113613 0.97842
12 0.315392 0.685664 0.112508 0.112084 0.978393
7 0.687993 0.685581 0.112924 0.112565 0.978358
10 0.936415 0.685178 0.11307 0.113416 0.978338
5 0.81237 0.436902 0.112871 0.113744 0.978183
6 0.936743 0.0647621 0.113653 0.112469 0.97792
11 0.936064 0.189003 0.111105 0.111754 0.977853
3 0.812321 0.561713 0.11201 0.112645 0.977824
7 0.688079 0.312969 0.112273 0.112587 0.97779
7 0.811736 0.686184 0.111584 0.111693 0.977783
6 0.93681 0.312897 0.113682 0.111572 0.977753
7 0.81238 0.313092 0.112331 0.112381 0.977502
8 0.936363 0.437104 0.112651 0.1125 0.97745
8 0.563568 0.313521 0.110985 0.111214 0.977259
2 0.0666901 0.437395 0.114585 0.11173 0.0292396
8 0.813181 0.933776 0.108565 0.112429 0.0221381
12 0.191555 0.313273 0.111311 0.11131 0.00854541
2 0.936612 0.436743 0.112128 0.112346 0.0081432
2 0.81188 0.189648 0.111559 0.112932 0.00798539
2 0.563977 0.313054 0.112438 0.112387 0.00713861
3 0.93624 0.0644461 0.112452 0.112815 0.00672953
3 0.688171 0.0638023 0.112121 0.113253 0.00650796
12 0.563994 0.809572 0.111784 0.112237 0.00605805
2 0.0673625 0.685488 0.113476 0.114077 0.00493946
1 0.56405 0.561498 0.112479 0.112394 0.00481093
1 0.315391 0.313261 0.111729 0.112211 0.00478147
3 0.936129 0.312651 0.112098 0.112069 0.00475965
2 0.0670189 0.0648156 0.112557 0.113055 0.00441306
2 0.439875 0.685855 0.111939 0.113106 0.00433682
10 0.936144 0.189096 0.111545 0.111382 0.00427259
12 0.811507 0.686229 0.112579 0.112981 0.00426865
6 0.315619 0.685731 0.111614 0.111704 0.00417341
0 0.688132 0.5614 0.111561 0.11111 0.00388423
5 0.688184 0.189289 0.112775 0.113702 0.00386373
3 0.315607 0.436841 0.112403 0.112753 0.00374854
1 0.0666677 0.561511 0.113581 0.111598 0.00369353
12 0.811453 0.313435 0.111355 0.112873 0.00369195
6 0.563918 0.685643 0.113054 0.11245 0.00364497
11 0.811543 0.43738 0.11251 0.112247 0.00332481
3 0.191066 0.561068 0.111646 0.111924 0.00322263
6 0.811584 0.685884 0.112738 0.113704 0.00315204
0 0.688174 0.809232 0.111786 0.111488 0.00309667
7 0.811613 0.810546 0.113077 0.113634 0.00308251
0 0.191034 0.0647295 0.112218 0.113968 0.00301532
0 0.0666432 0.438125 0.112007 0.113537 0.00293891
0 0.0674264 0.313664 0.112967 0.113552 0.00281574
4 0.564036 0.933516 0.112663 0.113593 0.00274357
11 0.563922 0.80939 0.111091 0.112218 0.0027313
6 0.811417 0.31339 0.113634 0.112908 0.00265477
12 0.688132 0.5614 0.111561 0.11111 0.00264892
8 0.0675269 0.313642 0.112511 0.113162 0.00263616
10 0.812811 0.809322 0.111828 0.112316 0.00245376
10 0.439556 0.313459 0.113572 0.11221 0.00242624
2 0.688477 0.933538 0.113109 0.11273 0.00236065
5 0.688492 0.93325 0.112699 0.112941 0.00233427
2 0.191228 0.189081 0.111945 0.112026 0.00231231
6 0.688097 0.436612 0.111123 0.1131 0.0022996
1 0.316014 0.436784 0.109636 0.112751 0.00227546
6 0.439432 0.188867 0.111779 0.112903 0.00223486
6 0.563736 0.0648188 0.110992 0.112997 0.00221301
2 0.688127 0.809487 0.112924 0.112429 0.00219212
13 0.439265 0.437358 0.111946 0.111711 0.00218617
0 0.56381 0.437282 0.111798 0.113966 0.00215898
11 0.44004 0.685777 0.11208 0.113221 0.00212558
5 0.936193 0.685309 0.111809 0.111986 0.00207508
3 0.688177 0.561567 0.112507 0.112134 0.00206233
5 0.936089 0.809863 0.113713 0.113467 0.00204597
4 0.936012 0.312831 0.113424 0.11233 0.00204112
4 0.439937 0.933803 0.11223 0.112673 0.00200816
11 0.191132 0.313235 0.111955 0.11197 0.00193551
13 0.191293 0.437339 0.112431 0.112583 0.00190787
11 0.811848 0.933353 0.113296 0.112492 0.00190773
3 0.813161 0.437489 0.112101 0.114836 0.00190577
3 0.191113 0.68552 0.112985 0.112196 0.00188415
5 0.439241 0.809631 0.112201 0.111665 0.00188339
2 0.811544 0.437211 0.114256 0.113091 0.00187106
10 0.191269 0.436533 0.111873 0.112038 0.00185832
4 0.316043 0.933932 0.112104 0.112638 0.00182136
12 0.812027 0.0652913 0.112868 0.113066 0.00181029
6 0.68828 0.685713 0.113295 0.113213 0.00180463
10 0.688295 0.313288 0.11334 0.112783 0.00172982
1 0.191764 0.561226 0.111052 0.112472 0.00172971
1 0.439607 0.809158 0.113239 0.112284 0.00169848
7 0.190813 0.561437 0.111113 0.111942 0.0016947
11 0.935914 0.933565 0.111213 0.113079 0.00165807
3 0.688346 0.43674 0.111438 0.11427 0.00165606
1 0.936548 0.8095 0.112589 0.112853 0.00165603
0 0.31536 0.189254 0.11159 0.111767 0.00163184
12 0.439779 0.437509 0.110952 0.11246 0.001628
5 0.315153 0.809368 0.112104 0.112158 0.00162797
9 0.811759 0.189923 0.112464 0.111959 0.00160025
8 0.935943 0.934019 0.110653 0.112599 0.00159995
9 0.688015 0.933756 0.111116 0.111887 0.00155973
6 0.564411 0.561489 0.112842 0.111917 0.00155049
4 0.936202 0.0650967 0.112399 0.11234 0.00154736
4 0.688227 0.313249 0.112012 0.112549 0.00154424
11 0.936826 0.561151 0.112061 0.112287 0.00153376
11 0.563705 0.313306 0.11313 0.11223 0.00151646
1 0.315422 0.561356 0.11323 0.113252 0.00151071
2 0.0666677 0.561511 0.113581 0.111598 0.00150453
1 0.811535 0.562046 0.111849 0.112143 0.00149965
11 0.936018 0.437131 0.110715 0.113467 0.00149744
0 0.935958 0.437981 0.111523 0.114295 0.00149002
9 0.066996 0.188372 0.111873 0.112564 0.00148613
10 0.93646 0.561689 0.111257 0.111679 0.00148112
9 0.936199 0.685242 0.112323 0.111725 0.00147379
6 0.688331 0.313158 0.112006 0.113554 0.00147017
4 0.811507 0.686229 0.112579 0.112981 0.00146713
1 0.812562 0.933466 0.112982 0.112852 0.00145354
10 0.812552 0.313387 0.113038 0.112701 0.00144282
13 0.936011 0.685733 0.111572 0.112082 0.0014339
8 0.191439 0.809137 0.111717 0.112139 0.00142626
9 0.811503 0.561952 0.111601 0.111261 0.00140918
10 0.688184 0.189289 0.112775 0.113702 0.00140692
5 0.315495 0.561357 0.112026 0.113045 0.00140581
11 0.0667933 0.808833 0.112879 0.11158 0.00140037
1 0.688171 0.0638023 0.112121 0.113253 0.00139645
11 0.8115 0.188962 0.11141 0.11266 0.00139039
3 0.315828 0.685592 0.112414 0.111875 0.00137916
13 0.191439 0.809137 0.111717 0.112139 0.00137031
11 0.0676868 0.685419 0.113484 0.114591 0.00135537
5 0.563932 0.93347 0.112407 0.11264 0.00134953
5 0.315009 0.313333 0.111956 0.111873 0.00133736
2 0.0665497 0.189001 0.113321 0.111113 0.00133195
3 0.936487 0.810068 0.111978 0.11166 0.00133028
2 0.811566 0.561939 0.111165 0.111642 0.00131412
5 0.191337 0.809178 0.112609 0.112403 0.00131312
4 0.812043 0.810019 0.112926 0.112511 0.00131025
3 0.315343 0.561716 0.112805 0.112382 0.00130692
12 0.936236 0.685354 0.113414 0.111891 0.0013052
8 0.191293 0.437339 0.112431 0.112583 0.00129763
7 0.0672054 0.56106 0.11256 0.113174 0.00129532
4 0.812516 0.313349 0.11209 0.112214 0.00128854
10 0.56355 0.189324 0.113008 0.113307 0.00127841
12 0.688015 0.933756 0.111116 0.111887 0.00127299
8 0.688132 0.5614 0.111561 0.11111 0.00127165
3 0.563818 0.685657 0.111123 0.113584 0.00126836
7 0.686782 0.438111 0.110329 0.112255 0.00126782
4 0.563753 0.437103 0.112509 0.112911 0.00126666
1 0.191238 0.68512 0.113287 0.112365 0.00123382
12 0.686734 0.313364 0.110853 0.113091 0.00123159
4 0.439377 0.437074 0.112257 0.112899 0.00122415
4 0.687793 0.809594 0.112426 0.112846 0.00122324
12 0.686787 0.685939 0.111439 0.111985 0.0012163
5 0.811737 0.933261 0.115086 0.111218 0.00120421
4 0.315619 0.685731 0.111614 0.111704 0.00119594
4 0.563655 0.685535 0.11172 0.111822 0.00118026
12 0.564168 0.934078 0.112634 0.112921 0.00116096
3 0.811613 0.810546 0.113077 0.113634 0.00115581
11 0.811539 0.0647635 0.112467 0.113717 0.00115
0 0.315361 0.0648462 0.112418 0.112586 0.00114597
4 0.439405 0.313415 0.112954 0.111841 0.00114322
13 0.439692 0.933908 0.11218 0.111915 0.00113705
7 0.688175 0.0645996 0.111108 0.113406 0.00113539
4 0.563905 0.0645936 0.111179 0.113569 0.00113107
2 0.56333 0.437183 0.111352 0.111857 0.00112879
11 0.191162 0.189487 0.11245 0.112731 0.0011223
7 0.315473 0.43707 0.111469 0.112206 0.00112135
13 0.811613 0.810546 0.113077 0.113634 0.00111434
5 0.0667095 0.561574 0.112457 0.112786 0.00111378
5 0.811451 0.0652257 0.113433 0.111924 0.00110725
12 0.43997 0.933972 0.112723 0.113346 0.00110712
5 0.19144 0.437209 0.111861 0.112669 0.00110287
2 0.315391 0.313261 0.111729 0.112211 0.00110209
5 0.191255 0.685208 0.111788 0.112038 0.00109544
7 0.43976 0.436596 0.111485 0.113796 0.00109113
4 0.688204 0.685495 0.112429 0.11236 0.00109042
8 0.315444 0.0648029 0.112222 0.112102 0.00108618
12 0.935944 0.934069 0.111267 0.112243 0.00108427
7 0.564036 0.933516 0.112663 0.113593 0.0010802
3 0.439963 0.809344 0.111644 0.111874 0.00107938
13 0.936052 0.933745 0.112447 0.113093 0.00107724
7 0.56404 0.685703 0.112145 0.11337 0.00105064
8 0.936144 0.809873 0.111253 0.111994 0.00104857
7 0.936594 0.313524 0.11228 0.111455 0.00104657
8 0.3155 0.189216 0.111388 0.111421 0.00104354
7 0.936276 0.0651048 0.111768 0.112713 0.0010219
8 0.93611 0.188906 0.111621 0.111896 0.0010139
7 0.43954 0.933373 0.113005 0.113857 0.00100181
