9 0.439403 0.934088 0.112684 0.114239 0.988639
3 0.315192 0.685649 0.113204 0.112995 0.986476
10 0.191868 0.685435 0.112546 0.112343 0.98534
13 0.439219 0.685276 0.112093 0.11355 0.985274
7 0.56361 0.809635 0.111693 0.112686 0.985173
11 0.563269 0.93407 0.111498 0.113827 0.984513
4 0.191815 0.809554 0.111826 0.111763 0.984478
2 0.439253 0.0648919 0.11158 0.112966 0.984223
11 0.687413 0.933815 0.112188 0.113778 0.984065
10 0.811866 0.934052 0.113095 0.113523 0.984025
6 0.191847 0.933774 0.111625 0.11254 0.98391
2 0.315125 0.809745 0.113209 0.112694 0.983908
5 0.315976 0.561482 0.110786 0.112024 0.983901
4 0.315492 0.933852 0.11209 0.113328 0.983833
6 0.935882 0.685223 0.113908 0.112808 0.983759
4 0.0673939 0.561627 0.113439 0.112357 0.983685
10 0.191584 0.437424 0.11278 0.1124 0.98356
7 0.315348 0.313372 0.113012 0.112025 0.983524
5 0.687686 0.809659 0.111484 0.112641 0.983441
7 0.0672661 0.31384 0.112849 0.112666 0.98343
1 0.439358 0.809579 0.112191 0.112544 0.983109
5 0.935856 0.933887 0.112545 0.113144 0.983107
4 0.315352 0.0647995 0.112617 0.112584 0.982984
1 0.0672197 0.685554 0.112413 0.112072 0.98293
3 0.191623 0.561378 0.111368 0.113086 0.982861
4 0.563616 0.685351 0.111609 0.112954 0.98259
3 0.191064 0.0650864 0.112836 0.11301 0.98248
10 0.19158 0.313453 0.112427 0.112803 0.982471
10 0.0672119 0.0648639 0.11388 0.113569 0.982309
1 0.0667901 0.934076 0.112488 0.112946 0.981799
13 0.439289 0.312799 0.112206 0.112501 0.981725
2 0.31553 0.437472 0.111532 0.112609 0.98172
2 0.191425 0.18885 0.111518 0.111723 0.981352
5 0.935661 0.0650794 0.11297 0.113427 0.981223
2 0.067308 0.189011 0.111686 0.111632 0.980918
2 0.0671443 0.437148 0.112371 0.111992 0.980348
13 0.563366 0.437376 0.112472 0.113584 0.980125
6 0.439734 0.561217 0.112554 0.112658 0.979778
5 0.687744 0.064966 0.110925 0.112472 0.979616
0 0.56351 0.0650306 0.111977 0.113178 0.979307
9 0.687555 0.685258 0.11107 0.111859 0.979293
10 0.687866 0.561075 0.112041 0.113148 0.979228
12 0.812113 0.561194 0.112056 0.112991 0.979143
1 0.811943 0.685341 0.113151 0.112993 0.97907
3 0.563166 0.561345 0.111616 0.112196 0.979039
2 0.811932 0.0649737 0.112212 0.112985 0.978923
2 0.0674561 0.809322 0.111994 0.112345 0.978901
4 0.81234 0.312777 0.112844 0.112245 0.978746
9 0.935774 0.437127 0.114319 0.114205 0.97869
1 0.687599 0.313216 0.112492 0.11292 0.978682
10 0.812133 0.188439 0.112285 0.11355 0.978642
0 0.439157 0.437403 0.111475 0.1116 0.978513
7 0.812144 0.436878 0.112386 0.113294 0.978512
0 0.563457 0.313051 0.112078 0.11355 0.978245
7 0.936165 0.561098 0.113076 0.113141 0.978146
0 0.439338 0.188947 0.112146 0.11309 0.978082
3 0.93593 0.189061 0.114629 0.113806 0.97799
8 0.563615 0.188932 0.11133 0.112968 0.97704
8 0.315064 0.189214 0.112279 0.112078 0.976976
8 0.812129 0.809456 0.112634 0.11368 0.976873
8 0.936126 0.809475 0.11245 0.112825 0.976719
8 0.687775 0.437404 0.111276 0.111751 0.976511
8 0.687652 0.189159 0.111639 0.112277 0.976468
8 0.936289 0.313445 0.111641 0.112295 0.97646
2 0.68804 0.188855 0.112117 0.112987 0.030347
2 0.688082 0.436821 0.111286 0.113311 0.0223864
2 0.935528 0.313297 0.113319 0.112784 0.0132729
6 0.812052 0.561299 0.11114 0.112688 0.011467
8 0.688319 0.932837 0.112525 0.113803 0.0108926
2 0.8117 0.809732 0.112833 0.112893 0.00837745
2 0.563548 0.189064 0.112837 0.112869 0.00811213
4 0.811716 0.189076 0.111182 0.113357 0.00626642
2 0.935848 0.809672 0.112933 0.11241 0.0062303
4 0.191394 0.31314 0.110796 0.112664 0.00515844
2 0.315351 0.188906 0.112112 0.112999 0.0051248
2 0.688126 0.809306 0.112094 0.113574 0.00509247
12 0.811539 0.436896 0.112312 0.114307 0.00494442
3 0.936031 0.437304 0.112184 0.113656 0.00488084
7 0.191319 0.80947 0.112407 0.112547 0.00456971
10 0.687916 0.9338 0.111327 0.111649 0.00455765
11 0.811979 0.809632 0.112399 0.112771 0.00416137
0 0.688113 0.685214 0.111343 0.112179 0.0040845
12 0.936666 0.436635 0.111892 0.113421 0.00403919
13 0.687631 0.561171 0.110851 0.111901 0.00393795
13 0.19154 0.685147 0.111711 0.112031 0.00379732
13 0.191384 0.437403 0.11126 0.111579 0.00364143
12 0.19172 0.560861 0.111855 0.112188 0.00359932
1 0.0669556 0.560947 0.114609 0.113226 0.00355365
1 0.56386 0.685351 0.112615 0.112823 0.00348838
12 0.192118 0.06459 0.111751 0.112114 0.00347204
6 0.811482 0.436665 0.112976 0.113201 0.0034568
11 0.31566 0.189052 0.111782 0.112268 0.0033185
4 0.191584 0.437424 0.11278 0.1124 0.00321713
4 0.0667918 0.0645998 0.113472 0.11256 0.00315516
12 0.688113 0.685214 0.111343 0.112179 0.00313342
1 0.811932 0.312867 0.112311 0.112932 0.00305493
0 0.688054 0.312477 0.1125 0.112699 0.00304269
1 0.315616 0.933974 0.112597 0.114003 0.00303531
5 0.687896 0.933968 0.112429 0.113247 0.00296274
1 0.191479 0.809547 0.112925 0.113278 0.00291536
5 0.811433 0.0650347 0.112347 0.113073 0.00284151
2 0.811932 0.312867 0.112311 0.112932 0.00280014
1 0.315514 0.0645958 0.112394 0.113154 0.00275204
11 0.936127 0.809733 0.112607 0.112393 0.00270899
3 0.191847 0.933774 0.111625 0.11254 0.00265877
3 0.935999 0.685111 0.11268 0.112498 0.00263666
7 0.811762 0.932973 0.112421 0.111876 0.00261525
4 0.688128 0.561642 0.111062 0.113159 0.00258027
3 0.43951 0.560885 0.112084 0.112923 0.00252033
10 0.811872 0.313311 0.111448 0.11324 0.00249064
5 0.563692 0.934111 0.112011 0.113263 0.00229502
0 0.812286 0.685212 0.111489 0.112393 0.002263
13 0.687649 0.933438 0.111551 0.1142 0.0022356
7 0.686929 0.561089 0.112513 0.111987 0.0022327
13 0.191358 0.313054 0.110987 0.111817 0.00221599
1 0.563511 0.312473 0.112282 0.113097 0.00216063
11 0.686867 0.0649803 0.1097 0.111407 0.00211484
2 0.688125 0.0644724 0.111872 0.112318 0.00205463
12 0.935688 0.188949 0.112901 0.113288 0.00202364
4 0.563864 0.809365 0.111577 0.112059 0.00201023
10 0.687566 0.0646697 0.111065 0.111775 0.00198
7 0.315035 0.0645851 0.111727 0.112629 0.00197793
3 0.688156 0.685304 0.113186 0.112505 0.00194493
12 0.935946 0.561244 0.113217 0.113889 0.00194151
7 0.811643 0.312034 0.112743 0.113989 0.00193428
4 0.191868 0.685435 0.112546 0.112343 0.00190698
11 0.6881 0.809446 0.112107 0.113494 0.00190332
8 0.563756 0.933063 0.111914 0.113346 0.00189358
7 0.81151 0.187897 0.112578 0.11395 0.00186402
13 0.811673 0.933318 0.112002 0.112247 0.00186199
11 0.563793 0.189355 0.112103 0.112795 0.00178649
3 0.315125 0.809745 0.113209 0.112694 0.00177836
6 0.935943 0.561019 0.112391 0.113747 0.00177446
4 0.0672515 0.31354 0.112716 0.11249 0.00175838
3 0.315243 0.437459 0.11204 0.112197 0.00174167
11 0.687553 0.189317 0.112466 0.1134 0.00170174
2 0.0669556 0.560947 0.114609 0.113226 0.0016871
1 0.315465 0.436937 0.111997 0.113313 0.00167366
1 0.812046 0.0645386 0.111521 0.113207 0.00164325
5 0.688095 0.561297 0.111367 0.112307 0.00164126
3 0.066674 0.809373 0.114086 0.113152 0.00164011
7 0.191524 0.313408 0.112657 0.112864 0.0016399
13 0.563692 0.934111 0.112011 0.113263 0.00162984
1 0.0671736 0.436849 0.112212 0.11239 0.00162146
12 0.439339 0.685065 0.111987 0.112504 0.00161772
10 0.0672657 0.313584 0.112882 0.113216 0.00156378
1 0.44009 0.56113 0.112142 0.11295 0.0015424
0 0.935922 0.313401 0.110949 0.113989 0.00152703
7 0.0674471 0.0647309 0.111961 0.11383 0.0015165
6 0.811564 0.312611 0.113688 0.112323 0.00148918
2 0.688004 0.313327 0.111857 0.113366 0.00147858
9 0.687831 0.933869 0.111188 0.111857 0.00147646
3 0.190878 0.18891 0.112727 0.11282 0.00146832
8 0.811533 0.064858 0.112202 0.113785 0.00146432
4 0.439525 0.80947 0.111702 0.111952 0.0014401
12 0.439802 0.933649 0.113572 0.114961 0.00143992
3 0.0664136 0.437093 0.114662 0.111871 0.00142306
1 0.439561 0.0646581 0.111377 0.113539 0.00140896
11 0.68803 0.437608 0.112266 0.113679 0.00138846
6 0.0667632 0.561208 0.11255 0.112667 0.00137701
5 0.811722 0.189343 0.112813 0.113049 0.00137685
7 0.315706 0.934023 0.112449 0.112529 0.00136272
1 0.563589 0.0640747 0.111652 0.113522 0.00135694
4 0.811831 0.685213 0.112624 0.112581 0.00135393
4 0.315413 0.313665 0.111484 0.112725 0.00132915
12 0.563322 0.436563 0.110574 0.113496 0.00132363
4 0.935765 0.56125 0.113157 0.113062 0.00131236
0 0.688092 0.437273 0.11224 0.114165 0.00130676
1 0.0673081 0.188919 0.112207 0.112539 0.00130646
1 0.19113 0.188805 0.111906 0.112792 0.0013001
4 0.812697 0.436321 0.110962 0.113407 0.00129125
0 0.0667628 0.933988 0.113391 0.113495 0.00128284
7 0.1913 0.437109 0.112278 0.11238 0.00127515
10 0.936035 0.0647717 0.110973 0.112177 0.00126574
4 0.688125 0.0644724 0.111872 0.112318 0.00126496
4 0.687701 0.313443 0.112154 0.112373 0.00126228
7 0.563697 0.685512 0.112399 0.112288 0.00124384
3 0.6881 0.809446 0.112107 0.113494 0.0012355
5 0.31518 0.809435 0.111898 0.11189 0.00123033
1 0.439313 0.436775 0.111693 0.11355 0.00123009
3 0.688101 0.0646757 0.112065 0.114081 0.00122129
10 0.315499 0.313602 0.112102 0.112695 0.00121998
1 0.439318 0.188408 0.112201 0.112856 0.00121967
1 0.192054 0.934232 0.111962 0.112346 0.00121591
1 0.563526 0.561268 0.112022 0.112075 0.00120911
6 0.563526 0.561268 0.112022 0.112075 0.00120661
3 0.0665144 0.189133 0.113777 0.112594 0.0011962
4 0.688126 0.809306 0.112094 0.113574 0.00119474
4 0.812644 0.934085 0.11101 0.113168 0.00119321
0 0.0670135 0.685307 0.112807 0.112616 0.00118794
3 0.812034 0.56108 0.111856 0.112851 0.00117833
1 0.936163 0.685183 0.113523 0.113694 0.00117667
0 0.688047 0.189242 0.112771 0.113866 0.00117524
0 0.811357 0.561515 0.113462 0.113683 0.00115858
6 0.192118 0.06459 0.111751 0.112114 0.0011536
9 0.563669 0.436672 0.110493 0.11273 0.00115106
9 0.935716 0.188849 0.112629 0.113803 0.00114788
3 0.315292 0.561262 0.112246 0.112792 0.0011413
8 0.688113 0.685214 0.111343 0.112179 0.00113274
11 0.936127 0.313286 0.113129 0.113295 0.00113004
8 0.0665144 0.189133 0.113777 0.112594 0.00112226
10 0.935886 0.933754 0.111926 0.112503 0.00110946
13 0.0674009 0.0648707 0.112247 0.112382 0.0011086
1 0.315358 0.685422 0.112111 0.112534 0.00107535
1 0.191431 0.0644012 0.111768 0.112405 0.00107328
10 0.563252 0.933538 0.110687 0.113631 0.00106284
7 0.191229 0.684933 0.11236 0.112488 0.00105913
0 0.936397 0.438002 0.113783 0.116043 0.0010448
5 0.813073 0.932867 0.111909 0.113161 0.0010444
0 0.936241 0.809777 0.111415 0.112232 0.0010431
1 0.315459 0.809209 0.112873 0.112024 0.00103297
8 0.315505 0.436532 0.111047 0.111249 0.00103281
1 0.935747 0.189016 0.112636 0.11276 0.00103278
0 0.439632 0.809519 0.112121 0.112715 0.00103057
6 0.0672657 0.313584 0.112882 0.113216 0.00102826
2 0.688319 0.932837 0.112525 0.113803 0.00102584
7 0.0664176 0.56111 0.112378 0.112615 0.00102056
12 0.439333 0.313134 0.111382 0.11206 0.00100274
10 0.315202 0.0644617 0.111723 0.112273 0.00100074
1 0.191504 0.560987 0.111311 0.11172 0.00100032
