3 0.314843 0.933902 0.113186 0.113746 0.987248
9 0.191017 0.809338 0.111751 0.113283 0.987139
6 0.191315 0.933687 0.111908 0.113362 0.98641
7 0.315393 0.685496 0.112506 0.112716 0.984954
7 0.0672166 0.437402 0.113147 0.113091 0.984059
7 0.191756 0.685599 0.111982 0.113017 0.98379
5 0.191323 0.437435 0.111005 0.112629 0.983474
2 0.56361 0.809473 0.112278 0.112603 0.983231
13 0.0672975 0.188869 0.111388 0.111195 0.983085
5 0.687228 0.0657418 0.111355 0.112762 0.983044
1 0.0668584 0.685732 0.112654 0.112319 0.98295
1 0.936195 0.809681 0.113296 0.112821 0.982832
6 0.315618 0.43718 0.112694 0.113548 0.982825
0 0.688179 0.933424 0.112023 0.113089 0.982714
12 0.439647 0.809891 0.111414 0.112872 0.982705
4 0.936309 0.934097 0.113469 0.114112 0.982616
6 0.0670901 0.0646727 0.112828 0.113867 0.982482
6 0.0670267 0.561436 0.11287 0.112605 0.982401
1 0.81226 0.933522 0.112363 0.113775 0.982072
10 0.191123 0.312701 0.113185 0.112789 0.981844
7 0.812106 0.809913 0.112705 0.11333 0.981829
3 0.0658426 0.809465 0.115365 0.113459 0.98169
4 0.067322 0.312909 0.11339 0.114733 0.981561
11 0.191133 0.560926 0.111582 0.112091 0.981556
13 0.439635 0.437315 0.11262 0.111994 0.981155
0 0.314779 0.809451 0.112056 0.112454 0.98096
2 0.190997 0.188541 0.112581 0.111877 0.980798
10 0.439578 0.933525 0.111901 0.11289 0.980631
10 0.563698 0.933773 0.111812 0.114359 0.980463
8 0.687832 0.809862 0.111657 0.112226 0.980318
2 0.190752 0.0646158 0.112001 0.112533 0.980242
13 0.563745 0.313382 0.112095 0.112626 0.979937
1 0.314629 0.187797 0.112387 0.111348 0.979929
0 0.315141 0.561308 0.112205 0.112121 0.979888
13 0.564097 0.685684 0.112253 0.113051 0.979825
11 0.439565 0.685205 0.112144 0.11369 0.979789
1 0.0665887 0.934123 0.112417 0.113953 0.979763
13 0.687437 0.31336 0.112198 0.112465 0.979577
0 0.314972 0.0638051 0.111313 0.112652 0.979451
0 0.314645 0.312007 0.11286 0.112375 0.979287
1 0.812027 0.685436 0.113205 0.112875 0.979257
1 0.563431 0.43715 0.112239 0.113768 0.97919
6 0.688151 0.685497 0.11262 0.112531 0.979136
3 0.563215 0.189386 0.110871 0.113004 0.979124
8 0.687081 0.189703 0.112258 0.112406 0.979051
1 0.439293 0.312634 0.112833 0.113631 0.978999
9 0.811847 0.437013 0.11198 0.113059 0.978989
1 0.935571 0.0645373 0.114914 0.113676 0.978889
3 0.687941 0.5617 0.11252 0.112686 0.978816
0 0.563724 0.561475 0.111512 0.113134 0.978521
0 0.68739 0.437168 0.111853 0.112825 0.978504
2 0.439301 0.561065 0.112528 0.111884 0.97837
4 0.936641 0.685229 0.11347 0.11395 0.978323
3 0.812214 0.561582 0.112175 0.113587 0.978169
11 0.811788 0.312864 0.112379 0.113703 0.978092
1 0.439345 0.0647257 0.112053 0.113143 0.977993
0 0.439599 0.188215 0.112035 0.112647 0.977988
7 0.811563 0.188995 0.112643 0.113318 0.977966
12 0.935664 0.188605 0.11274 0.112807 0.97792
0 0.562967 0.0656053 0.111041 0.111146 0.977635
2 0.936566 0.561462 0.112807 0.113114 0.977615
8 0.936215 0.313401 0.111275 0.111682 0.977494
8 0.93628 0.437035 0.113025 0.113217 0.97738
11 0.811386 0.065014 0.112041 0.113786 0.977178
6 0.439487 0.809279 0.110961 0.111369 0.162355
4 0.564036 0.934007 0.11291 0.114575 0.038644
2 0.688171 0.809727 0.113055 0.111484 0.0194271
4 0.439703 0.933847 0.113032 0.114356 0.0172313
12 0.43971 0.933651 0.111812 0.113305 0.0152523
6 0.934902 0.188899 0.113024 0.113388 0.0150342
5 0.811722 0.313801 0.112417 0.113447 0.014851
4 0.191272 0.31264 0.112577 0.11247 0.0130415
5 0.563951 0.933783 0.111578 0.113204 0.0110678
5 0.191272 0.31264 0.112577 0.11247 0.0106021
2 0.687755 0.188485 0.111243 0.111448 0.0093429
2 0.936505 0.436674 0.112611 0.112986 0.0083531
12 0.563951 0.933783 0.111578 0.113204 0.00809563
11 0.686534 0.188823 0.111318 0.111354 0.00733183
7 0.935901 0.933594 0.113096 0.115572 0.00623719
5 0.811194 0.0659203 0.111429 0.113258 0.00617317
11 0.686562 0.0652532 0.112288 0.11148 0.00535932
0 0.812746 0.93385 0.111731 0.111771 0.00479286
12 0.811476 0.810087 0.111841 0.112851 0.00464178
5 0.936116 0.561665 0.113276 0.114104 0.00459307
7 0.0666555 0.313327 0.113329 0.113408 0.00445083
2 0.935808 0.312731 0.111858 0.112379 0.00443429
1 0.315338 0.312105 0.111845 0.113189 0.00389517
1 0.68774 0.436525 0.112138 0.112609 0.00386496
8 0.936174 0.560792 0.112511 0.111006 0.00375566
12 0.812352 0.436579 0.110702 0.112675 0.00370523
0 0.935362 0.0645888 0.113493 0.11383 0.00364426
1 0.56399 0.560942 0.11151 0.112405 0.00343487
1 0.315333 0.561298 0.112487 0.112559 0.00337231
7 0.0676966 0.188572 0.111571 0.111714 0.00336265
8 0.811326 0.437178 0.11063 0.112509 0.00304857
0 0.439607 0.313056 0.111128 0.113513 0.00304234
12 0.811064 0.189014 0.112484 0.112407 0.00292205
7 0.191331 0.313126 0.112168 0.113609 0.00275119
1 0.314972 0.0638051 0.111313 0.112652 0.00272042
0 0.315212 0.18844 0.110552 0.112279 0.00271668
0 0.812621 0.685213 0.112042 0.112757 0.00270772
11 0.688169 0.809958 0.113558 0.112403 0.00266011
1 0.563819 0.0639741 0.110418 0.113149 0.00265211
5 0.439598 0.561145 0.11187 0.113758 0.00263418
10 0.0665652 0.188565 0.113696 0.111915 0.00262637
0 0.439517 0.0640234 0.11099 0.113406 0.0025817
1 0.439459 0.18777 0.11141 0.11252 0.00250884
10 0.811045 0.0650155 0.1122 0.112372 0.00238229
0 0.563865 0.437389 0.11138 0.114157 0.00237241
7 0.936027 0.685068 0.113272 0.115277 0.00233732
5 0.439498 0.685736 0.111907 0.112956 0.0023063
7 0.93559 0.188677 0.112951 0.112773 0.0022928
11 0.0665652 0.188565 0.113696 0.111915 0.002279
7 0.564604 0.68544 0.111982 0.113092 0.00227725
0 0.936196 0.80941 0.112156 0.112618 0.00225737
1 0.314979 0.809425 0.111927 0.11283 0.00224391
9 0.811447 0.561823 0.111994 0.112864 0.00215619
11 0.935864 0.312795 0.111828 0.113769 0.00212398
11 0.935961 0.436851 0.111265 0.113793 0.0021178
12 0.686616 0.313321 0.110302 0.111512 0.00211175
1 0.0671532 0.313043 0.113465 0.113677 0.00210716
1 0.190708 0.188814 0.111638 0.110531 0.00206881
1 0.56401 0.809478 0.112402 0.112343 0.00201761
10 0.190958 0.437598 0.111483 0.111813 0.00200314
4 0.066768 0.436872 0.115007 0.112458 0.00198524
12 0.811495 0.561836 0.111234 0.11289 0.00197381
4 0.563418 0.188898 0.111087 0.112205 0.00192676
13 0.43983 0.933631 0.112094 0.112028 0.0019227
3 0.688508 0.684985 0.11118 0.111858 0.00191784
3 0.439596 0.560624 0.112779 0.112482 0.00187496
1 0.439817 0.561089 0.1126 0.112994 0.00186663
12 0.687631 0.561545 0.111271 0.112196 0.00186111
7 0.688243 0.685189 0.113345 0.112888 0.00185287
5 0.43971 0.933651 0.111812 0.113305 0.00183311
1 0.936635 0.685429 0.113705 0.114207 0.00182574
12 0.439699 0.437458 0.111464 0.111904 0.00181852
4 0.688154 0.561489 0.111467 0.113778 0.00177523
3 0.191315 0.933687 0.111908 0.113362 0.00175599
10 0.811239 0.312774 0.111649 0.112641 0.00170526
3 0.190728 0.188843 0.112173 0.111076 0.00168572
2 0.688183 0.561857 0.11063 0.111943 0.00166294
13 0.563829 0.933874 0.111961 0.112021 0.00165887
5 0.190732 0.561207 0.112013 0.113525 0.00165728
12 0.563454 0.188933 0.111365 0.112618 0.00161547
13 0.811534 0.809746 0.111317 0.113085 0.00161038
0 0.813111 0.437437 0.110939 0.111427 0.00160871
0 0.0667049 0.685632 0.112899 0.112858 0.00160448
1 0.936697 0.56139 0.112969 0.11284 0.00159507
3 0.0664239 0.0647826 0.113659 0.113954 0.00159371
6 0.688183 0.561857 0.11063 0.111943 0.00157905
8 0.688448 0.93272 0.114163 0.112288 0.00153493
10 0.686821 0.0652407 0.111795 0.112607 0.00153287
6 0.811427 0.809539 0.11202 0.112685 0.00152259
1 0.0663994 0.809636 0.112727 0.112702 0.00150844
3 0.811929 0.436818 0.11198 0.113256 0.0015006
4 0.315703 0.685695 0.112376 0.113109 0.00149307
0 0.0667126 0.934236 0.113558 0.114322 0.00148294
0 0.93595 0.313441 0.111924 0.112685 0.00148282
4 0.811139 0.189452 0.113969 0.113364 0.00147475
4 0.812443 0.809402 0.113094 0.113969 0.00147319
4 0.439487 0.809279 0.110961 0.111369 0.00144271
1 0.811462 0.561801 0.112021 0.11242 0.00142577
5 0.191762 0.0647703 0.110829 0.110927 0.00139491
3 0.06654 0.561167 0.11425 0.113451 0.00139424
11 0.190733 0.436416 0.110916 0.110356 0.00136759
7 0.564186 0.933299 0.112705 0.115963 0.00132705
4 0.812051 0.685108 0.112647 0.112593 0.00132214
1 0.688276 0.685311 0.111972 0.113819 0.00131627
5 0.0663524 0.313043 0.113181 0.11363 0.00131477
12 0.563731 0.685741 0.111413 0.112141 0.00124119
3 0.315425 0.437039 0.11263 0.113499 0.00123239
1 0.190703 0.0647166 0.112167 0.111688 0.00121539
3 0.564249 0.809626 0.111037 0.112038 0.00120188
13 0.191287 0.312763 0.112102 0.112317 0.00119921
4 0.936195 0.809681 0.113296 0.112821 0.00118251
1 0.936412 0.933925 0.112594 0.114535 0.00118208
9 0.0665652 0.188565 0.113696 0.111915 0.00117849
7 0.440204 0.436899 0.112646 0.113733 0.001173
4 0.315168 0.187661 0.11109 0.111855 0.0011686
7 0.439573 0.933327 0.11394 0.115508 0.00116416
5 0.564021 0.809962 0.111791 0.113231 0.00115197
4 0.191521 0.685306 0.112222 0.112346 0.00114957
4 0.563843 0.437184 0.112131 0.1129 0.00114507
3 0.190491 0.0649678 0.112132 0.111004 0.0011101
7 0.0664239 0.0647826 0.113659 0.113954 0.00110258
12 0.0669139 0.436417 0.112085 0.112905 0.00109825
1 0.68785 0.561642 0.112039 0.112389 0.00109768
10 0.935823 0.933512 0.11422 0.114216 0.00109757
4 0.439581 0.312956 0.112332 0.113083 0.00109647
11 0.811291 0.437095 0.111794 0.113064 0.00108527
2 0.439483 0.685334 0.11177 0.112873 0.00105701
2 0.813171 0.933222 0.111208 0.11296 0.0010475
2 0.811761 0.312896 0.111744 0.112158 0.0010231
