9 0.31574 0.809599 0.111524 0.112555 0.987557
3 0.0673325 0.809606 0.112876 0.113568 0.987477
9 0.191988 0.933736 0.111918 0.113331 0.986638
9 0.439997 0.80927 0.110564 0.112025 0.986615
3 0.563446 0.934063 0.113343 0.113679 0.986404
3 0.563302 0.809791 0.113507 0.112679 0.985865
4 0.439836 0.934002 0.112932 0.113124 0.985504
3 0.315468 0.561334 0.111839 0.113273 0.984981
13 0.936259 0.933815 0.11218 0.11187 0.984749
6 0.191791 0.80941 0.112227 0.112683 0.98471
9 0.0671041 0.437427 0.11259 0.112541 0.984608
4 0.439402 0.0649322 0.111147 0.111893 0.984526
12 0.813016 0.933493 0.111142 0.1132 0.984138
12 0.0669686 0.934003 0.112756 0.113371 0.983918
1 0.315814 0.933886 0.11221 0.112534 0.983818
8 0.688026 0.933971 0.112519 0.112834 0.983414
12 0.0675585 0.685491 0.112107 0.11148 0.983292
2 0.315159 0.685434 0.112363 0.111946 0.983244
6 0.191861 0.561574 0.112038 0.112645 0.982962
4 0.315684 0.189023 0.112741 0.112222 0.982518
5 0.687811 0.809905 0.111041 0.112143 0.982436
12 0.315376 0.312914 0.111983 0.112011 0.982135
4 0.439528 0.437088 0.112981 0.112259 0.982107
4 0.936041 0.685348 0.113887 0.11241 0.98133
7 0.439466 0.313314 0.112705 0.111841 0.981222
1 0.315021 0.43717 0.112023 0.111932 0.981193
5 0.439323 0.189382 0.113118 0.112682 0.980931
12 0.93587 0.188592 0.112042 0.112388 0.980916
2 0.191139 0.437389 0.111929 0.111873 0.980899
9 0.935017 0.0648711 0.113147 0.113448 0.980689
2 0.191354 0.188967 0.112431 0.113212 0.980624
1 0.0676064 0.188806 0.111655 0.112486 0.980438
1 0.190731 0.0648733 0.11098 0.111917 0.980353
2 0.191962 0.685318 0.111863 0.112562 0.980287
8 0.315409 0.0650888 0.112147 0.112298 0.980184
11 0.439387 0.561037 0.112247 0.111884 0.979947
8 0.936457 0.809873 0.111738 0.11158 0.979769
11 0.812176 0.809606 0.112939 0.113018 0.979573
12 0.688111 0.0650428 0.110401 0.112452 0.979474
12 0.563511 0.313383 0.111611 0.111249 0.979356
5 0.563758 0.56137 0.112325 0.112757 0.979248
13 0.564092 0.685556 0.112141 0.112091 0.979152
6 0.687521 0.188945 0.112193 0.112109 0.979089
8 0.0667585 0.561606 0.112884 0.112626 0.979087
8 0.0671323 0.0646028 0.112153 0.113683 0.979062
1 0.563706 0.437254 0.112503 0.113192 0.979005
0 0.439209 0.685556 0.112133 0.112425 0.97883
11 0.687842 0.685138 0.11255 0.112553 0.978828
0 0.0673823 0.313037 0.111912 0.113695 0.978765
6 0.812544 0.56169 0.112903 0.11218 0.978755
4 0.812524 0.685348 0.112907 0.112229 0.978669
9 0.936148 0.313607 0.111402 0.111964 0.97865
9 0.812117 0.43719 0.111691 0.112108 0.978515
12 0.811532 0.188432 0.112085 0.11202 0.978355
6 0.936578 0.437157 0.113041 0.112943 0.97831
8 0.563978 0.0648648 0.111312 0.110921 0.978232
2 0.687617 0.313258 0.111467 0.111408 0.978229
8 0.191301 0.313468 0.111628 0.112245 0.9782
7 0.68776 0.437707 0.112171 0.111413 0.97808
11 0.812014 0.312911 0.112433 0.113152 0.978024
1 0.93621 0.561176 0.114265 0.112608 0.977958
7 0.687854 0.561745 0.111992 0.112235 0.977773
8 0.811926 0.0650114 0.112176 0.112712 0.977051
8 0.563808 0.189144 0.111418 0.112579 0.976283
1 0.0670581 0.312658 0.112914 0.112475 0.014749
2 0.563666 0.188935 0.111171 0.112805 0.014484
2 0.0666635 0.561434 0.115503 0.112313 0.0101075
2 0.0664859 0.0645829 0.114395 0.112791 0.00976805
2 0.563658 0.0646118 0.111577 0.113944 0.0080435
8 0.688211 0.684987 0.111484 0.113119 0.00785717
2 0.936538 0.809644 0.112108 0.111095 0.00616787
8 0.811536 0.809399 0.111904 0.112271 0.00577316
1 0.440345 0.4373 0.112752 0.112474 0.00512284
3 0.191791 0.80941 0.112227 0.112683 0.00481191
2 0.688053 0.933417 0.111788 0.112217 0.00448509
2 0.811803 0.0647328 0.11105 0.113152 0.00431592
3 0.812706 0.561664 0.112107 0.113221 0.00420082
2 0.19115 0.31311 0.111282 0.112285 0.00409514
3 0.812041 0.437454 0.111857 0.112203 0.00399711
12 0.68673 0.5619 0.110482 0.11269 0.00388014
7 0.439959 0.933853 0.111897 0.112167 0.00358999
12 0.936348 0.313427 0.111062 0.112962 0.00351506
1 0.439402 0.0649322 0.111147 0.111893 0.00344602
1 0.191011 0.437951 0.110307 0.11064 0.00341782
3 0.190966 0.437544 0.112627 0.111245 0.0034087
1 0.315674 0.188732 0.111101 0.111384 0.00336592
1 0.812458 0.685503 0.111812 0.111944 0.00336527
1 0.687742 0.313511 0.111035 0.111698 0.00323862
3 0.191251 0.685437 0.112779 0.111947 0.00318609
7 0.936597 0.436437 0.112522 0.112801 0.00315539
12 0.812271 0.438007 0.108906 0.111491 0.00302585
7 0.439604 0.0649706 0.111717 0.111672 0.00302364
2 0.315503 0.0644649 0.111312 0.11326 0.00300489
10 0.936124 0.933048 0.111144 0.111187 0.00298338
0 0.812471 0.438019 0.110958 0.112707 0.0029665
0 0.936423 0.560789 0.113475 0.111608 0.00292943
1 0.440225 0.934032 0.113011 0.113516 0.00291156
7 0.439575 0.437532 0.111864 0.112395 0.00289488
9 0.811536 0.809399 0.111904 0.112271 0.00284368
6 0.812543 0.188827 0.110517 0.111846 0.00282868
3 0.315159 0.685434 0.112363 0.111946 0.00280136
0 0.0676232 0.437969 0.110952 0.11179 0.0027955
12 0.563708 0.685515 0.111609 0.112126 0.00266912
12 0.935738 0.0646797 0.112478 0.112362 0.00266854
1 0.936364 0.685217 0.112306 0.112162 0.00266228
10 0.811445 0.312843 0.111029 0.112683 0.00261318
7 0.812439 0.561191 0.113528 0.113011 0.00261059
5 0.811907 0.313851 0.112087 0.112076 0.00257475
3 0.687849 0.189172 0.112216 0.113394 0.00257336
10 0.8127 0.933737 0.11044 0.112492 0.00257288
3 0.688154 0.312958 0.11139 0.112136 0.00250173
9 0.687817 0.685589 0.111679 0.112062 0.0024608
3 0.191861 0.561574 0.112038 0.112645 0.00230948
5 0.688166 0.313454 0.112769 0.113608 0.00227756
6 0.0675585 0.685491 0.112107 0.11148 0.00225513
1 0.439702 0.685298 0.112171 0.112558 0.00224355
12 0.0679197 0.436644 0.111605 0.113173 0.00223701
10 0.812363 0.809576 0.112808 0.112561 0.0022281
5 0.439571 0.561386 0.112061 0.112234 0.00222157
12 0.688679 0.436605 0.110045 0.110554 0.00221525
5 0.812213 0.809762 0.11238 0.112319 0.00218674
2 0.688239 0.809643 0.111878 0.113808 0.00212581
10 0.812503 0.685198 0.111164 0.111995 0.00206824
3 0.936346 0.437273 0.11274 0.113516 0.00205766
7 0.68827 0.188839 0.11363 0.113883 0.00202577
7 0.811683 0.684894 0.112525 0.114153 0.00196526
3 0.688219 0.809853 0.112601 0.113713 0.00194121
4 0.688391 0.43803 0.109671 0.112231 0.00193894
12 0.935896 0.933762 0.112043 0.112164 0.00192673
10 0.688417 0.685471 0.111605 0.112153 0.00191904
7 0.191259 0.561211 0.11225 0.111902 0.00187944
0 0.190949 0.064345 0.111781 0.113374 0.00187766
9 0.813218 0.933262 0.110102 0.111991 0.00187585
10 0.439634 0.561133 0.112307 0.11258 0.00185802
2 0.688247 0.684999 0.112554 0.112805 0.00185445
4 0.688239 0.809643 0.111878 0.113808 0.00183462
2 0.812503 0.685198 0.111164 0.111995 0.00177165
2 0.936364 0.685217 0.112306 0.112162 0.00173136
0 0.563915 0.437121 0.112006 0.113076 0.00165536
6 0.68818 0.438062 0.112051 0.112039 0.00163598
10 0.439319 0.18931 0.112025 0.112311 0.00161686
10 0.68818 0.438062 0.112051 0.112039 0.00161088
6 0.688161 0.561706 0.110765 0.113214 0.00159308
11 0.936259 0.933815 0.11218 0.11187 0.00155898
6 0.811643 0.685326 0.114193 0.113344 0.00153025
3 0.813236 0.932543 0.110308 0.112074 0.00153024
5 0.687936 0.685448 0.112126 0.111791 0.00152055
1 0.191259 0.189101 0.112025 0.111928 0.00151947
0 0.191467 0.313694 0.110865 0.11219 0.00149451
7 0.191413 0.809695 0.112826 0.113571 0.00149018
0 0.315934 0.933769 0.111687 0.111842 0.00149002
4 0.688175 0.561785 0.110719 0.112486 0.00148638
0 0.0669901 0.188632 0.112719 0.112451 0.00148141
3 0.688193 0.0644102 0.110384 0.112092 0.00147994
3 0.936332 0.313455 0.111014 0.113001 0.00147009
7 0.811498 0.188435 0.110286 0.112699 0.0014529
0 0.936722 0.809802 0.111378 0.112756 0.00144991
4 0.563859 0.437405 0.112171 0.112624 0.00144895
1 0.315699 0.685364 0.1129 0.11247 0.0014246
9 0.811351 0.312702 0.111588 0.111816 0.00142176
0 0.936332 0.313455 0.111014 0.113001 0.00141904
3 0.315317 0.809932 0.112671 0.112406 0.00140534
0 0.315395 0.437258 0.11286 0.112921 0.00140514
2 0.315674 0.188732 0.111101 0.111384 0.00140227
0 0.68875 0.933686 0.113806 0.11325 0.00139543
0 0.813244 0.933169 0.110505 0.112177 0.00139438
8 0.439437 0.56133 0.11158 0.111706 0.0013832
1 0.0668016 0.809447 0.112308 0.111887 0.0013288
1 0.315082 0.561463 0.112276 0.112096 0.0013122
8 0.811351 0.312702 0.111588 0.111816 0.00129723
12 0.440365 0.809642 0.112598 0.112264 0.00129222
7 0.688174 0.0648393 0.110602 0.112257 0.00128749
1 0.191597 0.685415 0.112605 0.11195 0.00126743
11 0.0666635 0.561434 0.115503 0.112313 0.00126262
4 0.315386 0.437607 0.112387 0.112939 0.00123541
10 0.439699 0.313543 0.111979 0.111295 0.00123464
2 0.439402 0.0649322 0.111147 0.111893 0.00123314
7 0.936026 0.685151 0.113348 0.11491 0.00123215
12 0.316011 0.810031 0.112821 0.11279 0.00122873
1 0.563649 0.80953 0.112451 0.112301 0.00122605
6 0.439575 0.437532 0.111864 0.112395 0.00121706
4 0.439572 0.313497 0.111265 0.111165 0.00119615
13 0.935981 0.188674 0.112017 0.112666 0.00117721
9 0.439494 0.561407 0.111389 0.111901 0.00117236
10 0.936364 0.685217 0.112306 0.112162 0.00116348
0 0.0668535 0.561729 0.112061 0.111965 0.00115352
13 0.688729 0.436631 0.109851 0.111516 0.00112775
13 0.811773 0.933743 0.110877 0.111113 0.00111932
3 0.439712 0.80965 0.111447 0.111807 0.00111866
2 0.440001 0.437256 0.11233 0.111815 0.00110767
8 0.191011 0.437951 0.110307 0.11064 0.00110287
3 0.190949 0.188741 0.112832 0.112896 0.00110256
0 0.687891 0.0644151 0.110986 0.112482 0.00110098
12 0.192181 0.933924 0.113499 0.111759 0.00109935
0 0.315195 0.0649938 0.111489 0.111956 0.00109812
3 0.81142 0.189025 0.111092 0.11226 0.00108203
8 0.688173 0.313498 0.111938 0.113693 0.0010705
0 0.0666577 0.065412 0.111952 0.111803 0.00105854
2 0.439836 0.934002 0.112932 0.113124 0.0010547
3 0.0679197 0.436644 0.111605 0.113173 0.00104213
11 0.563647 0.189357 0.112978 0.112263 0.00103684
8 0.0676104 0.438053 0.1123 0.1127 0.00102383
12 0.563649 0.80953 0.112451 0.112301 0.00101188
2 0.440256 0.809417 0.11161 0.111989 0.00100902
4 0.936423 0.560789 0.113475 0.111608 0.00100769
11 0.811326 0.0644694 0.110204 0.111873 0.00100222
3 0.935745 0.065111 0.112404 0.112531 0.00100066
