7 0.440007 0.809559 0.112584 0.112766 0.98696
3 0.687537 0.934019 0.112044 0.114188 0.985782
6 0.315818 0.809154 0.111738 0.112428 0.985632
13 0.316294 0.933992 0.111752 0.113082 0.984805
10 0.564156 0.809491 0.111658 0.11339 0.984745
11 0.43886 0.0654545 0.111577 0.11313 0.984714
8 0.066712 0.437585 0.113694 0.112337 0.984459
9 0.812085 0.933668 0.112268 0.114001 0.984093
2 0.191603 0.685365 0.111154 0.111818 0.983805
7 0.564117 0.685172 0.112262 0.112851 0.983615
0 0.439762 0.933549 0.111365 0.112919 0.983538
6 0.315883 0.0650765 0.111875 0.113389 0.983346
11 0.315431 0.68571 0.111648 0.112095 0.983287
8 0.315309 0.561252 0.112492 0.112075 0.982656
4 0.439647 0.313152 0.113282 0.113786 0.982276
5 0.067157 0.31366 0.11271 0.113033 0.982241
4 0.563711 0.0653978 0.111681 0.113388 0.981991
3 0.191083 0.809326 0.112883 0.112244 0.98192
2 0.191231 0.437552 0.111577 0.111892 0.981911
11 0.315554 0.437186 0.112346 0.112519 0.981871
12 0.935808 0.934075 0.11316 0.113193 0.9818
6 0.191515 0.313462 0.112627 0.113023 0.981671
10 0.191606 0.18886 0.112725 0.114082 0.981607
12 0.315607 0.313441 0.112416 0.113502 0.981557
4 0.0677714 0.561116 0.113134 0.113246 0.981453
13 0.43961 0.437613 0.111741 0.11118 0.981425
8 0.191694 0.933621 0.112096 0.11301 0.981337
4 0.687752 0.809277 0.113003 0.11456 0.98118
5 0.563456 0.189509 0.110931 0.112252 0.980998
11 0.811876 0.809451 0.112143 0.113484 0.980972
13 0.936656 0.809134 0.114192 0.115762 0.980923
2 0.191286 0.56097 0.111702 0.11163 0.980411
12 0.0674284 0.0646403 0.112236 0.112159 0.980262
8 0.191341 0.0646409 0.112466 0.113116 0.980224
1 0.0669971 0.934313 0.113673 0.113483 0.980084
8 0.315712 0.189305 0.112314 0.112142 0.980023
2 0.56364 0.933776 0.114491 0.114195 0.979708
6 0.563925 0.561148 0.111856 0.112481 0.979644
11 0.563672 0.31301 0.111161 0.114125 0.979583
2 0.0673275 0.188316 0.113178 0.113471 0.979565
5 0.563929 0.437665 0.111824 0.111979 0.979394
2 0.0672582 0.685389 0.113996 0.112614 0.979016
4 0.688032 0.0646534 0.1135 0.115361 0.978952
11 0.936144 0.685332 0.112641 0.11229 0.978904
6 0.81193 0.561356 0.112423 0.112243 0.978812
13 0.935844 0.437182 0.113822 0.113295 0.978806
11 0.812031 0.312952 0.112572 0.114242 0.978658
10 0.688117 0.313079 0.112628 0.114375 0.978606
9 0.439527 0.561697 0.111429 0.11287 0.978594
5 0.812049 0.437323 0.11258 0.112879 0.978334
0 0.687698 0.684805 0.111195 0.112106 0.978126
2 0.687547 0.437583 0.111333 0.111374 0.978073
2 0.687709 0.189058 0.110736 0.1115 0.977977
4 0.93649 0.561357 0.114448 0.114238 0.977725
2 0.811606 0.685339 0.111704 0.112156 0.977661
8 0.440006 0.6854 0.111719 0.112404 0.977642
2 0.687704 0.561253 0.111217 0.111546 0.977589
8 0.936428 0.312884 0.111614 0.112341 0.977431
8 0.936161 0.0651061 0.111782 0.112561 0.977414
8 0.439786 0.189095 0.110914 0.111735 0.977413
2 0.812006 0.0650049 0.112448 0.112897 0.97726
2 0.812234 0.188306 0.112454 0.112598 0.97723
0 0.0677856 0.809284 0.112892 0.113051 0.977199
2 0.936065 0.188261 0.112625 0.112364 0.977
6 0.936029 0.933817 0.111409 0.112508 0.049448
12 0.439545 0.561344 0.111089 0.112846 0.0139643
1 0.0669411 0.808936 0.113452 0.112232 0.0115692
2 0.439423 0.188604 0.111284 0.112233 0.010944
5 0.811847 0.313817 0.113082 0.113915 0.00968965
6 0.0668093 0.0647414 0.113435 0.114343 0.00899643
3 0.439398 0.561438 0.110703 0.112085 0.00743765
1 0.687429 0.43799 0.108847 0.111584 0.00634982
2 0.315426 0.18939 0.112218 0.11091 0.00576536
6 0.315632 0.313786 0.112865 0.113702 0.00537405
2 0.439698 0.685624 0.111067 0.112939 0.00527865
2 0.0673456 0.436746 0.113213 0.114892 0.00518517
1 0.687613 0.684799 0.111495 0.111277 0.00495373
11 0.81153 0.436511 0.111327 0.109693 0.00460879
5 0.811492 0.188323 0.113056 0.112199 0.00434729
5 0.811487 0.0645034 0.111605 0.112248 0.00411413
1 0.191059 0.437949 0.10922 0.10906 0.00397933
0 0.0667507 0.438118 0.11225 0.112188 0.00383886
5 0.811364 0.684955 0.113044 0.111614 0.00382788
12 0.56409 0.809172 0.111018 0.111858 0.00353631
2 0.315742 0.561333 0.111244 0.11288 0.00351527
11 0.563261 0.436627 0.110784 0.109391 0.00346941
8 0.688162 0.188982 0.111501 0.112353 0.00333987
12 0.439703 0.43767 0.111588 0.111831 0.00310003
11 0.439941 0.685552 0.111293 0.113027 0.00297544
1 0.688435 0.0645053 0.111955 0.114967 0.00293924
2 0.936956 0.311854 0.112292 0.11089 0.00290985
1 0.563945 0.0649516 0.110561 0.11451 0.00290793
5 0.688153 0.561179 0.111448 0.111756 0.0028773
12 0.687937 0.313623 0.113043 0.112832 0.002844
5 0.56409 0.809172 0.111018 0.111858 0.00282696
1 0.0670824 0.561507 0.11524 0.113921 0.00279837
11 0.316036 0.561232 0.111034 0.112897 0.00278332
8 0.813097 0.933508 0.110884 0.112112 0.00276234
1 0.688153 0.561179 0.111448 0.111756 0.00273477
8 0.688189 0.437406 0.11017 0.112112 0.00271973
5 0.315326 0.685635 0.1115 0.112038 0.00269716
2 0.936207 0.0645359 0.112855 0.113213 0.00265038
11 0.687937 0.313623 0.113043 0.112832 0.00257505
1 0.811783 0.188629 0.111901 0.11186 0.00253295
2 0.191131 0.0649405 0.111743 0.110957 0.00253103
5 0.439697 0.0655944 0.111958 0.113818 0.00251343
5 0.563565 0.933599 0.111859 0.111703 0.00247068
10 0.811435 0.312934 0.111432 0.11318 0.0024474
4 0.440267 0.809462 0.111734 0.112968 0.00243271
3 0.191311 0.313554 0.111356 0.112883 0.00241256
3 0.190757 0.437155 0.111713 0.110509 0.00241081
3 0.191254 0.560616 0.111928 0.111037 0.00236131
1 0.935649 0.188605 0.11158 0.112054 0.00234669
2 0.688272 0.933606 0.112007 0.112605 0.00234593
7 0.439635 0.313005 0.112005 0.112389 0.00232232
5 0.563859 0.313771 0.111906 0.113827 0.00231309
3 0.315818 0.809154 0.111738 0.112428 0.00230325
4 0.936029 0.933817 0.111409 0.112508 0.00228989
11 0.936033 0.0644203 0.111291 0.112876 0.00225271
7 0.935892 0.933473 0.111945 0.113772 0.00223384
5 0.811801 0.809436 0.112037 0.113625 0.0022065
0 0.935997 0.31319 0.111519 0.113827 0.00218527
12 0.191984 0.313227 0.112052 0.111589 0.00214954
10 0.811361 0.809202 0.11122 0.112675 0.00213271
0 0.935897 0.0648495 0.113659 0.112691 0.00211145
1 0.0667102 0.188806 0.113389 0.11238 0.00209677
0 0.813133 0.93343 0.112641 0.111129 0.00209623
4 0.564002 0.809186 0.111714 0.112884 0.00207805
1 0.812194 0.0643207 0.111021 0.113554 0.0020376
12 0.812002 0.933891 0.112478 0.111009 0.00203643
3 0.564056 0.560651 0.111115 0.112225 0.00201585
2 0.191747 0.933448 0.111638 0.112486 0.0020112
1 0.93648 0.56125 0.114806 0.114462 0.00198326
3 0.191155 0.684965 0.112049 0.111154 0.00194851
1 0.687489 0.188999 0.111313 0.111167 0.00194053
4 0.564226 0.685232 0.111914 0.112728 0.00192357
3 0.812109 0.561144 0.111775 0.113044 0.00191811
5 0.688293 0.933375 0.111969 0.113069 0.00191208
3 0.935697 0.188683 0.111993 0.111352 0.00188397
11 0.563699 0.189601 0.112578 0.111719 0.00186501
5 0.191575 0.436842 0.110967 0.113068 0.00183517
8 0.315221 0.438054 0.111198 0.113151 0.00182897
1 0.440028 0.313554 0.113562 0.113297 0.00182208
4 0.56416 0.437914 0.111041 0.111664 0.00181892
12 0.687604 0.933736 0.110945 0.111918 0.00177843
5 0.93574 0.18814 0.11401 0.113351 0.00176919
9 0.688272 0.933606 0.112007 0.112605 0.00176037
3 0.688088 0.437582 0.111274 0.111407 0.00175661
11 0.191882 0.933573 0.112514 0.113981 0.00175586
1 0.811364 0.684955 0.113044 0.111614 0.00173267
3 0.0666689 0.684669 0.114193 0.111821 0.00169687
7 0.687509 0.0648034 0.112369 0.112738 0.00169505
5 0.191667 0.685116 0.111678 0.112255 0.00168504
7 0.687443 0.809249 0.112569 0.113122 0.00166546
11 0.56409 0.809172 0.111018 0.111858 0.00162587
11 0.0663007 0.436687 0.114281 0.110485 0.00160336
0 0.0665365 0.933913 0.113386 0.11419 0.00157175
5 0.191454 0.560887 0.111078 0.112471 0.00153266
1 0.564081 0.933688 0.113303 0.113216 0.00151457
5 0.0676298 0.685123 0.113754 0.114315 0.00150895
11 0.936004 0.312355 0.111009 0.113898 0.00150679
5 0.315247 0.43756 0.111516 0.112509 0.00150148
4 0.812379 0.437898 0.111083 0.111856 0.00149089
7 0.935871 0.560974 0.11347 0.114521 0.00148116
7 0.316699 0.933795 0.11283 0.113592 0.00146017
8 0.811774 0.684895 0.111989 0.110764 0.00145711
8 0.935843 0.188477 0.110274 0.110823 0.00144195
5 0.686804 0.43738 0.114026 0.110931 0.00143423
3 0.688349 0.809294 0.112501 0.113948 0.00142976
2 0.812163 0.436706 0.110437 0.111469 0.00139078
7 0.191975 0.313765 0.112112 0.112289 0.00138938
7 0.563493 0.0648308 0.111979 0.1131 0.00137165
11 0.191131 0.0649405 0.111743 0.110957 0.00137125
8 0.191059 0.437949 0.10922 0.10906 0.00133598
1 0.688349 0.809294 0.112501 0.113948 0.0013351
12 0.935699 0.809714 0.112374 0.114145 0.00132088
3 0.687978 0.189366 0.111268 0.11164 0.00131801
3 0.688339 0.561203 0.111264 0.111159 0.00131678
10 0.316236 0.933903 0.111778 0.111943 0.00131417
5 0.687997 0.80959 0.113288 0.113623 0.00130895
11 0.811426 0.933361 0.111466 0.11236 0.00130791
5 0.0668061 0.18812 0.112841 0.112645 0.00130705
8 0.0672582 0.685389 0.113996 0.112614 0.00130374
8 0.191696 0.560755 0.110469 0.111381 0.00128134
3 0.812379 0.437898 0.111083 0.111856 0.00127559
8 0.191968 0.685103 0.111261 0.112186 0.00126532
1 0.191635 0.560976 0.111044 0.111881 0.0012635
10 0.316309 0.437966 0.112074 0.111557 0.00126026
4 0.191606 0.18886 0.112725 0.114082 0.00125984
13 0.191404 0.18882 0.112507 0.112294 0.00125563
5 0.688196 0.31344 0.112784 0.113363 0.00124882
7 0.688241 0.313598 0.112055 0.114464 0.00123806
2 0.0670824 0.561507 0.11524 0.113921 0.00122795
3 0.0662618 0.189099 0.114275 0.111423 0.00122424
8 0.811595 0.0644029 0.111126 0.113219 0.00122359
2 0.563968 0.436829 0.109789 0.111653 0.00122132
10 0.811427 0.436997 0.113446 0.111963 0.00121826
3 0.315397 0.0650992 0.11186 0.113278 0.00119681
4 0.688246 0.933377 0.11239 0.113071 0.00119349
3 0.811885 0.065159 0.111255 0.112388 0.00119005
0 0.191661 0.0645876 0.111719 0.112016 0.0011864
10 0.0672363 0.313663 0.113009 0.113566 0.00117398
1 0.191612 0.685025 0.111717 0.111546 0.00117246
13 0.687904 0.313084 0.111486 0.112376 0.00117182
5 0.93584 0.685262 0.112034 0.113171 0.00116603
12 0.191685 0.809455 0.111509 0.111961 0.0011636
3 0.56416 0.437914 0.111041 0.111664 0.00115821
4 0.0668712 0.934515 0.113218 0.113475 0.00115709
3 0.812172 0.188929 0.11218 0.111323 0.0011474
2 0.935588 0.685603 0.111762 0.112679 0.00112624
3 0.564115 0.933818 0.112642 0.113711 0.00112575
10 0.563268 0.189437 0.11079 0.111353 0.00111763
10 0.439584 0.437809 0.113467 0.113314 0.00109221
10 0.93624 0.809243 0.11415 0.114791 0.00108618
12 0.564226 0.685337 0.111361 0.113083 0.00107607
8 0.935718 0.684963 0.111551 0.112039 0.00106747
8 0.688057 0.560579 0.110804 0.110839 0.00105936
10 0.56416 0.437914 0.111041 0.111664 0.00105369
6 0.564253 0.685253 0.111816 0.112506 0.00105323
7 0.56379 0.561091 0.112121 0.111407 0.00103946
10 0.935777 0.685056 0.111192 0.112888 0.00103268
5 0.688149 0.188923 0.112836 0.112428 0.00103037
9 0.439762 0.933549 0.111365 0.112919 0.00101256
7 0.440133 0.437275 0.112506 0.113436 0.00100978
0 0.191904 0.933625 0.111777 0.111694 0.00100546
1 0.191963 0.809426 0.111713 0.111861 0.00100402
9 0.93624 0.809243 0.11415 0.114791 0.00100072
