5 0.935618 0.933934 0.111766 0.111903 0.987199
2 0.439211 0.934079 0.11243 0.11348 0.986983
7 0.315727 0.934071 0.1113 0.112299 0.986576
3 0.0673075 0.561205 0.112581 0.113649 0.986146
12 0.0673255 0.809666 0.111745 0.112586 0.985959
7 0.315112 0.189646 0.11101 0.110777 0.985443
9 0.191724 0.0648278 0.112373 0.112998 0.985334
9 0.191795 0.934145 0.111335 0.113169 0.985125
3 0.0672753 0.313435 0.112528 0.113598 0.985081
12 0.0672054 0.685806 0.112208 0.112587 0.984957
5 0.811692 0.809982 0.111134 0.111681 0.984765
2 0.439532 0.685439 0.112493 0.112721 0.984495
5 0.687132 0.934322 0.111519 0.113891 0.984465
5 0.316132 0.562064 0.111424 0.112948 0.984017
2 0.315872 0.68567 0.110895 0.11202 0.983581
7 0.315117 0.437219 0.113185 0.111965 0.983352
7 0.190851 0.561427 0.113283 0.111911 0.983024
5 0.687164 0.809733 0.11103 0.113247 0.982994
4 0.191362 0.437151 0.11271 0.112084 0.982962
7 0.191289 0.312924 0.112267 0.111449 0.982794
5 0.56325 0.934234 0.110299 0.113431 0.98245
1 0.0666325 0.437297 0.112503 0.112499 0.98204
13 0.439279 0.0647948 0.112175 0.111802 0.981452
4 0.0675995 0.188821 0.113454 0.112809 0.98141
6 0.0666627 0.0647994 0.113823 0.113789 0.981262
2 0.191672 0.189061 0.110626 0.111604 0.981242
4 0.812156 0.934038 0.112156 0.112747 0.981102
1 0.0666561 0.9341 0.112825 0.113887 0.981075
8 0.191823 0.809686 0.110888 0.112179 0.980712
8 0.439713 0.809699 0.112196 0.112603 0.980654
9 0.563413 0.313562 0.111726 0.111368 0.980256
10 0.563678 0.685312 0.111675 0.113102 0.979979
9 0.439567 0.437667 0.111403 0.11185 0.979966
9 0.563702 0.437168 0.112396 0.112402 0.979854
8 0.563508 0.0649429 0.111398 0.112795 0.979767
9 0.811868 0.0648378 0.110879 0.112527 0.979655
0 0.315011 0.312943 0.112777 0.11142 0.979628
8 0.315397 0.0649605 0.111936 0.111817 0.979588
9 0.936051 0.189032 0.112845 0.112235 0.979558
2 0.936531 0.809624 0.112978 0.112638 0.97949
3 0.563457 0.188875 0.111876 0.112806 0.979151
0 0.315765 0.809449 0.112076 0.111918 0.979067
0 0.563666 0.809211 0.11184 0.113551 0.978849
10 0.688093 0.436745 0.112384 0.113473 0.978809
1 0.936079 0.0641558 0.11419 0.114127 0.978623
7 0.687749 0.189278 0.111462 0.112294 0.978577
4 0.93666 0.685005 0.112659 0.112927 0.978468
6 0.936723 0.437067 0.113407 0.11155 0.978333
7 0.811728 0.685812 0.111798 0.111862 0.978276
10 0.936925 0.312765 0.113275 0.11338 0.978165
3 0.812135 0.561458 0.112744 0.113252 0.978138
11 0.687538 0.56119 0.11169 0.113787 0.978016
8 0.936602 0.561249 0.11306 0.112404 0.977957
11 0.687565 0.685155 0.112036 0.113581 0.977791
8 0.191708 0.685518 0.11115 0.111947 0.977739
8 0.812433 0.436933 0.112264 0.11241 0.9777
2 0.811914 0.188817 0.112505 0.113026 0.977438
8 0.687965 0.313022 0.111588 0.112004 0.977334
8 0.812156 0.313022 0.11209 0.111736 0.97725
8 0.439682 0.189373 0.111165 0.112206 0.977197
2 0.687833 0.0652253 0.11211 0.111913 0.97717
8 0.43934 0.561388 0.112662 0.111771 0.977148
8 0.439753 0.313044 0.111174 0.111409 0.97703
8 0.56373 0.561327 0.111011 0.111562 0.975923
3 0.439818 0.43768 0.111664 0.113751 0.0243781
2 0.44002 0.313546 0.11119 0.112294 0.017303
2 0.688195 0.313077 0.112033 0.111578 0.0170792
5 0.687584 0.685525 0.111861 0.111876 0.0138682
2 0.191592 0.809747 0.11233 0.112018 0.0138627
2 0.812579 0.437545 0.113016 0.111963 0.0138018
2 0.19134 0.68567 0.112576 0.11211 0.010944
5 0.688115 0.561281 0.112014 0.113198 0.0107955
12 0.81161 0.685619 0.112716 0.112899 0.0101181
7 0.43993 0.0650784 0.112115 0.113485 0.0086713
1 0.191383 0.437089 0.112931 0.112639 0.00812755
2 0.43962 0.561351 0.111282 0.112009 0.00766467
2 0.563715 0.561238 0.11236 0.111383 0.0073577
2 0.811814 0.313793 0.112041 0.111269 0.00696246
4 0.688193 0.437181 0.11159 0.113376 0.00678557
2 0.066902 0.56096 0.11404 0.113552 0.0056152
2 0.563685 0.0646638 0.112268 0.111282 0.00538749
11 0.564037 0.56127 0.112156 0.112149 0.00528681
3 0.811868 0.0648378 0.110879 0.112527 0.00505677
11 0.315702 0.0646564 0.111857 0.113016 0.00492954
3 0.936051 0.189032 0.112845 0.112235 0.00489086
3 0.563752 0.437591 0.110923 0.113551 0.00475121
2 0.439788 0.189255 0.111875 0.11239 0.00440987
1 0.688126 0.0642244 0.112523 0.112703 0.00439484
2 0.936447 0.560986 0.113439 0.111477 0.0042966
1 0.0672997 0.189 0.113036 0.11199 0.00383598
2 0.439954 0.809771 0.112349 0.112524 0.00378013
13 0.687899 0.437216 0.111146 0.112092 0.00365283
1 0.937221 0.436573 0.109096 0.111224 0.00363689
10 0.686783 0.560928 0.112894 0.112753 0.0036297
3 0.563598 0.313526 0.11116 0.112326 0.00356034
6 0.811678 0.685317 0.111817 0.112778 0.00347788
0 0.935688 0.0645385 0.112928 0.113625 0.003463
11 0.439727 0.18893 0.111855 0.112019 0.00344661
6 0.811584 0.561797 0.111338 0.112496 0.003403
12 0.439835 0.438086 0.11255 0.113673 0.00327141
11 0.563974 0.064823 0.111677 0.112343 0.00326948
0 0.0662559 0.436669 0.114592 0.112485 0.00324237
10 0.687508 0.934122 0.111516 0.111859 0.00313235
10 0.687652 0.809583 0.111648 0.112273 0.00309725
1 0.315239 0.312621 0.112563 0.11266 0.00299155
10 0.686756 0.68489 0.112793 0.112955 0.00288437
4 0.563678 0.685312 0.111675 0.113102 0.00288185
6 0.811579 0.933139 0.113062 0.111879 0.00287808
0 0.439868 0.4381 0.112839 0.114935 0.00271603
2 0.811652 0.934235 0.111698 0.113963 0.00267224
12 0.563939 0.313618 0.112142 0.111937 0.00267214
12 0.93607 0.189113 0.112677 0.112147 0.00265575
8 0.688139 0.0644017 0.111237 0.112966 0.0026326
7 0.688193 0.437181 0.11159 0.113376 0.00259701
1 0.936356 0.685403 0.112304 0.112982 0.00259211
11 0.812471 0.436643 0.113027 0.111898 0.00258417
1 0.811386 0.188931 0.113134 0.11277 0.00251735
11 0.439954 0.809771 0.112349 0.112524 0.00249337
1 0.563684 0.809228 0.111593 0.112568 0.00248149
11 0.811778 0.31325 0.112059 0.112477 0.00247623
7 0.191371 0.437563 0.111273 0.112015 0.00246185
12 0.686862 0.189161 0.111054 0.112465 0.00244222
0 0.56397 0.438058 0.11213 0.114316 0.00241461
11 0.19155 0.809728 0.111691 0.112189 0.00240636
11 0.191249 0.685692 0.112047 0.112148 0.00239592
1 0.811662 0.933898 0.111203 0.113711 0.00239564
3 0.191837 0.933558 0.111595 0.111825 0.00238922
2 0.688132 0.809632 0.112909 0.112893 0.00238764
2 0.936561 0.685455 0.11226 0.113177 0.00235166
2 0.688115 0.561281 0.112014 0.113198 0.00227441
2 0.688149 0.685071 0.112765 0.113159 0.00221068
1 0.936194 0.809591 0.114592 0.113647 0.00216352
6 0.315527 0.436618 0.110048 0.112624 0.00214754
12 0.563914 0.43805 0.111263 0.113337 0.00213871
3 0.688132 0.809632 0.112909 0.112893 0.00213123
3 0.936473 0.436993 0.113724 0.113338 0.00206607
6 0.191004 0.561063 0.111421 0.112609 0.00200567
6 0.936231 0.685087 0.112726 0.112994 0.00200244
5 0.936194 0.809591 0.114592 0.113647 0.00200208
6 0.688115 0.188831 0.112812 0.112236 0.00200038
4 0.936797 0.313455 0.111495 0.113962 0.00198167
4 0.811844 0.685286 0.11328 0.11244 0.00197732
6 0.0674303 0.313482 0.112767 0.113297 0.00193974
6 0.0663152 0.561147 0.11257 0.112101 0.00191709
3 0.066587 0.0647166 0.113998 0.113866 0.00191297
2 0.688244 0.933647 0.113343 0.113592 0.00190019
12 0.811871 0.0647061 0.112039 0.112237 0.00189794
4 0.19131 0.313228 0.110987 0.110637 0.00188894
11 0.688344 0.312803 0.111655 0.111815 0.00185233
11 0.936447 0.560986 0.113439 0.111477 0.00184988
10 0.934964 0.933673 0.111726 0.1125 0.00182332
11 0.688217 0.933925 0.113216 0.113184 0.00180767
0 0.0668619 0.934034 0.113799 0.114385 0.00180754
2 0.315499 0.0648603 0.111852 0.113275 0.0018074
6 0.191371 0.437563 0.111273 0.112015 0.00180526
11 0.439483 0.312774 0.111302 0.111825 0.00179243
1 0.439745 0.933595 0.112777 0.112784 0.00176816
1 0.439787 0.68502 0.112797 0.112136 0.00171718
3 0.315288 0.685737 0.112469 0.112341 0.00171341
6 0.0665593 0.685529 0.113695 0.112963 0.00171196
10 0.563464 0.934224 0.111516 0.112219 0.00171191
4 0.688132 0.809632 0.112909 0.112893 0.00169888
12 0.563641 0.685384 0.112027 0.112868 0.00168195
1 0.190966 0.189336 0.111185 0.11114 0.00164325
4 0.315679 0.43713 0.111673 0.111618 0.00163225
13 0.936098 0.313179 0.110914 0.111969 0.00158448
7 0.936295 0.312476 0.113481 0.114535 0.00156381
12 0.191345 0.0647676 0.112235 0.112204 0.00155645
11 0.43934 0.561388 0.112662 0.111771 0.00155586
2 0.066638 0.31341 0.112581 0.112981 0.00154817
12 0.315356 0.436574 0.111355 0.11154 0.00154549
10 0.191252 0.313487 0.112216 0.111942 0.00152918
4 0.811445 0.809164 0.11278 0.112723 0.00151791
1 0.0677582 0.0648362 0.111812 0.112871 0.00151758
1 0.315544 0.685459 0.112565 0.111696 0.00150254
1 0.315712 0.809297 0.112046 0.112481 0.00140558
4 0.688148 0.188967 0.113275 0.112735 0.00139216
12 0.191911 0.933433 0.112842 0.113392 0.00138312
4 0.316171 0.933921 0.11089 0.112321 0.00137508
2 0.191383 0.437089 0.112931 0.112639 0.00137261
12 0.936129 0.685322 0.113086 0.111948 0.0013661
7 0.0669431 0.188188 0.112161 0.112374 0.00135358
9 0.687638 0.685257 0.111912 0.112426 0.00135146
4 0.315872 0.189287 0.11179 0.111609 0.00134554
0 0.936792 0.561638 0.111925 0.113251 0.00133979
3 0.936293 0.809576 0.112791 0.11348 0.00133944
3 0.935779 0.933626 0.112661 0.111311 0.00132825
4 0.0666084 0.436845 0.11339 0.112787 0.00132389
1 0.0663152 0.561147 0.11257 0.112101 0.0013236
1 0.811351 0.561564 0.112168 0.112203 0.00131912
13 0.563366 0.68533 0.11188 0.112021 0.00130936
4 0.191202 0.561392 0.112467 0.111799 0.00128262
8 0.811486 0.188822 0.112445 0.113408 0.00127993
10 0.811493 0.809465 0.111438 0.112314 0.00127537
12 0.811584 0.561797 0.111338 0.112496 0.00126316
4 0.811584 0.561797 0.111338 0.112496 0.0012631
0 0.563794 0.313654 0.111607 0.112366 0.00125912
12 0.563011 0.18921 0.111757 0.112919 0.00124601
6 0.0666939 0.189125 0.111692 0.110956 0.00124139
3 0.190984 0.18895 0.111498 0.111475 0.00123843
0 0.0672054 0.685806 0.112208 0.112587 0.0012134
3 0.811472 0.80952 0.11313 0.112028 0.00119834
2 0.0666939 0.189125 0.111692 0.110956 0.00119467
7 0.0671191 0.685528 0.113937 0.114334 0.00119284
0 0.813016 0.313805 0.111663 0.113818 0.00117759
6 0.0665807 0.809617 0.113392 0.112699 0.00117712
5 0.811386 0.188931 0.113134 0.11277 0.00117566
3 0.439211 0.934079 0.11243 0.11348 0.00117023
3 0.440309 0.685379 0.111226 0.112265 0.00112218
9 0.6875 0.561194 0.111374 0.111838 0.00112194
12 0.0670085 0.313415 0.11256 0.113046 0.00111838
12 0.688067 0.436959 0.113165 0.113064 0.0010999
12 0.811068 0.934157 0.112574 0.112936 0.0010911
7 0.811585 0.933026 0.111576 0.112468 0.00109035
0 0.0673255 0.809666 0.111745 0.112586 0.00108881
3 0.688217 0.933925 0.113216 0.113184 0.00108811
6 0.56343 0.189178 0.112935 0.113317 0.00108373
5 0.563294 0.685011 0.111455 0.112062 0.00107716
10 0.315429 0.437883 0.109753 0.11172 0.00105857
4 0.563594 0.189296 0.111805 0.112194 0.00105027
4 0.315626 0.561296 0.112561 0.113644 0.00101157
5 0.688149 0.437142 0.11194 0.112888 0.00100558
10 0.936356 0.685403 0.112304 0.112982 0.0010053
3 0.0670483 0.685446 0.114435 0.113895 0.00100445
