3 0.439362 0.934232 0.113546 0.114325 0.987436
13 0.811744 0.934149 0.112962 0.113739 0.986615
10 0.56354 0.933613 0.112119 0.114274 0.986074
5 0.191976 0.933812 0.111339 0.113609 0.98578
9 0.315566 0.933607 0.110644 0.112947 0.985198
9 0.3148 0.0646752 0.110876 0.112758 0.984795
4 0.563757 0.809631 0.112159 0.112613 0.984711
13 0.439199 0.0650537 0.112108 0.113549 0.984619
5 0.315851 0.685734 0.111398 0.112817 0.984585
9 0.066769 0.685229 0.113617 0.113492 0.984146
13 0.190691 0.0651106 0.111631 0.112666 0.983693
1 0.440357 0.809277 0.112078 0.112825 0.983558
9 0.066826 0.437235 0.113884 0.113808 0.983486
4 0.687888 0.934282 0.112566 0.113675 0.983482
7 0.315412 0.437712 0.112565 0.112662 0.983391
5 0.0669841 0.313468 0.112888 0.113309 0.983382
5 0.191508 0.437724 0.111683 0.112443 0.983191
8 0.191473 0.561517 0.112699 0.113386 0.982772
9 0.439115 0.685345 0.111473 0.112745 0.982196
2 0.0671634 0.809432 0.113115 0.113813 0.982085
4 0.439601 0.561222 0.112469 0.112435 0.981841
13 0.439485 0.313373 0.113341 0.113011 0.981177
8 0.191389 0.685607 0.112437 0.113107 0.981097
4 0.0677933 0.0652096 0.113188 0.11354 0.980969
9 0.315345 0.561483 0.112432 0.112639 0.980961
11 0.0673811 0.561208 0.111185 0.112514 0.980802
1 0.191538 0.808972 0.111494 0.111656 0.980777
1 0.314957 0.18889 0.112773 0.111995 0.980763
2 0.811907 0.0652257 0.112328 0.112938 0.980741
1 0.0673576 0.188716 0.112699 0.111873 0.98049
8 0.315478 0.312986 0.113088 0.113546 0.980453
10 0.563695 0.560992 0.112053 0.114101 0.980375
9 0.0668727 0.933736 0.114592 0.114731 0.980327
0 0.191597 0.188323 0.111836 0.111636 0.980324
8 0.191259 0.313038 0.112366 0.113402 0.980274
10 0.811806 0.809369 0.112754 0.113296 0.980265
10 0.935763 0.934154 0.113405 0.113567 0.980099
1 0.687949 0.809134 0.111987 0.113778 0.979915
5 0.439175 0.18898 0.111972 0.112732 0.979804
10 0.936657 0.809515 0.11382 0.11311 0.979611
13 0.563424 0.313493 0.112193 0.113058 0.979589
2 0.439159 0.437411 0.111467 0.11172 0.979519
5 0.563234 0.189056 0.111234 0.113219 0.979468
1 0.563619 0.684927 0.112582 0.113674 0.979439
13 0.812095 0.43744 0.113164 0.113542 0.979383
9 0.687593 0.0651317 0.111873 0.111945 0.979183
11 0.687683 0.685428 0.112596 0.113279 0.979181
9 0.811999 0.313153 0.111931 0.112869 0.979165
11 0.811856 0.56142 0.112816 0.113491 0.979125
1 0.563393 0.437092 0.112317 0.113065 0.979079
10 0.936254 0.685067 0.112289 0.113141 0.979043
1 0.687785 0.312999 0.112303 0.112378 0.978984
0 0.315507 0.809334 0.112409 0.111576 0.978961
1 0.81189 0.685411 0.11368 0.11319 0.978824
1 0.936129 0.0642937 0.114084 0.113931 0.97876
3 0.687812 0.561506 0.111436 0.112217 0.978642
1 0.936477 0.312738 0.113822 0.112567 0.978465
6 0.812465 0.188799 0.112442 0.113075 0.978414
5 0.93665 0.561427 0.113637 0.113598 0.978354
5 0.936419 0.188555 0.113192 0.113486 0.978331
0 0.687657 0.189163 0.11258 0.113095 0.978173
0 0.56355 0.0648558 0.11166 0.113121 0.977725
7 0.936502 0.437168 0.113249 0.113981 0.977682
8 0.687985 0.437388 0.111313 0.111944 0.977213
9 0.68788 0.437658 0.112869 0.112537 0.0166428
10 0.0671691 0.561083 0.112534 0.113987 0.00962083
3 0.811966 0.0654676 0.112686 0.112881 0.0091199
10 0.935886 0.188561 0.111473 0.112258 0.00785501
3 0.439684 0.437762 0.113092 0.113203 0.00582253
10 0.19209 0.93351 0.112419 0.112182 0.00545494
10 0.811323 0.561561 0.111637 0.112445 0.00449824
12 0.811329 0.933384 0.111494 0.112098 0.00428476
10 0.190919 0.437202 0.111453 0.112108 0.00427942
10 0.68672 0.685256 0.11122 0.113165 0.00427305
2 0.688151 0.436861 0.111414 0.11293 0.00425798
8 0.688121 0.685391 0.11213 0.1134 0.00404344
12 0.439681 0.0646257 0.111356 0.113793 0.00382073
0 0.936561 0.31312 0.112564 0.11141 0.00374329
8 0.813045 0.0650134 0.109336 0.112447 0.0037249
10 0.439151 0.18902 0.112054 0.112378 0.00361913
7 0.81143 0.808998 0.111387 0.112755 0.00349098
4 0.563977 0.684936 0.112105 0.111779 0.00341693
12 0.936103 0.437222 0.112352 0.11316 0.00341323
0 0.0669673 0.188566 0.11236 0.112111 0.00335735
0 0.688156 0.0647681 0.109339 0.11208 0.00334172
0 0.687899 0.31363 0.110788 0.112931 0.00331499
12 0.687923 0.561343 0.111539 0.112536 0.00331138
0 0.812099 0.685074 0.112198 0.113323 0.00327971
0 0.935694 0.0646676 0.113014 0.113627 0.00319863
1 0.440001 0.561721 0.112973 0.112855 0.00319297
2 0.688084 0.313069 0.112071 0.112857 0.00319282
0 0.68826 0.809264 0.111783 0.112323 0.00308112
2 0.563572 0.684917 0.111367 0.112335 0.00301356
1 0.563551 0.0640685 0.110851 0.113608 0.00298956
4 0.81143 0.808998 0.111387 0.112755 0.00291964
11 0.68792 0.436652 0.111037 0.112707 0.00290852
1 0.0666789 0.0650788 0.112411 0.112594 0.00268516
11 0.191707 0.561027 0.110401 0.11296 0.00266572
4 0.563886 0.436234 0.112134 0.112612 0.00264002
1 0.563757 0.809631 0.112159 0.112613 0.00262255
10 0.315569 0.933782 0.111775 0.113744 0.00261562
1 0.687882 0.188624 0.111997 0.113329 0.0026124
2 0.440001 0.561721 0.112973 0.112855 0.00259255
3 0.81217 0.189001 0.112651 0.113316 0.00259076
0 0.315395 0.189064 0.11194 0.113386 0.0024963
7 0.935767 0.933496 0.112171 0.114051 0.0024796
12 0.811383 0.437465 0.111428 0.112885 0.00246533
7 0.936204 0.80915 0.112244 0.113902 0.00244363
7 0.563746 0.933299 0.112354 0.113402 0.00243114
1 0.687888 0.934282 0.112566 0.113675 0.00241819
10 0.563357 0.189061 0.11342 0.113096 0.00238062
4 0.56362 0.561152 0.111652 0.113168 0.00234996
7 0.935894 0.684885 0.11133 0.113335 0.00230195
8 0.688156 0.0647681 0.109339 0.11208 0.00229346
2 0.0666789 0.0650788 0.112411 0.112594 0.00228679
13 0.935752 0.809279 0.111731 0.112978 0.00227434
2 0.688087 0.809138 0.112909 0.112767 0.0022387
11 0.191664 0.685479 0.110733 0.112487 0.0022346
0 0.191354 0.313627 0.111348 0.113452 0.00223431
10 0.937283 0.561287 0.11179 0.112541 0.00222545
5 0.935763 0.934154 0.113405 0.113567 0.00219818
2 0.688156 0.561897 0.110037 0.111867 0.00219006
9 0.191105 0.313281 0.112219 0.112716 0.00217936
9 0.68672 0.685256 0.11122 0.113165 0.00210778
13 0.935609 0.685523 0.112265 0.112124 0.00209445
12 0.439468 0.933843 0.112039 0.11209 0.00207508
3 0.0664457 0.809231 0.114877 0.113637 0.00206254
7 0.56362 0.561152 0.111652 0.113168 0.00204771
4 0.936204 0.80915 0.112244 0.113902 0.00203995
4 0.688133 0.561527 0.110633 0.112992 0.00201406
7 0.687925 0.933795 0.111505 0.112789 0.00200979
6 0.440238 0.561609 0.111794 0.112733 0.00196843
3 0.440238 0.561609 0.111794 0.112733 0.00196138
5 0.936195 0.809463 0.112131 0.112428 0.00195018
1 0.191597 0.188323 0.111836 0.111636 0.00193894
2 0.191413 0.685788 0.112448 0.112969 0.00193706
0 0.0675538 0.436703 0.111158 0.115714 0.00191654
0 0.687223 0.438042 0.110596 0.113232 0.00190521
11 0.935852 0.188594 0.111513 0.112037 0.00189522
12 0.688156 0.0647681 0.109339 0.11208 0.00188939
0 0.813106 0.313532 0.111341 0.111778 0.00187981
11 0.936829 0.561184 0.113164 0.112539 0.00181098
0 0.191336 0.809234 0.111578 0.113163 0.00180858
12 0.81195 0.313525 0.11136 0.112609 0.00178805
6 0.688205 0.934474 0.112338 0.113341 0.00171783
11 0.315963 0.933754 0.112065 0.11324 0.00165944
2 0.191463 0.561119 0.110713 0.113297 0.00165857
3 0.563894 0.809238 0.110587 0.112275 0.00161407
2 0.563757 0.809631 0.112159 0.112613 0.00161243
7 0.439199 0.0650537 0.112108 0.113549 0.00159813
11 0.19209 0.93351 0.112419 0.112182 0.00159221
1 0.315808 0.809388 0.111845 0.112077 0.00158859
0 0.440436 0.809382 0.110878 0.112423 0.00156357
2 0.191105 0.313281 0.112219 0.112716 0.0015576
12 0.439552 0.313073 0.111727 0.112006 0.00154213
4 0.0671843 0.313251 0.113017 0.113288 0.00153729
9 0.811254 0.561141 0.112273 0.111614 0.00153239
11 0.811382 0.313431 0.111876 0.112924 0.001512
6 0.936012 0.436875 0.112613 0.113055 0.0015102
8 0.811425 0.313356 0.110783 0.112498 0.00148888
5 0.0664754 0.0655266 0.112928 0.11252 0.00148548
5 0.688184 0.561571 0.110978 0.112559 0.00148474
5 0.811452 0.0644124 0.11289 0.112887 0.00148065
7 0.563894 0.809238 0.110587 0.112275 0.00146392
13 0.937161 0.436507 0.112216 0.113616 0.00145206
6 0.563894 0.809238 0.110587 0.112275 0.00144915
13 0.935277 0.934129 0.112352 0.111849 0.001447
2 0.315394 0.313403 0.112393 0.113067 0.00143426
5 0.811159 0.809264 0.112433 0.112327 0.00143314
4 0.935894 0.684885 0.11133 0.113335 0.00142977
5 0.563457 0.809168 0.112408 0.113016 0.00142308
4 0.191122 0.437881 0.112157 0.10993 0.00141382
7 0.191272 0.0652388 0.111734 0.11399 0.00139957
4 0.316129 0.437958 0.112029 0.113571 0.00138081
1 0.439545 0.436972 0.112352 0.113729 0.00137493
10 0.315141 0.68528 0.112968 0.11235 0.00134036
3 0.687925 0.933795 0.111505 0.112789 0.00133935
4 0.563746 0.933299 0.112354 0.113402 0.00132257
7 0.563402 0.314147 0.111825 0.113473 0.00131162
9 0.315394 0.313403 0.112393 0.113067 0.00129823
5 0.56337 0.933725 0.11144 0.113366 0.00128453
8 0.439117 0.43719 0.112047 0.1128 0.00125727
12 0.563548 0.313477 0.112378 0.111916 0.00125259
4 0.688055 0.31316 0.111766 0.111771 0.00124701
5 0.0666914 0.561773 0.112951 0.11244 0.00124125
7 0.439784 0.561105 0.113109 0.113243 0.0012404
0 0.315929 0.561164 0.110526 0.114005 0.00122549
2 0.687888 0.934282 0.112566 0.113675 0.00122535
10 0.0671843 0.313251 0.113017 0.113288 0.00122014
1 0.812257 0.0642677 0.111707 0.113803 0.00121873
5 0.0672562 0.809332 0.113351 0.113951 0.00121125
7 0.439565 0.313718 0.112614 0.113811 0.00120508
0 0.315724 0.313664 0.111671 0.113134 0.00119834
11 0.439207 0.685385 0.111802 0.111874 0.00119604
8 0.811254 0.561141 0.112273 0.111614 0.001195
12 0.563551 0.0640685 0.110851 0.113608 0.00117707
3 0.563671 0.684911 0.111678 0.112791 0.00117639
0 0.563648 0.437322 0.111258 0.113196 0.00116302
6 0.316129 0.437958 0.112029 0.113571 0.00114413
4 0.811956 0.685106 0.113233 0.113778 0.00113761
4 0.315501 0.189199 0.111954 0.112831 0.00113035
11 0.190341 0.43659 0.110659 0.109782 0.00112984
0 0.563221 0.685119 0.111061 0.11231 0.00112161
11 0.0674189 0.933346 0.111595 0.113096 0.00110165
10 0.0665592 0.933942 0.114035 0.114664 0.00109473
4 0.439845 0.933632 0.11211 0.113947 0.00109463
4 0.191538 0.808972 0.111494 0.111656 0.00107893
10 0.315557 0.437876 0.111271 0.113436 0.00107497
11 0.68819 0.0642468 0.110892 0.111317 0.00107259
6 0.067339 0.0652635 0.113135 0.113827 0.00106435
12 0.067921 0.436583 0.111089 0.115342 0.0010635
13 0.56335 0.933936 0.111857 0.111989 0.00106307
5 0.936005 0.68519 0.111843 0.111958 0.0010629
13 0.563239 0.561302 0.112429 0.112876 0.00106087
13 0.811183 0.80927 0.11148 0.112474 0.00106051
4 0.56386 0.189186 0.111168 0.112945 0.00105935
5 0.439256 0.436787 0.11193 0.114273 0.00105888
7 0.8125 0.436582 0.110841 0.113842 0.00104488
11 0.315014 0.0650592 0.110956 0.112182 0.00104295
11 0.315383 0.561469 0.112162 0.111904 0.00104221
11 0.191524 0.312801 0.111831 0.111382 0.00103871
8 0.315929 0.561164 0.110526 0.114005 0.00102333
2 0.936267 0.561443 0.114066 0.113539 0.00102274
11 0.935763 0.934154 0.113405 0.113567 0.00101975
9 0.191389 0.685607 0.112437 0.113107 0.00101893
6 0.688156 0.561897 0.110037 0.111867 0.00101876
10 0.811765 0.933902 0.111512 0.114293 0.0010113
