9 0.439205 0.933866 0.112319 0.112634 0.986915
6 0.315439 0.809549 0.113359 0.112888 0.986036
7 0.811908 0.933958 0.112523 0.111977 0.985711
9 0.314668 0.0648784 0.111552 0.111419 0.985211
4 0.563707 0.809926 0.112574 0.113432 0.984964
1 0.563813 0.933962 0.112009 0.113679 0.984672
12 0.936224 0.933896 0.113077 0.112575 0.984385
1 0.191508 0.809644 0.111423 0.112188 0.984253
9 0.315989 0.189048 0.11128 0.111121 0.984217
10 0.0667457 0.685666 0.113195 0.111946 0.984174
4 0.56329 0.0654265 0.112181 0.113211 0.984163
7 0.0672187 0.934244 0.113671 0.112504 0.983978
1 0.936494 0.809319 0.112577 0.112577 0.983898
6 0.31582 0.561633 0.112204 0.112328 0.983846
10 0.316011 0.313021 0.113169 0.112645 0.983802
10 0.0668464 0.561568 0.113421 0.112761 0.983744
11 0.811782 0.8097 0.112391 0.111678 0.983652
7 0.439557 0.0653081 0.111343 0.111371 0.983132
13 0.687959 0.809733 0.112123 0.11289 0.983079
6 0.315526 0.437614 0.11249 0.112334 0.982995
12 0.0673013 0.809923 0.112902 0.112851 0.982949
7 0.315525 0.934059 0.111763 0.111284 0.982928
2 0.439459 0.685269 0.112321 0.112702 0.982783
3 0.439271 0.809874 0.111637 0.111043 0.982778
5 0.0672218 0.313515 0.112534 0.112523 0.982694
3 0.0673559 0.0647769 0.112646 0.112672 0.982262
7 0.43954 0.18881 0.114315 0.112599 0.98219
13 0.191223 0.561489 0.112362 0.111113 0.981763
0 0.688171 0.933383 0.111768 0.112707 0.98175
3 0.191231 0.437379 0.11112 0.111126 0.981608
1 0.0671755 0.437539 0.112391 0.112197 0.981569
11 0.315345 0.685372 0.110713 0.111332 0.981448
1 0.191175 0.0647092 0.111833 0.113199 0.981419
11 0.191215 0.313211 0.111145 0.11213 0.981068
0 0.191505 0.933533 0.111538 0.112349 0.981063
1 0.066749 0.189284 0.112466 0.113056 0.98105
13 0.812177 0.0647147 0.112492 0.11225 0.98104
3 0.812216 0.685443 0.111789 0.111926 0.980765
2 0.191361 0.685308 0.112733 0.112142 0.980536
9 0.56337 0.561615 0.112148 0.111807 0.979781
9 0.687281 0.685612 0.111485 0.111787 0.979776
0 0.936003 0.685119 0.113171 0.11162 0.979656
5 0.563486 0.437527 0.111967 0.112333 0.979491
1 0.439401 0.561345 0.11272 0.113338 0.979421
8 0.19114 0.189304 0.111532 0.111811 0.979232
4 0.687925 0.561234 0.112699 0.112674 0.979189
3 0.43959 0.437858 0.111703 0.111787 0.979124
9 0.811755 0.188948 0.112324 0.112304 0.979044
4 0.687891 0.31283 0.112939 0.113422 0.979013
12 0.43943 0.313356 0.112455 0.112869 0.97898
6 0.812553 0.561456 0.11319 0.112699 0.978872
11 0.812201 0.437052 0.112127 0.113261 0.978626
1 0.936225 0.0642147 0.113629 0.113439 0.978594
0 0.563381 0.313034 0.111939 0.113848 0.978518
11 0.687869 0.0647604 0.112206 0.111585 0.978409
2 0.563273 0.188898 0.11178 0.112161 0.978272
4 0.936502 0.436929 0.113598 0.113727 0.978172
12 0.936347 0.313051 0.113372 0.11276 0.978074
0 0.687678 0.188764 0.112226 0.113193 0.978057
2 0.68738 0.437526 0.111736 0.111806 0.97805
4 0.936671 0.561212 0.113608 0.113336 0.977866
7 0.935837 0.188486 0.110431 0.110973 0.977738
8 0.563497 0.68539 0.111894 0.112322 0.976998
8 0.811782 0.312868 0.111161 0.112072 0.975956
5 0.688233 0.0652851 0.111465 0.111613 0.0215877
5 0.315361 0.685611 0.111148 0.111583 0.0200652
2 0.190831 0.189402 0.112073 0.11213 0.0191569
2 0.811573 0.312976 0.111219 0.113403 0.0152221
5 0.812282 0.43755 0.112371 0.112072 0.0114224
2 0.564028 0.685227 0.111836 0.11219 0.0112228
7 0.191182 0.561387 0.110451 0.11117 0.00742159
3 0.688171 0.437458 0.112394 0.112965 0.00691521
12 0.811652 0.933342 0.111981 0.11096 0.0068059
1 0.687941 0.188196 0.112095 0.11321 0.00448313
5 0.191171 0.313043 0.112021 0.112275 0.00447897
1 0.687433 0.437885 0.109796 0.111679 0.00408594
3 0.191361 0.685308 0.112733 0.112142 0.00393742
0 0.688141 0.685544 0.112208 0.11045 0.00348516
10 0.811518 0.436953 0.110228 0.112258 0.00326979
6 0.439676 0.31284 0.11299 0.113242 0.00303168
5 0.19125 0.685203 0.112199 0.112451 0.0027801
1 0.563634 0.0650654 0.112148 0.113897 0.00275934
3 0.439459 0.685269 0.112321 0.112702 0.00270732
0 0.93612 0.0642891 0.111907 0.11345 0.00270333
1 0.688039 0.313304 0.112359 0.113181 0.00269905
6 0.439737 0.438054 0.113804 0.112515 0.00257979
8 0.688106 0.437124 0.111512 0.113354 0.00256367
7 0.687673 0.561332 0.111564 0.11196 0.00249005
1 0.688444 0.561123 0.111077 0.11293 0.0024887
5 0.812168 0.809193 0.111932 0.113029 0.00248099
10 0.811552 0.809463 0.111001 0.112267 0.00247147
1 0.564143 0.809277 0.111016 0.112668 0.00246843
10 0.68775 0.809043 0.1113 0.111911 0.00241175
12 0.811706 0.685472 0.112167 0.112399 0.00241001
2 0.19047 0.437985 0.111927 0.11165 0.00240694
1 0.563533 0.31258 0.112129 0.113531 0.00236841
1 0.936865 0.561367 0.113272 0.11393 0.00235573
1 0.936408 0.437063 0.11372 0.114036 0.00232411
11 0.811573 0.312976 0.111219 0.113403 0.00227192
6 0.191426 0.438014 0.113355 0.112611 0.00221352
12 0.936126 0.189125 0.113254 0.113163 0.00221271
4 0.935642 0.189441 0.114056 0.112537 0.00220645
7 0.687654 0.313153 0.11138 0.111692 0.00220582
8 0.811389 0.189179 0.11238 0.112733 0.00220402
11 0.56387 0.685231 0.111188 0.113402 0.00219816
2 0.813044 0.685579 0.110941 0.110863 0.0021771
3 0.563882 0.189618 0.111211 0.112581 0.00217124
13 0.811725 0.932947 0.111213 0.111563 0.00215355
12 0.439581 0.809762 0.111831 0.112125 0.00210535
12 0.688141 0.685544 0.112208 0.11045 0.00209832
2 0.563634 0.0650654 0.112148 0.113897 0.0019934
10 0.4396 0.188967 0.11279 0.112072 0.00198938
11 0.563222 0.436628 0.110999 0.110468 0.00197648
12 0.688083 0.808901 0.110786 0.111889 0.00197359
9 0.811635 0.685588 0.112743 0.112351 0.00196783
2 0.564203 0.809986 0.112716 0.112924 0.00192612
5 0.686798 0.437381 0.115192 0.112431 0.00188971
10 0.811725 0.932947 0.111213 0.111563 0.00185112
4 0.812405 0.933867 0.112596 0.112554 0.00183044
4 0.0667843 0.934096 0.113968 0.111907 0.00182649
2 0.936658 0.561156 0.112951 0.112759 0.00181787
7 0.688083 0.808901 0.110786 0.111889 0.00181058
2 0.440275 0.438093 0.11463 0.112812 0.0017848
2 0.6882 0.561429 0.112205 0.112359 0.00175875
0 0.191175 0.0647092 0.111833 0.113199 0.00173469
0 0.936493 0.809082 0.111746 0.112748 0.00170454
0 0.812968 0.189274 0.11195 0.111878 0.0016855
3 0.688186 0.685612 0.113222 0.111468 0.0016765
6 0.0669571 0.809764 0.114542 0.113674 0.00165155
12 0.191878 0.438047 0.1136 0.112201 0.00163906
6 0.81264 0.684813 0.111098 0.111737 0.00161993
4 0.315337 0.313253 0.112326 0.113433 0.00160106
11 0.19114 0.189304 0.111532 0.111811 0.00160058
6 0.440344 0.809338 0.11129 0.111657 0.00159005
6 0.811725 0.932947 0.111213 0.111563 0.00157717
10 0.936023 0.18891 0.112548 0.114142 0.00154076
1 0.812102 0.685458 0.111837 0.112216 0.0015099
4 0.439603 0.561332 0.112054 0.112545 0.00150667
3 0.31582 0.561204 0.113513 0.112952 0.00150628
4 0.935673 0.313517 0.112847 0.11162 0.00149626
12 0.811917 0.188929 0.112292 0.11165 0.00148681
8 0.688186 0.685612 0.113222 0.111468 0.00147527
4 0.0672721 0.561099 0.11243 0.113932 0.00146442
1 0.439622 0.685092 0.113368 0.113382 0.00146195
4 0.315904 0.934113 0.111605 0.111892 0.00145422
7 0.935771 0.561578 0.111333 0.111757 0.00144548
0 0.563584 0.561477 0.111893 0.110501 0.00144385
1 0.563298 0.188757 0.111527 0.113639 0.00144361
0 0.0666936 0.188651 0.112383 0.112736 0.00143305
2 0.688058 0.313566 0.112184 0.113671 0.00143119
2 0.813015 0.437757 0.11099 0.111939 0.00142274
4 0.0675164 0.313363 0.112248 0.112498 0.00141805
4 0.936494 0.809319 0.112577 0.112577 0.00140846
1 0.688147 0.933333 0.111877 0.112482 0.00140761
10 0.315676 0.685311 0.112045 0.111715 0.00140687
12 0.440275 0.438093 0.11463 0.112812 0.00140484
7 0.563398 0.0651445 0.111805 0.112548 0.00138478
0 0.563852 0.933764 0.111007 0.112501 0.00135577
1 0.0666386 0.0652892 0.112864 0.112136 0.00135397
5 0.439516 0.685364 0.112408 0.113315 0.00133611
2 0.936408 0.437063 0.11372 0.114036 0.00133242
3 0.812654 0.561139 0.113251 0.11301 0.0013275
8 0.811468 0.809347 0.11141 0.111879 0.00131181
5 0.563349 0.189126 0.112754 0.113431 0.00129555
3 0.315439 0.809549 0.113359 0.112888 0.0012924
10 0.439542 0.064882 0.11272 0.112956 0.00128513
0 0.0670625 0.436942 0.112585 0.11243 0.00128468
4 0.439581 0.809762 0.111831 0.112125 0.00125106
6 0.563624 0.809585 0.111354 0.112116 0.00124909
7 0.935634 0.437628 0.112068 0.112518 0.00123335
4 0.191456 0.809746 0.11192 0.112952 0.00123213
4 0.563688 0.43786 0.110905 0.111124 0.00122121
1 0.439971 0.809589 0.1119 0.112024 0.00121714
6 0.935673 0.313517 0.112847 0.11162 0.00120427
1 0.191181 0.684958 0.112881 0.11237 0.00120256
4 0.563852 0.933764 0.111007 0.112501 0.00119528
1 0.191474 0.933418 0.1115 0.112927 0.00119315
1 0.936003 0.685119 0.113171 0.11162 0.00117917
4 0.439696 0.189177 0.111926 0.111893 0.0011621
2 0.688233 0.0652851 0.111465 0.111613 0.00115661
10 0.563634 0.0650654 0.112148 0.113897 0.00114857
3 0.315699 0.43747 0.113505 0.112378 0.00114443
4 0.066749 0.189284 0.112466 0.113056 0.00112764
10 0.0675164 0.313363 0.112248 0.112498 0.00112368
12 0.315276 0.189235 0.112169 0.111225 0.0011218
3 0.93596 0.934085 0.112457 0.114985 0.00112002
4 0.813036 0.685128 0.111186 0.113109 0.00110863
1 0.812701 0.561068 0.11281 0.112157 0.00110796
4 0.0668141 0.685176 0.112967 0.11349 0.00109518
13 0.315814 0.934027 0.111992 0.112564 0.00109257
8 0.811422 0.436824 0.110782 0.111678 0.00108194
0 0.191456 0.809746 0.11192 0.112952 0.00107933
1 0.439473 0.437638 0.111649 0.112256 0.00107293
4 0.935917 0.0647557 0.112444 0.11285 0.00106454
0 0.439587 0.561099 0.11222 0.113127 0.00106403
12 0.191184 0.561189 0.110957 0.111313 0.00105638
11 0.439747 0.933539 0.113998 0.112203 0.00105223
10 0.6882 0.561429 0.112205 0.112359 0.00104834
4 0.0671755 0.437539 0.112391 0.112197 0.00104795
10 0.688233 0.0652851 0.111465 0.111613 0.00104741
12 0.563904 0.561229 0.111872 0.111888 0.00104241
10 0.191021 0.313126 0.111033 0.112408 0.00103712
9 0.563958 0.68527 0.111344 0.111884 0.00102991
5 0.813074 0.685537 0.113254 0.109905 0.00102981
6 0.936135 0.188952 0.112592 0.113259 0.00102595
