3 0.563371 0.934141 0.111819 0.113545 0.988416
5 0.935594 0.933807 0.111292 0.111563 0.987077
3 0.191202 0.934056 0.1128 0.113246 0.986335
3 0.315274 0.685405 0.11181 0.112274 0.98625
10 0.315717 0.933576 0.112066 0.113424 0.985025
6 0.43968 0.80977 0.111762 0.112892 0.985022
8 0.439449 0.934353 0.113076 0.113424 0.984612
7 0.563934 0.809645 0.111719 0.111956 0.98412
7 0.19109 0.0652746 0.110596 0.110005 0.984105
3 0.439369 0.6857 0.112474 0.113227 0.983904
4 0.687914 0.934169 0.111884 0.113772 0.983854
5 0.56321 0.0658056 0.1108 0.11225 0.983307
1 0.811788 0.933649 0.111366 0.112386 0.983209
6 0.191435 0.561469 0.1112 0.111539 0.982984
7 0.191171 0.809669 0.112036 0.111608 0.982943
4 0.31532 0.0648467 0.112718 0.112264 0.982777
1 0.936455 0.809538 0.112792 0.112193 0.982654
0 0.191148 0.436059 0.112169 0.112642 0.98264
13 0.191755 0.189509 0.111187 0.112278 0.98263
10 0.315222 0.188533 0.112569 0.11182 0.982435
7 0.190794 0.685304 0.113599 0.111941 0.982403
13 0.0670579 0.685664 0.112332 0.112366 0.98227
3 0.811918 0.0650425 0.112734 0.11405 0.982145
7 0.0670946 0.809698 0.113308 0.112864 0.981941
1 0.0668724 0.435905 0.113305 0.113581 0.981869
7 0.0669171 0.934091 0.113106 0.113109 0.981806
3 0.439904 0.189326 0.112105 0.113919 0.981749
10 0.812352 0.809879 0.112731 0.11365 0.981607
4 0.563801 0.685457 0.111087 0.112703 0.981534
11 0.686864 0.0656727 0.110848 0.112761 0.98152
4 0.067762 0.0651225 0.112843 0.112947 0.981313
1 0.439215 0.0651225 0.111513 0.11264 0.981186
1 0.31509 0.436951 0.111571 0.1126 0.981111
1 0.191063 0.312422 0.110448 0.110904 0.980859
1 0.0668749 0.189459 0.112699 0.113212 0.980655
9 0.439303 0.437573 0.111497 0.112009 0.980402
13 0.936587 0.0651616 0.111941 0.113452 0.980402
9 0.687698 0.437579 0.111302 0.112044 0.979983
0 0.315181 0.809349 0.112193 0.112322 0.979976
6 0.563649 0.188988 0.111448 0.111911 0.979834
6 0.439357 0.312871 0.112816 0.111278 0.979833
0 0.315172 0.312639 0.11187 0.112134 0.979714
9 0.687584 0.685694 0.111283 0.112107 0.979631
11 0.066194 0.560929 0.113696 0.113071 0.97957
6 0.812417 0.685557 0.112331 0.111896 0.979473
10 0.687969 0.188633 0.112303 0.113342 0.979371
0 0.067354 0.312172 0.110005 0.111316 0.979275
1 0.563514 0.437241 0.112507 0.113565 0.979194
9 0.439395 0.561062 0.112475 0.114384 0.979091
5 0.687544 0.561035 0.111571 0.112915 0.978836
10 0.936796 0.436749 0.113299 0.114119 0.978792
6 0.936693 0.685658 0.113474 0.112185 0.978769
0 0.812012 0.561321 0.112648 0.11273 0.978732
0 0.812093 0.313065 0.112445 0.112396 0.978532
10 0.936833 0.31246 0.113068 0.113478 0.978509
5 0.812208 0.188479 0.111966 0.112825 0.978504
0 0.56357 0.313142 0.111968 0.113128 0.978463
8 0.812477 0.437003 0.111847 0.112341 0.97799
8 0.563994 0.561262 0.112043 0.112842 0.977847
8 0.315793 0.56128 0.111947 0.112568 0.977565
8 0.68801 0.809828 0.112205 0.113004 0.977376
7 0.9367 0.561529 0.112715 0.112707 0.977369
8 0.687782 0.313237 0.111495 0.112007 0.977258
2 0.936262 0.188337 0.112984 0.113131 0.976979
3 0.439819 0.437232 0.111832 0.113351 0.0254864
3 0.687726 0.685582 0.111385 0.111884 0.0210692
2 0.688186 0.809587 0.112396 0.111256 0.0171443
2 0.688108 0.312912 0.111679 0.111895 0.0145401
2 0.813072 0.43683 0.109724 0.112322 0.0122419
3 0.687912 0.437131 0.111671 0.112926 0.011422
5 0.066194 0.560929 0.113696 0.113071 0.0111611
5 0.68804 0.0650339 0.111284 0.112282 0.0108592
7 0.191204 0.18926 0.111074 0.11172 0.0090454
12 0.191517 0.560883 0.111806 0.111116 0.00812462
2 0.315719 0.561344 0.112842 0.112321 0.00659015
4 0.688174 0.189017 0.112134 0.114156 0.00643286
4 0.813022 0.809257 0.113562 0.113709 0.0057035
1 0.0658857 0.311136 0.111389 0.110231 0.00541244
11 0.687926 0.81018 0.112204 0.11163 0.00539225
2 0.563733 0.561217 0.112497 0.11181 0.00502226
11 0.564036 0.561262 0.112247 0.112197 0.00494262
3 0.439708 0.561351 0.111792 0.112596 0.00487961
12 0.936265 0.561622 0.112776 0.11314 0.00463776
7 0.0665769 0.685231 0.113625 0.112802 0.00428764
4 0.93613 0.561317 0.113163 0.112355 0.0039936
6 0.191462 0.933915 0.112105 0.111518 0.00379775
12 0.935692 0.0653112 0.113199 0.113705 0.00374012
1 0.563801 0.685457 0.111087 0.112703 0.0036956
12 0.688201 0.437272 0.112741 0.112624 0.0036708
10 0.686802 0.0648763 0.111861 0.113483 0.00361201
4 0.315279 0.188619 0.112291 0.113478 0.00359152
7 0.936587 0.0651616 0.111941 0.113452 0.00351631
12 0.688187 0.685764 0.112398 0.111927 0.00337197
6 0.811651 0.0649151 0.112089 0.113148 0.00332924
1 0.687895 0.933723 0.112512 0.112949 0.00323086
4 0.439387 0.189198 0.111937 0.112413 0.00308722
1 0.0674553 0.0652588 0.11305 0.112876 0.0029451
1 0.315762 0.0647338 0.111655 0.112449 0.00290752
11 0.688169 0.3127 0.111282 0.111402 0.00284303
5 0.813022 0.809257 0.113562 0.113709 0.0028126
3 0.688131 0.561232 0.112241 0.112582 0.00278864
0 0.811691 0.932993 0.113089 0.112408 0.00277346
2 0.439979 0.934356 0.112644 0.11313 0.0026947
12 0.439739 0.436676 0.112022 0.11321 0.00259204
7 0.811743 0.809376 0.113117 0.114016 0.00259179
6 0.439387 0.189198 0.111937 0.112413 0.00258224
13 0.936221 0.437356 0.112174 0.112024 0.00256836
6 0.439192 0.685534 0.112141 0.112314 0.00253986
10 0.687668 0.561225 0.110898 0.111579 0.00253939
1 0.563822 0.188997 0.111291 0.111879 0.00250536
7 0.688174 0.189017 0.112134 0.114156 0.002479
2 0.687914 0.934169 0.111884 0.113772 0.00235532
0 0.688187 0.685764 0.112398 0.111927 0.00231055
1 0.936357 0.188343 0.112673 0.112596 0.00230692
10 0.935003 0.933377 0.111223 0.11182 0.00220662
11 0.439979 0.934356 0.112644 0.11313 0.00219987
4 0.563752 0.437337 0.112338 0.112703 0.00216992
11 0.315332 0.561442 0.111908 0.112284 0.00216022
10 0.0667851 0.561066 0.113055 0.112797 0.0021567
1 0.811559 0.685618 0.110055 0.113187 0.00214497
13 0.687864 0.189028 0.111464 0.112292 0.00214239
1 0.811895 0.560984 0.112901 0.112537 0.00210854
2 0.688131 0.561232 0.112241 0.112582 0.00204473
3 0.812305 0.685426 0.112119 0.11332 0.00202337
11 0.81255 0.436886 0.111921 0.111636 0.0020133
0 0.688201 0.437272 0.112741 0.112624 0.00200481
4 0.936226 0.436418 0.113102 0.114778 0.0019778
1 0.563611 0.312691 0.111881 0.112727 0.00197742
0 0.439149 0.064481 0.111238 0.113446 0.00196754
12 0.439499 0.56107 0.112109 0.113439 0.00196506
4 0.439192 0.685534 0.112141 0.112314 0.0019004
4 0.936571 0.31323 0.111209 0.113177 0.00186217
4 0.688131 0.561232 0.112241 0.112582 0.00185988
6 0.936275 0.561422 0.111746 0.112916 0.00183597
2 0.563801 0.685457 0.111087 0.112703 0.00181058
4 0.315425 0.437488 0.112375 0.113056 0.0018105
2 0.315274 0.685405 0.11181 0.112274 0.00179469
3 0.191315 0.56124 0.112431 0.112682 0.00176236
4 0.0668869 0.80939 0.11428 0.112419 0.00172526
3 0.936693 0.685675 0.113408 0.113624 0.00169286
6 0.191552 0.685547 0.111842 0.111932 0.00168437
1 0.315265 0.809471 0.112322 0.113053 0.00167409
4 0.067218 0.934039 0.112099 0.11212 0.00162991
0 0.439713 0.438013 0.113675 0.115512 0.0016183
4 0.56428 0.809518 0.111323 0.111949 0.00161264
7 0.936226 0.436418 0.113102 0.114778 0.00160281
5 0.688138 0.188984 0.113001 0.11394 0.00160083
2 0.439369 0.6857 0.112474 0.113227 0.00158769
0 0.563787 0.437485 0.111568 0.113626 0.001574
7 0.0676488 0.0651939 0.112253 0.112441 0.00155984
6 0.687895 0.933723 0.112512 0.112949 0.00155097
7 0.936243 0.312119 0.113048 0.114494 0.00154626
4 0.936455 0.809538 0.112792 0.112193 0.00154416
7 0.439662 0.313512 0.112729 0.110904 0.00152868
0 0.936556 0.809354 0.111995 0.112461 0.00152794
12 0.688182 0.188919 0.112096 0.113684 0.00151272
2 0.191202 0.934056 0.1128 0.113246 0.00150466
12 0.315956 0.188694 0.11173 0.112427 0.00148192
2 0.31528 0.0649243 0.111314 0.11182 0.0014517
10 0.563299 0.0650172 0.111884 0.112464 0.00145019
0 0.190839 0.312333 0.111118 0.111071 0.00143062
13 0.191142 0.809783 0.111688 0.112183 0.00140587
13 0.936151 0.31299 0.110918 0.112161 0.00138531
7 0.688142 0.934009 0.1113 0.112074 0.00135879
0 0.0667765 0.188681 0.11288 0.112703 0.0013489
12 0.439476 0.189191 0.111922 0.112938 0.00134659
4 0.191184 0.313075 0.110971 0.111847 0.00134405
0 0.315438 0.437126 0.11259 0.112998 0.00133714
1 0.191315 0.56124 0.112431 0.112682 0.00132283
10 0.811668 0.189116 0.111458 0.112349 0.00131667
3 0.93589 0.933436 0.11239 0.110869 0.00128254
1 0.315172 0.312639 0.11187 0.112134 0.00127934
12 0.811651 0.0649151 0.112089 0.113148 0.00127765
4 0.811788 0.933649 0.111366 0.112386 0.00127266
3 0.43968 0.80977 0.111762 0.112892 0.00124986
0 0.0666689 0.435557 0.113292 0.113944 0.00124406
1 0.191462 0.933915 0.112105 0.111518 0.00123924
2 0.563957 0.933623 0.111792 0.112793 0.00123616
4 0.935946 0.188841 0.112004 0.112643 0.0012314
4 0.0668724 0.435905 0.113305 0.113581 0.00122686
7 0.315892 0.0648089 0.112171 0.112154 0.00122187
4 0.0668749 0.189459 0.112699 0.113212 0.00121743
12 0.936693 0.685675 0.113408 0.113624 0.00119045
3 0.813055 0.189246 0.112853 0.114479 0.00117796
4 0.439621 0.0649928 0.111869 0.113272 0.0011729
3 0.563828 0.188712 0.112173 0.11313 0.00116528
4 0.811651 0.0649151 0.112089 0.113148 0.00113275
3 0.439374 0.313298 0.111081 0.112412 0.00112859
1 0.812223 0.312775 0.112121 0.113012 0.00112683
5 0.314954 0.0650837 0.11219 0.111482 0.0011268
0 0.813089 0.437582 0.111047 0.114178 0.00112056
4 0.191462 0.933915 0.112105 0.111518 0.00111658
12 0.0667086 0.685466 0.111658 0.112277 0.00111548
13 0.315132 0.188263 0.111565 0.112322 0.00111499
2 0.68804 0.0650339 0.111284 0.112282 0.00110974
2 0.0668369 0.0650509 0.112124 0.111375 0.00110766
3 0.935909 0.18857 0.112851 0.112753 0.00109877
12 0.314852 0.685325 0.111912 0.11247 0.00109853
1 0.936125 0.685759 0.111233 0.114689 0.00109589
10 0.935692 0.0653112 0.113199 0.113705 0.00109446
11 0.811612 0.189137 0.112561 0.112123 0.00108518
4 0.191565 0.809668 0.110904 0.111199 0.0010818
7 0.315279 0.188619 0.112291 0.113478 0.00107774
1 0.439417 0.313113 0.112273 0.111583 0.00106725
7 0.563673 0.685436 0.112373 0.112609 0.00106419
1 0.315129 0.68547 0.112276 0.112609 0.00106179
9 0.812994 0.0652849 0.110749 0.111015 0.00105844
5 0.935971 0.188444 0.113919 0.113724 0.00105559
13 0.315418 0.933733 0.111635 0.111616 0.00105277
13 0.0669171 0.934091 0.113106 0.113109 0.00104386
6 0.563798 0.685068 0.112238 0.112277 0.00103263
12 0.315774 0.933842 0.111767 0.113386 0.00102355
4 0.315548 0.933236 0.112619 0.113944 0.00102109
1 0.563612 0.934102 0.111414 0.112346 0.00101676
6 0.564097 0.810036 0.11229 0.112346 0.0010049
