11 0.314904 0.93386 0.11146 0.113159 0.986826
9 0.189851 0.0650301 0.112671 0.112533 0.986554
3 0.315373 0.809488 0.113142 0.112094 0.986497
5 0.439442 0.93371 0.111255 0.113299 0.985849
7 0.439138 0.0648959 0.112338 0.113291 0.985647
6 0.316638 0.685466 0.111504 0.111221 0.984998
1 0.563911 0.933512 0.112085 0.112938 0.984495
5 0.811922 0.933801 0.112013 0.11342 0.984365
7 0.19134 0.438113 0.112605 0.112895 0.984169
3 0.562806 0.0650448 0.112162 0.112961 0.984102
6 0.314541 0.0650446 0.112518 0.113663 0.983487
10 0.0672531 0.685552 0.112111 0.111211 0.983367
7 0.314696 0.189262 0.112596 0.113042 0.982754
4 0.936534 0.809869 0.112422 0.112005 0.982746
5 0.190144 0.189513 0.111438 0.11215 0.982705
13 0.191908 0.562172 0.111723 0.112318 0.9827
8 0.190801 0.9338 0.113146 0.113109 0.982603
6 0.0665037 0.189493 0.112707 0.112975 0.982583
3 0.066981 0.562018 0.112532 0.113552 0.982583
10 0.936745 0.933832 0.113196 0.115288 0.982333
5 0.0668456 0.438033 0.112203 0.113293 0.982245
8 0.440179 0.809428 0.111381 0.111434 0.982229
11 0.190613 0.313457 0.113047 0.113424 0.982217
1 0.0657979 0.933741 0.112307 0.113305 0.982191
4 0.191345 0.685425 0.113899 0.112683 0.98213
0 0.687801 0.932853 0.112014 0.112258 0.982066
4 0.191312 0.809604 0.112364 0.111888 0.982037
5 0.0669275 0.314148 0.111452 0.112914 0.982015
11 0.315961 0.561626 0.112885 0.113063 0.982003
11 0.314814 0.313296 0.112489 0.113622 0.98185
6 0.687864 0.809911 0.112581 0.112124 0.981125
6 0.812158 0.809927 0.112532 0.11293 0.981054
11 0.439702 0.561366 0.111968 0.113041 0.980682
0 0.440562 0.68581 0.111543 0.111373 0.980404
12 0.315357 0.437592 0.112735 0.111535 0.980292
0 0.564184 0.809595 0.111035 0.112193 0.979956
5 0.563978 0.685945 0.111888 0.112426 0.979849
13 0.563076 0.18885 0.112212 0.112806 0.979805
10 0.439384 0.313002 0.113012 0.114828 0.979563
11 0.56309 0.313092 0.111687 0.115249 0.979389
9 0.563008 0.437598 0.11191 0.111997 0.97938
0 0.0657909 0.065263 0.110983 0.11294 0.979352
9 0.811264 0.313309 0.112356 0.112223 0.979318
3 0.93635 0.685828 0.113034 0.113332 0.979249
4 0.687707 0.561201 0.113221 0.114148 0.979135
5 0.811653 0.686061 0.11232 0.112784 0.979055
1 0.811779 0.437098 0.113088 0.112154 0.978871
4 0.687684 0.312595 0.113761 0.114655 0.978766
0 0.439316 0.437659 0.110846 0.111112 0.978667
0 0.563381 0.562165 0.11182 0.112324 0.978663
7 0.687429 0.188674 0.111816 0.112392 0.978491
0 0.0665963 0.809193 0.111055 0.112971 0.978305
12 0.687316 0.437348 0.112108 0.11132 0.978152
1 0.936587 0.313028 0.113367 0.113107 0.978131
11 0.687585 0.0644501 0.111869 0.113244 0.978063
0 0.935825 0.437272 0.113273 0.112134 0.977757
12 0.812941 0.187827 0.113261 0.11311 0.977678
12 0.936414 0.561596 0.113078 0.11297 0.977578
8 0.811745 0.561709 0.112671 0.113075 0.977468
8 0.93649 0.0650159 0.110459 0.110911 0.977404
8 0.439493 0.188914 0.110993 0.111854 0.977342
0 0.936839 0.188379 0.111996 0.112765 0.977304
0 0.811535 0.0651618 0.111726 0.110994 0.976948
8 0.688166 0.685938 0.112328 0.112286 0.976929
6 0.936284 0.561819 0.11234 0.112979 0.0207059
6 0.687245 0.43771 0.111697 0.112657 0.0140632
2 0.439103 0.188266 0.111955 0.112693 0.0110139
6 0.812727 0.188769 0.11355 0.113258 0.00924243
1 0.0664892 0.809102 0.1117 0.112366 0.00839706
2 0.811431 0.56138 0.111822 0.112685 0.00821682
11 0.811229 0.56153 0.11003 0.112648 0.00764477
6 0.315368 0.43776 0.112474 0.112704 0.00742564
2 0.687757 0.68596 0.111526 0.112702 0.00609904
1 0.687555 0.312748 0.112738 0.114399 0.00429062
3 0.812485 0.808939 0.112108 0.112916 0.00425978
2 0.190607 0.933604 0.113545 0.112876 0.00416762
12 0.686706 0.188585 0.110522 0.112367 0.00390921
5 0.315281 0.934086 0.112652 0.114281 0.00378504
1 0.687809 0.561338 0.113041 0.113567 0.0037739
11 0.811445 0.933203 0.112829 0.111527 0.00377209
12 0.812017 0.313497 0.111187 0.112617 0.003708
7 0.686623 0.437315 0.111817 0.112603 0.00369409
3 0.688171 0.809033 0.1111 0.111467 0.00357722
2 0.936255 0.0646434 0.110418 0.111982 0.0034386
11 0.688185 0.685875 0.112017 0.11288 0.00343307
5 0.687571 0.065422 0.111907 0.113098 0.00334613
1 0.0655073 0.0644549 0.112751 0.113164 0.00334593
11 0.811531 0.685723 0.112493 0.111751 0.00327248
5 0.563447 0.313887 0.112269 0.114449 0.00323064
0 0.936601 0.313437 0.113164 0.112243 0.00311118
7 0.686829 0.311996 0.113885 0.115914 0.00310676
11 0.936343 0.0642981 0.10952 0.111637 0.00307596
7 0.686869 0.560658 0.112636 0.114978 0.00302119
10 0.191246 0.438225 0.112946 0.113269 0.00277973
12 0.563551 0.436748 0.110231 0.112146 0.00273021
3 0.0664857 0.189726 0.112989 0.113253 0.00254583
0 0.563604 0.438112 0.111894 0.113805 0.00241739
10 0.439292 0.933715 0.111394 0.111754 0.00239041
5 0.315553 0.561834 0.111963 0.112979 0.00233493
4 0.439448 0.313326 0.112084 0.113881 0.00229414
7 0.936004 0.809232 0.113109 0.114079 0.00227988
11 0.066131 0.436586 0.109927 0.109789 0.00216744
11 0.440679 0.809873 0.111807 0.112607 0.0020974
10 0.190304 0.189682 0.11204 0.112392 0.00209341
7 0.563821 0.18849 0.112234 0.113745 0.00207895
1 0.191504 0.685924 0.114021 0.113106 0.00207644
10 0.686551 0.0643585 0.112986 0.112132 0.00206369
12 0.936202 0.686076 0.11125 0.114025 0.0020588
13 0.935884 0.933702 0.111834 0.111631 0.0020179
8 0.811475 0.313079 0.111399 0.113291 0.00199996
7 0.192028 0.561805 0.112263 0.113184 0.00198886
8 0.563299 0.312882 0.111207 0.114363 0.00190366
4 0.191343 0.437831 0.112936 0.112572 0.00185814
7 0.688217 0.809319 0.113689 0.112598 0.00180076
7 0.935898 0.561751 0.111658 0.113826 0.00175795
1 0.440579 0.685656 0.111503 0.11201 0.00175709
8 0.688137 0.0645871 0.11147 0.113016 0.00175694
0 0.935911 0.0649882 0.11214 0.111364 0.00175174
10 0.0668248 0.438122 0.112673 0.112817 0.00174257
2 0.440407 0.809931 0.111855 0.112707 0.00171402
6 0.686734 0.188486 0.113604 0.111814 0.00171249
11 0.191599 0.934062 0.113781 0.113196 0.00170447
12 0.563089 0.188331 0.111604 0.11196 0.00169161
1 0.563774 0.561122 0.111689 0.112767 0.00167514
1 0.936442 0.809505 0.111918 0.111914 0.00166532
1 0.191295 0.809806 0.114019 0.113042 0.00165152
3 0.936313 0.561241 0.111923 0.113434 0.00164644
4 0.563267 0.0649259 0.112578 0.112074 0.00158817
4 0.0668248 0.438122 0.112673 0.112817 0.00158284
11 0.4393 0.933582 0.1114 0.111477 0.00154117
1 0.688256 0.809544 0.111965 0.112729 0.001538
9 0.935735 0.437616 0.112711 0.11245 0.00151415
4 0.564073 0.933408 0.112027 0.11255 0.00150502
10 0.811546 0.933516 0.11139 0.111845 0.00149676
4 0.811526 0.437495 0.112341 0.11219 0.00149384
0 0.811871 0.436185 0.113357 0.111748 0.00148377
5 0.563335 0.0646987 0.111882 0.111177 0.0014723
0 0.812065 0.313519 0.111495 0.112754 0.00146978
1 0.439565 0.436836 0.112234 0.112709 0.0014543
7 0.936117 0.933196 0.112694 0.114213 0.00144854
13 0.191181 0.438146 0.111498 0.113697 0.00144108
2 0.811414 0.932534 0.11308 0.111886 0.00143601
1 0.564331 0.809521 0.110942 0.112099 0.00143233
5 0.315019 0.313927 0.112721 0.114011 0.00141636
3 0.314541 0.0650446 0.112518 0.113663 0.00141471
9 0.936595 0.189091 0.111405 0.113579 0.00139097
3 0.813234 0.187856 0.11234 0.112701 0.00136128
7 0.315633 0.436766 0.11109 0.111433 0.00132863
7 0.81158 0.189265 0.112256 0.112693 0.0013247
0 0.813211 0.188212 0.112473 0.113274 0.00129823
2 0.5633 0.0651274 0.111605 0.111309 0.00128601
0 0.563684 0.933226 0.111289 0.111457 0.00126582
13 0.68682 0.188115 0.112413 0.111914 0.00125876
12 0.191808 0.561851 0.112131 0.111648 0.00125832
0 0.936251 0.56176 0.113414 0.11261 0.00125312
7 0.190967 0.809204 0.113142 0.112971 0.00124885
5 0.191047 0.809424 0.113023 0.112382 0.00124067
0 0.0660122 0.933686 0.112436 0.113427 0.00123939
3 0.316638 0.685466 0.111504 0.111221 0.00123714
4 0.0659339 0.934136 0.111292 0.112717 0.00123549
12 0.439556 0.313414 0.112976 0.113638 0.00122697
4 0.688117 0.188623 0.112269 0.112937 0.00122123
7 0.811485 0.809671 0.111916 0.112632 0.00121882
6 0.936202 0.686076 0.11125 0.114025 0.00121479
2 0.687555 0.312748 0.112738 0.114399 0.00117994
12 0.191354 0.438195 0.112089 0.113114 0.00116605
2 0.811496 0.685324 0.113415 0.112293 0.00116268
6 0.191376 0.685415 0.112514 0.112382 0.00115853
11 0.564179 0.685622 0.111046 0.111584 0.00114407
3 0.811961 0.313159 0.112365 0.113399 0.0011426
1 0.0664149 0.56178 0.112546 0.112312 0.00113625
10 0.811581 0.68553 0.112175 0.111788 0.00112253
1 0.812397 0.0646638 0.11264 0.111338 0.00111839
0 0.190318 0.0652312 0.112668 0.112395 0.00111108
4 0.936093 0.685754 0.111358 0.111993 0.00111004
2 0.687809 0.561338 0.113041 0.113567 0.00109782
13 0.439382 0.312912 0.111858 0.112139 0.00108737
8 0.68838 0.932183 0.11367 0.112257 0.0010871
8 0.439913 0.561241 0.1111 0.11343 0.00108406
12 0.936518 0.933756 0.11223 0.11376 0.00107761
5 0.19072 0.313946 0.113216 0.113999 0.00106228
11 0.43895 0.18855 0.111496 0.111745 0.00105817
1 0.315643 0.80971 0.111985 0.112317 0.00105505
1 0.562465 0.0652756 0.111692 0.111606 0.00105252
1 0.687966 0.933361 0.110712 0.111559 0.00105157
10 0.0657061 0.314471 0.111807 0.112118 0.00104364
2 0.811654 0.438028 0.111511 0.112708 0.0010337
8 0.813031 0.0641766 0.112296 0.112866 0.00102843
9 0.812561 0.0647273 0.112712 0.112004 0.00102713
2 0.191504 0.685924 0.114021 0.113106 0.00102423
5 0.936352 0.809558 0.112231 0.111222 0.00102306
5 0.439964 0.561744 0.111781 0.113032 0.00101709
7 0.31531 0.0650588 0.112721 0.113964 0.00101333
6 0.686776 0.31236 0.114723 0.115204 0.00100917
10 0.563054 0.313467 0.111185 0.114386 0.00100415
13 0.563551 0.436748 0.110231 0.112146 0.00100053
