5 0.315786 0.80949 0.112147 0.113452 0.986539
2 0.563576 0.809484 0.11189 0.112541 0.986495
8 0.563569 0.934015 0.112521 0.112391 0.986461
8 0.439404 0.685322 0.111693 0.111527 0.986179
2 0.31516 0.685082 0.112633 0.112012 0.98577
4 0.0671889 0.934609 0.114214 0.113513 0.985697
8 0.687628 0.809604 0.112043 0.11237 0.985389
9 0.315675 0.56131 0.111004 0.112209 0.984593
12 0.0675655 0.809258 0.111942 0.111175 0.984184
5 0.935983 0.684973 0.112516 0.112389 0.984082
6 0.81134 0.809567 0.111892 0.111646 0.983958
6 0.191475 0.93366 0.110842 0.112214 0.983733
13 0.688025 0.933787 0.11135 0.113471 0.983666
6 0.316262 0.934006 0.111803 0.112581 0.983648
11 0.191589 0.809315 0.111872 0.112529 0.98315
1 0.0670777 0.685588 0.112583 0.111675 0.98307
0 0.439799 0.933738 0.111279 0.11285 0.983059
5 0.0674327 0.437531 0.113961 0.113126 0.983035
6 0.81146 0.933753 0.113609 0.113053 0.982866
4 0.315373 0.0651188 0.112877 0.113002 0.982544
5 0.0671169 0.189615 0.112857 0.112593 0.982504
10 0.0677633 0.0648849 0.113031 0.112056 0.982495
8 0.93621 0.809531 0.113688 0.113196 0.982374
7 0.19206 0.313245 0.112083 0.112002 0.982173
10 0.439776 0.0648359 0.11272 0.1126 0.982167
4 0.439704 0.561265 0.112688 0.112282 0.981962
5 0.191864 0.189827 0.110977 0.112224 0.981822
7 0.191398 0.685191 0.111092 0.111366 0.981662
3 0.687967 0.68525 0.112386 0.111512 0.98159
6 0.315509 0.437139 0.11152 0.111847 0.981581
10 0.439229 0.188934 0.112083 0.112008 0.981484
12 0.191753 0.437506 0.111248 0.11168 0.98148
4 0.067004 0.31365 0.112861 0.111425 0.981472
13 0.935848 0.0656433 0.114036 0.114043 0.981459
3 0.19188 0.0649858 0.111356 0.112115 0.981213
11 0.191732 0.560918 0.111574 0.112009 0.981186
2 0.0672913 0.561568 0.112578 0.112124 0.981111
0 0.31541 0.312926 0.112136 0.112315 0.980914
9 0.563771 0.189299 0.111755 0.112536 0.980857
4 0.439848 0.809293 0.112794 0.112567 0.980775
8 0.811933 0.189773 0.112769 0.112479 0.980681
11 0.439439 0.313027 0.112302 0.112227 0.980539
6 0.316246 0.188978 0.11224 0.111794 0.980189
10 0.936288 0.933755 0.112827 0.111297 0.980182
13 0.81186 0.0648405 0.111697 0.111564 0.979694
5 0.563718 0.685484 0.112348 0.112529 0.97958
4 0.563937 0.313156 0.112312 0.113045 0.979531
6 0.564426 0.437314 0.112458 0.111823 0.979446
7 0.564063 0.561404 0.111703 0.111788 0.979318
6 0.688179 0.313037 0.112127 0.112099 0.979039
0 0.5638 0.0651029 0.111081 0.112871 0.978977
6 0.688235 0.437182 0.111707 0.111508 0.978943
10 0.687945 0.064645 0.112853 0.114242 0.978887
13 0.68754 0.189265 0.111533 0.112256 0.97865
8 0.43936 0.437113 0.112102 0.112078 0.978506
12 0.812023 0.437015 0.112515 0.112439 0.978503
13 0.812253 0.685799 0.112532 0.111946 0.978395
0 0.811642 0.312995 0.112669 0.112422 0.978301
5 0.812133 0.561192 0.11254 0.113021 0.978223
12 0.936141 0.561262 0.113364 0.112662 0.97802
8 0.935947 0.189296 0.113618 0.112821 0.977965
5 0.687917 0.561255 0.112406 0.112797 0.977956
4 0.936475 0.312625 0.114263 0.113884 0.977571
8 0.936021 0.437167 0.112884 0.11172 0.977492
12 0.68767 0.189188 0.111608 0.111826 0.00911407
4 0.811544 0.933284 0.113862 0.111597 0.00818405
2 0.811923 0.189707 0.111649 0.11252 0.00615916
3 0.687988 0.436716 0.11089 0.111246 0.00581271
4 0.811178 0.809289 0.112719 0.112189 0.00579552
1 0.316152 0.436765 0.108438 0.111249 0.00550416
12 0.811344 0.686147 0.111664 0.111971 0.0053744
2 0.439771 0.436879 0.110928 0.112952 0.00532738
1 0.563713 0.313811 0.11166 0.112323 0.00525618
12 0.68767 0.934008 0.111054 0.111738 0.00503567
1 0.0668993 0.934238 0.114613 0.114249 0.00497857
1 0.439861 0.561594 0.112874 0.111902 0.00497208
2 0.936342 0.436745 0.112033 0.111838 0.00489647
3 0.564291 0.436869 0.112336 0.11209 0.00479014
3 0.315654 0.188296 0.111374 0.112365 0.00461972
1 0.0667612 0.313494 0.111187 0.110738 0.00451924
1 0.936526 0.31272 0.114235 0.114076 0.00428666
3 0.0667698 0.561274 0.115534 0.111829 0.00407773
3 0.81134 0.809567 0.111892 0.111646 0.00403569
11 0.687398 0.933701 0.111207 0.113687 0.00402551
3 0.31629 0.933649 0.113066 0.113647 0.0039177
3 0.315648 0.436791 0.112316 0.112251 0.00381562
1 0.315123 0.0651069 0.111019 0.11152 0.00376002
3 0.688173 0.312423 0.112179 0.112146 0.00363484
1 0.439749 0.80981 0.112582 0.112289 0.00360349
3 0.191535 0.933338 0.110849 0.112373 0.0034736
3 0.564206 0.808927 0.111146 0.112549 0.00344283
2 0.687835 0.809998 0.111702 0.113427 0.00336376
12 0.811454 0.0652701 0.109941 0.111451 0.00335796
2 0.936289 0.809843 0.113909 0.115073 0.00319603
1 0.563776 0.0643352 0.110483 0.113399 0.00311191
1 0.564609 0.436792 0.109099 0.112892 0.00306336
3 0.688245 0.561642 0.112262 0.113231 0.0030323
7 0.811587 0.933224 0.11213 0.113102 0.00296611
3 0.811806 0.933389 0.113518 0.113562 0.00284903
13 0.19155 0.561365 0.11185 0.112013 0.00281572
10 0.936612 0.561387 0.111932 0.112402 0.00273347
2 0.440031 0.685438 0.111112 0.112835 0.00273008
10 0.935571 0.685024 0.111568 0.112046 0.00269136
11 0.811423 0.5614 0.112595 0.111635 0.00258432
7 0.688271 0.0650513 0.111862 0.113477 0.00255891
10 0.191482 0.313616 0.112436 0.112061 0.0025231
4 0.19248 0.0648109 0.111941 0.111864 0.00250931
4 0.315654 0.188296 0.111374 0.112365 0.00239504
9 0.935534 0.189468 0.113481 0.11158 0.00233127
4 0.688266 0.56157 0.111786 0.112346 0.00231682
9 0.687956 0.809096 0.111089 0.11148 0.00231649
4 0.31629 0.933649 0.113066 0.113647 0.00227984
5 0.0675531 0.560882 0.112497 0.112868 0.00210851
11 0.439879 0.685421 0.111091 0.112658 0.00210712
13 0.439349 0.188847 0.111503 0.112202 0.00196925
13 0.191589 0.809315 0.111872 0.112529 0.00195624
8 0.43951 0.313282 0.111588 0.111231 0.00195342
11 0.935848 0.0656433 0.114036 0.114043 0.00193233
7 0.811271 0.809305 0.112203 0.112527 0.00193222
1 0.564197 0.809179 0.112181 0.112919 0.00192498
13 0.935884 0.56146 0.112869 0.114515 0.0019007
2 0.0667612 0.313494 0.111187 0.110738 0.00189944
7 0.687877 0.313094 0.11229 0.111663 0.00186195
11 0.688053 0.809919 0.112114 0.113358 0.00184996
11 0.812041 0.685329 0.113021 0.111736 0.001814
6 0.811126 0.438075 0.113511 0.112091 0.00179791
2 0.935868 0.189473 0.112584 0.112052 0.00179079
2 0.688258 0.685778 0.110534 0.110389 0.0017888
2 0.688266 0.56157 0.111786 0.112346 0.00177126
0 0.438633 0.438018 0.111319 0.113282 0.0017418
13 0.935344 0.934048 0.111829 0.111476 0.00173786
11 0.439714 0.437356 0.111624 0.111881 0.00171633
0 0.935047 0.438019 0.10975 0.113292 0.00169298
9 0.688301 0.933452 0.111123 0.112991 0.00167787
10 0.191424 0.189521 0.111957 0.112518 0.00166936
7 0.0667612 0.313494 0.111187 0.110738 0.00164803
6 0.564127 0.313676 0.112464 0.111947 0.00160932
3 0.812277 0.436512 0.110933 0.111831 0.00154832
0 0.0666085 0.68484 0.112997 0.112624 0.0015475
12 0.688225 0.436972 0.111074 0.112879 0.00154261
1 0.68825 0.436633 0.109735 0.112253 0.00153672
13 0.688265 0.064655 0.112267 0.112545 0.00153134
10 0.687398 0.933701 0.111207 0.113687 0.00152211
2 0.811404 0.561157 0.113296 0.112339 0.00149444
12 0.68811 0.0650773 0.113407 0.113478 0.00148078
5 0.0664299 0.313633 0.1119 0.111848 0.00146758
1 0.315654 0.188296 0.111374 0.112365 0.00144882
8 0.19155 0.561365 0.11185 0.112013 0.00144288
2 0.0668993 0.934238 0.114613 0.114249 0.00142033
9 0.936028 0.934032 0.111922 0.111982 0.00141972
0 0.935734 0.189117 0.110625 0.111499 0.0014117
4 0.191653 0.685161 0.111671 0.112263 0.00140159
5 0.688279 0.685471 0.111118 0.11146 0.00139383
12 0.439754 0.189149 0.112545 0.112767 0.00139196
8 0.191589 0.809315 0.111872 0.112529 0.00139105
5 0.688226 0.0648489 0.112181 0.112254 0.00138687
7 0.81149 0.685551 0.110815 0.112962 0.00138342
7 0.93593 0.561311 0.112083 0.114389 0.00138256
10 0.812137 0.685569 0.112748 0.112605 0.00138157
11 0.686752 0.56161 0.110476 0.10973 0.00137775
11 0.811923 0.189707 0.111649 0.11252 0.00136315
7 0.811344 0.436804 0.110955 0.113732 0.00135942
7 0.688225 0.436972 0.111074 0.112879 0.00135371
11 0.564494 0.934105 0.113006 0.113075 0.00134835
1 0.811756 0.312719 0.112227 0.113043 0.00134817
12 0.564422 0.56114 0.110699 0.111774 0.00134762
6 0.93618 0.313179 0.114305 0.112959 0.00134705
3 0.813145 0.561666 0.112705 0.114485 0.00133488
7 0.93618 0.313179 0.114305 0.112959 0.0013265
4 0.439834 0.188953 0.111896 0.112356 0.00132279
11 0.935947 0.189296 0.113618 0.112821 0.00130206
3 0.936345 0.561084 0.11261 0.113026 0.00129654
10 0.0667318 0.189292 0.112886 0.113669 0.00129403
10 0.19173 0.560915 0.111161 0.1122 0.00129042
3 0.0672929 0.436364 0.112814 0.112348 0.00128994
4 0.688223 0.685533 0.110872 0.11139 0.00128379
1 0.31572 0.684901 0.112402 0.111673 0.00128144
10 0.935967 0.0654489 0.111092 0.111736 0.00126189
7 0.315509 0.437139 0.11152 0.111847 0.00123006
5 0.314924 0.0654478 0.112125 0.111674 0.00122989
9 0.935863 0.437712 0.114039 0.111739 0.00122091
10 0.191496 0.437391 0.110755 0.111105 0.00121252
12 0.687453 0.685409 0.111137 0.111763 0.00121082
1 0.067378 0.561199 0.112897 0.111509 0.0012071
0 0.687956 0.809096 0.111089 0.11148 0.00120293
10 0.688266 0.56157 0.111786 0.112346 0.00119856
5 0.191669 0.809286 0.1125 0.112331 0.00119791
7 0.191475 0.93366 0.110842 0.112214 0.00119553
4 0.688271 0.0650513 0.111862 0.113477 0.00118935
2 0.564289 0.934156 0.112914 0.113635 0.00118775
5 0.439963 0.809669 0.112053 0.111916 0.00118543
7 0.315758 0.0650929 0.111586 0.112908 0.00118331
9 0.688258 0.685778 0.110534 0.110389 0.00118162
10 0.0668629 0.437517 0.112467 0.112762 0.0011461
12 0.936014 0.933932 0.113403 0.112057 0.00113972
9 0.0670753 0.0646707 0.113283 0.112224 0.00112916
11 0.812156 0.0655844 0.112583 0.112871 0.00112089
7 0.316262 0.934006 0.111803 0.112581 0.00111697
2 0.439749 0.80981 0.112582 0.112289 0.00111653
8 0.315666 0.68535 0.111617 0.111935 0.00109564
4 0.563999 0.561072 0.1116 0.112203 0.00108391
4 0.440606 0.0645206 0.112611 0.113046 0.00107941
7 0.563984 0.437182 0.112158 0.111557 0.00107633
5 0.192164 0.0649967 0.111367 0.111583 0.00107126
4 0.811708 0.437022 0.11299 0.11185 0.00107065
11 0.687633 0.1896 0.11216 0.11231 0.00106231
12 0.19248 0.0648109 0.111941 0.111864 0.00104641
0 0.563847 0.18929 0.111088 0.111584 0.00104031
10 0.811374 0.561365 0.111302 0.111848 0.00103367
12 0.316004 0.560931 0.110599 0.111665 0.00102268
9 0.439799 0.933738 0.111279 0.11285 0.00101674
2 0.936506 0.313283 0.114314 0.11376 0.0010145
4 0.563749 0.685216 0.112905 0.112147 0.00101317
5 0.0671192 0.934065 0.113173 0.113236 0.00101081
7 0.564088 0.313427 0.111897 0.112672 0.00100521
11 0.935863 0.437522 0.113529 0.112611 0.00100494
