3 0.315169 0.810087 0.113671 0.113192 0.98836
9 0.191209 0.809556 0.112252 0.112176 0.98756
9 0.315237 0.685538 0.11231 0.112517 0.98717
6 0.935633 0.933626 0.113874 0.113201 0.986769
9 0.811077 0.933965 0.111842 0.113314 0.986615
10 0.315674 0.933652 0.112289 0.113786 0.986009
6 0.563494 0.933896 0.11225 0.113851 0.985789
2 0.439274 0.809954 0.112429 0.112893 0.985363
2 0.563391 0.809708 0.112786 0.113254 0.985065
10 0.93629 0.809877 0.113395 0.112459 0.984381
10 0.439429 0.685254 0.112071 0.113433 0.984314
4 0.439095 0.933927 0.112141 0.113749 0.984194
9 0.067119 0.188961 0.11298 0.112411 0.984055
10 0.0670359 0.437424 0.113471 0.112416 0.983779
2 0.439207 0.064778 0.111747 0.113203 0.983768
9 0.190993 0.43721 0.112252 0.11279 0.983559
3 0.0676314 0.809755 0.112577 0.113467 0.983506
13 0.315399 0.0646631 0.11318 0.114668 0.983283
5 0.315848 0.56154 0.110524 0.111863 0.983177
11 0.191433 0.0648441 0.111783 0.113269 0.983119
7 0.315226 0.189274 0.11353 0.112206 0.983034
7 0.191057 0.313353 0.112763 0.111892 0.982861
3 0.0672019 0.064873 0.112737 0.113738 0.982686
2 0.56363 0.685513 0.112049 0.112627 0.982497
1 0.0670156 0.685576 0.112563 0.11197 0.982452
6 0.0672701 0.561416 0.112351 0.111848 0.98238
13 0.812099 0.065586 0.112384 0.114145 0.982369
9 0.935572 0.685727 0.113977 0.11255 0.982214
2 0.687916 0.0650592 0.11143 0.113176 0.981704
12 0.315234 0.437174 0.11165 0.112105 0.981473
0 0.687509 0.933347 0.11233 0.113354 0.98143
13 0.439301 0.436886 0.112464 0.111762 0.981227
11 0.0667402 0.933815 0.113235 0.113892 0.98119
12 0.0671334 0.313017 0.112507 0.112365 0.980876
13 0.439619 0.189683 0.111847 0.113479 0.98063
0 0.191419 0.685421 0.111967 0.111478 0.980562
11 0.81207 0.809563 0.112011 0.113761 0.980367
13 0.563433 0.561242 0.112732 0.113395 0.980249
1 0.439203 0.561211 0.112701 0.113731 0.979655
0 0.314958 0.312355 0.112672 0.112818 0.979617
6 0.563545 0.189291 0.111182 0.112975 0.979431
5 0.439006 0.31316 0.111787 0.113009 0.979406
2 0.191176 0.933615 0.112731 0.112405 0.979191
3 0.687831 0.561283 0.112001 0.112258 0.979126
5 0.563467 0.313098 0.111803 0.112174 0.97898
1 0.812125 0.188622 0.112649 0.112703 0.978939
11 0.812149 0.436876 0.112445 0.114075 0.978903
12 0.936682 0.561097 0.112228 0.113748 0.9789
5 0.812021 0.68568 0.111652 0.1121 0.978563
5 0.68772 0.188589 0.112262 0.113309 0.978545
2 0.936289 0.064931 0.112899 0.113511 0.978371
6 0.812679 0.312774 0.112762 0.112218 0.978078
5 0.687752 0.436873 0.111993 0.113207 0.978008
4 0.936482 0.188573 0.112963 0.112835 0.978006
5 0.812133 0.561025 0.112296 0.113406 0.977785
5 0.687694 0.685169 0.112215 0.113292 0.977785
0 0.563385 0.0644753 0.111894 0.113933 0.977562
8 0.687871 0.809772 0.112155 0.113343 0.977469
8 0.687845 0.313514 0.111368 0.112343 0.977111
2 0.936579 0.312663 0.113167 0.113176 0.976964
8 0.191071 0.189199 0.111629 0.111799 0.976877
8 0.563458 0.437635 0.11213 0.1122 0.976731
8 0.936325 0.437138 0.111303 0.111715 0.975626
8 0.1909 0.561196 0.111548 0.111728 0.974668
2 0.688075 0.313268 0.111351 0.112661 0.0280266
2 0.56374 0.43757 0.111835 0.112348 0.0236196
2 0.191339 0.561316 0.112876 0.113003 0.0153058
2 0.688114 0.809477 0.112096 0.112125 0.0148223
2 0.935655 0.436733 0.114268 0.113477 0.0127368
3 0.563603 0.933644 0.111563 0.113283 0.00654909
3 0.93609 0.685791 0.111773 0.114024 0.00569399
4 0.936126 0.809274 0.112673 0.114014 0.00542744
7 0.439436 0.933759 0.111246 0.111563 0.00522703
2 0.190931 0.189135 0.112236 0.112776 0.00502035
5 0.811814 0.436886 0.111476 0.112614 0.00500513
6 0.06693 0.313538 0.112176 0.11249 0.00488801
6 0.315357 0.437569 0.111635 0.112628 0.00475791
12 0.687781 0.561092 0.111575 0.112318 0.00399842
7 0.935934 0.188605 0.111267 0.111306 0.00388046
1 0.563581 0.0637621 0.111571 0.113561 0.00385622
12 0.93609 0.685791 0.111773 0.114024 0.00384108
1 0.936323 0.313258 0.111066 0.114142 0.00368692
12 0.811401 0.933725 0.11124 0.112894 0.00364597
2 0.688107 0.685181 0.112573 0.113062 0.00361667
2 0.688099 0.43711 0.112732 0.112889 0.00347711
6 0.936551 0.561328 0.112147 0.112939 0.00327889
3 0.812324 0.313301 0.112184 0.113105 0.00326065
3 0.935575 0.933671 0.112705 0.113311 0.00324383
0 0.812125 0.188569 0.112106 0.113423 0.00323867
7 0.936126 0.809274 0.112673 0.114014 0.00319251
13 0.439301 0.685171 0.111697 0.112316 0.0031798
10 0.687728 0.188899 0.111691 0.112454 0.00303872
2 0.813072 0.685076 0.11313 0.11457 0.00287389
8 0.81302 0.809566 0.112323 0.113946 0.00283767
10 0.811589 0.436675 0.110566 0.113569 0.00276318
13 0.935929 0.809623 0.11118 0.112428 0.00269628
9 0.688122 0.56171 0.111166 0.111806 0.00260583
12 0.0670008 0.189021 0.113636 0.113398 0.0025949
1 0.936164 0.188839 0.112458 0.113237 0.00241353
1 0.439385 0.934055 0.112759 0.113672 0.00236835
3 0.811401 0.933725 0.11124 0.112894 0.00229096
10 0.811514 0.80921 0.111174 0.113038 0.00228337
11 0.19121 0.189211 0.111852 0.112486 0.00226946
11 0.811641 0.685268 0.112152 0.11199 0.00222301
5 0.936188 0.312764 0.113786 0.114519 0.00221069
3 0.19122 0.933836 0.113019 0.113585 0.00220935
11 0.191149 0.561188 0.112066 0.112526 0.00220619
11 0.688087 0.685252 0.11228 0.113451 0.00219768
3 0.0672701 0.561416 0.112351 0.111848 0.00216642
4 0.43965 0.685347 0.113493 0.113285 0.00215996
1 0.688201 0.0646173 0.111686 0.113345 0.00215696
0 0.936009 0.561442 0.114235 0.113581 0.00211797
1 0.936461 0.0645107 0.112822 0.113993 0.00208141
13 0.191119 0.0646148 0.111904 0.113012 0.00207106
2 0.688122 0.56171 0.111166 0.111806 0.00205784
8 0.688216 0.0648213 0.110685 0.11305 0.00203588
5 0.936165 0.0649097 0.113256 0.114336 0.00203145
1 0.191247 0.685354 0.112372 0.111888 0.00202947
1 0.687509 0.933347 0.11233 0.113354 0.00200646
4 0.0670359 0.437424 0.113471 0.112416 0.00194886
1 0.811592 0.313093 0.113166 0.112864 0.00194838
3 0.563799 0.809241 0.111199 0.11313 0.00191606
13 0.0668405 0.933778 0.113602 0.113847 0.00191265
2 0.936164 0.188839 0.112458 0.113237 0.00188317
11 0.68746 0.436457 0.111274 0.111225 0.00186905
1 0.0670653 0.561109 0.11249 0.112864 0.00186528
5 0.811603 0.80978 0.112411 0.112624 0.00184431
5 0.563645 0.809734 0.113291 0.112529 0.0018016
8 0.811981 0.437411 0.112681 0.113438 0.00178326
5 0.563593 0.685465 0.112447 0.11226 0.0017508
0 0.0667843 0.685209 0.112737 0.112413 0.00174238
5 0.439687 0.809663 0.111864 0.112208 0.00172515
7 0.066322 0.436362 0.111423 0.113417 0.00172256
2 0.68807 0.188876 0.11344 0.113145 0.00171002
3 0.563955 0.685251 0.110831 0.112747 0.00170346
11 0.31489 0.0651198 0.112022 0.113643 0.00169824
10 0.315355 0.0648017 0.112235 0.112411 0.00168835
10 0.0668044 0.933639 0.113587 0.114177 0.0016848
1 0.563809 0.93373 0.111436 0.113144 0.00166766
12 0.191036 0.436658 0.110859 0.111974 0.00166153
11 0.935867 0.43677 0.113404 0.113065 0.00165072
8 0.935976 0.313205 0.112385 0.11251 0.00164887
6 0.68681 0.561426 0.111956 0.112545 0.00164105
11 0.688046 0.188915 0.113761 0.114701 0.00163174
4 0.439367 0.313301 0.111398 0.112588 0.00160787
1 0.93552 0.933665 0.112302 0.113922 0.00159816
3 0.564154 0.189303 0.112043 0.112655 0.00159761
11 0.687634 0.8101 0.111681 0.112197 0.00159147
4 0.439354 0.561341 0.112476 0.113056 0.00159038
3 0.439274 0.809954 0.112429 0.112893 0.0015505
3 0.688077 0.43703 0.112683 0.114049 0.00154797
5 0.688201 0.0646173 0.111686 0.113345 0.00153731
11 0.563472 0.437214 0.112609 0.112416 0.00150758
10 0.81158 0.560991 0.113205 0.112146 0.0014889
1 0.439454 0.0644916 0.111625 0.113787 0.00145449
12 0.315242 0.685153 0.112022 0.112913 0.00145362
4 0.688099 0.43711 0.112732 0.112889 0.00141357
10 0.936061 0.188859 0.112286 0.113367 0.00141355
10 0.190944 0.0648461 0.112438 0.113059 0.00141174
13 0.811814 0.436886 0.111476 0.112614 0.00141157
12 0.191219 0.809251 0.112007 0.112696 0.00140501
10 0.687788 0.685398 0.11174 0.112353 0.00139596
0 0.563277 0.438086 0.111143 0.113175 0.00137417
13 0.811603 0.80978 0.112411 0.112624 0.00136191
9 0.439528 0.436776 0.109928 0.112046 0.00136163
7 0.563603 0.933644 0.111563 0.113283 0.0013568
1 0.563747 0.685059 0.112818 0.113077 0.00134285
4 0.190988 0.313616 0.110863 0.112217 0.00133303
5 0.0668405 0.933778 0.113602 0.113847 0.00133164
3 0.439367 0.313301 0.111398 0.112588 0.00130806
1 0.687831 0.561283 0.112001 0.112258 0.0012944
8 0.190944 0.0648461 0.112438 0.113059 0.00127668
13 0.0663412 0.436838 0.111781 0.11206 0.00127301
4 0.811792 0.189125 0.112208 0.112536 0.00126565
1 0.439559 0.809401 0.112997 0.112972 0.00126431
0 0.190969 0.437996 0.113483 0.113931 0.00126415
1 0.315123 0.809491 0.112355 0.11215 0.00126413
3 0.315681 0.436682 0.110098 0.112278 0.00125578
1 0.0668058 0.809215 0.112232 0.112022 0.00124829
4 0.563628 0.313325 0.111837 0.112583 0.00124771
5 0.936225 0.809792 0.111605 0.111841 0.00123956
10 0.190905 0.313589 0.112166 0.112936 0.00122939
4 0.315674 0.933652 0.112289 0.113786 0.0012163
3 0.315251 0.561275 0.111963 0.112652 0.00121446
13 0.315233 0.933729 0.111668 0.111208 0.00121355
1 0.563617 0.80924 0.113454 0.112833 0.00121323
0 0.0669633 0.189065 0.113498 0.113602 0.00121248
1 0.314958 0.312355 0.112672 0.112818 0.0012012
3 0.191307 0.809659 0.111646 0.112973 0.00119769
7 0.935575 0.933671 0.112705 0.113311 0.0011931
10 0.563451 0.313144 0.113229 0.11264 0.0011852
4 0.688107 0.685181 0.112573 0.113062 0.00117677
0 0.439444 0.561094 0.112486 0.113348 0.00116936
10 0.81149 0.0651548 0.113079 0.11412 0.00116601
3 0.688087 0.685252 0.11228 0.113451 0.00114193
6 0.191235 0.313022 0.111506 0.111262 0.00113529
7 0.439306 0.685197 0.111992 0.112679 0.00113501
3 0.813072 0.685076 0.11313 0.11457 0.00113162
3 0.688046 0.188915 0.113761 0.114701 0.00112938
1 0.564302 0.18892 0.111789 0.113109 0.00111798
0 0.688125 0.809916 0.112373 0.113054 0.00111358
3 0.936521 0.560836 0.112379 0.113361 0.00111266
3 0.191017 0.437599 0.110855 0.111186 0.00109073
1 0.0663662 0.0647137 0.11322 0.112587 0.00108155
4 0.68807 0.188876 0.11344 0.113145 0.00107849
2 0.813067 0.561175 0.113547 0.114025 0.00107078
4 0.315093 0.189529 0.111713 0.112542 0.00106325
7 0.315608 0.933509 0.112648 0.113099 0.00106248
6 0.439436 0.933759 0.111246 0.111563 0.00105556
12 0.563581 0.0637621 0.111571 0.113561 0.00104491
0 0.688078 0.313641 0.112161 0.113863 0.00104274
8 0.935677 0.065152 0.113157 0.113888 0.00104238
11 0.811614 0.561137 0.112286 0.111907 0.00102913
9 0.811442 0.809116 0.111764 0.113101 0.00102231
10 0.688099 0.43711 0.112732 0.112889 0.00101743
7 0.812577 0.313315 0.111104 0.112218 0.00101716
3 0.936279 0.312725 0.112162 0.114367 0.00101039
10 0.438951 0.313105 0.112678 0.112211 0.00100606
