13 0.936403 0.933637 0.112174 0.112274 0.986009
5 0.440302 0.809637 0.110733 0.112179 0.985759
5 0.190614 0.934078 0.112467 0.114302 0.985708
1 0.315542 0.93375 0.11206 0.112322 0.985441
11 0.563458 0.933918 0.111955 0.113281 0.98531
5 0.440825 0.686163 0.110929 0.11162 0.985242
3 0.31603 0.68553 0.111525 0.112007 0.985143
4 0.0670303 0.685168 0.112246 0.111725 0.985055
6 0.0665659 0.933792 0.111577 0.11291 0.984362
6 0.688131 0.933596 0.111886 0.113711 0.98434
9 0.313984 0.0646591 0.111453 0.112348 0.984198
1 0.190665 0.809262 0.113157 0.112159 0.983893
4 0.812572 0.809536 0.112282 0.112561 0.983235
0 0.43951 0.933113 0.111587 0.112435 0.983234
5 0.687986 0.809617 0.111429 0.112806 0.98314
7 0.0667724 0.437954 0.112529 0.112085 0.983039
1 0.812109 0.933339 0.112564 0.113112 0.983026
2 0.189031 0.0648519 0.114142 0.113387 0.982829
6 0.0663935 0.31405 0.112529 0.112632 0.982821
2 0.438642 0.064724 0.111747 0.113471 0.982799
13 0.31516 0.43766 0.11326 0.111634 0.982704
0 0.315819 0.809443 0.111882 0.111819 0.982331
2 0.0672349 0.809444 0.111512 0.112293 0.982181
11 0.0666869 0.562255 0.113278 0.112456 0.981985
2 0.936564 0.809993 0.111563 0.11073 0.981862
9 0.315578 0.56174 0.111608 0.112627 0.981694
12 0.190682 0.438058 0.112221 0.111546 0.981633
8 0.190674 0.313912 0.112162 0.113253 0.981631
11 0.191535 0.561838 0.112829 0.111856 0.981495
13 0.065437 0.189439 0.111625 0.112691 0.981118
3 0.0641817 0.0651372 0.112652 0.112238 0.981023
2 0.439615 0.56165 0.112064 0.112925 0.980534
5 0.439384 0.437652 0.111856 0.112724 0.980377
12 0.314718 0.313349 0.112335 0.112463 0.980372
0 0.564194 0.80936 0.111303 0.112427 0.980354
2 0.563019 0.064742 0.111489 0.11295 0.980139
3 0.564324 0.685941 0.111384 0.111775 0.979866
0 0.191548 0.685418 0.112228 0.111397 0.979749
0 0.189211 0.189629 0.113169 0.112825 0.979666
9 0.687429 0.0649761 0.111825 0.111104 0.979591
9 0.687468 0.685696 0.111163 0.111005 0.979501
10 0.563615 0.437202 0.112221 0.112886 0.979408
3 0.439258 0.18892 0.111883 0.112208 0.979105
2 0.438864 0.313334 0.111695 0.111375 0.979053
13 0.56303 0.3134 0.112318 0.113067 0.979044
1 0.314367 0.188927 0.112873 0.11264 0.979023
4 0.687899 0.561265 0.11293 0.112934 0.979005
6 0.563779 0.18875 0.11258 0.11294 0.979001
0 0.811361 0.56139 0.112821 0.113017 0.978955
9 0.935935 0.438001 0.111155 0.111953 0.978713
9 0.811768 0.437253 0.112135 0.112057 0.97863
0 0.56346 0.562272 0.111828 0.11244 0.978616
2 0.687032 0.437151 0.110697 0.111826 0.978502
12 0.812281 0.312828 0.112654 0.112998 0.97836
11 0.812471 0.187862 0.113574 0.11378 0.978336
10 0.936523 0.561689 0.113797 0.112964 0.978281
8 0.687524 0.312808 0.112667 0.112894 0.978203
11 0.93646 0.685474 0.112755 0.112418 0.978189
6 0.812658 0.685851 0.113141 0.111792 0.97813
2 0.687446 0.188281 0.111044 0.111943 0.978053
1 0.936665 0.0640045 0.112947 0.112953 0.97786
2 0.936577 0.313109 0.112727 0.113733 0.977581
0 0.93652 0.188562 0.10999 0.111833 0.977143
0 0.81166 0.0653409 0.111441 0.110643 0.976674
2 0.686735 0.312465 0.112255 0.111884 0.00606462
12 0.563292 0.313451 0.110563 0.111861 0.00605509
2 0.190417 0.313774 0.112423 0.113058 0.00548907
8 0.688087 0.437246 0.110594 0.112627 0.0053411
3 0.563535 0.188707 0.111919 0.112352 0.00457898
0 0.688267 0.685406 0.111123 0.110774 0.00438143
3 0.688109 0.933469 0.111806 0.112611 0.00403253
10 0.936872 0.685575 0.112766 0.111643 0.00389022
12 0.315559 0.437911 0.109318 0.113312 0.00374448
1 0.687991 0.561554 0.112486 0.112527 0.00370206
8 0.811442 0.187831 0.112482 0.112195 0.00366614
1 0.687117 0.437901 0.109484 0.110941 0.00359998
3 0.812523 0.685474 0.111875 0.112158 0.00356816
5 0.191036 0.562144 0.113011 0.11258 0.00331436
7 0.0666343 0.685249 0.113366 0.112124 0.00314597
1 0.688119 0.188286 0.113647 0.11385 0.00311861
0 0.688152 0.0647257 0.11135 0.110853 0.00306981
10 0.066938 0.561111 0.112396 0.113255 0.00300257
4 0.067196 0.438199 0.111378 0.112378 0.00297109
3 0.688193 0.0647575 0.112639 0.111857 0.00295579
10 0.563845 0.933634 0.111005 0.113132 0.00285729
2 0.812572 0.809536 0.112282 0.112561 0.00284707
1 0.688501 0.93278 0.112575 0.113617 0.00278198
0 0.812636 0.933652 0.111755 0.113364 0.0026569
12 0.688152 0.0647257 0.11135 0.110853 0.00263814
0 0.936186 0.0644373 0.112284 0.112342 0.00260293
0 0.688055 0.31332 0.1127 0.114406 0.00257261
9 0.811442 0.187831 0.112482 0.112195 0.00256139
3 0.0663309 0.313857 0.112005 0.112562 0.00250913
10 0.191286 0.561476 0.112262 0.111268 0.00248618
8 0.564057 0.932795 0.113006 0.112896 0.00242031
3 0.0661923 0.933561 0.111604 0.113583 0.00241761
1 0.438758 0.313575 0.111402 0.111559 0.00239644
12 0.936256 0.438091 0.110825 0.113536 0.00239454
1 0.440035 0.561646 0.112297 0.113447 0.00239205
8 0.68813 0.188472 0.112457 0.113958 0.00238463
2 0.688252 0.809102 0.111219 0.112892 0.00238448
1 0.563313 0.0645785 0.111918 0.112073 0.00233127
12 0.0654135 0.189071 0.111443 0.112471 0.00231933
1 0.936196 0.313491 0.111753 0.11359 0.00231122
5 0.936035 0.809834 0.112894 0.112765 0.00224216
1 0.811307 0.561103 0.113372 0.113003 0.00223706
6 0.0669862 0.438239 0.112517 0.111811 0.00223333
5 0.813059 0.187722 0.11277 0.113125 0.00221908
1 0.936457 0.809714 0.111841 0.111781 0.00216625
0 0.812097 0.438017 0.113128 0.113422 0.00216031
4 0.439723 0.437933 0.112172 0.112327 0.00214031
12 0.811835 0.438012 0.109803 0.111791 0.00211104
5 0.686642 0.437294 0.114145 0.111163 0.00208316
1 0.19151 0.685412 0.11226 0.112078 0.00199851
5 0.0666111 0.561768 0.113761 0.112889 0.00199552
5 0.936209 0.685632 0.112863 0.113174 0.00196769
7 0.687501 0.561326 0.111689 0.112248 0.00196509
3 0.688137 0.188882 0.112254 0.112762 0.00192027
8 0.68829 0.685886 0.111853 0.11147 0.00190432
0 0.936481 0.4381 0.11369 0.115132 0.00189032
10 0.81264 0.808875 0.111843 0.112071 0.00189011
2 0.687991 0.561554 0.112486 0.112527 0.00187321
9 0.564719 0.685759 0.111835 0.111302 0.00187052
1 0.438807 0.0643979 0.111379 0.113467 0.00185563
1 0.812572 0.809536 0.112282 0.112561 0.00183721
9 0.0641817 0.0651372 0.112652 0.112238 0.0018115
9 0.316562 0.68561 0.112574 0.111741 0.0018087
10 0.190631 0.933696 0.113062 0.112877 0.00179159
4 0.563809 0.437556 0.111901 0.112076 0.00178661
2 0.440361 0.809473 0.112177 0.112247 0.00177504
8 0.563334 0.0646562 0.111484 0.111937 0.00177169
10 0.562983 0.313811 0.111921 0.113532 0.00176564
12 0.688241 0.685993 0.110422 0.110719 0.00176364
3 0.812414 0.436656 0.110979 0.110939 0.00173996
1 0.0670233 0.685563 0.112753 0.111982 0.00173053
9 0.936698 0.189103 0.111544 0.113542 0.00170978
12 0.316034 0.561493 0.111225 0.112027 0.00170501
10 0.811569 0.187844 0.111625 0.112775 0.00167317
3 0.688057 0.437455 0.112029 0.112622 0.00167261
12 0.067196 0.438199 0.111378 0.112378 0.00166811
10 0.0669862 0.438239 0.112517 0.111811 0.0016552
10 0.936193 0.932878 0.111165 0.111293 0.00163575
8 0.936035 0.68535 0.111626 0.111095 0.00161631
7 0.812417 0.809654 0.113002 0.111086 0.00161562
8 0.0668743 0.809363 0.112067 0.111998 0.00158814
1 0.189355 0.0648561 0.112973 0.112946 0.00156004
11 0.936895 0.561234 0.112013 0.1121 0.00155439
2 0.813128 0.932925 0.110545 0.112767 0.0015193
0 0.316034 0.561493 0.111225 0.112027 0.00151377
5 0.563913 0.933876 0.112902 0.113328 0.00145783
11 0.686783 0.809789 0.111117 0.109778 0.00144122
9 0.191279 0.561596 0.111757 0.11132 0.00143908
1 0.0667737 0.809048 0.112182 0.111436 0.00143878
2 0.0666343 0.685249 0.113366 0.112124 0.00142679
12 0.935938 0.933514 0.111666 0.112473 0.00141869
4 0.314565 0.189101 0.112773 0.11322 0.00140714
13 0.562903 0.437407 0.111566 0.111553 0.00138982
3 0.68829 0.685886 0.111853 0.11147 0.00138695
1 0.563809 0.561371 0.111813 0.113333 0.00138647
10 0.439259 0.437571 0.111679 0.112425 0.00138494
0 0.812211 0.313578 0.111105 0.112902 0.00138343
13 0.0666869 0.562255 0.113278 0.112456 0.00136899
5 0.936093 0.312856 0.112926 0.113756 0.00136682
7 0.315272 0.436759 0.111237 0.11137 0.00136438
0 0.315559 0.933393 0.111427 0.111455 0.00135115
1 0.564299 0.809297 0.111317 0.112347 0.00133987
10 0.440401 0.685941 0.111886 0.112177 0.00133205
12 0.438846 0.189039 0.111963 0.112676 0.00130614
4 0.315753 0.933481 0.111754 0.112541 0.00130078
6 0.812297 0.809156 0.111509 0.111778 0.00129577
3 0.439723 0.437933 0.112172 0.112327 0.00129531
4 0.190888 0.809161 0.112626 0.112655 0.00127513
3 0.688228 0.809415 0.111807 0.112367 0.00127317
12 0.314537 0.0645892 0.113 0.111887 0.00125162
5 0.688119 0.188286 0.113647 0.11385 0.0012293
4 0.812109 0.933339 0.112564 0.113112 0.00122411
6 0.190942 0.438286 0.111957 0.111932 0.00120739
4 0.688252 0.809102 0.111219 0.112892 0.00120077
1 0.812387 0.0646942 0.11234 0.111239 0.00118741
11 0.936403 0.933637 0.112174 0.112274 0.00118667
6 0.315095 0.313538 0.111133 0.11224 0.0011836
1 0.564324 0.685941 0.111384 0.111775 0.00118296
0 0.190888 0.809161 0.112626 0.112655 0.00115242
3 0.936264 0.314009 0.111934 0.112266 0.00114123
0 0.314414 0.188826 0.113025 0.113399 0.00113569
7 0.190754 0.438396 0.113344 0.112119 0.00113407
7 0.811458 0.31256 0.111727 0.113788 0.00111479
6 0.81187 0.313542 0.112231 0.11202 0.00111372
10 0.0646924 0.189616 0.11228 0.112141 0.00110396
3 0.0666051 0.808904 0.11392 0.112282 0.00109794
13 0.936618 0.561212 0.112806 0.111335 0.00109684
8 0.190939 0.561497 0.111037 0.111678 0.00109593
9 0.43951 0.933113 0.111587 0.112435 0.00109552
7 0.688109 0.933469 0.111806 0.112611 0.00109197
1 0.31633 0.685687 0.112212 0.112442 0.00108688
8 0.936183 0.312828 0.112511 0.114701 0.00108424
1 0.563666 0.188968 0.112124 0.113065 0.00107793
13 0.936253 0.685658 0.112749 0.112768 0.00107266
5 0.563313 0.0645785 0.111918 0.112073 0.0010622
7 0.0652581 0.189631 0.111845 0.112252 0.00106006
2 0.439723 0.437933 0.112172 0.112327 0.00104371
8 0.438804 0.064659 0.111517 0.112241 0.00104138
10 0.688252 0.809102 0.111219 0.112892 0.00103927
7 0.563816 0.189057 0.111751 0.112834 0.00102784
9 0.812614 0.064752 0.112519 0.111937 0.00102078
3 0.936022 0.437861 0.111685 0.112913 0.00101571
7 0.811557 0.686322 0.112695 0.112886 0.00101411
3 0.56349 0.0649104 0.111796 0.112559 0.00101167
9 0.0665952 0.561553 0.112899 0.111468 0.0010083
1 0.0643069 0.0653561 0.110927 0.111415 0.00100763
1 0.315869 0.809448 0.111911 0.112692 0.00100646
