9 0.439352 0.934317 0.112364 0.1131 0.986234
3 0.563494 0.934186 0.113381 0.113483 0.986205
12 0.315864 0.933898 0.110913 0.112913 0.986092
5 0.314577 0.0656735 0.110555 0.111254 0.985884
5 0.438963 0.0656152 0.109909 0.111183 0.985409
9 0.935622 0.93396 0.112719 0.112382 0.985081
4 0.19195 0.9337 0.110806 0.111572 0.985081
12 0.0670296 0.934074 0.113015 0.113772 0.985029
6 0.067282 0.809343 0.113704 0.112767 0.984777
9 0.439787 0.809468 0.110749 0.112356 0.984682
2 0.315157 0.809644 0.112856 0.112115 0.984473
12 0.936402 0.809621 0.111577 0.111708 0.984074
6 0.316252 0.561444 0.11195 0.112653 0.984065
6 0.440187 0.685286 0.11244 0.112389 0.983727
4 0.191968 0.561281 0.111033 0.110854 0.983635
2 0.315087 0.685449 0.112292 0.111843 0.983551
5 0.0669526 0.438 0.112709 0.112206 0.98337
9 0.563181 0.065247 0.110921 0.112505 0.983362
5 0.0669892 0.313923 0.112616 0.112433 0.983032
0 0.19132 0.685339 0.112009 0.111691 0.982842
10 0.315558 0.437128 0.112353 0.110696 0.982733
5 0.31502 0.188715 0.11118 0.111891 0.982707
2 0.811803 0.809875 0.111946 0.112371 0.982394
12 0.0672476 0.064776 0.112665 0.112582 0.982187
9 0.687655 0.0652908 0.110972 0.112812 0.9821
0 0.688174 0.933448 0.112173 0.112637 0.982028
4 0.935635 0.0652971 0.112788 0.112458 0.982021
10 0.439528 0.188972 0.112652 0.111664 0.981873
8 0.563772 0.809698 0.112226 0.112429 0.981841
2 0.191864 0.80925 0.111387 0.112511 0.981813
11 0.0668318 0.685836 0.11285 0.11179 0.981635
2 0.315177 0.313299 0.112679 0.112831 0.981563
10 0.067533 0.18908 0.112515 0.111902 0.981511
1 0.812179 0.933608 0.111824 0.112942 0.981459
2 0.191252 0.0647132 0.111215 0.112214 0.981437
1 0.191081 0.313231 0.111891 0.112093 0.981306
9 0.688182 0.810116 0.111944 0.112249 0.981252
5 0.43933 0.561669 0.112965 0.112447 0.981026
9 0.812108 0.0651437 0.111958 0.113423 0.980866
11 0.066755 0.561464 0.114101 0.112666 0.980639
11 0.19113 0.188898 0.112683 0.112574 0.980401
11 0.191434 0.437027 0.111655 0.112101 0.980378
9 0.439444 0.437599 0.111226 0.111547 0.980025
9 0.439676 0.313234 0.112225 0.113257 0.979745
6 0.564239 0.561621 0.112605 0.112788 0.979713
9 0.811484 0.313475 0.112032 0.111834 0.979188
6 0.812409 0.437313 0.111917 0.112416 0.979009
3 0.563409 0.188978 0.1113 0.112071 0.97894
10 0.936567 0.43678 0.113297 0.112972 0.978803
7 0.563758 0.685928 0.112068 0.111604 0.978609
2 0.687588 0.189199 0.111907 0.112228 0.978518
8 0.935913 0.685202 0.112643 0.11175 0.978453
10 0.81242 0.685286 0.112234 0.111975 0.978421
12 0.936196 0.312662 0.112544 0.112099 0.978337
11 0.812081 0.561567 0.112411 0.112996 0.978301
2 0.563758 0.313372 0.111891 0.111739 0.978236
5 0.812147 0.188763 0.112449 0.112839 0.978202
13 0.935826 0.188733 0.112886 0.112633 0.97816
8 0.563937 0.437353 0.111696 0.112677 0.97816
11 0.68779 0.437319 0.111922 0.11292 0.978084
2 0.687591 0.313351 0.111108 0.111187 0.978075
5 0.687671 0.561606 0.111968 0.112105 0.977998
8 0.687412 0.685722 0.111593 0.111938 0.977922
2 0.93625 0.561616 0.111518 0.112255 0.977852
2 0.56377 0.43704 0.111816 0.112332 0.00785733
2 0.564061 0.80972 0.112 0.112235 0.00722071
3 0.067282 0.809343 0.113704 0.112767 0.00573511
7 0.191881 0.933649 0.111843 0.112107 0.0053912
2 0.688285 0.685259 0.111009 0.112026 0.00499516
10 0.0672854 0.561016 0.114132 0.113465 0.00495595
10 0.191303 0.436766 0.111102 0.111567 0.00462017
0 0.811765 0.933006 0.113241 0.112645 0.00440683
3 0.688186 0.065335 0.112377 0.112719 0.00433579
5 0.811631 0.809743 0.114473 0.112403 0.00422815
3 0.68832 0.809874 0.112749 0.112769 0.00369913
5 0.688088 0.436945 0.111675 0.112063 0.00355194
12 0.688145 0.0651659 0.111207 0.111743 0.00354604
5 0.191242 0.189 0.112312 0.111351 0.00351085
5 0.191985 0.437927 0.113296 0.111147 0.00343109
10 0.191111 0.188837 0.111898 0.11112 0.00322658
3 0.563608 0.0652188 0.112998 0.111657 0.00321764
5 0.811969 0.561396 0.11206 0.112105 0.00320502
10 0.812634 0.56122 0.112401 0.112587 0.00312496
1 0.19166 0.561432 0.113023 0.111998 0.00312005
12 0.812389 0.313483 0.111107 0.112048 0.00311263
9 0.687459 0.437596 0.110826 0.111803 0.00308063
2 0.935956 0.685543 0.111791 0.112234 0.00308032
5 0.936152 0.5615 0.113447 0.11424 0.00302577
12 0.688272 0.809804 0.112492 0.111712 0.00301428
0 0.439935 0.438086 0.112953 0.112962 0.00301067
2 0.688143 0.561821 0.111464 0.112043 0.00297961
1 0.687702 0.313568 0.111038 0.111497 0.00292875
0 0.68832 0.809874 0.112749 0.112769 0.00284369
3 0.936036 0.561408 0.113193 0.112075 0.00274669
10 0.0671972 0.685264 0.114202 0.113047 0.00274218
0 0.688145 0.0651659 0.111207 0.111743 0.0027303
0 0.563475 0.438114 0.111146 0.1125 0.00271307
3 0.315087 0.685449 0.112292 0.111843 0.0026866
12 0.935749 0.188602 0.110803 0.11113 0.00268118
4 0.812556 0.68536 0.110392 0.111992 0.00267078
7 0.191311 0.561148 0.111965 0.111698 0.00265787
1 0.191933 0.934001 0.112231 0.112768 0.00264597
1 0.936189 0.064845 0.112054 0.112547 0.0026297
1 0.563674 0.313639 0.111456 0.111551 0.0026243
5 0.066755 0.561464 0.114101 0.112666 0.00257129
12 0.439836 0.438078 0.111357 0.11242 0.00256421
12 0.43984 0.313528 0.112071 0.112128 0.00252482
0 0.813044 0.313723 0.110737 0.11284 0.00250848
12 0.812266 0.0649628 0.112194 0.112358 0.00250608
7 0.564035 0.561263 0.113248 0.112949 0.00249586
12 0.563542 0.0650707 0.112526 0.111154 0.00243172
5 0.688149 0.189211 0.113289 0.11356 0.00241427
1 0.315273 0.313675 0.111826 0.111694 0.00238781
5 0.688137 0.31346 0.112766 0.113292 0.00238458
3 0.81244 0.437568 0.111599 0.113255 0.00232803
3 0.315157 0.809644 0.112856 0.112115 0.00226885
7 0.439791 0.68572 0.114361 0.112893 0.00225777
3 0.440187 0.685286 0.11244 0.112389 0.00224092
6 0.191881 0.933649 0.111843 0.112107 0.0022306
10 0.688182 0.436808 0.111491 0.112346 0.00222086
11 0.811485 0.189132 0.113093 0.112201 0.00219157
9 0.191384 0.437382 0.110979 0.111732 0.00215525
1 0.688149 0.189211 0.113289 0.11356 0.00214715
0 0.812977 0.0650578 0.110044 0.11195 0.00213285
3 0.688118 0.561955 0.111775 0.112961 0.00196777
3 0.687901 0.313803 0.111767 0.11191 0.00193304
3 0.688094 0.18862 0.111532 0.112448 0.00192184
7 0.315754 0.561173 0.113204 0.112652 0.00188505
10 0.439564 0.561407 0.111415 0.112006 0.00184468
1 0.936463 0.561423 0.112912 0.113417 0.00182462
3 0.191197 0.809404 0.113028 0.112298 0.00181669
3 0.439531 0.437349 0.112549 0.112952 0.00178749
8 0.811471 0.31325 0.112035 0.11325 0.00176066
0 0.439726 0.313559 0.11209 0.111765 0.00173055
2 0.688204 0.809758 0.111395 0.111766 0.00172334
3 0.316252 0.561444 0.11195 0.112653 0.00172036
1 0.812345 0.809562 0.112843 0.113263 0.00169991
8 0.688494 0.932696 0.11396 0.112094 0.0016789
7 0.0666931 0.809294 0.11357 0.112619 0.00167461
2 0.813152 0.932949 0.111234 0.112688 0.00166167
3 0.812321 0.313516 0.110891 0.111925 0.00165124
4 0.0670513 0.437926 0.11314 0.109873 0.00161221
0 0.688277 0.685602 0.111468 0.113225 0.0016077
3 0.440035 0.81003 0.11186 0.112552 0.00154359
1 0.315744 0.809483 0.113166 0.112143 0.00154281
0 0.935845 0.685635 0.111239 0.11262 0.00153782
7 0.935503 0.0652675 0.110665 0.111197 0.00153183
3 0.563963 0.313778 0.112308 0.112725 0.00152097
4 0.315604 0.437135 0.112011 0.111741 0.00149662
12 0.439633 0.809745 0.113218 0.112214 0.00148815
3 0.813016 0.0647949 0.110777 0.110613 0.00148571
3 0.190655 0.0649884 0.1123 0.112277 0.00148397
8 0.811401 0.561425 0.110247 0.110976 0.0014559
7 0.812514 0.436491 0.112331 0.11237 0.00145128
11 0.811664 0.6851 0.112203 0.112449 0.00143218
3 0.066746 0.436536 0.112949 0.111276 0.00143135
1 0.31564 0.68536 0.112695 0.112208 0.00142986
3 0.564491 0.561349 0.112234 0.112415 0.00142478
3 0.81213 0.810161 0.112515 0.112178 0.00141124
7 0.935986 0.189135 0.112679 0.11265 0.00140403
12 0.811965 0.685813 0.112329 0.111139 0.00140232
11 0.688118 0.561955 0.111775 0.112961 0.00139783
13 0.936096 0.437381 0.111869 0.111672 0.0013974
12 0.935892 0.436964 0.113674 0.112586 0.00138499
12 0.935682 0.934049 0.112606 0.112866 0.00135812
11 0.563631 0.437502 0.112448 0.112331 0.00135453
10 0.439541 0.0650612 0.111133 0.111608 0.00134823
2 0.688157 0.437453 0.112453 0.112672 0.00133277
12 0.440299 0.934217 0.113953 0.112443 0.00133194
5 0.0668318 0.685836 0.11285 0.11179 0.00131849
9 0.811401 0.561425 0.110247 0.110976 0.00131828
4 0.688143 0.561821 0.111464 0.112043 0.00130333
1 0.191047 0.0650372 0.111616 0.110816 0.00128196
2 0.811471 0.188978 0.113603 0.11252 0.00127745
10 0.935557 0.189023 0.111048 0.112131 0.00127071
8 0.688142 0.31358 0.111725 0.113421 0.00126763
12 0.563146 0.189284 0.111433 0.112346 0.00126493
10 0.687582 0.561524 0.111249 0.112015 0.00125858
0 0.191203 0.313329 0.110876 0.112418 0.00124021
13 0.936202 0.313316 0.110551 0.112262 0.00123728
9 0.191226 0.189173 0.111791 0.111912 0.00122161
8 0.687629 0.438385 0.112173 0.112456 0.00122043
13 0.0665215 0.685043 0.113076 0.110843 0.00121341
1 0.191483 0.809331 0.11251 0.112046 0.00120289
13 0.439686 0.188869 0.111549 0.112052 0.00119596
5 0.563608 0.313749 0.113215 0.112559 0.00118741
9 0.688428 0.932967 0.113988 0.112381 0.00118061
8 0.811461 0.0652465 0.112273 0.112543 0.00118008
10 0.0671083 0.436756 0.111291 0.112555 0.00115762
4 0.191278 0.313607 0.111983 0.112832 0.00113958
13 0.811752 0.685524 0.111428 0.111454 0.00112673
5 0.191729 0.809495 0.112107 0.112164 0.00111678
0 0.563542 0.0650707 0.112526 0.111154 0.0011074
5 0.81177 0.68554 0.111918 0.112081 0.00109398
8 0.688153 0.18929 0.112624 0.113707 0.00109271
11 0.564295 0.809938 0.111424 0.113 0.00107192
10 0.937019 0.809172 0.110923 0.112204 0.00107103
12 0.316069 0.437413 0.111858 0.111469 0.00106727
7 0.315559 0.436603 0.110247 0.110644 0.00105265
9 0.936202 0.313316 0.110551 0.112262 0.0010521
5 0.191925 0.0650146 0.110741 0.11088 0.00104623
7 0.936078 0.31271 0.110695 0.114206 0.00104072
10 0.191968 0.561281 0.111033 0.110854 0.00102833
7 0.067614 0.18912 0.113158 0.112078 0.0010254
13 0.315155 0.437404 0.111493 0.111297 0.00102525
11 0.0664059 0.313875 0.112335 0.111696 0.00102124
11 0.688108 0.68568 0.111861 0.112998 0.00101313
