13 0.439482 0.809563 0.112087 0.113212 0.986844
13 0.688284 0.933785 0.112518 0.113728 0.986574
13 0.811964 0.933976 0.112918 0.11315 0.986167
3 0.315625 0.809694 0.114029 0.11367 0.986127
13 0.314883 0.0649658 0.112118 0.112857 0.985279
6 0.19181 0.80938 0.111836 0.11279 0.985229
4 0.563857 0.809879 0.112506 0.11307 0.984919
2 0.31507 0.685297 0.113198 0.113256 0.984897
4 0.31588 0.934271 0.112081 0.112558 0.984875
11 0.935952 0.934364 0.113625 0.113748 0.984343
9 0.191147 0.685329 0.112899 0.113545 0.984342
5 0.19185 0.561628 0.111117 0.112724 0.983695
3 0.0673964 0.437681 0.113159 0.113694 0.983514
0 0.44023 0.933711 0.113206 0.113853 0.983152
3 0.191704 0.189496 0.111355 0.113363 0.983069
7 0.315537 0.189184 0.112252 0.112539 0.983009
11 0.563581 0.934143 0.111072 0.113081 0.982994
9 0.0665658 0.189002 0.114277 0.1141 0.982965
5 0.563952 0.685729 0.110935 0.112274 0.982895
8 0.687727 0.809722 0.112072 0.112396 0.982886
4 0.315528 0.560964 0.112686 0.112143 0.982688
9 0.191545 0.0646534 0.110997 0.112604 0.982686
3 0.811883 0.0652825 0.112821 0.114016 0.982519
9 0.0667023 0.0644758 0.114231 0.115225 0.982475
6 0.0669272 0.313406 0.113232 0.11368 0.982368
4 0.191918 0.4372 0.112516 0.112109 0.982318
12 0.315645 0.313737 0.11269 0.113341 0.98224
5 0.812335 0.810336 0.112458 0.112766 0.982151
12 0.0674897 0.561563 0.112931 0.113196 0.982085
9 0.438916 0.0645503 0.111402 0.113474 0.981928
11 0.315318 0.436974 0.111545 0.112229 0.981925
7 0.687809 0.065042 0.111868 0.112829 0.981334
11 0.191142 0.31302 0.111036 0.112431 0.981213
9 0.439207 0.685299 0.111895 0.113206 0.981125
9 0.192473 0.934122 0.112416 0.112065 0.980908
9 0.0669111 0.933655 0.114689 0.114575 0.980882
4 0.0675675 0.68504 0.113032 0.113129 0.980671
10 0.936731 0.809732 0.113287 0.11301 0.980429
10 0.0675489 0.809169 0.112426 0.113229 0.980411
10 0.439206 0.560962 0.112068 0.111805 0.980341
11 0.439368 0.436773 0.112394 0.113219 0.980146
11 0.563048 0.0654807 0.111864 0.112922 0.97994
2 0.935951 0.065262 0.112751 0.113162 0.979727
12 0.439461 0.188541 0.111906 0.11239 0.979578
7 0.687308 0.685176 0.111828 0.111651 0.979406
3 0.563744 0.561568 0.112036 0.112367 0.979173
13 0.811828 0.561648 0.113339 0.113035 0.979124
12 0.56391 0.313168 0.112248 0.113118 0.978951
9 0.811912 0.437515 0.111862 0.112469 0.978938
11 0.56352 0.437174 0.111912 0.113843 0.97886
6 0.687991 0.188943 0.112846 0.113441 0.978847
12 0.687683 0.437196 0.111604 0.111975 0.978842
9 0.936199 0.685793 0.111547 0.112802 0.978831
5 0.687516 0.561331 0.11194 0.11333 0.978634
10 0.936684 0.312783 0.112701 0.113466 0.978575
12 0.687927 0.313061 0.112099 0.113139 0.978523
1 0.439343 0.313087 0.112742 0.113505 0.978356
3 0.811769 0.312822 0.111361 0.112126 0.97835
6 0.936654 0.561269 0.113636 0.112849 0.97819
8 0.812309 0.685487 0.112357 0.11295 0.9779
7 0.812184 0.188702 0.112594 0.114108 0.977858
2 0.936347 0.437172 0.112969 0.114174 0.977624
11 0.563135 0.188956 0.111617 0.113492 0.977511
11 0.936119 0.188529 0.113036 0.113579 0.976839
9 0.687849 0.808899 0.112226 0.11315 0.018005
10 0.936061 0.188967 0.111547 0.111177 0.0150932
10 0.315381 0.436583 0.111745 0.114023 0.00885538
3 0.936163 0.437792 0.113865 0.113816 0.00835371
12 0.81149 0.932955 0.111552 0.111277 0.00773204
3 0.935837 0.06546 0.113581 0.113331 0.00741376
5 0.936072 0.313702 0.113573 0.112821 0.00632403
10 0.439581 0.436643 0.112131 0.114807 0.00615295
12 0.811464 0.188674 0.111941 0.113471 0.0055827
10 0.935966 0.933947 0.112575 0.113079 0.00529979
10 0.56367 0.436881 0.111169 0.112799 0.00485475
10 0.563193 0.188977 0.111969 0.112244 0.00453851
0 0.813171 0.437433 0.110897 0.113466 0.00451202
3 0.315595 0.685539 0.112747 0.113351 0.00440181
2 0.688158 0.809056 0.112541 0.112831 0.00418657
12 0.686733 0.064772 0.109178 0.112263 0.00396492
1 0.19142 0.437365 0.112658 0.11241 0.00349095
2 0.066775 0.685411 0.113448 0.112338 0.00338702
11 0.812446 0.685539 0.111489 0.113775 0.00335412
2 0.19142 0.437365 0.112658 0.11241 0.00325014
11 0.687902 0.809732 0.111672 0.113502 0.00296654
6 0.563779 0.313346 0.11193 0.113386 0.00290774
3 0.688055 0.189092 0.112629 0.113238 0.00289286
1 0.315621 0.561449 0.113287 0.112806 0.00288396
1 0.066775 0.685411 0.113448 0.112338 0.00287396
12 0.439503 0.809638 0.112095 0.112472 0.00282433
10 0.563611 0.0651355 0.113062 0.113198 0.00281698
1 0.563857 0.809879 0.112506 0.11307 0.0024798
12 0.93613 0.686064 0.110968 0.114692 0.00247828
11 0.19193 0.933901 0.112746 0.112009 0.00242471
2 0.315621 0.561449 0.113287 0.112806 0.00236909
2 0.812047 0.685614 0.112735 0.112088 0.00233163
3 0.688035 0.561365 0.112359 0.112541 0.00232637
2 0.688035 0.561365 0.112359 0.112541 0.00228236
9 0.812276 0.685244 0.112718 0.113864 0.00227961
6 0.43957 0.188931 0.111786 0.113377 0.0022541
10 0.191399 0.561038 0.111385 0.111916 0.00224292
0 0.688173 0.809535 0.112885 0.113313 0.00217339
5 0.315016 0.561032 0.112738 0.112796 0.00216536
5 0.936072 0.0647598 0.112941 0.113912 0.002145
4 0.936198 0.80941 0.111861 0.113819 0.00212613
1 0.31588 0.934271 0.112081 0.112558 0.00212329
6 0.0674897 0.561563 0.112931 0.113196 0.00210025
2 0.813079 0.313392 0.108927 0.111861 0.00208195
9 0.813089 0.0651852 0.108742 0.111182 0.0020666
6 0.315751 0.313231 0.11277 0.113308 0.00200746
2 0.811507 0.80949 0.114341 0.112552 0.00200501
0 0.813055 0.685991 0.111811 0.114495 0.00199639
13 0.935934 0.809564 0.111198 0.112573 0.00199344
10 0.687909 0.933682 0.112265 0.113573 0.00198652
12 0.315507 0.0645188 0.111734 0.113338 0.0019836
6 0.68787 0.437602 0.111248 0.111765 0.00196334
1 0.936015 0.437928 0.110248 0.113817 0.00195088
7 0.936198 0.80941 0.111861 0.113819 0.00194819
9 0.813079 0.313392 0.108927 0.111861 0.00194368
3 0.93613 0.686064 0.110968 0.114692 0.00193992
6 0.687965 0.313109 0.111674 0.112969 0.00193553
2 0.0682813 0.438062 0.112973 0.11373 0.00191199
0 0.688194 0.437641 0.111302 0.112899 0.00189548
7 0.0675489 0.809169 0.112426 0.113229 0.00188518
12 0.811157 0.561401 0.111539 0.112365 0.00187854
5 0.56351 0.93352 0.109697 0.112501 0.00186328
3 0.936691 0.560977 0.113181 0.113238 0.00177974
8 0.191899 0.933979 0.112224 0.112071 0.00176497
6 0.191563 0.437485 0.111964 0.112624 0.00176174
2 0.813089 0.0651852 0.108742 0.111182 0.00173725
8 0.56314 0.437997 0.111517 0.113603 0.00172937
10 0.687435 0.561551 0.111227 0.111955 0.00168311
3 0.56408 0.809372 0.110783 0.112554 0.00167358
11 0.686796 0.561369 0.111068 0.110847 0.00166535
11 0.811538 0.809896 0.113791 0.112113 0.00164659
4 0.688035 0.561365 0.112359 0.112541 0.00163919
2 0.563857 0.809879 0.112506 0.11307 0.00163671
4 0.0675489 0.809169 0.112426 0.113229 0.00163025
12 0.686784 0.68576 0.110781 0.112124 0.00160374
1 0.688176 0.189162 0.112255 0.11406 0.00159226
9 0.439507 0.437221 0.111416 0.112475 0.00157998
7 0.316242 0.934026 0.110353 0.111992 0.00157925
3 0.316042 0.56147 0.111855 0.112627 0.00156298
6 0.811517 0.188439 0.112136 0.113684 0.00156277
6 0.0675221 0.685708 0.112478 0.11195 0.00154546
12 0.811676 0.064982 0.11195 0.112778 0.00152611
7 0.56408 0.809372 0.110783 0.112554 0.00152298
13 0.686853 0.0645109 0.111759 0.111765 0.0015224
3 0.688171 0.313254 0.11198 0.113401 0.00151578
0 0.93581 0.685479 0.112749 0.113118 0.00150081
9 0.563402 0.43727 0.111213 0.112237 0.00149846
3 0.191986 0.809475 0.112496 0.113911 0.00149335
0 0.439609 0.313425 0.11145 0.113432 0.00148775
6 0.316242 0.934026 0.110353 0.111992 0.00145843
12 0.813116 0.437475 0.10961 0.113655 0.00145838
11 0.191297 0.685371 0.111917 0.111804 0.0014525
6 0.191618 0.189291 0.112378 0.11255 0.00144864
6 0.56408 0.809372 0.110783 0.112554 0.00144125
6 0.686772 0.0649948 0.112059 0.112769 0.00143135
5 0.563717 0.809369 0.112191 0.112766 0.00141829
10 0.190809 0.313236 0.111825 0.112703 0.00141803
5 0.0672146 0.809424 0.112617 0.112823 0.00141252
5 0.813129 0.0651577 0.11046 0.110263 0.00140784
12 0.811681 0.312946 0.111656 0.113483 0.00140438
10 0.811596 0.80979 0.111575 0.112278 0.00140047
6 0.811676 0.064982 0.11195 0.112778 0.00139305
4 0.0680715 0.438032 0.113075 0.11422 0.00137353
9 0.315287 0.436952 0.111463 0.112259 0.00136137
5 0.936028 0.9338 0.111774 0.113337 0.00135246
7 0.811621 0.932438 0.111743 0.112463 0.0013474
8 0.439073 0.437936 0.11273 0.114358 0.00132273
8 0.190715 0.313395 0.112197 0.113451 0.00131596
12 0.191362 0.188697 0.111576 0.112341 0.00131243
6 0.316042 0.56147 0.111855 0.112627 0.00130842
1 0.936369 0.06448 0.112795 0.114057 0.00130494
4 0.439638 0.313457 0.112629 0.113357 0.00130487
7 0.0675221 0.685708 0.112478 0.11195 0.00129659
2 0.31588 0.934271 0.112081 0.112558 0.00129181
7 0.191123 0.436521 0.111799 0.112287 0.00129083
5 0.935973 0.437106 0.113343 0.11456 0.00128407
10 0.563633 0.685311 0.11147 0.112207 0.00127719
8 0.935729 0.437924 0.112941 0.11434 0.00127186
10 0.811793 0.933762 0.111119 0.113358 0.00126715
6 0.0680715 0.438032 0.113075 0.11422 0.00126637
7 0.439482 0.809563 0.112087 0.113212 0.0012496
7 0.439263 0.561092 0.111653 0.112577 0.00123904
11 0.687909 0.933682 0.112265 0.113573 0.00122365
12 0.687828 0.933936 0.110841 0.111455 0.00121304
9 0.935915 0.933681 0.11343 0.112185 0.0012016
6 0.811681 0.312946 0.111656 0.113483 0.00119918
4 0.563833 0.561896 0.110583 0.112162 0.00119624
9 0.935952 0.189253 0.111583 0.112311 0.00118949
1 0.315502 0.809362 0.11207 0.112011 0.00118813
13 0.0670724 0.809887 0.112567 0.112855 0.00118606
13 0.936028 0.9338 0.111774 0.113337 0.00118604
6 0.688294 0.685682 0.112641 0.11375 0.00118154
4 0.688191 0.0649907 0.111304 0.112576 0.0011742
5 0.563333 0.189251 0.112968 0.112364 0.00116319
1 0.811637 0.313198 0.111829 0.11264 0.00116151
0 0.688138 0.313701 0.111536 0.114934 0.00114755
11 0.936202 0.313447 0.111235 0.113484 0.00113728
11 0.439537 0.685375 0.111475 0.111588 0.00113692
7 0.314883 0.0649658 0.112118 0.112857 0.00113573
1 0.563744 0.561568 0.112036 0.112367 0.00112898
8 0.314947 0.437929 0.112511 0.113912 0.00112685
8 0.811584 0.43736 0.110446 0.112862 0.00111755
8 0.439081 0.0649109 0.110601 0.11238 0.00111435
10 0.688162 0.0649391 0.111647 0.113728 0.0011143
7 0.688124 0.188783 0.113071 0.113951 0.00111213
3 0.0675221 0.685708 0.112478 0.11195 0.00110877
9 0.688506 0.932955 0.115618 0.112967 0.00108359
3 0.06727 0.312972 0.113517 0.113846 0.00107883
12 0.0676743 0.189141 0.112176 0.113004 0.00107444
7 0.316042 0.56147 0.111855 0.112627 0.00107257
13 0.93585 0.312968 0.110832 0.112106 0.00105742
5 0.563705 0.43754 0.112042 0.112629 0.00105474
5 0.936731 0.809732 0.113287 0.11301 0.00105361
3 0.813078 0.809506 0.114491 0.115224 0.00105289
8 0.564076 0.933208 0.112678 0.112692 0.00105092
5 0.315304 0.685233 0.111677 0.113018 0.00104444
1 0.315335 0.685053 0.113146 0.113171 0.00103928
1 0.811584 0.0650961 0.111938 0.112359 0.00103621
13 0.439249 0.561087 0.111449 0.111739 0.00103125
3 0.811522 0.437879 0.11007 0.112969 0.00102129
4 0.936072 0.313702 0.113573 0.112821 0.00101157
7 0.81157 0.561134 0.112871 0.113404 0.0010095
9 0.936681 0.809482 0.111827 0.112336 0.00100875
4 0.812722 0.313349 0.112161 0.113024 0.00100545
