9 0.191365 0.809273 0.111191 0.111534 0.986874
6 0.439792 0.809501 0.112161 0.112785 0.98591
7 0.811799 0.93383 0.112433 0.11214 0.985802
7 0.936343 0.809597 0.112711 0.111028 0.985559
12 0.191312 0.933827 0.113177 0.11359 0.984672
3 0.563322 0.685375 0.111227 0.111397 0.98467
4 0.563477 0.809897 0.112651 0.11369 0.984631
4 0.56338 0.934235 0.112201 0.114223 0.984607
7 0.0671416 0.934117 0.11359 0.112803 0.983873
11 0.687592 0.933911 0.112342 0.112723 0.983768
9 0.315952 0.313328 0.111937 0.111693 0.983687
12 0.936024 0.933823 0.113022 0.112584 0.983654
3 0.812017 0.809515 0.112153 0.112646 0.983482
5 0.191555 0.437404 0.111222 0.111835 0.98346
4 0.687968 0.809919 0.112512 0.11221 0.983433
0 0.439537 0.933525 0.112191 0.113487 0.983299
2 0.687521 0.0652345 0.111035 0.112622 0.98279
3 0.191512 0.189167 0.111684 0.111777 0.982737
3 0.0672635 0.31322 0.112326 0.111539 0.982369
4 0.439344 0.31304 0.111713 0.111957 0.982294
1 0.315329 0.685519 0.11162 0.112017 0.982109
7 0.439424 0.189049 0.114087 0.112677 0.982045
1 0.0667785 0.437317 0.112492 0.112469 0.982023
1 0.19155 0.561589 0.111559 0.112618 0.98181
1 0.0670468 0.685748 0.112562 0.111821 0.981455
3 0.19076 0.68529 0.112103 0.11161 0.981253
11 0.0667645 0.809485 0.113059 0.113149 0.981166
1 0.315103 0.437176 0.11185 0.11182 0.981148
11 0.43898 0.0651296 0.110687 0.112012 0.981089
8 0.0675336 0.0653395 0.112129 0.113355 0.980963
1 0.0668075 0.189346 0.112519 0.11264 0.980877
1 0.191026 0.0640264 0.111608 0.113176 0.980827
0 0.315401 0.809328 0.112061 0.112333 0.980612
3 0.812042 0.0650591 0.112289 0.113324 0.980434
8 0.315144 0.56112 0.111903 0.112002 0.980338
8 0.191337 0.313258 0.111248 0.111274 0.980135
8 0.315003 0.189241 0.112189 0.112579 0.980105
12 0.56339 0.0648218 0.11197 0.113466 0.980061
11 0.439241 0.436888 0.111834 0.112155 0.979964
1 0.4396 0.561096 0.11293 0.113625 0.979511
5 0.563464 0.560862 0.111197 0.112411 0.979496
5 0.563491 0.437357 0.11155 0.111845 0.979451
1 0.812088 0.68503 0.113013 0.113312 0.979384
6 0.687828 0.437124 0.112961 0.112815 0.97931
11 0.687642 0.561185 0.111764 0.113099 0.979234
1 0.812181 0.43699 0.11277 0.112813 0.979187
4 0.687747 0.685126 0.112873 0.112572 0.979154
0 0.315094 0.0639737 0.111657 0.113143 0.97911
12 0.68762 0.313482 0.112196 0.112066 0.978875
0 0.811939 0.56113 0.112326 0.11302 0.978769
10 0.936498 0.561202 0.113661 0.113964 0.978747
1 0.811957 0.188777 0.112737 0.112634 0.978725
5 0.687742 0.188561 0.11209 0.112793 0.978701
8 0.315576 0.933607 0.111946 0.11264 0.978642
1 0.936172 0.0643603 0.114183 0.113948 0.978532
0 0.439295 0.684963 0.112194 0.113414 0.978504
6 0.812471 0.312979 0.112686 0.112656 0.978433
11 0.563298 0.188916 0.111289 0.113201 0.978417
6 0.936626 0.685715 0.11363 0.112191 0.978381
6 0.935638 0.189182 0.110689 0.111228 0.977961
13 0.936184 0.313219 0.11376 0.112333 0.977882
2 0.563431 0.313041 0.111889 0.111811 0.97788
7 0.936553 0.437181 0.113116 0.113369 0.977772
0 0.0673205 0.560727 0.112091 0.112335 0.972694
1 0.0665997 0.560449 0.113357 0.112081 0.0911251
5 0.687891 0.561219 0.111036 0.111814 0.0291554
5 0.563498 0.188651 0.110762 0.112475 0.0223305
5 0.439328 0.437431 0.111751 0.112176 0.0192941
2 0.190973 0.313562 0.111264 0.111794 0.0153951
2 0.0666706 0.0651719 0.113793 0.112504 0.0108405
5 0.687659 0.933478 0.111013 0.113381 0.0104957
5 0.439304 0.0645394 0.110707 0.112653 0.00944252
2 0.31492 0.189616 0.111396 0.112034 0.00884338
5 0.0667645 0.809485 0.113059 0.113149 0.00671345
12 0.811597 0.933277 0.111819 0.111224 0.00661965
6 0.68772 0.313104 0.111786 0.112003 0.00655753
3 0.564043 0.313732 0.112119 0.113256 0.00570786
9 0.0659405 0.313262 0.113291 0.112359 0.00522383
2 0.315772 0.933963 0.112382 0.1134 0.00518768
6 0.56339 0.0648218 0.11197 0.113466 0.00388457
0 0.812249 0.43633 0.112631 0.112339 0.00371572
1 0.688165 0.0644827 0.111051 0.113127 0.00368962
1 0.563257 0.313429 0.111394 0.112934 0.00346609
1 0.315094 0.0639737 0.111657 0.113143 0.0033286
1 0.56347 0.93353 0.110993 0.113766 0.00317283
0 0.811964 0.18861 0.112101 0.113272 0.00313887
6 0.812643 0.80872 0.111762 0.112298 0.0029949
11 0.315772 0.933963 0.112382 0.1134 0.00292219
1 0.563877 0.809165 0.111252 0.113128 0.00288017
12 0.811548 0.0649966 0.113132 0.113095 0.00280111
0 0.935998 0.0644254 0.112798 0.113654 0.00267809
1 0.811913 0.560615 0.112028 0.112725 0.00266742
3 0.688137 0.0655935 0.111107 0.112473 0.00259304
2 0.315511 0.561105 0.112013 0.112835 0.00256487
2 0.688088 0.189034 0.11381 0.112753 0.00250608
2 0.687758 0.809884 0.112146 0.11311 0.00249756
12 0.191551 0.189405 0.111851 0.112202 0.00244158
7 0.687516 0.80978 0.111846 0.112456 0.00241773
0 0.191026 0.0640264 0.111608 0.113176 0.00240752
4 0.0668351 0.933909 0.113971 0.112095 0.00239664
12 0.936101 0.809868 0.113136 0.113522 0.0023937
8 0.688177 0.0647551 0.109979 0.112867 0.00238805
1 0.687845 0.685574 0.112864 0.112893 0.00236191
7 0.687586 0.685515 0.111758 0.11225 0.00235321
2 0.688065 0.561151 0.111189 0.112469 0.00234087
3 0.688088 0.189034 0.11381 0.112753 0.00225278
10 0.686693 0.56111 0.112935 0.112541 0.00222543
2 0.563656 0.934258 0.112807 0.113785 0.00221545
10 0.439492 0.189115 0.112832 0.112282 0.00216337
1 0.439765 0.313313 0.111977 0.113097 0.00216041
11 0.315734 0.560922 0.111282 0.113573 0.00206627
10 0.439648 0.43675 0.11147 0.112504 0.00201428
4 0.936142 0.436765 0.11338 0.11227 0.00199635
0 0.0668313 0.685262 0.112692 0.11243 0.00194198
12 0.936164 0.437443 0.113248 0.113464 0.00193787
2 0.56397 0.809932 0.112905 0.113126 0.00190567
0 0.0665175 0.189118 0.111784 0.112031 0.0019008
1 0.811293 0.809411 0.112083 0.112121 0.00187896
12 0.811511 0.809704 0.112443 0.11271 0.00187371
4 0.812266 0.933794 0.112629 0.112891 0.00186757
0 0.812516 0.684804 0.111665 0.112542 0.00182782
11 0.563219 0.436593 0.111174 0.110979 0.00181401
9 0.190249 0.189356 0.111854 0.111899 0.001797
2 0.688058 0.685586 0.113098 0.112207 0.00179176
11 0.315365 0.189555 0.111298 0.112194 0.00176227
0 0.315287 0.437083 0.112511 0.112623 0.00176219
6 0.811661 0.932936 0.110929 0.111381 0.00175865
1 0.688274 0.809083 0.110509 0.113235 0.00174994
2 0.439765 0.313313 0.111977 0.113097 0.00174138
6 0.936099 0.809679 0.112192 0.113251 0.00171338
11 0.0671036 0.065134 0.112474 0.112744 0.00171046
0 0.0663873 0.436249 0.113863 0.111936 0.00170262
9 0.315843 0.561169 0.111975 0.11232 0.0016984
10 0.191316 0.437506 0.111079 0.111329 0.0016898
1 0.315492 0.809276 0.111958 0.112857 0.00167881
6 0.811548 0.0649966 0.113132 0.113095 0.00167154
10 0.811661 0.932936 0.110929 0.111381 0.00164977
12 0.191472 0.685167 0.112004 0.11212 0.00164652
3 0.936352 0.189202 0.112481 0.113002 0.00163655
4 0.936584 0.809503 0.112425 0.111259 0.00158671
7 0.439568 0.313178 0.111565 0.111714 0.00157418
0 0.315279 0.313691 0.11283 0.111479 0.00152464
8 0.688287 0.933305 0.112703 0.112864 0.00147459
4 0.439686 0.56132 0.112274 0.112956 0.00146491
0 0.19135 0.561119 0.111846 0.112801 0.00144598
4 0.936342 0.561236 0.113198 0.112569 0.00143873
13 0.811661 0.932936 0.110929 0.111381 0.00141402
0 0.688084 0.313692 0.112048 0.113429 0.00141336
1 0.688106 0.43719 0.112367 0.11339 0.00139546
9 0.811484 0.0650107 0.113601 0.113171 0.0013934
4 0.688088 0.189034 0.11381 0.112753 0.00138809
5 0.688165 0.0644827 0.111051 0.113127 0.00136555
12 0.0671206 0.313511 0.113417 0.112421 0.00135928
11 0.686806 0.189229 0.111343 0.111125 0.00134413
6 0.936166 0.43726 0.112572 0.113617 0.00132067
3 0.812369 0.313372 0.111796 0.112792 0.00131411
12 0.31539 0.313672 0.112619 0.111362 0.00128715
4 0.811599 0.189311 0.112112 0.112435 0.00128203
10 0.687558 0.189121 0.111603 0.112179 0.00127908
10 0.439756 0.312842 0.112628 0.112555 0.00126471
8 0.191041 0.809046 0.112361 0.111068 0.00126261
10 0.688101 0.809353 0.110665 0.112975 0.00126082
7 0.936204 0.189348 0.112651 0.112544 0.00123173
1 0.0663222 0.31332 0.112548 0.112071 0.00123061
1 0.563231 0.685162 0.11151 0.112142 0.00122749
4 0.315359 0.685283 0.111803 0.112521 0.00122078
1 0.811111 0.0651464 0.112335 0.112427 0.00120842
7 0.688195 0.437424 0.111803 0.111185 0.00119015
4 0.811831 0.68495 0.11219 0.112606 0.00118436
4 0.19155 0.561589 0.111559 0.112618 0.00118031
3 0.439792 0.809501 0.112161 0.112785 0.00117785
0 0.439727 0.561056 0.112712 0.113269 0.00116809
4 0.936024 0.933823 0.113022 0.112584 0.00113383
10 0.936303 0.437853 0.110514 0.112747 0.00113266
1 0.191166 0.189187 0.111678 0.112085 0.00112304
10 0.0671164 0.809209 0.113995 0.113519 0.00112169
9 0.811461 0.809627 0.112984 0.11235 0.0011145
1 0.191498 0.685266 0.111817 0.112188 0.00111023
4 0.563644 0.685036 0.111669 0.111383 0.00110613
3 0.687926 0.43695 0.112857 0.112452 0.0011058
4 0.43957 0.189288 0.11183 0.112065 0.00110361
7 0.812305 0.313371 0.111773 0.111317 0.00110026
9 0.315481 0.933994 0.112113 0.112912 0.00109583
5 0.687618 0.809736 0.112016 0.11235 0.00109
6 0.563361 0.809542 0.111888 0.112613 0.00108659
1 0.439294 0.685014 0.111417 0.112306 0.00108602
2 0.563708 0.685123 0.110515 0.111096 0.0010851
9 0.686681 0.561151 0.110253 0.112839 0.00107274
6 0.0674891 0.313553 0.113767 0.112249 0.0010647
3 0.935889 0.933781 0.112749 0.115378 0.00106428
0 0.315359 0.685283 0.111803 0.112521 0.00105729
2 0.688299 0.933358 0.112198 0.113579 0.0010496
7 0.936065 0.561173 0.113748 0.114343 0.00104792
10 0.687655 0.933421 0.110729 0.113034 0.0010479
4 0.315243 0.437484 0.112195 0.112653 0.00104722
3 0.190767 0.436454 0.110675 0.110446 0.00104482
4 0.935772 0.0649043 0.112994 0.11317 0.00103979
11 0.191016 0.31371 0.110791 0.111107 0.0010377
2 0.0674891 0.313553 0.113767 0.112249 0.00102658
11 0.563512 0.560818 0.110753 0.112167 0.00101912
6 0.563851 0.684823 0.110855 0.11167 0.0010167
6 0.191551 0.189405 0.111851 0.112202 0.00100684
2 0.563492 0.437419 0.111598 0.111587 0.00100509
0 0.19115 0.31375 0.110928 0.112843 0.00100373
10 0.93595 0.31358 0.113357 0.111986 0.00100244
11 0.190767 0.436454 0.110675 0.110446 0.00100214
