9 0.0673903 0.809467 0.112122 0.112483 0.98664
3 0.563191 0.809841 0.113012 0.11289 0.985808
4 0.935923 0.933918 0.11334 0.111972 0.985514
3 0.315566 0.561427 0.11159 0.112861 0.984799
3 0.439112 0.68535 0.113012 0.112335 0.984522
3 0.0668531 0.437542 0.112855 0.113496 0.984507
4 0.0676482 0.685328 0.111913 0.111132 0.984387
13 0.315497 0.933885 0.110905 0.11189 0.984326
5 0.0670545 0.934493 0.112769 0.114039 0.984294
10 0.192287 0.809327 0.111275 0.111413 0.984148
12 0.688021 0.809503 0.110845 0.112322 0.984129
4 0.687842 0.933926 0.112362 0.113072 0.983906
3 0.314758 0.064659 0.112709 0.11221 0.983626
9 0.563425 0.065088 0.111022 0.113136 0.983605
5 0.191363 0.438129 0.111217 0.11197 0.983239
2 0.315135 0.685482 0.112291 0.111771 0.983171
1 0.812025 0.933782 0.112081 0.112863 0.983086
12 0.315561 0.31301 0.111938 0.111858 0.982878
6 0.0667354 0.313589 0.113378 0.113034 0.982805
13 0.563481 0.93396 0.111349 0.112714 0.98267
8 0.43931 0.934075 0.112259 0.112975 0.982519
12 0.191675 0.561311 0.110647 0.111051 0.982437
10 0.563666 0.685494 0.110873 0.111161 0.982049
1 0.439497 0.809859 0.112345 0.113112 0.981988
10 0.191382 0.188978 0.112752 0.113059 0.981867
13 0.43935 0.0651881 0.111006 0.112064 0.981397
11 0.315364 0.437209 0.112821 0.112396 0.981347
0 0.315583 0.809353 0.112001 0.112338 0.9811
4 0.688069 0.0649899 0.110995 0.112265 0.980949
2 0.0669259 0.0647197 0.112563 0.11291 0.980942
10 0.0674898 0.189291 0.112554 0.111694 0.980919
11 0.191378 0.312995 0.112089 0.112432 0.980854
11 0.191134 0.0647416 0.111357 0.112009 0.980613
5 0.936156 0.685313 0.112326 0.11097 0.980227
6 0.687834 0.685212 0.111711 0.112568 0.980202
2 0.439357 0.437416 0.112484 0.112504 0.979872
2 0.191671 0.933817 0.112647 0.112556 0.979851
9 0.812034 0.0650352 0.1114 0.113289 0.979769
8 0.936044 0.8099 0.1115 0.111783 0.979521
11 0.935485 0.0656511 0.112455 0.112291 0.979502
8 0.315219 0.189429 0.112765 0.112067 0.97943
8 0.0667606 0.561544 0.112265 0.112225 0.979335
8 0.191136 0.685234 0.111867 0.11112 0.979304
6 0.688249 0.561559 0.112273 0.11195 0.979222
8 0.811848 0.809902 0.111777 0.112426 0.979144
13 0.439583 0.56153 0.11213 0.112461 0.979124
3 0.563438 0.561455 0.111329 0.111928 0.979004
4 0.812507 0.436878 0.112965 0.112685 0.97889
8 0.439361 0.313263 0.112618 0.11239 0.978814
1 0.812027 0.188991 0.112659 0.112624 0.978561
12 0.811826 0.685488 0.112012 0.111465 0.978514
5 0.687785 0.312886 0.11179 0.112365 0.978483
0 0.812084 0.313048 0.111854 0.111647 0.978346
2 0.563351 0.189457 0.111136 0.113074 0.978331
11 0.687749 0.437207 0.111946 0.113157 0.978293
13 0.936302 0.313014 0.112993 0.112254 0.978225
8 0.564047 0.437306 0.111333 0.112811 0.97821
0 0.56322 0.313948 0.11115 0.111719 0.978202
0 0.439392 0.188836 0.112138 0.113072 0.978146
0 0.687636 0.188886 0.1121 0.113009 0.978072
3 0.936469 0.436837 0.113049 0.113004 0.977884
3 0.81134 0.561353 0.111451 0.111824 0.977866
8 0.935513 0.189364 0.111878 0.113144 0.977574
11 0.936455 0.561421 0.112683 0.112208 0.977497
2 0.563856 0.436998 0.111212 0.112226 0.00947673
10 0.936921 0.561123 0.112865 0.111391 0.00862672
2 0.0672836 0.561181 0.112702 0.114161 0.00752067
2 0.439461 0.313001 0.110954 0.112237 0.00590346
1 0.439413 0.437997 0.110591 0.112237 0.00560898
10 0.935647 0.685116 0.111755 0.112211 0.00477523
1 0.812301 0.436775 0.112369 0.112874 0.00442489
2 0.812626 0.809136 0.112266 0.112808 0.00417569
5 0.688393 0.437951 0.113408 0.111837 0.00413097
10 0.935987 0.0647493 0.112068 0.111813 0.00386848
3 0.315135 0.685482 0.112291 0.111771 0.00372406
2 0.315251 0.189012 0.111017 0.112213 0.00369094
7 0.68797 0.933837 0.112006 0.112035 0.00365894
2 0.191135 0.685287 0.112466 0.11179 0.00356379
5 0.31617 0.437959 0.114121 0.111806 0.00351342
0 0.812152 0.188892 0.111974 0.113352 0.0032534
12 0.439503 0.561474 0.111237 0.111698 0.00324694
1 0.0669687 0.685197 0.114047 0.112335 0.00316328
2 0.936044 0.8099 0.1115 0.111783 0.00312014
1 0.688333 0.0643764 0.112085 0.113418 0.00308105
10 0.688161 0.436763 0.111832 0.112527 0.00303707
7 0.68823 0.685066 0.113564 0.11307 0.00291606
2 0.935919 0.188824 0.111567 0.112671 0.00287957
0 0.812633 0.933619 0.111246 0.113021 0.00283875
8 0.688134 0.437092 0.111041 0.114172 0.00278825
2 0.688108 0.313387 0.11254 0.112446 0.00278312
2 0.439528 0.934042 0.112187 0.112907 0.00258208
0 0.563459 0.438089 0.110996 0.112911 0.00257975
7 0.811665 0.436268 0.112221 0.114038 0.00252434
10 0.315446 0.436882 0.111481 0.111189 0.00251476
1 0.688025 0.933604 0.112053 0.112351 0.00251219
12 0.812138 0.0647514 0.111793 0.112389 0.00239345
9 0.687445 0.437519 0.111469 0.112208 0.00239313
3 0.688659 0.684717 0.111339 0.111578 0.00238097
12 0.563979 0.0647313 0.11208 0.112125 0.00237154
7 0.935162 0.933729 0.111873 0.112043 0.00228294
7 0.687974 0.0648109 0.111192 0.111501 0.0022733
1 0.563824 0.31256 0.111721 0.112684 0.0022501
12 0.936071 0.31322 0.111965 0.112908 0.00220087
7 0.68823 0.561187 0.112251 0.112955 0.00206371
10 0.19106 0.313624 0.111445 0.11167 0.00206362
3 0.0666329 0.313462 0.112411 0.112711 0.00203933
5 0.936255 0.561246 0.112575 0.111232 0.00201488
7 0.067165 0.313798 0.113052 0.113152 0.00195955
5 0.935485 0.0656511 0.112455 0.112291 0.00194702
11 0.686795 0.313351 0.111147 0.110742 0.00191513
10 0.0665752 0.934015 0.113946 0.113434 0.00191415
3 0.191291 0.933813 0.113322 0.113139 0.00190527
6 0.191675 0.561311 0.110647 0.111051 0.00185449
12 0.563556 0.933862 0.111111 0.111759 0.00183568
9 0.811403 0.561563 0.112209 0.111514 0.0018219
3 0.563709 0.188799 0.111142 0.112819 0.00180654
12 0.935937 0.437308 0.11212 0.113044 0.00180046
5 0.56355 0.18933 0.112879 0.113295 0.00178121
2 0.688143 0.437256 0.111947 0.113209 0.00177226
3 0.813034 0.0645707 0.110649 0.111 0.00176541
4 0.191117 0.437912 0.111845 0.110071 0.0017651
1 0.936104 0.933809 0.111874 0.111843 0.00176094
12 0.811442 0.561609 0.111485 0.111479 0.00171572
6 0.811577 0.436783 0.114114 0.112336 0.00170022
5 0.191019 0.312888 0.112231 0.112099 0.00169093
1 0.563663 0.18898 0.11187 0.112962 0.001611
3 0.688108 0.313387 0.11254 0.112446 0.00156856
4 0.563666 0.685494 0.110873 0.111161 0.00155227
12 0.439756 0.0649561 0.110849 0.112884 0.0015519
1 0.315669 0.685403 0.112979 0.112233 0.00153686
3 0.4398 0.437729 0.112289 0.112876 0.00152599
0 0.81303 0.0652485 0.111528 0.112053 0.00151514
2 0.81236 0.436841 0.111941 0.112653 0.00149988
4 0.687887 0.313276 0.111806 0.111984 0.0014946
1 0.8121 0.312718 0.111248 0.112213 0.00149163
7 0.811437 0.685762 0.111674 0.113235 0.00148833
5 0.191044 0.0644434 0.111436 0.112277 0.00148075
0 0.936212 0.809849 0.112005 0.113118 0.00147027
10 0.191277 0.0650923 0.111568 0.111435 0.00144557
1 0.811375 0.56143 0.111932 0.111989 0.00144169
7 0.0669687 0.685197 0.114047 0.112335 0.0014225
3 0.688773 0.561113 0.111002 0.111331 0.00141666
3 0.563683 0.0648957 0.111395 0.111908 0.00137751
9 0.935963 0.437214 0.111937 0.113402 0.00137207
4 0.439574 0.8097 0.111688 0.112589 0.00136262
6 0.811826 0.685488 0.112012 0.111465 0.0013567
12 0.067504 0.809454 0.114165 0.113396 0.00135512
1 0.687883 0.18811 0.1116 0.112759 0.00134584
1 0.315035 0.56155 0.112163 0.111929 0.00134214
1 0.0669716 0.0651265 0.112637 0.111944 0.00133719
1 0.563573 0.56145 0.111855 0.111734 0.00133712
3 0.191117 0.437912 0.111845 0.110071 0.00132693
1 0.563591 0.809515 0.112111 0.112147 0.00132037
6 0.0674451 0.437997 0.113927 0.112523 0.00129589
7 0.439858 0.561251 0.111565 0.112464 0.00128371
2 0.688025 0.933604 0.112053 0.112351 0.00127277
4 0.811729 0.18949 0.111906 0.112684 0.00127247
0 0.439787 0.313613 0.111147 0.111869 0.00126472
11 0.563668 0.437366 0.112179 0.112582 0.00125931
4 0.191742 0.809198 0.111936 0.111635 0.00124189
0 0.439718 0.809756 0.112146 0.113303 0.00123954
0 0.0670164 0.561472 0.11225 0.112031 0.0012283
12 0.315362 0.93369 0.111061 0.111546 0.00122568
1 0.315613 0.809334 0.111971 0.112942 0.00122311
9 0.315268 0.437202 0.111278 0.112003 0.00122234
6 0.68787 0.809326 0.111546 0.111028 0.00120516
10 0.81236 0.436841 0.111941 0.112653 0.00119716
7 0.936171 0.313519 0.112078 0.112093 0.00119154
0 0.563683 0.0648957 0.111395 0.111908 0.0011688
12 0.0676828 0.438035 0.113675 0.112921 0.00115091
3 0.0662879 0.0649981 0.11433 0.112841 0.00114916
0 0.935953 0.188907 0.111647 0.111779 0.00114424
1 0.439385 0.188247 0.112056 0.112878 0.00113689
11 0.0667306 0.561377 0.114722 0.112001 0.0011346
12 0.564192 0.685164 0.111005 0.11067 0.00113153
10 0.687374 0.313262 0.111213 0.111537 0.00112608
0 0.81307 0.810446 0.111159 0.113782 0.00111673
1 0.191604 0.933576 0.113309 0.112635 0.00111446
10 0.190986 0.437706 0.1117 0.111783 0.00109664
10 0.936104 0.933809 0.111874 0.111843 0.00108221
9 0.0674451 0.437997 0.113927 0.112523 0.00106627
1 0.439398 0.68532 0.11178 0.11218 0.00106614
2 0.688069 0.0649899 0.110995 0.112265 0.00106178
4 0.0675619 0.189029 0.113012 0.113335 0.00106149
5 0.0664744 0.0655862 0.112795 0.111368 0.00105802
2 0.0676828 0.438035 0.113675 0.112921 0.00105721
5 0.191868 0.933864 0.112898 0.111473 0.00104318
10 0.315682 0.933809 0.111534 0.112063 0.001038
9 0.688006 0.188564 0.113108 0.11377 0.00103276
11 0.563684 0.934078 0.112102 0.112617 0.00102625
2 0.0668465 0.809244 0.112669 0.112197 0.00102119
4 0.812025 0.933782 0.112081 0.112863 0.00101104
6 0.811442 0.561609 0.111485 0.111479 0.00100491
