7 0.31487 0.0653789 0.112986 0.111691 0.987168
13 0.440443 0.685176 0.111856 0.114348 0.985791
6 0.316028 0.809678 0.113737 0.112636 0.985614
13 0.191701 0.685901 0.110881 0.113337 0.985612
6 0.315081 0.933912 0.113739 0.112329 0.985192
13 0.191352 0.561874 0.109914 0.111876 0.985145
3 0.563419 0.809434 0.112208 0.113031 0.985024
7 0.190732 0.0653364 0.113502 0.111548 0.984952
9 0.439466 0.0652649 0.112427 0.111122 0.984909
3 0.562834 0.934381 0.114477 0.112039 0.984891
9 0.563497 0.684645 0.111406 0.112242 0.984832
7 0.066741 0.313885 0.114425 0.114692 0.984409
6 0.0672393 0.685562 0.113839 0.112514 0.983835
3 0.439888 0.80906 0.110956 0.110251 0.98373
6 0.315433 0.561153 0.113657 0.113961 0.983156
3 0.067006 0.561613 0.113315 0.114455 0.982796
9 0.0665591 0.0657507 0.113113 0.113779 0.982722
7 0.0667538 0.80993 0.113045 0.11438 0.982622
9 0.935974 0.809219 0.110376 0.111356 0.982593
6 0.0663847 0.437768 0.113181 0.112445 0.982362
8 0.190309 0.809662 0.11265 0.111853 0.982308
3 0.315675 0.437483 0.111912 0.11159 0.982233
4 0.192135 0.313174 0.113737 0.115419 0.981683
8 0.190778 0.188942 0.111763 0.110891 0.981666
4 0.315724 0.68555 0.114906 0.113092 0.981569
0 0.68938 0.933679 0.113569 0.11202 0.981509
0 0.935323 0.933649 0.110467 0.11027 0.981436
13 0.811866 0.810092 0.114022 0.114386 0.981351
2 0.191095 0.437953 0.11292 0.111697 0.980784
2 0.315544 0.31277 0.111002 0.112562 0.980644
6 0.0665853 0.18997 0.114179 0.113142 0.980634
8 0.562335 0.065495 0.111753 0.111517 0.980632
0 0.81268 0.0655788 0.111442 0.111852 0.980139
5 0.686949 0.0654809 0.113106 0.11116 0.980037
3 0.440152 0.561222 0.11051 0.110157 0.979849
2 0.190512 0.934223 0.110906 0.111418 0.979761
11 0.067018 0.933506 0.1119 0.112249 0.979627
9 0.439033 0.189546 0.11313 0.112622 0.979395
13 0.688233 0.437899 0.113027 0.113787 0.979279
10 0.439435 0.437075 0.112177 0.115501 0.979211
10 0.687921 0.685649 0.112018 0.11468 0.979193
8 0.439305 0.933776 0.111792 0.111797 0.979077
13 0.812212 0.686065 0.112672 0.111956 0.979046
13 0.936096 0.437168 0.112783 0.114531 0.978625
4 0.68726 0.188662 0.113295 0.114691 0.978498
10 0.937215 0.562143 0.110984 0.114127 0.978447
3 0.936133 0.0652655 0.112947 0.112336 0.978396
9 0.563645 0.437487 0.112987 0.113838 0.978334
11 0.81289 0.562128 0.111938 0.113444 0.978293
6 0.439236 0.312604 0.111439 0.110912 0.978089
10 0.688233 0.313231 0.112837 0.113325 0.978079
4 0.687766 0.810097 0.11399 0.113326 0.978071
10 0.812744 0.437758 0.111681 0.113865 0.978064
12 0.563961 0.561123 0.111639 0.110862 0.978038
4 0.688267 0.561622 0.113512 0.111571 0.977989
12 0.812454 0.312713 0.111755 0.113151 0.977842
3 0.936552 0.187948 0.111595 0.113392 0.977636
2 0.813184 0.93445 0.111418 0.109491 0.977355
2 0.811837 0.18846 0.112751 0.110733 0.976989
0 0.936374 0.686086 0.110069 0.111582 0.976973
0 0.563619 0.312628 0.112687 0.112708 0.976083
1 0.936508 0.312368 0.112104 0.111829 0.976023
1 0.314217 0.189044 0.110725 0.110787 0.975943
1 0.563466 0.188989 0.110623 0.112243 0.975521
8 0.813469 0.93439 0.111859 0.110297 0.0112763
2 0.190398 0.808634 0.112592 0.109944 0.0104062
2 0.562014 0.0644349 0.111021 0.112304 0.00860254
8 0.813234 0.562146 0.112505 0.114959 0.0071263
12 0.440543 0.809678 0.110348 0.111536 0.00503218
0 0.563217 0.0648739 0.109629 0.113137 0.00476729
2 0.190972 0.18828 0.11142 0.111067 0.00461242
1 0.813411 0.934208 0.112582 0.111301 0.00445372
1 0.688258 0.561342 0.112917 0.111829 0.00423994
7 0.687866 0.561322 0.111672 0.11112 0.00417226
1 0.686828 0.188613 0.112416 0.114802 0.00401386
11 0.812505 0.438084 0.112603 0.11322 0.00399877
11 0.686405 0.0647403 0.11411 0.111013 0.00398855
12 0.44047 0.56127 0.110529 0.110874 0.0039842
7 0.687415 0.809837 0.11272 0.112882 0.00392097
1 0.3156 0.313403 0.110922 0.111089 0.00390214
1 0.191054 0.438183 0.112182 0.11103 0.00388198
7 0.192044 0.31315 0.11252 0.113246 0.00366265
7 0.811554 0.313184 0.110178 0.113058 0.00337036
12 0.563867 0.436659 0.112402 0.114774 0.0033624
7 0.687121 0.188845 0.112664 0.113457 0.00332275
6 0.811755 0.313669 0.112814 0.112878 0.00325595
0 0.936866 0.310769 0.112467 0.110741 0.00321244
12 0.811383 0.685921 0.110501 0.111225 0.00317942
7 0.936543 0.561232 0.108656 0.113196 0.00307798
2 0.563517 0.934296 0.115196 0.111522 0.00303826
11 0.688077 0.313538 0.113713 0.112645 0.00303578
12 0.935421 0.188041 0.111148 0.112245 0.00300965
1 0.935793 0.933719 0.109282 0.110289 0.0030016
8 0.191054 0.438183 0.112182 0.11103 0.00279568
8 0.190627 0.934315 0.111533 0.11121 0.00275336
13 0.688259 0.685416 0.111778 0.112091 0.00274871
0 0.56416 0.43824 0.113189 0.11542 0.00270063
9 0.688618 0.438127 0.110635 0.114858 0.00269598
0 0.191679 0.189018 0.111451 0.110086 0.00266682
8 0.938153 0.684929 0.107003 0.112077 0.00248404
5 0.811159 0.188528 0.112811 0.111609 0.00243521
6 0.56361 0.561314 0.111691 0.11157 0.00241931
5 0.813143 0.56261 0.11296 0.114111 0.00241294
1 0.811304 0.189172 0.111995 0.109963 0.00231572
7 0.811786 0.437245 0.109555 0.113233 0.00228281
1 0.687677 0.810016 0.113144 0.113144 0.00226782
13 0.936859 0.56236 0.110379 0.111851 0.00225992
1 0.315741 0.685716 0.114579 0.113371 0.00224122
8 0.936097 0.810293 0.106615 0.111517 0.00223904
12 0.563648 0.684663 0.112037 0.112261 0.00223074
2 0.439831 0.934281 0.112482 0.114292 0.00220578
1 0.689461 0.933705 0.11429 0.112608 0.00217234
4 0.0665744 0.809114 0.113585 0.11311 0.00215889
9 0.935905 0.0645911 0.110429 0.112195 0.00215507
4 0.68824 0.685856 0.111758 0.115395 0.00211151
10 0.0671202 0.313989 0.114656 0.116195 0.0020972
4 0.066735 0.313757 0.115188 0.113821 0.00207793
8 0.810996 0.188126 0.111893 0.11077 0.00199904
3 0.0660941 0.18977 0.113532 0.112724 0.00199792
10 0.191026 0.685719 0.110998 0.111796 0.00199502
11 0.190553 0.808855 0.1129 0.111575 0.00194179
1 0.191972 0.313334 0.112809 0.114144 0.00192376
9 0.936052 0.188006 0.109402 0.113152 0.00191308
9 0.937092 0.685881 0.109419 0.112386 0.00189767
11 0.687854 0.685731 0.112102 0.114427 0.00188397
0 0.314119 0.187304 0.110256 0.111965 0.00185828
9 0.81268 0.0655788 0.111442 0.111852 0.0018378
8 0.315404 0.312393 0.110917 0.111581 0.00182571
11 0.937294 0.562378 0.111788 0.113789 0.00182469
7 0.191571 0.56121 0.110493 0.1125 0.00178381
3 0.316028 0.809678 0.113737 0.112636 0.00177885
7 0.564003 0.561034 0.11124 0.110957 0.00177472
0 0.563693 0.188894 0.109348 0.113429 0.00176962
10 0.440056 0.685131 0.111486 0.11222 0.00174564
5 0.813138 0.43761 0.113506 0.114542 0.00171827
12 0.811328 0.810806 0.110179 0.112761 0.00170545
7 0.688421 0.31373 0.112667 0.114333 0.00170439
3 0.315081 0.933912 0.113739 0.112329 0.00166945
10 0.686934 0.0649206 0.11261 0.111742 0.0016502
1 0.440717 0.809803 0.110944 0.111539 0.00163963
7 0.68824 0.685856 0.111758 0.115395 0.00163884
4 0.190732 0.0653364 0.113502 0.111548 0.00160956
8 0.813425 0.0646131 0.110491 0.112242 0.00160655
3 0.439406 0.313622 0.111401 0.111914 0.00159805
3 0.0672393 0.685562 0.113839 0.112514 0.00159193
5 0.688197 0.685524 0.112054 0.115144 0.001581
5 0.937294 0.562378 0.111788 0.113789 0.00154792
13 0.811554 0.313184 0.110178 0.113058 0.00154489
5 0.563532 0.934172 0.114878 0.111495 0.00154174
12 0.936433 0.809643 0.108956 0.111097 0.00153569
9 0.440543 0.809678 0.110348 0.111536 0.00152699
9 0.93675 0.437913 0.106872 0.115422 0.00152619
2 0.563601 0.809709 0.110345 0.112596 0.0015229
4 0.936543 0.561232 0.108656 0.113196 0.00151894
0 0.563648 0.684663 0.112037 0.112261 0.00151816
13 0.688141 0.31287 0.111815 0.111516 0.00151508
1 0.43924 0.312788 0.110646 0.111315 0.00151177
13 0.439709 0.437475 0.112063 0.112269 0.00149049
9 0.561713 0.934778 0.114689 0.112439 0.00146784
4 0.688421 0.31373 0.112667 0.114333 0.00145609
12 0.935425 0.0651387 0.110279 0.111235 0.00145428
10 0.811742 0.562066 0.112335 0.112028 0.00144665
12 0.812505 0.438084 0.112603 0.11322 0.00143989
12 0.688618 0.438127 0.110635 0.114858 0.0014332
5 0.0664532 0.93386 0.114603 0.114078 0.00142498
13 0.811691 0.437497 0.109393 0.112582 0.00142237
1 0.190761 0.934213 0.111603 0.111045 0.00140822
6 0.315821 0.436194 0.112069 0.112886 0.0014049
8 0.563979 0.438239 0.112546 0.113219 0.00139783
5 0.688362 0.313516 0.113161 0.113435 0.00137864
0 0.439539 0.189649 0.113519 0.113735 0.00134462
7 0.0664793 0.438224 0.113307 0.112993 0.00134045
0 0.439721 0.933897 0.111081 0.111655 0.00133954
5 0.563237 0.809502 0.11159 0.11411 0.00133554
12 0.439781 0.0650432 0.113273 0.112103 0.00133125
4 0.813165 0.438141 0.111958 0.116107 0.0013289
12 0.93684 0.561667 0.112184 0.113332 0.00132642
7 0.43928 0.313495 0.111178 0.110646 0.00132472
12 0.315734 0.437302 0.111318 0.111672 0.00131459
0 0.439947 0.0650438 0.113505 0.11264 0.00129656
2 0.688258 0.561342 0.112917 0.111829 0.00127189
4 0.44047 0.56127 0.110529 0.110874 0.00124521
1 0.563502 0.312183 0.112796 0.112778 0.00123207
4 0.439245 0.437325 0.11145 0.115541 0.00123121
11 0.439305 0.933776 0.111792 0.111797 0.00123026
6 0.686813 0.188593 0.112504 0.113199 0.00122114
11 0.936067 0.810057 0.107212 0.111527 0.0011824
2 0.315741 0.685716 0.114579 0.113371 0.00118215
7 0.0660941 0.18977 0.113532 0.112724 0.00117579
3 0.563497 0.684645 0.111406 0.112242 0.00116148
7 0.811991 0.685311 0.112638 0.112994 0.00114284
0 0.0668326 0.0656627 0.113305 0.115823 0.00113254
1 0.563532 0.810078 0.111803 0.112972 0.00112386
1 0.0667216 0.561301 0.114069 0.114611 0.00112226
5 0.191051 0.934381 0.112811 0.112772 0.00110315
0 0.936111 0.810409 0.106681 0.111344 0.00109844
12 0.688077 0.313538 0.113713 0.112645 0.00108143
1 0.563042 0.934334 0.112528 0.112157 0.00108
8 0.0668869 0.0656378 0.11306 0.115241 0.00107622
2 0.686828 0.188613 0.112416 0.114802 0.00107084
10 0.191048 0.560956 0.111676 0.112732 0.00106634
3 0.315433 0.561153 0.113657 0.113961 0.00106274
12 0.43917 0.313535 0.11189 0.111519 0.00105092
3 0.0663847 0.437768 0.113181 0.112445 0.001049
7 0.441051 0.684921 0.112413 0.114159 0.00104255
9 0.315851 0.438072 0.113774 0.113593 0.00103657
10 0.688232 0.561229 0.1134 0.112193 0.00103516
0 0.190995 0.809427 0.111682 0.111686 0.00102733
4 0.563471 0.934165 0.115317 0.112059 0.0010208
12 0.439627 0.18962 0.11368 0.112879 0.00101819
9 0.0663467 0.560304 0.115731 0.114313 0.00101504
1 0.316027 0.437217 0.112255 0.112407 0.00101238
10 0.687687 0.809967 0.113595 0.113232 0.0010075
4 0.935421 0.188041 0.111148 0.112245 0.00100302
4 0.31487 0.0653789 0.112986 0.111691 0.00100223
