9 0.31571 0.933947 0.111977 0.113224 0.988669
9 0.439473 0.809812 0.112137 0.113061 0.988113
9 0.191184 0.68533 0.11236 0.112276 0.987275
13 0.811739 0.809729 0.112546 0.113445 0.985722
3 0.811199 0.934145 0.113732 0.114199 0.985632
2 0.563309 0.934089 0.11258 0.114038 0.985593
13 0.936315 0.809461 0.112299 0.112748 0.985226
9 0.439393 0.0649127 0.112036 0.113728 0.985061
5 0.439249 0.934231 0.111874 0.113576 0.985013
10 0.935794 0.934143 0.113947 0.113588 0.984843
5 0.563512 0.809756 0.11184 0.112993 0.984777
4 0.0672642 0.685567 0.113268 0.112531 0.984587
3 0.687006 0.809886 0.112836 0.114045 0.98447
10 0.0673487 0.561543 0.113123 0.112404 0.984002
2 0.315206 0.809792 0.113073 0.112604 0.983907
9 0.191488 0.189058 0.111881 0.112234 0.983828
5 0.439288 0.685421 0.111819 0.112795 0.983717
13 0.0670915 0.437323 0.114046 0.113845 0.983688
13 0.315552 0.313323 0.112968 0.113557 0.983595
7 0.315202 0.561174 0.112993 0.111594 0.983338
11 0.31498 0.685594 0.111641 0.112751 0.983283
7 0.191069 0.0652875 0.111384 0.11245 0.982954
7 0.191138 0.561205 0.112732 0.111736 0.982939
7 0.0670692 0.189815 0.112996 0.112783 0.98284
10 0.315117 0.189174 0.113073 0.11233 0.982795
4 0.687277 0.934331 0.11282 0.113228 0.982648
6 0.315622 0.437292 0.111551 0.112191 0.982629
3 0.191301 0.437764 0.111545 0.113022 0.982418
10 0.0671306 0.0648818 0.113749 0.113804 0.982303
4 0.0670587 0.934484 0.113128 0.113586 0.982257
5 0.563487 0.685468 0.111791 0.112925 0.982191
2 0.191047 0.313142 0.111285 0.112157 0.981529
2 0.0671197 0.313263 0.112132 0.111697 0.981207
11 0.191347 0.93357 0.111881 0.113973 0.980599
12 0.315097 0.0645665 0.111878 0.11257 0.980462
3 0.935352 0.0648753 0.114655 0.114631 0.980369
9 0.439674 0.188976 0.111359 0.112588 0.980074
11 0.935452 0.189111 0.112868 0.113106 0.979969
13 0.687549 0.313333 0.11237 0.113295 0.979654
1 0.563158 0.189022 0.111574 0.11301 0.979555
6 0.439564 0.31311 0.112293 0.112534 0.979408
12 0.688053 0.560991 0.111633 0.113474 0.979173
1 0.811987 0.188731 0.112341 0.112799 0.979153
9 0.687481 0.0644834 0.11195 0.113667 0.979127
12 0.936446 0.312819 0.11269 0.113044 0.979109
2 0.563566 0.43734 0.111951 0.111937 0.978864
5 0.439064 0.437138 0.111914 0.11288 0.978818
3 0.812213 0.43748 0.112555 0.112754 0.978756
9 0.439202 0.561228 0.112027 0.114016 0.978731
5 0.563467 0.560861 0.111654 0.113525 0.978536
11 0.812103 0.685082 0.112437 0.113465 0.978473
8 0.563349 0.313399 0.111425 0.111956 0.977731
8 0.563586 0.0649938 0.111025 0.112138 0.97773
9 0.811736 0.561761 0.111666 0.111954 0.977719
8 0.687445 0.189252 0.111623 0.112142 0.976754
8 0.812057 0.0646951 0.110773 0.112255 0.976665
8 0.93661 0.561736 0.111618 0.112474 0.976588
8 0.811918 0.312811 0.112067 0.112894 0.976493
8 0.68783 0.437403 0.110921 0.111222 0.976312
8 0.936285 0.436874 0.112472 0.113368 0.975811
8 0.687218 0.685479 0.111469 0.111974 0.975566
0 0.0670722 0.809561 0.11254 0.112857 0.975237
8 0.191708 0.809539 0.111263 0.112326 0.975127
8 0.936263 0.685515 0.111055 0.111869 0.97379
4 0.315309 0.188942 0.112681 0.112708 0.0527155
2 0.688133 0.436959 0.111908 0.112031 0.0507073
2 0.936495 0.561269 0.112142 0.113206 0.0342181
2 0.688124 0.685138 0.112713 0.111995 0.0234447
2 0.688006 0.188928 0.112381 0.112329 0.0223039
1 0.0669091 0.809263 0.113234 0.112461 0.0199359
2 0.811363 0.313396 0.112441 0.112531 0.0159989
2 0.563512 0.0649666 0.11202 0.112233 0.0151083
2 0.93619 0.436638 0.111292 0.11282 0.0150885
2 0.563744 0.313586 0.112397 0.112876 0.0139404
2 0.811661 0.0649532 0.112905 0.113816 0.0113398
2 0.935529 0.685269 0.113498 0.112894 0.0110584
8 0.811503 0.684971 0.110712 0.1131 0.00880815
6 0.315451 0.0648141 0.1121 0.11441 0.0078228
11 0.191539 0.809688 0.111802 0.111803 0.00752075
2 0.191438 0.809698 0.112473 0.112156 0.00599428
6 0.936396 0.313319 0.112698 0.113081 0.00551047
6 0.687689 0.561286 0.112575 0.113468 0.00492504
5 0.935022 0.189253 0.113991 0.113777 0.00456308
7 0.687557 0.934133 0.111682 0.112006 0.00418439
0 0.811926 0.188793 0.112434 0.114096 0.00394931
1 0.0667836 0.934316 0.114438 0.114982 0.00392552
5 0.811487 0.685508 0.112392 0.112301 0.00368923
0 0.563382 0.18863 0.111687 0.113598 0.00361702
12 0.811466 0.562055 0.110776 0.112233 0.00339651
12 0.688078 0.0644214 0.111133 0.112545 0.00338554
13 0.935448 0.934031 0.1121 0.111931 0.00313985
1 0.0668967 0.685409 0.114293 0.113622 0.00308755
1 0.315765 0.436838 0.108926 0.110509 0.0030533
6 0.191509 0.438042 0.112926 0.113227 0.00302167
12 0.439374 0.561218 0.111796 0.113496 0.00299707
10 0.93612 0.188956 0.113166 0.11331 0.00298851
6 0.68688 0.809314 0.112798 0.113422 0.00294072
12 0.687719 0.809635 0.11232 0.112895 0.00292207
4 0.0673487 0.561543 0.113123 0.112404 0.00289257
12 0.191047 0.189176 0.112598 0.112456 0.0027772
3 0.811466 0.562055 0.110776 0.112233 0.00273333
12 0.811657 0.437304 0.110943 0.112862 0.00273022
7 0.935935 0.933342 0.112851 0.113674 0.00270387
12 0.439157 0.189218 0.112412 0.11213 0.0026257
11 0.812045 0.0647941 0.112596 0.113682 0.00253782
10 0.439245 0.933995 0.11127 0.111875 0.00251131
4 0.0671306 0.0648818 0.113749 0.113804 0.0024911
2 0.688149 0.809843 0.112455 0.11237 0.00245714
5 0.315067 0.685534 0.111154 0.113002 0.00239144
1 0.439978 0.312916 0.112197 0.112911 0.00237012
3 0.439786 0.313417 0.112152 0.112639 0.00232968
3 0.191041 0.313415 0.111776 0.11289 0.00230398
6 0.81155 0.933694 0.113159 0.112731 0.0022602
6 0.811657 0.437304 0.110943 0.112862 0.00222202
13 0.191447 0.933653 0.112327 0.113723 0.0021969
3 0.315461 0.437093 0.112296 0.112619 0.002158
11 0.935735 0.685341 0.113051 0.112799 0.00214841
1 0.191155 0.313611 0.111314 0.112616 0.00205629
1 0.0672223 0.313729 0.11175 0.112301 0.0020257
12 0.93595 0.0648161 0.1134 0.113393 0.00200577
11 0.687878 0.685545 0.11247 0.114054 0.00200479
3 0.315206 0.809792 0.113073 0.112604 0.00192944
10 0.315067 0.685534 0.111154 0.113002 0.00192259
0 0.688105 0.561428 0.110515 0.113639 0.00192224
11 0.811728 0.313477 0.111994 0.113027 0.00188622
10 0.191766 0.933578 0.11153 0.111948 0.00187438
4 0.31568 0.56159 0.111805 0.112372 0.00185857
0 0.688078 0.0644214 0.111133 0.112545 0.0018347
12 0.439181 0.0646297 0.112826 0.112573 0.00183151
12 0.811605 0.933998 0.111712 0.113007 0.00182322
2 0.439164 0.684995 0.111766 0.112105 0.00179422
4 0.811548 0.189182 0.112821 0.113341 0.00176826
10 0.687866 0.933903 0.10986 0.11374 0.00176517
4 0.687719 0.809635 0.11232 0.112895 0.00172963
12 0.439608 0.809794 0.112766 0.112896 0.00169028
11 0.438828 0.436549 0.110599 0.110935 0.00168148
1 0.687277 0.934331 0.11282 0.113228 0.00166781
4 0.19145 0.56173 0.111607 0.112305 0.00166229
7 0.315161 0.189281 0.112602 0.113619 0.00165108
12 0.316015 0.933424 0.112737 0.113887 0.00164593
12 0.191192 0.685106 0.11227 0.112764 0.00163756
0 0.936171 0.437168 0.110712 0.111624 0.00161122
3 0.563475 0.933747 0.111253 0.113745 0.00160727
6 0.93595 0.0648161 0.1134 0.113393 0.00159331
10 0.811939 0.6853 0.112412 0.113528 0.00159039
1 0.563603 0.436791 0.112427 0.113718 0.00154879
11 0.439163 0.933565 0.111956 0.112909 0.00149763
6 0.191394 0.560814 0.111278 0.112689 0.0014945
3 0.0666072 0.313384 0.113325 0.112505 0.00148045
0 0.813088 0.561872 0.112289 0.111457 0.00147963
11 0.563756 0.0649976 0.112566 0.113663 0.00147186
4 0.0666105 0.189762 0.11313 0.112446 0.00146582
2 0.563469 0.561049 0.111926 0.112131 0.00145555
11 0.563471 0.31316 0.11306 0.112886 0.00144313
7 0.0673595 0.0647903 0.11206 0.114129 0.00143302
3 0.563753 0.437182 0.111909 0.11264 0.00143192
7 0.0667629 0.560911 0.11198 0.112836 0.00142512
9 0.813093 0.437635 0.110073 0.110924 0.00141065
13 0.935022 0.189253 0.113991 0.113777 0.00138883
3 0.191332 0.685351 0.111636 0.111818 0.00138414
13 0.0667543 0.561505 0.112053 0.112082 0.0013658
2 0.563573 0.809206 0.111652 0.112192 0.00136362
9 0.688149 0.809843 0.112455 0.11237 0.00135944
4 0.935935 0.933342 0.112851 0.113674 0.00134475
4 0.438912 0.43791 0.110794 0.110315 0.00134237
1 0.936038 0.0647433 0.11227 0.112831 0.00134223
10 0.439004 0.437141 0.112839 0.111995 0.00133908
5 0.315127 0.809501 0.11238 0.111991 0.00131387
11 0.936231 0.561374 0.111404 0.114689 0.00130511
6 0.0670587 0.934484 0.113128 0.113586 0.00129779
3 0.687708 0.560928 0.111905 0.113375 0.00128743
1 0.688024 0.80962 0.1121 0.112342 0.00126843
9 0.811722 0.685572 0.111011 0.111761 0.00126686
9 0.191706 0.933689 0.111552 0.112327 0.00125925
1 0.191469 0.43786 0.111487 0.111587 0.00124386
13 0.314712 0.188617 0.112086 0.111767 0.00123641
1 0.563692 0.933671 0.113639 0.113998 0.00123493
7 0.687828 0.313911 0.111899 0.113469 0.00122751
11 0.687422 0.189385 0.112395 0.113238 0.00122236
0 0.936238 0.313345 0.113593 0.112465 0.00121231
2 0.191848 0.438073 0.112233 0.112293 0.00120744
1 0.811592 0.933723 0.112074 0.112922 0.00117852
3 0.688119 0.0646878 0.113053 0.112534 0.0011647
12 0.191848 0.438073 0.112233 0.112293 0.00114708
11 0.688271 0.437596 0.112428 0.113304 0.00114166
11 0.93599 0.436979 0.112966 0.113029 0.00113992
7 0.0664766 0.685348 0.112264 0.11307 0.00113287
12 0.0668897 0.436534 0.11149 0.114544 0.00112267
5 0.315352 0.189256 0.112541 0.112343 0.00111674
2 0.813084 0.934096 0.111648 0.109799 0.00111653
5 0.563753 0.933911 0.113271 0.112878 0.00111161
7 0.0665242 0.934031 0.113109 0.113605 0.00110461
2 0.56355 0.685055 0.11196 0.11237 0.00109958
2 0.811503 0.684971 0.110712 0.1131 0.00109923
8 0.563492 0.436906 0.112379 0.112469 0.00109615
0 0.191013 0.189221 0.112349 0.112499 0.00109453
1 0.812213 0.43748 0.112555 0.112754 0.00109092
4 0.811605 0.933998 0.111712 0.113007 0.00108917
13 0.0673487 0.0649483 0.112451 0.112696 0.00108321
1 0.315508 0.809205 0.113013 0.111847 0.00106629
12 0.6881 0.313329 0.112455 0.113582 0.00106412
10 0.688119 0.0646878 0.113053 0.112534 0.00106298
0 0.936671 0.561739 0.111878 0.113554 0.00106288
2 0.813093 0.437635 0.110073 0.110924 0.00105873
2 0.439218 0.933435 0.112516 0.112988 0.00105689
5 0.191447 0.933653 0.112327 0.113723 0.00105124
11 0.5636 0.56089 0.110636 0.112868 0.00104806
11 0.688113 0.0643348 0.112493 0.112513 0.00103301
10 0.811296 0.809081 0.112866 0.113233 0.00102786
11 0.066304 0.437907 0.113296 0.112303 0.00102735
8 0.563764 0.933706 0.112848 0.112628 0.00101229
13 0.31498 0.685594 0.111641 0.112751 0.00100488
