9 0.439139 0.933903 0.11229 0.113785 0.986673
7 0.3156 0.934184 0.1115 0.112699 0.986553
9 0.315297 0.685134 0.111884 0.11238 0.986003
6 0.439462 0.809358 0.11183 0.112406 0.985697
9 0.936235 0.809821 0.112892 0.111857 0.985457
3 0.191437 0.561398 0.110913 0.11307 0.985257
7 0.191526 0.933952 0.111835 0.112612 0.98492
6 0.0671264 0.933895 0.113631 0.113717 0.984884
11 0.315811 0.810102 0.111464 0.111498 0.9846
7 0.191236 0.685197 0.112163 0.112169 0.984202
2 0.687495 0.80982 0.112529 0.113291 0.983663
10 0.563567 0.933591 0.111418 0.113061 0.983599
6 0.19145 0.188672 0.112268 0.112555 0.983333
4 0.191632 0.437107 0.112915 0.113171 0.983181
6 0.316221 0.56144 0.11215 0.112464 0.983173
11 0.314846 0.0647954 0.111742 0.111548 0.982744
4 0.936058 0.934367 0.1137 0.113221 0.982705
4 0.0671187 0.313494 0.113801 0.113 0.982568
3 0.31544 0.189027 0.11163 0.114108 0.982472
13 0.0674496 0.561815 0.113022 0.112994 0.982446
10 0.0673517 0.809662 0.113058 0.113021 0.982417
2 0.190966 0.0645065 0.11222 0.113169 0.98216
11 0.812165 0.933954 0.112209 0.111941 0.982072
2 0.315306 0.437116 0.112696 0.112706 0.98159
13 0.0674848 0.685495 0.112336 0.112231 0.981332
7 0.439309 0.31337 0.11296 0.112707 0.981325
2 0.191068 0.809339 0.113277 0.112952 0.981304
2 0.0667084 0.188893 0.112217 0.112097 0.981294
1 0.191207 0.313301 0.111647 0.111864 0.981267
0 0.687806 0.933677 0.112327 0.112705 0.981256
11 0.439323 0.0648147 0.111196 0.11169 0.981207
3 0.563365 0.685437 0.112929 0.113177 0.980702
12 0.0675259 0.437219 0.111921 0.112044 0.980167
6 0.56392 0.561452 0.112683 0.112737 0.980079
8 0.0669738 0.0648891 0.112233 0.113457 0.979992
9 0.687774 0.313594 0.112143 0.112109 0.97998
6 0.563746 0.188895 0.111755 0.112366 0.979596
3 0.439425 0.188598 0.112372 0.113254 0.979405
5 0.687786 0.0651916 0.110986 0.111896 0.979224
11 0.811987 0.685393 0.112618 0.112753 0.97914
1 0.563518 0.437245 0.112813 0.113203 0.978759
0 0.812152 0.809677 0.113457 0.113491 0.978611
4 0.936828 0.561335 0.113719 0.113745 0.978601
12 0.812086 0.0645316 0.11298 0.112869 0.978573
3 0.687878 0.437401 0.111114 0.111842 0.978451
0 0.687739 0.68535 0.112424 0.11299 0.978448
9 0.811838 0.561684 0.112442 0.112195 0.978409
2 0.687865 0.561512 0.112178 0.112573 0.97826
12 0.936465 0.685595 0.112945 0.112674 0.978129
8 0.564134 0.80993 0.111221 0.113932 0.978091
0 0.439543 0.437277 0.111977 0.113638 0.978071
0 0.68787 0.188876 0.112432 0.113111 0.978053
10 0.563945 0.312937 0.112759 0.113357 0.977998
10 0.936535 0.188353 0.112914 0.113428 0.977956
8 0.31523 0.313604 0.112088 0.111865 0.977952
5 0.936438 0.437042 0.112523 0.112414 0.977948
3 0.936324 0.313473 0.111861 0.112677 0.977845
8 0.563727 0.0644737 0.111731 0.113373 0.977627
8 0.439146 0.685377 0.111134 0.111781 0.977616
8 0.439692 0.561076 0.112076 0.113955 0.977303
7 0.812225 0.188643 0.112464 0.113416 0.977292
8 0.811697 0.312941 0.111278 0.112204 0.976979
11 0.936371 0.0644589 0.112899 0.112984 0.976879
10 0.812767 0.437079 0.111966 0.113057 0.97328
2 0.439567 0.561221 0.111676 0.112476 0.030436
4 0.812287 0.437819 0.110632 0.112839 0.0273506
2 0.315335 0.313281 0.111662 0.11208 0.0253935
3 0.936162 0.809883 0.111433 0.114524 0.0235735
8 0.813084 0.933468 0.110904 0.114688 0.0229785
2 0.439619 0.685543 0.112291 0.112353 0.0213304
2 0.812018 0.313382 0.113533 0.112993 0.0205366
4 0.563518 0.313698 0.1107 0.113324 0.0156513
13 0.936345 0.188432 0.111996 0.111375 0.012543
6 0.0674236 0.437585 0.112757 0.111934 0.0121083
2 0.563787 0.0646231 0.111378 0.113335 0.0106175
4 0.563931 0.933635 0.111936 0.112634 0.0102151
4 0.0668667 0.808972 0.114137 0.112765 0.00970315
12 0.811547 0.188874 0.111551 0.113202 0.00908284
5 0.811888 0.685577 0.112441 0.111581 0.0090232
4 0.935655 0.189095 0.11378 0.113145 0.00809039
2 0.0663757 0.0645012 0.114195 0.1137 0.00706331
3 0.811498 0.561818 0.111046 0.112695 0.00678922
12 0.936186 0.809849 0.111505 0.113904 0.00618347
5 0.935655 0.189095 0.11378 0.113145 0.00520233
2 0.563855 0.809838 0.111981 0.112031 0.00481758
3 0.315297 0.685134 0.111884 0.11238 0.00473195
12 0.564139 0.313502 0.112451 0.1128 0.00446485
1 0.936987 0.561295 0.114043 0.114207 0.00432137
12 0.811498 0.561818 0.111046 0.112695 0.00420324
5 0.686847 0.809624 0.115341 0.112755 0.00405838
0 0.688053 0.313229 0.110978 0.112928 0.003991
1 0.439601 0.436885 0.112301 0.114156 0.00390511
7 0.191128 0.43733 0.111581 0.11241 0.00389956
9 0.811538 0.933129 0.111034 0.111726 0.00388993
1 0.191597 0.437046 0.114404 0.113916 0.00378307
1 0.687729 0.685188 0.112679 0.11225 0.00377975
5 0.935819 0.0651935 0.11247 0.112221 0.00376672
5 0.439761 0.0647403 0.111892 0.112128 0.00373834
7 0.811685 0.436791 0.111863 0.113616 0.00371196
5 0.812165 0.933954 0.112209 0.111941 0.00349801
2 0.813087 0.933164 0.111772 0.113696 0.00345368
1 0.688137 0.809517 0.113941 0.114351 0.00339582
12 0.812384 0.437428 0.111928 0.112299 0.00337264
3 0.315572 0.437503 0.11325 0.112571 0.00335857
5 0.812384 0.437428 0.111928 0.112299 0.00334491
12 0.564146 0.933706 0.112654 0.112952 0.00316672
3 0.0671264 0.933895 0.113631 0.113717 0.00315944
10 0.935694 0.43713 0.111102 0.111606 0.00305933
1 0.688137 0.561345 0.1131 0.113789 0.00304394
1 0.688077 0.188302 0.112 0.112994 0.00296773
2 0.688183 0.437672 0.111113 0.111682 0.00294726
1 0.315225 0.437886 0.110955 0.109768 0.00289486
10 0.0667431 0.561175 0.11446 0.113352 0.00285272
8 0.811373 0.68506 0.11129 0.11149 0.00283524
1 0.0676238 0.313241 0.114227 0.113314 0.00275661
13 0.811696 0.437181 0.111215 0.11214 0.00264257
5 0.686857 0.561709 0.115326 0.111863 0.00261877
12 0.687891 0.313499 0.110883 0.112433 0.00261518
3 0.191068 0.809339 0.113277 0.112952 0.00259209
7 0.564128 0.933023 0.113415 0.113192 0.00256469
12 0.687878 0.437401 0.111114 0.111842 0.00254821
13 0.563151 0.312857 0.111579 0.1121 0.00249416
2 0.688169 0.0645638 0.11141 0.111488 0.00245568
12 0.439452 0.188422 0.111949 0.112755 0.0024282
1 0.0668151 0.189302 0.112077 0.112136 0.00230311
3 0.687951 0.809127 0.111329 0.112961 0.00224387
3 0.563877 0.188473 0.111816 0.112788 0.00223696
7 0.563807 0.313436 0.113109 0.112914 0.00223438
5 0.066855 0.188708 0.11275 0.112526 0.0021821
3 0.688169 0.0645638 0.11141 0.111488 0.00218099
4 0.315954 0.933838 0.111607 0.11305 0.0021281
12 0.31619 0.685206 0.111435 0.112668 0.00211879
3 0.440005 0.809226 0.111784 0.112516 0.00211796
1 0.936376 0.933974 0.112656 0.114369 0.00207668
13 0.8115 0.0651243 0.11167 0.112096 0.00204683
6 0.936136 0.685525 0.112361 0.111828 0.00204478
10 0.935819 0.0651935 0.11247 0.112221 0.00203625
11 0.81209 0.31319 0.112472 0.11298 0.00202875
6 0.191128 0.43733 0.111581 0.11241 0.00202658
4 0.688169 0.0645638 0.11141 0.111488 0.00202575
5 0.191427 0.809368 0.112253 0.111881 0.00201936
0 0.813027 0.561928 0.111427 0.111501 0.00201714
7 0.935764 0.934 0.111796 0.112447 0.00197736
10 0.811649 0.933218 0.110278 0.111242 0.00197322
2 0.936479 0.809907 0.111424 0.112086 0.00196324
1 0.812012 0.809545 0.113105 0.113076 0.00193788
3 0.439139 0.933903 0.11229 0.113785 0.00190389
0 0.563766 0.436717 0.112542 0.11309 0.00187551
3 0.315683 0.560866 0.112976 0.11312 0.00185321
6 0.936164 0.313184 0.111824 0.113741 0.00182804
3 0.564313 0.561048 0.112284 0.112957 0.00182524
7 0.0674681 0.809118 0.113096 0.113514 0.00181667
10 0.811454 0.685294 0.110733 0.111736 0.00179034
11 0.439142 0.561018 0.111681 0.112082 0.00178522
13 0.563806 0.933609 0.111845 0.111552 0.00176883
13 0.0669348 0.80971 0.112782 0.112889 0.00174768
11 0.439301 0.685215 0.112488 0.111884 0.0017347
8 0.688053 0.313229 0.110978 0.112928 0.00172764
9 0.811373 0.68506 0.11129 0.11149 0.00171824
9 0.688283 0.436749 0.110377 0.113641 0.00170752
4 0.191919 0.933763 0.111959 0.112862 0.00165251
12 0.439526 0.313493 0.112001 0.111944 0.00165051
12 0.191762 0.560983 0.111562 0.111885 0.00164411
3 0.68781 0.561476 0.11215 0.112371 0.00163027
11 0.563855 0.809838 0.111981 0.112031 0.00159689
6 0.688144 0.437982 0.111487 0.112081 0.00158558
3 0.19104 0.189006 0.111701 0.112371 0.00158003
8 0.936136 0.0645841 0.111196 0.111156 0.00157851
1 0.936324 0.313073 0.111434 0.112213 0.00157402
12 0.0666812 0.685285 0.111638 0.112063 0.00154737
12 0.936293 0.31331 0.110881 0.113426 0.00154537
6 0.811502 0.188725 0.112855 0.112741 0.00153836
7 0.8115 0.0651243 0.11167 0.112096 0.00151062
3 0.687804 0.313532 0.110795 0.112631 0.00149407
4 0.687951 0.809127 0.111329 0.112961 0.00148033
1 0.190962 0.064758 0.112211 0.111802 0.00147459
7 0.935893 0.56126 0.111469 0.112418 0.00140731
13 0.811604 0.188564 0.111518 0.113283 0.00140391
4 0.56378 0.437319 0.112444 0.112566 0.00138047
4 0.936582 0.437856 0.110967 0.111368 0.00137473
1 0.191384 0.809314 0.11237 0.113068 0.00137399
12 0.315051 0.188308 0.111644 0.1126 0.00136347
1 0.687978 0.933788 0.111234 0.112046 0.00135612
12 0.0669588 0.561555 0.112283 0.11226 0.00135044
7 0.935904 0.188002 0.113029 0.114523 0.00134604
10 0.0666901 0.685039 0.11353 0.112613 0.00134186
11 0.315164 0.313447 0.111928 0.111688 0.00133991
11 0.563787 0.0646231 0.111378 0.113335 0.00133729
12 0.935655 0.189095 0.11378 0.113145 0.00133061
5 0.315473 0.809858 0.113069 0.11256 0.0013265
1 0.563675 0.685702 0.111946 0.112334 0.00132448
8 0.688142 0.561416 0.111201 0.113187 0.00129773
10 0.936376 0.933974 0.112656 0.114369 0.00128
0 0.191211 0.313372 0.110664 0.112417 0.00127289
7 0.0673562 0.561011 0.112314 0.113327 0.00124439
12 0.440136 0.934074 0.112892 0.112536 0.00124084
2 0.066871 0.313318 0.113211 0.113253 0.00120809
9 0.936467 0.31335 0.111499 0.113341 0.00120537
8 0.688141 0.809633 0.112338 0.113319 0.00120032
5 0.315251 0.0648557 0.112626 0.112578 0.0011968
2 0.936987 0.561295 0.114043 0.114207 0.00118591
5 0.564146 0.933706 0.112654 0.112952 0.00115773
6 0.936512 0.561329 0.11375 0.113022 0.00114875
4 0.688151 0.437368 0.111801 0.113335 0.00114003
7 0.0662704 0.312892 0.11272 0.113247 0.00113926
9 0.563953 0.685493 0.112055 0.113406 0.00111747
10 0.439526 0.313493 0.112001 0.111944 0.00110941
11 0.936061 0.436522 0.112066 0.111169 0.00110759
5 0.0663739 0.313252 0.112934 0.112911 0.00109751
3 0.936061 0.436522 0.112066 0.111169 0.00109225
12 0.191524 0.685451 0.111627 0.112148 0.00108508
7 0.936153 0.685453 0.110596 0.114596 0.00107678
4 0.191283 0.313688 0.11176 0.112883 0.00107106
10 0.688169 0.0645638 0.11141 0.111488 0.00106377
5 0.56319 0.312994 0.111925 0.111773 0.00106227
5 0.191872 0.0647343 0.111145 0.111296 0.00104061
9 0.936136 0.0645841 0.111196 0.111156 0.00103952
0 0.0665236 0.0651726 0.112296 0.11229 0.00103444
6 0.936058 0.934367 0.1137 0.113221 0.00100885
3 0.190589 0.0646624 0.112848 0.113042 0.00100774
1 0.191654 0.56117 0.11188 0.112158 0.00100468
2 0.563594 0.685576 0.111622 0.112671 0.00100311
