3 0.56392 0.809288 0.112895 0.112187 0.987376
4 0.316055 0.934012 0.112003 0.112435 0.986582
9 0.688091 0.934097 0.112721 0.113051 0.986317
8 0.439396 0.685471 0.112584 0.112071 0.985591
5 0.936786 0.809314 0.112597 0.112893 0.985564
5 0.191961 0.933883 0.112259 0.114145 0.985535
2 0.563664 0.685328 0.111535 0.112154 0.985419
7 0.439703 0.80955 0.111812 0.11217 0.984825
7 0.315519 0.809483 0.112286 0.111938 0.984798
2 0.56328 0.0651272 0.11146 0.112584 0.984793
5 0.812235 0.934074 0.112291 0.113319 0.984566
6 0.44003 0.933924 0.111584 0.112771 0.984448
3 0.0670649 0.934101 0.113767 0.114223 0.984255
6 0.315412 0.685436 0.110761 0.111197 0.984198
9 0.191701 0.188862 0.11269 0.111852 0.983565
1 0.19129 0.809295 0.111747 0.112464 0.983241
7 0.3149 0.0648734 0.11257 0.112293 0.983149
7 0.688228 0.809734 0.112001 0.11276 0.983144
8 0.936099 0.934153 0.113822 0.113598 0.98292
4 0.315593 0.189012 0.113426 0.113184 0.98287
8 0.812184 0.0652787 0.113454 0.113106 0.982678
8 0.0666477 0.0651178 0.114839 0.114299 0.982553
7 0.315615 0.561549 0.112841 0.111286 0.982519
4 0.0670298 0.313432 0.113354 0.112272 0.982441
3 0.439844 0.561283 0.111155 0.112158 0.982265
4 0.19152 0.0649857 0.112429 0.112748 0.982153
1 0.191496 0.561517 0.112069 0.11263 0.982104
1 0.0671776 0.437578 0.112906 0.112791 0.981806
4 0.439462 0.312921 0.112995 0.113075 0.981783
10 0.439483 0.0646121 0.110917 0.112424 0.981591
2 0.0670398 0.561687 0.112661 0.113059 0.981477
2 0.563166 0.189566 0.111253 0.112638 0.981212
2 0.191273 0.437244 0.112348 0.112734 0.981147
1 0.191196 0.313293 0.112051 0.112421 0.981111
5 0.687828 0.0652279 0.111518 0.113395 0.980927
3 0.439336 0.189147 0.111588 0.112526 0.980685
1 0.0673935 0.188631 0.1122 0.112945 0.980676
8 0.067033 0.809742 0.114032 0.113116 0.98058
0 0.191537 0.685103 0.112169 0.111799 0.980526
13 0.0673508 0.685352 0.113028 0.111417 0.980423
9 0.439479 0.437612 0.11116 0.111557 0.979967
6 0.564346 0.437269 0.112304 0.112572 0.979794
2 0.687777 0.685435 0.111848 0.111994 0.979787
8 0.315394 0.437683 0.112901 0.112491 0.979696
12 0.812726 0.809482 0.111842 0.112744 0.979684
8 0.315284 0.313642 0.112889 0.112388 0.979581
13 0.936082 0.0654485 0.113225 0.113497 0.979463
8 0.687815 0.189606 0.11291 0.112899 0.979156
6 0.812713 0.437126 0.112405 0.111595 0.979033
11 0.812341 0.685057 0.112422 0.113177 0.978857
0 0.936111 0.685035 0.11338 0.112187 0.97869
12 0.812266 0.561553 0.11309 0.112851 0.978552
12 0.688119 0.561269 0.111794 0.112268 0.978505
9 0.936127 0.189057 0.110645 0.112181 0.978476
12 0.564405 0.933404 0.112356 0.113453 0.978326
10 0.936715 0.561109 0.113184 0.11349 0.97806
8 0.564102 0.561554 0.112286 0.112439 0.978036
0 0.563621 0.313117 0.112107 0.113671 0.977895
13 0.812334 0.188849 0.112008 0.112445 0.977798
4 0.936678 0.312599 0.113366 0.113051 0.977794
7 0.936347 0.437232 0.113019 0.112934 0.977789
8 0.687972 0.4374 0.112204 0.11244 0.977392
8 0.811878 0.313165 0.110939 0.111991 0.97714
8 0.687937 0.313673 0.111756 0.11223 0.977004
2 0.688252 0.313062 0.112442 0.112343 0.0105476
2 0.811962 0.0652908 0.112185 0.113017 0.00833722
3 0.688281 0.685272 0.111882 0.112078 0.0075393
12 0.812027 0.188675 0.11161 0.111826 0.00601913
8 0.688631 0.933827 0.112477 0.112092 0.00582521
4 0.440189 0.0643986 0.11145 0.112789 0.0055164
1 0.563795 0.312575 0.112292 0.113128 0.00538706
2 0.68819 0.188864 0.113026 0.112654 0.00530396
3 0.812294 0.436726 0.112364 0.111977 0.00466951
1 0.936687 0.313261 0.112937 0.113163 0.00461178
1 0.43967 0.313401 0.111749 0.112462 0.00437217
1 0.0667228 0.313302 0.111532 0.111593 0.00437105
9 0.811878 0.313855 0.112809 0.111809 0.00432826
1 0.315378 0.189028 0.111576 0.111809 0.00429142
2 0.563798 0.561434 0.110868 0.112666 0.00427959
3 0.0665956 0.561242 0.115294 0.112683 0.00414772
3 0.56422 0.436896 0.111817 0.112637 0.00405384
1 0.190996 0.0647922 0.110856 0.11127 0.00396625
3 0.315417 0.685071 0.110946 0.111615 0.00393721
2 0.813194 0.933525 0.111562 0.114683 0.00376935
6 0.688178 0.561585 0.111462 0.11263 0.00375436
2 0.688219 0.43719 0.111529 0.112552 0.0035593
2 0.0669526 0.0648501 0.113924 0.113678 0.00355915
10 0.811606 0.685181 0.110646 0.112925 0.00353306
5 0.812178 0.685325 0.112259 0.111798 0.00352506
10 0.812915 0.809131 0.111886 0.112314 0.0034563
6 0.563899 0.933648 0.111167 0.113068 0.00345485
1 0.315662 0.93413 0.111991 0.112782 0.00328048
3 0.56435 0.685123 0.111536 0.112015 0.00325028
2 0.0668325 0.809384 0.114143 0.112289 0.00311327
4 0.811535 0.437355 0.113583 0.111711 0.00298375
3 0.440308 0.933884 0.112633 0.113845 0.0029269
0 0.688647 0.933578 0.112532 0.11216 0.00291868
11 0.81316 0.933872 0.111046 0.11321 0.00280989
2 0.812582 0.313112 0.112174 0.11201 0.00277463
2 0.315902 0.436987 0.111503 0.112372 0.00267731
1 0.191221 0.437939 0.110519 0.110407 0.00265211
0 0.813042 0.31367 0.112139 0.115738 0.00262223
0 0.687565 0.438117 0.110765 0.112307 0.0025783
1 0.564482 0.436753 0.109378 0.112547 0.00252107
0 0.315078 0.438118 0.111293 0.113309 0.00251702
11 0.563984 0.561338 0.110993 0.112405 0.00242571
2 0.440006 0.685624 0.112078 0.113217 0.00241969
8 0.8123 0.685026 0.112639 0.113082 0.00239091
3 0.563886 0.189646 0.112296 0.112884 0.00238291
11 0.68819 0.188864 0.113026 0.112654 0.00236611
0 0.44002 0.437943 0.110125 0.111925 0.00236582
9 0.687818 0.313854 0.112396 0.111767 0.00229482
1 0.564131 0.685154 0.112238 0.112958 0.00225209
7 0.315412 0.685436 0.110761 0.111197 0.00224585
1 0.191472 0.685118 0.112144 0.112721 0.00222832
7 0.811526 0.81046 0.112878 0.113133 0.00214349
12 0.0669738 0.685734 0.111103 0.111561 0.00211448
1 0.563609 0.188869 0.112235 0.112725 0.00210778
1 0.688359 0.685622 0.112137 0.11326 0.00207182
1 0.56378 0.0644876 0.111757 0.113434 0.00202775
2 0.0667228 0.313302 0.111532 0.111593 0.00193932
8 0.439774 0.438022 0.111318 0.112484 0.00190462
4 0.315965 0.809495 0.111879 0.112476 0.00188836
11 0.687953 0.438254 0.112824 0.112932 0.00187589
9 0.687906 0.437788 0.112994 0.111826 0.0017929
2 0.315446 0.313215 0.113058 0.112496 0.00177479
5 0.688359 0.685622 0.112137 0.11326 0.00176482
4 0.688124 0.809375 0.112525 0.113108 0.00176424
1 0.563856 0.809509 0.11146 0.111679 0.00176178
11 0.812025 0.313924 0.112837 0.11331 0.00175149
7 0.0667228 0.313302 0.111532 0.111593 0.00173907
5 0.067312 0.560939 0.113283 0.11594 0.00173581
10 0.688268 0.0648763 0.111725 0.11244 0.00170034
6 0.935887 0.437209 0.112951 0.113058 0.0016844
0 0.191554 0.189107 0.112212 0.112286 0.00167235
12 0.935981 0.437438 0.112773 0.113497 0.00165727
11 0.688252 0.313062 0.112442 0.112343 0.00165124
11 0.439906 0.685609 0.111984 0.113104 0.00164743
11 0.315548 0.437695 0.112283 0.111886 0.00163929
4 0.440011 0.809308 0.112093 0.112614 0.00162574
3 0.191267 0.437771 0.113147 0.112013 0.00162566
3 0.687993 0.561175 0.110344 0.112629 0.00154523
13 0.439874 0.0646633 0.110739 0.111435 0.00153353
0 0.0664907 0.43642 0.114375 0.112299 0.00151252
9 0.68801 0.189582 0.112699 0.112223 0.00148768
7 0.811628 0.437008 0.111452 0.113316 0.00146378
0 0.0669416 0.188584 0.112444 0.112413 0.00146081
11 0.0674044 0.68539 0.1125 0.111881 0.00145098
11 0.812184 0.0652787 0.113454 0.113106 0.00144945
12 0.936129 0.188951 0.111268 0.111598 0.00143958
6 0.936557 0.313064 0.113037 0.112195 0.00143669
7 0.563896 0.436994 0.111622 0.111995 0.00139995
7 0.688183 0.561503 0.111122 0.112274 0.0013875
2 0.81188 0.685263 0.112477 0.112517 0.00138173
10 0.936476 0.809836 0.11197 0.112454 0.00137175
7 0.439431 0.0648407 0.111512 0.112999 0.00135867
13 0.811526 0.81046 0.112878 0.113133 0.00135549
3 0.564087 0.0652294 0.112329 0.113229 0.00134754
0 0.688211 0.313501 0.112976 0.114304 0.00133795
10 0.191681 0.934179 0.112704 0.113092 0.00133478
9 0.935946 0.934128 0.111728 0.112295 0.00132666
13 0.936478 0.561239 0.111863 0.111326 0.00132115
9 0.0668188 0.933613 0.11272 0.112441 0.00131816
3 0.811526 0.81046 0.112878 0.113133 0.00131567
7 0.811459 0.561878 0.111967 0.113046 0.00130736
3 0.812224 0.561214 0.111078 0.112396 0.00129384
12 0.439771 0.189118 0.111728 0.112461 0.0012896
12 0.440102 0.0647026 0.112324 0.113304 0.001289
0 0.0676681 0.0650448 0.112138 0.11287 0.00128602
12 0.440067 0.436704 0.111458 0.111837 0.00127482
5 0.0674656 0.933612 0.112867 0.11293 0.0012748
5 0.0665783 0.313332 0.112242 0.112458 0.00126951
7 0.19162 0.0649033 0.111952 0.112528 0.00126498
2 0.688268 0.0648763 0.111725 0.11244 0.00126218
0 0.688267 0.189194 0.113484 0.114057 0.00125324
11 0.686791 0.0650522 0.109416 0.110397 0.00125236
5 0.936113 0.561621 0.111547 0.112159 0.00125182
1 0.439858 0.56137 0.111887 0.112285 0.00125087
0 0.813045 0.0653334 0.110868 0.11357 0.0012366
12 0.936381 0.561311 0.113798 0.112352 0.00123112
9 0.811995 0.0655598 0.11255 0.112033 0.00122525
1 0.067153 0.561175 0.112877 0.112911 0.00122313
3 0.688245 0.06509 0.112175 0.113919 0.00122158
9 0.8115 0.685034 0.111392 0.112549 0.00121239
11 0.936368 0.933672 0.113456 0.113321 0.00120324
0 0.191401 0.561235 0.112471 0.113028 0.00119094
7 0.936557 0.313064 0.113037 0.112195 0.00118606
11 0.936082 0.0654485 0.113225 0.113497 0.00118604
0 0.191161 0.313352 0.111209 0.112732 0.0011754
2 0.315378 0.189028 0.111576 0.111809 0.00117336
1 0.81295 0.436588 0.109309 0.111583 0.0011695
8 0.19091 0.438034 0.111642 0.112654 0.00116569
10 0.812146 0.934053 0.11171 0.11239 0.00115957
0 0.315706 0.31393 0.111579 0.112427 0.00115062
8 0.191643 0.189068 0.111786 0.111792 0.00114885
0 0.191245 0.809328 0.112361 0.113237 0.00114302
9 0.936181 0.68518 0.11207 0.112423 0.00114031
3 0.81316 0.933872 0.111046 0.11321 0.00113382
4 0.315544 0.561425 0.111796 0.112438 0.0011327
6 0.68845 0.809981 0.11394 0.11359 0.0011195
4 0.191259 0.313677 0.112058 0.113251 0.00111737
2 0.190996 0.0647922 0.110856 0.11127 0.00111675
5 0.191094 0.43683 0.111171 0.113089 0.00111502
4 0.19129 0.809295 0.111747 0.112464 0.00111032
11 0.0668325 0.809384 0.114143 0.112289 0.00109804
2 0.936687 0.313261 0.112937 0.113163 0.00109355
4 0.936051 0.437015 0.112613 0.111912 0.00108811
11 0.812388 0.189432 0.113092 0.112827 0.0010849
11 0.687984 0.933953 0.111463 0.111281 0.00108164
4 0.688268 0.0648763 0.111725 0.11244 0.0010752
4 0.191496 0.561517 0.112069 0.11263 0.00107272
7 0.067524 0.685423 0.112882 0.111923 0.00106656
2 0.936382 0.934143 0.111812 0.112606 0.00106576
3 0.936098 0.809729 0.113065 0.114006 0.00103538
8 0.0667337 0.561329 0.112933 0.113013 0.00103513
9 0.563961 0.561229 0.112284 0.112024 0.00101741
7 0.439798 0.31312 0.112428 0.112775 0.00101554
6 0.812719 0.561558 0.111845 0.112251 0.00100904
10 0.936136 0.0653428 0.11034 0.110783 0.00100458
