9 0.439019 0.933838 0.11212 0.112701 0.986934
12 0.315668 0.934018 0.112773 0.113613 0.986427
6 0.563612 0.933926 0.112281 0.113589 0.986037
0 0.93576 0.933333 0.112752 0.111731 0.985644
3 0.68758 0.809671 0.111818 0.112214 0.985592
4 0.936578 0.809431 0.112831 0.112875 0.98556
6 0.439171 0.064862 0.111919 0.112721 0.985062
6 0.68797 0.933582 0.11264 0.113649 0.98506
9 0.066849 0.685566 0.112151 0.111691 0.985025
6 0.563829 0.68515 0.11202 0.112428 0.984649
5 0.191876 0.933524 0.110999 0.113289 0.984603
7 0.0669636 0.313515 0.112799 0.111826 0.984086
1 0.315224 0.685131 0.112506 0.112538 0.984052
4 0.315694 0.188798 0.113233 0.112887 0.983579
10 0.315824 0.0645024 0.112545 0.112934 0.983539
1 0.191248 0.809326 0.111626 0.111869 0.98344
6 0.0671538 0.0644349 0.113232 0.113332 0.983222
5 0.0669774 0.437385 0.112301 0.112179 0.983099
5 0.191439 0.313271 0.1115 0.111998 0.982826
10 0.439471 0.809638 0.112578 0.113324 0.982686
13 0.191135 0.18947 0.11212 0.112752 0.982231
13 0.191241 0.0653785 0.112356 0.113442 0.982029
0 0.315176 0.80929 0.112098 0.112199 0.982003
9 0.811879 0.810013 0.11281 0.111617 0.981982
11 0.191067 0.560941 0.111714 0.111942 0.981603
2 0.811908 0.933777 0.112845 0.113478 0.981554
12 0.191254 0.437366 0.11219 0.112188 0.981488
10 0.439184 0.313085 0.111774 0.111383 0.981381
3 0.438765 0.189313 0.111784 0.112404 0.981236
12 0.315441 0.561674 0.112484 0.112278 0.98105
3 0.0670924 0.561557 0.112047 0.112908 0.980944
1 0.314971 0.437143 0.112472 0.112252 0.980871
11 0.190996 0.68487 0.111352 0.111848 0.980627
3 0.315035 0.313603 0.112175 0.11182 0.980488
2 0.0668896 0.189263 0.111347 0.111859 0.980482
13 0.0667676 0.809583 0.113553 0.113032 0.980371
5 0.68792 0.0653792 0.11034 0.111618 0.980315
9 0.439275 0.437755 0.111215 0.111577 0.980185
3 0.81185 0.0650141 0.112129 0.113207 0.980101
0 0.935828 0.685061 0.113223 0.111975 0.979991
10 0.687929 0.188731 0.112519 0.113733 0.979566
6 0.564031 0.313217 0.112812 0.11274 0.979458
8 0.0671431 0.93407 0.11331 0.113791 0.979203
12 0.563487 0.0647956 0.111456 0.112973 0.979186
11 0.687872 0.68534 0.112196 0.112301 0.979151
12 0.563604 0.561812 0.11226 0.112089 0.979119
12 0.563441 0.437321 0.112345 0.112315 0.978808
11 0.687782 0.43698 0.112392 0.113361 0.97869
0 0.439082 0.685092 0.11114 0.111652 0.978572
0 0.811901 0.312899 0.112107 0.112344 0.978507
1 0.936298 0.56147 0.11415 0.113429 0.978504
5 0.812243 0.561443 0.112221 0.112515 0.97846
1 0.936184 0.312883 0.113773 0.112405 0.978445
12 0.935769 0.0652088 0.112944 0.112386 0.978332
5 0.812398 0.436852 0.112291 0.112563 0.97829
8 0.439137 0.561472 0.112427 0.112246 0.97829
8 0.687972 0.561484 0.112633 0.113473 0.978152
8 0.564084 0.809649 0.111497 0.114064 0.977954
2 0.811801 0.685747 0.111935 0.112728 0.977831
3 0.935949 0.189261 0.111726 0.111829 0.977826
8 0.936256 0.436931 0.113114 0.113701 0.977612
8 0.563281 0.188952 0.111767 0.113577 0.97759
2 0.811264 0.188644 0.112243 0.112414 0.977526
2 0.687698 0.312893 0.112283 0.113552 0.977428
2 0.563645 0.80932 0.111749 0.112578 0.0338247
5 0.688043 0.685171 0.110768 0.111367 0.0259877
6 0.563626 0.437363 0.112185 0.112887 0.0222055
6 0.56378 0.561424 0.11253 0.113145 0.0179772
5 0.687784 0.437203 0.111806 0.112253 0.0159532
5 0.191198 0.68521 0.112111 0.112439 0.0148219
3 0.811838 0.189618 0.111287 0.112052 0.012318
5 0.190998 0.561282 0.11145 0.112178 0.0109989
2 0.0670306 0.933747 0.11375 0.113914 0.0109323
2 0.935924 0.436654 0.113925 0.112852 0.0102172
8 0.813094 0.933911 0.109864 0.111735 0.00864303
11 0.191937 0.933413 0.111535 0.111744 0.00770257
3 0.688113 0.313656 0.111529 0.11238 0.00733758
2 0.439668 0.56133 0.112678 0.112799 0.00663407
10 0.191907 0.933496 0.112061 0.11199 0.00619365
2 0.687965 0.561049 0.112803 0.112318 0.00574647
4 0.688183 0.809211 0.112125 0.112309 0.00574262
6 0.315498 0.561463 0.113254 0.113085 0.0050206
1 0.68745 0.313372 0.111155 0.112487 0.00482642
3 0.812343 0.933676 0.114465 0.11476 0.00466537
4 0.688197 0.189167 0.112693 0.114316 0.00444347
0 0.936045 0.313132 0.112741 0.111233 0.00418899
11 0.811649 0.437077 0.112268 0.111045 0.00414062
0 0.93641 0.560957 0.113754 0.11228 0.00366856
6 0.563487 0.0647956 0.111456 0.112973 0.00360385
6 0.191157 0.437301 0.113585 0.112539 0.00359607
5 0.811475 0.685494 0.113783 0.112613 0.00356131
2 0.0661296 0.561442 0.11435 0.112943 0.00355511
10 0.0672926 0.31349 0.114026 0.113618 0.0035352
2 0.56313 0.189626 0.111096 0.112884 0.00350582
3 0.811849 0.685527 0.111855 0.11123 0.00338025
4 0.066666 0.313503 0.112756 0.111149 0.00324083
2 0.813097 0.437194 0.112473 0.113326 0.00310943
11 0.811606 0.561602 0.111886 0.110963 0.00303551
1 0.811981 0.312532 0.111802 0.113056 0.00301241
5 0.811413 0.188922 0.113454 0.113458 0.00294515
10 0.06691 0.809252 0.111223 0.112087 0.00291048
2 0.936724 0.809565 0.113159 0.114061 0.00278408
0 0.688151 0.561618 0.112457 0.113944 0.00273248
8 0.811385 0.810054 0.112334 0.112433 0.00267745
2 0.688141 0.437247 0.11215 0.112945 0.0026765
7 0.06691 0.809252 0.111223 0.112087 0.0026182
6 0.936215 0.189166 0.112544 0.11327 0.00247788
1 0.811701 0.188938 0.112017 0.11265 0.00245595
2 0.688201 0.809551 0.111785 0.111693 0.00245302
2 0.688138 0.0648315 0.111886 0.111101 0.00243858
3 0.440121 0.0647293 0.11124 0.1126 0.00241929
2 0.68818 0.685325 0.112397 0.112553 0.00233239
6 0.439906 0.189133 0.111834 0.11249 0.0023272
1 0.439449 0.68514 0.111581 0.111938 0.00229961
12 0.811444 0.0649657 0.11318 0.112897 0.00224921
0 0.813043 0.809782 0.112613 0.110585 0.0022484
1 0.066577 0.189195 0.111705 0.1117 0.00218942
6 0.688201 0.809551 0.111785 0.111693 0.00218218
6 0.811444 0.0649657 0.11318 0.112897 0.00211857
3 0.813097 0.437194 0.112473 0.113326 0.00210013
1 0.315298 0.809271 0.111826 0.112656 0.0020636
8 0.066422 0.189014 0.112787 0.111394 0.00205756
1 0.315201 0.189046 0.112159 0.112343 0.00204468
0 0.439624 0.438126 0.114065 0.113615 0.00203703
1 0.936646 0.809084 0.112539 0.113148 0.00202617
3 0.688138 0.0648315 0.111886 0.111101 0.00202329
2 0.813099 0.561638 0.112838 0.113234 0.00191832
5 0.688161 0.188989 0.113035 0.113746 0.00190548
10 0.19139 0.560836 0.112309 0.112747 0.00185809
12 0.936001 0.189062 0.113917 0.11325 0.00178113
4 0.191124 0.313161 0.111595 0.111686 0.00177526
10 0.688163 0.436663 0.111514 0.112491 0.00176674
1 0.0664251 0.561434 0.113357 0.11285 0.00175512
6 0.0673954 0.56113 0.11258 0.112559 0.00175423
11 0.563961 0.809603 0.111968 0.113532 0.00173357
4 0.439233 0.313345 0.111543 0.112703 0.00173185
7 0.56402 0.313341 0.112251 0.112272 0.00172323
11 0.190737 0.189181 0.111865 0.111776 0.00169381
0 0.936136 0.43695 0.111184 0.111917 0.00168667
5 0.0665974 0.188459 0.113072 0.112875 0.0016671
4 0.688138 0.0648315 0.111886 0.111101 0.00165768
10 0.1911 0.685141 0.11243 0.112576 0.00165066
6 0.315451 0.313237 0.111915 0.112251 0.0016317
8 0.688074 0.313072 0.111622 0.113493 0.00161545
4 0.315824 0.0645024 0.112545 0.112934 0.00160828
1 0.688358 0.933486 0.112206 0.113582 0.00160413
10 0.191467 0.312923 0.111092 0.111399 0.00157704
3 0.0668526 0.436322 0.112157 0.11223 0.00157611
0 0.191083 0.809306 0.112082 0.112818 0.00155966
9 0.935923 0.93362 0.111346 0.111936 0.00155283
9 0.439784 0.561418 0.112099 0.112329 0.00154412
5 0.68807 0.313037 0.112994 0.113567 0.00152103
13 0.68773 0.188678 0.111973 0.112015 0.00151306
7 0.936079 0.809411 0.112879 0.113771 0.00150907
1 0.812507 0.933516 0.112899 0.113428 0.00150749
11 0.439545 0.561245 0.112193 0.114206 0.00149937
8 0.43952 0.438126 0.112838 0.112436 0.00149787
4 0.935769 0.0652088 0.112944 0.112386 0.00149347
11 0.0671431 0.93407 0.11331 0.113791 0.00148964
11 0.687825 0.561208 0.111708 0.113161 0.00148941
12 0.687601 0.809444 0.111645 0.112249 0.00148925
1 0.687898 0.809453 0.111922 0.111818 0.0014843
0 0.563326 0.188978 0.112982 0.113334 0.00147679
1 0.811475 0.685494 0.113783 0.112613 0.00147503
12 0.43952 0.438126 0.112838 0.112436 0.00141701
1 0.936069 0.189398 0.112073 0.112189 0.00138999
0 0.315439 0.436779 0.113223 0.113546 0.00137447
7 0.688335 0.933323 0.113834 0.113273 0.00136483
1 0.31468 0.31342 0.112128 0.112046 0.0013554
12 0.06691 0.809252 0.111223 0.112087 0.00133413
3 0.813099 0.561638 0.112838 0.113234 0.00132503
3 0.5638 0.436634 0.110386 0.112768 0.0013085
0 0.315376 0.685168 0.111895 0.112737 0.00126207
7 0.688197 0.189167 0.112693 0.114316 0.00125983
3 0.0671538 0.0644349 0.113232 0.113332 0.00123158
5 0.439286 0.313334 0.111345 0.111461 0.00123087
5 0.936401 0.809554 0.112554 0.111706 0.00122539
1 0.439325 0.18923 0.11196 0.11232 0.00121246
5 0.811646 0.933543 0.11517 0.1126 0.00120827
5 0.439564 0.809516 0.112316 0.112523 0.00120758
7 0.0665787 0.0646054 0.11394 0.113152 0.0012025
4 0.315343 0.437314 0.112707 0.113356 0.00117794
1 0.810975 0.0651348 0.111938 0.111961 0.00117623
3 0.563768 0.31335 0.111457 0.11284 0.00115932
12 0.439383 0.189388 0.111988 0.112747 0.00113789
10 0.315694 0.188798 0.113233 0.112887 0.00112929
11 0.563553 0.189618 0.111897 0.112578 0.00112138
10 0.688138 0.0648315 0.111886 0.111101 0.00112024
11 0.68811 0.0649915 0.112261 0.11283 0.00110144
4 0.315579 0.685207 0.111662 0.111881 0.00109605
11 0.811761 0.933404 0.113181 0.113523 0.00108875
11 0.439656 0.933646 0.113351 0.111962 0.00108331
0 0.066744 0.933957 0.112895 0.113169 0.00107789
13 0.439286 0.313334 0.111345 0.111461 0.00106217
8 0.439576 0.933653 0.113262 0.111958 0.00104612
10 0.811751 0.561356 0.110998 0.111524 0.00104548
11 0.190734 0.0652675 0.111877 0.111935 0.00104329
11 0.936007 0.436985 0.111525 0.114703 0.00104089
3 0.191124 0.313161 0.111595 0.111686 0.00102834
5 0.688238 0.809437 0.112358 0.111335 0.00102145
8 0.813051 0.685517 0.110039 0.111863 0.00102096
12 0.191244 0.188552 0.111468 0.111811 0.00101087
9 0.935939 0.685121 0.111908 0.111858 0.00100833
3 0.563952 0.561292 0.111801 0.113193 0.00100126
