3 0.439686 0.809635 0.113246 0.113624 0.986778
10 0.315666 0.809364 0.112262 0.11278 0.986727
2 0.439057 0.0652838 0.111747 0.112922 0.985567
6 0.56367 0.933638 0.111622 0.113478 0.985331
5 0.315884 0.68553 0.111141 0.112495 0.985156
8 0.315228 0.934161 0.112392 0.112205 0.985075
8 0.439391 0.934223 0.1126 0.112667 0.985068
6 0.191895 0.809385 0.11149 0.112654 0.984857
9 0.935929 0.809736 0.111858 0.112613 0.98464
13 0.439418 0.68518 0.112204 0.112833 0.984406
13 0.191114 0.685171 0.11226 0.112175 0.984275
5 0.0675345 0.561775 0.112529 0.112714 0.983586
7 0.315506 0.189256 0.111933 0.112586 0.98303
3 0.0673924 0.313519 0.112047 0.113447 0.982973
10 0.31528 0.56124 0.112111 0.111208 0.982781
6 0.563347 0.0647 0.11153 0.113696 0.98249
10 0.191245 0.0648487 0.110852 0.112203 0.982481
6 0.191736 0.188614 0.112275 0.113231 0.982459
2 0.0669317 0.437956 0.112962 0.113429 0.982254
12 0.315512 0.313632 0.112244 0.113087 0.982247
6 0.191432 0.437293 0.112461 0.112038 0.982183
11 0.315175 0.436924 0.111745 0.112399 0.982085
1 0.812316 0.933327 0.111778 0.113274 0.981986
12 0.315222 0.064811 0.110937 0.112634 0.98173
0 0.68815 0.933207 0.112042 0.112795 0.981573
2 0.191065 0.561163 0.111915 0.112557 0.981179
1 0.0668863 0.934096 0.112772 0.112784 0.981065
10 0.0674045 0.0649748 0.113938 0.113504 0.981019
4 0.0676256 0.189139 0.113475 0.113298 0.981001
2 0.0674066 0.809607 0.113488 0.113748 0.980904
9 0.563576 0.685242 0.110849 0.11277 0.980795
4 0.0676073 0.685132 0.113474 0.113063 0.980712
10 0.68781 0.0651584 0.110714 0.112608 0.980568
11 0.191588 0.933335 0.111852 0.113074 0.980398
4 0.936508 0.933751 0.11197 0.111837 0.980244
8 0.191378 0.31338 0.111748 0.112755 0.980175
1 0.687937 0.809501 0.111303 0.112659 0.98012
13 0.439224 0.561494 0.112734 0.113578 0.980024
9 0.563352 0.189129 0.11138 0.113806 0.979925
12 0.811665 0.0655515 0.112115 0.113575 0.979897
13 0.563461 0.313497 0.11239 0.113416 0.979706
0 0.564022 0.809363 0.11181 0.112993 0.979578
5 0.439113 0.313059 0.112061 0.113336 0.979526
3 0.812242 0.6856 0.112345 0.113177 0.979444
10 0.812095 0.18886 0.111833 0.113262 0.979402
11 0.563685 0.561287 0.112312 0.11347 0.97922
11 0.563459 0.437206 0.112109 0.113912 0.979176
7 0.687513 0.685281 0.112205 0.111983 0.979097
1 0.687663 0.313022 0.112354 0.112888 0.979061
3 0.687775 0.188576 0.111637 0.112662 0.978969
5 0.812071 0.436994 0.112552 0.113391 0.978847
3 0.93585 0.685653 0.112922 0.114423 0.978844
13 0.936034 0.31315 0.113588 0.113374 0.978748
8 0.439316 0.437139 0.113017 0.113186 0.978719
4 0.812336 0.561031 0.112696 0.113297 0.978703
6 0.812457 0.313016 0.112668 0.112803 0.97868
3 0.687811 0.561363 0.111588 0.112073 0.978674
3 0.687664 0.437609 0.111387 0.112163 0.978661
0 0.812058 0.809383 0.111533 0.112528 0.97824
3 0.936514 0.436959 0.112926 0.11407 0.978239
11 0.439124 0.189123 0.11151 0.11225 0.978109
4 0.936843 0.561089 0.113217 0.113123 0.977945
4 0.936464 0.0647339 0.113864 0.114366 0.977945
4 0.93637 0.188771 0.112923 0.113378 0.977829
10 0.439381 0.189048 0.11192 0.111585 0.0207538
10 0.315267 0.436599 0.11165 0.113858 0.00760244
3 0.440061 0.0653522 0.112337 0.113418 0.00690779
10 0.563793 0.561331 0.111999 0.113613 0.00510633
5 0.811913 0.189916 0.112059 0.112508 0.00412078
3 0.811974 0.313211 0.111909 0.112383 0.00352054
1 0.812195 0.561225 0.113216 0.113518 0.00351171
10 0.439335 0.313142 0.11117 0.111629 0.00345349
4 0.68781 0.0651584 0.110714 0.112608 0.00344148
12 0.439562 0.685132 0.112005 0.112339 0.00343438
6 0.935765 0.189693 0.112804 0.113328 0.00338785
9 0.191127 0.313576 0.112339 0.112341 0.00327937
9 0.439687 0.933688 0.111962 0.113241 0.00326627
0 0.687952 0.312334 0.112403 0.112719 0.00323831
1 0.936304 0.189088 0.113074 0.113685 0.00321242
6 0.935819 0.0657494 0.112799 0.113594 0.00314952
0 0.812661 0.933792 0.11098 0.111262 0.00311523
12 0.439275 0.561159 0.111724 0.112093 0.00310819
10 0.563647 0.436943 0.111537 0.112823 0.00310422
1 0.0665416 0.189285 0.111509 0.11143 0.00290025
1 0.936386 0.0652811 0.112825 0.113998 0.00281856
2 0.439429 0.436898 0.1111 0.114107 0.00281824
3 0.0666443 0.809404 0.115391 0.113657 0.00278518
2 0.0668016 0.685433 0.113654 0.112412 0.00277716
7 0.936549 0.934019 0.111352 0.112857 0.00269515
2 0.688167 0.561715 0.109674 0.111656 0.00265869
5 0.0668548 0.436548 0.112858 0.112827 0.00263939
1 0.936767 0.561256 0.11365 0.113557 0.00263485
7 0.688137 0.065275 0.111183 0.113371 0.00257987
0 0.688071 0.809272 0.110591 0.110878 0.00254273
6 0.315581 0.0645294 0.111291 0.113572 0.00254197
2 0.0665416 0.189285 0.111509 0.11143 0.0025195
2 0.688126 0.189207 0.110728 0.112534 0.00251341
1 0.0668016 0.685433 0.113654 0.112412 0.00251328
10 0.19141 0.933598 0.111822 0.110646 0.00246565
11 0.440125 0.934083 0.112568 0.113316 0.00235365
2 0.68816 0.437643 0.110488 0.111909 0.00235357
12 0.191309 0.685011 0.111815 0.111979 0.00235212
7 0.935819 0.0657494 0.112799 0.113594 0.00235102
2 0.812195 0.561225 0.113216 0.113518 0.00232768
8 0.563152 0.438024 0.111638 0.113779 0.0022877
12 0.687839 0.561328 0.111222 0.112203 0.00228263
7 0.935765 0.189693 0.112804 0.113328 0.00227563
2 0.813101 0.685837 0.110398 0.11206 0.00225994
9 0.315376 0.933744 0.111849 0.113188 0.00223467
12 0.936079 0.437515 0.111878 0.112784 0.00222898
4 0.688139 0.437322 0.111334 0.11351 0.00216848
1 0.0671536 0.438014 0.111731 0.111515 0.00216846
4 0.0673854 0.064942 0.112127 0.114073 0.00216329
12 0.686781 0.685768 0.111437 0.112946 0.00213403
0 0.191618 0.31377 0.111039 0.113099 0.00211908
6 0.811542 0.064373 0.110757 0.114008 0.00207922
12 0.440082 0.809507 0.111912 0.112587 0.00207717
11 0.439265 0.436728 0.1115 0.112858 0.00205043
10 0.812409 0.43664 0.110338 0.111315 0.00203606
7 0.315502 0.809042 0.111785 0.112441 0.0020112
4 0.812165 0.189535 0.111385 0.112774 0.0019828
2 0.936767 0.561256 0.11365 0.113557 0.00194256
13 0.687706 0.0645778 0.111752 0.112108 0.00191765
5 0.688115 0.0649959 0.112065 0.112515 0.00191572
6 0.811638 0.685596 0.113295 0.113273 0.00191053
6 0.315565 0.313086 0.112262 0.113095 0.00190852
12 0.687775 0.188576 0.111637 0.112662 0.0018953
1 0.936586 0.934117 0.113006 0.113863 0.00185526
3 0.191533 0.561526 0.11201 0.113394 0.00182795
0 0.438978 0.438066 0.111635 0.11385 0.00182021
11 0.811796 0.436481 0.111568 0.110439 0.00181895
4 0.315502 0.809042 0.111785 0.112441 0.00178327
3 0.935765 0.189693 0.112804 0.113328 0.00176971
4 0.688141 0.561363 0.110214 0.11307 0.00175306
13 0.191194 0.0644497 0.112065 0.111983 0.00173428
5 0.688162 0.188985 0.111862 0.112649 0.00172745
7 0.439302 0.560966 0.112029 0.112771 0.0017051
12 0.936035 0.810322 0.110868 0.11435 0.00170432
3 0.564073 0.0645191 0.111334 0.113755 0.00169979
7 0.0673854 0.064942 0.112127 0.114073 0.00168931
0 0.56347 0.189187 0.11183 0.112767 0.00168732
6 0.812165 0.561256 0.112974 0.113336 0.00166015
7 0.439418 0.68518 0.112204 0.112833 0.00165752
4 0.688071 0.809272 0.110591 0.110878 0.00165671
11 0.316024 0.933983 0.112231 0.112953 0.00160755
3 0.0664191 0.437722 0.11359 0.113234 0.0015912
2 0.688003 0.313141 0.111524 0.112954 0.00155495
7 0.191256 0.0650267 0.111514 0.113271 0.00155141
7 0.936838 0.561447 0.112607 0.113132 0.00154336
4 0.0679585 0.313503 0.113359 0.114289 0.00153768
5 0.68819 0.437316 0.111592 0.112621 0.00152983
4 0.315339 0.561237 0.111482 0.112121 0.00152523
5 0.19133 0.933647 0.110921 0.112353 0.00152266
6 0.688237 0.437979 0.111677 0.113721 0.00152149
2 0.936304 0.189088 0.113074 0.113685 0.00151948
7 0.315339 0.561237 0.111482 0.112121 0.00149198
4 0.688109 0.189013 0.112199 0.114085 0.00147726
9 0.439619 0.437662 0.113335 0.113605 0.00146859
5 0.0673095 0.809535 0.114116 0.114202 0.00145472
0 0.0667617 0.934024 0.113712 0.113494 0.00143769
12 0.563462 0.31346 0.113015 0.112318 0.0014289
4 0.191256 0.0650267 0.111514 0.113271 0.00142288
8 0.0668068 0.438114 0.112467 0.112775 0.00142071
1 0.564163 0.809316 0.111772 0.11284 0.00142059
12 0.687664 0.437609 0.111387 0.112163 0.00141863
3 0.936717 0.561255 0.113381 0.113065 0.00140707
1 0.564099 0.933288 0.11174 0.112742 0.00140431
7 0.0675937 0.685674 0.112613 0.111881 0.00138023
2 0.812415 0.437904 0.112644 0.1132 0.00137619
2 0.0679811 0.313545 0.113089 0.114305 0.00137274
5 0.191334 0.560926 0.1118 0.11164 0.00136704
5 0.314828 0.809418 0.112291 0.112177 0.00135677
3 0.192022 0.809402 0.112072 0.113671 0.00134013
10 0.315054 0.685049 0.11256 0.112012 0.00132734
4 0.687622 0.313253 0.112198 0.112478 0.00132491
5 0.688195 0.561381 0.110556 0.112615 0.00132031
2 0.813202 0.93262 0.110744 0.112893 0.00130728
9 0.563647 0.436943 0.111537 0.112823 0.00130528
11 0.191339 0.312982 0.112194 0.11167 0.00129927
4 0.440082 0.809507 0.111912 0.112587 0.00129797
9 0.315214 0.436773 0.111002 0.112501 0.00129723
9 0.936817 0.436727 0.111215 0.114067 0.00129116
6 0.936102 0.685694 0.111712 0.1143 0.00128545
3 0.812165 0.561256 0.112974 0.113336 0.00128533
9 0.439575 0.189413 0.111535 0.112204 0.00127908
5 0.0679811 0.313545 0.113089 0.114305 0.00126965
5 0.93599 0.561533 0.112033 0.112621 0.00126387
8 0.688423 0.932418 0.114225 0.112628 0.00126344
13 0.811496 0.188931 0.112253 0.112759 0.00126166
12 0.936102 0.685694 0.111712 0.1143 0.00126116
6 0.936221 0.9344 0.112947 0.112996 0.00125685
6 0.688303 0.685552 0.112528 0.114253 0.00124883
8 0.56347 0.189187 0.11183 0.112767 0.00123987
7 0.563276 0.314179 0.112258 0.113743 0.00123012
8 0.314844 0.437926 0.11317 0.114339 0.00121201
9 0.813101 0.685837 0.110398 0.11206 0.00121069
1 0.812058 0.809383 0.111533 0.112528 0.00120401
3 0.191736 0.188614 0.112275 0.113231 0.00120102
3 0.936035 0.810322 0.110868 0.11435 0.00119415
2 0.688295 0.809179 0.111466 0.111101 0.00119283
6 0.0675937 0.685674 0.112613 0.111881 0.00118976
13 0.19133 0.933647 0.110921 0.112353 0.00118398
1 0.439393 0.0645443 0.111822 0.114079 0.00117704
1 0.191213 0.560943 0.112678 0.113399 0.00117667
6 0.936717 0.561255 0.113381 0.113065 0.00116934
5 0.813128 0.6856 0.111825 0.112441 0.00116516
3 0.812126 0.437821 0.111533 0.11142 0.00116256
1 0.812242 0.6856 0.112345 0.113177 0.00114924
2 0.315675 0.934238 0.112518 0.113141 0.0011452
3 0.191217 0.437167 0.112659 0.112527 0.00113064
3 0.935819 0.0657494 0.112799 0.113594 0.00112637
6 0.936044 0.43732 0.112074 0.11419 0.00111756
7 0.191149 0.685259 0.111631 0.11211 0.00111749
7 0.0664297 0.188312 0.112319 0.11284 0.00110918
13 0.315328 0.809792 0.112287 0.111904 0.0011085
5 0.31456 0.561018 0.112071 0.111989 0.00110588
1 0.688057 0.933129 0.11226 0.112492 0.00110477
12 0.56347 0.189187 0.11183 0.112767 0.00110044
7 0.563676 0.06484 0.110706 0.111469 0.00109899
13 0.315159 0.56145 0.11222 0.111789 0.00109286
0 0.563555 0.685149 0.111123 0.112978 0.00109013
10 0.563555 0.685149 0.111123 0.112978 0.00108881
2 0.936386 0.0652811 0.112825 0.113998 0.00108728
6 0.688295 0.809179 0.111466 0.111101 0.00108402
1 0.687856 0.561174 0.110856 0.111734 0.00108367
12 0.563807 0.685525 0.110811 0.112278 0.00108009
10 0.0665998 0.561477 0.112106 0.112004 0.00107758
1 0.563688 0.0650137 0.110434 0.112596 0.00106309
4 0.812126 0.437821 0.111533 0.11142 0.00106227
5 0.811292 0.561094 0.112137 0.112675 0.00106185
12 0.93589 0.313079 0.112675 0.114026 0.00105509
12 0.811721 0.685692 0.111662 0.113682 0.00104965
2 0.440076 0.934286 0.112921 0.113082 0.00103607
9 0.688126 0.189207 0.110728 0.112534 0.00102361
5 0.936264 0.933774 0.112488 0.112368 0.00102198
3 0.563472 0.933507 0.111646 0.112744 0.00100561
13 0.686906 0.685489 0.113584 0.113353 0.00100115
