4 0.315835 0.809615 0.111324 0.11084 0.985922
1 0.31531 0.933856 0.112057 0.112269 0.985645
7 0.191519 0.809337 0.111165 0.111523 0.985466
0 0.93571 0.932828 0.112724 0.111929 0.985331
9 0.563845 0.934246 0.111045 0.112596 0.985258
4 0.0677576 0.80961 0.112317 0.111644 0.98483
12 0.191894 0.933835 0.111008 0.1123 0.984794
3 0.68756 0.809861 0.112468 0.112558 0.984434
12 0.191791 0.685367 0.110728 0.111015 0.984147
5 0.0675287 0.686136 0.111977 0.111534 0.984015
5 0.687874 0.934192 0.111707 0.113096 0.983711
10 0.563476 0.0650779 0.110678 0.112613 0.983478
6 0.440193 0.685337 0.112395 0.112162 0.98324
1 0.811927 0.933461 0.111503 0.112831 0.982678
10 0.191777 0.437407 0.111455 0.111508 0.982653
13 0.191191 0.561672 0.11104 0.111183 0.982438
12 0.315623 0.188736 0.111814 0.111545 0.982438
12 0.0672267 0.313087 0.1128 0.111936 0.982401
4 0.19148 0.313204 0.112927 0.112242 0.982142
7 0.564582 0.809506 0.111329 0.111864 0.982064
1 0.936615 0.809312 0.111508 0.11163 0.982049
0 0.43983 0.933676 0.111867 0.112494 0.981869
5 0.439478 0.561437 0.112953 0.11263 0.981365
2 0.315234 0.313371 0.112947 0.112632 0.981331
11 0.315609 0.437257 0.113161 0.112425 0.981131
13 0.811684 0.0657357 0.111918 0.111991 0.981026
3 0.439573 0.437516 0.112138 0.112026 0.980994
11 0.191184 0.188821 0.112091 0.111771 0.980984
0 0.315422 0.561501 0.112428 0.112104 0.980823
2 0.19145 0.064663 0.111203 0.112427 0.980559
9 0.56347 0.31366 0.111679 0.111653 0.980193
8 0.06703 0.188921 0.111057 0.111686 0.979904
3 0.687056 0.0650737 0.111313 0.112938 0.979893
8 0.0668459 0.437323 0.112257 0.112652 0.979883
12 0.43971 0.31292 0.112182 0.112302 0.979739
8 0.0666373 0.561624 0.112757 0.112771 0.979712
8 0.315327 0.0651668 0.112019 0.112093 0.979572
2 0.439416 0.189063 0.111874 0.112165 0.979565
5 0.563392 0.188827 0.111329 0.112447 0.979533
3 0.935648 0.0647698 0.113358 0.113527 0.979362
3 0.812677 0.685552 0.112814 0.111618 0.97936
11 0.564161 0.685064 0.112181 0.112609 0.979274
4 0.688075 0.188663 0.112792 0.112565 0.979257
13 0.688114 0.685681 0.111907 0.111372 0.979167
13 0.56414 0.561551 0.111982 0.112035 0.979069
3 0.688086 0.561536 0.112327 0.112398 0.979055
1 0.811984 0.188641 0.11251 0.112896 0.978923
8 0.315214 0.685269 0.112312 0.111483 0.97888
13 0.687533 0.313132 0.111938 0.112349 0.978757
0 0.812441 0.809369 0.112447 0.112586 0.978751
12 0.936156 0.437167 0.112884 0.11243 0.978537
8 0.81211 0.561562 0.11208 0.112578 0.978447
2 0.687456 0.437702 0.111397 0.111736 0.978442
10 0.936755 0.561246 0.112892 0.112786 0.978398
1 0.93619 0.312718 0.113493 0.112484 0.978332
8 0.439329 0.0649865 0.111954 0.112738 0.978311
8 0.936232 0.685417 0.112358 0.112057 0.978281
8 0.564187 0.437275 0.111669 0.112851 0.978055
8 0.81213 0.313015 0.112066 0.112215 0.977881
8 0.440208 0.809616 0.112823 0.113204 0.977869
0 0.935692 0.188782 0.113098 0.112083 0.977678
8 0.0670133 0.934017 0.112881 0.112987 0.977672
7 0.812302 0.43735 0.112235 0.112827 0.977547
0 0.0673518 0.0649912 0.111724 0.112769 0.977396
1 0.0666748 0.0647304 0.113165 0.113108 0.0203482
2 0.439741 0.809873 0.112064 0.112269 0.00956906
2 0.564383 0.436948 0.11178 0.113151 0.00947004
2 0.0670558 0.93363 0.113974 0.11302 0.00771088
2 0.315122 0.685538 0.111731 0.112185 0.00689549
2 0.0674596 0.43684 0.112849 0.113868 0.00684415
2 0.0666756 0.561461 0.115287 0.112468 0.00667193
12 0.811474 0.437385 0.111695 0.11317 0.00666287
5 0.316365 0.437961 0.114131 0.111221 0.00626728
2 0.439538 0.06465 0.110522 0.113058 0.0051383
1 0.687629 0.437941 0.109553 0.111799 0.00498318
2 0.811919 0.561378 0.110725 0.112103 0.00453998
12 0.191413 0.56122 0.111261 0.111376 0.00450934
11 0.688377 0.933796 0.112759 0.113419 0.00420058
2 0.0672063 0.188802 0.112671 0.112966 0.00411234
13 0.936421 0.436593 0.110846 0.114229 0.00359494
9 0.686724 0.064984 0.110612 0.112157 0.00351994
0 0.0667566 0.438097 0.11241 0.114086 0.00342967
2 0.688392 0.933438 0.112666 0.113789 0.00336818
1 0.68835 0.188308 0.112767 0.112728 0.00335168
0 0.936191 0.312979 0.112307 0.110994 0.00330971
10 0.31565 0.436902 0.111552 0.110978 0.00321755
12 0.564132 0.561279 0.111707 0.112236 0.00311016
0 0.812009 0.188472 0.111697 0.113361 0.00300778
1 0.191928 0.313084 0.111863 0.111553 0.002996
2 0.315368 0.0647013 0.111174 0.112897 0.00290893
4 0.936557 0.561313 0.1112 0.112177 0.0028921
2 0.936602 0.685522 0.112112 0.112675 0.00288302
7 0.191374 0.313215 0.111858 0.111975 0.00286172
7 0.439755 0.685733 0.11453 0.112638 0.00278749
1 0.0670932 0.809454 0.114315 0.112679 0.0027519
12 0.687576 0.313313 0.111028 0.111569 0.0026819
5 0.191934 0.0650257 0.111374 0.111557 0.00268023
1 0.315368 0.809746 0.112775 0.111413 0.00267602
2 0.811736 0.313195 0.111132 0.112125 0.00261428
9 0.811537 0.68597 0.11272 0.112204 0.00259458
0 0.812475 0.933586 0.110353 0.11275 0.00248832
12 0.564026 0.313566 0.111312 0.11192 0.00244661
0 0.563619 0.438065 0.111054 0.112782 0.00244479
1 0.31541 0.313668 0.111768 0.111531 0.00239332
3 0.440193 0.685337 0.112395 0.112162 0.00235204
7 0.688137 0.313283 0.111763 0.112914 0.00235009
3 0.688039 0.437051 0.111819 0.111853 0.00234319
7 0.687841 0.189021 0.111753 0.112359 0.00233322
5 0.688171 0.437387 0.112055 0.113253 0.00223827
11 0.439565 0.80952 0.111969 0.111723 0.00213157
4 0.812597 0.43799 0.109719 0.112688 0.00206404
6 0.811542 0.437092 0.111391 0.113357 0.0020021
12 0.811313 0.0648988 0.110952 0.111216 0.00196712
1 0.812147 0.809188 0.111469 0.112066 0.00193124
11 0.0665542 0.437413 0.115004 0.111835 0.00191557
1 0.315632 0.561366 0.112806 0.112405 0.00191164
12 0.687823 0.685553 0.111361 0.11202 0.00189312
10 0.687719 0.93405 0.111628 0.111888 0.00185563
5 0.68811 0.0647461 0.111361 0.110215 0.00175033
0 0.936522 0.809329 0.110605 0.111636 0.00172909
2 0.688076 0.0651061 0.110428 0.111191 0.00172892
2 0.191459 0.312831 0.111114 0.111497 0.00171906
10 0.564471 0.685546 0.110439 0.111328 0.00171416
0 0.563883 0.313603 0.111071 0.111481 0.001688
12 0.811607 0.685913 0.112107 0.11252 0.0016397
9 0.935654 0.0646557 0.112343 0.113007 0.00163945
0 0.812063 0.313517 0.110566 0.111603 0.00162924
5 0.191184 0.188821 0.112091 0.111771 0.00160149
5 0.688315 0.809659 0.112456 0.112103 0.00160063
10 0.191296 0.188958 0.111936 0.111213 0.00160047
12 0.935623 0.0647783 0.112891 0.112533 0.00159953
12 0.687191 0.0647017 0.111026 0.111561 0.00155809
7 0.0670932 0.809454 0.114315 0.112679 0.00155655
2 0.813081 0.685806 0.110573 0.111118 0.00154806
1 0.43962 0.189009 0.112188 0.112817 0.001545
9 0.439717 0.436722 0.111965 0.112255 0.00152078
3 0.315366 0.313259 0.11224 0.11318 0.00151652
9 0.688241 0.561806 0.111122 0.111269 0.00148011
13 0.19125 0.437196 0.111865 0.111126 0.00146232
4 0.936615 0.809312 0.111508 0.11163 0.00145833
12 0.687928 0.56122 0.111104 0.112023 0.00144141
4 0.192067 0.437968 0.110927 0.110857 0.00142966
10 0.688011 0.188964 0.111197 0.112316 0.00142867
7 0.688381 0.685547 0.112856 0.11172 0.0014132
12 0.564173 0.0647741 0.11138 0.112677 0.00140856
8 0.564471 0.685546 0.110439 0.111328 0.00140507
12 0.564453 0.934118 0.113183 0.112434 0.00140122
2 0.688294 0.809844 0.112262 0.11178 0.0013982
2 0.688241 0.561806 0.111122 0.111269 0.00139768
6 0.315068 0.809275 0.112082 0.112197 0.00139294
2 0.688011 0.188964 0.111197 0.112316 0.00139228
6 0.191618 0.68515 0.112091 0.112172 0.00139082
10 0.066739 0.685528 0.111878 0.111923 0.0013716
4 0.811764 0.189131 0.111694 0.112459 0.00134801
10 0.81214 0.437917 0.110656 0.111646 0.00133124
11 0.563781 0.437387 0.112284 0.112274 0.00132907
1 0.688214 0.80964 0.111992 0.112007 0.00132057
12 0.68787 0.809659 0.111614 0.112442 0.00131979
3 0.190823 0.0648887 0.112093 0.112417 0.00130436
2 0.563422 0.189244 0.112773 0.112004 0.00129897
12 0.936075 0.561493 0.113529 0.112087 0.00128676
8 0.68818 0.437481 0.11085 0.112885 0.00128056
4 0.563476 0.0650779 0.110678 0.112613 0.00126664
9 0.688294 0.809844 0.112262 0.11178 0.00126602
7 0.935994 0.437169 0.11052 0.113546 0.00126516
6 0.315623 0.188736 0.111814 0.111545 0.00126472
13 0.813001 0.436571 0.110033 0.111388 0.00126299
1 0.812257 0.685666 0.112061 0.112532 0.00126182
11 0.0666756 0.561461 0.115287 0.112468 0.00125283
11 0.5634 0.189247 0.112604 0.112831 0.001251
5 0.564303 0.685444 0.111145 0.111483 0.00123536
6 0.440157 0.43797 0.112912 0.111414 0.00123335
6 0.0668007 0.809368 0.112274 0.112839 0.0012285
2 0.813074 0.932559 0.112012 0.113857 0.0012254
1 0.688023 0.561478 0.111822 0.112112 0.0012051
3 0.439802 0.189458 0.11169 0.112539 0.00119882
1 0.687367 0.064809 0.111799 0.112494 0.00118342
9 0.935871 0.933475 0.111412 0.111662 0.00118006
0 0.813045 0.562373 0.110796 0.11427 0.00116959
7 0.812079 0.0653048 0.111806 0.112098 0.00116898
0 0.067483 0.18922 0.111752 0.112571 0.00116596
1 0.439703 0.437633 0.111388 0.111661 0.00113979
4 0.315505 0.933726 0.11148 0.112673 0.00113405
4 0.811927 0.933461 0.111503 0.112831 0.00112631
7 0.191462 0.437956 0.113076 0.111915 0.00112271
11 0.81146 0.312671 0.109638 0.111962 0.00111516
12 0.440541 0.43801 0.113587 0.111834 0.00111493
3 0.563819 0.313214 0.111954 0.113045 0.00111103
0 0.315505 0.933726 0.11148 0.112673 0.00111094
1 0.191235 0.064921 0.111632 0.111522 0.00110659
9 0.315349 0.437188 0.111501 0.111907 0.00109427
1 0.935614 0.0650321 0.111874 0.11215 0.00108556
0 0.935755 0.685802 0.111285 0.112874 0.00108506
4 0.688261 0.80963 0.112958 0.11214 0.00108157
9 0.19144 0.189255 0.11186 0.111929 0.00107732
6 0.811607 0.685913 0.112107 0.11252 0.00106172
4 0.564568 0.809217 0.111284 0.112171 0.00104992
5 0.688264 0.561547 0.112135 0.112046 0.00104047
5 0.314982 0.313687 0.112089 0.111744 0.00103499
5 0.936214 0.561687 0.111798 0.111897 0.00103253
8 0.93602 0.932643 0.111359 0.111421 0.00103062
10 0.19172 0.313084 0.111189 0.111339 0.0010262
7 0.564454 0.561281 0.11145 0.112342 0.00102408
13 0.936536 0.56136 0.111824 0.111084 0.00100693
