12 0.191872 0.933827 0.11125 0.113544 0.986431
2 0.439202 0.934257 0.113198 0.113667 0.986094
8 0.56372 0.809461 0.111513 0.11205 0.985671
12 0.315664 0.685683 0.111434 0.11214 0.985349
9 0.315516 0.933565 0.110699 0.112914 0.985325
4 0.563569 0.93412 0.112475 0.113884 0.985122
7 0.0668537 0.437601 0.113402 0.113015 0.985015
7 0.0666534 0.0648744 0.114043 0.113894 0.984723
1 0.440377 0.809256 0.11217 0.113019 0.983879
7 0.191469 0.685688 0.111731 0.111922 0.983879
5 0.936228 0.934598 0.112602 0.112917 0.983844
9 0.314926 0.0645604 0.110514 0.112527 0.983305
8 0.812051 0.933883 0.112614 0.11309 0.983059
3 0.0674621 0.313139 0.112123 0.113666 0.983032
12 0.687829 0.810011 0.112137 0.112955 0.982978
13 0.191037 0.562053 0.111311 0.112094 0.982825
8 0.066852 0.561517 0.112929 0.11323 0.982742
9 0.315016 0.43716 0.113007 0.113395 0.981928
2 0.563192 0.189835 0.111449 0.113145 0.981692
10 0.0671849 0.685413 0.112976 0.111988 0.981575
1 0.936452 0.809468 0.112193 0.11165 0.981502
12 0.56373 0.0649521 0.110796 0.11315 0.9815
13 0.0668918 0.933983 0.11422 0.11513 0.981415
1 0.190477 0.312429 0.112971 0.112815 0.981391
2 0.314966 0.561321 0.11231 0.112304 0.981343
1 0.191223 0.064788 0.111692 0.114008 0.981296
8 0.439103 0.189774 0.11229 0.112381 0.981114
11 0.191361 0.808949 0.111937 0.112412 0.981069
13 0.43944 0.437461 0.112764 0.112305 0.980833
0 0.811716 0.809067 0.112202 0.112465 0.980831
1 0.0669021 0.188736 0.112573 0.11229 0.980746
0 0.191246 0.188437 0.111759 0.111633 0.980704
0 0.68833 0.933472 0.112757 0.113549 0.980681
13 0.0670869 0.809475 0.113204 0.113586 0.980674
12 0.439753 0.561541 0.112018 0.11282 0.980477
8 0.191095 0.437117 0.111986 0.112827 0.980467
7 0.68787 0.685098 0.112221 0.112711 0.980452
1 0.314829 0.189074 0.112837 0.112434 0.980223
6 0.935899 0.0646948 0.113523 0.114058 0.979901
13 0.563665 0.561377 0.112278 0.113326 0.979887
0 0.314941 0.312598 0.112161 0.111965 0.979852
1 0.687622 0.561055 0.112127 0.112618 0.97984
5 0.439164 0.313059 0.111833 0.113014 0.979497
7 0.936141 0.189219 0.113339 0.113466 0.979318
4 0.564045 0.68502 0.113034 0.113933 0.979306
13 0.687183 0.189141 0.112221 0.113544 0.979277
10 0.81224 0.312962 0.111955 0.113042 0.97925
1 0.811831 0.188781 0.11255 0.112925 0.979162
10 0.812257 0.684987 0.112524 0.113725 0.979144
0 0.439279 0.68529 0.112005 0.112297 0.979121
1 0.56334 0.437207 0.112167 0.113159 0.979099
1 0.439533 0.0647718 0.111696 0.113396 0.97908
0 0.315357 0.809254 0.112958 0.111772 0.979002
7 0.687473 0.437555 0.111732 0.112227 0.978687
3 0.687656 0.313327 0.111609 0.112097 0.978666
5 0.812186 0.437027 0.113188 0.113651 0.978548
0 0.811675 0.561338 0.112263 0.111965 0.978533
6 0.936785 0.561324 0.113854 0.112823 0.978508
4 0.687882 0.0642906 0.112179 0.113733 0.978483
12 0.936461 0.436964 0.113468 0.11351 0.978382
4 0.936721 0.685075 0.112643 0.113239 0.978019
8 0.563191 0.313495 0.111591 0.111939 0.97772
0 0.811625 0.0646112 0.112144 0.113204 0.977449
7 0.936537 0.312966 0.113268 0.113891 0.977074
3 0.563891 0.189815 0.112115 0.11305 0.00620999
12 0.686728 0.437312 0.111206 0.113243 0.00537999
5 0.811615 0.313864 0.111829 0.11198 0.00490286
0 0.439612 0.0642793 0.110768 0.114051 0.00475303
10 0.936134 0.933414 0.112119 0.112306 0.00471359
1 0.811474 0.560814 0.113082 0.11183 0.00443327
0 0.811756 0.188941 0.112235 0.11393 0.00439543
9 0.563609 0.31392 0.112596 0.112638 0.00432554
3 0.439617 0.933924 0.112456 0.113638 0.00407771
0 0.191083 0.312488 0.110973 0.11295 0.00396114
12 0.687188 0.188647 0.111823 0.112507 0.00374651
9 0.563759 0.808944 0.111405 0.112872 0.00371492
0 0.687904 0.561153 0.110576 0.112777 0.00360339
12 0.686764 0.685549 0.110503 0.11227 0.00337928
11 0.564171 0.809592 0.111072 0.113271 0.00334678
9 0.811661 0.933263 0.111387 0.112517 0.00334405
7 0.687381 0.189862 0.112195 0.113723 0.00323693
0 0.0665324 0.18858 0.112563 0.112351 0.00323209
12 0.936067 0.312985 0.112568 0.113726 0.00323055
1 0.687881 0.0649149 0.11162 0.113171 0.00320087
6 0.687981 0.809462 0.111891 0.112377 0.00315986
10 0.439285 0.313221 0.111317 0.111454 0.00304442
3 0.315433 0.561757 0.112651 0.113214 0.00302188
4 0.0680161 0.31323 0.113711 0.115161 0.00294578
2 0.688119 0.313482 0.109587 0.11167 0.00288222
6 0.687933 0.0650723 0.112016 0.113151 0.00272385
4 0.811615 0.313864 0.111829 0.11198 0.00269165
8 0.439552 0.933619 0.11344 0.114838 0.00268018
6 0.563871 0.0645138 0.110556 0.113975 0.0026725
2 0.191046 0.436777 0.110752 0.114026 0.00261386
10 0.315519 0.933781 0.111873 0.113734 0.00259126
0 0.31523 0.189103 0.111793 0.113403 0.00257576
0 0.191223 0.064788 0.111692 0.114008 0.00256176
10 0.812698 0.43665 0.110976 0.112501 0.00255515
4 0.563865 0.436333 0.111974 0.112743 0.00245497
0 0.190387 0.438032 0.110681 0.113787 0.00244163
11 0.811867 0.933134 0.112197 0.112238 0.00243369
1 0.439738 0.685194 0.112029 0.112435 0.00237201
2 0.811903 0.934161 0.112605 0.112379 0.00236888
12 0.43934 0.437301 0.111698 0.112043 0.00230936
12 0.935834 0.189193 0.113182 0.113126 0.00230733
7 0.563551 0.933673 0.110868 0.113023 0.00230424
1 0.811873 0.0642396 0.111538 0.113539 0.00225919
0 0.936556 0.809435 0.111154 0.111836 0.00224483
4 0.0668798 0.684923 0.113852 0.112672 0.00223688
1 0.936648 0.685443 0.113272 0.11379 0.00221568
2 0.563515 0.313365 0.112787 0.112725 0.00218533
0 0.813223 0.934083 0.110583 0.114896 0.00216275
11 0.811543 0.437227 0.112969 0.111875 0.00212508
13 0.686879 0.685157 0.112406 0.11273 0.00211427
2 0.439611 0.18967 0.112624 0.112994 0.00210061
7 0.564122 0.685169 0.110721 0.112296 0.00207361
2 0.564247 0.809665 0.111759 0.112134 0.00206755
2 0.0665486 0.561181 0.114102 0.112608 0.00205113
2 0.0680545 0.313265 0.113262 0.115292 0.00201212
1 0.563873 0.685362 0.112284 0.11279 0.00196804
2 0.936648 0.685443 0.113272 0.11379 0.00194874
7 0.936765 0.685425 0.112082 0.113114 0.00192162
1 0.563569 0.93412 0.112475 0.113884 0.00191816
11 0.563883 0.313232 0.112156 0.112697 0.00191262
7 0.687464 0.0642065 0.1114 0.111902 0.00190508
11 0.191114 0.436597 0.11071 0.113217 0.00188478
5 0.688153 0.313193 0.110959 0.112166 0.00188036
11 0.067311 0.560904 0.1113 0.11466 0.00183899
3 0.936602 0.561057 0.113365 0.113154 0.00182262
6 0.68809 0.437957 0.110762 0.113741 0.00181427
5 0.0680545 0.313265 0.113262 0.115292 0.00179082
7 0.190882 0.561147 0.111448 0.113261 0.00177671
1 0.688072 0.93346 0.112565 0.113008 0.00174043
7 0.811593 0.684965 0.111667 0.112495 0.00173232
1 0.315261 0.312337 0.111978 0.112405 0.00172818
3 0.687933 0.0650723 0.112016 0.113151 0.00172653
5 0.563475 0.188631 0.112084 0.112978 0.00171903
3 0.936485 0.0645873 0.113514 0.114422 0.0017146
13 0.686829 0.43691 0.112275 0.113264 0.00171458
2 0.687881 0.0649149 0.11162 0.113171 0.00171127
7 0.0670869 0.809475 0.113204 0.113586 0.00168031
3 0.564122 0.685169 0.110721 0.112296 0.00167239
4 0.811374 0.189345 0.112893 0.113249 0.00166172
10 0.0670386 0.437891 0.111587 0.11345 0.00165566
4 0.688103 0.31324 0.110806 0.113547 0.0016523
4 0.0676484 0.437981 0.112422 0.113266 0.00164155
0 0.440484 0.809327 0.110885 0.112726 0.00162186
12 0.687539 0.313082 0.111324 0.112123 0.00159409
9 0.439611 0.18967 0.112624 0.112994 0.00157232
11 0.315972 0.933739 0.111811 0.11308 0.00156949
4 0.936371 0.437084 0.112884 0.113078 0.00155906
1 0.315635 0.80928 0.112233 0.112527 0.0015382
6 0.0680545 0.313265 0.113262 0.115292 0.0015077
7 0.0672936 0.684832 0.113085 0.113531 0.00150085
6 0.688174 0.685225 0.112039 0.113883 0.00148884
6 0.564134 0.934336 0.112428 0.113949 0.00148031
3 0.688282 0.809334 0.112351 0.112695 0.00145994
2 0.812496 0.437939 0.112991 0.113416 0.00145773
10 0.0667244 0.933743 0.112549 0.113611 0.00145524
7 0.439456 0.43668 0.111128 0.112324 0.00144375
7 0.936763 0.436442 0.111676 0.113158 0.00144093
0 0.563698 0.437483 0.11122 0.113517 0.00143507
0 0.315851 0.436702 0.110583 0.113992 0.00143018
2 0.563873 0.685362 0.112284 0.11279 0.0014235
3 0.936765 0.685425 0.112082 0.113114 0.00138079
7 0.563691 0.560781 0.111709 0.112983 0.0013779
1 0.191246 0.188437 0.111759 0.111633 0.00136892
12 0.811872 0.561353 0.111662 0.111982 0.00136349
2 0.688003 0.561033 0.110671 0.111735 0.0013458
3 0.439449 0.561204 0.11241 0.114142 0.00134313
9 0.191101 0.437582 0.112491 0.113071 0.00133893
4 0.812208 0.685117 0.113299 0.113295 0.00132999
11 0.439641 0.189226 0.111914 0.112922 0.00131924
8 0.316072 0.436612 0.110664 0.113561 0.0012947
3 0.936614 0.436542 0.109887 0.113845 0.00127215
1 0.315245 0.56112 0.112952 0.113219 0.00125548
3 0.812086 0.437854 0.111832 0.111873 0.00123677
7 0.0668918 0.933983 0.11422 0.11513 0.00123522
1 0.687688 0.312847 0.111085 0.111954 0.00122144
6 0.564122 0.685169 0.110721 0.112296 0.001214
7 0.811577 0.312798 0.112254 0.113127 0.0012029
5 0.315209 0.561184 0.112011 0.113841 0.00118334
4 0.68809 0.437957 0.110762 0.113741 0.00115577
1 0.563405 0.188853 0.11151 0.113817 0.00113745
5 0.191308 0.809234 0.111138 0.112039 0.00112864
6 0.936243 0.31337 0.112569 0.114631 0.0011245
4 0.315459 0.189299 0.111706 0.11303 0.00112119
2 0.563358 0.437396 0.110915 0.111673 0.00111309
9 0.812431 0.685331 0.111442 0.112622 0.00111226
6 0.935641 0.685776 0.112177 0.112878 0.00110849
1 0.811716 0.809067 0.112202 0.112465 0.0011042
11 0.936051 0.934125 0.113543 0.112972 0.00109993
3 0.315697 0.685509 0.112529 0.11289 0.00109286
4 0.812086 0.437854 0.111832 0.111873 0.00108476
11 0.315126 0.0648541 0.111231 0.112169 0.00108275
12 0.56365 0.561023 0.111823 0.113233 0.00107659
4 0.936336 0.313337 0.112615 0.114144 0.0010745
6 0.936371 0.437084 0.112884 0.113078 0.00106969
4 0.688163 0.685294 0.111445 0.112304 0.00106755
5 0.936266 0.685427 0.112396 0.11269 0.00106311
4 0.687566 0.560695 0.112208 0.112621 0.00106066
6 0.935839 0.189004 0.11298 0.113127 0.00106045
9 0.688119 0.313482 0.109587 0.11167 0.00105329
12 0.0665346 0.809151 0.112435 0.112748 0.00105171
7 0.936152 0.0645841 0.113293 0.11369 0.00103372
12 0.1908 0.561189 0.110931 0.111473 0.00102241
12 0.811925 0.313715 0.110848 0.1123 0.00101356
13 0.811266 0.68541 0.111995 0.112204 0.00100758
