3 0.315474 0.933823 0.113064 0.112266 0.987995
3 0.563791 0.933474 0.112901 0.112945 0.987656
9 0.936051 0.933883 0.11195 0.11149 0.987013
3 0.190825 0.933618 0.113907 0.112404 0.986765
3 0.688052 0.809094 0.112536 0.111525 0.986513
11 0.563744 0.809264 0.111115 0.11162 0.986431
8 0.439463 0.934104 0.11271 0.112548 0.986252
5 0.687894 0.933685 0.112634 0.114685 0.985821
8 0.440346 0.685476 0.111608 0.111338 0.985322
2 0.81183 0.933872 0.111465 0.112441 0.984411
5 0.438752 0.0650473 0.111352 0.113213 0.984405
2 0.562837 0.0651029 0.110819 0.112106 0.983936
1 0.936501 0.809289 0.112542 0.111908 0.983589
1 0.31665 0.685754 0.111693 0.111399 0.983421
12 0.189972 0.0647916 0.111317 0.111529 0.983351
10 0.31544 0.437276 0.112635 0.11169 0.982997
5 0.19145 0.438007 0.112627 0.112955 0.982978
2 0.811879 0.809671 0.111634 0.111411 0.98269
13 0.315348 0.313251 0.111894 0.110765 0.982606
8 0.314091 0.0652133 0.112329 0.111631 0.982565
13 0.0672515 0.437494 0.111978 0.111236 0.98253
13 0.440309 0.809399 0.111829 0.111984 0.982465
1 0.0673752 0.685772 0.111887 0.111426 0.982433
11 0.0667544 0.56183 0.112762 0.112346 0.982081
8 0.0660315 0.0654834 0.112573 0.113395 0.982022
4 0.066426 0.189491 0.111929 0.111558 0.982001
1 0.19094 0.313487 0.112445 0.112644 0.981586
11 0.191522 0.561394 0.11274 0.112319 0.981541
7 0.439563 0.437456 0.113369 0.112306 0.981505
0 0.315759 0.809277 0.111699 0.112032 0.981485
13 0.191045 0.809374 0.112541 0.111632 0.981114
11 0.439652 0.56138 0.1129 0.112579 0.981073
8 0.31437 0.189435 0.112695 0.111946 0.980969
13 0.191982 0.685466 0.111595 0.110966 0.980843
0 0.315902 0.561823 0.112105 0.112413 0.980833
2 0.438665 0.189403 0.111568 0.112924 0.98059
8 0.0666933 0.809652 0.11292 0.112688 0.98025
8 0.0662066 0.934121 0.113366 0.114224 0.980015
0 0.0665502 0.313413 0.111228 0.113106 0.979635
13 0.56439 0.685986 0.111797 0.111946 0.979551
5 0.439155 0.312921 0.1123 0.113302 0.979183
0 0.189832 0.188694 0.112854 0.112799 0.97915
4 0.688293 0.685133 0.112627 0.111928 0.979114
9 0.812418 0.188271 0.11256 0.11297 0.978984
0 0.563368 0.56247 0.111481 0.112021 0.978838
11 0.811947 0.561505 0.112899 0.113138 0.978785
13 0.812174 0.68596 0.11263 0.111603 0.97856
13 0.936152 0.561993 0.113405 0.11259 0.978464
2 0.563242 0.437522 0.111556 0.112272 0.978387
11 0.687673 0.0639309 0.111651 0.112242 0.978349
12 0.936632 0.188385 0.112044 0.113298 0.978289
0 0.687204 0.437072 0.112094 0.11264 0.9782
2 0.563285 0.188551 0.111708 0.113599 0.978165
2 0.812051 0.437259 0.112939 0.113625 0.978139
6 0.937002 0.313004 0.113047 0.11175 0.978112
1 0.936682 0.0641202 0.113071 0.112984 0.977971
0 0.936206 0.685563 0.112861 0.112244 0.977914
8 0.687668 0.561724 0.111834 0.112367 0.977899
0 0.68769 0.188003 0.112778 0.113421 0.977873
8 0.936177 0.437404 0.112743 0.112417 0.977664
8 0.687543 0.313162 0.111905 0.112427 0.977539
8 0.563056 0.313591 0.111255 0.111715 0.97717
8 0.811809 0.313009 0.111068 0.111975 0.976969
0 0.81165 0.0654644 0.111473 0.11073 0.976592
2 0.314528 0.0647455 0.111918 0.112346 0.0156831
8 0.813205 0.933338 0.108424 0.112833 0.0146475
12 0.191697 0.685607 0.111887 0.111603 0.00897752
2 0.687679 0.561454 0.11055 0.112715 0.00692972
2 0.688051 0.312692 0.112182 0.111783 0.00674704
2 0.563193 0.313701 0.110859 0.113089 0.00654457
12 0.44033 0.809778 0.111709 0.111689 0.00576946
12 0.19119 0.809691 0.112315 0.111816 0.00554811
10 0.811377 0.561473 0.111013 0.112211 0.00536848
1 0.811618 0.437966 0.11037 0.112735 0.00487456
12 0.811372 0.686244 0.110745 0.111355 0.00483726
0 0.813096 0.188591 0.111502 0.113485 0.004691
13 0.0667544 0.56183 0.112762 0.112346 0.00459918
1 0.563301 0.438013 0.109979 0.112468 0.00456564
1 0.688255 0.685523 0.112187 0.111582 0.00455517
2 0.812489 0.313035 0.111907 0.111731 0.00419121
2 0.0662378 0.0651779 0.111542 0.112848 0.00407367
2 0.314793 0.188938 0.112317 0.111883 0.00397001
11 0.564419 0.685783 0.111071 0.111795 0.00377286
10 0.0671312 0.561124 0.112393 0.113808 0.00365082
1 0.0661457 0.189331 0.111067 0.110765 0.00363169
8 0.439962 0.561704 0.11219 0.112761 0.00358659
5 0.811585 0.809325 0.113622 0.111231 0.00343584
9 0.811845 0.31384 0.11256 0.111465 0.00341874
11 0.0665497 0.437773 0.113896 0.111542 0.00339006
2 0.936901 0.436917 0.112327 0.11246 0.0033779
1 0.0664533 0.312811 0.11216 0.112389 0.00315536
8 0.564217 0.808992 0.109851 0.111796 0.00304745
2 0.0665637 0.809343 0.113272 0.111895 0.00288977
11 0.191388 0.809359 0.111745 0.112048 0.0027981
11 0.688461 0.933525 0.112725 0.114006 0.00275116
13 0.191246 0.561756 0.113183 0.112774 0.00272723
8 0.811597 0.561534 0.113332 0.113003 0.00269821
2 0.440933 0.685702 0.111024 0.112685 0.00268143
3 0.811916 0.438122 0.112804 0.112457 0.00253224
2 0.688475 0.933099 0.112519 0.114673 0.00253086
1 0.68744 0.436484 0.112325 0.112331 0.00251111
10 0.0665497 0.437773 0.113896 0.111542 0.00250039
1 0.813096 0.80907 0.11371 0.112046 0.00249958
11 0.191986 0.685607 0.111326 0.111193 0.00246613
5 0.564523 0.80939 0.111475 0.111503 0.00241901
10 0.439669 0.4379 0.111379 0.112099 0.00239975
12 0.563955 0.685928 0.11105 0.111587 0.00236847
3 0.936507 0.312909 0.112152 0.112371 0.0023406
0 0.936266 0.0645623 0.112424 0.112372 0.00233873
0 0.935581 0.438139 0.110542 0.113996 0.00228801
3 0.563721 0.437986 0.111846 0.112115 0.00224272
8 0.6882 0.0641691 0.111384 0.112607 0.00223411
4 0.191285 0.437982 0.112789 0.112394 0.00215871
11 0.440461 0.809365 0.110641 0.111802 0.00210882
11 0.44087 0.685686 0.110985 0.112502 0.00210349
8 0.811661 0.188317 0.112947 0.112988 0.00209191
12 0.0674163 0.438049 0.109634 0.112911 0.00204066
9 0.687588 0.313531 0.112339 0.111225 0.00203557
5 0.811279 0.437292 0.11354 0.112851 0.00201255
3 0.813132 0.188597 0.111796 0.113936 0.00196625
9 0.935754 0.438039 0.114077 0.112028 0.00193575
11 0.936042 0.933193 0.110849 0.112538 0.00189997
1 0.563829 0.561554 0.111457 0.113047 0.00189709
8 0.93608 0.933716 0.110481 0.112553 0.0018947
8 0.191246 0.561756 0.113183 0.112774 0.00187382
0 0.687633 0.313376 0.110982 0.111895 0.0018596
11 0.688064 0.561326 0.111355 0.112438 0.00184422
13 0.811597 0.561534 0.113332 0.113003 0.00183536
2 0.0661457 0.189331 0.111067 0.110765 0.00182229
4 0.93619 0.313064 0.113221 0.112694 0.00182216
1 0.563195 0.0643586 0.111448 0.112495 0.00181279
5 0.688417 0.809128 0.111949 0.112032 0.00179725
3 0.563617 0.189396 0.111956 0.11258 0.00176728
0 0.81221 0.31349 0.111057 0.112213 0.00176101
10 0.688203 0.0642973 0.110858 0.110721 0.00171964
1 0.6881 0.187352 0.112317 0.112949 0.00169336
11 0.687728 0.313761 0.112073 0.112572 0.00168878
12 0.314865 0.313495 0.111068 0.111179 0.00167479
1 0.563373 0.188345 0.112075 0.112927 0.00167087
12 0.936417 0.561369 0.11165 0.11123 0.00166363
1 0.189832 0.188694 0.112854 0.112799 0.0016531
0 0.688131 0.561798 0.110891 0.113435 0.00164002
13 0.315204 0.437446 0.11178 0.111954 0.00162985
4 0.31665 0.685754 0.111693 0.111399 0.00161641
8 0.813093 0.809459 0.110075 0.111897 0.00160704
1 0.438959 0.188804 0.112096 0.1132 0.0015973
12 0.813096 0.188591 0.111502 0.113485 0.00159629
1 0.191416 0.933344 0.112066 0.111713 0.00157654
13 0.440174 0.436691 0.110378 0.111321 0.00157261
10 0.19146 0.685649 0.110999 0.111068 0.00156833
9 0.936285 0.685559 0.111593 0.111962 0.00155904
1 0.812585 0.933157 0.112832 0.113409 0.00155347
2 0.688397 0.809362 0.111806 0.111628 0.00153687
5 0.563348 0.0646991 0.111806 0.111992 0.00153563
4 0.440073 0.437977 0.111952 0.11257 0.00152082
0 0.936501 0.809289 0.112542 0.111908 0.00152078
10 0.936922 0.18859 0.111016 0.113369 0.0015129
5 0.066632 0.561086 0.113172 0.11223 0.00151018
5 0.563365 0.188816 0.113254 0.113185 0.0014985
12 0.439912 0.43667 0.110601 0.110038 0.00149226
4 0.43935 0.313405 0.111802 0.113165 0.00148737
9 0.68659 0.0639719 0.110805 0.111491 0.00147995
7 0.0661457 0.189331 0.111067 0.110765 0.00147887
7 0.936708 0.313523 0.112263 0.111881 0.00147242
11 0.563652 0.312984 0.112323 0.112401 0.00147129
11 0.81205 0.313867 0.11256 0.113023 0.00145721
1 0.31599 0.5617 0.112675 0.112791 0.00143149
10 0.564217 0.808992 0.109851 0.111796 0.0014144
10 0.439699 0.561241 0.112234 0.113169 0.0014102
10 0.438997 0.0649568 0.111494 0.112277 0.00140161
4 0.190895 0.313977 0.112353 0.112886 0.00139613
10 0.191133 0.437633 0.111882 0.112397 0.0013915
5 0.564179 0.933091 0.112318 0.112769 0.00138631
7 0.936414 0.18855 0.110139 0.114583 0.00137165
2 0.440181 0.934149 0.11262 0.113102 0.00135632
7 0.936685 0.561337 0.111015 0.111072 0.00135524
7 0.0669815 0.436652 0.111702 0.112615 0.00135222
1 0.688383 0.809257 0.111816 0.111772 0.00133434
11 0.811834 0.933191 0.112463 0.112397 0.00133273
10 0.191319 0.561295 0.112412 0.112204 0.0013259
12 0.315637 0.437834 0.111082 0.112004 0.00130095
3 0.812559 0.809294 0.111939 0.11162 0.00129376
8 0.811392 0.437156 0.112611 0.113641 0.00127878
5 0.811668 0.561295 0.112804 0.112302 0.00127784
1 0.315903 0.809303 0.11187 0.112656 0.00127288
5 0.811721 0.933079 0.114038 0.110865 0.00126705
3 0.191285 0.437982 0.112789 0.112394 0.00125918
11 0.44043 0.934102 0.112657 0.112805 0.00125863
1 0.812364 0.0648714 0.112536 0.111576 0.00125351
13 0.936366 0.188788 0.111022 0.114535 0.00123266
4 0.936545 0.809166 0.111944 0.111907 0.00120651
13 0.936206 0.933558 0.112595 0.113444 0.00120443
11 0.0677569 0.809498 0.11263 0.114309 0.00120102
10 0.687744 0.93413 0.11148 0.111849 0.00119714
5 0.563453 0.437607 0.112519 0.112917 0.00119632
2 0.067321 0.933864 0.111737 0.114185 0.00118971
0 0.0667152 0.0654302 0.110232 0.112208 0.00118626
4 0.0673043 0.685495 0.112343 0.111898 0.00117094
0 0.563519 0.313651 0.111265 0.11211 0.00116204
5 0.688203 0.0642973 0.110858 0.110721 0.00115691
12 0.93607 0.93377 0.111135 0.112058 0.0011568
7 0.315648 0.437993 0.113012 0.113116 0.00114944
12 0.688159 0.809376 0.111351 0.111978 0.00113317
0 0.0673043 0.685495 0.112343 0.111898 0.00113268
9 0.191352 0.561372 0.112238 0.111892 0.00110576
2 0.564154 0.93329 0.111945 0.112727 0.00110292
3 0.439285 0.18949 0.112226 0.113097 0.00108586
11 0.314367 0.0650669 0.112421 0.111701 0.00108104
8 0.563368 0.0647309 0.11142 0.111737 0.0010779
8 0.563301 0.438013 0.109979 0.112468 0.00105894
3 0.563439 0.0653131 0.111368 0.112306 0.00105646
0 0.19094 0.313487 0.112445 0.112644 0.00105048
2 0.438948 0.0651803 0.112142 0.111899 0.00104976
3 0.812298 0.933677 0.112518 0.112981 0.00104911
4 0.68835 0.809175 0.112298 0.111739 0.00103883
9 0.0674163 0.438049 0.109634 0.112911 0.00100964
0 0.315973 0.685879 0.11129 0.111701 0.00100802
3 0.43935 0.313405 0.111802 0.113165 0.00100775
5 0.438858 0.189167 0.113859 0.113133 0.00100642
10 0.315235 0.313368 0.111376 0.111396 0.00100006
