4 0.315798 0.933805 0.111524 0.113608 0.987003
4 0.191839 0.809321 0.111716 0.113045 0.986568
9 0.315024 0.685408 0.111684 0.111084 0.986045
7 0.563926 0.933925 0.111256 0.112439 0.986024
4 0.439833 0.933677 0.111971 0.114179 0.986013
9 0.0671251 0.685551 0.111644 0.111111 0.984983
5 0.314977 0.064956 0.111252 0.111519 0.98467
9 0.687419 0.93397 0.112441 0.112975 0.984439
9 0.191983 0.0647921 0.111113 0.111514 0.984342
1 0.439433 0.80935 0.112097 0.112403 0.984093
11 0.811662 0.809641 0.112706 0.112118 0.983931
4 0.687863 0.809963 0.113013 0.112716 0.983664
1 0.936363 0.809664 0.11227 0.111937 0.983075
13 0.315391 0.437622 0.112922 0.111503 0.982986
1 0.812141 0.933912 0.111738 0.112714 0.982977
6 0.315803 0.188754 0.112717 0.112702 0.982904
5 0.191243 0.189237 0.111692 0.112196 0.982668
3 0.0675377 0.313419 0.112171 0.111551 0.982356
5 0.812299 0.0657997 0.111303 0.111826 0.982333
3 0.191325 0.31319 0.111094 0.110993 0.982293
13 0.315211 0.80956 0.111418 0.111322 0.982238
4 0.439939 0.561073 0.112245 0.113259 0.982106
10 0.44008 0.188641 0.112319 0.11259 0.982022
4 0.687924 0.0651666 0.112225 0.113632 0.981672
13 0.439456 0.313194 0.111889 0.111354 0.981055
13 0.0671288 0.934109 0.114145 0.113939 0.980748
7 0.439641 0.685328 0.111595 0.111141 0.980528
12 0.563646 0.0647658 0.11188 0.113216 0.980523
0 0.315343 0.561391 0.112496 0.112474 0.980477
0 0.191495 0.933624 0.111781 0.112352 0.980474
9 0.563208 0.313575 0.111448 0.111168 0.98038
8 0.936036 0.933876 0.113358 0.113516 0.980355
0 0.190906 0.437307 0.112008 0.111867 0.980316
11 0.0675874 0.561414 0.111174 0.112399 0.980258
0 0.563809 0.809158 0.111767 0.112705 0.980224
8 0.191078 0.561345 0.111692 0.111902 0.980171
0 0.191236 0.68537 0.112125 0.111553 0.980028
10 0.563783 0.56112 0.112516 0.113823 0.979921
1 0.439367 0.0649544 0.111184 0.113006 0.979842
1 0.563568 0.685161 0.112739 0.113217 0.979684
2 0.0674571 0.43714 0.112221 0.112976 0.979614
2 0.0672877 0.189055 0.11225 0.113608 0.979585
1 0.812028 0.437058 0.113103 0.11293 0.97955
2 0.0675499 0.0649498 0.111513 0.113344 0.979539
4 0.687905 0.561171 0.112758 0.11292 0.979318
1 0.812214 0.685268 0.113317 0.112914 0.979233
9 0.811828 0.188829 0.112259 0.112494 0.979132
1 0.563572 0.188894 0.112151 0.11315 0.979074
13 0.811944 0.561793 0.112626 0.112437 0.979011
0 0.314847 0.313116 0.113133 0.111612 0.978954
11 0.563624 0.436935 0.111475 0.113568 0.978939
13 0.687971 0.685631 0.112416 0.111589 0.978932
8 0.439219 0.437143 0.112412 0.112523 0.978865
12 0.687663 0.313459 0.112158 0.1121 0.978757
12 0.936221 0.437365 0.113696 0.113273 0.978674
2 0.687433 0.189107 0.111864 0.112218 0.97844
7 0.687964 0.437163 0.112302 0.113021 0.978388
2 0.935686 0.685412 0.11223 0.11153 0.97822
0 0.811929 0.312971 0.112523 0.112882 0.97822
1 0.936253 0.064318 0.113816 0.113756 0.97811
3 0.936405 0.561297 0.112892 0.112704 0.977838
4 0.936515 0.312715 0.113693 0.113626 0.977794
0 0.935936 0.188707 0.112617 0.111557 0.977663
8 0.0674303 0.809488 0.112043 0.112481 0.977528
5 0.563522 0.437252 0.11118 0.112142 0.0257317
2 0.0671735 0.809323 0.113852 0.112961 0.0163511
10 0.0673323 0.933821 0.111314 0.113114 0.00922077
2 0.93581 0.933788 0.113359 0.112582 0.00872464
7 0.439417 0.934079 0.112053 0.112759 0.00653575
5 0.0671428 0.561405 0.113367 0.112764 0.00650923
12 0.191714 0.31316 0.111471 0.11195 0.00471473
1 0.0669779 0.438008 0.111864 0.111384 0.00437534
9 0.190463 0.313296 0.110973 0.1117 0.00425112
8 0.688331 0.933714 0.113647 0.111708 0.00412283
3 0.688154 0.189713 0.111875 0.112979 0.00410554
7 0.687677 0.0648331 0.111494 0.111902 0.00401381
2 0.439623 0.436982 0.112353 0.11268 0.0040077
5 0.0669353 0.436981 0.112466 0.112363 0.00388499
6 0.936658 0.561201 0.111616 0.112246 0.00356949
7 0.687594 0.80957 0.112095 0.11262 0.00346894
4 0.563648 0.561455 0.111621 0.11275 0.00337247
7 0.0673323 0.933821 0.111314 0.113114 0.00328722
1 0.315163 0.312796 0.112315 0.112617 0.00324507
5 0.0666849 0.188774 0.112972 0.112811 0.00320388
9 0.0661146 0.313476 0.113203 0.112465 0.00318281
1 0.688071 0.188914 0.113408 0.113997 0.00312664
12 0.686854 0.437309 0.110171 0.112068 0.00307615
0 0.812123 0.436484 0.112899 0.112509 0.00304852
11 0.811587 0.0650532 0.111882 0.111505 0.00302498
4 0.564082 0.933667 0.111661 0.112766 0.00298162
10 0.0673781 0.561087 0.113508 0.113996 0.00290308
1 0.812077 0.312694 0.1121 0.113348 0.00287528
6 0.687767 0.313129 0.111735 0.112266 0.00286118
7 0.687609 0.561297 0.111853 0.112328 0.00284878
10 0.811459 0.809425 0.11159 0.112728 0.0028006
12 0.31573 0.809354 0.109978 0.111514 0.00277892
7 0.315325 0.43773 0.111547 0.112199 0.00274695
12 0.936146 0.561683 0.11308 0.11256 0.00259298
7 0.43941 0.561195 0.112083 0.112427 0.00254305
12 0.439367 0.313626 0.111959 0.112727 0.00253022
8 0.0669779 0.438008 0.111864 0.111384 0.00244592
8 0.811466 0.188968 0.112572 0.11266 0.00241589
5 0.812004 0.809167 0.112318 0.113319 0.00238306
0 0.812898 0.933754 0.111173 0.111423 0.0023144
0 0.812533 0.685144 0.111606 0.112341 0.00230547
4 0.688152 0.437057 0.112637 0.112692 0.00228387
0 0.93605 0.0643443 0.112104 0.113493 0.0022436
1 0.688151 0.561318 0.112313 0.112612 0.00221577
6 0.563646 0.0647658 0.11188 0.113216 0.00215074
1 0.936242 0.313091 0.112542 0.113632 0.00214545
1 0.439744 0.561315 0.112669 0.11284 0.00213753
0 0.563644 0.188533 0.111814 0.113414 0.00210215
1 0.191051 0.437247 0.112671 0.112699 0.00209766
1 0.439833 0.933677 0.111971 0.114179 0.00206442
4 0.440038 0.68555 0.112157 0.111647 0.00206257
1 0.191118 0.685319 0.112027 0.112384 0.00203451
11 0.936036 0.933876 0.113358 0.113516 0.00197254
11 0.688361 0.933526 0.113648 0.112274 0.00197145
1 0.563994 0.809134 0.111921 0.112761 0.0019114
2 0.191601 0.56159 0.11221 0.111949 0.00190344
11 0.0673035 0.80956 0.112772 0.112698 0.00190075
2 0.687863 0.809963 0.113013 0.112716 0.00184766
0 0.439329 0.064308 0.111445 0.113614 0.00184303
5 0.936284 0.685504 0.112413 0.112521 0.00182849
1 0.936137 0.685191 0.11305 0.11265 0.00182417
1 0.315798 0.933805 0.111524 0.113608 0.00182355
1 0.687924 0.0651666 0.112225 0.113632 0.00181168
8 0.0664828 0.189247 0.112716 0.111426 0.00180239
1 0.315294 0.561187 0.112245 0.112915 0.00177704
6 0.688391 0.436461 0.110001 0.112778 0.00175973
10 0.31573 0.809354 0.109978 0.111514 0.00174978
8 0.688074 0.188984 0.112178 0.113898 0.00174851
4 0.563775 0.685058 0.111491 0.111751 0.00174262
0 0.688331 0.933714 0.113647 0.111708 0.00173796
11 0.439367 0.313626 0.111959 0.112727 0.00173664
12 0.563736 0.313612 0.112232 0.111641 0.00168836
0 0.43872 0.438031 0.111513 0.114863 0.00168129
7 0.31573 0.809354 0.109978 0.111514 0.0016809
5 0.688071 0.188914 0.113408 0.113997 0.00166706
11 0.191489 0.560992 0.110698 0.113027 0.00166701
0 0.812955 0.189045 0.111447 0.112227 0.0016625
7 0.936076 0.312572 0.113525 0.114727 0.00165947
12 0.688256 0.685003 0.110873 0.110937 0.00165831
12 0.0673323 0.933821 0.111314 0.113114 0.00165776
13 0.936601 0.436688 0.110954 0.112798 0.00165445
10 0.563899 0.43668 0.111174 0.112636 0.0016462
2 0.936352 0.313256 0.112782 0.113894 0.00164508
1 0.687704 0.809929 0.112477 0.113556 0.00164371
12 0.315742 0.437886 0.109063 0.113304 0.0016191
1 0.936326 0.561791 0.111765 0.111868 0.00160647
0 0.936419 0.809429 0.111374 0.112002 0.00158873
10 0.687549 0.933696 0.112902 0.113292 0.00158499
0 0.688093 0.313397 0.111966 0.113779 0.00157334
11 0.0666961 0.933649 0.113417 0.11281 0.00157274
4 0.439608 0.809328 0.111507 0.111846 0.00156928
7 0.191259 0.809645 0.112469 0.112676 0.00155714
10 0.190914 0.189093 0.11165 0.112199 0.00155101
4 0.812069 0.685167 0.112599 0.112461 0.00154227
1 0.066811 0.189369 0.111806 0.112255 0.00154001
4 0.936363 0.809664 0.11227 0.111937 0.00153729
10 0.687928 0.0643491 0.111337 0.114473 0.00149835
9 0.191601 0.56159 0.11221 0.111949 0.00149623
3 0.935686 0.685412 0.11223 0.11153 0.0014805
2 0.191728 0.809901 0.11289 0.113602 0.00147077
7 0.811997 0.561672 0.112431 0.113138 0.00147065
2 0.688151 0.561318 0.112313 0.112612 0.00145793
1 0.191421 0.933523 0.111879 0.113154 0.00145461
4 0.44008 0.188641 0.112319 0.11259 0.00145341
4 0.563823 0.189175 0.11183 0.113248 0.00142823
10 0.688019 0.809446 0.110935 0.113338 0.00142561
10 0.439367 0.313626 0.111959 0.112727 0.00141765
3 0.0665543 0.437235 0.114324 0.11115 0.001403
10 0.687685 0.685396 0.111521 0.11123 0.00139977
1 0.191839 0.809321 0.111716 0.113045 0.00139412
2 0.687812 0.0651301 0.111734 0.11335 0.00139078
12 0.812071 0.188893 0.11231 0.111661 0.00137221
4 0.936976 0.561258 0.11411 0.112434 0.00134353
6 0.0672486 0.313589 0.111967 0.112107 0.00133953
0 0.563775 0.685058 0.111491 0.111751 0.00132992
8 0.811381 0.809246 0.11184 0.112275 0.00130911
2 0.439912 0.934299 0.113551 0.114673 0.00129503
8 0.0672528 0.0650494 0.112076 0.112991 0.00128421
3 0.315803 0.188754 0.112717 0.112702 0.00126542
2 0.315758 0.934349 0.112964 0.114214 0.0012241
10 0.811578 0.0648723 0.112688 0.112088 0.00121775
4 0.935845 0.0649336 0.112475 0.113044 0.00121653
5 0.191185 0.809692 0.112735 0.112226 0.00120898
3 0.0667043 0.06483 0.11325 0.112382 0.00120113
1 0.0671872 0.0649499 0.112288 0.112601 0.00120011
10 0.688133 0.43701 0.112183 0.113816 0.00118109
7 0.688256 0.685003 0.110873 0.110937 0.0011806
13 0.439269 0.189224 0.111657 0.112598 0.00117376
12 0.811249 0.5618 0.110846 0.111942 0.00116059
10 0.811997 0.561672 0.112431 0.113138 0.00114562
1 0.0665164 0.313582 0.112393 0.112183 0.00113223
4 0.812141 0.933912 0.111738 0.112714 0.00111461
4 0.936009 0.437337 0.113343 0.112181 0.00111061
11 0.439573 0.437798 0.112643 0.112719 0.00110871
0 0.563642 0.31363 0.11229 0.111748 0.00110203
10 0.688151 0.561318 0.112313 0.112612 0.0010925
2 0.813101 0.933135 0.111425 0.114059 0.00107934
4 0.811985 0.437497 0.111657 0.113034 0.00107012
7 0.439857 0.313658 0.11219 0.112603 0.00106382
2 0.439989 0.561269 0.113146 0.113135 0.00106237
11 0.811439 0.188864 0.112611 0.113004 0.00105188
9 0.936014 0.18897 0.112197 0.112484 0.00104337
10 0.936466 0.312992 0.113164 0.1138 0.0010395
2 0.811578 0.0648723 0.112688 0.112088 0.00103912
12 0.0674003 0.313719 0.113185 0.11233 0.00103817
11 0.315211 0.80956 0.111418 0.111322 0.00103413
9 0.936047 0.933725 0.114258 0.114034 0.00103118
7 0.315358 0.933908 0.111827 0.112764 0.00102898
1 0.191251 0.313154 0.111362 0.111791 0.00102287
0 0.936228 0.933665 0.11232 0.11269 0.00100491
4 0.439706 0.0648313 0.112049 0.113543 0.00100431
