9 0.315396 0.933755 0.11193 0.1131 0.987912
9 0.563836 0.933978 0.111551 0.113481 0.987035
11 0.439137 0.934063 0.111688 0.113361 0.986004
9 0.563767 0.685273 0.111362 0.112731 0.985369
3 0.0673298 0.685617 0.112704 0.113356 0.98495
8 0.688036 0.809622 0.111733 0.112707 0.98372
11 0.19132 0.0647541 0.112061 0.112778 0.983316
2 0.687769 0.933731 0.113323 0.114136 0.983298
13 0.191921 0.313095 0.111691 0.112984 0.983218
3 0.0659875 0.933714 0.115474 0.114218 0.983146
13 0.0675003 0.18909 0.112194 0.112519 0.982956
6 0.0670842 0.561289 0.113457 0.112926 0.982796
10 0.315838 0.685377 0.112725 0.113023 0.982786
4 0.315316 0.188733 0.11333 0.1139 0.982774
5 0.811859 0.0658364 0.111256 0.112335 0.982646
3 0.438703 0.189158 0.112136 0.113344 0.982536
1 0.191523 0.809286 0.111603 0.112108 0.982403
6 0.0669772 0.313676 0.113118 0.112933 0.982228
11 0.315144 0.436943 0.112849 0.113256 0.982051
11 0.191372 0.56102 0.111342 0.111996 0.981829
0 0.315266 0.0638367 0.111659 0.112816 0.9817
8 0.439401 0.809558 0.111855 0.111939 0.981638
11 0.811788 0.933578 0.111725 0.11366 0.981582
1 0.066992 0.437588 0.112746 0.112269 0.981566
3 0.315201 0.561552 0.112033 0.112199 0.981533
0 0.315784 0.809333 0.112155 0.111818 0.981364
7 0.44001 0.561458 0.112376 0.113155 0.981347
0 0.191109 0.188336 0.112494 0.112812 0.981333
4 0.0672693 0.809617 0.113218 0.112666 0.981294
10 0.191077 0.684936 0.11289 0.112103 0.981288
6 0.563448 0.0650011 0.111894 0.113849 0.981264
0 0.936046 0.684873 0.113485 0.112415 0.981208
0 0.191059 0.437039 0.112176 0.11245 0.981071
8 0.936604 0.809596 0.112038 0.113365 0.981008
0 0.315207 0.312598 0.112254 0.112433 0.980928
10 0.191408 0.933188 0.113763 0.115233 0.980879
2 0.936029 0.933744 0.114102 0.113524 0.980666
9 0.811873 0.685705 0.112105 0.112605 0.979684
5 0.563455 0.561331 0.111703 0.113408 0.979635
0 0.0672155 0.0648834 0.111411 0.112476 0.97955
0 0.564029 0.809561 0.111936 0.11291 0.97954
0 0.811956 0.809467 0.112323 0.112571 0.979528
10 0.563633 0.188813 0.112211 0.114637 0.97951
9 0.811275 0.31355 0.112046 0.111984 0.979267
0 0.439204 0.685282 0.111626 0.112055 0.979257
0 0.439182 0.43762 0.111379 0.1117 0.979139
7 0.563803 0.313384 0.112391 0.113978 0.979096
10 0.688052 0.561377 0.112299 0.113949 0.979024
1 0.56334 0.437234 0.112223 0.112787 0.978992
1 0.687651 0.313038 0.112636 0.113144 0.978942
1 0.439369 0.31356 0.112454 0.112808 0.978881
11 0.687638 0.188818 0.111967 0.113701 0.978843
0 0.811875 0.56133 0.112303 0.112667 0.978805
9 0.935705 0.189242 0.111579 0.112768 0.978641
12 0.935929 0.0654238 0.112313 0.112371 0.978486
12 0.43972 0.064276 0.112439 0.113086 0.978462
0 0.687976 0.685337 0.112405 0.113112 0.978219
3 0.687451 0.437328 0.11134 0.112116 0.978199
1 0.93631 0.561167 0.114045 0.113254 0.978106
0 0.93595 0.437005 0.11307 0.111934 0.977875
2 0.687657 0.065014 0.111825 0.111517 0.977688
2 0.811427 0.18866 0.11195 0.111962 0.977627
8 0.812207 0.437283 0.112228 0.112209 0.977562
7 0.936318 0.313053 0.112869 0.113664 0.977332
6 0.439477 0.0648631 0.110701 0.113197 0.0116586
6 0.935269 0.0649411 0.113074 0.11392 0.00895494
5 0.687739 0.189653 0.112073 0.112974 0.00733604
2 0.812328 0.436667 0.112547 0.11124 0.00640636
2 0.688339 0.809452 0.112348 0.111806 0.00628357
8 0.688393 0.933536 0.112119 0.113228 0.00485393
12 0.8121 0.313542 0.111322 0.112679 0.00400075
11 0.811352 0.0651466 0.112667 0.111963 0.00389369
2 0.936647 0.809471 0.112499 0.112795 0.00388478
5 0.935908 0.933751 0.113583 0.113246 0.00368834
12 0.191649 0.933547 0.111813 0.113145 0.00368238
1 0.0669538 0.064022 0.113127 0.113083 0.0036076
1 0.688089 0.0641577 0.11261 0.111955 0.00338514
8 0.813046 0.933422 0.112432 0.113814 0.00333762
5 0.68828 0.561551 0.11174 0.112201 0.00331089
0 0.688027 0.312416 0.112442 0.112939 0.0031856
1 0.811772 0.560935 0.112801 0.112321 0.00295198
10 0.811546 0.932972 0.111519 0.111648 0.00290833
4 0.688179 0.561731 0.111596 0.11432 0.00287227
0 0.936489 0.560722 0.113253 0.112289 0.00283583
7 0.0675003 0.18909 0.112194 0.112519 0.00280834
11 0.811495 0.436916 0.110098 0.111893 0.00280803
3 0.0665648 0.31364 0.11223 0.112734 0.00273406
0 0.813105 0.685547 0.112352 0.112239 0.00273199
7 0.935842 0.064497 0.112614 0.113257 0.0026501
5 0.811346 0.188487 0.113303 0.11258 0.00259151
8 0.81159 0.685433 0.110974 0.112419 0.00258641
12 0.687613 0.437552 0.110987 0.111708 0.00256696
8 0.811449 0.313133 0.111115 0.112806 0.00248907
0 0.811593 0.438067 0.110537 0.111515 0.00248581
5 0.686826 0.0645247 0.11197 0.111442 0.00238783
4 0.935832 0.313572 0.114012 0.113315 0.00237202
1 0.811669 0.188741 0.112079 0.112211 0.00221915
13 0.191672 0.933332 0.111167 0.111883 0.0021951
4 0.56345 0.18913 0.111834 0.113662 0.002194
10 0.0666905 0.188793 0.114508 0.11312 0.00217827
12 0.439477 0.188969 0.112153 0.113072 0.00209219
0 0.563671 0.436613 0.112169 0.112783 0.00208894
5 0.811788 0.933578 0.111725 0.11366 0.002042
5 0.315237 0.437694 0.112379 0.113521 0.00200656
12 0.563873 0.685292 0.111737 0.111972 0.00193707
12 0.935961 0.31312 0.112845 0.1134 0.00193467
8 0.688095 0.064513 0.110621 0.112556 0.00190439
12 0.936259 0.189108 0.111999 0.112744 0.00190094
11 0.0666905 0.188793 0.114508 0.11312 0.00187772
6 0.687902 0.438011 0.112491 0.112248 0.00186573
11 0.68828 0.561551 0.11174 0.112201 0.00185982
12 0.813053 0.685502 0.111146 0.113195 0.001843
1 0.68816 0.93355 0.113283 0.113611 0.0018412
12 0.563719 0.188635 0.11245 0.113931 0.00183738
2 0.688136 0.437622 0.111067 0.111265 0.00183385
8 0.93596 0.188979 0.111735 0.11394 0.00181146
11 0.688322 0.809611 0.112892 0.112676 0.00181043
5 0.190917 0.065116 0.112448 0.11369 0.00178923
11 0.439385 0.809233 0.111983 0.111808 0.00177598
1 0.439636 0.685066 0.112259 0.112979 0.00177083
1 0.688005 0.685091 0.112797 0.112568 0.00176043
7 0.0669259 0.809593 0.115086 0.11363 0.00175825
3 0.563448 0.0650011 0.111894 0.113849 0.00174957
1 0.315669 0.188959 0.112581 0.112843 0.00171446
3 0.688048 0.933666 0.111659 0.113622 0.00166248
7 0.688179 0.561731 0.111596 0.11432 0.00162016
11 0.936009 0.933965 0.112358 0.114147 0.00161912
2 0.439753 0.80985 0.11251 0.113377 0.00158865
10 0.686751 0.188984 0.113012 0.112164 0.00157247
0 0.936447 0.809704 0.111765 0.112869 0.0015704
0 0.0664987 0.436659 0.114496 0.111796 0.00156213
10 0.8111 0.0647672 0.111696 0.112376 0.00155325
0 0.812107 0.313569 0.111201 0.112739 0.00153957
4 0.688111 0.437293 0.111716 0.113065 0.00153136
2 0.688012 0.313151 0.112416 0.113538 0.00152981
0 0.439349 0.313226 0.112173 0.113062 0.00152144
8 0.811458 0.188334 0.11222 0.113719 0.0015203
3 0.812106 0.685282 0.112011 0.11307 0.00151102
12 0.191644 0.68512 0.111648 0.11138 0.00150369
7 0.564012 0.0650228 0.11263 0.113897 0.00150079
10 0.936131 0.313406 0.112789 0.115418 0.00147044
13 0.191163 0.685069 0.112425 0.111958 0.00146326
1 0.564184 0.809519 0.111963 0.112805 0.00145471
9 0.936152 0.684907 0.112138 0.112466 0.0014395
9 0.935909 0.437261 0.112304 0.112243 0.00142002
4 0.688048 0.933666 0.111659 0.113622 0.00141656
4 0.563662 0.437304 0.112173 0.11224 0.00140902
1 0.439458 0.436817 0.111775 0.112294 0.00139562
7 0.0675228 0.313775 0.113232 0.113051 0.00137725
1 0.0672063 0.809689 0.114862 0.113591 0.00133317
3 0.812107 0.313569 0.111201 0.112739 0.00132959
13 0.687806 0.561343 0.110883 0.112008 0.00132328
4 0.43955 0.313903 0.112131 0.112914 0.00132021
4 0.687778 0.313225 0.112196 0.112591 0.00131311
11 0.56358 0.560926 0.1112 0.111743 0.00131064
5 0.066735 0.809118 0.112994 0.113355 0.00130333
3 0.0670842 0.561289 0.113457 0.112926 0.00129425
8 0.564024 0.933715 0.112355 0.112619 0.00129311
12 0.439992 0.561094 0.111493 0.113515 0.00129154
1 0.315685 0.809262 0.112133 0.112533 0.00128508
4 0.191523 0.809286 0.111603 0.112108 0.00126904
3 0.563767 0.685273 0.111362 0.112731 0.0012502
12 0.68828 0.561551 0.11174 0.112201 0.00124703
10 0.191183 0.313163 0.112484 0.113072 0.00123849
8 0.935858 0.933988 0.113647 0.113848 0.00122274
3 0.811789 0.189151 0.111771 0.111808 0.00120191
12 0.315916 0.685419 0.111978 0.111515 0.00118971
1 0.811956 0.809467 0.112323 0.112571 0.00118506
9 0.688205 0.684949 0.112994 0.113395 0.0011839
7 0.191712 0.3136 0.110907 0.112304 0.00117942
6 0.439991 0.561046 0.111846 0.112575 0.00116365
1 0.315067 0.561337 0.11248 0.112212 0.00114191
0 0.935979 0.189065 0.111991 0.113453 0.00114113
1 0.936219 0.933547 0.113629 0.113327 0.0011383
4 0.936489 0.560722 0.113253 0.112289 0.00112822
1 0.563665 0.0651735 0.111698 0.112427 0.00112414
9 0.191183 0.313163 0.112484 0.113072 0.00111929
0 0.191364 0.809205 0.112095 0.112855 0.00111696
8 0.439551 0.933452 0.113329 0.113544 0.00110375
11 0.811551 0.685239 0.11209 0.112411 0.00108438
3 0.935959 0.933753 0.112993 0.112169 0.0010735
5 0.563486 0.189074 0.112894 0.112973 0.00105907
4 0.44001 0.561458 0.112376 0.113155 0.00105742
12 0.0662507 0.933684 0.113168 0.113287 0.00105007
9 0.0666905 0.188793 0.114508 0.11312 0.00103943
11 0.191183 0.313163 0.112484 0.113072 0.00102409
12 0.56435 0.933943 0.112535 0.112 0.0010187
4 0.066992 0.437588 0.112746 0.112269 0.00100325
10 0.563985 0.31358 0.112626 0.113993 0.00100031
