0 0.935771 0.933257 0.113069 0.112338 0.986151
3 0.190889 0.933769 0.113278 0.11328 0.985942
3 0.439112 0.685379 0.112414 0.112646 0.985776
5 0.191649 0.685363 0.110794 0.113084 0.985222
1 0.315618 0.933764 0.112755 0.113666 0.985068
13 0.56374 0.809658 0.112128 0.113938 0.985016
7 0.811213 0.0655078 0.113422 0.113419 0.98445
8 0.0662906 0.437363 0.113339 0.113018 0.98413
9 0.191004 0.437217 0.112372 0.113421 0.984109
1 0.563625 0.933948 0.112096 0.11357 0.984043
9 0.315233 0.437293 0.112055 0.113269 0.98393
0 0.688295 0.9333 0.111555 0.112556 0.983142
1 0.191499 0.809338 0.111717 0.11227 0.983082
13 0.190362 0.18863 0.112225 0.112927 0.982856
4 0.315795 0.685704 0.113163 0.113315 0.982608
7 0.067545 0.933914 0.113818 0.115006 0.98258
9 0.812282 0.809522 0.111426 0.113435 0.982551
3 0.0653962 0.189144 0.111927 0.113249 0.982522
5 0.191628 0.313478 0.110622 0.112571 0.982507
6 0.067217 0.561545 0.11277 0.112339 0.982098
1 0.191319 0.561295 0.111912 0.112357 0.982093
4 0.8124 0.933939 0.113385 0.114895 0.98197
2 0.315016 0.56138 0.112322 0.111756 0.981304
3 0.438797 0.189155 0.112204 0.113142 0.981296
10 0.315406 0.809456 0.111249 0.112084 0.981028
3 0.936107 0.064901 0.11386 0.114725 0.980954
10 0.0674623 0.809494 0.113508 0.113138 0.980896
13 0.68744 0.0647572 0.112329 0.112779 0.980561
11 0.936426 0.809744 0.112766 0.112288 0.980561
10 0.439306 0.809862 0.111839 0.113216 0.980551
1 0.687855 0.809741 0.111792 0.113718 0.980488
8 0.563567 0.189581 0.111494 0.112273 0.980218
13 0.563907 0.561719 0.11249 0.11348 0.980095
10 0.0672082 0.685105 0.113022 0.112677 0.979945
11 0.439341 0.312898 0.11272 0.112997 0.979774
7 0.687718 0.189421 0.112564 0.113156 0.979714
1 0.563466 0.684988 0.111248 0.112492 0.979544
5 0.43921 0.561585 0.112261 0.113075 0.979331
12 0.314088 0.0649488 0.1127 0.111844 0.979325
2 0.439496 0.437412 0.111528 0.111777 0.979315
4 0.688012 0.436841 0.113783 0.114685 0.979186
0 0.0670479 0.313348 0.112319 0.11293 0.979147
8 0.314978 0.313497 0.112416 0.112582 0.979135
12 0.314896 0.188782 0.113352 0.112542 0.979073
1 0.189548 0.0648231 0.111814 0.112645 0.979044
1 0.687651 0.561494 0.113028 0.113494 0.978976
1 0.439036 0.0649356 0.112434 0.113645 0.978808
5 0.812009 0.43711 0.112456 0.113328 0.978772
13 0.812033 0.685807 0.112533 0.11271 0.978714
12 0.563361 0.313356 0.111804 0.111572 0.97861
12 0.563844 0.436783 0.111894 0.113074 0.978593
9 0.935507 0.189756 0.111565 0.112794 0.978536
5 0.811871 0.189181 0.112703 0.113352 0.978517
5 0.81206 0.5618 0.112778 0.11408 0.978479
11 0.936202 0.685589 0.112346 0.112907 0.978405
8 0.439793 0.934198 0.112613 0.113514 0.978341
0 0.687577 0.685393 0.111888 0.112263 0.978244
4 0.936529 0.561345 0.114283 0.114432 0.978221
1 0.936103 0.313042 0.113588 0.111749 0.977956
12 0.936345 0.436888 0.112876 0.113568 0.977928
0 0.563053 0.0655471 0.111263 0.111274 0.977732
12 0.0656519 0.0646324 0.111462 0.112873 0.977717
12 0.812264 0.312961 0.112237 0.111741 0.977606
2 0.687793 0.312932 0.111028 0.110909 0.977503
2 0.563691 0.188296 0.111319 0.112424 0.0376576
2 0.0661867 0.436352 0.115004 0.111847 0.0175543
6 0.0653989 0.0646869 0.112374 0.114086 0.0147192
6 0.563782 0.313768 0.11059 0.11298 0.0122392
6 0.811506 0.313611 0.112507 0.111943 0.0120641
6 0.563705 0.437397 0.111611 0.112689 0.0109863
4 0.44 0.809969 0.112414 0.112819 0.0103981
6 0.936099 0.437161 0.112828 0.113707 0.0103417
1 0.066797 0.312889 0.112736 0.112396 0.0101111
6 0.314687 0.189344 0.113367 0.113925 0.00749544
7 0.936644 0.436414 0.112956 0.113826 0.00697946
2 0.315107 0.313553 0.111779 0.112206 0.00554349
6 0.314399 0.0647779 0.113522 0.114417 0.00549729
11 0.811468 0.437056 0.111584 0.111679 0.00513214
1 0.687243 0.313319 0.110585 0.111554 0.00512939
1 0.439192 0.437951 0.110234 0.111078 0.00492262
12 0.440125 0.809757 0.111918 0.11191 0.00465019
11 0.811542 0.561485 0.111668 0.111321 0.00458633
4 0.0673471 0.685496 0.113361 0.11287 0.00446438
12 0.31583 0.809467 0.111887 0.111427 0.0044356
8 0.688114 0.313141 0.110112 0.111911 0.00404644
0 0.936051 0.313271 0.112655 0.110701 0.00400407
5 0.440125 0.809757 0.111918 0.11191 0.00382729
11 0.811329 0.189321 0.11322 0.112618 0.0038031
7 0.811843 0.932645 0.114094 0.116404 0.00350992
12 0.315559 0.43658 0.110938 0.112621 0.00349908
0 0.189367 0.0644878 0.112293 0.113804 0.00349795
12 0.19136 0.436617 0.110048 0.112085 0.00344459
1 0.688139 0.436938 0.113074 0.113923 0.00339111
2 0.439372 0.934135 0.111692 0.112871 0.00331486
0 0.688217 0.809348 0.111659 0.112237 0.00322781
7 0.811474 0.312955 0.109993 0.112355 0.00317322
0 0.687819 0.560766 0.112842 0.113349 0.00307381
12 0.811067 0.064725 0.11272 0.112673 0.00306765
1 0.687718 0.685062 0.111799 0.111592 0.00305809
4 0.315333 0.809263 0.112548 0.112813 0.00285513
0 0.813081 0.809587 0.112016 0.111953 0.00279646
12 0.686735 0.189491 0.110033 0.112765 0.00277202
5 0.93598 0.809618 0.112458 0.112599 0.00272852
3 0.812282 0.809522 0.111426 0.113435 0.00264756
11 0.439406 0.933749 0.110926 0.110471 0.00264495
0 0.43923 0.0642258 0.111903 0.114102 0.00257606
5 0.686818 0.313091 0.113293 0.110569 0.0025714
5 0.439612 0.313691 0.112142 0.112897 0.00247531
11 0.191198 0.685336 0.11268 0.112433 0.00245689
3 0.315175 0.560924 0.112339 0.111484 0.00239464
7 0.687673 0.437193 0.112287 0.11299 0.00238618
1 0.563821 0.0638741 0.110863 0.113661 0.00236895
4 0.0671267 0.933559 0.114535 0.114512 0.00233594
7 0.56379 0.436482 0.11194 0.11294 0.00233111
0 0.563787 0.685035 0.11084 0.111047 0.00220685
10 0.191198 0.685336 0.11268 0.112433 0.00219855
2 0.688057 0.561544 0.111782 0.112949 0.0021519
10 0.812428 0.933884 0.11167 0.114903 0.00212394
5 0.315498 0.56131 0.112129 0.11354 0.00211836
12 0.811194 0.685912 0.110971 0.111661 0.00210468
1 0.93636 0.561216 0.112964 0.113444 0.00210104
1 0.315795 0.685704 0.113163 0.113315 0.00209768
12 0.191683 0.93374 0.111962 0.112011 0.0020668
5 0.936517 0.68567 0.112132 0.111808 0.00206228
0 0.563648 0.933742 0.110829 0.112086 0.00205324
11 0.439384 0.561108 0.111748 0.111609 0.00193476
7 0.812019 0.685193 0.112537 0.113927 0.00191123
7 0.935995 0.561132 0.113509 0.115425 0.00189695
8 0.935896 0.189374 0.11132 0.113947 0.00188899
0 0.191116 0.561122 0.112137 0.112983 0.00186588
5 0.315357 0.809169 0.111847 0.111869 0.0018601
12 0.812297 0.809667 0.112152 0.113149 0.00184738
5 0.0670475 0.80909 0.112563 0.112665 0.00183583
5 0.066924 0.685273 0.114254 0.113052 0.00179157
5 0.811765 0.932816 0.114883 0.113059 0.00178983
7 0.687699 0.0651521 0.112693 0.114352 0.00178898
0 0.191301 0.809337 0.112166 0.113175 0.00174852
11 0.0661867 0.436352 0.115004 0.111847 0.00173879
7 0.190287 0.188935 0.112019 0.112467 0.00173567
0 0.315745 0.93365 0.112095 0.114014 0.00168741
10 0.439272 0.561521 0.111583 0.1118 0.00167302
2 0.68822 0.809443 0.112305 0.112831 0.00166868
10 0.189558 0.188736 0.113208 0.113233 0.00164776
1 0.812257 0.934072 0.112892 0.114338 0.0016366
13 0.315357 0.809169 0.111847 0.111869 0.00161887
12 0.0673927 0.809489 0.11257 0.111831 0.00159271
13 0.68685 0.189162 0.112536 0.112 0.00156528
12 0.686519 0.0650814 0.110035 0.111115 0.00156322
10 0.811514 0.561093 0.113126 0.111956 0.00155766
1 0.315558 0.561334 0.112277 0.112475 0.00155538
12 0.936142 0.189447 0.112056 0.11324 0.00153416
8 0.81157 0.809923 0.110797 0.112695 0.00150493
9 0.935897 0.933478 0.11159 0.112369 0.00146097
0 0.0662215 0.438057 0.112763 0.113244 0.00144859
2 0.935945 0.686168 0.111905 0.11265 0.001444
11 0.563536 0.18879 0.113093 0.113108 0.00144394
2 0.813124 0.561939 0.112768 0.11486 0.00143285
10 0.190944 0.312934 0.111357 0.111786 0.00141441
4 0.688217 0.809348 0.111659 0.112237 0.00137113
5 0.439913 0.436884 0.111621 0.114048 0.00136865
2 0.811298 0.189087 0.113535 0.113134 0.00135448
4 0.563787 0.685035 0.11084 0.111047 0.00134297
10 0.936026 0.80961 0.111863 0.112998 0.0013424
4 0.688119 0.189623 0.112809 0.113177 0.00133816
12 0.439481 0.188826 0.112013 0.112565 0.00132015
7 0.564473 0.809724 0.112175 0.113321 0.00131204
12 0.0657126 0.188075 0.112497 0.113425 0.00131157
4 0.0674623 0.809494 0.113508 0.113138 0.00131051
13 0.0670475 0.80909 0.112563 0.112665 0.00131042
0 0.191326 0.437926 0.110827 0.113306 0.00130894
3 0.0667209 0.561215 0.114105 0.113231 0.0013059
13 0.439717 0.809938 0.111666 0.111839 0.00128163
12 0.563998 0.561241 0.111903 0.112966 0.00127056
12 0.439323 0.685428 0.111603 0.112248 0.0012548
6 0.810987 0.0643725 0.111972 0.112415 0.00125361
6 0.688087 0.189411 0.112644 0.114184 0.00124473
4 0.811213 0.0655078 0.113422 0.113419 0.00122615
10 0.935957 0.685434 0.111312 0.112916 0.0012191
2 0.811437 0.436798 0.112688 0.112308 0.00121468
0 0.315349 0.313497 0.111939 0.112092 0.00120464
10 0.43936 0.313358 0.111983 0.112663 0.00119009
3 0.439166 0.437124 0.111658 0.112353 0.00117588
7 0.43947 0.809715 0.112928 0.113679 0.00115003
8 0.439192 0.437951 0.110234 0.111078 0.00114654
0 0.315774 0.4379 0.11101 0.113474 0.00112266
11 0.191157 0.313064 0.111321 0.111537 0.00111378
3 0.936426 0.436492 0.111226 0.114997 0.00110871
12 0.935287 0.0650972 0.111183 0.112198 0.00109574
12 0.0674141 0.685495 0.112905 0.111857 0.00109247
0 0.93592 0.189457 0.111707 0.113453 0.00109039
3 0.687844 0.313508 0.111195 0.110643 0.00108998
4 0.191358 0.313294 0.111814 0.112172 0.00108063
11 0.314867 0.313102 0.112739 0.112205 0.00105344
9 0.93588 0.0647749 0.112628 0.113697 0.00105127
7 0.0672321 0.684982 0.112563 0.112843 0.00105112
10 0.688414 0.436593 0.112898 0.113844 0.00104863
3 0.563739 0.436534 0.111609 0.112935 0.00103553
6 0.0658404 0.188773 0.113137 0.11381 0.00101455
10 0.811137 0.189651 0.111907 0.112679 0.00101217
4 0.687819 0.560766 0.112842 0.113349 0.00100855
4 0.191319 0.561295 0.111912 0.112357 0.00100621
10 0.812255 0.436567 0.110514 0.111386 0.00100448
7 0.315333 0.809263 0.112548 0.112813 0.00100301
