5 0.191722 0.809605 0.110906 0.112239 0.986467
9 0.935413 0.933765 0.113371 0.113487 0.986356
2 0.563419 0.809773 0.111913 0.113307 0.986055
13 0.563558 0.933876 0.111511 0.113731 0.985834
7 0.43972 0.80992 0.111627 0.111862 0.985513
12 0.191281 0.933688 0.110421 0.112988 0.985138
2 0.191909 0.685503 0.110515 0.11196 0.984687
5 0.191765 0.56183 0.110996 0.11238 0.984173
2 0.439363 0.0647003 0.1108 0.112503 0.983809
8 0.439419 0.934294 0.11262 0.113162 0.983804
10 0.0667367 0.934176 0.113407 0.114416 0.983671
5 0.0669439 0.437839 0.112471 0.112384 0.98367
2 0.3161 0.561211 0.11131 0.112934 0.983184
4 0.191224 0.437092 0.112732 0.112094 0.983056
13 0.315156 0.43756 0.112145 0.111318 0.982926
12 0.0669265 0.189207 0.112711 0.112573 0.982448
4 0.315372 0.809295 0.112496 0.112297 0.982366
4 0.0671775 0.809696 0.113086 0.112582 0.982102
13 0.191718 0.0652953 0.11094 0.112761 0.982053
0 0.687857 0.933159 0.112652 0.113516 0.981988
4 0.067557 0.313066 0.113432 0.113014 0.981687
4 0.0674918 0.0648889 0.113174 0.113066 0.981567
2 0.191598 0.189133 0.110417 0.1117 0.981184
4 0.812277 0.93353 0.111886 0.112809 0.981129
4 0.687732 0.0653806 0.110966 0.112763 0.980956
10 0.439196 0.188623 0.112693 0.111969 0.980885
5 0.43998 0.313728 0.11108 0.112393 0.980795
10 0.439219 0.56057 0.11178 0.11188 0.98078
8 0.191307 0.313376 0.110932 0.11202 0.980745
13 0.81181 0.0649122 0.11208 0.112446 0.980629
11 0.68778 0.809669 0.112685 0.113751 0.98056
12 0.315471 0.188863 0.112547 0.111629 0.980476
11 0.31539 0.934056 0.112379 0.113834 0.980289
4 0.563359 0.188722 0.111589 0.113329 0.980002
9 0.687553 0.437206 0.112013 0.111922 0.979933
2 0.93648 0.809713 0.111648 0.110706 0.979763
1 0.687701 0.561081 0.112866 0.11321 0.979565
8 0.31546 0.313253 0.111796 0.112509 0.979538
7 0.563594 0.685865 0.111868 0.111799 0.979303
11 0.315397 0.684655 0.111639 0.11162 0.979281
3 0.687586 0.313447 0.111799 0.1121 0.979211
11 0.3151 0.0652219 0.111921 0.113138 0.979177
5 0.563467 0.560937 0.111733 0.113424 0.979167
12 0.812225 0.312934 0.112215 0.111995 0.979142
10 0.563663 0.312817 0.111936 0.113477 0.979008
9 0.811842 0.188752 0.111964 0.11291 0.978959
9 0.811857 0.685801 0.112431 0.11266 0.978803
10 0.936302 0.188836 0.112842 0.113148 0.978783
5 0.687597 0.188782 0.112017 0.113313 0.978759
11 0.563487 0.436976 0.111601 0.114253 0.978746
11 0.935618 0.0655954 0.112182 0.112957 0.978477
0 0.812176 0.56117 0.112619 0.112784 0.978472
0 0.438994 0.437224 0.111814 0.113617 0.978352
8 0.811964 0.809939 0.112063 0.112904 0.9782
8 0.0669495 0.685486 0.11263 0.112551 0.978121
11 0.687499 0.685195 0.111924 0.113405 0.978108
8 0.936266 0.436883 0.113086 0.112239 0.977991
13 0.812346 0.43707 0.112925 0.113118 0.977755
0 0.563434 0.0644835 0.111903 0.11373 0.9777
6 0.936758 0.313075 0.113482 0.111257 0.977669
2 0.936395 0.561744 0.111343 0.112095 0.977584
2 0.936234 0.685378 0.112784 0.112565 0.977166
8 0.439159 0.685252 0.11139 0.111415 0.976812
0 0.0668736 0.561211 0.111955 0.112306 0.974123
1 0.0666563 0.56099 0.11467 0.112445 0.0537023
5 0.935578 0.0660267 0.111775 0.11213 0.02763
3 0.81218 0.685391 0.111147 0.111959 0.0160937
2 0.0669111 0.685183 0.113586 0.112791 0.0123423
5 0.315188 0.0646917 0.111119 0.112305 0.0116087
3 0.687673 0.437299 0.11154 0.112615 0.0105331
5 0.687488 0.685529 0.111731 0.111505 0.010507
2 0.191481 0.313264 0.111143 0.11141 0.00858935
3 0.811773 0.189283 0.111473 0.112436 0.00857489
1 0.191373 0.437021 0.112718 0.112579 0.00832145
5 0.31536 0.685227 0.111661 0.112451 0.00747222
5 0.68766 0.810028 0.111185 0.111688 0.00706453
5 0.563572 0.437673 0.111433 0.112416 0.00683828
11 0.811916 0.810019 0.112596 0.111832 0.00597448
1 0.439078 0.437281 0.111396 0.111783 0.00566363
2 0.812816 0.809546 0.111328 0.11269 0.00563713
2 0.440018 0.685172 0.111572 0.112243 0.00536803
11 0.439815 0.685596 0.112505 0.11247 0.0047015
2 0.31583 0.313111 0.11157 0.112242 0.00455059
5 0.315889 0.933675 0.112856 0.112596 0.004453
1 0.0668317 0.809086 0.113354 0.112407 0.00403865
3 0.936095 0.933727 0.112492 0.113494 0.00400021
1 0.0671536 0.313127 0.113404 0.112361 0.00372277
12 0.688146 0.437419 0.112625 0.112648 0.00354336
1 0.812242 0.56069 0.112266 0.112546 0.00331389
7 0.191088 0.0653767 0.110952 0.112005 0.00325188
10 0.686821 0.685181 0.109745 0.11107 0.00321696
1 0.315718 0.809673 0.11288 0.112677 0.00316623
6 0.315704 0.188737 0.11191 0.112386 0.00316546
11 0.315488 0.312965 0.1115 0.111898 0.00311849
2 0.687732 0.0653806 0.110966 0.112763 0.003109
0 0.688109 0.560815 0.111838 0.111852 0.00301287
1 0.0672492 0.0650786 0.113163 0.112711 0.00300268
1 0.563546 0.188853 0.111231 0.112964 0.00298012
4 0.563705 0.313946 0.11134 0.113054 0.0029247
2 0.439953 0.934309 0.11235 0.112884 0.00288536
3 0.936346 0.685498 0.111436 0.112703 0.00284263
7 0.812218 0.43758 0.11216 0.113237 0.00275653
12 0.813101 0.43745 0.110582 0.112653 0.00271096
7 0.812328 0.065258 0.111914 0.113282 0.00268521
4 0.439833 0.561056 0.112145 0.112906 0.00268182
12 0.812489 0.685578 0.113126 0.113034 0.00265466
7 0.191382 0.437296 0.111152 0.111853 0.00264509
1 0.687503 0.0652493 0.112464 0.112944 0.0026222
1 0.563582 0.0636963 0.111577 0.11338 0.00261554
2 0.811801 0.933977 0.111823 0.114023 0.00255271
6 0.0665584 0.189132 0.112571 0.11203 0.00254687
1 0.936229 0.561295 0.114053 0.114107 0.00254609
10 0.563799 0.436776 0.110555 0.112639 0.0025325
3 0.688053 0.18934 0.113573 0.112618 0.00252073
12 0.935721 0.934145 0.112301 0.114067 0.00251204
3 0.936784 0.561603 0.111428 0.113419 0.00249303
10 0.936005 0.0653009 0.113028 0.11294 0.00248239
0 0.688146 0.437419 0.112625 0.112648 0.00243908
6 0.811676 0.932675 0.112937 0.111463 0.00243049
12 0.56387 0.313051 0.112 0.112999 0.00242101
2 0.936359 0.437256 0.112357 0.113348 0.00242038
11 0.439953 0.934309 0.11235 0.112884 0.00240921
1 0.936073 0.809599 0.11413 0.113753 0.00232237
12 0.439765 0.188743 0.111712 0.112439 0.00231114
13 0.936199 0.189005 0.111803 0.111175 0.00230156
13 0.43938 0.188796 0.111211 0.112026 0.00228353
5 0.93611 0.685494 0.114545 0.114493 0.00223306
2 0.563387 0.189489 0.110705 0.112726 0.002158
3 0.936563 0.313077 0.113697 0.113114 0.00215261
12 0.811979 0.189077 0.111645 0.112066 0.0021121
0 0.936305 0.436823 0.113546 0.111531 0.00210916
0 0.813072 0.685664 0.111966 0.112221 0.00203468
13 0.563044 0.312915 0.111289 0.111872 0.00202522
7 0.687826 0.0647571 0.11105 0.111658 0.00201904
1 0.811926 0.933724 0.111284 0.113697 0.00201213
6 0.191382 0.437296 0.111152 0.111853 0.00198107
2 0.688123 0.313634 0.11118 0.111562 0.00197091
12 0.315771 0.437925 0.1081 0.112918 0.00196706
1 0.936391 0.685432 0.1127 0.11252 0.00194035
3 0.315635 0.561073 0.113189 0.113017 0.00185209
13 0.43945 0.561055 0.11132 0.112135 0.00180519
2 0.688125 0.684903 0.112699 0.113286 0.001804
11 0.191357 0.313199 0.110748 0.111384 0.00176235
4 0.439495 0.189113 0.11156 0.112439 0.00172515
1 0.315567 0.560786 0.112768 0.112828 0.00170579
1 0.563733 0.809388 0.112593 0.112813 0.00169065
10 0.687481 0.189182 0.111992 0.112692 0.00168218
10 0.191176 0.809436 0.11174 0.112249 0.00167721
7 0.811697 0.932665 0.111383 0.112274 0.00167046
4 0.688053 0.18934 0.113573 0.112618 0.00166628
1 0.439579 0.064453 0.111566 0.113282 0.00163597
6 0.0666464 0.809399 0.111953 0.112431 0.00163509
2 0.688211 0.809622 0.11175 0.113463 0.00160612
1 0.190941 0.189383 0.111219 0.11111 0.00158031
11 0.936305 0.436823 0.113546 0.111531 0.00155845
7 0.315436 0.437611 0.112026 0.11242 0.00154106
10 0.314805 0.0650571 0.112033 0.111818 0.00152759
4 0.440207 0.809692 0.110993 0.111579 0.00149154
7 0.0674369 0.0649947 0.112439 0.11246 0.00147677
10 0.811926 0.933724 0.111284 0.113697 0.00143748
9 0.687569 0.685498 0.111555 0.11206 0.00140005
6 0.0667453 0.313368 0.111612 0.111379 0.00138806
3 0.190912 0.189036 0.111377 0.111633 0.00137094
9 0.688123 0.313634 0.11118 0.111562 0.00135698
10 0.686806 0.809129 0.112761 0.112452 0.00134845
0 0.812954 0.189312 0.112172 0.112342 0.001348
12 0.687623 0.313284 0.111235 0.111657 0.00134573
4 0.687747 0.560519 0.112477 0.112719 0.0013408
1 0.936121 0.312935 0.111173 0.113947 0.00133926
3 0.564098 0.809369 0.110795 0.112539 0.00133223
2 0.688055 0.561019 0.112243 0.112626 0.0013215
5 0.936073 0.809599 0.11413 0.113753 0.00131911
5 0.564343 0.809976 0.111965 0.112362 0.00131586
4 0.191273 0.809186 0.1117 0.112054 0.00130917
7 0.0670533 0.313021 0.112513 0.112591 0.00130241
6 0.315167 0.809318 0.112006 0.112374 0.00129598
6 0.686848 0.313223 0.11219 0.112894 0.00128738
2 0.191373 0.437021 0.112718 0.112579 0.00126461
0 0.812076 0.313636 0.111601 0.112803 0.00126313
6 0.191024 0.933725 0.111629 0.113113 0.00126112
3 0.191103 0.685514 0.112769 0.112218 0.00125931
4 0.56356 0.561288 0.11235 0.112849 0.00125702
1 0.191204 0.685197 0.112239 0.1114 0.00123866
4 0.191317 0.561059 0.11191 0.112421 0.0012372
7 0.563539 0.313233 0.111668 0.112666 0.00123245
3 0.936722 0.809544 0.110817 0.111753 0.00122982
12 0.811222 0.933915 0.112604 0.112988 0.00122944
2 0.688053 0.18934 0.113573 0.112618 0.0012218
4 0.56416 0.685449 0.111292 0.11205 0.00121917
1 0.687712 0.313119 0.111414 0.111984 0.00121861
11 0.0669495 0.685486 0.11263 0.112551 0.00121584
6 0.439853 0.809962 0.112295 0.112633 0.00121506
12 0.811431 0.0650566 0.112075 0.112776 0.00121322
10 0.31547 0.933677 0.111917 0.11188 0.00121306
4 0.688103 0.313476 0.11216 0.113148 0.0012107
10 0.439577 0.312923 0.111418 0.112133 0.00119914
2 0.0668317 0.809086 0.113354 0.112407 0.0011743
10 0.811564 0.436971 0.114182 0.112511 0.00117328
10 0.0666904 0.437346 0.112317 0.112706 0.00116408
10 0.315633 0.684848 0.112448 0.112355 0.00115729
1 0.687857 0.933159 0.112652 0.113516 0.00115685
10 0.315742 0.809747 0.113392 0.113332 0.00114281
6 0.564009 0.685515 0.112115 0.112839 0.00113956
12 0.563546 0.188853 0.111231 0.112964 0.00112926
5 0.936229 0.561295 0.114053 0.114107 0.00112038
12 0.439544 0.561345 0.112618 0.112757 0.00111087
6 0.811431 0.313535 0.112945 0.112046 0.00109401
7 0.811451 0.31328 0.112168 0.113479 0.00108965
6 0.686966 0.0644131 0.112403 0.111618 0.0010717
10 0.191245 0.560964 0.110953 0.111679 0.00106014
10 0.563184 0.561251 0.111528 0.112135 0.00104954
5 0.0663479 0.313143 0.112554 0.11231 0.0010386
3 0.0666664 0.436432 0.11317 0.112079 0.00102867
12 0.563582 0.0636963 0.111577 0.11338 0.00101861
5 0.563066 0.31302 0.111571 0.111532 0.00101777
10 0.811619 0.0652999 0.11188 0.112144 0.00101588
2 0.0666727 0.0649262 0.112164 0.111179 0.00101275
7 0.0667787 0.933354 0.113638 0.11405 0.001008
4 0.935973 0.188482 0.113463 0.114199 0.0010028
