13 0.314967 0.685271 0.111968 0.11257 0.985933
12 0.564125 0.933952 0.111054 0.113214 0.985872
5 0.439638 0.934374 0.112004 0.113318 0.985825
1 0.315755 0.933943 0.112211 0.112856 0.985239
8 0.687851 0.934075 0.112325 0.11229 0.98469
2 0.563741 0.685283 0.112023 0.113004 0.984052
0 0.935981 0.933398 0.112567 0.111393 0.983785
13 0.0670162 0.313689 0.112622 0.113049 0.983463
9 0.191224 0.561284 0.112567 0.113404 0.982982
10 0.315283 0.561027 0.112558 0.111613 0.982731
6 0.812583 0.809553 0.112426 0.114057 0.982731
13 0.0672861 0.685965 0.112642 0.112492 0.982588
1 0.439881 0.809635 0.111557 0.112311 0.982435
12 0.191437 0.437662 0.111851 0.112689 0.982212
7 0.811602 0.0653659 0.11337 0.112887 0.982212
5 0.936777 0.810336 0.1116 0.112455 0.9821
2 0.191127 0.809509 0.113155 0.112882 0.981994
4 0.19173 0.065127 0.112276 0.111984 0.981938
11 0.315474 0.312565 0.112625 0.113571 0.98188
8 0.191476 0.933966 0.112368 0.11249 0.981779
2 0.0669358 0.189822 0.112727 0.1129 0.98171
1 0.812331 0.933704 0.111904 0.113253 0.981692
8 0.0670058 0.43767 0.113074 0.113151 0.981511
11 0.439376 0.685837 0.111515 0.11289 0.981461
3 0.440135 0.313466 0.11166 0.113899 0.981425
1 0.191289 0.313098 0.112024 0.112993 0.981286
4 0.0676531 0.561584 0.113058 0.112851 0.981244
1 0.315193 0.188724 0.112079 0.112243 0.981204
11 0.191128 0.685091 0.111799 0.112064 0.981199
4 0.0676743 0.0650011 0.113041 0.112914 0.98098
10 0.439298 0.188785 0.112294 0.112702 0.980934
1 0.314947 0.437106 0.111754 0.111535 0.980841
11 0.562993 0.0655466 0.111686 0.112641 0.980664
1 0.688159 0.809491 0.111952 0.113128 0.98063
10 0.563718 0.560906 0.11198 0.113642 0.980095
10 0.563576 0.313031 0.111752 0.11375 0.980053
4 0.0677516 0.809098 0.113224 0.112727 0.979977
0 0.191382 0.189011 0.112655 0.112015 0.979906
2 0.936029 0.065349 0.112645 0.112891 0.979714
2 0.0670084 0.934062 0.11354 0.11428 0.979594
0 0.31523 0.0649483 0.111986 0.111573 0.979581
1 0.439427 0.561069 0.113045 0.113727 0.979551
6 0.563824 0.189034 0.111862 0.113277 0.97947
1 0.687727 0.561289 0.113037 0.113031 0.979335
13 0.935894 0.685718 0.113293 0.112779 0.979331
7 0.687658 0.685266 0.111987 0.111782 0.979327
5 0.563348 0.437461 0.112151 0.11243 0.979286
0 0.315463 0.80942 0.112849 0.111708 0.97922
1 0.687685 0.0646297 0.112004 0.113328 0.97889
12 0.812263 0.312807 0.112355 0.112947 0.978652
1 0.439457 0.0646775 0.111501 0.112872 0.978572
0 0.563893 0.80928 0.111754 0.112798 0.978561
9 0.812145 0.561545 0.112333 0.113361 0.978558
2 0.687445 0.188904 0.111933 0.112311 0.978485
6 0.812243 0.188616 0.112538 0.113095 0.978277
0 0.935948 0.436961 0.11308 0.112586 0.978207
0 0.439496 0.437261 0.112034 0.113646 0.97811
6 0.936509 0.188607 0.113314 0.112726 0.977856
4 0.936846 0.312709 0.113137 0.113563 0.977792
8 0.812306 0.436963 0.11231 0.113204 0.977689
8 0.812068 0.685436 0.112231 0.112833 0.977589
8 0.687698 0.313375 0.111859 0.112426 0.977575
8 0.936525 0.561484 0.112543 0.113152 0.977488
0 0.687487 0.437228 0.11203 0.112875 0.977473
9 0.687826 0.93356 0.112313 0.113224 0.0142814
1 0.687775 0.436783 0.112258 0.112617 0.0134331
3 0.687964 0.189828 0.112865 0.112772 0.0127846
9 0.81199 0.437651 0.113449 0.112841 0.0112108
9 0.68754 0.314108 0.112673 0.112324 0.00877036
3 0.564072 0.685297 0.111782 0.113058 0.00816161
10 0.439746 0.933787 0.111448 0.111634 0.00657558
5 0.0666507 0.18823 0.11325 0.113295 0.00625835
2 0.688092 0.313006 0.112276 0.113595 0.00519362
3 0.935816 0.0656633 0.113039 0.112845 0.00510915
2 0.066783 0.56157 0.113935 0.112716 0.00494315
12 0.811312 0.0646534 0.11267 0.113154 0.00440131
0 0.688083 0.0636924 0.111666 0.113236 0.00435251
0 0.68846 0.933545 0.114183 0.114079 0.00410381
11 0.812459 0.436562 0.110833 0.112814 0.00374994
3 0.191639 0.809486 0.111552 0.112749 0.00374397
11 0.93678 0.561185 0.110785 0.11308 0.00360274
2 0.688065 0.064806 0.111165 0.112053 0.00359281
6 0.19175 0.437518 0.111971 0.112222 0.00354423
1 0.936641 0.312901 0.113269 0.11381 0.00353116
1 0.563999 0.809211 0.111249 0.111933 0.00345039
3 0.0666202 0.933996 0.115339 0.114449 0.00342241
11 0.812255 0.685466 0.111376 0.113695 0.00329419
10 0.563618 0.065071 0.113057 0.113104 0.00323422
8 0.688136 0.189173 0.112561 0.113882 0.00319186
1 0.066783 0.56157 0.113935 0.112716 0.0031356
0 0.813182 0.561814 0.110943 0.111914 0.00306393
2 0.81245 0.436709 0.111072 0.113671 0.00297199
3 0.0662789 0.189659 0.114643 0.112743 0.00296793
3 0.811907 0.188838 0.111941 0.112851 0.00288453
1 0.439565 0.436819 0.112279 0.112878 0.0028834
1 0.315706 0.809519 0.111925 0.112905 0.00279403
11 0.687465 0.31292 0.111053 0.111105 0.00274006
4 0.439721 0.189108 0.110569 0.112747 0.00273821
0 0.8118 0.933041 0.113466 0.113071 0.00272113
2 0.936566 0.56127 0.110782 0.113333 0.00269448
0 0.0666291 0.43811 0.112149 0.113954 0.00267956
7 0.936427 0.313391 0.113033 0.112913 0.00267382
4 0.563734 0.313893 0.11044 0.113085 0.0026079
2 0.0672092 0.436719 0.111997 0.114958 0.0025724
2 0.812068 0.685436 0.112231 0.112833 0.00253121
1 0.315449 0.0640173 0.111685 0.112789 0.00252735
1 0.0666601 0.06484 0.112048 0.112086 0.00251512
2 0.0666601 0.06484 0.112048 0.112086 0.00251295
5 0.0664988 0.561597 0.112892 0.113125 0.00250144
3 0.0667482 0.80916 0.112313 0.11276 0.00247278
5 0.0666951 0.809148 0.112684 0.113086 0.00245174
0 0.688238 0.560853 0.112209 0.111707 0.00244746
11 0.688438 0.933807 0.112902 0.112683 0.00243624
3 0.812643 0.80995 0.112372 0.113538 0.00243399
1 0.0676278 0.80973 0.113848 0.112908 0.00241825
2 0.0669611 0.809347 0.113577 0.112396 0.00241542
4 0.563684 0.561115 0.11125 0.112642 0.00238214
9 0.191695 0.933733 0.111636 0.113075 0.00231555
2 0.688083 0.561096 0.113154 0.113256 0.00229352
6 0.812192 0.312911 0.11251 0.113483 0.00224297
3 0.935945 0.188873 0.11234 0.112997 0.00223296
2 0.813203 0.932869 0.111483 0.112348 0.00222912
12 0.439999 0.312984 0.111693 0.11226 0.00218633
3 0.56411 0.188893 0.111406 0.113258 0.00212226
1 0.191801 0.188827 0.112291 0.112069 0.00210845
2 0.191374 0.0647937 0.110759 0.111644 0.00207173
1 0.191374 0.0647937 0.110759 0.111644 0.00202977
10 0.0664612 0.31332 0.113152 0.112557 0.00201264
0 0.6881 0.313499 0.113183 0.114744 0.00199954
11 0.191805 0.934085 0.112139 0.113076 0.00198633
7 0.563684 0.561115 0.11125 0.112642 0.00196211
12 0.686773 0.68574 0.111082 0.112471 0.00194868
0 0.688277 0.809253 0.111284 0.111619 0.00190376
4 0.688277 0.809253 0.111284 0.111619 0.00189197
2 0.936641 0.312901 0.113269 0.11381 0.00188926
0 0.439623 0.06396 0.111137 0.113396 0.00186471
5 0.0663469 0.0651997 0.112451 0.111785 0.00186254
1 0.688129 0.1889 0.113888 0.114332 0.00185268
9 0.812387 0.685299 0.112852 0.114131 0.00182495
5 0.0668068 0.933296 0.113136 0.112665 0.00180026
10 0.563584 0.43677 0.110033 0.11281 0.00178589
0 0.811342 0.437997 0.109269 0.112893 0.00176713
11 0.439787 0.93365 0.111395 0.11139 0.00175953
5 0.935916 0.0646413 0.113087 0.113811 0.00174269
8 0.811456 0.56164 0.110644 0.112326 0.00174162
2 0.688306 0.809587 0.112267 0.111798 0.00174141
7 0.563583 0.313437 0.111464 0.113038 0.00171803
12 0.935865 0.68567 0.111755 0.113794 0.00169764
11 0.0673383 0.436518 0.111687 0.114915 0.00164432
10 0.191089 0.685173 0.111973 0.113093 0.00163924
6 0.936427 0.313391 0.113033 0.112913 0.0016256
4 0.315348 0.561055 0.112076 0.112651 0.00160477
7 0.315348 0.561055 0.112076 0.112651 0.00155992
4 0.315352 0.437395 0.112308 0.112715 0.00152591
6 0.811242 0.0644555 0.112898 0.112794 0.00150378
7 0.0670477 0.685373 0.113238 0.113925 0.00149948
13 0.562875 0.312941 0.111716 0.112286 0.00148416
4 0.439636 0.561092 0.112306 0.112916 0.00148362
10 0.936789 0.809994 0.112506 0.113417 0.00148077
13 0.439477 0.188941 0.1119 0.111915 0.00144573
8 0.315158 0.313263 0.112767 0.114771 0.00143876
7 0.0677522 0.809592 0.112161 0.111756 0.00143184
0 0.191289 0.313098 0.112024 0.112993 0.00139303
7 0.19163 0.0643032 0.111623 0.112113 0.0013892
5 0.19151 0.809376 0.112022 0.112241 0.00137365
4 0.687945 0.560744 0.112809 0.112787 0.00135582
0 0.315476 0.18866 0.111469 0.112657 0.00132677
10 0.315857 0.313208 0.113468 0.113691 0.00131503
4 0.439961 0.809702 0.111029 0.111905 0.00130551
3 0.936427 0.313391 0.113033 0.112913 0.00130461
11 0.191387 0.561113 0.111781 0.111677 0.00129715
7 0.439353 0.188932 0.111696 0.113655 0.00129414
2 0.936494 0.809944 0.111229 0.112344 0.00129404
9 0.936157 0.933716 0.111075 0.111736 0.00129344
4 0.563464 0.437871 0.112054 0.111421 0.00128512
5 0.686846 0.189287 0.113851 0.111906 0.00127968
1 0.813196 0.809547 0.111614 0.113252 0.00127344
8 0.935816 0.0656633 0.113039 0.112845 0.00127315
10 0.0666065 0.685356 0.111706 0.112344 0.00126458
9 0.936196 0.561513 0.113141 0.114575 0.00126127
1 0.563959 0.685004 0.112537 0.113503 0.0012607
4 0.440263 0.313558 0.11211 0.113115 0.00125759
11 0.811402 0.561671 0.112177 0.112518 0.00124655
12 0.812539 0.561168 0.110548 0.113661 0.00124385
4 0.315608 0.189244 0.111669 0.113074 0.00122942
7 0.0675063 0.561933 0.112963 0.112493 0.00120714
0 0.315361 0.437053 0.112445 0.11284 0.0011984
10 0.935868 0.685032 0.111039 0.111803 0.00118992
6 0.688326 0.685559 0.112415 0.113927 0.00118236
7 0.936107 0.189108 0.112465 0.11238 0.00118094
5 0.936167 0.313428 0.11185 0.112617 0.00118046
7 0.0670162 0.313689 0.112622 0.113049 0.00117755
6 0.688306 0.809587 0.112267 0.111798 0.00115192
9 0.191309 0.685327 0.111879 0.112158 0.00114852
4 0.191253 0.313619 0.112109 0.113138 0.0011447
13 0.563003 0.560911 0.111561 0.112319 0.00114441
6 0.0675063 0.561933 0.112963 0.112493 0.00112646
12 0.314827 0.685307 0.111857 0.11243 0.00111369
13 0.315193 0.561353 0.112649 0.112156 0.00111158
0 0.44007 0.809567 0.111435 0.112389 0.00110761
11 0.562959 0.436575 0.111239 0.111085 0.00110644
0 0.315946 0.933728 0.111804 0.111955 0.00110325
0 0.936508 0.5617 0.112218 0.113314 0.0010986
5 0.191313 0.685531 0.1114 0.112152 0.00109659
3 0.936224 0.809978 0.113252 0.113202 0.00108589
6 0.440263 0.313558 0.11211 0.113115 0.00108538
10 0.439774 0.685435 0.112836 0.114469 0.00108153
9 0.0665938 0.437299 0.114293 0.112443 0.0010804
5 0.314532 0.561006 0.112428 0.112327 0.00108038
1 0.439907 0.312812 0.11131 0.112352 0.00107377
0 0.191521 0.561019 0.110454 0.113887 0.00107117
0 0.439652 0.560893 0.11252 0.113528 0.00106741
3 0.0664746 0.561582 0.112722 0.112898 0.00105861
1 0.563708 0.189345 0.111469 0.113102 0.00105157
11 0.935894 0.685718 0.113293 0.112779 0.0010471
9 0.439882 0.685382 0.111949 0.112986 0.00103405
6 0.0677522 0.809592 0.112161 0.111756 0.00103078
13 0.6869 0.685485 0.113409 0.112918 0.00102531
5 0.563735 0.685625 0.112345 0.113357 0.00102057
4 0.315913 0.933793 0.111644 0.113195 0.00100435
0 0.813052 0.313196 0.108952 0.111491 0.0010042
