6 0.439344 0.933388 0.112237 0.113142 0.985877
4 0.19094 0.934056 0.110257 0.112036 0.985818
9 0.191094 0.561406 0.10934 0.109911 0.984198
5 0.563841 0.808823 0.109779 0.112269 0.983913
2 0.439661 0.684871 0.111152 0.110913 0.983703
6 0.0663856 0.934438 0.113639 0.112849 0.983656
6 0.191451 0.313366 0.114263 0.112631 0.983283
9 0.687519 0.933756 0.112459 0.111857 0.983169
4 0.191091 0.188565 0.112024 0.113434 0.983159
2 0.562801 0.0655659 0.111509 0.111653 0.983118
4 0.0665376 0.437577 0.112586 0.11393 0.983118
4 0.936256 0.684914 0.111413 0.110978 0.983047
10 0.191871 0.437068 0.113575 0.113006 0.982865
10 0.0666628 0.187819 0.114715 0.114036 0.982715
4 0.315575 0.313687 0.111937 0.113792 0.982615
5 0.0672317 0.68549 0.112742 0.113081 0.982432
9 0.315025 0.561373 0.111885 0.111812 0.982263
1 0.440316 0.808119 0.112027 0.112825 0.982252
9 0.811893 0.934376 0.112993 0.109635 0.982151
2 0.563198 0.684433 0.111999 0.111196 0.982093
8 0.563106 0.933972 0.112712 0.111456 0.98188
10 0.31544 0.808573 0.113435 0.11343 0.981831
13 0.0664315 0.0647286 0.112514 0.111449 0.981235
10 0.687305 0.684526 0.112054 0.111732 0.981215
8 0.191081 0.0646916 0.110877 0.110263 0.981206
8 0.315557 0.437263 0.111426 0.110901 0.980961
0 0.0665123 0.559806 0.11271 0.112294 0.980879
3 0.936284 0.933778 0.110445 0.111342 0.98071
8 0.314883 0.933632 0.113662 0.112336 0.980558
10 0.687604 0.0649642 0.113296 0.110767 0.980431
12 0.0663911 0.809747 0.111582 0.112917 0.980314
11 0.19072 0.808847 0.110908 0.111784 0.980072
8 0.562891 0.189869 0.110468 0.111947 0.979917
3 0.315143 0.064198 0.111857 0.111222 0.979599
6 0.812599 0.684562 0.113487 0.11172 0.979519
1 0.31551 0.683933 0.114308 0.112072 0.979426
9 0.68751 0.188243 0.112536 0.112296 0.979294
9 0.563475 0.561203 0.111941 0.111652 0.979253
0 0.0665058 0.312364 0.111756 0.114694 0.979198
6 0.439362 0.31275 0.112145 0.111956 0.978884
0 0.189995 0.68389 0.111695 0.113104 0.978854
9 0.688454 0.560877 0.111872 0.111083 0.978405
9 0.687967 0.437572 0.112002 0.11132 0.978357
0 0.813155 0.809883 0.112744 0.114222 0.978132
4 0.81275 0.561366 0.112204 0.111245 0.978018
12 0.564166 0.436693 0.111967 0.111698 0.977969
8 0.439438 0.188391 0.115044 0.114234 0.977939
8 0.314264 0.188049 0.110974 0.11289 0.977779
8 0.935542 0.188109 0.111107 0.112762 0.977729
0 0.43944 0.437366 0.11052 0.111215 0.977691
12 0.936701 0.56241 0.111014 0.111302 0.977618
8 0.439905 0.561225 0.111313 0.112706 0.977542
0 0.812724 0.31232 0.111773 0.114356 0.977445
0 0.56367 0.312271 0.113223 0.113399 0.977428
2 0.687954 0.31317 0.112329 0.11352 0.977182
1 0.688174 0.809645 0.112914 0.114085 0.977133
11 0.936679 0.312206 0.111874 0.11251 0.977118
1 0.43982 0.0633583 0.113628 0.111431 0.977116
4 0.811878 0.188056 0.112949 0.112453 0.9771
6 0.936789 0.0640298 0.112938 0.109913 0.977095
0 0.936566 0.436695 0.110045 0.112809 0.976622
2 0.812542 0.4374 0.111305 0.112433 0.976614
0 0.813107 0.063823 0.111802 0.111963 0.97625
1 0.936512 0.809663 0.109255 0.112663 0.975769
2 0.439067 0.189351 0.112502 0.11267 0.0143233
2 0.190364 0.0649694 0.112796 0.110123 0.00886065
8 0.688534 0.933911 0.11447 0.110668 0.00809631
8 0.813274 0.934693 0.112628 0.109619 0.00734904
2 0.93495 0.188961 0.113121 0.113314 0.00637242
3 0.811865 0.438285 0.113187 0.112643 0.00568389
1 0.811696 0.438295 0.110686 0.113615 0.00546887
2 0.31425 0.189018 0.111662 0.113551 0.00546251
2 0.562891 0.189869 0.110468 0.111947 0.00540843
1 0.688168 0.313226 0.114314 0.114973 0.00538542
0 0.563532 0.933969 0.114057 0.111701 0.00479312
7 0.190659 0.934631 0.112218 0.111585 0.00465375
7 0.936526 0.685379 0.109781 0.111026 0.00458466
9 0.563121 0.933667 0.112582 0.112282 0.00449548
2 0.562855 0.933966 0.112042 0.11142 0.00370979
7 0.811351 0.187646 0.113528 0.113728 0.00355722
6 0.936503 0.933549 0.11064 0.111835 0.00347377
0 0.315314 0.438278 0.112739 0.113596 0.00326498
8 0.688643 0.561016 0.114049 0.110301 0.00312706
1 0.812861 0.561232 0.11188 0.111652 0.00309336
1 0.813282 0.684837 0.11396 0.113277 0.00295947
1 0.81145 0.188696 0.112782 0.112705 0.00288945
8 0.688179 0.313444 0.113309 0.115232 0.00287744
0 0.813274 0.934693 0.112628 0.109619 0.00285939
5 0.190298 0.8095 0.112477 0.113197 0.00284861
0 0.68802 0.188452 0.111696 0.112789 0.00284732
13 0.687936 0.684691 0.111552 0.111521 0.0028297
2 0.439596 0.560993 0.110751 0.111809 0.00281762
11 0.315216 0.933719 0.113643 0.112343 0.00280727
8 0.688413 0.437654 0.112188 0.111636 0.00280341
0 0.688413 0.437654 0.112188 0.111636 0.00276926
0 0.688359 0.810047 0.11372 0.115005 0.00271673
7 0.191533 0.187919 0.11178 0.113116 0.00270732
1 0.0658408 0.436291 0.112804 0.111885 0.00270537
7 0.0660991 0.0644386 0.112957 0.110347 0.0026867
4 0.688289 0.0648248 0.114599 0.11352 0.00265769
0 0.688534 0.933911 0.11447 0.110668 0.00264766
8 0.563616 0.561015 0.111829 0.110886 0.00259241
0 0.93544 0.187358 0.112005 0.112739 0.00257712
5 0.936164 0.313123 0.112862 0.112025 0.00257515
8 0.93609 0.311628 0.110783 0.11383 0.00255787
2 0.315564 0.438069 0.112988 0.112205 0.0025245
7 0.686857 0.684652 0.111535 0.11179 0.00250354
1 0.189945 0.68392 0.111817 0.113468 0.0025001
1 0.563542 0.0644931 0.110104 0.112418 0.00243348
2 0.936796 0.6851 0.110533 0.111693 0.00242761
0 0.688586 0.561096 0.113557 0.109852 0.00241513
2 0.315216 0.933719 0.113643 0.112343 0.00239102
6 0.190659 0.934631 0.112218 0.111585 0.00238318
8 0.563582 0.0647217 0.110378 0.112268 0.0023545
10 0.687626 0.933612 0.113727 0.112798 0.00234406
10 0.936641 0.311547 0.111845 0.112585 0.00229927
3 0.936622 0.0638068 0.112093 0.110475 0.00221189
8 0.563787 0.684669 0.112185 0.111126 0.00217089
1 0.190857 0.934413 0.112057 0.112927 0.00207185
1 0.191232 0.188004 0.112762 0.113229 0.00206679
5 0.811367 0.437566 0.111053 0.111959 0.00200598
9 0.813033 0.0647517 0.111491 0.111206 0.00199435
1 0.563622 0.684553 0.111745 0.111899 0.0019721
1 0.936796 0.6851 0.110533 0.111693 0.00195447
5 0.688263 0.0645921 0.114961 0.112803 0.00194726
8 0.68802 0.188452 0.111696 0.112789 0.00194483
7 0.0670498 0.189031 0.113296 0.115562 0.00194283
2 0.812861 0.561232 0.11188 0.111652 0.00193746
1 0.315902 0.313569 0.111781 0.113206 0.00192603
0 0.314852 0.561023 0.113096 0.111305 0.00191387
0 0.440121 0.0644777 0.113587 0.111784 0.00189459
9 0.936132 0.437253 0.110326 0.113765 0.00189276
7 0.0658408 0.436291 0.112804 0.111885 0.00188843
0 0.936248 0.81066 0.109158 0.113433 0.00185417
7 0.811746 0.56116 0.111234 0.111991 0.00182379
3 0.563687 0.685009 0.11244 0.1129 0.00181743
2 0.190857 0.934413 0.112057 0.112927 0.00177269
7 0.688289 0.0648248 0.114599 0.11352 0.00176138
6 0.811249 0.187846 0.113412 0.112183 0.00174532
8 0.811696 0.438295 0.110686 0.113615 0.00174451
10 0.936518 0.562007 0.110965 0.11147 0.00174181
6 0.563947 0.436595 0.112464 0.11139 0.00171522
11 0.0660991 0.0644386 0.112957 0.110347 0.00170141
11 0.563494 0.809061 0.110264 0.113641 0.00168906
9 0.936139 0.31192 0.109725 0.110982 0.00168676
9 0.066175 0.189041 0.114586 0.113842 0.0016793
11 0.935542 0.188109 0.111107 0.112762 0.00167766
12 0.688256 0.438195 0.112982 0.111807 0.00167075
8 0.440052 0.685205 0.111136 0.111122 0.0016619
1 0.314331 0.0641345 0.111296 0.11054 0.00161932
1 0.936475 0.933808 0.111377 0.11185 0.00158493
0 0.563044 0.560956 0.111713 0.1114 0.00156485
5 0.688102 0.684099 0.112175 0.113945 0.00156128
0 0.314595 0.188886 0.111154 0.113458 0.00155716
0 0.191061 0.560838 0.110736 0.109215 0.00153001
8 0.191062 0.560882 0.110758 0.110171 0.00152275
8 0.813548 0.0639409 0.110756 0.11121 0.00148912
2 0.811723 0.188762 0.112422 0.112327 0.00148861
0 0.563415 0.188812 0.111638 0.114479 0.00147062
1 0.936068 0.0646818 0.113285 0.109937 0.00146219
3 0.439394 0.312239 0.112227 0.111495 0.00146019
13 0.0671661 0.187166 0.113038 0.114641 0.00139872
7 0.191435 0.438256 0.113074 0.11469 0.00138529
1 0.439539 0.436327 0.109264 0.111882 0.00138474
8 0.315052 0.561247 0.113573 0.111464 0.0013678
2 0.0658408 0.436291 0.112804 0.111885 0.00136745
3 0.936374 0.56111 0.109609 0.113827 0.00136671
2 0.56395 0.809267 0.111212 0.112471 0.00136377
5 0.686705 0.313309 0.114299 0.113189 0.00135739
6 0.191533 0.187919 0.11178 0.113116 0.00135684
13 0.687957 0.0645775 0.113068 0.11158 0.00134559
1 0.563393 0.311743 0.113512 0.113531 0.00134108
9 0.190997 0.809265 0.111692 0.112434 0.00134063
12 0.68719 0.188858 0.112734 0.112819 0.00134044
11 0.563106 0.933972 0.112712 0.111456 0.00132913
13 0.191516 0.4378 0.11288 0.11227 0.00132623
11 0.688544 0.933767 0.114675 0.111098 0.00132194
7 0.563932 0.436373 0.112736 0.114326 0.00131584
0 0.190994 0.0640871 0.111249 0.110492 0.00130778
3 0.439661 0.684871 0.111152 0.110913 0.00130368
1 0.440212 0.684836 0.111534 0.111446 0.00130175
7 0.192197 0.313411 0.115014 0.113443 0.00129769
11 0.31411 0.189008 0.111366 0.112889 0.0012945
3 0.687921 0.314404 0.113236 0.112926 0.00129195
1 0.0667028 0.313676 0.110242 0.111436 0.00129169
2 0.315902 0.313569 0.111781 0.113206 0.00126849
8 0.813184 0.31226 0.11155 0.115214 0.00126685
7 0.439117 0.313256 0.112417 0.11149 0.00125238
4 0.688128 0.684694 0.111583 0.114175 0.00125083
11 0.811285 0.93422 0.111751 0.109537 0.00124712
4 0.191611 0.437237 0.112682 0.114149 0.00124494
3 0.563858 0.436391 0.112382 0.113941 0.00124406
7 0.315902 0.313569 0.111781 0.113206 0.00124196
1 0.439234 0.312758 0.111326 0.112447 0.0012242
10 0.936512 0.685211 0.110129 0.112102 0.00121338
6 0.81168 0.561591 0.112577 0.110418 0.00120022
4 0.936134 0.933731 0.111051 0.111125 0.00119808
4 0.440194 0.809124 0.112208 0.113728 0.0011919
5 0.563055 0.684744 0.111299 0.111372 0.00118004
2 0.93597 0.933897 0.109738 0.110305 0.00117764
0 0.31493 0.933733 0.113732 0.113575 0.00116931
12 0.0666409 0.0637857 0.112273 0.111007 0.00115338
2 0.191322 0.188469 0.112132 0.112707 0.00115091
12 0.936134 0.933731 0.111051 0.111125 0.0011441
13 0.936374 0.56111 0.109609 0.113827 0.00114405
11 0.686499 0.188546 0.112928 0.113592 0.00114255
5 0.0660991 0.0644386 0.112957 0.110347 0.00113132
10 0.81304 0.561811 0.11171 0.112095 0.00110273
10 0.811493 0.188035 0.11268 0.112723 0.0010998
10 0.0670624 0.685093 0.112258 0.113147 0.00108743
9 0.31544 0.808573 0.113435 0.11343 0.0010817
11 0.315416 0.438168 0.111921 0.111407 0.00108051
4 0.936458 0.808539 0.110713 0.112106 0.00107329
3 0.0675216 0.683907 0.112976 0.113904 0.00106618
0 0.439793 0.561133 0.111126 0.111487 0.00106376
3 0.0665346 0.809457 0.113939 0.114847 0.00106185
11 0.439072 0.189369 0.113217 0.113011 0.00104771
11 0.191435 0.438256 0.113074 0.11469 0.00104262
1 0.191484 0.313205 0.113447 0.112189 0.00103556
6 0.936191 0.684963 0.108784 0.110304 0.00103388
1 0.812293 0.311439 0.112481 0.113996 0.00102249
9 0.812565 0.313238 0.11176 0.11458 0.00102163
6 0.315191 0.0644287 0.110688 0.110139 0.00101969
4 0.315358 0.684661 0.114516 0.113707 0.00101639
0 0.439766 0.189043 0.112998 0.113143 0.00100888
5 0.812758 0.561729 0.113099 0.112001 0.00100472
12 0.688503 0.560863 0.113377 0.11083 0.00100389
