7 0.315523 0.933867 0.112189 0.112588 0.98715
7 0.563709 0.933684 0.11247 0.113387 0.985992
0 0.935828 0.93364 0.113067 0.11165 0.985453
7 0.439402 0.0647377 0.112241 0.112626 0.985283
13 0.687827 0.933988 0.112416 0.114288 0.984983
8 0.315108 0.809734 0.11253 0.11242 0.984838
6 0.439886 0.809323 0.111963 0.112967 0.98481
5 0.563285 0.0656303 0.111122 0.112461 0.984292
7 0.191453 0.561866 0.111717 0.112129 0.984179
9 0.066599 0.685232 0.113267 0.113409 0.984059
11 0.439307 0.934499 0.111748 0.113503 0.983497
7 0.315142 0.189209 0.111997 0.112012 0.98349
7 0.31526 0.437648 0.112475 0.112593 0.983432
6 0.315183 0.0644261 0.111384 0.113281 0.983363
2 0.066645 0.313801 0.112804 0.113579 0.983151
9 0.687692 0.809637 0.112032 0.113517 0.983057
9 0.811824 0.809615 0.112498 0.114469 0.982745
3 0.0674443 0.437786 0.112743 0.113553 0.98273
3 0.191837 0.18938 0.111062 0.113032 0.982534
3 0.687533 0.0651941 0.111754 0.113536 0.982052
0 0.191686 0.933737 0.111727 0.113003 0.981934
10 0.19142 0.0650038 0.111869 0.113483 0.981839
12 0.191452 0.313266 0.111676 0.112624 0.981773
1 0.811969 0.933549 0.111925 0.113529 0.981514
8 0.191339 0.809634 0.112507 0.11247 0.981193
1 0.315405 0.685734 0.111121 0.111136 0.981046
1 0.0672796 0.188391 0.112364 0.113148 0.980843
0 0.190975 0.437089 0.112154 0.112379 0.980676
8 0.43909 0.189759 0.112541 0.112461 0.980659
2 0.811893 0.0652641 0.112129 0.112842 0.980504
11 0.0674345 0.809116 0.111469 0.112868 0.98047
11 0.0673194 0.93333 0.111478 0.112942 0.980245
6 0.564502 0.685358 0.1124 0.113725 0.97992
12 0.687646 0.188746 0.111932 0.112036 0.979647
10 0.812532 0.43697 0.112605 0.113795 0.979539
0 0.315061 0.312701 0.11264 0.112752 0.979425
0 0.190962 0.684941 0.112305 0.110783 0.979364
0 0.067241 0.56152 0.112016 0.112338 0.97931
1 0.563212 0.189044 0.111285 0.112824 0.979306
13 0.687868 0.685666 0.112612 0.112822 0.979218
6 0.687808 0.312938 0.112181 0.113125 0.979062
12 0.564059 0.561227 0.111615 0.113146 0.978947
11 0.439376 0.437174 0.112105 0.113737 0.978936
0 0.315125 0.562017 0.112417 0.112802 0.978886
11 0.563298 0.437158 0.111869 0.113747 0.978869
13 0.936235 0.561635 0.113712 0.113561 0.978822
5 0.687519 0.561383 0.112173 0.11334 0.978762
3 0.43997 0.561457 0.112437 0.114623 0.978725
1 0.936784 0.809237 0.113436 0.113547 0.978636
8 0.439183 0.313302 0.112516 0.113057 0.978629
0 0.439256 0.685445 0.111343 0.111458 0.978609
1 0.936142 0.0642077 0.114166 0.114161 0.978554
0 0.811763 0.561533 0.1127 0.113004 0.978542
5 0.936701 0.436999 0.1131 0.113732 0.978494
0 0.0674024 0.0644922 0.111629 0.112946 0.978468
0 0.687611 0.437106 0.112225 0.11318 0.978446
6 0.812424 0.312938 0.112784 0.112736 0.978392
1 0.812067 0.685344 0.1138 0.1135 0.978312
0 0.564089 0.809261 0.111907 0.113318 0.978295
2 0.563506 0.313004 0.111733 0.114211 0.978209
4 0.936735 0.684985 0.112628 0.113248 0.978002
8 0.935936 0.189655 0.113923 0.11337 0.978001
11 0.811863 0.188799 0.112502 0.113361 0.977646
4 0.937017 0.312794 0.113423 0.113453 0.97736
9 0.93554 0.189866 0.113781 0.112818 0.0152256
10 0.936173 0.436956 0.111612 0.112555 0.0132303
10 0.811383 0.189082 0.111993 0.112963 0.0107594
3 0.811955 0.0654598 0.112624 0.112852 0.00979801
3 0.563926 0.313911 0.112637 0.113193 0.00851027
10 0.563455 0.436894 0.111135 0.112915 0.00814637
10 0.439272 0.436897 0.111066 0.112165 0.00741838
1 0.315419 0.561502 0.113136 0.112943 0.00645936
1 0.811544 0.561158 0.113514 0.113014 0.0058053
1 0.0668788 0.0639115 0.113345 0.113414 0.00532366
0 0.81195 0.933511 0.111045 0.112826 0.00475993
9 0.936048 0.933841 0.111449 0.111831 0.00460077
1 0.0665824 0.560865 0.114517 0.112548 0.00416421
1 0.93694 0.313063 0.113761 0.113808 0.00395661
12 0.688213 0.685304 0.111823 0.111935 0.00385781
10 0.563462 0.0648049 0.113611 0.112128 0.0037738
0 0.563512 0.188548 0.111307 0.113434 0.00372269
3 0.0662557 0.313523 0.114018 0.113504 0.00370773
0 0.812576 0.684906 0.112459 0.113666 0.0036956
11 0.936127 0.437045 0.111673 0.112145 0.00357789
5 0.812683 0.43764 0.112513 0.113258 0.00342765
0 0.935812 0.0646094 0.112865 0.113609 0.00338778
3 0.812128 0.31314 0.111669 0.111973 0.00338539
0 0.0666913 0.188454 0.112411 0.11281 0.00337764
8 0.813043 0.0650118 0.109754 0.112522 0.00337621
4 0.0680898 0.438115 0.11291 0.114725 0.00312899
10 0.687518 0.809233 0.111598 0.113336 0.00293478
0 0.6883 0.809758 0.112124 0.112399 0.00287566
0 0.937003 0.809499 0.111183 0.112796 0.00277678
7 0.813088 0.437443 0.110449 0.114695 0.00274511
0 0.813147 0.809654 0.112746 0.1123 0.00271718
12 0.687722 0.064483 0.11146 0.112042 0.00269169
1 0.564257 0.809226 0.11124 0.112596 0.00266627
11 0.315848 0.809526 0.11157 0.112807 0.00264574
5 0.0664815 0.934017 0.112575 0.113576 0.00261816
2 0.688066 0.561362 0.113366 0.112682 0.00260208
1 0.687631 0.43666 0.112526 0.113019 0.00259204
11 0.935855 0.189049 0.111301 0.111844 0.00258085
4 0.439557 0.561865 0.110785 0.113217 0.00252685
7 0.936721 0.31358 0.1134 0.113062 0.00250784
6 0.936721 0.31358 0.1134 0.113062 0.00248083
3 0.687805 0.313042 0.111594 0.112334 0.00245398
12 0.6883 0.809758 0.112124 0.112399 0.00238891
2 0.439594 0.189704 0.112806 0.112954 0.00238685
2 0.0665498 0.437344 0.114174 0.113203 0.00236622
7 0.936735 0.68537 0.112047 0.113134 0.00228854
2 0.439321 0.31388 0.111905 0.113132 0.00226705
6 0.563967 0.561524 0.111599 0.112945 0.00219518
8 0.563035 0.437987 0.111344 0.113639 0.00215167
4 0.31533 0.685396 0.111814 0.112057 0.00212295
1 0.191332 0.68521 0.111538 0.112164 0.00211294
5 0.688287 0.0645932 0.110785 0.112039 0.00208979
12 0.68673 0.933549 0.112886 0.111159 0.0020357
1 0.936655 0.68537 0.113142 0.113785 0.0020259
1 0.315061 0.312701 0.11264 0.112752 0.0019857
13 0.191431 0.0644274 0.112184 0.112104 0.00196545
2 0.315608 0.809814 0.112876 0.1133 0.00196271
10 0.687522 0.561416 0.111091 0.111769 0.00193379
9 0.688185 0.933197 0.113149 0.113088 0.00188173
4 0.563089 0.933547 0.113085 0.113787 0.00188039
4 0.688229 0.0649046 0.111342 0.113095 0.00186589
5 0.0669793 0.80944 0.112291 0.112363 0.00186325
1 0.439762 0.685145 0.111887 0.112264 0.00185169
2 0.93694 0.313063 0.113761 0.113808 0.00184672
2 0.936655 0.68537 0.113142 0.113785 0.00184295
4 0.813088 0.437443 0.110449 0.114695 0.00177616
5 0.811521 0.0645293 0.112374 0.112798 0.00177298
6 0.68796 0.188854 0.111954 0.112917 0.00175444
3 0.936721 0.31358 0.1134 0.113062 0.00174733
9 0.191339 0.809634 0.112507 0.11247 0.00173667
2 0.935936 0.189655 0.113923 0.11337 0.00171355
8 0.563513 0.313116 0.112454 0.113731 0.0017088
5 0.0681877 0.438149 0.113152 0.114388 0.00169191
10 0.687009 0.933484 0.112054 0.112347 0.0016776
0 0.688099 0.189332 0.111923 0.114484 0.00167664
11 0.686791 0.561382 0.110973 0.110243 0.0016676
4 0.563973 0.0649139 0.110618 0.11274 0.00165917
8 0.43903 0.43798 0.112485 0.114119 0.00165871
1 0.066913 0.313482 0.111943 0.113238 0.00165773
9 0.439305 0.437399 0.111253 0.112175 0.0016322
7 0.19142 0.0650038 0.111869 0.113483 0.00160341
2 0.68825 0.0651112 0.110315 0.111919 0.00160054
3 0.563916 0.685176 0.111603 0.113312 0.00159016
9 0.439594 0.189704 0.112806 0.112954 0.00155434
8 0.811578 0.810111 0.112613 0.113371 0.00154604
8 0.6883 0.809758 0.112124 0.112399 0.00152369
11 0.811526 0.810031 0.113535 0.113851 0.00151692
1 0.811521 0.0645293 0.112374 0.112798 0.0015165
12 0.811937 0.561569 0.11225 0.113311 0.0015103
0 0.314773 0.685631 0.110848 0.111528 0.00150816
7 0.687814 0.685239 0.112117 0.113091 0.00149769
3 0.440593 0.809655 0.11239 0.11366 0.0014716
4 0.19142 0.0650038 0.111869 0.113483 0.00146975
3 0.688066 0.561362 0.113366 0.112682 0.0014656
13 0.811623 0.437178 0.112221 0.112833 0.00142183
2 0.191586 0.809629 0.112023 0.113023 0.00140758
5 0.0660888 0.313071 0.113108 0.112793 0.00140441
11 0.439589 0.189243 0.112262 0.112932 0.00140419
2 0.31533 0.685396 0.111814 0.112057 0.00140301
5 0.936286 0.313549 0.112169 0.112757 0.00139488
11 0.688207 0.933249 0.114316 0.113264 0.00138778
3 0.936735 0.68537 0.112047 0.113134 0.00136369
6 0.0680898 0.438115 0.11291 0.114725 0.00136351
11 0.191586 0.809629 0.112023 0.113023 0.00135834
6 0.191613 0.312795 0.112014 0.112683 0.00135513
13 0.0664815 0.934017 0.112575 0.113576 0.00133557
4 0.315557 0.934 0.111633 0.112805 0.00133169
4 0.315863 0.437944 0.111595 0.11341 0.00132843
12 0.191685 0.9337 0.111981 0.113417 0.00132021
9 0.439446 0.313744 0.112824 0.113208 0.00131177
7 0.688052 0.312666 0.11152 0.11341 0.00129826
1 0.563363 0.313482 0.111484 0.112361 0.00129556
5 0.439551 0.933805 0.110391 0.112859 0.00127062
10 0.0666277 0.809464 0.112775 0.112961 0.00126753
9 0.563093 0.437309 0.11131 0.112196 0.00124735
12 0.935942 0.56152 0.111766 0.113987 0.00124463
10 0.0672006 0.933857 0.113195 0.114138 0.00124121
4 0.191999 0.18929 0.111729 0.11256 0.00123794
1 0.811479 0.312884 0.111033 0.113925 0.00123372
1 0.191685 0.9337 0.111981 0.113417 0.00122396
3 0.6883 0.809758 0.112124 0.112399 0.001214
1 0.688109 0.313109 0.111463 0.113554 0.0011952
8 0.439688 0.933531 0.113121 0.112974 0.00117313
12 0.439916 0.561583 0.111843 0.112445 0.00116324
3 0.688134 0.188883 0.112253 0.113096 0.00115145
3 0.563791 0.561201 0.111772 0.113395 0.00115141
12 0.811536 0.810427 0.112453 0.113569 0.00115111
2 0.936806 0.437968 0.112811 0.114505 0.0011505
9 0.811309 0.188704 0.112415 0.111762 0.00114116
1 0.687825 0.0644812 0.111397 0.112629 0.00113948
12 0.191535 0.188537 0.111363 0.11205 0.00113883
8 0.936034 0.933012 0.111073 0.111431 0.00112165
3 0.315183 0.0644261 0.111384 0.113281 0.00108528
2 0.811978 0.809662 0.111948 0.112517 0.00106858
12 0.935828 0.93364 0.113067 0.11165 0.00106083
6 0.315863 0.437944 0.111595 0.11341 0.00105362
2 0.688138 0.809644 0.111423 0.111875 0.00104371
4 0.812322 0.685031 0.113147 0.114091 0.00103831
2 0.440014 0.56152 0.112186 0.113273 0.00102902
5 0.563473 0.437516 0.111674 0.112406 0.00101969
10 0.315301 0.437862 0.110948 0.113295 0.00100445
10 0.935975 0.561351 0.113911 0.113322 0.00100142
