3 0.439654 0.809522 0.112907 0.111808 0.987731
3 0.564043 0.809341 0.112672 0.112111 0.987565
9 0.315264 0.809839 0.112206 0.111599 0.987549
2 0.563296 0.933941 0.111417 0.112671 0.9865
9 0.936509 0.809744 0.112329 0.110834 0.986474
3 0.688095 0.809328 0.112261 0.112079 0.986336
11 0.439822 0.933766 0.111874 0.113001 0.985934
8 0.563954 0.685505 0.111601 0.11193 0.985436
6 0.191076 0.809578 0.110397 0.111137 0.985091
0 0.936169 0.933342 0.112426 0.111336 0.984621
1 0.315866 0.933661 0.112224 0.112205 0.984115
12 0.688447 0.933756 0.112106 0.113529 0.98393
9 0.315512 0.312912 0.112615 0.112404 0.983618
7 0.0669127 0.0649918 0.11348 0.113332 0.983296
6 0.190988 0.561458 0.11075 0.11171 0.983254
5 0.191527 0.437695 0.112097 0.112863 0.983098
10 0.316156 0.0644315 0.111546 0.112615 0.982935
7 0.0667717 0.437579 0.113072 0.112128 0.982933
7 0.812069 0.934016 0.11225 0.11242 0.982926
11 0.191322 0.6857 0.111998 0.112324 0.982755
10 0.315253 0.561439 0.112821 0.111746 0.982752
5 0.31512 0.189259 0.112833 0.112927 0.982515
12 0.0672841 0.685259 0.111573 0.111144 0.982457
1 0.191322 0.0642481 0.112179 0.113141 0.982314
3 0.0672616 0.189406 0.112136 0.111246 0.981859
4 0.439625 0.188775 0.113396 0.113565 0.981777
13 0.439685 0.43765 0.112238 0.111336 0.98177
13 0.43978 0.561706 0.112033 0.111444 0.981588
5 0.563616 0.0649104 0.111567 0.113086 0.981527
13 0.31593 0.685672 0.111937 0.111384 0.981337
12 0.439862 0.685454 0.111441 0.111715 0.981276
1 0.0664879 0.934108 0.112776 0.112761 0.981235
1 0.191495 0.313079 0.111849 0.112652 0.981093
3 0.439362 0.31339 0.110959 0.112183 0.980984
6 0.191575 0.188442 0.11165 0.1121 0.980982
8 0.315474 0.437687 0.112603 0.112563 0.980955
11 0.687572 0.0649477 0.111572 0.112608 0.980784
10 0.8123 0.809709 0.112806 0.112268 0.980137
1 0.439719 0.064805 0.111263 0.113085 0.979936
0 0.0672525 0.561423 0.111901 0.112899 0.97976
4 0.564256 0.437175 0.112555 0.11318 0.979699
9 0.688109 0.313443 0.111699 0.111486 0.979677
0 0.0671151 0.313055 0.112347 0.113392 0.979534
1 0.563801 0.188982 0.11189 0.113139 0.979285
0 0.191311 0.933236 0.111636 0.11202 0.979108
2 0.935857 0.0649785 0.11164 0.112305 0.979085
0 0.0676063 0.809594 0.111824 0.113088 0.978985
5 0.688061 0.188625 0.112717 0.11328 0.978936
9 0.936257 0.437469 0.111094 0.112545 0.978752
12 0.687403 0.685604 0.111681 0.111546 0.978677
7 0.687842 0.561635 0.112491 0.112363 0.978594
2 0.563886 0.56134 0.112746 0.11368 0.978589
4 0.936708 0.685121 0.113422 0.112683 0.978416
9 0.811945 0.561695 0.112014 0.112603 0.97833
5 0.688095 0.436919 0.112535 0.113078 0.978245
2 0.812118 0.68548 0.112257 0.113214 0.978211
5 0.812178 0.437312 0.112176 0.112929 0.978164
6 0.812508 0.0643031 0.112243 0.112711 0.978028
3 0.812457 0.188606 0.111469 0.113019 0.977949
0 0.812248 0.313105 0.112124 0.112457 0.977943
0 0.936082 0.188507 0.112927 0.111696 0.97768
8 0.563931 0.313316 0.111779 0.111797 0.977627
3 0.936582 0.561302 0.11207 0.112366 0.977591
11 0.936571 0.31258 0.112092 0.112089 0.977546
12 0.439921 0.437611 0.111616 0.111657 0.0153237
12 0.439923 0.561619 0.111697 0.112153 0.00537541
3 0.191162 0.561202 0.111166 0.111828 0.0051989
1 0.0665278 0.560795 0.114715 0.112637 0.0050107
1 0.0663565 0.313497 0.112503 0.112362 0.00487898
1 0.439503 0.18912 0.112134 0.112241 0.00464138
12 0.8117 0.933568 0.110764 0.111623 0.00459831
1 0.936804 0.68546 0.113741 0.113259 0.00429785
5 0.688291 0.0647031 0.111103 0.112195 0.00422395
1 0.564318 0.437389 0.11202 0.11244 0.00414179
3 0.191025 0.809504 0.110437 0.110942 0.00405229
3 0.812007 0.0639648 0.111493 0.113229 0.00394064
1 0.0668011 0.809202 0.113955 0.112682 0.00386721
7 0.191076 0.809578 0.110397 0.111137 0.00384969
2 0.564037 0.313142 0.112824 0.112615 0.00383337
1 0.812681 0.312756 0.111819 0.112927 0.00365546
2 0.564413 0.685744 0.110982 0.113111 0.00355916
2 0.316008 0.436976 0.111502 0.113324 0.00355509
3 0.190954 0.188296 0.110024 0.111352 0.00344552
5 0.811505 0.685578 0.113215 0.112062 0.00333192
3 0.563851 0.561702 0.112375 0.112838 0.00331951
11 0.811641 0.437419 0.112021 0.111881 0.00321023
6 0.0667057 0.68519 0.112692 0.111164 0.00314913
0 0.688219 0.313294 0.112019 0.112675 0.00298913
8 0.813049 0.685533 0.109094 0.112505 0.00296283
9 0.936258 0.933604 0.111802 0.112195 0.00284223
11 0.316137 0.685693 0.110314 0.111339 0.00279621
10 0.688032 0.933644 0.11173 0.11286 0.00277432
0 0.315721 0.313464 0.112311 0.11242 0.00272223
5 0.935968 0.064546 0.112888 0.113485 0.0026246
11 0.811492 0.809294 0.112079 0.113437 0.00249123
10 0.0670028 0.437907 0.11174 0.111819 0.0024666
3 0.813144 0.437416 0.111777 0.114395 0.00241436
3 0.688248 0.437447 0.113403 0.113699 0.00230538
6 0.686795 0.561722 0.114045 0.112568 0.00222547
12 0.688087 0.313484 0.11044 0.110964 0.00220235
8 0.81133 0.561877 0.110682 0.112003 0.00219943
9 0.812216 0.809499 0.111979 0.111755 0.00219839
0 0.31513 0.438089 0.11175 0.113776 0.0021979
3 0.812444 0.561296 0.110939 0.111988 0.00215435
6 0.8117 0.933568 0.110764 0.111623 0.00213531
3 0.563679 0.933545 0.111159 0.112647 0.00212069
12 0.686763 0.561682 0.110725 0.112424 0.00211526
0 0.563833 0.188816 0.111607 0.113319 0.00210968
8 0.440161 0.933818 0.11093 0.11312 0.00210405
8 0.564127 0.933545 0.111428 0.112867 0.00208643
1 0.563738 0.5615 0.112357 0.113647 0.00206641
7 0.190988 0.561458 0.11075 0.11171 0.00202225
13 0.191322 0.6857 0.111998 0.112324 0.00202092
12 0.936199 0.809907 0.11081 0.112554 0.00199637
11 0.564236 0.685731 0.111071 0.112882 0.00199241
10 0.688291 0.0647031 0.111103 0.112195 0.00198471
12 0.315734 0.685654 0.111249 0.111799 0.00198015
8 0.315802 0.313443 0.111683 0.112694 0.00197866
5 0.688345 0.809369 0.111744 0.112584 0.00196845
0 0.439463 0.0642997 0.111005 0.113501 0.00196398
4 0.688266 0.437408 0.112738 0.11288 0.00196208
2 0.688321 0.809541 0.111444 0.112145 0.00195182
2 0.813144 0.437416 0.111777 0.114395 0.00194359
13 0.811801 0.933074 0.111384 0.112903 0.00191721
12 0.812444 0.561296 0.110939 0.111988 0.00189068
11 0.44005 0.437846 0.111882 0.112545 0.00188881
6 0.56434 0.437646 0.112455 0.111607 0.00184808
1 0.564134 0.933325 0.112582 0.113518 0.00184725
12 0.936209 0.561489 0.110602 0.111809 0.00174058
1 0.812175 0.685366 0.112187 0.112795 0.00172398
9 0.812985 0.189336 0.109443 0.111259 0.00170716
5 0.811656 0.809809 0.112324 0.111818 0.00169855
0 0.191322 0.0642481 0.112179 0.113141 0.00168346
7 0.192016 0.18898 0.113196 0.112981 0.00167686
8 0.936064 0.312488 0.110979 0.111537 0.00167217
0 0.813105 0.561986 0.110898 0.110921 0.00167075
3 0.936199 0.809907 0.11081 0.112554 0.00166322
4 0.0675309 0.437992 0.112275 0.112387 0.00166229
7 0.811627 0.0643712 0.109978 0.112633 0.00162519
1 0.688372 0.809478 0.111786 0.111943 0.00162458
8 0.191322 0.6857 0.111998 0.112324 0.00162453
12 0.440057 0.313142 0.111353 0.112197 0.00162007
9 0.688529 0.933278 0.113715 0.112437 0.00161556
10 0.936136 0.312607 0.110649 0.11302 0.00159641
9 0.93632 0.188859 0.11311 0.113257 0.00159433
3 0.935748 0.0653489 0.112332 0.112705 0.00159309
12 0.937154 0.436483 0.110773 0.112041 0.001592
7 0.936572 0.685456 0.112748 0.111997 0.00157194
6 0.439803 0.189045 0.111388 0.112369 0.00155779
1 0.936309 0.0642424 0.112891 0.113239 0.00155775
1 0.563974 0.809499 0.11164 0.111799 0.00154425
5 0.936779 0.313179 0.112722 0.112749 0.0015396
2 0.688266 0.437408 0.112738 0.11288 0.00151742
11 0.440159 0.561631 0.111082 0.112266 0.00151617
10 0.688263 0.18892 0.113379 0.113918 0.00149159
4 0.564175 0.189323 0.111565 0.113114 0.00146447
4 0.315979 0.933397 0.111107 0.11233 0.00145375
5 0.563632 0.561883 0.112923 0.11292 0.00145077
4 0.191528 0.313727 0.111483 0.11276 0.00143071
2 0.812985 0.189336 0.109443 0.111259 0.00142719
7 0.0674454 0.685458 0.113255 0.113599 0.00141364
11 0.811282 0.561755 0.111919 0.112546 0.00140195
5 0.0675965 0.189045 0.111945 0.110414 0.00140006
4 0.191319 0.437861 0.112204 0.110258 0.00139244
10 0.563773 0.0647156 0.11249 0.111774 0.00136664
3 0.68827 0.313351 0.112955 0.113113 0.00133602
3 0.688243 0.189059 0.114287 0.115031 0.00132102
12 0.31586 0.0646492 0.1123 0.113109 0.0013128
12 0.811692 0.188955 0.110157 0.112672 0.00131002
3 0.937154 0.436483 0.110773 0.112041 0.00128791
2 0.93675 0.809505 0.110906 0.111525 0.00128186
11 0.936094 0.436946 0.112162 0.113939 0.00128051
4 0.191681 0.80958 0.111612 0.112049 0.00127006
4 0.812227 0.933745 0.112876 0.114012 0.00126445
0 0.191209 0.313518 0.110659 0.112333 0.001261
13 0.0670028 0.437907 0.11174 0.111819 0.00125414
1 0.191626 0.188657 0.111313 0.111894 0.00125325
0 0.0662421 0.934016 0.112639 0.112754 0.00123625
10 0.688161 0.685526 0.110963 0.111853 0.00122886
1 0.19188 0.561222 0.11076 0.112108 0.00122843
1 0.9364 0.561627 0.110963 0.111345 0.00122595
9 0.440057 0.313142 0.111353 0.112197 0.00122366
3 0.0673739 0.685374 0.113971 0.112923 0.00121792
4 0.688263 0.18892 0.113379 0.113918 0.00121743
10 0.688266 0.437408 0.112738 0.11288 0.00120818
3 0.811594 0.685837 0.11214 0.112296 0.00120378
4 0.688283 0.809339 0.112204 0.112572 0.00119335
4 0.439939 0.0648092 0.111794 0.113625 0.0011925
13 0.936294 0.313253 0.112197 0.111958 0.00119174
8 0.191334 0.933341 0.111615 0.111198 0.00117997
10 0.191264 0.437235 0.11151 0.112433 0.00117866
6 0.811692 0.188955 0.110157 0.112672 0.00117598
1 0.81204 0.189034 0.112121 0.11289 0.0011654
11 0.190896 0.436598 0.110214 0.110056 0.00115368
10 0.439691 0.437675 0.113295 0.112781 0.00114933
2 0.688263 0.18892 0.113379 0.113918 0.0011433
8 0.68827 0.313351 0.112955 0.113113 0.00114119
10 0.314907 0.189109 0.111659 0.112397 0.00113814
12 0.315802 0.313443 0.111683 0.112694 0.001131
8 0.936238 0.93288 0.11191 0.11198 0.00111819
8 0.936128 0.437218 0.11062 0.113439 0.0011099
11 0.686789 0.189413 0.110347 0.11133 0.00110957
7 0.6882 0.68569 0.11197 0.112291 0.00110293
6 0.936197 0.561883 0.110471 0.111948 0.0010977
12 0.812067 0.80973 0.112941 0.111987 0.00109154
2 0.936804 0.68546 0.113741 0.113259 0.00108417
6 0.688187 0.685831 0.111922 0.112269 0.00108366
0 0.563989 0.313774 0.111493 0.112055 0.00107693
7 0.315374 0.0647144 0.111827 0.113172 0.00107604
7 0.439936 0.188912 0.112307 0.112639 0.00106451
3 0.688211 0.685324 0.111603 0.112259 0.00105823
11 0.315697 0.437662 0.112212 0.112062 0.00103818
8 0.935857 0.0649785 0.11164 0.112305 0.00103695
0 0.315781 0.933547 0.111794 0.111702 0.0010335
11 0.564037 0.313142 0.112824 0.112615 0.00103091
4 0.688214 0.56177 0.112221 0.113031 0.00103014
1 0.440162 0.809547 0.112195 0.112503 0.00101838
1 0.439931 0.31317 0.111215 0.111979 0.00101628
13 0.315401 0.561722 0.112468 0.111925 0.00100974
3 0.439821 0.685596 0.113169 0.112542 0.00100595
