3 0.438998 0.809891 0.113275 0.11343 0.987892
9 0.563525 0.933997 0.111998 0.114056 0.987605
9 0.563451 0.809711 0.112848 0.113887 0.987028
7 0.439477 0.934104 0.112164 0.113767 0.986107
5 0.316164 0.809513 0.110984 0.11257 0.985998
9 0.935821 0.809755 0.112902 0.112339 0.98503
3 0.811611 0.934168 0.113343 0.113952 0.98502
10 0.316019 0.933949 0.111426 0.112704 0.984801
10 0.936031 0.934078 0.113797 0.113548 0.984453
13 0.315161 0.685255 0.111522 0.112911 0.984449
9 0.687477 0.809668 0.112174 0.113594 0.984184
7 0.191838 0.933819 0.111764 0.112764 0.984113
4 0.0672317 0.56165 0.113523 0.112591 0.98381
6 0.31569 0.561191 0.111405 0.112081 0.983782
7 0.687653 0.934054 0.112085 0.113927 0.98375
4 0.191448 0.437483 0.112577 0.112178 0.983619
5 0.812093 0.809737 0.112541 0.113134 0.983538
7 0.191247 0.685243 0.111883 0.112605 0.983511
7 0.439442 0.685234 0.111946 0.112955 0.983122
3 0.0674435 0.934114 0.112886 0.114176 0.983053
10 0.31522 0.313268 0.113052 0.112119 0.983039
4 0.191679 0.188785 0.113429 0.112814 0.982842
6 0.31579 0.437308 0.111323 0.112001 0.98278
7 0.191081 0.561045 0.112375 0.111604 0.982776
5 0.191767 0.313221 0.111732 0.112207 0.982563
1 0.191113 0.809434 0.111927 0.112388 0.982381
13 0.0671169 0.809514 0.113723 0.113718 0.98223
2 0.191307 0.0644969 0.111305 0.112369 0.981819
9 0.0670032 0.685548 0.113504 0.113365 0.981573
2 0.315589 0.188786 0.111682 0.112192 0.981262
12 0.0670827 0.437424 0.112397 0.112497 0.98114
2 0.0671875 0.312988 0.11238 0.112368 0.980958
2 0.0672605 0.18871 0.111998 0.112098 0.980848
7 0.563697 0.685389 0.11146 0.112761 0.980563
12 0.315084 0.0645503 0.112176 0.112643 0.980499
4 0.563388 0.0647127 0.111627 0.113268 0.980334
3 0.439678 0.189295 0.112162 0.113596 0.980281
5 0.439051 0.313131 0.111827 0.113269 0.980007
2 0.439757 0.56099 0.111651 0.113151 0.97983
9 0.439679 0.437142 0.111817 0.11196 0.979517
6 0.688047 0.685251 0.112649 0.112219 0.97936
4 0.687886 0.188542 0.112467 0.11292 0.979341
12 0.564302 0.561046 0.112012 0.113617 0.979265
1 0.56372 0.437069 0.112598 0.113198 0.979123
6 0.687968 0.31298 0.111961 0.112099 0.979001
12 0.812295 0.0644337 0.112546 0.1134 0.978942
11 0.935943 0.0647975 0.113428 0.113905 0.978857
6 0.812766 0.436933 0.112317 0.112037 0.978713
1 0.812254 0.685145 0.113566 0.113326 0.978632
10 0.936503 0.188647 0.112696 0.113684 0.978593
2 0.563687 0.188903 0.112108 0.112438 0.978386
1 0.687667 0.0646414 0.111563 0.11375 0.978314
1 0.439149 0.064845 0.111971 0.113778 0.978296
4 0.936869 0.561356 0.113065 0.1125 0.978276
0 0.811879 0.561265 0.112808 0.113146 0.978187
0 0.0673622 0.0645424 0.111479 0.112661 0.978167
0 0.563193 0.313789 0.111502 0.112035 0.978048
0 0.812111 0.313025 0.112445 0.113447 0.977973
10 0.812434 0.188523 0.111898 0.113498 0.97795
8 0.687859 0.561034 0.112016 0.113445 0.977858
4 0.936786 0.31304 0.112858 0.112516 0.977836
0 0.687783 0.437147 0.111863 0.112997 0.977813
2 0.936221 0.436888 0.11288 0.113495 0.977573
8 0.936427 0.685212 0.111029 0.111891 0.976687
4 0.811985 0.189179 0.111125 0.113399 0.0116347
1 0.0665398 0.0643035 0.113202 0.113103 0.0104293
2 0.6881 0.560665 0.111912 0.11303 0.0081278
6 0.811586 0.0642474 0.11105 0.113521 0.00741731
3 0.936187 0.809765 0.111479 0.113876 0.00700007
6 0.31535 0.0647426 0.1125 0.114286 0.0060134
6 0.563991 0.561401 0.112188 0.113051 0.00568644
7 0.191302 0.188816 0.111834 0.112614 0.00565944
2 0.935797 0.685389 0.113722 0.113098 0.00533438
12 0.936187 0.809765 0.111479 0.113876 0.00505807
6 0.0670827 0.437424 0.112397 0.112497 0.00468596
1 0.563651 0.312596 0.112079 0.113126 0.00452561
0 0.688019 0.0635286 0.111049 0.113354 0.00452158
4 0.315543 0.313268 0.111423 0.113323 0.00445306
12 0.439529 0.80958 0.112127 0.112656 0.00413557
1 0.811789 0.560849 0.113412 0.113242 0.00411868
7 0.191366 0.437558 0.111072 0.111761 0.00406291
1 0.688016 0.436475 0.112388 0.112637 0.0039531
0 0.688125 0.809289 0.112208 0.112706 0.00392891
1 0.812207 0.312643 0.112269 0.113517 0.00391542
1 0.191376 0.437184 0.112574 0.112477 0.00380345
4 0.31568 0.933502 0.112285 0.11349 0.00372972
1 0.811601 0.437479 0.112682 0.112004 0.0034982
2 0.811524 0.808991 0.114127 0.11342 0.00342821
1 0.563736 0.0645833 0.112063 0.113672 0.0032502
10 0.935506 0.0652531 0.11376 0.114268 0.00318415
12 0.439518 0.436709 0.111243 0.112947 0.00314008
2 0.688052 0.0648067 0.110102 0.111729 0.00310789
1 0.0668752 0.560992 0.114631 0.11322 0.00310742
4 0.936148 0.188922 0.112684 0.11393 0.00302398
10 0.6876 0.188962 0.111489 0.113533 0.00301803
11 0.0667044 0.809126 0.113145 0.112638 0.00294465
12 0.688125 0.809289 0.112208 0.112706 0.00293887
1 0.191679 0.188785 0.113429 0.112814 0.0029332
12 0.439443 0.188918 0.111981 0.112453 0.00290576
7 0.811649 0.188283 0.11211 0.114283 0.00272694
12 0.811738 0.933823 0.111928 0.113245 0.00272005
3 0.687847 0.313474 0.111228 0.112786 0.00266062
1 0.0673841 0.313446 0.111699 0.1131 0.00266028
7 0.687743 0.189022 0.111847 0.112516 0.00265246
3 0.812685 0.436707 0.113736 0.113451 0.00263279
1 0.936413 0.313293 0.11246 0.113135 0.00261755
1 0.688243 0.685042 0.111847 0.113239 0.00260665
7 0.936065 0.933357 0.112583 0.113717 0.00258116
2 0.191376 0.437184 0.112574 0.112477 0.0025807
7 0.935792 0.313261 0.110805 0.111739 0.00247137
0 0.812564 0.684896 0.111799 0.112698 0.00243623
1 0.315941 0.436844 0.10903 0.110344 0.00242651
1 0.936363 0.561461 0.112515 0.112834 0.0024219
1 0.687742 0.188838 0.11303 0.112896 0.00240819
13 0.935926 0.189049 0.112172 0.112141 0.00237524
9 0.813086 0.933935 0.111791 0.1113 0.00236191
3 0.31579 0.437308 0.111323 0.112001 0.00235715
0 0.439184 0.0640114 0.111846 0.114321 0.00231504
3 0.688586 0.68507 0.111045 0.111185 0.00226343
4 0.563923 0.685382 0.111333 0.11206 0.00225734
3 0.315436 0.56094 0.112691 0.11321 0.0022206
6 0.191366 0.437558 0.111072 0.111761 0.00220164
11 0.936051 0.685409 0.113381 0.112991 0.00213523
1 0.315688 0.56117 0.110198 0.111518 0.00212954
13 0.93571 0.933907 0.111901 0.111804 0.00210026
2 0.813086 0.933935 0.111791 0.1113 0.00207955
4 0.439635 0.933736 0.112007 0.113382 0.00207029
7 0.936041 0.561484 0.111153 0.111817 0.00206468
4 0.439825 0.685366 0.111805 0.112502 0.00204915
12 0.0670837 0.685149 0.11324 0.114369 0.00201868
0 0.563797 0.436935 0.111964 0.11287 0.00199885
11 0.811597 0.808981 0.112859 0.113404 0.001979
5 0.812004 0.189426 0.11274 0.11299 0.00196525
1 0.6882 0.312947 0.110905 0.11362 0.00196194
12 0.0668706 0.809299 0.112226 0.112513 0.00195309
5 0.93596 0.436942 0.113515 0.114615 0.00192366
2 0.687749 0.188645 0.111271 0.113612 0.00192077
4 0.688163 0.933308 0.113523 0.112715 0.00188034
3 0.439364 0.561068 0.112596 0.112806 0.00184461
1 0.936459 0.436591 0.110639 0.112947 0.00183872
6 0.191302 0.188816 0.111834 0.112614 0.00183439
4 0.936065 0.933357 0.112583 0.113717 0.00181444
12 0.686834 0.93384 0.111178 0.112935 0.00180332
2 0.936413 0.313293 0.11246 0.113135 0.00176834
0 0.688109 0.561189 0.112018 0.11375 0.00175813
12 0.563905 0.809388 0.112598 0.113828 0.00167145
6 0.811666 0.933658 0.113268 0.112673 0.00163388
1 0.439477 0.560839 0.112679 0.113369 0.00163211
12 0.314995 0.685128 0.111663 0.11234 0.00162392
12 0.564007 0.933435 0.112372 0.114249 0.0016225
8 0.0665401 0.188874 0.113854 0.112821 0.00161242
4 0.191439 0.561491 0.111283 0.112215 0.00161129
3 0.687477 0.809668 0.112174 0.113594 0.00159073
7 0.563505 0.0647185 0.111833 0.112662 0.00158529
10 0.438989 0.313057 0.112682 0.112537 0.00157478
0 0.439577 0.438029 0.113637 0.11427 0.00156731
1 0.0673139 0.189035 0.111183 0.111973 0.00156426
1 0.56376 0.188773 0.111702 0.113352 0.00154329
2 0.0668752 0.560992 0.114631 0.11322 0.00153618
11 0.191463 0.312934 0.111141 0.111695 0.0015339
4 0.191838 0.933819 0.111764 0.112764 0.00152091
4 0.191585 0.685408 0.111556 0.112173 0.00151693
3 0.0666075 0.313084 0.113444 0.113139 0.00147546
10 0.563388 0.0647127 0.111627 0.113268 0.00146777
10 0.93629 0.313484 0.111692 0.113233 0.00144497
3 0.56395 0.809922 0.112512 0.113568 0.00143083
3 0.0675818 0.436534 0.110976 0.113901 0.00142463
10 0.936621 0.561726 0.111708 0.113099 0.00141497
13 0.935506 0.0652531 0.11376 0.114268 0.00140628
3 0.936224 0.437204 0.113426 0.113912 0.00138919
10 0.0668702 0.809714 0.112283 0.112516 0.00137624
4 0.191305 0.313256 0.111425 0.112062 0.00137272
1 0.31532 0.188906 0.111876 0.113265 0.00136403
5 0.935506 0.0652531 0.11376 0.114268 0.00135593
11 0.687708 0.561029 0.112474 0.112581 0.0013544
4 0.56387 0.437191 0.112155 0.112362 0.00132563
2 0.936551 0.56142 0.112603 0.113397 0.00130342
3 0.315229 0.188839 0.112418 0.113306 0.00129959
12 0.191309 0.18851 0.111802 0.112139 0.00126029
0 0.563846 0.80938 0.112698 0.112336 0.0012587
6 0.688169 0.93318 0.113883 0.114051 0.00125161
1 0.191227 0.0644479 0.111226 0.113118 0.00124479
7 0.315258 0.313289 0.112441 0.113165 0.00124177
3 0.439369 0.437406 0.110635 0.111304 0.00123889
8 0.0666075 0.313084 0.113444 0.113139 0.00123493
2 0.813038 0.68483 0.113199 0.114079 0.00123058
13 0.314596 0.312784 0.111906 0.112302 0.00122544
1 0.811987 0.933692 0.112216 0.112909 0.00120609
6 0.811587 0.685267 0.112835 0.114621 0.00120325
13 0.315388 0.933797 0.111682 0.111501 0.00118872
7 0.688015 0.31343 0.111037 0.111961 0.00118691
4 0.191113 0.809434 0.111927 0.112388 0.00118247
8 0.936162 0.437134 0.110649 0.111856 0.0011804
4 0.439357 0.313292 0.111803 0.112862 0.00116129
8 0.688125 0.809289 0.112208 0.112706 0.001141
3 0.0665401 0.188874 0.113854 0.112821 0.00113168
3 0.0670032 0.685548 0.113504 0.113365 0.0011312
10 0.688169 0.93318 0.113883 0.114051 0.00112958
3 0.563824 0.189023 0.111564 0.113368 0.00112419
1 0.0666552 0.933881 0.112745 0.112949 0.00110549
0 0.563976 0.933388 0.112692 0.11261 0.00109902
3 0.190761 0.0645481 0.112271 0.112872 0.00109283
1 0.439703 0.809805 0.111694 0.112486 0.001091
2 0.936435 0.809508 0.111154 0.111959 0.0010862
7 0.936069 0.188256 0.112854 0.11419 0.00108212
2 0.191679 0.188785 0.113429 0.112814 0.00107871
4 0.81208 0.684988 0.112728 0.112772 0.00107802
3 0.191305 0.313256 0.111425 0.112062 0.00106893
5 0.314592 0.312851 0.112083 0.111927 0.00105642
7 0.315656 0.933495 0.112398 0.11293 0.00105398
7 0.0663001 0.561147 0.112111 0.112413 0.00104427
10 0.191169 0.312876 0.111048 0.111761 0.00104386
5 0.935773 0.189431 0.114123 0.113941 0.00104123
10 0.191309 0.18851 0.111802 0.112139 0.00103706
0 0.191072 0.809376 0.112336 0.113076 0.00102794
13 0.81163 0.188567 0.112503 0.11215 0.00101332
