3 0.563548 0.934004 0.112778 0.114336 0.98793
13 0.315418 0.809428 0.112308 0.112273 0.987702
4 0.43986 0.933959 0.112756 0.113133 0.985346
6 0.439986 0.809459 0.111584 0.111634 0.984937
6 0.190799 0.933431 0.113131 0.113696 0.984771
13 0.066047 0.933704 0.113773 0.114319 0.984698
4 0.564164 0.809805 0.111823 0.112134 0.984555
13 0.43876 0.0651713 0.112352 0.113484 0.984367
11 0.315194 0.933991 0.1122 0.113804 0.984171
11 0.93598 0.934206 0.113252 0.113755 0.984163
12 0.315982 0.561993 0.111959 0.112758 0.983975
3 0.0675213 0.809665 0.111709 0.11287 0.983958
7 0.190183 0.189371 0.113045 0.112399 0.983875
7 0.191415 0.561941 0.112343 0.112064 0.983683
6 0.936769 0.809529 0.111993 0.112534 0.983634
4 0.688109 0.809494 0.111888 0.112355 0.98358
1 0.19099 0.809448 0.112504 0.111938 0.983549
13 0.811893 0.809952 0.113296 0.112677 0.983463
5 0.0670792 0.562261 0.111802 0.112405 0.983406
4 0.190278 0.0649941 0.111911 0.111889 0.983324
13 0.067099 0.685842 0.112194 0.111938 0.983188
4 0.315741 0.437315 0.112592 0.112356 0.982987
1 0.812226 0.933293 0.11226 0.11272 0.982766
10 0.31508 0.313358 0.112552 0.11155 0.982663
9 0.190523 0.313623 0.11307 0.113665 0.982518
6 0.0668369 0.313326 0.112381 0.113168 0.982389
0 0.688162 0.932985 0.112261 0.112873 0.982148
8 0.0665344 0.0657556 0.112131 0.113612 0.981852
2 0.314416 0.189754 0.112907 0.113022 0.981754
8 0.0667285 0.438134 0.112778 0.112921 0.981658
4 0.0668829 0.189637 0.112099 0.113366 0.981651
9 0.315634 0.685585 0.112451 0.112909 0.981638
9 0.563809 0.685303 0.110659 0.112515 0.981505
2 0.190894 0.437694 0.112458 0.112517 0.981321
3 0.440232 0.437685 0.112143 0.113724 0.981103
13 0.562818 0.0646779 0.112034 0.112206 0.981007
11 0.440011 0.685438 0.112214 0.112367 0.980979
2 0.191296 0.685501 0.112901 0.112274 0.980419
8 0.43976 0.561546 0.11193 0.113055 0.980274
10 0.563456 0.437181 0.111834 0.113499 0.979934
3 0.936097 0.0651713 0.112044 0.113811 0.979685
9 0.563046 0.188605 0.111232 0.114132 0.979623
12 0.439226 0.188686 0.112266 0.112497 0.979607
2 0.687196 0.0650039 0.112116 0.112587 0.979585
0 0.314194 0.0648472 0.112218 0.112622 0.979462
10 0.688016 0.685215 0.111699 0.113 0.979307
6 0.68784 0.561393 0.112598 0.113119 0.979216
13 0.811941 0.685817 0.112838 0.112619 0.978988
2 0.439031 0.312883 0.111758 0.111495 0.978967
5 0.562955 0.312937 0.111942 0.113789 0.978953
5 0.811881 0.436876 0.113186 0.11334 0.978722
3 0.687222 0.437113 0.111377 0.112324 0.978685
4 0.687793 0.188093 0.112924 0.113482 0.978606
8 0.563898 0.561535 0.111783 0.113898 0.978386
3 0.812044 0.312707 0.111687 0.11231 0.978377
11 0.93632 0.437123 0.113278 0.113949 0.97836
1 0.812676 0.188317 0.113207 0.113441 0.978323
1 0.936611 0.313175 0.113302 0.112879 0.978292
9 0.811752 0.0648198 0.11172 0.110658 0.978282
3 0.936061 0.685905 0.111817 0.112925 0.97801
3 0.936431 0.189 0.111364 0.112872 0.977609
8 0.811951 0.561471 0.112706 0.113179 0.977595
8 0.687469 0.312929 0.112269 0.112786 0.977565
2 0.936067 0.561933 0.111482 0.112286 0.977341
9 0.687244 0.313736 0.113153 0.112861 0.014541
8 0.688143 0.0646369 0.110397 0.11251 0.00973436
3 0.439492 0.314041 0.112837 0.113224 0.00924095
10 0.936321 0.43735 0.111032 0.111368 0.00647124
10 0.936076 0.933653 0.112159 0.112545 0.00636992
2 0.564019 0.561443 0.111925 0.112624 0.00434248
3 0.687574 0.0652325 0.112492 0.112414 0.00433465
3 0.315216 0.189878 0.112821 0.113186 0.00426857
0 0.813201 0.0649937 0.110129 0.111003 0.00411883
11 0.811955 0.561167 0.110665 0.11289 0.00407097
1 0.68747 0.188187 0.112781 0.113489 0.00388855
7 0.688241 0.685527 0.111199 0.113439 0.00388328
4 0.688241 0.685527 0.111199 0.113439 0.00386887
0 0.563271 0.188542 0.110602 0.112996 0.00382471
0 0.067145 0.438384 0.111589 0.113401 0.00367173
9 0.563721 0.561598 0.112367 0.113302 0.00362679
2 0.811591 0.56146 0.112793 0.112364 0.00357546
8 0.563271 0.188542 0.110602 0.112996 0.00351308
12 0.811308 0.809557 0.111736 0.112667 0.003316
7 0.562877 0.0651655 0.111908 0.113515 0.0032995
12 0.811228 0.685777 0.111069 0.112473 0.00326722
12 0.936248 0.188719 0.110578 0.111892 0.00303802
11 0.563628 0.561241 0.110233 0.113355 0.00296242
1 0.0664109 0.189538 0.112424 0.112686 0.00291882
1 0.31553 0.437671 0.112341 0.112722 0.00291049
2 0.813067 0.188255 0.113075 0.114285 0.00284954
3 0.190902 0.437954 0.112985 0.113398 0.0028354
11 0.440038 0.561257 0.110494 0.113784 0.00282545
2 0.687364 0.313822 0.112899 0.113991 0.00271982
2 0.688059 0.437573 0.110716 0.111318 0.00260217
0 0.81175 0.932902 0.112541 0.112577 0.00258688
6 0.811743 0.312873 0.113298 0.114438 0.00257785
0 0.68803 0.313182 0.112019 0.115932 0.00256224
12 0.439913 0.437494 0.111275 0.11202 0.0025224
2 0.440134 0.561452 0.1124 0.113205 0.00247297
12 0.935972 0.0647094 0.110034 0.11114 0.00247048
0 0.936486 0.313608 0.113194 0.112221 0.00244142
10 0.812315 0.436586 0.110641 0.111648 0.00243816
1 0.564164 0.809805 0.111823 0.112134 0.00238972
11 0.686806 0.312431 0.111398 0.112402 0.00238516
7 0.688117 0.808928 0.110339 0.111424 0.00236864
1 0.190727 0.0648575 0.112297 0.113086 0.00233222
8 0.935679 0.438021 0.111943 0.114759 0.00228383
3 0.191774 0.68558 0.112671 0.113144 0.00224871
5 0.688304 0.685656 0.110885 0.111935 0.00221473
3 0.687895 0.56105 0.112215 0.113119 0.00216972
3 0.936284 0.561485 0.112724 0.112203 0.00214669
4 0.31552 0.313532 0.111041 0.112576 0.00213753
2 0.813082 0.313369 0.110812 0.11172 0.00213132
6 0.687801 0.188914 0.112564 0.112705 0.00211581
6 0.439274 0.189 0.111806 0.113482 0.00211523
10 0.563147 0.313201 0.113101 0.112227 0.00200045
11 0.81146 0.436849 0.113425 0.112134 0.00199774
1 0.688109 0.809494 0.111888 0.112355 0.00198366
3 0.688117 0.808928 0.110339 0.111424 0.00197895
8 0.813201 0.0649937 0.110129 0.111003 0.00194902
9 0.813082 0.313369 0.110812 0.11172 0.0019484
4 0.688047 0.437056 0.110916 0.112792 0.00194262
12 0.687394 0.437293 0.111167 0.111982 0.00193163
9 0.936885 0.436825 0.111278 0.11271 0.0019216
4 0.440294 0.438046 0.112156 0.113438 0.00191242
12 0.43918 0.0647155 0.111666 0.11383 0.00190513
2 0.31553 0.437671 0.112341 0.112722 0.00190103
6 0.440294 0.438046 0.112156 0.113438 0.00187224
1 0.43986 0.933959 0.112756 0.113133 0.00186691
13 0.687755 0.685437 0.111274 0.111994 0.00186468
2 0.0660962 0.189784 0.111284 0.111358 0.00184525
0 0.813306 0.187372 0.113931 0.113889 0.00184105
8 0.563834 0.685568 0.110557 0.112183 0.00178987
12 0.813201 0.0649937 0.110129 0.111003 0.00178565
9 0.936022 0.933376 0.113077 0.111686 0.00173519
1 0.68813 0.0640397 0.113046 0.11246 0.0017255
3 0.936769 0.809529 0.111993 0.112534 0.00169903
7 0.43876 0.0651713 0.112352 0.113484 0.00169808
12 0.81183 0.312903 0.111562 0.114171 0.00168852
2 0.190278 0.0649941 0.111911 0.111889 0.00167081
1 0.31422 0.0642703 0.112317 0.113414 0.00166984
2 0.440616 0.438083 0.112628 0.113157 0.00166978
9 0.0659739 0.065566 0.113706 0.113024 0.00164077
2 0.688109 0.809494 0.111888 0.112355 0.0016348
1 0.190926 0.438213 0.111561 0.112348 0.0016205
9 0.811775 0.561648 0.113166 0.11425 0.00160349
7 0.56349 0.437496 0.110966 0.112474 0.00159716
6 0.686756 0.43708 0.112559 0.113134 0.00158188
3 0.687801 0.188914 0.112564 0.112705 0.00157111
6 0.936516 0.189039 0.110633 0.113195 0.0015559
5 0.936027 0.561611 0.113165 0.113999 0.00155111
0 0.564016 0.685522 0.110586 0.112297 0.00153025
7 0.0665054 0.933834 0.113449 0.115143 0.00152567
5 0.686715 0.0643705 0.112906 0.111755 0.00151373
10 0.440234 0.685662 0.111965 0.113599 0.00149196
2 0.68747 0.188187 0.112781 0.113489 0.00149023
7 0.0671072 0.685477 0.112438 0.112918 0.00148092
2 0.564164 0.809805 0.111823 0.112134 0.0014704
8 0.688505 0.932238 0.11448 0.112279 0.00146211
3 0.440617 0.809776 0.111967 0.112563 0.00145547
11 0.0669776 0.436891 0.112281 0.11268 0.00144197
7 0.440178 0.933721 0.110793 0.112347 0.00143523
4 0.56349 0.437496 0.110966 0.112474 0.00143218
4 0.812965 0.188311 0.114099 0.11354 0.00143195
7 0.315132 0.313401 0.11175 0.112821 0.00143103
0 0.0669107 0.0655809 0.11049 0.113191 0.00142508
2 0.0665782 0.437772 0.113032 0.1126 0.00142407
2 0.813195 0.932661 0.110868 0.113236 0.00142328
12 0.315736 0.809645 0.110751 0.111692 0.00141813
7 0.811911 0.685436 0.112237 0.113121 0.0013891
7 0.687801 0.188914 0.112564 0.112705 0.0013887
9 0.440367 0.685625 0.111451 0.112362 0.00138588
5 0.688091 0.437205 0.111826 0.111182 0.00137999
6 0.440178 0.933721 0.110793 0.112347 0.00137507
7 0.56429 0.809445 0.110149 0.111761 0.00137506
4 0.564264 0.933424 0.111478 0.113557 0.00137142
4 0.190983 0.809361 0.113344 0.112963 0.00136949
13 0.93602 0.933632 0.111512 0.113381 0.00135841
6 0.936337 0.0647434 0.111431 0.11236 0.00135792
3 0.56429 0.809445 0.110149 0.111761 0.00135465
8 0.936284 0.561485 0.112724 0.112203 0.00133607
10 0.0663614 0.933566 0.112042 0.113085 0.00133447
12 0.563235 0.0645612 0.111125 0.111274 0.00129891
1 0.936459 0.0647105 0.109626 0.110976 0.00129215
1 0.936582 0.561519 0.113293 0.112993 0.00127618
6 0.190479 0.064586 0.112009 0.112293 0.00125592
2 0.0667954 0.809154 0.113748 0.114206 0.00125552
5 0.5638 0.809189 0.111816 0.112416 0.001251
2 0.811421 0.436654 0.11438 0.112506 0.0012451
5 0.93602 0.933632 0.111512 0.113381 0.00124238
4 0.0666692 0.809074 0.11177 0.112102 0.00123469
4 0.81276 0.313383 0.112287 0.113072 0.00123092
5 0.81311 0.313037 0.112336 0.111503 0.00122461
10 0.563659 0.685237 0.111085 0.112972 0.00120903
6 0.564699 0.80994 0.11183 0.112481 0.00120508
6 0.936173 0.686027 0.111647 0.113729 0.00118934
1 0.438913 0.313631 0.111619 0.112028 0.00118892
13 0.314283 0.312898 0.112311 0.112635 0.00118011
8 0.3163 0.685743 0.11109 0.113752 0.00117653
12 0.936173 0.686027 0.111647 0.113729 0.00117567
11 0.0664793 0.561222 0.111147 0.111758 0.00116665
4 0.563147 0.313201 0.113101 0.112227 0.00116404
5 0.314274 0.312941 0.112407 0.112271 0.00115646
10 0.0666443 0.561375 0.110518 0.11286 0.00115558
4 0.812226 0.933293 0.11226 0.11272 0.00114585
11 0.563217 0.438044 0.112257 0.113414 0.00114104
0 0.190576 0.313388 0.111593 0.112738 0.00113231
5 0.687884 0.809018 0.111912 0.112181 0.00113108
5 0.564264 0.933424 0.111478 0.113557 0.00113097
11 0.0662495 0.0656773 0.112752 0.113667 0.00112667
2 0.563147 0.313201 0.113101 0.112227 0.00112102
11 0.811437 0.0645962 0.111036 0.110342 0.00112084
12 0.190888 0.313791 0.112214 0.113177 0.0011164
5 0.190926 0.438213 0.111561 0.112348 0.00111581
11 0.811893 0.809952 0.113296 0.112677 0.00110902
12 0.0662879 0.933935 0.111924 0.113652 0.0011089
1 0.688135 0.56116 0.111549 0.11284 0.0011077
12 0.936283 0.809535 0.111781 0.112429 0.00110559
6 0.688117 0.808928 0.110339 0.111424 0.00108111
8 0.438835 0.313292 0.112191 0.11331 0.00107808
11 0.563131 0.31314 0.113119 0.114123 0.00107741
6 0.316049 0.437656 0.112336 0.112436 0.00106887
1 0.81245 0.312641 0.112574 0.113137 0.00106626
0 0.315754 0.685754 0.112095 0.112727 0.00105822
7 0.316049 0.437656 0.112336 0.112436 0.0010567
12 0.563041 0.188828 0.11154 0.112749 0.00105618
3 0.0668369 0.313326 0.112381 0.113168 0.00105039
4 0.936486 0.313608 0.113194 0.112221 0.00104617
13 0.56269 0.437211 0.112075 0.112176 0.00103332
6 0.315966 0.561819 0.112376 0.113 0.00102333
5 0.31537 0.933539 0.111352 0.11313 0.00102253
3 0.316074 0.561339 0.111053 0.11315 0.00102202
0 0.190983 0.809361 0.113344 0.112963 0.00101894
3 0.316049 0.437656 0.112336 0.112436 0.00101819
8 0.315754 0.933289 0.112268 0.113437 0.0010133
