7 0.315508 0.809436 0.112933 0.112842 0.98727
3 0.314817 0.93412 0.113483 0.113857 0.986995
9 0.563959 0.809512 0.111604 0.112786 0.986508
11 0.43914 0.934256 0.111887 0.113556 0.986186
5 0.563813 0.933887 0.110812 0.112936 0.985822
11 0.191194 0.934182 0.112417 0.114313 0.985145
7 0.191492 0.685198 0.11248 0.112462 0.984465
9 0.0665752 0.313429 0.11279 0.113216 0.984367
13 0.0675161 0.685535 0.112631 0.113118 0.983988
10 0.440118 0.809719 0.11265 0.113738 0.983872
4 0.439958 0.685395 0.113161 0.113305 0.98368
7 0.191517 0.313714 0.112484 0.113083 0.983656
1 0.191424 0.809615 0.111621 0.112494 0.983631
1 0.936394 0.809477 0.112611 0.112307 0.983341
11 0.191194 0.0648778 0.111968 0.11292 0.983306
13 0.0672866 0.0648186 0.113283 0.113941 0.983113
11 0.0663288 0.934067 0.114819 0.115188 0.982901
6 0.43959 0.0651725 0.111742 0.113597 0.982893
2 0.688 0.93377 0.113902 0.113973 0.982795
1 0.315365 0.685441 0.111804 0.112129 0.982669
5 0.315642 0.313808 0.111474 0.113096 0.982528
8 0.315178 0.561379 0.112418 0.112424 0.982248
7 0.0673432 0.809633 0.1135 0.113564 0.982136
4 0.191422 0.189062 0.113466 0.1134 0.982114
2 0.191156 0.437533 0.112158 0.112409 0.982018
10 0.936757 0.933976 0.113125 0.114892 0.981988
1 0.812302 0.933557 0.111829 0.113309 0.98184
0 0.315394 0.0642166 0.111983 0.112608 0.981813
1 0.067098 0.437764 0.112561 0.112062 0.98181
10 0.81273 0.809597 0.112411 0.113825 0.981767
6 0.688058 0.809747 0.11213 0.114169 0.981661
11 0.31498 0.436975 0.111048 0.112668 0.981555
12 0.315594 0.188992 0.112093 0.113447 0.981176
1 0.0666363 0.189439 0.112539 0.112753 0.981028
4 0.439236 0.437066 0.113188 0.113321 0.980902
12 0.191453 0.561296 0.112169 0.111349 0.980834
6 0.936355 0.685405 0.113077 0.113348 0.980309
2 0.563756 0.684898 0.111714 0.112361 0.980033
0 0.067859 0.561081 0.112404 0.112926 0.979783
9 0.687399 0.437553 0.110549 0.111324 0.979572
10 0.563932 0.31308 0.112883 0.114598 0.979546
5 0.43919 0.561247 0.111698 0.112596 0.979545
9 0.811608 0.313417 0.111425 0.111081 0.979321
11 0.563454 0.188755 0.111065 0.114228 0.979308
4 0.68797 0.561211 0.11329 0.114044 0.979207
6 0.439414 0.31309 0.112181 0.113366 0.979196
4 0.687968 0.188414 0.113657 0.114999 0.979106
6 0.688043 0.685426 0.112881 0.112602 0.979101
0 0.563662 0.561109 0.112144 0.113585 0.978947
2 0.439443 0.188784 0.111263 0.112045 0.978917
4 0.812296 0.437031 0.113376 0.113789 0.978753
4 0.812564 0.685272 0.112676 0.113674 0.978615
7 0.687991 0.313469 0.112132 0.113925 0.978498
9 0.935513 0.189501 0.111654 0.11288 0.978491
1 0.936056 0.0643536 0.114059 0.11369 0.978341
11 0.8119 0.188982 0.112357 0.114099 0.978146
3 0.812184 0.561367 0.112454 0.113425 0.978139
1 0.687701 0.0643287 0.111907 0.112519 0.978136
7 0.936415 0.437122 0.113527 0.11444 0.978012
12 0.811438 0.0652664 0.111991 0.111152 0.977898
1 0.936331 0.312951 0.113507 0.112137 0.977543
0 0.563095 0.0655209 0.110929 0.110861 0.977477
12 0.936718 0.561411 0.112646 0.112897 0.977384
2 0.563332 0.437287 0.111898 0.11231 0.977324
6 0.936522 0.561656 0.111717 0.112902 0.0268744
6 0.191793 0.561304 0.111038 0.111591 0.0112315
6 0.811331 0.0652174 0.112794 0.113392 0.0105973
5 0.811806 0.189823 0.112389 0.113679 0.00799797
8 0.68851 0.933608 0.113029 0.113348 0.00632922
1 0.563092 0.438004 0.109488 0.111664 0.00609809
0 0.688065 0.437136 0.111344 0.112619 0.0056906
0 0.68818 0.0633548 0.111512 0.112196 0.00474687
7 0.811406 0.064983 0.111591 0.112051 0.0045174
12 0.687864 0.436643 0.110184 0.112354 0.0045068
2 0.315339 0.56104 0.112241 0.111707 0.00442
12 0.812197 0.313533 0.111118 0.112047 0.00408415
6 0.315758 0.189279 0.11251 0.113729 0.00404338
0 0.811796 0.933045 0.11292 0.113133 0.00393905
1 0.0668723 0.560621 0.114514 0.112403 0.00386287
3 0.688291 0.80899 0.111485 0.112568 0.00384345
1 0.812128 0.437081 0.113142 0.113818 0.00379468
1 0.688182 0.561327 0.112931 0.113303 0.00361179
7 0.811681 0.684788 0.112384 0.114884 0.00353152
10 0.0664885 0.0646332 0.115261 0.114124 0.00352461
0 0.936223 0.313176 0.112332 0.110989 0.00330883
3 0.936487 0.684859 0.11239 0.113489 0.00307795
7 0.0672866 0.0648186 0.113283 0.113941 0.00303338
0 0.935967 0.0643317 0.11236 0.113516 0.0029768
1 0.439948 0.43737 0.113118 0.113965 0.00296578
7 0.811517 0.436417 0.112448 0.114922 0.00294711
7 0.439421 0.437515 0.111683 0.112417 0.00282396
12 0.440244 0.809544 0.11205 0.112375 0.00282375
10 0.811434 0.189118 0.110849 0.112461 0.002786
1 0.190955 0.437916 0.109787 0.108661 0.00277696
3 0.563959 0.809512 0.111604 0.112786 0.0027697
12 0.936037 0.437149 0.112547 0.113522 0.00275585
11 0.315813 0.561266 0.11117 0.11342 0.00273831
7 0.936157 0.561436 0.110476 0.113987 0.00273427
0 0.813053 0.313386 0.112213 0.112486 0.00272476
1 0.688384 0.188035 0.112538 0.114589 0.00270552
5 0.813064 0.809235 0.113121 0.114059 0.00269767
7 0.68755 0.561088 0.111859 0.112484 0.00263974
2 0.688067 0.0645622 0.110495 0.110741 0.00258658
0 0.0673095 0.313623 0.112945 0.114662 0.00256496
7 0.687624 0.188962 0.112478 0.113479 0.00255735
13 0.935657 0.933631 0.111683 0.111656 0.0025259
12 0.563959 0.809443 0.112136 0.111949 0.00251389
3 0.439566 0.313483 0.111209 0.113572 0.00247939
4 0.813087 0.809662 0.112701 0.115526 0.00243326
12 0.686817 0.313587 0.108934 0.111903 0.00239168
1 0.812528 0.68551 0.112858 0.113323 0.00234921
3 0.190676 0.436837 0.112012 0.110998 0.00231697
5 0.0663117 0.934056 0.115416 0.115473 0.00225467
12 0.811576 0.561656 0.110994 0.113013 0.00225213
3 0.687489 0.437297 0.111634 0.112929 0.00219673
1 0.564014 0.685184 0.111758 0.112789 0.00219291
1 0.439958 0.685395 0.113161 0.113305 0.00214176
4 0.0669063 0.809449 0.114826 0.113189 0.00214014
11 0.43906 0.561191 0.111176 0.111232 0.00213518
10 0.066921 0.684948 0.114869 0.114048 0.00207591
1 0.191468 0.189206 0.112918 0.112838 0.00199194
1 0.439251 0.18879 0.112231 0.111421 0.00197263
9 0.811525 0.561663 0.112107 0.112899 0.00196892
7 0.191376 0.189054 0.112271 0.112957 0.00196886
7 0.0676215 0.685294 0.113491 0.114074 0.00195601
8 0.935894 0.189049 0.111798 0.114052 0.00191653
5 0.56369 0.18953 0.111776 0.11373 0.00190539
7 0.439614 0.68515 0.112122 0.112803 0.0018818
4 0.31584 0.809512 0.112446 0.113536 0.00186426
12 0.067399 0.313598 0.112753 0.113935 0.00186046
7 0.688273 0.809278 0.112868 0.112925 0.00183607
1 0.688203 0.685286 0.111773 0.113684 0.00183472
12 0.936157 0.189173 0.112068 0.113049 0.00177586
5 0.191356 0.436834 0.110976 0.113511 0.00177466
7 0.936068 0.933232 0.11226 0.11426 0.0017627
0 0.936449 0.809363 0.111797 0.11248 0.00175378
1 0.688405 0.933619 0.113818 0.113464 0.00172627
10 0.563801 0.934253 0.111154 0.111805 0.00172083
7 0.688169 0.685154 0.113034 0.11302 0.00170745
1 0.6883 0.809494 0.111196 0.113685 0.00167318
9 0.0664885 0.0646332 0.115261 0.114124 0.00164244
3 0.564335 0.685155 0.111081 0.111826 0.00163871
11 0.563938 0.933831 0.111639 0.112648 0.00159677
10 0.191494 0.313577 0.112647 0.113868 0.00159549
4 0.191417 0.313403 0.112314 0.112675 0.00159122
3 0.688455 0.685021 0.111572 0.112031 0.00158108
3 0.564 0.437626 0.11193 0.11197 0.00156523
3 0.43959 0.0651725 0.111742 0.113597 0.00150585
7 0.813087 0.809662 0.112701 0.115526 0.00147349
5 0.190845 0.0651552 0.11254 0.113682 0.00146504
0 0.0663586 0.436927 0.114084 0.11148 0.00146235
13 0.686936 0.313247 0.112041 0.111357 0.00144227
8 0.811624 0.31309 0.11062 0.112344 0.00143259
5 0.563332 0.437287 0.111898 0.11231 0.0014104
4 0.439685 0.809518 0.112505 0.113595 0.00140142
0 0.0666768 0.188834 0.112329 0.112313 0.00139051
5 0.564 0.685432 0.111613 0.113246 0.00138579
12 0.936546 0.933964 0.112316 0.113593 0.00138033
5 0.440244 0.809544 0.11205 0.112375 0.00137477
4 0.936149 0.436837 0.113883 0.113677 0.00136037
4 0.563763 0.313572 0.112367 0.113802 0.00135561
8 0.688065 0.437136 0.111344 0.112619 0.00134546
8 0.563504 0.188518 0.111481 0.113697 0.00134157
3 0.688274 0.933757 0.112244 0.113542 0.001338
6 0.439421 0.437515 0.111683 0.112417 0.00133644
1 0.563732 0.560833 0.112383 0.112776 0.00133459
3 0.936591 0.561201 0.110987 0.113622 0.00132766
12 0.563989 0.312896 0.112903 0.11378 0.00127489
1 0.563632 0.0637706 0.110954 0.112604 0.00127449
12 0.812735 0.809567 0.11115 0.113089 0.00126715
11 0.812735 0.809567 0.11115 0.113089 0.00126076
7 0.191614 0.560946 0.111426 0.111469 0.00125529
1 0.811597 0.561552 0.11197 0.112152 0.00123529
4 0.191492 0.685198 0.11248 0.112462 0.00123105
4 0.315365 0.685441 0.111804 0.112129 0.00123086
6 0.811631 0.685195 0.113717 0.113675 0.00122318
10 0.812499 0.685512 0.112466 0.112775 0.0012222
11 0.0664885 0.0646332 0.115261 0.114124 0.00122026
4 0.564335 0.685155 0.111081 0.111826 0.00121966
13 0.439972 0.809784 0.111551 0.111896 0.00121241
10 0.439104 0.561263 0.112684 0.111737 0.00119599
4 0.936394 0.809477 0.112611 0.112307 0.00118705
3 0.812234 0.313557 0.111229 0.112299 0.00118386
4 0.688291 0.80899 0.111485 0.112568 0.00118008
5 0.191194 0.934143 0.112868 0.114482 0.00115765
4 0.191424 0.809615 0.111621 0.112494 0.00115347
8 0.190955 0.437916 0.109787 0.108661 0.00115253
4 0.688096 0.313974 0.11306 0.113292 0.00114527
6 0.688161 0.313541 0.110689 0.113755 0.00113671
4 0.564 0.437626 0.11193 0.11197 0.00113589
7 0.440256 0.0652034 0.112227 0.113815 0.00111427
10 0.315488 0.313491 0.111689 0.112756 0.00110278
0 0.315344 0.685308 0.112081 0.112842 0.00109882
0 0.191428 0.809677 0.112092 0.113193 0.001097
5 0.315049 0.436619 0.109697 0.112044 0.00109182
9 0.563512 0.0648734 0.111257 0.11258 0.00107354
8 0.067399 0.313598 0.112753 0.113935 0.00106982
5 0.439919 0.934256 0.112575 0.112736 0.00106152
6 0.811576 0.561656 0.110994 0.113013 0.00104893
2 0.812128 0.437081 0.113142 0.113818 0.00104773
0 0.935915 0.189104 0.112183 0.113448 0.00104166
2 0.813156 0.933262 0.110525 0.112527 0.00104146
2 0.812528 0.68551 0.112858 0.113323 0.00103048
12 0.191521 0.685299 0.11151 0.112663 0.00102692
6 0.191376 0.189054 0.112271 0.112957 0.00102021
2 0.813046 0.561995 0.110484 0.109651 0.00101563
0 0.936448 0.561649 0.112978 0.112507 0.00100817
7 0.936047 0.685594 0.11231 0.114447 0.00100748
