3 0.191302 0.685524 0.111371 0.11285 0.986675
5 0.191803 0.809735 0.111061 0.112352 0.986404
13 0.43952 0.933942 0.111769 0.113243 0.985964
2 0.56359 0.809864 0.111884 0.113001 0.985845
7 0.315459 0.809852 0.111998 0.111822 0.985796
10 0.563687 0.933834 0.111818 0.11373 0.985439
5 0.935662 0.0658353 0.111564 0.111675 0.985205
3 0.935028 0.933962 0.113924 0.113466 0.985143
6 0.315618 0.933951 0.111232 0.112212 0.984736
8 0.687626 0.934382 0.11175 0.112962 0.984427
5 0.0672052 0.5619 0.112588 0.112685 0.984304
10 0.439374 0.0650861 0.111752 0.112871 0.983979
2 0.316009 0.561234 0.111336 0.112487 0.983179
2 0.811502 0.934114 0.111479 0.111653 0.982767
4 0.439612 0.809715 0.111858 0.112826 0.98274
9 0.191627 0.561293 0.111225 0.11227 0.982594
12 0.0668703 0.0647548 0.113274 0.113614 0.982361
13 0.0672359 0.934068 0.11219 0.113087 0.982206
6 0.0669292 0.189079 0.112372 0.111998 0.982194
3 0.811752 0.0651487 0.112396 0.11385 0.982192
10 0.19104 0.43683 0.112875 0.111665 0.982017
11 0.562858 0.0654669 0.111143 0.112424 0.981914
13 0.31529 0.0652391 0.112268 0.111742 0.981778
13 0.0673538 0.80976 0.112919 0.113389 0.981559
3 0.563378 0.685732 0.111745 0.112902 0.98155
2 0.191379 0.933831 0.113213 0.113383 0.981494
6 0.936341 0.80981 0.11318 0.112159 0.981489
4 0.0677819 0.313035 0.113443 0.113379 0.981485
11 0.0664574 0.436973 0.113295 0.112436 0.981281
13 0.067247 0.685766 0.112376 0.112657 0.981232
5 0.44008 0.313714 0.11115 0.112571 0.981192
5 0.687188 0.685339 0.111081 0.112847 0.980811
8 0.191382 0.313412 0.110837 0.111933 0.980551
13 0.687585 0.809747 0.111214 0.113424 0.980383
13 0.81175 0.809868 0.112213 0.113823 0.980303
8 0.315538 0.189136 0.111384 0.112184 0.980212
2 0.191248 0.0646195 0.11148 0.112172 0.980196
4 0.563697 0.312667 0.112102 0.113341 0.980058
0 0.191162 0.189106 0.112283 0.111862 0.980008
1 0.439408 0.5609 0.112897 0.113597 0.979812
12 0.68763 0.188573 0.112067 0.111904 0.979759
1 0.563604 0.436846 0.11258 0.11339 0.979719
2 0.439369 0.189081 0.110408 0.111978 0.979554
8 0.315564 0.313329 0.111822 0.112327 0.979457
11 0.315443 0.684833 0.111943 0.111874 0.979386
1 0.563423 0.188791 0.112058 0.112902 0.979346
3 0.56325 0.561276 0.111982 0.11254 0.979176
12 0.935892 0.188567 0.113 0.111813 0.979026
10 0.68809 0.43677 0.112212 0.11353 0.979017
2 0.439439 0.437248 0.110613 0.11121 0.978885
5 0.936546 0.436919 0.112846 0.11323 0.978753
4 0.936502 0.685003 0.112871 0.113093 0.97874
2 0.687789 0.0650823 0.110035 0.112751 0.978532
8 0.315705 0.437375 0.111722 0.112518 0.978478
6 0.936642 0.312946 0.112935 0.111166 0.978279
8 0.936477 0.561191 0.112782 0.111719 0.978035
8 0.812388 0.437032 0.112295 0.112501 0.977957
8 0.812108 0.188836 0.112105 0.11189 0.977776
8 0.688124 0.561236 0.112017 0.112462 0.977654
8 0.812218 0.313037 0.112095 0.111473 0.977572
8 0.688009 0.312995 0.111484 0.112011 0.977564
8 0.812321 0.561496 0.112401 0.112122 0.977363
13 0.811586 0.685634 0.112168 0.112453 0.977177
8 0.43928 0.685128 0.111154 0.111399 0.976944
2 0.191561 0.313273 0.110896 0.111186 0.0356893
2 0.688188 0.313095 0.111766 0.11163 0.0110075
7 0.687744 0.809945 0.111968 0.113087 0.010177
7 0.066793 0.685462 0.113691 0.112898 0.00974443
2 0.688223 0.561012 0.111963 0.111041 0.00957089
7 0.31521 0.0652113 0.110997 0.111927 0.00949021
7 0.812124 0.685354 0.111238 0.112986 0.00945636
2 0.315854 0.437357 0.112287 0.112353 0.00904332
4 0.191347 0.436924 0.112999 0.112519 0.00895982
2 0.813052 0.437007 0.110095 0.112173 0.00880936
5 0.315344 0.685316 0.111887 0.112648 0.0071711
11 0.688103 0.561142 0.112412 0.111734 0.00657726
4 0.688172 0.437201 0.111266 0.113473 0.00652493
5 0.563578 0.065441 0.111239 0.112866 0.0064151
11 0.812141 0.56152 0.112788 0.111607 0.00619626
2 0.811934 0.313785 0.111926 0.111153 0.00573342
6 0.191225 0.685514 0.112039 0.111835 0.00565915
2 0.440029 0.685152 0.111384 0.11213 0.00540064
2 0.315518 0.189056 0.111803 0.112053 0.00509314
7 0.0669308 0.933795 0.112929 0.113534 0.00508052
11 0.439902 0.685474 0.112285 0.112248 0.00489441
2 0.315881 0.313158 0.1118 0.112012 0.00485117
2 0.936667 0.56132 0.1114 0.112693 0.00476151
5 0.0665313 0.436587 0.112535 0.114274 0.00462123
2 0.813048 0.561331 0.110421 0.111825 0.00458551
12 0.686751 0.809985 0.110482 0.111241 0.0040454
3 0.191623 0.561386 0.110771 0.111658 0.00399271
1 0.067282 0.313071 0.113493 0.112588 0.00396162
7 0.0668794 0.809443 0.113496 0.113204 0.0038128
1 0.688106 0.064315 0.112253 0.112455 0.00368022
6 0.811525 0.0649348 0.111667 0.112579 0.00354721
13 0.687891 0.437235 0.111084 0.112039 0.0035334
11 0.315609 0.313035 0.111616 0.111662 0.00335994
1 0.563661 0.313244 0.112819 0.112871 0.00320177
2 0.811818 0.1897 0.11186 0.111691 0.00319722
12 0.811486 0.685618 0.111407 0.112225 0.0031849
1 0.191778 0.188875 0.111939 0.11182 0.00316697
11 0.688341 0.312817 0.111498 0.111747 0.00316692
7 0.811359 0.809397 0.112625 0.112569 0.00304386
10 0.936247 0.0652082 0.111765 0.112253 0.00303037
3 0.688174 0.685135 0.11237 0.112856 0.00298314
2 0.688384 0.933256 0.113869 0.112107 0.00293018
12 0.811366 0.809873 0.111784 0.112774 0.00288165
13 0.191192 0.437113 0.111038 0.111544 0.00273657
8 0.811592 0.933458 0.112781 0.112538 0.00272576
7 0.688172 0.437201 0.111266 0.113473 0.00268042
8 0.688115 0.0644706 0.110754 0.112576 0.00263119
2 0.936394 0.685498 0.1122 0.11326 0.00254685
11 0.81188 0.313259 0.112046 0.112316 0.00251032
2 0.190988 0.685453 0.111888 0.11219 0.00250154
12 0.43988 0.0648477 0.11122 0.11288 0.00249638
1 0.439612 0.809715 0.111858 0.112826 0.00247546
11 0.687919 0.934413 0.112156 0.11209 0.00246042
0 0.56359 0.188464 0.111947 0.113337 0.00244609
11 0.315641 0.188877 0.110929 0.111349 0.0024355
5 0.811754 0.685604 0.112818 0.112925 0.00243476
1 0.93613 0.685382 0.112391 0.11302 0.00239327
4 0.688174 0.685135 0.11237 0.112856 0.00233163
2 0.688174 0.685135 0.11237 0.112856 0.00224197
1 0.439116 0.43793 0.109362 0.108612 0.00217882
11 0.812475 0.436953 0.112598 0.111993 0.00214992
7 0.43952 0.933942 0.111769 0.113243 0.00212367
12 0.0671334 0.80939 0.111758 0.112283 0.0021229
11 0.936206 0.560964 0.113097 0.111068 0.00209143
11 0.811929 0.189033 0.111109 0.112247 0.00207299
10 0.0669885 0.436749 0.112612 0.113286 0.00206599
6 0.935401 0.934131 0.112798 0.113902 0.00204185
4 0.439408 0.0648844 0.111465 0.113262 0.0020299
10 0.936524 0.437444 0.11202 0.112562 0.00202352
7 0.439643 0.809613 0.111847 0.112372 0.00200166
11 0.191358 0.313258 0.110565 0.111263 0.00197718
1 0.316541 0.934175 0.111527 0.112545 0.00192665
3 0.936768 0.809802 0.112964 0.113138 0.00183612
0 0.563747 0.436664 0.112006 0.113184 0.00183435
12 0.191115 0.560961 0.111676 0.112729 0.00182087
4 0.563493 0.93381 0.112219 0.113164 0.00177801
3 0.315579 0.561129 0.113273 0.112708 0.00176766
11 0.315369 0.437076 0.112795 0.111647 0.00174421
1 0.563841 0.809555 0.112332 0.112541 0.00173455
3 0.191379 0.933831 0.113213 0.113383 0.00173419
13 0.439974 0.0645093 0.111882 0.112113 0.00171907
12 0.439474 0.933956 0.110837 0.111025 0.00171165
1 0.315526 0.560895 0.11232 0.112342 0.00170774
1 0.439426 0.18877 0.112019 0.112058 0.00164615
1 0.936082 0.312879 0.11104 0.113465 0.00157911
1 0.191121 0.0648007 0.111556 0.11147 0.00153891
1 0.812013 0.933472 0.112135 0.112582 0.00153113
0 0.688149 0.188906 0.11304 0.113723 0.00152452
10 0.811481 0.685158 0.113401 0.111797 0.00150485
6 0.936092 0.685133 0.112935 0.113442 0.00148928
10 0.687705 0.685288 0.111715 0.112396 0.0014695
3 0.936521 0.312972 0.113305 0.112926 0.00145501
4 0.563825 0.436974 0.112292 0.112602 0.0014531
4 0.439569 0.561137 0.112358 0.112897 0.00143806
0 0.688375 0.933653 0.113598 0.112911 0.00143231
6 0.563412 0.56119 0.11252 0.112548 0.00143083
1 0.191576 0.933525 0.112925 0.11223 0.00142282
4 0.563668 0.189075 0.111913 0.113224 0.0013963
6 0.0668177 0.313411 0.111638 0.111652 0.00137119
12 0.0672078 0.188716 0.112751 0.112215 0.00136758
1 0.191225 0.685514 0.112039 0.111835 0.00136754
1 0.936007 0.80999 0.111289 0.113705 0.00136548
4 0.315954 0.809729 0.111125 0.111595 0.00135953
12 0.563493 0.93381 0.112219 0.113164 0.00134706
10 0.0665204 0.561319 0.112569 0.11227 0.0013371
3 0.439642 0.437302 0.112081 0.112453 0.00132708
5 0.811487 0.933195 0.113672 0.111966 0.00129111
12 0.563826 0.312754 0.111988 0.112759 0.00128963
12 0.81124 0.0647138 0.111653 0.112342 0.00127314
4 0.811525 0.0649348 0.111667 0.112579 0.00126156
7 0.0671913 0.313027 0.112647 0.112759 0.00126144
7 0.936545 0.31352 0.111156 0.110917 0.00125448
1 0.563412 0.56119 0.11252 0.112548 0.00125315
12 0.93591 0.685342 0.113127 0.112037 0.00125272
0 0.439561 0.560823 0.112348 0.113416 0.00125221
10 0.0671108 0.933887 0.11162 0.112559 0.00123057
3 0.564253 0.809514 0.110481 0.1123 0.00122273
6 0.067061 0.0643755 0.113377 0.11317 0.00122207
10 0.19121 0.809639 0.111352 0.112016 0.00121636
10 0.56361 0.0652046 0.113012 0.111452 0.00121145
3 0.688161 0.0639939 0.110811 0.112072 0.00119896
1 0.935585 0.934057 0.112644 0.112767 0.00119591
10 0.563781 0.313454 0.111105 0.113339 0.0011876
4 0.190877 0.685446 0.111445 0.111725 0.00118626
10 0.439588 0.312778 0.111418 0.112183 0.00118588
10 0.315618 0.684951 0.112789 0.112675 0.00118216
10 0.439802 0.809725 0.113286 0.113238 0.00117685
7 0.190727 0.43637 0.111122 0.113413 0.00117443
7 0.439408 0.0648844 0.111465 0.113262 0.00117431
5 0.564452 0.810057 0.111853 0.11212 0.00116942
12 0.563253 0.685658 0.111483 0.112155 0.00116635
3 0.936442 0.436553 0.112975 0.111535 0.00114728
0 0.936602 0.561565 0.111593 0.112703 0.00114606
4 0.563617 0.685568 0.111321 0.111945 0.0011429
3 0.0667008 0.188887 0.1125 0.111886 0.00114137
7 0.56382 0.9333 0.112079 0.113278 0.00113549
2 0.563781 0.313454 0.111105 0.113339 0.00113276
5 0.688106 0.064315 0.112253 0.112455 0.00111554
12 0.0668437 0.685605 0.11177 0.112309 0.00110889
4 0.563681 0.561225 0.111689 0.111855 0.00109836
5 0.811607 0.809973 0.112983 0.113536 0.00109445
2 0.439612 0.809715 0.111858 0.112826 0.00108869
3 0.190987 0.064553 0.111515 0.111841 0.00105789
5 0.688131 0.43715 0.111777 0.113069 0.00105671
4 0.936907 0.437817 0.112525 0.112062 0.00105059
12 0.688038 0.437004 0.113156 0.113054 0.0010499
0 0.813031 0.313894 0.111928 0.113506 0.00104818
13 0.563675 0.933782 0.111409 0.111449 0.00104543
0 0.811987 0.438036 0.110147 0.112404 0.00104393
5 0.06656 0.313229 0.112509 0.112541 0.001031
1 0.563584 0.685647 0.11216 0.112442 0.00102498
9 0.811573 0.561479 0.111628 0.112469 0.00101183
10 0.0670597 0.809855 0.112315 0.11252 0.00101072
