10 0.31571 0.933522 0.112426 0.113752 0.987193
12 0.316205 0.809549 0.111076 0.11182 0.987179
9 0.439287 0.933586 0.111968 0.113635 0.987148
7 0.190057 0.0651688 0.112939 0.111934 0.986393
8 0.563397 0.933955 0.112305 0.112597 0.985821
5 0.563858 0.809954 0.110612 0.111703 0.985595
10 0.314733 0.0650567 0.111219 0.112294 0.985541
3 0.190862 0.93374 0.114395 0.114004 0.98551
5 0.0670302 0.809282 0.111162 0.112361 0.985494
8 0.439802 0.809627 0.112171 0.111722 0.985413
8 0.68792 0.933752 0.112683 0.112546 0.985145
7 0.0663015 0.933736 0.113763 0.113422 0.984822
5 0.0674074 0.685731 0.111797 0.112245 0.984582
3 0.316885 0.685747 0.111565 0.112774 0.983556
5 0.0669824 0.438039 0.112269 0.112728 0.983262
9 0.0668783 0.561713 0.113333 0.113431 0.983222
11 0.811881 0.934037 0.113268 0.114226 0.983097
13 0.935823 0.0653653 0.113235 0.113769 0.98297
6 0.190817 0.188707 0.112457 0.113394 0.982791
2 0.190549 0.809491 0.114442 0.112805 0.982722
8 0.812005 0.809528 0.112323 0.112102 0.982678
9 0.191377 0.561685 0.113247 0.112922 0.982536
2 0.0666519 0.314487 0.11149 0.112335 0.982313
11 0.315644 0.436942 0.112354 0.112841 0.982225
2 0.563931 0.685658 0.111767 0.112344 0.98196
2 0.0665216 0.189719 0.110841 0.111987 0.981748
1 0.68797 0.809068 0.112059 0.11249 0.981605
9 0.315189 0.313164 0.110577 0.111576 0.981585
10 0.191479 0.685199 0.112826 0.11227 0.981552
1 0.190724 0.313453 0.112939 0.113163 0.981454
2 0.935998 0.933904 0.11345 0.113571 0.981422
10 0.936735 0.809581 0.112848 0.11253 0.981204
8 0.812302 0.0650928 0.113179 0.112162 0.980872
8 0.315912 0.561544 0.111823 0.111763 0.980834
11 0.314659 0.188578 0.111873 0.113006 0.980765
8 0.191026 0.437687 0.11253 0.112968 0.980502
4 0.440134 0.68503 0.112819 0.112967 0.980494
2 0.438814 0.189719 0.112427 0.113042 0.980061
2 0.439225 0.437488 0.111495 0.112086 0.980055
1 0.440148 0.561696 0.112401 0.112616 0.979676
3 0.563589 0.437406 0.111926 0.112338 0.979636
12 0.438956 0.0648563 0.110957 0.112619 0.979468
0 0.0657072 0.0653034 0.109488 0.112276 0.979384
9 0.687583 0.0648011 0.111667 0.111246 0.979071
6 0.563452 0.313147 0.111916 0.113243 0.979023
12 0.563365 0.188643 0.112275 0.112617 0.979002
11 0.811537 0.436855 0.113181 0.113669 0.978977
11 0.439211 0.312894 0.112293 0.113677 0.978893
6 0.68819 0.68564 0.112389 0.112616 0.97887
1 0.687257 0.312478 0.113086 0.112827 0.978863
6 0.812183 0.56153 0.113166 0.113137 0.97869
2 0.686992 0.437148 0.112025 0.112243 0.978574
1 0.812625 0.187907 0.113373 0.113037 0.978306
4 0.936618 0.437154 0.113569 0.113741 0.978197
8 0.687641 0.561339 0.112155 0.113066 0.97818
2 0.563781 0.561409 0.111922 0.113754 0.978114
8 0.936136 0.561651 0.11301 0.112753 0.977967
5 0.936949 0.188283 0.112113 0.113866 0.977954
3 0.936473 0.3134 0.111732 0.112851 0.977914
8 0.811975 0.685764 0.112542 0.112263 0.977892
8 0.812259 0.312739 0.112657 0.113178 0.977659
0 0.562699 0.0652595 0.111206 0.111073 0.977543
2 0.936262 0.685637 0.112356 0.113246 0.977496
8 0.687729 0.188528 0.111768 0.112611 0.976942
3 0.563871 0.562017 0.112 0.113143 0.0157075
9 0.687786 0.933289 0.112456 0.113299 0.0147301
9 0.81147 0.313764 0.113374 0.112494 0.0128419
3 0.687687 0.437439 0.112712 0.113248 0.0123606
10 0.811805 0.436514 0.111642 0.113394 0.0109372
3 0.439742 0.438014 0.11277 0.113227 0.0105769
10 0.936308 0.188354 0.110751 0.112118 0.0105192
3 0.439656 0.189833 0.112596 0.112916 0.00916198
3 0.936003 0.933955 0.11288 0.112824 0.00785004
3 0.564357 0.685791 0.111828 0.112365 0.00750601
8 0.813214 0.933193 0.111164 0.113763 0.00631514
8 0.688077 0.437081 0.109904 0.113519 0.00593373
10 0.314533 0.188735 0.11211 0.112327 0.00503642
5 0.0662162 0.188652 0.112204 0.113256 0.00497171
9 0.687599 0.189479 0.112677 0.11229 0.004879
2 0.688085 0.18819 0.112497 0.11389 0.00472672
9 0.812064 0.0653794 0.112872 0.111964 0.00438847
10 0.315693 0.436641 0.111712 0.113266 0.00437839
0 0.688203 0.0645912 0.109267 0.111589 0.00420094
11 0.687622 0.561151 0.110555 0.112918 0.00384049
11 0.812094 0.685717 0.111181 0.112857 0.00370269
2 0.688058 0.561008 0.111084 0.112942 0.00362772
10 0.439317 0.933437 0.112062 0.114055 0.00362541
9 0.563238 0.933476 0.111875 0.113161 0.00360004
3 0.936141 0.685676 0.112721 0.112178 0.00355902
9 0.811582 0.932602 0.112018 0.111892 0.00352989
10 0.811582 0.932602 0.112018 0.111892 0.0034204
0 0.688589 0.933114 0.114725 0.114284 0.00334258
0 0.190941 0.438309 0.11177 0.113856 0.00314874
0 0.687684 0.311691 0.113019 0.112739 0.00306189
5 0.191461 0.685161 0.112498 0.111932 0.00306121
3 0.0658888 0.190062 0.113548 0.112221 0.00297008
8 0.688203 0.0645912 0.109267 0.111589 0.0029679
11 0.936377 0.561283 0.111229 0.113155 0.00296528
1 0.936346 0.437279 0.114036 0.113992 0.00286455
2 0.440397 0.809793 0.112332 0.112272 0.00284814
1 0.065648 0.0644196 0.111437 0.112698 0.00282235
9 0.811717 0.436645 0.111272 0.112219 0.00274873
9 0.687864 0.561272 0.112879 0.112984 0.0027176
2 0.936245 0.561378 0.11121 0.112989 0.00270103
1 0.563334 0.0636762 0.111581 0.113089 0.00267847
11 0.439332 0.933687 0.111353 0.111429 0.00267468
3 0.0661692 0.314245 0.113223 0.112385 0.0026114
11 0.316174 0.561151 0.109947 0.112805 0.0026019
6 0.43916 0.0647753 0.110557 0.113779 0.00253975
0 0.81307 0.809679 0.112332 0.113927 0.00252944
2 0.316041 0.561523 0.112148 0.112895 0.002447
2 0.688222 0.809193 0.112507 0.111622 0.00242797
3 0.688317 0.685533 0.112145 0.11256 0.00241093
3 0.811993 0.561224 0.112667 0.113356 0.00238192
3 0.191153 0.809449 0.112383 0.112569 0.00233754
12 0.936324 0.313039 0.110867 0.112297 0.00232937
1 0.440258 0.685698 0.112302 0.112437 0.00231908
5 0.686687 0.43691 0.114223 0.11227 0.00229226
6 0.563584 0.188685 0.111835 0.113555 0.00226916
5 0.936095 0.685719 0.11205 0.113822 0.00225581
2 0.811855 0.313848 0.112898 0.113501 0.00225383
3 0.563937 0.312733 0.11135 0.112865 0.00221586
2 0.813089 0.187958 0.112286 0.11417 0.00221202
0 0.688092 0.188664 0.11309 0.115216 0.0021702
8 0.936126 0.933666 0.11235 0.114686 0.0021314
9 0.190815 0.43787 0.113495 0.113384 0.00211403
0 0.81319 0.187352 0.113939 0.113632 0.00207405
8 0.315162 0.437935 0.112654 0.114061 0.00206971
9 0.812443 0.808935 0.112773 0.1132 0.00206799
2 0.440258 0.685698 0.112302 0.112437 0.00204778
11 0.688314 0.188376 0.111898 0.112866 0.00204733
11 0.936126 0.933666 0.11235 0.114686 0.0019831
11 0.812252 0.0649647 0.111928 0.112809 0.0019826
2 0.811734 0.685649 0.112093 0.112158 0.00196061
0 0.813036 0.313434 0.112737 0.116132 0.00192768
0 0.68823 0.808949 0.111436 0.110774 0.0019147
5 0.936043 0.93359 0.112663 0.113612 0.00190992
11 0.44036 0.809741 0.110845 0.112489 0.00188916
1 0.439489 0.437994 0.110976 0.112586 0.00188442
9 0.811982 0.685674 0.112525 0.113391 0.0018637
2 0.812038 0.809752 0.112295 0.111497 0.00185913
0 0.813078 0.0650466 0.111459 0.114059 0.00182967
4 0.067005 0.43802 0.112097 0.111591 0.00181631
7 0.191479 0.685199 0.112826 0.11227 0.00178098
11 0.688592 0.933429 0.112887 0.112991 0.00176636
7 0.936211 0.809131 0.111731 0.113008 0.00175117
11 0.812273 0.80953 0.111498 0.112937 0.00169708
7 0.314753 0.0652835 0.111449 0.112923 0.00169534
8 0.191907 0.561396 0.11068 0.11366 0.00167236
4 0.68823 0.808949 0.111436 0.110774 0.00166422
3 0.440687 0.685617 0.111177 0.111945 0.00164673
0 0.19166 0.56145 0.110655 0.113635 0.00162818
0 0.0673422 0.561227 0.110545 0.115893 0.00161652
0 0.688072 0.561703 0.111713 0.114497 0.00160584
4 0.191479 0.685199 0.112826 0.11227 0.00160397
2 0.812252 0.0649647 0.111928 0.112809 0.00159131
12 0.688203 0.0645912 0.109267 0.111589 0.00158815
11 0.564254 0.933878 0.112082 0.113168 0.00158443
7 0.936369 0.437691 0.113459 0.113804 0.00156401
1 0.688069 0.436574 0.113535 0.114063 0.00156332
2 0.564435 0.43804 0.111944 0.112366 0.0015631
13 0.935949 0.809393 0.110797 0.111843 0.00155123
11 0.811588 0.312754 0.111366 0.113161 0.00154949
8 0.438886 0.313399 0.111994 0.112902 0.00153341
8 0.810961 0.437917 0.110971 0.112197 0.00152993
4 0.440148 0.561696 0.112401 0.112616 0.00152065
3 0.190817 0.188707 0.112457 0.113394 0.00151608
1 0.688285 0.685313 0.111626 0.113465 0.00148369
1 0.563781 0.561409 0.111922 0.113754 0.00147826
13 0.191419 0.685453 0.112518 0.111854 0.0014737
4 0.314733 0.0650567 0.111219 0.112294 0.00147012
5 0.0660185 0.313903 0.112025 0.111796 0.00146828
7 0.315877 0.93319 0.112958 0.113814 0.00146722
6 0.936308 0.313037 0.111154 0.11414 0.00146595
10 0.0661906 0.809116 0.111228 0.111758 0.00146263
7 0.440687 0.685617 0.111177 0.111945 0.00145898
2 0.190815 0.43787 0.113495 0.113384 0.00145307
6 0.93561 0.437753 0.112098 0.112568 0.00145043
10 0.0663943 0.437741 0.111162 0.111706 0.00144492
4 0.563612 0.43764 0.110168 0.111931 0.00144348
11 0.936296 0.188416 0.110783 0.111841 0.00143912
4 0.190701 0.313873 0.112826 0.11329 0.00142398
1 0.936438 0.685508 0.112852 0.112705 0.00141249
7 0.688242 0.685254 0.112807 0.112921 0.00140721
4 0.812816 0.188129 0.113746 0.113323 0.00139266
1 0.191331 0.93362 0.112667 0.111688 0.00137562
1 0.564284 0.685516 0.111982 0.112879 0.00137494
5 0.936195 0.809543 0.110887 0.111217 0.00136778
6 0.191331 0.93362 0.112667 0.111688 0.00134808
6 0.564054 0.438005 0.111216 0.112727 0.00132029
6 0.440071 0.685438 0.111944 0.112816 0.00131521
2 0.936741 0.313334 0.112092 0.114697 0.00130824
8 0.439705 0.933332 0.113364 0.113633 0.00130097
0 0.936185 0.56194 0.112255 0.113388 0.00129242
5 0.190752 0.809094 0.112905 0.112346 0.00128148
10 0.0665405 0.685552 0.111335 0.111885 0.00126164
3 0.067005 0.43802 0.112097 0.111591 0.00125264
2 0.563885 0.934124 0.112708 0.112725 0.00124195
12 0.315421 0.313742 0.11167 0.112351 0.00123108
1 0.936552 0.312894 0.110762 0.111961 0.00122801
8 0.563577 0.561753 0.111019 0.113169 0.00121039
10 0.935612 0.0648568 0.109683 0.110737 0.00119319
9 0.935724 0.561536 0.113618 0.112561 0.0011732
8 0.936141 0.685676 0.112721 0.112178 0.00116765
1 0.438986 0.188877 0.112189 0.113635 0.00116371
7 0.936457 0.0650323 0.112624 0.114226 0.00114937
9 0.315655 0.436811 0.111 0.1122 0.00112593
4 0.936211 0.809131 0.111731 0.113008 0.00112156
1 0.563408 0.313275 0.110742 0.113487 0.00111901
13 0.314145 0.0648099 0.111581 0.111939 0.00111592
5 0.563576 0.56143 0.111199 0.114359 0.00110872
11 0.191072 0.437329 0.111797 0.11172 0.0010876
10 0.563856 0.809283 0.111802 0.112127 0.00107911
11 0.0661081 0.436573 0.11 0.110099 0.00107299
2 0.687411 0.313174 0.112613 0.113712 0.0010682
2 0.563813 0.809412 0.1113 0.111894 0.0010622
0 0.564026 0.93351 0.113357 0.113275 0.00105478
0 0.190724 0.313453 0.112939 0.113163 0.00105005
4 0.191331 0.93362 0.112667 0.111688 0.00104099
2 0.936346 0.437279 0.114036 0.113992 0.00104009
9 0.440066 0.809219 0.111768 0.112581 0.00103607
9 0.936625 0.809251 0.111542 0.111649 0.00102827
5 0.439489 0.437994 0.110976 0.112586 0.00102776
4 0.563584 0.188685 0.111835 0.113555 0.00102765
0 0.440187 0.561354 0.11242 0.113028 0.00102567
8 0.0676405 0.56117 0.110521 0.115736 0.00102311
11 0.0668252 0.561638 0.112521 0.112014 0.00102071
2 0.067005 0.43802 0.112097 0.111591 0.0010063
