3 0.563399 0.934176 0.112249 0.114125 0.988143
6 0.439785 0.80966 0.111584 0.113012 0.985432
9 0.935328 0.933785 0.11325 0.113788 0.985324
1 0.315232 0.933918 0.111945 0.112391 0.985164
12 0.191605 0.68572 0.111422 0.112189 0.985158
3 0.439429 0.68549 0.112319 0.113003 0.985081
3 0.0673557 0.313445 0.112525 0.11375 0.985065
7 0.0673786 0.0652608 0.1133 0.111865 0.985017
7 0.687963 0.933901 0.112388 0.113115 0.984752
6 0.191453 0.93393 0.11115 0.112362 0.984634
2 0.563431 0.0649905 0.110836 0.112675 0.984623
5 0.0675336 0.685893 0.112337 0.112727 0.984517
9 0.191598 0.189021 0.112268 0.112728 0.984429
4 0.563776 0.809579 0.11145 0.112577 0.983941
7 0.191093 0.065242 0.111138 0.110374 0.983827
3 0.315547 0.189333 0.111407 0.113544 0.983824
5 0.687394 0.0657674 0.110674 0.112342 0.983724
1 0.191312 0.80943 0.111396 0.11181 0.98371
12 0.811273 0.933909 0.111942 0.113177 0.983707
6 0.31574 0.685647 0.111581 0.111668 0.983621
13 0.191433 0.31385 0.110846 0.111979 0.983442
5 0.315632 0.313846 0.111318 0.112126 0.983421
10 0.439412 0.0649986 0.11157 0.112701 0.983324
2 0.0680476 0.809791 0.111625 0.111749 0.98328
2 0.315989 0.561289 0.111359 0.112258 0.983248
10 0.315751 0.809205 0.113077 0.112934 0.983134
7 0.190979 0.437359 0.113174 0.111871 0.983128
5 0.935971 0.685257 0.11137 0.110829 0.983058
4 0.315326 0.064794 0.112819 0.112438 0.982832
4 0.0672152 0.561551 0.113671 0.11261 0.982598
11 0.0664629 0.933947 0.114478 0.114334 0.982233
9 0.315689 0.437255 0.112111 0.112901 0.982199
4 0.0671292 0.437436 0.113515 0.112385 0.981832
4 0.936749 0.809657 0.112897 0.112764 0.980462
11 0.687109 0.809811 0.110935 0.112431 0.980326
11 0.439711 0.933762 0.112606 0.113676 0.980317
1 0.935743 0.0651233 0.1126 0.113119 0.980278
8 0.0672424 0.189166 0.111673 0.111712 0.980085
4 0.81202 0.0650684 0.111238 0.112357 0.979876
8 0.812036 0.809696 0.112152 0.112975 0.979601
12 0.563887 0.312815 0.112129 0.112234 0.979462
0 0.439406 0.437306 0.111506 0.111992 0.979404
12 0.439894 0.188759 0.112226 0.111961 0.979303
1 0.439326 0.561358 0.112487 0.11287 0.979287
12 0.563411 0.561315 0.112205 0.111904 0.979156
1 0.563465 0.437116 0.112226 0.112983 0.979058
1 0.56362 0.18901 0.111792 0.112514 0.979047
1 0.812003 0.685243 0.113315 0.113086 0.979043
2 0.439113 0.312997 0.112142 0.111337 0.978998
6 0.812289 0.561408 0.112754 0.11156 0.978985
1 0.687794 0.561416 0.112775 0.112637 0.978952
13 0.564003 0.685558 0.112355 0.112939 0.978811
7 0.687452 0.68526 0.111458 0.111245 0.978666
1 0.687924 0.313008 0.112144 0.112519 0.978659
11 0.687725 0.4371 0.111993 0.113986 0.978423
0 0.812238 0.31304 0.112022 0.11269 0.97816
8 0.812348 0.437007 0.112121 0.112292 0.978013
8 0.93629 0.561283 0.112904 0.111928 0.977695
8 0.936093 0.188523 0.112718 0.111686 0.977521
8 0.687983 0.188781 0.111809 0.111902 0.977277
11 0.935277 0.436883 0.112563 0.113833 0.976906
2 0.936308 0.313221 0.111114 0.111572 0.976585
8 0.1917 0.561066 0.111775 0.112531 0.975941
11 0.811726 0.188651 0.112284 0.1121 0.975664
5 0.0671218 0.933417 0.114546 0.113986 0.0186734
3 0.315595 0.437467 0.111863 0.11288 0.014268
2 0.688226 0.188817 0.112361 0.111906 0.0135752
2 0.191662 0.5613 0.112797 0.112151 0.0109023
5 0.935616 0.437719 0.112128 0.11352 0.0102395
5 0.688184 0.437303 0.111881 0.113676 0.00950804
2 0.812871 0.809374 0.11129 0.112894 0.00850752
5 0.687762 0.809923 0.111134 0.111592 0.00843584
1 0.066905 0.560777 0.114119 0.112746 0.00805998
5 0.811402 0.189668 0.111535 0.112379 0.00725794
1 0.0667941 0.436717 0.114461 0.112289 0.00706764
2 0.936581 0.561404 0.111501 0.112855 0.00645327
1 0.81233 0.0653533 0.111942 0.113223 0.00600574
3 0.935989 0.933741 0.112708 0.113779 0.00552534
2 0.81305 0.436881 0.109868 0.112565 0.00543013
6 0.564155 0.560989 0.112558 0.113144 0.00470196
11 0.688336 0.188666 0.111742 0.111974 0.0045074
2 0.0669047 0.189175 0.112757 0.110897 0.00446381
1 0.936131 0.313303 0.110049 0.113605 0.004407
7 0.56394 0.685352 0.111038 0.112897 0.00439364
11 0.812079 0.809803 0.112094 0.111842 0.00418185
6 0.563728 0.312968 0.112165 0.11294 0.00405698
6 0.439765 0.188917 0.112031 0.112572 0.00385183
2 0.812103 0.0655093 0.111943 0.112971 0.00374209
10 0.936971 0.436706 0.111276 0.113161 0.00371654
3 0.19145 0.189059 0.111066 0.112512 0.00355431
6 0.811607 0.0650432 0.11214 0.111559 0.00333391
10 0.688264 0.436735 0.111292 0.113223 0.00327552
6 0.439289 0.685554 0.111913 0.11198 0.00326472
1 0.439217 0.313507 0.110624 0.111579 0.00325704
1 0.315727 0.0647324 0.111931 0.112553 0.00321178
0 0.811889 0.93386 0.110131 0.113293 0.00320357
0 0.688274 0.312261 0.112152 0.112571 0.00315663
1 0.56389 0.809191 0.111846 0.112078 0.0029329
3 0.812128 0.561204 0.113012 0.1133 0.00292185
12 0.686788 0.685976 0.111451 0.11206 0.00290094
10 0.687682 0.0649072 0.111057 0.111672 0.00285111
12 0.439955 0.0647711 0.111085 0.112848 0.00283872
4 0.0668843 0.065187 0.113752 0.110694 0.00283201
4 0.439289 0.685554 0.111913 0.11198 0.0027864
2 0.936082 0.188986 0.112685 0.113081 0.00275749
12 0.935757 0.934158 0.11222 0.113739 0.00272374
3 0.439878 0.313264 0.109976 0.112476 0.00265803
12 0.191341 0.189048 0.112761 0.112569 0.00254127
0 0.935936 0.0647533 0.112436 0.113561 0.00252922
10 0.811516 0.188691 0.112025 0.112787 0.00251798
4 0.688114 0.933799 0.112166 0.112823 0.00250997
11 0.935877 0.188711 0.112422 0.112264 0.00247497
1 0.812118 0.561002 0.11336 0.112526 0.00245799
12 0.315637 0.436732 0.1114 0.112586 0.00242675
11 0.812421 0.436928 0.112242 0.111694 0.00237997
0 0.812433 0.685091 0.111778 0.112639 0.00237242
6 0.68817 0.685207 0.112877 0.112604 0.00236265
4 0.191353 0.437676 0.11176 0.110809 0.00235448
0 0.688298 0.56101 0.112155 0.111507 0.00232782
0 0.935867 0.188737 0.110872 0.110885 0.00224993
7 0.0672223 0.43639 0.112941 0.113115 0.00223203
0 0.563737 0.188655 0.111787 0.112991 0.00211961
12 0.563588 0.685652 0.11133 0.111861 0.00208893
6 0.0674748 0.313459 0.112134 0.112925 0.00205771
13 0.43962 0.0645038 0.110761 0.111803 0.00202529
3 0.315528 0.561151 0.113222 0.112461 0.00196057
4 0.315506 0.809118 0.11239 0.11307 0.00195721
5 0.439742 0.934102 0.112466 0.11406 0.00188115
0 0.563645 0.436825 0.111677 0.112847 0.00184619
1 0.563672 0.064661 0.111776 0.112829 0.0018368
12 0.19155 0.313124 0.11123 0.11154 0.00183566
10 0.439462 0.933897 0.111294 0.111287 0.00182209
1 0.936193 0.809333 0.112272 0.112256 0.00182133
11 0.936131 0.561075 0.113065 0.111287 0.00181173
2 0.936491 0.809662 0.112305 0.113085 0.00178834
3 0.439785 0.80966 0.111584 0.113012 0.0017701
2 0.688132 0.561416 0.111693 0.112415 0.001747
11 0.0673999 0.189274 0.111416 0.111202 0.00172699
3 0.688196 0.0651439 0.111815 0.111597 0.00171818
2 0.0666627 0.313437 0.112498 0.113118 0.00170473
3 0.31559 0.685355 0.111968 0.113024 0.00169604
6 0.563706 0.809215 0.11155 0.112317 0.00168955
4 0.439397 0.0648573 0.111229 0.112963 0.00168766
1 0.315555 0.561032 0.1124 0.112038 0.00166614
0 0.315583 0.438019 0.113003 0.114835 0.00164651
11 0.191322 0.561298 0.111574 0.112232 0.00159819
4 0.688196 0.0651439 0.111815 0.111597 0.00157849
2 0.066905 0.560777 0.114119 0.112746 0.00157787
4 0.688157 0.685228 0.112521 0.112014 0.00157571
2 0.563776 0.809579 0.11145 0.112577 0.00155427
2 0.439429 0.68549 0.112319 0.113003 0.00153829
10 0.191101 0.43792 0.110063 0.111408 0.0015317
4 0.936415 0.313067 0.111542 0.111729 0.00149453
12 0.936002 0.809558 0.113122 0.111828 0.00149332
2 0.688184 0.437303 0.111881 0.113676 0.00146649
1 0.191811 0.933528 0.112819 0.113015 0.00146293
2 0.688201 0.809521 0.111943 0.113385 0.00146193
10 0.936336 0.685263 0.112067 0.112676 0.00145361
1 0.3162 0.685542 0.111182 0.112158 0.00145262
3 0.191681 0.933914 0.1127 0.113728 0.00143863
2 0.315297 0.0649098 0.111312 0.111828 0.00143237
6 0.19118 0.685643 0.112036 0.112675 0.00142249
6 0.936033 0.809272 0.112518 0.112866 0.00139028
4 0.439532 0.561377 0.111938 0.111963 0.00138822
6 0.0667442 0.561154 0.112277 0.11221 0.00137856
0 0.936447 0.561373 0.111535 0.111229 0.00137747
6 0.190983 0.436736 0.110407 0.111916 0.00136651
10 0.0671086 0.933638 0.11339 0.113512 0.00136508
1 0.439452 0.436885 0.112325 0.11303 0.00135506
7 0.315865 0.0647732 0.112077 0.112108 0.0013489
1 0.0673195 0.809417 0.112805 0.110854 0.00134455
4 0.563816 0.437215 0.112084 0.112217 0.00133628
10 0.686822 0.809162 0.112488 0.112507 0.00132518
13 0.315442 0.809835 0.112183 0.112394 0.00129952
0 0.439536 0.561142 0.111934 0.112454 0.00129727
3 0.0668372 0.809324 0.114072 0.112162 0.00129555
4 0.811948 0.685117 0.112746 0.112623 0.00129284
0 0.315409 0.933756 0.11148 0.112786 0.00127397
4 0.563737 0.188655 0.111787 0.112991 0.00127124
4 0.191715 0.0649691 0.111857 0.11218 0.00126796
1 0.440293 0.810106 0.11118 0.112349 0.00126367
12 0.0670478 0.31339 0.112078 0.112512 0.00126263
12 0.314739 0.188916 0.111804 0.112661 0.0012534
7 0.0672592 0.560814 0.11372 0.113444 0.00123357
7 0.439397 0.0648573 0.111229 0.112963 0.00123027
10 0.936491 0.809662 0.112305 0.113085 0.00120202
4 0.688145 0.313219 0.111937 0.112104 0.00120151
6 0.811363 0.9333 0.111015 0.112867 0.00119637
2 0.563952 0.93373 0.11213 0.113083 0.00118737
8 0.936131 0.313303 0.110049 0.113605 0.00118147
12 0.191591 0.438009 0.110981 0.111863 0.00117903
4 0.688048 0.560764 0.112752 0.112662 0.00116685
6 0.0667941 0.436717 0.114461 0.112289 0.00116464
7 0.191217 0.31348 0.110585 0.111667 0.00115639
4 0.191312 0.80943 0.111396 0.11181 0.00114713
5 0.936089 0.312664 0.114022 0.113565 0.00114334
0 0.812058 0.437971 0.110662 0.112025 0.0011355
7 0.811686 0.0643791 0.111838 0.112731 0.00113478
4 0.315384 0.313422 0.111655 0.11247 0.00113226
13 0.191101 0.43792 0.110063 0.111408 0.00112609
0 0.191219 0.809393 0.111935 0.112625 0.00112583
3 0.564155 0.560989 0.112558 0.113144 0.00111377
9 0.812224 0.313514 0.111714 0.11277 0.00111049
10 0.0667926 0.685316 0.112395 0.11298 0.00110902
2 0.688158 0.313229 0.111352 0.112263 0.00110779
2 0.0667941 0.436717 0.114461 0.112289 0.00110666
3 0.936405 0.313236 0.11133 0.112996 0.00110075
10 0.56394 0.809588 0.112659 0.112419 0.00109669
7 0.564266 0.561018 0.111735 0.113884 0.00108579
12 0.686867 0.933872 0.112367 0.111677 0.00108246
7 0.936066 0.809685 0.111559 0.112132 0.001074
3 0.811363 0.9333 0.111015 0.112867 0.00105803
6 0.688356 0.933245 0.114463 0.113507 0.00105362
7 0.315506 0.809118 0.11239 0.11307 0.00105145
10 0.315384 0.313422 0.111655 0.11247 0.00104691
1 0.812442 0.312687 0.111613 0.112743 0.00104182
9 0.686755 0.436986 0.111079 0.113843 0.00104084
12 0.439719 0.685358 0.111883 0.112476 0.00103207
5 0.315241 0.809259 0.112087 0.112246 0.00101393
4 0.936032 0.685111 0.11278 0.11381 0.00100618
3 0.936072 0.685316 0.112501 0.11308 0.00100047
