9 0.563637 0.934032 0.111702 0.112721 0.98692
5 0.315546 0.934085 0.111975 0.113903 0.986635
8 0.563786 0.809722 0.112331 0.112402 0.986466
3 0.935892 0.93389 0.112622 0.111987 0.985957
5 0.68782 0.93405 0.112562 0.1146 0.985317
2 0.439326 0.685616 0.11157 0.111814 0.985074
3 0.564053 0.685124 0.112 0.111219 0.984994
5 0.935562 0.0653227 0.11267 0.113211 0.984749
3 0.812354 0.933844 0.113067 0.112841 0.984209
2 0.191145 0.809843 0.112704 0.11214 0.984009
12 0.439517 0.933859 0.111939 0.113354 0.984007
6 0.439779 0.809544 0.111527 0.111806 0.983564
9 0.191595 0.313158 0.111666 0.111342 0.98355
9 0.067477 0.188921 0.113049 0.111317 0.983525
11 0.066952 0.685473 0.112939 0.112246 0.983452
4 0.0674364 0.437663 0.113171 0.111729 0.983082
7 0.315353 0.313559 0.113579 0.112446 0.982948
8 0.315048 0.809831 0.112352 0.111613 0.982941
11 0.191295 0.933592 0.111585 0.112675 0.982798
10 0.43961 0.0647073 0.111001 0.11233 0.982788
8 0.0668637 0.0653261 0.113895 0.113661 0.982668
13 0.0678365 0.31325 0.112234 0.111489 0.982654
10 0.191533 0.56134 0.112111 0.111385 0.982636
12 0.315603 0.685293 0.111751 0.11169 0.982527
7 0.936028 0.685408 0.112182 0.111452 0.982367
6 0.0669289 0.561309 0.112419 0.112107 0.982234
4 0.936741 0.80983 0.112224 0.111564 0.982156
7 0.191401 0.188991 0.113488 0.1126 0.982007
6 0.066411 0.93409 0.112212 0.112593 0.981914
2 0.811739 0.809864 0.111679 0.112645 0.981908
12 0.191467 0.437482 0.111716 0.112392 0.981794
11 0.315315 0.561144 0.112897 0.112115 0.981768
4 0.563756 0.0651296 0.111895 0.112672 0.981639
6 0.315997 0.0643346 0.111633 0.112901 0.981142
13 0.687553 0.0645974 0.111693 0.11145 0.981074
6 0.1917 0.0642932 0.111447 0.112371 0.98086
8 0.315378 0.43733 0.112473 0.112354 0.980761
8 0.315398 0.189561 0.112234 0.112328 0.980599
7 0.439327 0.189181 0.113453 0.112897 0.980477
11 0.4396 0.313046 0.113126 0.113384 0.980442
12 0.439822 0.561091 0.111877 0.112519 0.980254
13 0.811987 0.0647407 0.112146 0.111993 0.98022
8 0.191254 0.685479 0.112261 0.111297 0.980079
3 0.688194 0.685302 0.112269 0.111287 0.980055
11 0.563053 0.189345 0.111559 0.112414 0.980024
1 0.68779 0.809581 0.111634 0.11326 0.980003
6 0.440192 0.43722 0.11239 0.112527 0.97995
9 0.563545 0.313477 0.111326 0.111298 0.979904
3 0.563689 0.437572 0.112208 0.112465 0.979589
11 0.687941 0.561072 0.112215 0.113194 0.979382
11 0.687667 0.31266 0.111375 0.113048 0.979146
5 0.563748 0.561319 0.112207 0.113334 0.979141
11 0.812156 0.685356 0.112466 0.112904 0.979077
5 0.81236 0.188689 0.112233 0.112953 0.978879
10 0.812222 0.312831 0.113202 0.113609 0.978834
12 0.68793 0.437224 0.112555 0.112908 0.97879
9 0.936247 0.561806 0.111043 0.111458 0.97872
2 0.687351 0.189675 0.111146 0.112876 0.978458
6 0.936991 0.437038 0.113608 0.111903 0.978339
11 0.936244 0.188762 0.110862 0.111086 0.977904
2 0.812317 0.43721 0.112549 0.113837 0.977869
2 0.812306 0.561773 0.112259 0.113292 0.977831
2 0.936442 0.31278 0.112945 0.113801 0.977722
0 0.067655 0.809605 0.112543 0.113646 0.977389
1 0.0670731 0.809326 0.113763 0.113132 0.0101287
3 0.936591 0.436628 0.112728 0.112287 0.00585419
10 0.936343 0.188852 0.111366 0.110652 0.00549371
1 0.812012 0.437931 0.110257 0.112777 0.00426988
3 0.43959 0.80927 0.111781 0.112444 0.00408438
3 0.0667121 0.560948 0.113568 0.112366 0.00403378
3 0.315158 0.0641631 0.111754 0.112878 0.00402924
2 0.315534 0.189019 0.111663 0.111482 0.00400059
2 0.0671383 0.0650947 0.113028 0.113038 0.00367399
3 0.43969 0.436934 0.11139 0.112308 0.00364939
2 0.81311 0.933731 0.110708 0.110544 0.00362958
1 0.0676476 0.437535 0.113099 0.111799 0.00345559
5 0.0667607 0.685034 0.113235 0.112105 0.00345492
2 0.31543 0.810108 0.111912 0.112259 0.00344462
1 0.937004 0.80973 0.113107 0.112971 0.00342181
2 0.191403 0.68555 0.111423 0.112329 0.00334128
11 0.811634 0.189472 0.112587 0.112688 0.00327791
5 0.81148 0.809759 0.114475 0.112357 0.00326275
1 0.563756 0.0651296 0.111895 0.112672 0.00322628
11 0.811571 0.312764 0.112627 0.114231 0.00306958
3 0.190933 0.0642241 0.110509 0.111511 0.00303656
10 0.811468 0.685376 0.11098 0.112613 0.00301005
4 0.440087 0.809906 0.111771 0.112197 0.00297668
8 0.813084 0.809776 0.109045 0.112986 0.00289694
3 0.0665658 0.933517 0.112287 0.112518 0.00287731
1 0.688098 0.189212 0.113055 0.113624 0.00276797
5 0.811471 0.561852 0.113237 0.111871 0.00276656
5 0.811922 0.685622 0.112364 0.111946 0.00276216
3 0.935902 0.313613 0.112445 0.112801 0.00275747
10 0.935925 0.0652363 0.111362 0.112105 0.0027381
8 0.68812 0.312846 0.111038 0.114326 0.00273197
2 0.688154 0.809442 0.112537 0.11254 0.00269962
9 0.811707 0.933083 0.112192 0.110838 0.00269825
5 0.811523 0.437216 0.113337 0.112309 0.00268619
1 0.936196 0.313327 0.111644 0.113986 0.00267848
8 0.812098 0.685358 0.112659 0.112989 0.00264274
4 0.440309 0.064543 0.111502 0.11266 0.0026321
13 0.191318 0.93384 0.111655 0.113019 0.00260082
11 0.0669186 0.313453 0.113268 0.111748 0.00258594
3 0.687861 0.189864 0.112179 0.112909 0.00257775
0 0.688132 0.809196 0.111142 0.1116 0.00253049
11 0.688411 0.933863 0.112744 0.114112 0.00251374
0 0.315247 0.438183 0.111805 0.113343 0.00251199
11 0.191622 0.685481 0.111398 0.112384 0.00250441
3 0.812172 0.437891 0.112614 0.112758 0.00243471
5 0.81313 0.933341 0.11125 0.109934 0.00234466
13 0.066952 0.685473 0.112939 0.112246 0.00234316
2 0.564155 0.810154 0.111886 0.113287 0.00231884
1 0.440075 0.436776 0.109696 0.112383 0.00223256
11 0.56431 0.810077 0.111981 0.113104 0.0022049
0 0.563978 0.313489 0.111355 0.111518 0.00219151
2 0.688425 0.933438 0.112532 0.11466 0.00214372
6 0.935844 0.685635 0.111476 0.113107 0.00212632
5 0.93608 0.312776 0.113536 0.114247 0.00212481
0 0.191423 0.31361 0.111317 0.111399 0.00212002
12 0.811388 0.0650971 0.111116 0.111749 0.00207722
10 0.315427 0.313549 0.113036 0.11212 0.00207612
1 0.93715 0.436527 0.109595 0.112349 0.00206943
2 0.316092 0.437013 0.112086 0.112979 0.00205583
12 0.687466 0.0648474 0.110947 0.111275 0.00201125
8 0.688105 0.189297 0.111745 0.113638 0.0019493
11 0.315666 0.810046 0.111834 0.112547 0.0019474
8 0.315551 0.561531 0.112231 0.112704 0.00190569
10 0.937039 0.809461 0.112774 0.112052 0.0018933
9 0.811973 0.31333 0.112594 0.112524 0.00189226
1 0.439801 0.685266 0.112857 0.112413 0.00186615
10 0.0672443 0.685243 0.113535 0.113113 0.00185541
1 0.812283 0.56163 0.112216 0.113116 0.00178484
8 0.688253 0.561014 0.111905 0.113281 0.00177582
8 0.563993 0.933686 0.111962 0.11212 0.00168913
4 0.936163 0.436903 0.112816 0.112903 0.00168209
8 0.191318 0.93384 0.111655 0.113019 0.0016763
10 0.315369 0.561053 0.112045 0.112504 0.00164532
8 0.564031 0.313468 0.110846 0.111657 0.00163926
3 0.812463 0.562123 0.112417 0.11244 0.00163723
8 0.813066 0.437537 0.109771 0.112826 0.00162174
4 0.0665658 0.933517 0.112287 0.112518 0.00161803
9 0.564468 0.438039 0.112111 0.11214 0.00161502
1 0.812167 0.809466 0.112727 0.113343 0.00160155
9 0.936194 0.93368 0.112278 0.112362 0.00159914
12 0.935974 0.93374 0.111661 0.111345 0.00156457
12 0.564468 0.438039 0.112111 0.11214 0.00154947
1 0.0676879 0.56112 0.112638 0.113765 0.00154709
0 0.0674548 0.189106 0.112515 0.112713 0.00152763
3 0.440056 0.685592 0.111746 0.111737 0.00151459
12 0.935854 0.685843 0.112005 0.113288 0.00151426
5 0.688098 0.189212 0.113055 0.113624 0.0015119
2 0.811649 0.189285 0.113571 0.113442 0.00149545
12 0.936792 0.561165 0.111332 0.111047 0.00149241
3 0.936792 0.561165 0.111332 0.111047 0.00148292
10 0.688223 0.561055 0.111807 0.112371 0.00147457
4 0.687826 0.809558 0.1119 0.112921 0.00143664
3 0.439889 0.561251 0.110943 0.11335 0.00143182
8 0.0675476 0.189068 0.11206 0.112197 0.0014147
2 0.0665532 0.437396 0.113099 0.110908 0.00140497
10 0.315247 0.934204 0.111931 0.112441 0.0014039
8 0.191488 0.313584 0.11094 0.111246 0.00139059
9 0.564208 0.809227 0.111306 0.111843 0.00137849
2 0.937004 0.80973 0.113107 0.112971 0.00137673
3 0.191145 0.809843 0.112704 0.11214 0.00136964
10 0.19129 0.437371 0.11131 0.111865 0.00135836
10 0.0671678 0.313355 0.112288 0.112405 0.00135727
10 0.439694 0.933762 0.111198 0.112949 0.00135633
6 0.439893 0.561206 0.112511 0.112735 0.0013415
8 0.439915 0.313393 0.111782 0.112502 0.00133812
12 0.564031 0.313468 0.110846 0.111657 0.00133553
10 0.687722 0.934311 0.111843 0.112351 0.00133499
11 0.935993 0.0650257 0.113087 0.11353 0.00131721
5 0.688011 0.313242 0.11297 0.112062 0.00130802
4 0.688302 0.685619 0.111468 0.111685 0.00130731
0 0.688209 0.437233 0.111118 0.112973 0.00130508
12 0.687807 0.685631 0.111242 0.111987 0.00129072
5 0.563726 0.0654674 0.112218 0.111818 0.00128973
5 0.191449 0.809724 0.112313 0.112261 0.00128771
13 0.315551 0.561531 0.112231 0.112704 0.00127863
9 0.686727 0.312783 0.110849 0.11391 0.00127136
7 0.439779 0.809544 0.111527 0.111806 0.00126795
11 0.31518 0.189339 0.112617 0.112212 0.0012618
12 0.191488 0.313584 0.11094 0.111246 0.00125997
9 0.811377 0.685204 0.111686 0.111785 0.00125926
2 0.688345 0.685848 0.110948 0.111028 0.00125804
5 0.688365 0.685464 0.111543 0.111978 0.00125325
11 0.812227 0.06564 0.113225 0.113351 0.00123488
3 0.688192 0.436613 0.110719 0.112146 0.00122538
5 0.936566 0.809696 0.112524 0.111543 0.00121811
7 0.936741 0.80983 0.112224 0.111564 0.00121729
6 0.687113 0.438125 0.113503 0.112278 0.00121518
5 0.439777 0.313201 0.11167 0.11209 0.00120919
7 0.564158 0.0649731 0.111409 0.113486 0.00120267
10 0.190983 0.189078 0.112933 0.112839 0.00118813
7 0.439506 0.0649144 0.11196 0.113017 0.0011825
12 0.811845 0.313381 0.113408 0.113122 0.00118156
8 0.936024 0.188575 0.111301 0.111656 0.00117472
8 0.813082 0.561818 0.109551 0.113029 0.00116309
12 0.811779 0.933195 0.111914 0.112021 0.00115509
13 0.440094 0.0646097 0.11195 0.111936 0.00114195
12 0.440278 0.0649059 0.112232 0.113211 0.00113385
3 0.315739 0.685446 0.112234 0.111669 0.00113182
3 0.813055 0.189387 0.112103 0.113796 0.00112467
10 0.688189 0.437566 0.111364 0.112754 0.00112317
8 0.935977 0.56163 0.110376 0.112648 0.00111674
10 0.687789 0.31349 0.111401 0.112119 0.00111067
4 0.935854 0.685843 0.112005 0.113288 0.00111027
5 0.688153 0.561088 0.112041 0.111965 0.00110939
11 0.0668637 0.0653261 0.113895 0.113661 0.00110514
7 0.0669289 0.561309 0.112419 0.112107 0.0011001
7 0.0665658 0.933517 0.112287 0.112518 0.00108101
5 0.315558 0.561267 0.112397 0.112776 0.00107941
10 0.439325 0.189101 0.112862 0.112509 0.00105702
1 0.81203 0.933624 0.111068 0.112141 0.00104684
6 0.688154 0.809442 0.112537 0.11254 0.00102938
3 0.812041 0.810226 0.112149 0.112466 0.00102655
6 0.564087 0.437998 0.112185 0.111881 0.00102589
11 0.564041 0.933586 0.111875 0.112251 0.00101925
5 0.563608 0.189131 0.111093 0.112181 0.00101703
10 0.439915 0.313393 0.111782 0.112502 0.00101647
5 0.43978 0.685607 0.111757 0.112687 0.00100773
2 0.688128 0.313103 0.111182 0.113113 0.00100643
7 0.936244 0.436929 0.111841 0.113495 0.00100164
