9 0.315004 0.808944 0.112524 0.112242 0.987257
9 0.439808 0.684234 0.110578 0.111387 0.986978
7 0.439875 0.808417 0.110927 0.110847 0.986323
3 0.314826 0.933842 0.116288 0.113442 0.985779
9 0.316034 0.685197 0.11205 0.111712 0.985128
7 0.563802 0.808578 0.11149 0.11263 0.984506
4 0.0669088 0.561096 0.113887 0.113567 0.984478
0 0.191469 0.437142 0.11333 0.114411 0.983785
0 0.439403 0.933351 0.111679 0.112323 0.983766
10 0.191908 0.684909 0.110261 0.112245 0.983551
3 0.811256 0.93438 0.114205 0.112453 0.983495
10 0.315637 0.561427 0.112556 0.113746 0.983338
3 0.811499 0.809488 0.11339 0.112948 0.983149
3 0.0667198 0.189356 0.113477 0.114488 0.983075
3 0.0662453 0.810269 0.110778 0.113445 0.983011
0 0.189727 0.933534 0.111605 0.111907 0.982944
7 0.687759 0.933584 0.113003 0.113414 0.982882
11 0.0670423 0.934954 0.112938 0.111206 0.98286
0 0.191034 0.187699 0.112184 0.112921 0.982755
10 0.563947 0.684327 0.110672 0.11105 0.982673
6 0.191657 0.561609 0.109963 0.110537 0.982603
12 0.191283 0.312218 0.111793 0.112288 0.982483
6 0.1908 0.0636655 0.111361 0.110223 0.982461
5 0.812523 0.0655646 0.111144 0.1105 0.982115
12 0.0663144 0.0642496 0.11168 0.111567 0.98168
5 0.315646 0.438163 0.11145 0.110149 0.981532
7 0.439899 0.56136 0.111481 0.111531 0.981352
13 0.936027 0.684786 0.112171 0.11124 0.981271
2 0.314777 0.313232 0.112111 0.113384 0.98126
11 0.935619 0.933546 0.111427 0.111453 0.981252
12 0.0672433 0.313281 0.111669 0.11278 0.980953
12 0.0681227 0.685165 0.113113 0.113127 0.980945
12 0.315001 0.0636492 0.112061 0.110947 0.980907
13 0.687371 0.0650144 0.113097 0.111188 0.980534
2 0.190912 0.808923 0.112822 0.112479 0.980167
11 0.439492 0.0642188 0.112003 0.110843 0.979756
1 0.0666428 0.436496 0.112106 0.113481 0.979742
1 0.562874 0.93366 0.113218 0.112688 0.979708
13 0.563662 0.437478 0.112474 0.111674 0.979231
4 0.812207 0.312811 0.113158 0.114355 0.978977
9 0.936748 0.561982 0.112379 0.113094 0.978939
6 0.563759 0.312893 0.113134 0.111644 0.978829
5 0.687866 0.685052 0.110225 0.110398 0.97882
4 0.937308 0.436905 0.111662 0.113191 0.978639
11 0.439815 0.438375 0.110959 0.111614 0.97848
11 0.439667 0.189082 0.112969 0.112787 0.978319
0 0.562702 0.0657282 0.111 0.111575 0.97827
12 0.936791 0.31216 0.11131 0.113112 0.978143
12 0.93611 0.0652061 0.111578 0.111619 0.978079
8 0.564045 0.561045 0.112223 0.11265 0.977878
2 0.68744 0.188771 0.112275 0.113698 0.977834
11 0.812653 0.437828 0.112864 0.1128 0.97769
11 0.687827 0.313132 0.112118 0.112382 0.977573
8 0.812376 0.562046 0.112334 0.113129 0.977532
11 0.936491 0.188121 0.111806 0.112429 0.977498
8 0.936007 0.808894 0.110591 0.111917 0.977306
0 0.689005 0.43726 0.112493 0.113771 0.977071
5 0.812117 0.188386 0.113476 0.111827 0.976988
3 0.563728 0.188497 0.110751 0.111753 0.976839
8 0.439178 0.313404 0.111212 0.112062 0.976794
1 0.688349 0.808092 0.113226 0.113858 0.976789
1 0.812892 0.686152 0.112296 0.11169 0.976588
1 0.314369 0.187759 0.110845 0.112251 0.976548
1 0.689162 0.562049 0.112429 0.111364 0.976289
2 0.438708 0.313191 0.1105 0.111303 0.0166642
2 0.812347 0.561605 0.112386 0.114318 0.0139394
3 0.936283 0.561619 0.108809 0.112324 0.00790063
2 0.563666 0.560928 0.111246 0.11128 0.00756952
8 0.688198 0.31325 0.112469 0.114162 0.00688562
7 0.936608 0.437158 0.111413 0.112578 0.00602453
1 0.811823 0.312697 0.113006 0.114722 0.00506045
2 0.813202 0.0644443 0.112357 0.111726 0.0049964
1 0.937024 0.436593 0.112152 0.113346 0.00430305
5 0.68676 0.18912 0.112835 0.113308 0.0042133
11 0.81164 0.0648349 0.109453 0.109649 0.00419226
5 0.935619 0.933546 0.111427 0.111453 0.0040862
2 0.813253 0.934643 0.114563 0.108935 0.00401889
3 0.440939 0.684514 0.111249 0.111911 0.00396982
2 0.68828 0.68469 0.111232 0.112039 0.00395013
12 0.936283 0.561619 0.108809 0.112324 0.00386895
8 0.811626 0.437688 0.110776 0.111639 0.0038415
2 0.93543 0.808735 0.110847 0.110595 0.00376382
3 0.811634 0.188351 0.112947 0.112834 0.0037258
1 0.0665444 0.559929 0.114585 0.113813 0.00367277
9 0.686602 0.313204 0.110925 0.112267 0.00329872
12 0.686626 0.934113 0.113282 0.112461 0.00322606
9 0.811626 0.437688 0.110776 0.111639 0.00312119
0 0.689001 0.56175 0.113977 0.113528 0.0030429
12 0.0673252 0.187927 0.112776 0.114024 0.0029297
0 0.813575 0.68579 0.112288 0.111769 0.00282429
3 0.315461 0.43642 0.111152 0.108238 0.00281645
3 0.191428 0.56058 0.11078 0.111099 0.0027236
0 0.688765 0.809572 0.113947 0.114962 0.00259382
11 0.686765 0.685642 0.108023 0.10773 0.00258116
7 0.811572 0.311861 0.111597 0.114631 0.00257383
5 0.439945 0.0652049 0.113254 0.111423 0.00256853
5 0.812685 0.43676 0.112231 0.112245 0.00256292
8 0.688077 0.188963 0.111447 0.113798 0.0025075
0 0.0655259 0.434815 0.113519 0.111824 0.00249393
13 0.936492 0.0647564 0.111755 0.111698 0.00249233
0 0.935922 0.808954 0.110851 0.111666 0.00237923
2 0.56349 0.189047 0.110746 0.112777 0.0023593
3 0.316764 0.685059 0.112669 0.112268 0.00234545
10 0.936134 0.187783 0.109525 0.111423 0.00231891
9 0.811755 0.809869 0.111494 0.113584 0.00230313
13 0.191537 0.684758 0.111574 0.111121 0.00228589
0 0.31456 0.188404 0.109755 0.112417 0.00223535
10 0.811726 0.437637 0.110034 0.111259 0.00223298
4 0.688071 0.933435 0.112246 0.112584 0.00222685
12 0.935944 0.685508 0.109146 0.110249 0.00221607
3 0.688258 0.68502 0.111717 0.111904 0.00220307
12 0.440939 0.684514 0.111249 0.111911 0.00217603
5 0.935812 0.188935 0.112409 0.111832 0.00216296
10 0.439857 0.438448 0.111023 0.112285 0.00214795
5 0.439414 0.437152 0.110799 0.111435 0.00214631
9 0.811255 0.934402 0.111459 0.109794 0.0021172
1 0.688571 0.436809 0.112479 0.113094 0.00211523
6 0.0667216 0.313841 0.112225 0.112156 0.00209944
9 0.56349 0.189047 0.110746 0.112777 0.00204752
0 0.563849 0.933787 0.112381 0.111691 0.0020071
2 0.688198 0.31325 0.112469 0.114162 0.00198206
1 0.315235 0.314002 0.112082 0.113268 0.00194852
7 0.563747 0.437603 0.112816 0.11313 0.00194677
2 0.811449 0.188464 0.114962 0.111909 0.00194474
3 0.813202 0.0644443 0.112357 0.111726 0.0019253
2 0.81314 0.810413 0.112327 0.110208 0.001916
13 0.315416 0.561436 0.113375 0.112432 0.00189174
8 0.935656 0.933123 0.109406 0.110106 0.00187708
13 0.563753 0.684828 0.111752 0.11141 0.00186913
1 0.811721 0.934296 0.112464 0.11265 0.00185496
1 0.68676 0.18912 0.112835 0.113308 0.00183781
0 0.813137 0.562568 0.113913 0.115669 0.00182352
7 0.564355 0.684521 0.112914 0.11147 0.00180824
6 0.191496 0.313027 0.112058 0.112294 0.00176001
3 0.563557 0.312401 0.113258 0.112421 0.00175873
6 0.936839 0.313213 0.111077 0.113651 0.00173319
12 0.811305 0.934564 0.111099 0.110575 0.0017329
9 0.439758 0.189135 0.112817 0.112647 0.00173006
7 0.315425 0.561014 0.112924 0.11264 0.00169729
12 0.316764 0.685059 0.112669 0.112268 0.0016846
10 0.936617 0.0640223 0.111492 0.111288 0.00167978
1 0.56334 0.0645804 0.111397 0.11159 0.00164972
4 0.440036 0.808643 0.111376 0.112303 0.00162028
2 0.315862 0.436653 0.109632 0.110948 0.00161189
10 0.688021 0.684994 0.110275 0.110232 0.00160258
1 0.189758 0.933339 0.11163 0.112461 0.0015894
4 0.563158 0.808845 0.112979 0.11437 0.00156729
8 0.0675878 0.93385 0.11117 0.110083 0.00156648
12 0.316223 0.809409 0.112934 0.113205 0.00155808
6 0.563574 0.933974 0.113747 0.111775 0.00154592
5 0.191002 0.809207 0.112835 0.112522 0.00154499
1 0.191108 0.808724 0.11332 0.11313 0.00149213
9 0.440042 0.437773 0.110748 0.110902 0.00148474
10 0.935722 0.933194 0.109598 0.110669 0.00147861
1 0.812009 0.809964 0.111974 0.112834 0.00147305
6 0.686645 0.933933 0.114282 0.112535 0.00146716
13 0.0667653 0.93381 0.112904 0.111213 0.00144098
7 0.0665444 0.559929 0.114585 0.113813 0.00143304
6 0.936457 0.436124 0.111117 0.112689 0.00142928
7 0.191645 0.684229 0.111061 0.111669 0.00141772
4 0.315423 0.438002 0.111392 0.107391 0.00140918
10 0.0667653 0.93381 0.112904 0.111213 0.00140786
12 0.811459 0.810158 0.109636 0.111316 0.00140098
3 0.315557 0.809226 0.112962 0.113031 0.00140036
6 0.812951 0.686263 0.113867 0.112089 0.00138333
4 0.191723 0.684167 0.110028 0.111442 0.00138092
13 0.686747 0.93372 0.114674 0.113091 0.00137558
0 0.316764 0.685059 0.112669 0.112268 0.00136264
12 0.563524 0.188572 0.110129 0.111561 0.00136187
1 0.563784 0.313061 0.112756 0.1132 0.00136028
6 0.811459 0.810158 0.109636 0.111316 0.00133462
7 0.936168 0.313254 0.112642 0.1151 0.00127797
3 0.936498 0.313085 0.110773 0.11269 0.00125472
4 0.439899 0.56136 0.111481 0.111531 0.00124694
6 0.811486 0.312296 0.112669 0.113218 0.00124327
12 0.686441 0.0647763 0.113823 0.110952 0.0012424
3 0.190585 0.0645619 0.112661 0.110934 0.00123856
1 0.315399 0.934016 0.11311 0.112848 0.00123566
1 0.066414 0.810021 0.112444 0.113094 0.00123214
2 0.315399 0.9339 0.114775 0.112942 0.00123086
10 0.440379 0.189105 0.113437 0.112488 0.00122766
4 0.563947 0.684327 0.110672 0.11105 0.00122564
0 0.564155 0.561223 0.112449 0.112254 0.00122482
1 0.19122 0.186732 0.109909 0.113115 0.00122308
4 0.68828 0.68469 0.111232 0.112039 0.00121922
5 0.439361 0.189768 0.113325 0.112639 0.00121563
11 0.563845 0.560888 0.111845 0.11162 0.00121024
2 0.937024 0.436593 0.112152 0.113346 0.00118583
6 0.688765 0.809572 0.113947 0.114962 0.00117768
9 0.936071 0.187784 0.109378 0.110552 0.00117446
8 0.936071 0.187784 0.109378 0.110552 0.00117074
12 0.564049 0.684949 0.111708 0.112082 0.00117073
5 0.688046 0.313958 0.112531 0.112416 0.00117052
9 0.439403 0.933351 0.111679 0.112323 0.00116125
9 0.564162 0.43798 0.109057 0.111955 0.00114847
7 0.936027 0.684786 0.112171 0.11124 0.00113971
11 0.93543 0.808735 0.110847 0.110595 0.00112627
8 0.439646 0.438286 0.111613 0.112399 0.00112253
11 0.811831 0.561517 0.11224 0.112063 0.00111681
3 0.314968 0.313094 0.11254 0.112635 0.00111388
4 0.315425 0.561014 0.112924 0.11264 0.00111219
11 0.811493 0.188651 0.113728 0.111899 0.00110379
9 0.93581 0.933689 0.110575 0.111601 0.00110355
10 0.315423 0.438002 0.111392 0.107391 0.0010999
5 0.0670423 0.934954 0.112938 0.111206 0.00108852
4 0.688765 0.809572 0.113947 0.114962 0.0010847
8 0.315258 0.313779 0.113318 0.114529 0.00106207
10 0.686725 0.313024 0.110026 0.111052 0.00105697
10 0.688277 0.933495 0.116219 0.115074 0.00105352
6 0.066414 0.810021 0.112444 0.113094 0.00104797
10 0.936667 0.437483 0.111749 0.114081 0.00104608
6 0.811305 0.934564 0.111099 0.110575 0.00102925
6 0.0669717 0.560655 0.113628 0.113463 0.00102407
2 0.81316 0.437647 0.112327 0.114587 0.00102338
12 0.564006 0.313533 0.113843 0.111839 0.00101832
10 0.936313 0.68502 0.110315 0.110886 0.00101631
8 0.439538 0.188885 0.113289 0.11278 0.00101378
8 0.439962 0.0644903 0.112979 0.111054 0.00100823
2 0.811823 0.312697 0.113006 0.114722 0.00100718
13 0.0670569 0.6845 0.113947 0.113541 0.00100383
