13 0.315123 0.809666 0.112547 0.113041 0.987474
10 0.439903 0.933863 0.112258 0.113745 0.987077
3 0.563492 0.809893 0.112989 0.114 0.986993
13 0.439344 0.809591 0.11195 0.11304 0.986654
5 0.316001 0.685508 0.11061 0.112237 0.985481
5 0.314663 0.0655654 0.111634 0.112186 0.985306
1 0.315796 0.93397 0.112352 0.11277 0.985096
6 0.936399 0.809484 0.112256 0.112765 0.984881
13 0.190747 0.0651362 0.111889 0.112361 0.9848
10 0.688185 0.933704 0.112044 0.113596 0.984777
5 0.0675386 0.685609 0.112443 0.112747 0.984723
1 0.563673 0.933942 0.111884 0.11325 0.984644
7 0.563462 0.0649618 0.112529 0.113167 0.98401
5 0.0668832 0.189634 0.112834 0.112538 0.983452
3 0.0672544 0.0652687 0.112364 0.114346 0.983303
4 0.191392 0.809776 0.111908 0.112026 0.983257
5 0.31572 0.437646 0.111519 0.112626 0.983251
10 0.191551 0.685131 0.112004 0.112729 0.983127
6 0.315881 0.561598 0.111587 0.112817 0.983125
5 0.812125 0.934593 0.11154 0.112658 0.98309
6 0.811958 0.809995 0.11241 0.112944 0.982927
8 0.687489 0.809856 0.111497 0.11184 0.982805
13 0.191488 0.561898 0.111365 0.112221 0.982618
13 0.0673551 0.561885 0.113058 0.113284 0.982586
9 0.315399 0.313197 0.111623 0.11228 0.982202
6 0.0671633 0.313341 0.113287 0.1138 0.982191
10 0.191381 0.437197 0.111755 0.112188 0.982069
10 0.191376 0.31335 0.11168 0.112601 0.982016
4 0.191532 0.189154 0.113066 0.112843 0.981977
1 0.0670811 0.437683 0.113017 0.11232 0.98188
13 0.56345 0.68518 0.111413 0.112983 0.98184
7 0.439528 0.43733 0.113408 0.111815 0.980868
12 0.439323 0.0649414 0.11085 0.112853 0.980528
11 0.191851 0.933372 0.111946 0.112896 0.980479
1 0.066643 0.933988 0.113804 0.113286 0.980312
9 0.935607 0.685408 0.112204 0.1134 0.98029
11 0.315207 0.188752 0.112261 0.112684 0.980202
4 0.936223 0.933783 0.112232 0.112303 0.980179
3 0.812596 0.685524 0.112725 0.11436 0.980108
2 0.438974 0.312914 0.111843 0.111717 0.979904
9 0.563401 0.188909 0.111393 0.11366 0.979859
13 0.563287 0.313397 0.112607 0.11356 0.979802
6 0.439365 0.685324 0.112031 0.112995 0.979781
10 0.687826 0.43707 0.112424 0.113641 0.979717
6 0.563842 0.437113 0.11198 0.113183 0.97964
9 0.687606 0.189116 0.111922 0.113645 0.97957
9 0.687493 0.313434 0.111633 0.111647 0.979407
13 0.687608 0.685694 0.112735 0.113101 0.979356
9 0.811692 0.0648467 0.112526 0.113645 0.979112
9 0.811936 0.561414 0.112453 0.113769 0.978911
12 0.56389 0.561208 0.111817 0.113516 0.978904
2 0.439536 0.560861 0.112747 0.11385 0.978863
10 0.936734 0.561146 0.112779 0.113603 0.978816
1 0.68757 0.561224 0.112949 0.113203 0.978747
13 0.811941 0.188789 0.112765 0.1134 0.97873
11 0.687418 0.0655153 0.112276 0.113425 0.978487
4 0.812381 0.312629 0.113153 0.113542 0.978482
12 0.936377 0.436916 0.113855 0.113892 0.978412
1 0.936265 0.312748 0.113774 0.112802 0.978183
0 0.0675371 0.809669 0.112565 0.113634 0.978125
7 0.812379 0.437131 0.112714 0.113523 0.978121
1 0.936438 0.0641095 0.113766 0.113889 0.978067
0 0.439442 0.188974 0.11246 0.113227 0.97797
0 0.936255 0.188662 0.113048 0.112239 0.977325
10 0.686766 0.06471 0.111893 0.113528 0.0130287
3 0.439662 0.561283 0.112431 0.11314 0.00937528
10 0.314892 0.188859 0.112093 0.112095 0.00853127
3 0.43976 0.313855 0.112587 0.113214 0.00832168
12 0.811575 0.43702 0.111581 0.11302 0.00745212
0 0.688048 0.313411 0.1092 0.112931 0.00670117
9 0.687759 0.809131 0.112437 0.113268 0.00620716
1 0.0668277 0.809367 0.11406 0.112937 0.00610213
0 0.68811 0.189447 0.110193 0.113009 0.00506803
11 0.811595 0.933591 0.111474 0.110711 0.00477807
1 0.812104 0.312803 0.113453 0.113695 0.004526
7 0.688437 0.933287 0.113877 0.114311 0.00356565
7 0.68811 0.437644 0.111461 0.114196 0.00339163
11 0.687702 0.809755 0.11134 0.113465 0.0032186
12 0.439525 0.809595 0.11171 0.112057 0.00317216
12 0.688124 0.685129 0.111798 0.112263 0.00316918
0 0.813132 0.561592 0.110812 0.111947 0.00307923
0 0.688076 0.809963 0.112094 0.113714 0.00293598
12 0.191702 0.560841 0.111393 0.111544 0.00290704
8 0.688048 0.313411 0.1092 0.112931 0.0028352
7 0.811956 0.189519 0.112363 0.113988 0.00278959
1 0.19113 0.189026 0.111192 0.111998 0.00277331
6 0.812056 0.31332 0.112739 0.112829 0.00267302
5 0.688057 0.933932 0.111857 0.113086 0.00265881
7 0.936209 0.933947 0.111601 0.112921 0.00250056
12 0.811637 0.188313 0.112262 0.112681 0.00248643
6 0.439494 0.0648635 0.110327 0.113897 0.00244207
4 0.68811 0.437644 0.111461 0.114196 0.00242998
8 0.68811 0.189447 0.110193 0.113009 0.00240632
4 0.688437 0.933287 0.113877 0.114311 0.00238328
6 0.191298 0.189102 0.111994 0.11278 0.00235916
3 0.812 0.809657 0.112341 0.113547 0.00234162
5 0.191549 0.685001 0.112413 0.112195 0.00234048
0 0.936058 0.0646884 0.112732 0.113306 0.00222512
0 0.936342 0.312868 0.112875 0.111662 0.00219996
2 0.19113 0.189026 0.111192 0.111998 0.00215353
4 0.191381 0.437197 0.111755 0.112188 0.00213307
10 0.314974 0.0651695 0.113464 0.112495 0.00212181
12 0.687369 0.313545 0.111301 0.113016 0.00204638
2 0.191392 0.809776 0.111908 0.112026 0.00202676
1 0.191835 0.809914 0.112101 0.112847 0.00201815
2 0.688029 0.561059 0.112145 0.113055 0.0019758
3 0.812056 0.31332 0.112739 0.112829 0.00195033
12 0.315404 0.809784 0.111101 0.112482 0.00194192
2 0.812104 0.312803 0.113453 0.113695 0.00192273
7 0.191381 0.437197 0.111755 0.112188 0.00186928
4 0.936103 0.436971 0.113199 0.113399 0.00184605
0 0.813083 0.0650733 0.111248 0.11102 0.00181428
13 0.68748 0.437461 0.11122 0.111495 0.00180999
7 0.439856 0.9334 0.113041 0.113776 0.00180213
1 0.936312 0.934089 0.113348 0.114225 0.00178411
2 0.813109 0.933169 0.113701 0.114045 0.00177973
2 0.813106 0.685775 0.110148 0.112026 0.00177387
8 0.811442 0.561489 0.110954 0.112533 0.00177134
12 0.68811 0.189447 0.110193 0.113009 0.00174883
13 0.19141 0.313487 0.111554 0.111675 0.00174275
6 0.563724 0.561435 0.111793 0.113006 0.00171279
7 0.812056 0.31332 0.112739 0.112829 0.00170915
5 0.688061 0.437769 0.111564 0.112288 0.00170629
5 0.191593 0.809292 0.112311 0.11241 0.00169446
0 0.688036 0.560874 0.112197 0.111586 0.00168893
12 0.93599 0.685827 0.111057 0.11485 0.0016853
10 0.811844 0.933963 0.110802 0.111408 0.00167808
1 0.439536 0.560861 0.112747 0.11385 0.001678
2 0.688058 0.809133 0.112199 0.112176 0.00167719
3 0.563617 0.436974 0.111616 0.112938 0.00163819
4 0.687653 0.560735 0.112657 0.112603 0.00163439
4 0.56354 0.933651 0.1108 0.112146 0.00160794
4 0.563997 0.809857 0.110309 0.112696 0.001589
1 0.563648 0.80955 0.11158 0.11176 0.00158583
13 0.811634 0.436677 0.111092 0.11334 0.0015793
6 0.811528 0.436686 0.112945 0.1126 0.00157175
9 0.813106 0.685775 0.110148 0.112026 0.00155741
0 0.563511 0.189 0.111784 0.112855 0.0015455
12 0.563487 0.685341 0.111366 0.111734 0.00153974
8 0.81139 0.0649557 0.110739 0.112009 0.00152537
13 0.191156 0.437551 0.111924 0.111423 0.0015246
7 0.191391 0.684966 0.112226 0.112769 0.00150338
4 0.936325 0.31343 0.112228 0.11322 0.00149739
7 0.0673413 0.560857 0.113498 0.115546 0.00147155
10 0.0666567 0.189058 0.111568 0.112097 0.00146051
3 0.936399 0.809484 0.112256 0.112765 0.00144326
13 0.935896 0.561126 0.111094 0.112137 0.00144051
11 0.811352 0.0648342 0.111079 0.112377 0.00142247
10 0.315066 0.437246 0.112576 0.112023 0.00142225
7 0.191376 0.31335 0.11168 0.112601 0.00141306
13 0.191341 0.685263 0.112305 0.111953 0.00140181
7 0.56345 0.68518 0.111413 0.112983 0.00139167
6 0.811639 0.685767 0.111455 0.113533 0.00138977
3 0.315759 0.56117 0.112664 0.113194 0.0013868
13 0.440021 0.933922 0.111921 0.111602 0.00137771
5 0.191516 0.933714 0.111094 0.112618 0.0013547
3 0.439365 0.685324 0.112031 0.112995 0.00134414
10 0.315004 0.685367 0.111832 0.112234 0.00133041
0 0.935607 0.685408 0.112204 0.1134 0.00132731
7 0.191918 0.809581 0.110477 0.111584 0.00132571
12 0.563449 0.313428 0.112455 0.11255 0.00131031
5 0.936021 0.933806 0.112493 0.112402 0.00129903
10 0.191746 0.933826 0.112543 0.113195 0.00129786
4 0.44034 0.437941 0.112082 0.113206 0.0012848
10 0.0666724 0.685465 0.112061 0.112632 0.00128046
4 0.315443 0.437833 0.111688 0.109673 0.00127539
4 0.191376 0.31335 0.11168 0.112601 0.00127283
5 0.439128 0.313472 0.111785 0.112434 0.00126661
3 0.936597 0.436438 0.111212 0.114185 0.00126091
13 0.688338 0.933727 0.11201 0.111699 0.00125725
1 0.439336 0.312852 0.112011 0.114123 0.00124577
1 0.563645 0.437188 0.110092 0.112781 0.00124472
11 0.811399 0.561486 0.112205 0.113012 0.00124031
6 0.44034 0.437941 0.112082 0.113206 0.00123838
12 0.315617 0.313777 0.111866 0.112512 0.00123741
4 0.0670811 0.437683 0.113017 0.11232 0.0012372
7 0.936716 0.436412 0.111829 0.113991 0.00122978
7 0.687555 0.68529 0.112002 0.113212 0.00122802
9 0.936096 0.189117 0.112609 0.113301 0.00122796
1 0.0667185 0.0652761 0.112729 0.11251 0.00120631
3 0.0675131 0.312893 0.113703 0.113949 0.00120031
7 0.0678604 0.313701 0.114253 0.11444 0.00119596
0 0.0664479 0.437011 0.115044 0.111659 0.00119288
8 0.563511 0.189 0.111784 0.112855 0.00119135
3 0.93599 0.685827 0.111057 0.11485 0.00118686
5 0.811112 0.31297 0.112477 0.112681 0.00118628
7 0.936209 0.560922 0.111922 0.113387 0.00117939
3 0.563639 0.561168 0.111905 0.114005 0.00117728
4 0.315869 0.93371 0.111456 0.11314 0.00116877
3 0.191918 0.809581 0.110477 0.111584 0.00116529
5 0.688158 0.0648172 0.111849 0.111957 0.00116507
7 0.563281 0.314157 0.112495 0.114095 0.00115208
6 0.935979 0.93434 0.113108 0.113228 0.00114773
13 0.191516 0.933714 0.111094 0.112618 0.00114385
0 0.066643 0.933988 0.113804 0.113286 0.00114098
1 0.81217 0.68547 0.112079 0.112907 0.00113279
4 0.191391 0.684966 0.112226 0.112769 0.00111914
10 0.0668827 0.560892 0.114329 0.112813 0.0011183
0 0.315664 0.93376 0.111716 0.111865 0.00111397
8 0.688161 0.0646069 0.112403 0.114292 0.00110929
9 0.936527 0.56142 0.112235 0.112858 0.00109666
6 0.936158 0.437512 0.111722 0.112319 0.00109315
1 0.439409 0.18845 0.112354 0.112966 0.00109129
0 0.56368 0.933584 0.110912 0.111972 0.00107945
12 0.811403 0.561819 0.110802 0.112968 0.0010786
4 0.936383 0.0648801 0.112202 0.11399 0.0010753
12 0.688057 0.933932 0.111857 0.113086 0.00107521
12 0.563511 0.189 0.111784 0.112855 0.00106941
12 0.811639 0.685767 0.111455 0.113533 0.00106772
12 0.439743 0.436574 0.110973 0.111459 0.00106397
4 0.813014 0.436455 0.110826 0.112583 0.00104348
12 0.81134 0.0651542 0.110899 0.111176 0.0010351
9 0.191571 0.313499 0.110608 0.111917 0.00101989
6 0.688029 0.561059 0.112145 0.113055 0.00101418
7 0.439344 0.809591 0.11195 0.11304 0.00100953
7 0.191245 0.0652567 0.111827 0.113726 0.00100763
6 0.936336 0.3134 0.112207 0.114698 0.00100728
13 0.936597 0.436438 0.111212 0.114185 0.00100571
