10 0.936236 0.933563 0.11283 0.113085 0.985827
7 0.812125 0.933916 0.11222 0.111712 0.985546
4 0.563769 0.934104 0.112103 0.114596 0.985354
3 0.43923 0.934108 0.112827 0.113167 0.985089
6 0.315894 0.685238 0.112852 0.112894 0.985039
10 0.191532 0.809444 0.111542 0.112107 0.984913
10 0.191575 0.933838 0.111541 0.113437 0.984793
1 0.936502 0.809497 0.112271 0.111998 0.984756
10 0.0676226 0.0647623 0.114806 0.113931 0.984573
10 0.316032 0.933766 0.111519 0.113228 0.984221
9 0.439044 0.685567 0.111797 0.111628 0.984156
6 0.563545 0.0647254 0.112741 0.113341 0.984026
5 0.4393 0.0651049 0.11089 0.112172 0.984021
2 0.687567 0.809293 0.111949 0.113034 0.983848
7 0.0673352 0.189683 0.112733 0.11124 0.983715
6 0.0670489 0.437625 0.112938 0.112073 0.983523
4 0.0671548 0.313684 0.113425 0.113434 0.983169
13 0.688364 0.933882 0.112858 0.113703 0.983102
7 0.439738 0.809732 0.111395 0.110938 0.982987
7 0.315694 0.188949 0.113927 0.112564 0.982829
11 0.315278 0.809415 0.111298 0.11198 0.982695
0 0.191043 0.685197 0.111852 0.111162 0.982684
3 0.191632 0.313271 0.110828 0.110898 0.982287
13 0.315403 0.0650134 0.111767 0.111955 0.982126
1 0.191354 0.0641462 0.111818 0.113487 0.982123
10 0.812515 0.809495 0.112918 0.11416 0.982086
10 0.439377 0.561138 0.111522 0.111698 0.981813
11 0.191275 0.561255 0.110495 0.111942 0.981484
11 0.315436 0.313015 0.112479 0.112467 0.98144
1 0.315343 0.437151 0.111787 0.112134 0.981398
0 0.315239 0.561072 0.112377 0.112546 0.981396
1 0.0663709 0.934069 0.112931 0.11317 0.981073
2 0.191033 0.437052 0.111597 0.112023 0.981011
11 0.0668159 0.68579 0.111992 0.111493 0.980968
2 0.439339 0.312559 0.111894 0.113247 0.980365
8 0.0668883 0.561389 0.113062 0.113069 0.980333
0 0.563978 0.809425 0.111868 0.112584 0.980314
12 0.439752 0.437372 0.111788 0.111838 0.979943
12 0.687707 0.188773 0.112299 0.112226 0.979902
13 0.936461 0.68556 0.112303 0.111631 0.979887
1 0.687615 0.561308 0.112294 0.112756 0.979858
8 0.191521 0.189139 0.111414 0.112 0.979662
9 0.81137 0.0650868 0.112091 0.111621 0.979621
9 0.687725 0.0652302 0.11199 0.111716 0.979463
10 0.688046 0.31293 0.112245 0.113507 0.979254
1 0.563637 0.189006 0.111923 0.112857 0.979203
10 0.688157 0.436989 0.112628 0.113458 0.979198
3 0.563414 0.561595 0.112242 0.112175 0.979126
0 0.0673991 0.809244 0.112824 0.112938 0.979079
2 0.563595 0.437328 0.111669 0.112404 0.978956
9 0.935863 0.437836 0.110969 0.111922 0.978932
12 0.812111 0.685541 0.113049 0.112703 0.978828
0 0.687668 0.685241 0.111766 0.112656 0.978714
4 0.812623 0.437051 0.11275 0.113028 0.978713
0 0.811867 0.561384 0.112776 0.112721 0.978617
0 0.563663 0.312878 0.111785 0.113263 0.978585
1 0.936472 0.0639473 0.113809 0.113957 0.978542
13 0.56378 0.6857 0.111775 0.112012 0.978192
0 0.439435 0.188649 0.111754 0.112969 0.97808
2 0.936484 0.561346 0.112899 0.113582 0.977672
7 0.812625 0.312985 0.112858 0.113045 0.977516
2 0.936444 0.312925 0.112643 0.1133 0.977327
8 0.93597 0.188635 0.113044 0.113276 0.977202
11 0.81218 0.189032 0.111897 0.113275 0.976236
5 0.315356 0.809601 0.110924 0.111957 0.0174455
5 0.812966 0.189941 0.112243 0.112214 0.0141691
5 0.191084 0.561633 0.110617 0.111612 0.0124982
3 0.688271 0.808935 0.111825 0.11354 0.00997683
5 0.0669294 0.685504 0.11284 0.111946 0.00940589
12 0.564252 0.68517 0.110062 0.111044 0.00896025
5 0.315472 0.312874 0.112571 0.112409 0.00893876
12 0.811698 0.933408 0.111188 0.111193 0.00840169
2 0.190859 0.189551 0.111884 0.11206 0.00830701
4 0.688211 0.437261 0.111871 0.112957 0.00825032
3 0.936077 0.313702 0.112035 0.111832 0.00747519
2 0.0669366 0.561315 0.115262 0.113041 0.00718595
2 0.935724 0.189505 0.113699 0.113602 0.00649611
12 0.811707 0.313357 0.11174 0.113194 0.00568403
9 0.190772 0.313248 0.11057 0.111577 0.00558251
6 0.439878 0.437305 0.112814 0.113001 0.00540422
10 0.688127 0.933472 0.11076 0.113058 0.00505258
1 0.439389 0.313165 0.111763 0.113552 0.00481854
4 0.688199 0.31354 0.111796 0.114116 0.00478346
0 0.936214 0.0639516 0.112275 0.113632 0.00476744
10 0.811623 0.189053 0.111131 0.113152 0.00451233
1 0.936086 0.31343 0.111269 0.114211 0.00405993
4 0.0668842 0.189746 0.113267 0.110523 0.00376928
3 0.564317 0.437467 0.111581 0.113049 0.00354457
1 0.0667735 0.808933 0.11389 0.112608 0.00347137
1 0.190817 0.437931 0.1106 0.109737 0.00340671
12 0.191865 0.313191 0.111149 0.111595 0.00331206
1 0.687753 0.685059 0.112014 0.111696 0.00324218
1 0.563552 0.437869 0.110245 0.110873 0.00323928
8 0.688188 0.809427 0.111293 0.113165 0.003007
10 0.191657 0.561122 0.11148 0.113344 0.00295777
3 0.191217 0.437221 0.113002 0.111885 0.00295194
1 0.811856 0.561038 0.113137 0.112509 0.00292627
10 0.812611 0.31332 0.113545 0.113711 0.002907
1 0.563777 0.933442 0.110648 0.114026 0.0028895
7 0.811812 0.436879 0.112785 0.114973 0.0028727
0 0.687548 0.560989 0.112095 0.112282 0.00287051
1 0.68817 0.809483 0.112546 0.11422 0.00272685
1 0.936519 0.561391 0.112538 0.113306 0.00258519
4 0.440123 0.809657 0.111738 0.111622 0.00252688
4 0.812628 0.313279 0.112661 0.113072 0.00247152
0 0.56371 0.188691 0.111844 0.113176 0.00246449
4 0.440054 0.561508 0.112991 0.113322 0.0024261
0 0.936429 0.809148 0.111868 0.112251 0.0024243
0 0.935936 0.18867 0.111492 0.112084 0.00241503
10 0.0671823 0.685404 0.112991 0.11266 0.00239961
1 0.812742 0.437207 0.112636 0.113208 0.00236978
1 0.43957 0.188062 0.111774 0.112341 0.00226398
6 0.687817 0.189315 0.112243 0.112988 0.00222128
1 0.0668943 0.313647 0.113164 0.112633 0.00220287
12 0.439509 0.933852 0.112451 0.112361 0.00216065
6 0.440226 0.933636 0.112284 0.113258 0.00215838
11 0.314994 0.0651521 0.111581 0.112359 0.00214453
6 0.811698 0.933408 0.111188 0.111193 0.00214308
7 0.0668943 0.313647 0.113164 0.112633 0.0020947
10 0.315644 0.189173 0.112258 0.111967 0.00209113
12 0.688127 0.933472 0.11076 0.113058 0.00207615
13 0.687803 0.437667 0.111315 0.112046 0.00206503
10 0.564252 0.68517 0.110062 0.111044 0.00204666
0 0.688173 0.064741 0.111317 0.111525 0.00198652
12 0.688173 0.064741 0.111317 0.111525 0.00192892
1 0.564076 0.809371 0.111831 0.112492 0.00188707
4 0.813011 0.80962 0.111877 0.114749 0.0018389
5 0.688157 0.313318 0.112141 0.113521 0.00183731
6 0.564066 0.561151 0.111648 0.112204 0.00183221
2 0.564132 0.934098 0.112375 0.114249 0.00181484
4 0.315494 0.189291 0.111476 0.111146 0.00179612
13 0.191445 0.933853 0.111628 0.111893 0.00179147
13 0.811781 0.933006 0.110783 0.111635 0.0017853
8 0.811535 0.064851 0.112266 0.112541 0.00177926
5 0.936172 0.561301 0.11313 0.114101 0.0017752
1 0.563782 0.312376 0.111907 0.112743 0.00177022
3 0.564205 0.0645291 0.112109 0.113403 0.00175694
8 0.190817 0.437931 0.1106 0.109737 0.00173
3 0.936265 0.561218 0.112447 0.111542 0.00172864
0 0.812981 0.0646451 0.110124 0.112156 0.00167596
11 0.191116 0.189444 0.111076 0.11156 0.00167009
5 0.812995 0.809022 0.112414 0.114466 0.00164664
11 0.811501 0.064698 0.112218 0.113221 0.00162791
2 0.687996 0.56125 0.111953 0.11272 0.00162719
0 0.191354 0.0641462 0.111818 0.113487 0.00162552
6 0.811798 0.312983 0.112153 0.113311 0.00161512
10 0.936376 0.685129 0.112135 0.112719 0.00161329
5 0.688211 0.437261 0.111871 0.112957 0.00159866
4 0.0676226 0.0647623 0.114806 0.113931 0.00159673
10 0.439555 0.0647587 0.111154 0.11208 0.00159642
4 0.812556 0.933921 0.112105 0.112377 0.00157075
1 0.563414 0.561595 0.112242 0.112175 0.00152477
0 0.68813 0.189123 0.113468 0.114286 0.00151115
6 0.811415 0.685895 0.111999 0.113731 0.00150705
4 0.439279 0.934193 0.112531 0.112088 0.00147153
2 0.813012 0.189476 0.112099 0.115019 0.00146944
3 0.0665078 0.43713 0.114689 0.111825 0.00146916
7 0.936376 0.685129 0.112135 0.112719 0.00146562
4 0.563948 0.18933 0.111512 0.112877 0.00143958
10 0.811781 0.933006 0.110783 0.111635 0.00143562
11 0.688364 0.933882 0.112858 0.113703 0.00143485
5 0.191139 0.436789 0.110725 0.113684 0.00143308
10 0.315196 0.313066 0.111876 0.112852 0.00139961
8 0.439389 0.313165 0.111763 0.113552 0.00138631
5 0.191434 0.809482 0.112441 0.112341 0.0013856
4 0.811629 0.685294 0.112382 0.111847 0.00137455
0 0.315517 0.436979 0.111945 0.113035 0.00136055
7 0.0673538 0.438136 0.114279 0.112403 0.00135987
8 0.936052 0.437483 0.1121 0.113374 0.00131171
3 0.440024 0.313421 0.111584 0.112884 0.0012945
5 0.9361 0.313026 0.11268 0.113778 0.0012936
13 0.811501 0.064698 0.112218 0.113221 0.00128046
12 0.812026 0.0645247 0.112742 0.111992 0.00127284
11 0.688208 0.0645638 0.111829 0.111716 0.00125929
4 0.315672 0.437449 0.112007 0.113005 0.00125348
11 0.936129 0.189195 0.113521 0.113614 0.00121905
2 0.812742 0.437207 0.112636 0.113208 0.00120346
9 0.811784 0.188813 0.112296 0.113081 0.00120212
12 0.935832 0.685858 0.111134 0.111891 0.00119703
8 0.688173 0.064741 0.111317 0.111525 0.00119338
10 0.315718 0.0649269 0.111721 0.112099 0.0011777
7 0.564252 0.68517 0.110062 0.111044 0.00117612
10 0.067577 0.189349 0.113676 0.113346 0.0011714
4 0.936502 0.809497 0.112271 0.111998 0.00116951
13 0.811798 0.312983 0.112153 0.113311 0.00116512
1 0.31522 0.560802 0.112265 0.112916 0.00115156
1 0.190997 0.685071 0.11185 0.112002 0.00114349
4 0.687548 0.560989 0.112095 0.112282 0.00113634
12 0.936602 0.438042 0.113988 0.115888 0.00113401
7 0.688261 0.437485 0.111743 0.113565 0.00113088
7 0.81175 0.809664 0.113093 0.113988 0.00112916
13 0.935965 0.9341 0.113747 0.11442 0.00112744
4 0.564248 0.561246 0.113518 0.11262 0.0011228
8 0.688099 0.684912 0.112028 0.112721 0.00112177
2 0.0668943 0.313647 0.113164 0.112633 0.00111647
7 0.688199 0.31354 0.111796 0.114116 0.00111505
1 0.439858 0.933916 0.112227 0.112988 0.00111273
0 0.066187 0.934016 0.112739 0.113062 0.0011091
13 0.811659 0.809894 0.112769 0.113552 0.00110758
1 0.563934 0.0653349 0.112171 0.112627 0.001099
1 0.191441 0.313148 0.111 0.111456 0.00109362
5 0.68817 0.809483 0.112546 0.11422 0.00108061
0 0.936602 0.438042 0.113988 0.115888 0.0010754
7 0.688127 0.933472 0.11076 0.113058 0.00105419
13 0.687807 0.313279 0.111249 0.111907 0.00104802
3 0.315894 0.685238 0.112852 0.112894 0.00103766
4 0.936009 0.0643445 0.112701 0.112908 0.00101483
