9 0.438743 0.933859 0.110954 0.113213 0.986437
9 0.811181 0.933812 0.113267 0.113629 0.986273
9 0.438836 0.684815 0.110658 0.112107 0.98598
5 0.191658 0.68563 0.110488 0.111573 0.985797
3 0.438713 0.809637 0.112873 0.112863 0.985625
6 0.316333 0.809054 0.111673 0.112045 0.985585
6 0.563649 0.809123 0.111782 0.112843 0.984887
3 0.191324 0.437409 0.110753 0.113079 0.984601
6 0.0673605 0.933872 0.114593 0.114709 0.984333
6 0.315241 0.0649668 0.112138 0.113246 0.984233
12 0.315957 0.933861 0.112359 0.113774 0.983735
9 0.439162 0.0651569 0.111471 0.113063 0.983717
9 0.315464 0.313494 0.111108 0.113243 0.983684
5 0.563601 0.934066 0.112441 0.113457 0.983596
13 0.68773 0.933624 0.111924 0.114058 0.983489
7 0.315868 0.43764 0.112775 0.11139 0.983442
2 0.687713 0.809556 0.113054 0.113147 0.9829
7 0.191356 0.189449 0.111749 0.111773 0.982753
1 0.315657 0.685162 0.111303 0.111086 0.98274
3 0.935931 0.809162 0.114908 0.114299 0.982681
7 0.191317 0.561557 0.112491 0.111532 0.982548
6 0.0673196 0.561695 0.113189 0.11163 0.982484
4 0.935973 0.9345 0.113701 0.112852 0.982384
13 0.439469 0.437515 0.111901 0.110905 0.981995
4 0.0670729 0.065052 0.114109 0.113759 0.98188
13 0.0673371 0.809265 0.112563 0.111701 0.98129
11 0.191606 0.933933 0.110869 0.112494 0.981064
7 0.0668646 0.685337 0.114762 0.114065 0.980984
10 0.191735 0.313296 0.113353 0.111527 0.980955
12 0.563812 0.0649142 0.110475 0.112885 0.980904
1 0.31557 0.189197 0.111738 0.110821 0.980735
12 0.191373 0.809542 0.112354 0.111763 0.980689
0 0.315334 0.56112 0.11242 0.111286 0.980193
10 0.811877 0.80898 0.112744 0.111307 0.979985
7 0.688003 0.0649537 0.112529 0.113124 0.979891
10 0.687931 0.684973 0.110757 0.111683 0.979879
13 0.563597 0.561355 0.111951 0.112491 0.979812
9 0.43951 0.313178 0.112116 0.11361 0.979739
0 0.0676569 0.313236 0.11277 0.112855 0.979657
6 0.687019 0.43711 0.110874 0.111468 0.979579
11 0.439247 0.188828 0.111012 0.111581 0.979493
9 0.563423 0.189176 0.111573 0.113078 0.979423
4 0.687761 0.561108 0.112945 0.112655 0.979402
10 0.811895 0.0650891 0.110639 0.112791 0.979286
2 0.439342 0.560861 0.111758 0.111564 0.97928
6 0.687776 0.313022 0.112436 0.112212 0.979136
1 0.811865 0.685163 0.112398 0.111958 0.979031
10 0.936293 0.684655 0.112353 0.112387 0.978741
8 0.0675157 0.436894 0.111762 0.112801 0.97871
3 0.687423 0.1888 0.111792 0.112649 0.978575
8 0.191557 0.0651202 0.11113 0.112253 0.978487
1 0.936285 0.561289 0.114161 0.112693 0.978454
4 0.812238 0.188754 0.113341 0.113218 0.978358
12 0.935824 0.0646716 0.114176 0.113686 0.978346
0 0.811656 0.312895 0.112368 0.11204 0.978321
0 0.56356 0.313097 0.111227 0.113138 0.978229
12 0.936406 0.312733 0.112956 0.113502 0.978191
2 0.812185 0.436891 0.112762 0.11348 0.978058
7 0.812115 0.561561 0.112178 0.112865 0.977812
3 0.936334 0.436854 0.113037 0.113452 0.977705
8 0.0678903 0.189034 0.111826 0.112452 0.977561
0 0.936089 0.188691 0.112358 0.111149 0.977497
8 0.56402 0.437109 0.112072 0.11333 0.977327
8 0.563579 0.685278 0.111991 0.112252 0.976865
2 0.564098 0.437031 0.111294 0.111918 0.0248974
2 0.564079 0.685225 0.111836 0.111704 0.0170812
2 0.0668089 0.436741 0.116572 0.113356 0.0109502
5 0.191606 0.933933 0.110869 0.112494 0.00933989
2 0.191606 0.0651791 0.110499 0.112866 0.00925918
4 0.688285 0.684927 0.111144 0.111875 0.00897514
2 0.0674416 0.189118 0.111754 0.112238 0.00790175
5 0.811646 0.809259 0.112567 0.111619 0.00772658
12 0.811435 0.561634 0.111468 0.112773 0.00710365
4 0.191385 0.313336 0.111084 0.112191 0.00679317
5 0.935936 0.684897 0.11307 0.111411 0.00652277
4 0.811654 0.0655192 0.112131 0.112149 0.00567209
12 0.811349 0.934157 0.111347 0.113488 0.00565111
4 0.811701 0.808942 0.111094 0.112457 0.00564114
5 0.811654 0.0655192 0.112131 0.112149 0.00509801
1 0.688243 0.561071 0.113472 0.1133 0.00480683
4 0.935795 0.684299 0.112732 0.113978 0.00464821
1 0.81244 0.188772 0.113988 0.114387 0.00460869
12 0.0667605 0.809068 0.11208 0.111892 0.00443772
6 0.191617 0.809532 0.11108 0.11172 0.00420045
12 0.686834 0.933449 0.112443 0.110892 0.00372466
6 0.935996 0.809693 0.111508 0.114083 0.00370499
13 0.935897 0.684651 0.11156 0.11116 0.00368783
7 0.688334 0.685128 0.112847 0.112799 0.00350134
0 0.936383 0.560696 0.113515 0.111228 0.00344485
12 0.19131 0.188825 0.111555 0.111515 0.00341547
13 0.68764 0.685086 0.111441 0.112055 0.00339919
3 0.0673605 0.933872 0.114593 0.114709 0.00334955
12 0.315719 0.313545 0.111749 0.112221 0.00325624
3 0.811349 0.934157 0.111347 0.113488 0.00321324
3 0.439704 0.684846 0.111619 0.112207 0.00304667
1 0.563603 0.312716 0.111393 0.112746 0.00290182
12 0.315876 0.436711 0.111149 0.109864 0.00285469
12 0.687267 0.188598 0.111548 0.112288 0.00272891
13 0.191641 0.31298 0.111265 0.111674 0.00271904
1 0.0672578 0.31282 0.113265 0.111875 0.00269327
4 0.688571 0.0643072 0.112192 0.113509 0.00269143
4 0.688 0.809227 0.111548 0.112503 0.002686
0 0.811979 0.685326 0.111564 0.111353 0.00263246
1 0.066845 0.0649602 0.113141 0.113311 0.00262079
7 0.811245 0.808361 0.112126 0.113151 0.00257226
12 0.43964 0.31356 0.111769 0.112421 0.00255081
1 0.315478 0.561047 0.112074 0.112656 0.00249374
1 0.811356 0.436858 0.11331 0.112793 0.00247566
1 0.936303 0.934056 0.112807 0.114005 0.00244272
3 0.0667588 0.561148 0.114175 0.111995 0.00244119
7 0.811363 0.0641672 0.111247 0.112706 0.00243243
7 0.191778 0.313548 0.112231 0.112489 0.00239362
3 0.564017 0.808755 0.111182 0.112673 0.00238729
12 0.811654 0.0655192 0.112131 0.112149 0.00235578
5 0.688027 0.685238 0.111935 0.11144 0.00234811
5 0.439496 0.189216 0.111287 0.111036 0.00232212
12 0.439635 0.437466 0.111091 0.111345 0.00229375
12 0.191574 0.561219 0.110419 0.112099 0.0022375
10 0.316039 0.438133 0.11237 0.111657 0.00221499
13 0.812518 0.561234 0.111125 0.112103 0.00218384
2 0.688014 0.189158 0.111249 0.111526 0.00215998
7 0.935795 0.684299 0.112732 0.113978 0.00214163
1 0.688274 0.809461 0.112096 0.113265 0.00210954
3 0.316333 0.809054 0.111673 0.112045 0.00209561
2 0.688243 0.561071 0.113472 0.1133 0.00209389
3 0.438743 0.933859 0.110954 0.113213 0.00208121
9 0.688014 0.189158 0.111249 0.111526 0.00207845
4 0.0667348 0.685073 0.114917 0.112835 0.00201596
5 0.811356 0.436858 0.11331 0.112793 0.00198673
12 0.936018 0.437242 0.111586 0.111977 0.00197474
7 0.687272 0.560838 0.111694 0.112059 0.00195442
12 0.686736 0.064862 0.109785 0.111543 0.00195229
4 0.191363 0.561212 0.112409 0.111846 0.00195216
11 0.191925 0.0647736 0.111371 0.111957 0.00194427
9 0.936567 0.43651 0.111839 0.113262 0.00190844
3 0.315622 0.313583 0.111133 0.112506 0.00190093
10 0.687622 0.93342 0.109812 0.112696 0.00189272
6 0.316235 0.933936 0.111542 0.113161 0.00188622
1 0.439656 0.560787 0.112172 0.11289 0.0018843
13 0.191372 0.188721 0.111463 0.111659 0.00187725
7 0.563764 0.561029 0.11139 0.11277 0.0018039
9 0.191411 0.436577 0.110614 0.112876 0.00179827
7 0.439695 0.437546 0.111565 0.112493 0.0017843
3 0.687973 0.437512 0.11079 0.112444 0.00177029
3 0.688 0.809227 0.111548 0.112503 0.00175624
12 0.688027 0.685238 0.111935 0.11144 0.00173926
12 0.191673 0.313358 0.111873 0.112423 0.00172958
12 0.439704 0.684846 0.111619 0.112207 0.00164127
6 0.811485 0.561366 0.11082 0.112707 0.00164113
6 0.439181 0.809477 0.111877 0.112305 0.00162533
12 0.563585 0.189234 0.111859 0.112515 0.0016191
6 0.191761 0.437565 0.111862 0.112225 0.00161146
13 0.811244 0.0646494 0.111135 0.112026 0.00160865
12 0.0672925 0.685503 0.113707 0.114196 0.00159975
3 0.687602 0.31354 0.111718 0.113113 0.00159935
3 0.315061 0.188965 0.111191 0.111396 0.00157247
0 0.315622 0.313583 0.111133 0.112506 0.00154897
2 0.81244 0.188772 0.113988 0.114387 0.00152553
10 0.191297 0.685463 0.111531 0.111716 0.00151947
12 0.563709 0.560865 0.111822 0.113121 0.00149944
5 0.688274 0.809461 0.112096 0.113265 0.00149443
7 0.936201 0.313409 0.113358 0.115015 0.00145966
8 0.688288 0.809407 0.111492 0.112379 0.00145634
12 0.439622 0.0650147 0.112162 0.112345 0.00145051
4 0.439181 0.809477 0.111877 0.112305 0.00144898
12 0.191761 0.437565 0.111862 0.112225 0.00144196
6 0.563812 0.0649142 0.110475 0.112885 0.00143522
7 0.0667813 0.0652283 0.112185 0.11222 0.00140588
7 0.935523 0.933981 0.112431 0.113015 0.00140536
12 0.811646 0.809259 0.112567 0.111619 0.00140286
12 0.935792 0.809377 0.112365 0.113424 0.00139576
0 0.315718 0.189027 0.110948 0.11112 0.00138735
11 0.563758 0.43722 0.112152 0.112266 0.00137441
4 0.811593 0.684771 0.112078 0.111281 0.0013668
1 0.936149 0.809529 0.112223 0.113107 0.00135109
1 0.688194 0.313089 0.112236 0.113467 0.0013468
9 0.93615 0.809235 0.113474 0.114697 0.00134035
11 0.439407 0.065337 0.111907 0.111991 0.00132677
1 0.811708 0.312601 0.112029 0.112914 0.00131056
6 0.686828 0.188762 0.111553 0.112506 0.00130659
13 0.688269 0.0646901 0.111574 0.112771 0.00130552
3 0.439509 0.560916 0.113252 0.112516 0.00130508
0 0.439547 0.313589 0.11166 0.112753 0.00130137
9 0.936047 0.18903 0.112334 0.112144 0.00129316
11 0.563774 0.685051 0.112501 0.111334 0.0012831
13 0.315882 0.438038 0.110521 0.112084 0.00127729
12 0.439805 0.933915 0.111872 0.112129 0.00127723
6 0.811417 0.188625 0.1143 0.113378 0.00126607
8 0.813085 0.436926 0.110151 0.112502 0.00126186
12 0.439181 0.809477 0.111877 0.112305 0.00125665
3 0.812013 0.436807 0.112746 0.112138 0.00125611
3 0.315241 0.0649668 0.112138 0.113246 0.00125304
6 0.935973 0.9345 0.113701 0.112852 0.00125289
6 0.935935 0.437216 0.112282 0.113425 0.00123886
4 0.315657 0.685162 0.111303 0.111086 0.0012257
11 0.0668089 0.436741 0.116572 0.113356 0.00121789
0 0.315631 0.685095 0.111348 0.111435 0.00121745
10 0.688269 0.0646901 0.111574 0.112771 0.00120843
10 0.43914 0.18925 0.110636 0.11107 0.00120738
13 0.811168 0.808984 0.111623 0.112551 0.00118815
4 0.316163 0.438105 0.110476 0.111749 0.00117599
4 0.811974 0.561067 0.112533 0.112548 0.00117546
0 0.563386 0.43803 0.111196 0.113732 0.00117442
7 0.687409 0.933534 0.110998 0.114148 0.00116397
10 0.563709 0.560865 0.111822 0.113121 0.00115184
6 0.936201 0.313409 0.113358 0.115015 0.00113462
2 0.191268 0.437145 0.112657 0.112451 0.00111835
10 0.0668335 0.809635 0.112357 0.112166 0.00110524
9 0.439533 0.189112 0.111178 0.111391 0.00110204
5 0.0667 0.0653362 0.112042 0.11141 0.00109579
4 0.935996 0.809693 0.111508 0.114083 0.00108552
1 0.191761 0.437565 0.111862 0.112225 0.00108537
1 0.688193 0.437272 0.111556 0.112684 0.00107935
10 0.936303 0.934056 0.112807 0.114005 0.00107538
10 0.563416 0.934245 0.111837 0.112128 0.00106818
5 0.439602 0.560903 0.112109 0.11216 0.00106392
4 0.315718 0.189027 0.110948 0.11112 0.00105235
1 0.687283 0.188786 0.111719 0.112332 0.00105059
1 0.439379 0.809812 0.111237 0.112227 0.00103558
9 0.81159 0.313391 0.111905 0.11269 0.00103316
0 0.563455 0.189044 0.112726 0.112242 0.00102428
11 0.439214 0.313403 0.112655 0.11231 0.00101287
3 0.439547 0.313589 0.11166 0.112753 0.00101261
