13 0.439265 0.93385 0.112511 0.113719 0.987575
9 0.31518 0.93378 0.111026 0.112857 0.986896
10 0.315726 0.80927 0.111994 0.112556 0.985894
5 0.191753 0.809433 0.110669 0.1123 0.985615
9 0.563309 0.809584 0.111452 0.113361 0.9856
8 0.563315 0.934123 0.111994 0.11275 0.985577
12 0.315584 0.685563 0.111005 0.111992 0.985382
5 0.0670062 0.933884 0.112472 0.113348 0.985088
7 0.0669913 0.189263 0.112857 0.11288 0.984745
13 0.439204 0.0651788 0.112136 0.113398 0.984658
5 0.93603 0.934501 0.112445 0.112827 0.983917
13 0.315295 0.561816 0.111975 0.113121 0.983585
5 0.06752 0.561874 0.112406 0.112735 0.983562
8 0.687722 0.809863 0.111473 0.112006 0.9834
4 0.315191 0.0649082 0.111294 0.112137 0.98308
4 0.315482 0.313153 0.112724 0.112783 0.983057
8 0.687619 0.0654407 0.111989 0.112527 0.983009
5 0.0668461 0.0653815 0.113365 0.113205 0.982925
13 0.0669792 0.437802 0.112928 0.112673 0.982912
6 0.315887 0.188728 0.11119 0.112783 0.98291
6 0.812194 0.809741 0.112348 0.113309 0.982773
13 0.191216 0.313821 0.111277 0.112498 0.982766
10 0.439587 0.685205 0.111556 0.112786 0.982486
2 0.191427 0.0651092 0.111535 0.112929 0.982205
4 0.191503 0.189353 0.112683 0.11236 0.982091
11 0.191103 0.561058 0.111368 0.11255 0.98188
8 0.0666966 0.313723 0.113659 0.113485 0.981835
8 0.191261 0.933897 0.112317 0.112343 0.981633
11 0.191093 0.436873 0.11146 0.112371 0.981552
1 0.439509 0.809575 0.112137 0.112998 0.98146
7 0.439553 0.437359 0.113266 0.112362 0.981418
9 0.563304 0.685271 0.110813 0.112661 0.981343
11 0.0668583 0.685735 0.113076 0.112435 0.981279
4 0.439353 0.313015 0.112494 0.113115 0.98112
1 0.315002 0.437303 0.112037 0.111647 0.981022
13 0.0673022 0.80964 0.113158 0.113722 0.981016
4 0.812291 0.933522 0.112404 0.1126 0.980862
0 0.687916 0.933324 0.112437 0.113057 0.980854
9 0.563169 0.0646783 0.111107 0.113508 0.980767
8 0.936179 0.809816 0.11255 0.112439 0.980641
0 0.191424 0.685424 0.112071 0.111713 0.980257
2 0.93599 0.0653489 0.112886 0.113008 0.979936
12 0.687375 0.188808 0.111978 0.112035 0.979852
13 0.687526 0.56156 0.112519 0.113174 0.979455
2 0.439554 0.56084 0.112504 0.113686 0.979061
9 0.81191 0.064638 0.112168 0.113401 0.978977
1 0.563463 0.188967 0.111794 0.112679 0.978886
6 0.93661 0.43697 0.113817 0.113039 0.978868
12 0.563683 0.561574 0.112104 0.111847 0.978719
4 0.812367 0.436817 0.112502 0.112856 0.978643
4 0.812467 0.312688 0.112587 0.113115 0.978417
2 0.563605 0.437434 0.112478 0.112611 0.97839
4 0.812216 0.188716 0.112379 0.113146 0.978287
2 0.687365 0.685456 0.111461 0.112546 0.977969
6 0.936473 0.188902 0.113316 0.112859 0.977932
8 0.936491 0.561441 0.112617 0.112655 0.977897
2 0.811785 0.685608 0.1119 0.112574 0.977864
7 0.812314 0.56154 0.112742 0.113565 0.977785
8 0.687582 0.313297 0.11179 0.11246 0.977672
2 0.936196 0.685587 0.112602 0.113149 0.977444
8 0.687741 0.436989 0.111736 0.112859 0.977316
0 0.439261 0.188905 0.112002 0.113097 0.977303
8 0.936429 0.312935 0.112547 0.112674 0.977175
8 0.563661 0.312979 0.111818 0.113342 0.976733
3 0.56381 0.437843 0.11209 0.112599 0.0178509
3 0.688053 0.68535 0.112502 0.113136 0.0145869
9 0.935668 0.313792 0.114033 0.112848 0.0135521
9 0.687667 0.437659 0.112607 0.112201 0.0106605
9 0.687901 0.809072 0.111955 0.113127 0.00992782
3 0.935841 0.0656294 0.113394 0.113103 0.00983332
9 0.687385 0.314012 0.112026 0.11208 0.00859358
1 0.439389 0.188741 0.112014 0.11236 0.00685972
12 0.81149 0.561406 0.112048 0.113017 0.00589937
7 0.0669069 0.436542 0.112119 0.114404 0.00555466
10 0.935954 0.933627 0.112365 0.111941 0.00536876
3 0.439671 0.561417 0.112415 0.11312 0.00526845
9 0.563137 0.933577 0.111584 0.113183 0.00471469
3 0.812068 0.685611 0.112177 0.11201 0.0046393
2 0.688047 0.312789 0.110452 0.113958 0.00437344
10 0.190742 0.436546 0.111825 0.113232 0.00434151
9 0.563594 0.313697 0.113224 0.113116 0.00432812
1 0.812016 0.189018 0.112378 0.113672 0.00429214
1 0.812225 0.312854 0.113015 0.113494 0.00415817
2 0.688077 0.436692 0.110656 0.113263 0.00403317
12 0.68658 0.561451 0.110002 0.111663 0.0035646
2 0.688123 0.064397 0.110443 0.113259 0.00348733
1 0.812129 0.436934 0.112895 0.113141 0.00345849
0 0.688055 0.313325 0.111734 0.115507 0.00345795
11 0.687663 0.436608 0.110747 0.112701 0.00311415
3 0.936169 0.685503 0.113292 0.112441 0.00309507
0 0.563609 0.188423 0.111785 0.113126 0.0030593
9 0.191425 0.933656 0.111867 0.113327 0.00305745
1 0.315577 0.313165 0.111681 0.112786 0.00301531
1 0.439798 0.31339 0.111733 0.112994 0.00290295
10 0.315211 0.933769 0.111772 0.113442 0.00285496
5 0.936122 0.0647589 0.112876 0.11413 0.00281206
0 0.688087 0.437278 0.112081 0.114703 0.00279971
1 0.315191 0.0649082 0.111294 0.112137 0.00277982
0 0.688124 0.0649099 0.110915 0.114765 0.00266963
6 0.812062 0.313362 0.112399 0.112691 0.00264883
2 0.688164 0.809357 0.111679 0.112361 0.0026245
10 0.0669536 0.685306 0.113335 0.114464 0.00259041
1 0.191037 0.189258 0.11083 0.111439 0.00255218
7 0.439204 0.0651788 0.112136 0.113398 0.00252516
6 0.811627 0.189621 0.111647 0.112671 0.00248484
3 0.81222 0.809416 0.11243 0.113986 0.0024538
11 0.936656 0.561153 0.111094 0.112701 0.00244821
2 0.936512 0.561237 0.110969 0.112928 0.00241521
2 0.812016 0.189018 0.112378 0.113672 0.00240778
11 0.687882 0.809889 0.111331 0.113464 0.00233998
3 0.811627 0.189621 0.111647 0.112671 0.00232562
6 0.191287 0.189174 0.111385 0.11233 0.00230277
3 0.812062 0.313362 0.112399 0.112691 0.00230186
12 0.439717 0.0647528 0.111513 0.113836 0.00219271
8 0.811509 0.685321 0.111573 0.113522 0.00217335
2 0.936051 0.313821 0.11339 0.113757 0.00217316
9 0.687639 0.0655969 0.112066 0.112649 0.00213725
10 0.0666075 0.93363 0.112332 0.112236 0.00212682
5 0.688162 0.685536 0.113025 0.113918 0.00206845
7 0.315477 0.808966 0.111912 0.112333 0.00205366
3 0.935994 0.189125 0.112562 0.113299 0.00202005
1 0.191272 0.685363 0.112273 0.112146 0.00201817
0 0.688176 0.809948 0.111996 0.113709 0.00201803
2 0.812225 0.312854 0.113015 0.113494 0.00201124
1 0.812134 0.934062 0.112565 0.113866 0.00200747
1 0.688162 0.685536 0.113025 0.113918 0.00200258
11 0.191601 0.933961 0.112218 0.113069 0.00200158
10 0.563283 0.809129 0.111178 0.113478 0.00200079
1 0.563602 0.437907 0.109835 0.111413 0.00198858
2 0.191037 0.189258 0.11083 0.111439 0.00197718
0 0.813072 0.0648691 0.110512 0.110942 0.00193028
7 0.439289 0.685067 0.112132 0.11281 0.00191277
10 0.191001 0.560982 0.11188 0.11352 0.00189924
8 0.688166 0.685749 0.111477 0.11273 0.00185476
11 0.563977 0.312964 0.112722 0.113183 0.00182686
4 0.440204 0.437953 0.111577 0.113657 0.00182529
13 0.439479 0.685323 0.112381 0.112216 0.00179252
11 0.564044 0.934045 0.111694 0.113096 0.00177711
3 0.19077 0.0652204 0.112854 0.112862 0.00175723
5 0.811405 0.685463 0.112911 0.112604 0.00175623
0 0.688025 0.189169 0.111294 0.112774 0.00173247
10 0.0672648 0.0650188 0.112562 0.112961 0.00172191
2 0.936156 0.809877 0.112688 0.111626 0.00169985
7 0.812062 0.313362 0.112399 0.112691 0.00169156
6 0.563789 0.561463 0.111305 0.112783 0.00168396
10 0.563241 0.684949 0.111127 0.112922 0.00166894
2 0.0664947 0.313445 0.114055 0.112809 0.00166811
3 0.936668 0.436779 0.113267 0.113382 0.00166481
2 0.812129 0.436934 0.112895 0.113141 0.00166031
0 0.315477 0.436722 0.111933 0.112343 0.00165536
0 0.0673865 0.31372 0.112489 0.114097 0.00164501
2 0.563503 0.313917 0.112854 0.113826 0.001643
6 0.439983 0.313467 0.111941 0.11305 0.0016346
10 0.812532 0.933871 0.111051 0.112921 0.00161488
2 0.315577 0.313165 0.111681 0.112786 0.0016138
0 0.936254 0.809757 0.112065 0.113072 0.00159364
4 0.315477 0.808966 0.111912 0.112333 0.00158567
10 0.191286 0.809467 0.111851 0.112286 0.001583
3 0.439983 0.313467 0.111941 0.11305 0.00157428
10 0.0662367 0.437605 0.114368 0.112029 0.0015623
0 0.563516 0.0648662 0.111056 0.112276 0.00155708
9 0.936156 0.809877 0.112688 0.111626 0.00154933
11 0.315616 0.933767 0.111947 0.112973 0.00154788
7 0.812532 0.933871 0.111051 0.112921 0.00154536
9 0.0664947 0.313445 0.114055 0.112809 0.00153035
0 0.935668 0.313792 0.114033 0.112848 0.00152848
6 0.811548 0.561109 0.111665 0.113286 0.00152707
6 0.315535 0.685687 0.111555 0.112699 0.00152149
0 0.936526 0.561833 0.11229 0.113538 0.00148767
5 0.191907 0.0645386 0.111472 0.111882 0.00148175
7 0.811627 0.189621 0.111647 0.112671 0.00147963
2 0.315191 0.0649082 0.111294 0.112137 0.00147624
1 0.687916 0.933324 0.112437 0.113057 0.00145842
11 0.688 0.0646612 0.111361 0.113419 0.0014575
11 0.811417 0.0647203 0.111392 0.112775 0.00145655
1 0.439554 0.56084 0.112504 0.113686 0.00145238
5 0.314855 0.313316 0.112295 0.112124 0.00143185
6 0.315833 0.313459 0.112221 0.113218 0.00143028
6 0.440204 0.437953 0.111577 0.113657 0.00142007
8 0.935969 0.685732 0.112276 0.115035 0.0014155
8 0.563516 0.0648662 0.111056 0.112276 0.00140891
0 0.563847 0.933714 0.112586 0.11286 0.0013937
1 0.812266 0.685247 0.112488 0.112796 0.00138083
4 0.439563 0.809442 0.111727 0.112436 0.00136502
5 0.314742 0.809272 0.112204 0.112146 0.00135568
12 0.563614 0.685416 0.111505 0.111758 0.00135471
6 0.811946 0.934403 0.112159 0.113058 0.00135137
2 0.439798 0.31339 0.111733 0.112994 0.00134783
12 0.439114 0.933722 0.111631 0.111897 0.00134223
7 0.0673022 0.80964 0.113158 0.113722 0.00132511
5 0.811622 0.932671 0.112929 0.111125 0.00131531
5 0.811221 0.313037 0.112233 0.112432 0.00131
13 0.811548 0.561109 0.111665 0.113286 0.00129726
12 0.315167 0.560993 0.111458 0.113153 0.00129473
12 0.81141 0.0651195 0.111165 0.11187 0.00128927
2 0.563753 0.934279 0.112286 0.112643 0.0012869
5 0.935884 0.685641 0.113075 0.11426 0.00126699
11 0.936122 0.313102 0.111395 0.114252 0.00124032
1 0.936348 0.685496 0.112998 0.112699 0.00122421
6 0.812156 0.436814 0.11274 0.112836 0.0012234
2 0.812134 0.934062 0.112565 0.113866 0.00121921
0 0.439686 0.809514 0.112117 0.11317 0.0012169
12 0.439469 0.188514 0.111894 0.112458 0.00120008
3 0.563458 0.561176 0.111679 0.113902 0.00119675
6 0.315736 0.0650256 0.112032 0.113511 0.00118556
5 0.314833 0.065073 0.112686 0.112078 0.00118366
8 0.439138 0.561073 0.111795 0.112815 0.00118206
11 0.688132 0.313027 0.111041 0.112154 0.00118048
12 0.563516 0.0648662 0.111056 0.112276 0.00118014
5 0.563557 0.436837 0.111089 0.114008 0.00117297
3 0.31519 0.188783 0.111079 0.112928 0.00116983
8 0.811455 0.0649011 0.110913 0.112471 0.0011653
7 0.812495 0.436365 0.11195 0.112749 0.00114792
11 0.935858 0.934114 0.113172 0.112736 0.00114789
4 0.439587 0.685205 0.111556 0.112786 0.00114731
4 0.0664815 0.189162 0.114241 0.112307 0.00114166
10 0.439472 0.933833 0.111148 0.113307 0.00113518
10 0.0668023 0.561489 0.112409 0.112341 0.00113455
12 0.563835 0.8097 0.111586 0.112091 0.00113293
9 0.936172 0.561415 0.112962 0.112152 0.00113078
10 0.439681 0.437879 0.11111 0.113769 0.00111682
12 0.191297 0.312979 0.11133 0.111724 0.00111358
0 0.563614 0.685416 0.111505 0.111758 0.00111305
8 0.190563 0.437913 0.112945 0.113722 0.00109585
0 0.563835 0.8097 0.111586 0.112091 0.00109266
8 0.563534 0.437337 0.111684 0.112717 0.00109138
4 0.563761 0.189231 0.111942 0.112799 0.00108575
4 0.315144 0.437575 0.112594 0.112853 0.00108416
7 0.315328 0.560984 0.111484 0.113085 0.00108025
1 0.936462 0.0645639 0.113029 0.113966 0.00106781
8 0.935726 0.0653077 0.113067 0.112992 0.00106626
13 0.315266 0.809751 0.11224 0.111786 0.00106584
7 0.687485 0.56109 0.111842 0.113109 0.00106237
12 0.0668947 0.436569 0.112092 0.114215 0.00105975
7 0.191287 0.189174 0.111385 0.11233 0.00105607
11 0.563546 0.0646597 0.111251 0.112064 0.00104654
3 0.812156 0.436814 0.11274 0.112836 0.00104361
7 0.315707 0.0649425 0.112434 0.112335 0.00103943
3 0.315833 0.313459 0.112221 0.113218 0.00103454
9 0.190994 0.437045 0.111194 0.111897 0.0010343
10 0.190913 0.313436 0.111241 0.112368 0.00102944
11 0.936378 0.809896 0.111909 0.113007 0.00101977
