4 0.439536 0.80905 0.111874 0.1126 0.985769
6 0.439713 0.934043 0.111948 0.113808 0.98566
9 0.314932 0.685414 0.11176 0.111608 0.985162
4 0.563532 0.933913 0.111743 0.113886 0.984969
10 0.0671876 0.685318 0.113018 0.112283 0.984833
9 0.439352 0.685428 0.111544 0.111447 0.984683
7 0.936256 0.933908 0.11223 0.111537 0.98464
11 0.687535 0.93415 0.112726 0.113675 0.984586
10 0.315936 0.933765 0.112267 0.112559 0.984454
5 0.0667609 0.93466 0.113647 0.114773 0.984012
12 0.192031 0.933669 0.110711 0.112727 0.983602
10 0.314797 0.0650856 0.112439 0.112209 0.983435
1 0.191527 0.809475 0.111437 0.112015 0.983404
9 0.06701 0.313221 0.113215 0.112025 0.983313
6 0.811679 0.933672 0.111949 0.11276 0.983298
7 0.315585 0.437641 0.113062 0.111682 0.983243
8 0.439191 0.0648213 0.112035 0.113516 0.98314
8 0.191374 0.561331 0.111637 0.112786 0.983057
11 0.687482 0.809632 0.112433 0.112875 0.982956
5 0.191514 0.313923 0.11188 0.1128 0.982942
4 0.936508 0.809697 0.112659 0.111937 0.982925
7 0.315373 0.56168 0.112867 0.111481 0.982841
8 0.191045 0.437617 0.111968 0.113203 0.982705
13 0.315221 0.313334 0.11304 0.112133 0.982665
8 0.688029 0.0652335 0.111791 0.113708 0.982197
7 0.812484 0.80993 0.11246 0.111846 0.981967
12 0.0670473 0.437429 0.112246 0.112299 0.981851
12 0.0674412 0.561522 0.111931 0.112068 0.981774
0 0.315627 0.809633 0.111832 0.112044 0.981289
7 0.936345 0.685598 0.111967 0.111322 0.980709
5 0.563777 0.685686 0.111251 0.112567 0.980664
1 0.314984 0.18891 0.112125 0.111804 0.98063
2 0.191135 0.0647467 0.111056 0.112327 0.980579
7 0.439307 0.437853 0.112286 0.112548 0.980404
9 0.935683 0.0651432 0.112613 0.113246 0.980264
0 0.190989 0.189013 0.112596 0.112344 0.980141
2 0.0671125 0.188769 0.112227 0.113884 0.980111
11 0.563289 0.31305 0.111814 0.113829 0.979794
9 0.687743 0.313579 0.111866 0.111582 0.979716
10 0.563813 0.561332 0.112661 0.112839 0.979715
9 0.563516 0.437337 0.112096 0.111931 0.979399
0 0.19092 0.68516 0.112639 0.112021 0.979359
3 0.439619 0.561387 0.112663 0.112638 0.979342
3 0.439261 0.189217 0.112652 0.112331 0.979073
6 0.688347 0.561493 0.112698 0.112796 0.979031
1 0.56344 0.189096 0.112078 0.112858 0.979025
4 0.688223 0.437114 0.113021 0.112687 0.979022
9 0.811928 0.68596 0.112323 0.112564 0.979017
0 0.563886 0.809254 0.111985 0.113558 0.978983
1 0.81212 0.437052 0.113062 0.112834 0.978941
2 0.439299 0.31322 0.111572 0.11113 0.978862
1 0.811998 0.188814 0.112716 0.112696 0.978692
0 0.811924 0.561328 0.112193 0.11277 0.978632
0 0.687744 0.685449 0.112127 0.1128 0.978564
7 0.687657 0.189371 0.112485 0.111868 0.978493
12 0.936046 0.312861 0.112988 0.112382 0.978416
8 0.812112 0.312937 0.112274 0.112878 0.9783
5 0.936166 0.188563 0.112852 0.112547 0.978188
2 0.936249 0.561576 0.113046 0.113784 0.97799
0 0.563721 0.0650762 0.111879 0.112568 0.977701
0 0.0670568 0.0648477 0.110878 0.11218 0.977211
0 0.8119 0.0649232 0.111751 0.112845 0.977116
3 0.93579 0.437647 0.111245 0.112291 0.97707
0 0.0669809 0.809453 0.112421 0.112627 0.976851
8 0.688363 0.93303 0.112971 0.1133 0.0162669
10 0.935431 0.188459 0.111468 0.112105 0.0147344
1 0.066669 0.0640639 0.112943 0.112852 0.0107202
2 0.688276 0.0647127 0.111562 0.112076 0.00913035
5 0.56343 0.313143 0.111593 0.113045 0.00696045
12 0.811566 0.809957 0.112569 0.113383 0.00684359
1 0.0670035 0.809405 0.112686 0.112353 0.00629551
9 0.936819 0.436516 0.111504 0.112608 0.0054881
1 0.563631 0.0644936 0.110847 0.113343 0.00525564
2 0.811528 0.312793 0.111097 0.112869 0.0050886
5 0.687913 0.809821 0.112385 0.112266 0.00470324
6 0.439722 0.438078 0.112823 0.11189 0.00455755
0 0.688116 0.3136 0.11141 0.112164 0.00450892
3 0.812291 0.93348 0.111803 0.113442 0.00442691
2 0.19104 0.437607 0.111833 0.112131 0.00410903
12 0.316048 0.438027 0.110769 0.113085 0.0040236
6 0.315739 0.438065 0.11259 0.111399 0.00385579
2 0.191369 0.561177 0.112538 0.112361 0.00384022
1 0.688263 0.437441 0.112549 0.112647 0.00383294
10 0.688159 0.809032 0.11142 0.112277 0.00368373
12 0.439963 0.43804 0.111068 0.11308 0.00367256
10 0.688039 0.933608 0.111797 0.113368 0.00359731
12 0.686774 0.189561 0.109986 0.112692 0.00353767
0 0.813132 0.686017 0.110381 0.111958 0.00336192
2 0.439358 0.0650212 0.112753 0.112153 0.00332294
6 0.811534 0.809651 0.113167 0.113278 0.00332265
9 0.43976 0.561016 0.112112 0.11276 0.00331041
1 0.687828 0.685289 0.112314 0.111815 0.00330185
12 0.936076 0.685807 0.111745 0.113325 0.0032115
12 0.315733 0.561285 0.111177 0.11267 0.00319404
12 0.687701 0.313537 0.111697 0.11182 0.00309494
3 0.688156 0.313687 0.11223 0.112832 0.00302597
1 0.563243 0.933329 0.111815 0.113341 0.00299208
1 0.812282 0.0643128 0.11087 0.113038 0.0029918
3 0.440093 0.933864 0.11186 0.113142 0.00295449
0 0.563864 0.438056 0.113311 0.114021 0.00292099
1 0.4391 0.313502 0.111711 0.111836 0.00275246
0 0.812286 0.188801 0.112542 0.113309 0.00274956
1 0.811978 0.560896 0.112472 0.112261 0.00272536
12 0.563658 0.438049 0.111013 0.113105 0.00265952
12 0.43946 0.189081 0.111471 0.112258 0.00265328
0 0.190807 0.438097 0.111799 0.114275 0.00261962
2 0.936788 0.809681 0.11238 0.113431 0.00257287
12 0.935842 0.437426 0.111688 0.112871 0.00257032
0 0.812199 0.436446 0.113066 0.11233 0.0024639
0 0.563584 0.188758 0.111784 0.113036 0.00243909
1 0.936169 0.561534 0.112778 0.113185 0.00236464
1 0.191236 0.685201 0.1117 0.112394 0.00229773
12 0.93589 0.933802 0.11215 0.112379 0.00228456
3 0.811892 0.685871 0.112007 0.112056 0.00228216
6 0.935987 0.68546 0.111234 0.113042 0.00227704
11 0.0667609 0.93466 0.113647 0.114773 0.00225523
4 0.439963 0.43804 0.111068 0.11308 0.00216084
1 0.439872 0.809762 0.112625 0.112121 0.00215608
0 0.0674017 0.313478 0.11315 0.112258 0.00211855
3 0.688584 0.561246 0.111037 0.111466 0.00210825
12 0.936132 0.0645224 0.112952 0.112556 0.00209893
1 0.563909 0.809293 0.1118 0.11259 0.0020615
1 0.936788 0.809681 0.11238 0.113431 0.00192033
4 0.316048 0.438027 0.110769 0.113085 0.00191974
4 0.563733 0.561679 0.112118 0.111986 0.00191775
7 0.439455 0.809637 0.112398 0.112629 0.00186629
2 0.563532 0.933913 0.111743 0.113886 0.00176812
4 0.688142 0.18949 0.113079 0.113677 0.00175819
6 0.688111 0.189219 0.112956 0.114098 0.00174746
2 0.439491 0.809772 0.112128 0.112758 0.00170162
12 0.812613 0.685666 0.112383 0.112757 0.00170124
12 0.067516 0.313453 0.112647 0.112616 0.00168515
1 0.0668191 0.188778 0.112205 0.112917 0.00168164
1 0.191152 0.064516 0.111493 0.113057 0.0015661
7 0.936508 0.809697 0.112659 0.111937 0.00156547
0 0.813018 0.313713 0.111962 0.114927 0.00154289
4 0.936221 0.93355 0.112165 0.112702 0.00154232
10 0.191075 0.313178 0.11133 0.111736 0.0015189
4 0.315404 0.189276 0.112256 0.113357 0.00148232
5 0.687841 0.934248 0.113105 0.113119 0.00147728
7 0.688584 0.561246 0.111037 0.111466 0.00147503
4 0.811908 0.189318 0.111842 0.112276 0.00147407
10 0.0663352 0.934257 0.113865 0.113488 0.0014389
4 0.56378 0.189491 0.111794 0.112805 0.00139856
3 0.563496 0.437369 0.110982 0.111826 0.00139021
4 0.191527 0.809475 0.111437 0.112015 0.00136083
7 0.687807 0.437691 0.111608 0.112073 0.00133376
0 0.688262 0.0649396 0.112112 0.113433 0.00133145
3 0.0662307 0.189062 0.113016 0.11238 0.00132778
8 0.811449 0.686101 0.111962 0.112775 0.00132421
6 0.935895 0.933528 0.111339 0.11231 0.00131069
4 0.812643 0.809077 0.112684 0.112192 0.00129954
4 0.936345 0.685598 0.111967 0.111322 0.0012954
12 0.439228 0.561154 0.111572 0.112285 0.00129038
1 0.688292 0.561477 0.111399 0.113528 0.00127577
2 0.688263 0.437441 0.112549 0.112647 0.00127536
1 0.315607 0.80955 0.111832 0.112789 0.00126865
10 0.563465 0.313384 0.112427 0.112414 0.00126618
8 0.688159 0.809032 0.11142 0.112277 0.00125996
1 0.439556 0.561337 0.112222 0.112492 0.00124774
3 0.936152 0.561363 0.112376 0.111703 0.00123909
3 0.43979 0.313643 0.112248 0.113042 0.00122883
11 0.935812 0.188918 0.113173 0.113367 0.00120823
6 0.192031 0.933669 0.110711 0.112727 0.0012076
10 0.315057 0.313302 0.111794 0.112651 0.00120555
12 0.440046 0.685597 0.112667 0.112668 0.00119884
0 0.31513 0.18917 0.112055 0.113077 0.0011804
8 0.936152 0.561363 0.112376 0.111703 0.00117894
12 0.315633 0.685583 0.112393 0.112774 0.00117081
4 0.315499 0.561706 0.111912 0.112088 0.00116836
4 0.812305 0.437417 0.111938 0.112818 0.00116373
4 0.191508 0.313427 0.111825 0.112353 0.00114509
0 0.191333 0.809378 0.111926 0.112681 0.00113501
5 0.0666574 0.18856 0.11245 0.112644 0.001131
12 0.315562 0.313427 0.110728 0.111917 0.00112881
11 0.811528 0.312793 0.111097 0.112869 0.00110809
10 0.563819 0.685295 0.112624 0.112633 0.00106495
8 0.067516 0.313453 0.112647 0.112616 0.0010248
3 0.190752 0.0646373 0.112893 0.112768 0.00100592
5 0.93642 0.809648 0.112829 0.111771 0.00100102
