3 0.0671672 0.685521 0.112456 0.113142 0.986687
12 0.563868 0.809435 0.11125 0.112468 0.985563
9 0.314953 0.064974 0.11173 0.112248 0.985404
12 0.43974 0.685295 0.111563 0.112137 0.985328
9 0.0669755 0.561527 0.112425 0.112519 0.98497
12 0.936311 0.80949 0.111521 0.111279 0.984937
7 0.0663071 0.933986 0.113486 0.113161 0.984737
7 0.191039 0.437946 0.111957 0.11188 0.984391
11 0.563586 0.93406 0.111403 0.112853 0.984358
2 0.563228 0.0654508 0.111036 0.112468 0.984228
12 0.439704 0.0650132 0.110624 0.112052 0.984099
11 0.315367 0.933986 0.111561 0.112441 0.984018
2 0.0672377 0.809477 0.113054 0.113197 0.983666
9 0.315444 0.313173 0.112773 0.112837 0.983521
13 0.4394 0.933897 0.111605 0.112711 0.983451
5 0.191135 0.188856 0.111724 0.111616 0.983374
9 0.0671143 0.0646711 0.113718 0.112925 0.983318
7 0.68799 0.933756 0.111448 0.11259 0.983261
7 0.315231 0.437821 0.112277 0.112385 0.983258
6 0.0669006 0.437606 0.113084 0.112775 0.982955
10 0.563761 0.685367 0.11099 0.111421 0.982845
1 0.439577 0.809701 0.112168 0.112863 0.982805
12 0.0669983 0.188835 0.112263 0.111442 0.982541
10 0.0674781 0.313406 0.112262 0.111676 0.982392
6 0.687713 0.80962 0.111353 0.113097 0.982364
10 0.811995 0.934272 0.112761 0.112277 0.982208
0 0.191276 0.685374 0.112009 0.111573 0.981943
7 0.812344 0.0652298 0.112268 0.112407 0.98182
11 0.93569 0.934075 0.113063 0.112156 0.981672
10 0.439555 0.561201 0.112474 0.110769 0.981567
2 0.19132 0.0647347 0.111379 0.112258 0.981371
5 0.687573 0.0656066 0.110364 0.111867 0.981209
2 0.315032 0.189229 0.11302 0.112484 0.981149
11 0.31543 0.56114 0.112346 0.112158 0.981078
11 0.191151 0.312973 0.112476 0.112553 0.980765
2 0.19115 0.561478 0.11204 0.111451 0.980685
6 0.439599 0.188784 0.111739 0.112578 0.980175
7 0.563456 0.189224 0.11105 0.111252 0.980158
11 0.191285 0.809351 0.112351 0.111855 0.980152
10 0.935834 0.0656785 0.112639 0.112615 0.979612
13 0.936506 0.685308 0.112545 0.111417 0.97939
11 0.81196 0.80952 0.111983 0.112444 0.979355
9 0.811469 0.313334 0.111897 0.111581 0.979274
13 0.68741 0.189054 0.11212 0.112242 0.97927
12 0.439922 0.437354 0.112296 0.111826 0.979216
10 0.688044 0.312792 0.112307 0.112663 0.979089
8 0.31521 0.685476 0.112493 0.112031 0.979014
8 0.191259 0.933651 0.112449 0.112079 0.978947
8 0.315158 0.809683 0.112903 0.112167 0.978911
12 0.563831 0.561497 0.112019 0.111801 0.978903
11 0.563428 0.312926 0.111742 0.113417 0.978881
11 0.563709 0.437266 0.111852 0.113213 0.978817
9 0.812154 0.437112 0.111997 0.112496 0.97857
1 0.936296 0.561267 0.114028 0.113159 0.978549
10 0.812383 0.685204 0.112454 0.112263 0.97845
9 0.81227 0.561617 0.112074 0.112153 0.978358
11 0.687782 0.437236 0.112407 0.113466 0.978207
12 0.936125 0.312524 0.112486 0.111984 0.978187
8 0.439297 0.313356 0.11235 0.112389 0.978027
7 0.687984 0.561698 0.112381 0.112399 0.977994
11 0.811979 0.188617 0.112359 0.113192 0.977969
8 0.688031 0.685379 0.11228 0.112945 0.977923
5 0.936374 0.188501 0.112773 0.112216 0.97759
7 0.936392 0.437615 0.111254 0.111714 0.977081
2 0.314989 0.685571 0.112105 0.112237 0.00728181
12 0.81156 0.0650549 0.111597 0.112364 0.00655937
2 0.688202 0.68506 0.111642 0.112027 0.00584365
2 0.439399 0.313029 0.111311 0.112493 0.00531414
2 0.315204 0.809749 0.112507 0.112408 0.00525343
5 0.191427 0.313389 0.112481 0.110285 0.00515762
10 0.935717 0.188672 0.111304 0.111738 0.00505476
12 0.687497 0.188816 0.111666 0.111744 0.0045997
10 0.811508 0.18872 0.111085 0.111995 0.00458936
10 0.935815 0.934026 0.11047 0.111932 0.0045861
3 0.688425 0.809064 0.11088 0.112086 0.00433452
5 0.564325 0.437962 0.113607 0.111789 0.00407226
3 0.19116 0.56139 0.112951 0.111945 0.00402246
5 0.688038 0.436921 0.112131 0.112323 0.00365135
12 0.936133 0.437158 0.112928 0.113905 0.00353027
0 0.813105 0.561913 0.111745 0.111686 0.0035185
3 0.81203 0.561747 0.112051 0.111795 0.00349057
10 0.56382 0.93406 0.110805 0.113162 0.00315342
12 0.812259 0.313464 0.110775 0.111821 0.00315144
5 0.811625 0.189562 0.111927 0.112133 0.00308351
7 0.688215 0.809302 0.112941 0.113441 0.00305333
0 0.813093 0.437603 0.111201 0.112381 0.0030262
9 0.687471 0.437474 0.110997 0.11197 0.00299769
3 0.811989 0.437428 0.112121 0.112371 0.00295074
10 0.811622 0.809403 0.1095 0.111252 0.0029035
5 0.811971 0.809697 0.112154 0.111807 0.00280176
6 0.56392 0.561346 0.11137 0.111351 0.00279586
12 0.812841 0.561309 0.111201 0.112238 0.00278769
2 0.68814 0.0650193 0.112298 0.111857 0.00277201
5 0.563683 0.312636 0.111336 0.11265 0.00266913
3 0.439415 0.189064 0.111272 0.112812 0.00264559
10 0.315624 0.561052 0.112145 0.112095 0.00263865
10 0.191021 0.437947 0.110803 0.112498 0.00247213
0 0.936493 0.560781 0.113317 0.112072 0.00245873
10 0.935817 0.685022 0.1108 0.111534 0.00245575
5 0.93569 0.934075 0.113063 0.112156 0.00244503
8 0.563991 0.933181 0.112432 0.1128 0.00240956
10 0.191001 0.313386 0.111378 0.111756 0.00238595
12 0.06737 0.561196 0.111801 0.113584 0.00237515
10 0.688077 0.436748 0.111771 0.112249 0.00235612
0 0.813034 0.313672 0.112147 0.112966 0.00231246
3 0.066496 0.809471 0.11505 0.112773 0.00227654
10 0.564059 0.436836 0.111639 0.11216 0.00225082
4 0.191389 0.438018 0.110513 0.112644 0.00222552
4 0.812488 0.685292 0.110433 0.112102 0.00216953
3 0.813028 0.312951 0.112219 0.111858 0.00216075
12 0.812746 0.436665 0.11116 0.11168 0.00215811
12 0.68679 0.562055 0.110831 0.112492 0.00214939
4 0.688243 0.313371 0.112129 0.113304 0.00213095
5 0.563914 0.934173 0.112163 0.113142 0.00212299
0 0.315524 0.313652 0.112286 0.111904 0.00206761
4 0.563937 0.188879 0.111355 0.112725 0.00201632
5 0.191821 0.0651071 0.110823 0.110894 0.00200697
2 0.190996 0.933907 0.111953 0.11283 0.00198248
4 0.688291 0.933181 0.112425 0.111828 0.00197586
4 0.31573 0.437967 0.11091 0.11263 0.00196506
8 0.811521 0.809235 0.110607 0.110996 0.00195547
11 0.688111 0.0652231 0.112868 0.113515 0.00190897
12 0.315682 0.313617 0.112388 0.112289 0.00190691
1 0.191193 0.685265 0.111803 0.112184 0.00186529
9 0.811521 0.809235 0.110607 0.110996 0.00186495
13 0.811656 0.933611 0.112344 0.112086 0.00182476
6 0.68679 0.562055 0.110831 0.112492 0.0018174
7 0.688093 0.189058 0.112631 0.112428 0.00179898
1 0.563504 0.0649264 0.111594 0.112956 0.00176516
10 0.68831 0.933168 0.113363 0.113865 0.00170982
3 0.0665459 0.437266 0.113862 0.112058 0.00170473
12 0.935758 0.685626 0.111005 0.111905 0.00169466
13 0.81164 0.0647044 0.11167 0.112385 0.00167582
7 0.0671154 0.438185 0.113013 0.113224 0.00166526
12 0.315511 0.0649162 0.113059 0.112354 0.0016398
11 0.936506 0.685308 0.112545 0.111417 0.00159013
6 0.936143 0.436951 0.112201 0.113773 0.00155647
7 0.0676067 0.313591 0.113115 0.111695 0.00154846
5 0.563531 0.0652603 0.112242 0.112158 0.00154663
5 0.31562 0.562 0.111859 0.112421 0.00154628
6 0.811532 0.0649429 0.113073 0.111795 0.00150162
10 0.190916 0.189355 0.112013 0.112215 0.00149508
8 0.688146 0.43717 0.11214 0.114039 0.00147712
0 0.6882 0.685427 0.111748 0.112958 0.00147696
6 0.56381 0.809274 0.111007 0.112028 0.00146954
13 0.936189 0.313249 0.110289 0.112212 0.00146112
5 0.191162 0.809486 0.110896 0.110942 0.00144347
4 0.688231 0.561741 0.111617 0.112171 0.00144317
12 0.686843 0.933786 0.111026 0.111513 0.00144229
12 0.0672371 0.0648167 0.113334 0.113148 0.00143496
4 0.0676821 0.313081 0.112766 0.113068 0.00140648
10 0.315217 0.43789 0.1107 0.112192 0.00140172
6 0.31573 0.437967 0.11091 0.11263 0.00139095
4 0.439652 0.809543 0.111477 0.112218 0.00137719
6 0.440134 0.685295 0.111388 0.111648 0.00137303
3 0.190692 0.0649783 0.112518 0.112421 0.0013704
11 0.811666 0.685071 0.11244 0.112694 0.00136826
5 0.191286 0.561291 0.11137 0.111071 0.00136734
13 0.686962 0.933587 0.113678 0.112405 0.00136548
10 0.191456 0.809584 0.111783 0.111842 0.00136254
3 0.68814 0.0650193 0.112298 0.111857 0.0013543
4 0.812554 0.933879 0.110805 0.112583 0.00135277
7 0.811743 0.933355 0.112559 0.111947 0.00135275
12 0.935834 0.0656785 0.112639 0.112615 0.0013486
1 0.315212 0.189341 0.112143 0.111508 0.00133891
6 0.43972 0.43751 0.111446 0.111711 0.00133523
12 0.564292 0.685067 0.11095 0.110824 0.00132411
0 0.43975 0.313633 0.111199 0.111373 0.00131622
3 0.314861 0.189124 0.112473 0.112859 0.00128459
1 0.191403 0.561289 0.112405 0.112497 0.00127972
4 0.0663071 0.933986 0.113486 0.113161 0.00127194
5 0.315367 0.933986 0.111561 0.112441 0.001255
1 0.0671219 0.809657 0.113852 0.112032 0.00125104
10 0.315537 0.934358 0.111888 0.113372 0.00124905
10 0.439711 0.933546 0.111438 0.11131 0.00124744
10 0.563817 0.313709 0.111747 0.112371 0.00123409
4 0.93675 0.436807 0.111759 0.111928 0.00123337
9 0.936189 0.313249 0.110289 0.112212 0.00123337
0 0.0671739 0.0648542 0.113253 0.113427 0.00123306
12 0.68826 0.3129 0.111869 0.112398 0.00122827
5 0.688197 0.313275 0.112414 0.112854 0.00122275
4 0.563761 0.685367 0.11099 0.111421 0.0012213
12 0.811962 0.685721 0.112529 0.111217 0.0012202
13 0.936315 0.0650407 0.111405 0.111485 0.0011957
5 0.811744 0.685564 0.11215 0.112255 0.00119526
6 0.190949 0.438051 0.111724 0.111643 0.00117907
3 0.563509 0.0648216 0.110733 0.112977 0.00117865
9 0.191359 0.809712 0.111681 0.11216 0.00116791
4 0.936493 0.560781 0.113317 0.112072 0.00116679
12 0.191112 0.436627 0.110967 0.110448 0.00115782
11 0.811743 0.933355 0.112559 0.111947 0.00115282
13 0.811592 0.685273 0.112314 0.112847 0.00115263
7 0.688243 0.313371 0.112129 0.113304 0.00114126
10 0.936566 0.312986 0.111149 0.112046 0.00113331
12 0.811995 0.934272 0.112761 0.112277 0.00112975
8 0.811453 0.313285 0.111455 0.112741 0.00109504
5 0.31488 0.189066 0.111959 0.111863 0.00108809
9 0.563362 0.43772 0.111356 0.11188 0.00108473
1 0.191135 0.0649924 0.111917 0.111292 0.001077
5 0.813151 0.933262 0.111706 0.112731 0.00107398
11 0.315186 0.685264 0.112295 0.111495 0.00106721
6 0.936047 0.809307 0.111743 0.115006 0.0010665
4 0.439868 0.561324 0.111662 0.111498 0.00106218
0 0.06737 0.561196 0.111801 0.113584 0.00105705
3 0.06737 0.561196 0.111801 0.113584 0.00105166
10 0.68739 0.0650889 0.111363 0.111651 0.00105132
13 0.563535 0.685381 0.111449 0.111543 0.00104883
0 0.439831 0.809583 0.111973 0.112887 0.00103541
0 0.315437 0.0649608 0.112694 0.112407 0.00102766
1 0.0671451 0.685696 0.11261 0.112892 0.00101321
