4 0.315675 0.80899 0.11175 0.112303 0.986669
4 0.564 0.809465 0.111464 0.112689 0.985349
4 0.563689 0.933972 0.112773 0.114505 0.984898
11 0.9356 0.934092 0.11346 0.112746 0.984718
9 0.439242 0.685273 0.111098 0.111131 0.984639
9 0.191424 0.685206 0.111568 0.112611 0.984466
4 0.439634 0.809004 0.112106 0.112897 0.984271
5 0.687833 0.934191 0.111183 0.113754 0.98401
9 0.315704 0.685574 0.111501 0.112533 0.983987
3 0.563113 0.0653105 0.110805 0.112382 0.983838
6 0.0672989 0.561297 0.112957 0.111674 0.983511
11 0.0670388 0.809605 0.113849 0.113043 0.983411
0 0.439928 0.93366 0.1112 0.112813 0.983402
11 0.315374 0.934069 0.112323 0.113235 0.983319
4 0.191518 0.189214 0.112371 0.112135 0.983176
5 0.315906 0.314104 0.11208 0.112448 0.983057
1 0.0670106 0.685687 0.112603 0.111844 0.982954
3 0.0667449 0.0650272 0.113235 0.113347 0.982816
9 0.0668176 0.313238 0.113313 0.111957 0.982733
5 0.936044 0.685458 0.111976 0.111399 0.982704
10 0.192389 0.0649239 0.113045 0.112772 0.982488
9 0.19143 0.561788 0.111627 0.111685 0.982356
1 0.0667963 0.437923 0.112996 0.111978 0.982301
9 0.687602 0.809534 0.111323 0.11186 0.982272
7 0.439789 0.437449 0.112234 0.111389 0.982167
11 0.191151 0.437664 0.112 0.11239 0.982024
13 0.315797 0.189398 0.113468 0.112356 0.98191
12 0.191446 0.933413 0.110902 0.113189 0.981792
7 0.191557 0.809293 0.111755 0.111946 0.981731
2 0.439566 0.0647093 0.112632 0.113596 0.981713
1 0.936358 0.809315 0.113477 0.113157 0.981526
1 0.811961 0.933582 0.11208 0.11298 0.981358
1 0.0664664 0.189432 0.112759 0.112116 0.981242
0 0.3156 0.561255 0.111691 0.111741 0.981148
12 0.812369 0.80933 0.111473 0.113073 0.981136
7 0.439511 0.189389 0.113232 0.112643 0.981131
1 0.315609 0.437648 0.112085 0.111191 0.981022
1 0.191525 0.313239 0.111176 0.111044 0.980745
8 0.935953 0.0648985 0.114357 0.115303 0.980268
1 0.0670805 0.934278 0.114132 0.114137 0.980134
5 0.935793 0.18902 0.111673 0.111228 0.980122
0 0.810935 0.0653222 0.11133 0.112166 0.979752
0 0.315581 0.0645245 0.111292 0.112932 0.979662
11 0.439663 0.561208 0.112761 0.112176 0.979559
11 0.687757 0.436993 0.111757 0.112739 0.979342
11 0.439694 0.313095 0.111779 0.112507 0.979214
1 0.5637 0.437126 0.111619 0.111839 0.979159
9 0.563785 0.561495 0.1112 0.112357 0.979084
7 0.68715 0.189459 0.111771 0.111179 0.979058
1 0.563854 0.685241 0.111955 0.111805 0.978926
12 0.935776 0.437016 0.112969 0.11178 0.978919
3 0.687427 0.685705 0.111445 0.111102 0.978807
5 0.687273 0.31284 0.112165 0.111944 0.978762
12 0.68757 0.561636 0.112342 0.112118 0.978548
2 0.563515 0.189275 0.111086 0.112808 0.978446
2 0.687361 0.0646149 0.111876 0.112523 0.978358
2 0.811256 0.31299 0.112243 0.112722 0.978309
0 0.562938 0.314022 0.110862 0.111652 0.978255
2 0.812061 0.437118 0.111716 0.112654 0.978163
11 0.935849 0.312675 0.114125 0.113765 0.978078
6 0.812323 0.685448 0.113008 0.111953 0.977998
7 0.811999 0.56167 0.111837 0.112082 0.977827
6 0.811829 0.188866 0.112781 0.112439 0.977647
3 0.936148 0.561627 0.111689 0.11193 0.977627
5 0.439534 0.313334 0.111364 0.111792 0.0155992
10 0.935038 0.188772 0.111239 0.111258 0.0140512
12 0.686573 0.189363 0.110953 0.111992 0.00708731
5 0.0671299 0.809563 0.115165 0.113246 0.00668075
10 0.935517 0.684912 0.111516 0.111902 0.006227
12 0.811265 0.56161 0.111612 0.112176 0.00579812
3 0.812409 0.685365 0.112827 0.112576 0.00575328
11 0.688321 0.933441 0.11181 0.112941 0.00552522
1 0.811623 0.437893 0.109172 0.111154 0.0050674
5 0.43976 0.561676 0.112189 0.112467 0.00486622
2 0.935437 0.0651823 0.11391 0.114417 0.0045356
3 0.0669756 0.560819 0.113455 0.112488 0.00436467
11 0.686516 0.313111 0.112847 0.110956 0.00427587
8 0.68814 0.0648408 0.110745 0.113084 0.00423317
6 0.440417 0.437974 0.110612 0.112781 0.00417461
12 0.440256 0.436707 0.11106 0.111297 0.003761
5 0.688027 0.437038 0.111598 0.111996 0.0036514
0 0.812007 0.933961 0.111421 0.112581 0.00359377
3 0.811249 0.189155 0.112667 0.112474 0.00350452
0 0.688333 0.809639 0.1125 0.111911 0.00345139
2 0.688337 0.932948 0.112017 0.113736 0.00326129
12 0.688283 0.809636 0.111736 0.111119 0.00324385
1 0.563285 0.933448 0.112787 0.11424 0.0031448
6 0.687906 0.561551 0.111076 0.111079 0.00305434
9 0.688272 0.68586 0.111724 0.11068 0.00304822
1 0.688133 0.0644776 0.112941 0.112203 0.00294417
1 0.811062 0.313425 0.110762 0.111451 0.00279831
1 0.563852 0.80876 0.111072 0.112699 0.00276252
3 0.688333 0.809639 0.1125 0.111911 0.00272518
12 0.19185 0.561407 0.110781 0.112398 0.0027183
10 0.93592 0.933881 0.112278 0.11058 0.00265803
1 0.191518 0.189214 0.112371 0.112135 0.00260896
1 0.563605 0.312793 0.111006 0.112372 0.00255298
6 0.686548 0.189532 0.112565 0.111943 0.00253317
0 0.563718 0.436843 0.11169 0.1121 0.00248501
8 0.686631 0.436864 0.111578 0.112948 0.00247822
12 0.316068 0.685653 0.112302 0.112559 0.00246831
9 0.0660941 0.06503 0.11449 0.112657 0.00244265
0 0.936467 0.809281 0.113034 0.113386 0.00239836
1 0.563576 0.189157 0.111309 0.111972 0.00238569
3 0.811241 0.313626 0.111171 0.11197 0.00234093
12 0.315465 0.189175 0.111474 0.111599 0.0023334
4 0.440417 0.437974 0.110612 0.112781 0.00228156
1 0.315581 0.0645245 0.111292 0.112932 0.00219586
7 0.191666 0.189244 0.112182 0.112621 0.00218152
5 0.935947 0.93397 0.113602 0.113603 0.00216722
6 0.191555 0.933465 0.110251 0.113592 0.00216028
6 0.81119 0.561411 0.111875 0.112047 0.0021343
12 0.564166 0.561192 0.111694 0.112271 0.00211295
9 0.686631 0.436864 0.111578 0.112948 0.00209238
10 0.191402 0.436525 0.111182 0.112258 0.0020894
0 0.191255 0.313567 0.110752 0.111817 0.00207018
0 0.0673871 0.313468 0.113545 0.112564 0.0020547
1 0.439915 0.0645642 0.111838 0.113695 0.00199117
10 0.688036 0.436701 0.111396 0.111852 0.00197502
1 0.81151 0.0644642 0.110928 0.113025 0.00193519
0 0.0664144 0.189328 0.11193 0.111816 0.00193483
10 0.439904 0.561293 0.112108 0.113566 0.00191812
2 0.564 0.809465 0.111464 0.112689 0.00190354
1 0.439634 0.809004 0.112106 0.112897 0.00189378
3 0.564166 0.561192 0.111694 0.112271 0.00186867
2 0.563689 0.933972 0.112773 0.114505 0.00184822
10 0.936236 0.313128 0.114137 0.113319 0.00184803
2 0.439685 0.809595 0.112619 0.113004 0.00184375
0 0.315608 0.437845 0.111862 0.111864 0.00179924
12 0.0675059 0.313443 0.112843 0.112853 0.0017817
1 0.315997 0.809683 0.112369 0.112089 0.00174533
12 0.439409 0.189296 0.112315 0.112088 0.0017368
8 0.810797 0.312641 0.112376 0.113366 0.00172834
3 0.0666947 0.188622 0.112581 0.112412 0.00172608
0 0.066219 0.436706 0.114464 0.111297 0.00172475
2 0.688272 0.68586 0.111724 0.11068 0.00168924
0 0.563735 0.561567 0.111141 0.111058 0.00167484
4 0.811241 0.313626 0.111171 0.11197 0.00165328
6 0.812559 0.808938 0.110853 0.112321 0.00161067
4 0.564175 0.685382 0.111211 0.111018 0.00159996
12 0.935976 0.561404 0.110848 0.111981 0.00159626
1 0.315783 0.561198 0.112195 0.112263 0.00158211
12 0.687578 0.68533 0.111468 0.11203 0.00157484
0 0.564119 0.68509 0.111146 0.111315 0.00155661
0 0.0665955 0.68497 0.113022 0.112675 0.00155622
5 0.686593 0.0646042 0.112462 0.111544 0.00153715
4 0.563996 0.43731 0.111536 0.111323 0.0015112
3 0.812339 0.437594 0.111673 0.111926 0.00149885
5 0.315959 0.934011 0.114039 0.114383 0.00147978
8 0.811291 0.436696 0.111055 0.112939 0.00145517
3 0.68769 0.56111 0.111794 0.112708 0.00143264
7 0.439622 0.809459 0.112518 0.112541 0.00140533
5 0.935424 0.313492 0.113488 0.113092 0.00138771
5 0.19108 0.43713 0.11242 0.11272 0.00138682
13 0.935514 0.933975 0.113556 0.113667 0.00138378
4 0.191604 0.809432 0.111305 0.111601 0.00138069
2 0.191078 0.189269 0.111083 0.111862 0.00134082
10 0.68756 0.933789 0.111583 0.111898 0.00132412
2 0.31563 0.809702 0.112416 0.112448 0.00131682
13 0.0668707 0.809258 0.113901 0.112151 0.00130588
0 0.19127 0.561636 0.110835 0.110316 0.00130478
2 0.686507 0.313009 0.113833 0.111305 0.00130078
13 0.440417 0.436746 0.110728 0.112935 0.00127206
7 0.811249 0.189155 0.112667 0.112474 0.00127147
8 0.315739 0.934066 0.112766 0.114119 0.00126927
0 0.935878 0.0649534 0.112746 0.113091 0.00123555
3 0.688077 0.313419 0.114354 0.113184 0.00123291
8 0.44001 0.56208 0.111761 0.112016 0.00123172
7 0.936129 0.436447 0.111388 0.110955 0.00122932
7 0.811324 0.809789 0.112958 0.113612 0.00122691
4 0.687822 0.561347 0.110989 0.111442 0.00122571
10 0.439576 0.313001 0.112703 0.112153 0.00121754
0 0.0667152 0.933959 0.113997 0.114734 0.00121442
4 0.066932 0.934282 0.113625 0.114203 0.0011984
13 0.191798 0.0655515 0.112249 0.111892 0.00116723
7 0.0672989 0.561297 0.112957 0.111674 0.00116633
10 0.0674403 0.809139 0.11406 0.11372 0.00116129
5 0.68829 0.685507 0.11238 0.11108 0.00116117
4 0.315712 0.437505 0.111404 0.111444 0.00116039
9 0.563643 0.0653102 0.109626 0.111816 0.00114485
4 0.935706 0.437374 0.111939 0.111055 0.0011336
7 0.56367 0.934015 0.113521 0.113405 0.00112393
1 0.936199 0.561498 0.111336 0.111592 0.00112393
4 0.936358 0.809315 0.113477 0.113157 0.00112009
6 0.935919 0.561848 0.111656 0.112284 0.00111646
3 0.19185 0.561407 0.110781 0.112398 0.00111179
2 0.688142 0.809495 0.110942 0.11137 0.00110711
5 0.811158 0.436894 0.112309 0.112071 0.00109539
3 0.564157 0.189713 0.111248 0.112212 0.00108986
11 0.935535 0.684923 0.111951 0.1116 0.00108806
1 0.687959 0.68535 0.111514 0.111799 0.00108129
4 0.439837 0.189322 0.111353 0.112168 0.00107762
4 0.687536 0.313306 0.111669 0.111631 0.00107691
5 0.439828 0.809498 0.11236 0.112097 0.00107642
9 0.191283 0.436711 0.111063 0.111434 0.00107516
3 0.811324 0.809789 0.112958 0.113612 0.00106744
7 0.315733 0.189324 0.112183 0.112294 0.00106378
3 0.936059 0.436477 0.110425 0.111346 0.00105671
0 0.440028 0.685457 0.112405 0.112294 0.00105021
3 0.0668684 0.437032 0.1119 0.112291 0.00103824
1 0.811058 0.188843 0.112096 0.112109 0.00103234
4 0.0670511 0.685388 0.112388 0.111812 0.00103018
0 0.316068 0.685653 0.112302 0.112559 0.00102959
3 0.316068 0.685653 0.112302 0.112559 0.00102834
8 0.0675059 0.313443 0.112843 0.112853 0.0010249
12 0.440028 0.685457 0.112405 0.112294 0.00102442
6 0.315393 0.809109 0.112306 0.112609 0.00101958
1 0.0664162 0.0653735 0.112779 0.112185 0.00101929
7 0.686665 0.562208 0.111572 0.11198 0.00100964
0 0.688206 0.561808 0.111507 0.112464 0.00100465
