3 0.563343 0.93417 0.111652 0.113078 0.986982
9 0.439059 0.93385 0.112406 0.112798 0.986747
10 0.936175 0.933712 0.112969 0.112869 0.9857
4 0.067441 0.933909 0.112653 0.113761 0.985199
7 0.439609 0.809614 0.111497 0.111366 0.984837
7 0.0673124 0.685826 0.112779 0.111588 0.98451
1 0.315475 0.933603 0.111513 0.111811 0.984442
9 0.315612 0.561368 0.11163 0.112273 0.984373
12 0.688025 0.933842 0.11271 0.114105 0.984356
12 0.315085 0.685539 0.11241 0.112694 0.983979
10 0.563804 0.809513 0.112496 0.113877 0.983917
11 0.935329 0.0656107 0.112995 0.112753 0.983787
3 0.812107 0.809652 0.112252 0.112593 0.983631
4 0.191736 0.188795 0.113476 0.112989 0.983261
13 0.68798 0.809618 0.111968 0.112867 0.983201
13 0.315266 0.437692 0.112557 0.111197 0.983009
4 0.0670027 0.313735 0.113144 0.1132 0.98297
12 0.191084 0.685595 0.112836 0.112665 0.982895
5 0.0673531 0.437582 0.112627 0.112245 0.982884
3 0.0674361 0.189016 0.112374 0.111884 0.982549
1 0.811982 0.933688 0.111835 0.112848 0.982477
13 0.315344 0.188983 0.112124 0.11164 0.982474
13 0.191255 0.437609 0.112115 0.111375 0.98241
2 0.687657 0.065197 0.110784 0.112507 0.982275
7 0.439359 0.313169 0.113938 0.112882 0.982025
13 0.0666884 0.0651115 0.113669 0.113752 0.981901
0 0.936069 0.684985 0.113318 0.111881 0.981875
0 0.315434 0.80957 0.111742 0.111761 0.981748
3 0.314539 0.0649932 0.111737 0.112087 0.981649
1 0.19135 0.809362 0.111007 0.111583 0.981647
12 0.31554 0.31358 0.112404 0.112276 0.981482
11 0.191316 0.561107 0.111265 0.111635 0.981247
5 0.812381 0.685733 0.111656 0.111193 0.981185
2 0.936295 0.809572 0.11223 0.111742 0.980998
1 0.191135 0.0650516 0.112067 0.112269 0.98083
2 0.191027 0.313213 0.111905 0.112709 0.98067
13 0.0674574 0.56132 0.112999 0.11197 0.979981
9 0.687484 0.685449 0.111274 0.111636 0.979937
10 0.563826 0.561189 0.112384 0.113661 0.979921
5 0.43917 0.437383 0.11189 0.111807 0.97991
2 0.439195 0.561032 0.111982 0.112428 0.9798
3 0.563695 0.437638 0.112504 0.112357 0.97964
1 0.563638 0.685208 0.111893 0.11299 0.979531
0 0.563795 0.0649466 0.111761 0.113276 0.979422
1 0.439235 0.0648953 0.111659 0.113232 0.979261
0 0.191425 0.933546 0.111498 0.111364 0.979158
12 0.687602 0.561425 0.112718 0.112568 0.979113
1 0.563552 0.18915 0.11203 0.112732 0.979025
4 0.812259 0.561202 0.113232 0.11299 0.978884
10 0.812367 0.312853 0.112583 0.113227 0.978852
0 0.43902 0.685427 0.111702 0.111961 0.978835
10 0.936493 0.560996 0.113556 0.114063 0.978708
11 0.687761 0.437038 0.111942 0.113089 0.97861
4 0.812226 0.188693 0.113082 0.113481 0.978567
0 0.563548 0.313047 0.111789 0.113074 0.978505
1 0.936467 0.312593 0.113502 0.112914 0.978447
11 0.68766 0.31297 0.111933 0.113316 0.978413
5 0.812217 0.436834 0.11218 0.112446 0.978403
7 0.687949 0.188735 0.112522 0.11364 0.978293
0 0.936109 0.436789 0.112997 0.111967 0.97821
0 0.936118 0.188366 0.112969 0.112037 0.977883
11 0.439168 0.188684 0.111709 0.11323 0.97764
0 0.812049 0.0646769 0.112229 0.112789 0.977572
8 0.0673474 0.80934 0.112119 0.111964 0.977235
5 0.439369 0.188485 0.111499 0.112509 0.0365212
5 0.687761 0.437337 0.1117 0.112068 0.0177205
2 0.06701 0.80899 0.11367 0.112547 0.0154763
5 0.191172 0.561531 0.111264 0.112042 0.0148942
5 0.688061 0.313371 0.112242 0.113192 0.0124207
4 0.688179 0.188642 0.113113 0.113323 0.00436184
4 0.812241 0.31377 0.111779 0.112464 0.00426782
10 0.439623 0.313434 0.113414 0.113153 0.00418575
3 0.439657 0.561205 0.112046 0.11257 0.00417853
6 0.687795 0.561063 0.111927 0.112946 0.00353729
0 0.936442 0.312844 0.112501 0.111662 0.00323878
0 0.812558 0.933638 0.110928 0.11296 0.00298439
2 0.688061 0.313371 0.112242 0.113192 0.00292914
4 0.564204 0.56154 0.111641 0.112127 0.00292207
1 0.688175 0.0645111 0.111522 0.113151 0.00288812
7 0.066865 0.561397 0.112642 0.112494 0.00286984
7 0.811651 0.188481 0.113582 0.114629 0.00286023
7 0.315149 0.43781 0.111476 0.111936 0.00285022
8 0.68819 0.0647194 0.110445 0.112936 0.00284221
1 0.812405 0.561345 0.113316 0.113628 0.00264206
12 0.315578 0.437925 0.109225 0.113021 0.00261963
0 0.688173 0.685356 0.112432 0.110645 0.0026
5 0.935329 0.0656107 0.112995 0.112753 0.00253338
11 0.811655 0.685427 0.112589 0.111219 0.00252593
6 0.812673 0.808807 0.111745 0.112207 0.00251976
0 0.563585 0.188764 0.112044 0.113367 0.00249629
11 0.811586 0.437053 0.112075 0.111214 0.00247863
1 0.81163 0.809407 0.112134 0.112126 0.00245777
10 0.191449 0.560996 0.112359 0.112541 0.00244473
4 0.0667585 0.685303 0.113627 0.111198 0.00240591
9 0.0659159 0.189226 0.113571 0.112386 0.00240058
1 0.190879 0.313658 0.111028 0.111824 0.00239606
1 0.936369 0.809341 0.1124 0.113234 0.00237647
4 0.440028 0.809529 0.112032 0.112165 0.00235945
0 0.43915 0.0642487 0.111815 0.113923 0.00233803
10 0.687728 0.809021 0.111157 0.112041 0.0023311
7 0.19137 0.189067 0.111922 0.112591 0.0022209
10 0.688142 0.436715 0.111087 0.11225 0.00221941
12 0.686859 0.188993 0.110185 0.11257 0.00221018
7 0.0661342 0.0648707 0.113578 0.112282 0.0021948
1 0.0672536 0.934341 0.114083 0.114592 0.00213841
6 0.563947 0.438 0.113102 0.112576 0.00211643
1 0.0667626 0.313636 0.11289 0.112307 0.00210248
1 0.811929 0.189254 0.112157 0.113364 0.00209494
7 0.811578 0.560878 0.113072 0.114102 0.00208657
7 0.0667626 0.313636 0.11289 0.112307 0.00208432
6 0.315314 0.313393 0.112531 0.113161 0.00205746
10 0.812348 0.189092 0.112329 0.11408 0.0020465
11 0.314872 0.189348 0.11152 0.11194 0.00203118
6 0.315085 0.685539 0.11241 0.112694 0.00201478
2 0.812185 0.189222 0.112291 0.11374 0.00200118
1 0.191736 0.188795 0.113476 0.112989 0.00199392
4 0.439498 0.313386 0.11312 0.112697 0.00196978
2 0.688119 0.437283 0.11197 0.11299 0.00196327
12 0.688027 0.808877 0.110591 0.112046 0.00196263
2 0.813086 0.68533 0.113487 0.113586 0.00195685
0 0.688082 0.561564 0.111469 0.112933 0.00194253
3 0.688219 0.0655453 0.111167 0.11257 0.00192155
0 0.191175 0.0646953 0.112407 0.113439 0.00192128
0 0.688382 0.933473 0.113976 0.112923 0.00191802
1 0.563672 0.31255 0.111948 0.112766 0.00191177
1 0.439579 0.560925 0.113168 0.114055 0.00186529
12 0.0665172 0.561088 0.113995 0.112228 0.00186002
6 0.191084 0.685595 0.112836 0.112665 0.0018376
6 0.564264 0.933864 0.111755 0.113027 0.00183477
11 0.438899 0.436641 0.111311 0.110007 0.00180575
10 0.686828 0.313108 0.110521 0.11225 0.00178946
7 0.191453 0.437915 0.108786 0.112772 0.00178907
7 0.688027 0.808877 0.110591 0.112046 0.00177611
10 0.688155 0.188551 0.112642 0.114402 0.00177344
11 0.0671201 0.809299 0.112642 0.112323 0.0017691
12 0.811649 0.809697 0.1128 0.11297 0.00174982
8 0.688173 0.685356 0.112432 0.110645 0.00174578
12 0.688173 0.685356 0.112432 0.110645 0.0017339
5 0.191358 0.313211 0.111714 0.111305 0.00173051
4 0.563793 0.685088 0.111633 0.111952 0.0017169
2 0.813053 0.8097 0.111778 0.11168 0.00169997
12 0.191453 0.437915 0.108786 0.112772 0.00167016
7 0.066909 0.934056 0.114124 0.114133 0.00164776
10 0.190571 0.437906 0.112676 0.111889 0.00161146
4 0.563943 0.933667 0.112353 0.112284 0.00160949
2 0.564538 0.438042 0.114041 0.113125 0.00160088
3 0.0669463 0.436471 0.112292 0.111228 0.00159435
2 0.812405 0.561345 0.113316 0.113628 0.00158208
4 0.563881 0.809213 0.111868 0.112739 0.00156904
10 0.935987 0.0651318 0.112313 0.113106 0.00154935
3 0.936083 0.809315 0.113443 0.113459 0.00153731
6 0.315767 0.0647853 0.111247 0.112585 0.00153425
2 0.811568 0.436889 0.113682 0.111576 0.00149337
12 0.314872 0.189348 0.11152 0.11194 0.00147306
11 0.190571 0.437906 0.112676 0.111889 0.00146786
6 0.811488 0.561332 0.114145 0.112508 0.00146079
0 0.315485 0.933416 0.111192 0.11232 0.00144441
9 0.936174 0.684997 0.111976 0.111826 0.00142423
10 0.439491 0.188859 0.111587 0.111766 0.0014225
9 0.936071 0.436964 0.112473 0.112169 0.00141387
0 0.563793 0.685088 0.111633 0.111952 0.00138727
5 0.936024 0.809633 0.113625 0.114207 0.00138664
1 0.563826 0.0640344 0.111582 0.113651 0.00138181
1 0.812231 0.0642819 0.111381 0.113351 0.00135621
1 0.439407 0.685098 0.112026 0.112441 0.00134631
4 0.563585 0.188764 0.112044 0.113367 0.0013159
6 0.0671053 0.188493 0.112763 0.112967 0.00129678
2 0.564018 0.933745 0.111478 0.112181 0.00128694
9 0.936107 0.188796 0.112606 0.113129 0.00128289
13 0.935442 0.934045 0.111848 0.111464 0.00126165
4 0.19135 0.809362 0.111007 0.111583 0.00124241
9 0.811585 0.80972 0.113472 0.112498 0.00123981
3 0.813086 0.68533 0.113487 0.113586 0.00123293
4 0.687569 0.561014 0.11248 0.112711 0.00121773
6 0.811572 0.189023 0.114092 0.112779 0.00121074
6 0.688155 0.188551 0.112642 0.114402 0.00120322
1 0.563695 0.437638 0.112504 0.112357 0.001201
12 0.564538 0.438042 0.114041 0.113125 0.00119815
4 0.813055 0.809223 0.112 0.113995 0.00119613
1 0.563647 0.933984 0.111504 0.112406 0.00119089
0 0.191246 0.809243 0.111431 0.112301 0.00118297
5 0.688175 0.0645111 0.111522 0.113151 0.00116234
10 0.439434 0.437643 0.110871 0.11143 0.00114493
2 0.0672536 0.934341 0.114083 0.114592 0.00114156
11 0.0661342 0.0648707 0.113578 0.112282 0.00112617
8 0.686709 0.313089 0.110853 0.113834 0.00112282
9 0.686709 0.313089 0.110853 0.113834 0.00111711
4 0.936366 0.560929 0.113505 0.112611 0.0011171
0 0.315279 0.56148 0.112744 0.112044 0.00111458
4 0.563678 0.437619 0.111281 0.111416 0.00110874
1 0.31538 0.809517 0.11182 0.112547 0.00110845
11 0.439641 0.933492 0.113558 0.112083 0.00108534
1 0.0672095 0.189212 0.113183 0.113535 0.00108198
2 0.0667626 0.313636 0.11289 0.112307 0.00106874
3 0.191111 0.313251 0.11145 0.112226 0.00106639
5 0.811808 0.189005 0.11282 0.112819 0.00106463
5 0.812989 0.313251 0.112852 0.114902 0.00106248
1 0.314828 0.0649302 0.112022 0.112317 0.00105812
4 0.439584 0.437867 0.111528 0.109996 0.00105018
10 0.0665172 0.561088 0.113995 0.112228 0.00104699
6 0.19137 0.189067 0.111922 0.112591 0.00103953
4 0.811982 0.933688 0.111835 0.112848 0.00103562
10 0.812662 0.436602 0.110167 0.110949 0.00103361
5 0.811624 0.561158 0.112593 0.112023 0.00101814
8 0.191111 0.313251 0.11145 0.112226 0.00100798
3 0.687614 0.561005 0.111844 0.112709 0.00100309
10 0.811752 0.685724 0.111155 0.111708 0.0010013
