2 0.563756 0.933768 0.112129 0.113065 0.986046
5 0.314744 0.0653638 0.111225 0.111944 0.98523
3 0.315736 0.685221 0.111619 0.112656 0.985089
10 0.316092 0.809461 0.112494 0.112132 0.984999
5 0.935884 0.0654546 0.112157 0.11217 0.984697
6 0.564199 0.80974 0.111867 0.113358 0.984651
12 0.191688 0.685231 0.111281 0.112197 0.983728
6 0.0669716 0.561692 0.113407 0.112433 0.98342
5 0.066628 0.438109 0.113548 0.112967 0.98342
4 0.191499 0.437433 0.112202 0.112188 0.983191
13 0.439212 0.0650934 0.111523 0.112941 0.982983
3 0.0665883 0.189372 0.113011 0.112728 0.982927
1 0.191617 0.809739 0.111427 0.112547 0.982906
8 0.688135 0.809658 0.111763 0.113295 0.98272
9 0.56362 0.685414 0.111198 0.111543 0.982665
7 0.191249 0.561382 0.111753 0.111492 0.982649
4 0.936701 0.933987 0.112573 0.114158 0.982622
4 0.191202 0.0649242 0.111827 0.112709 0.982553
13 0.315492 0.189178 0.113382 0.112361 0.982502
6 0.191425 0.313443 0.111878 0.112718 0.982302
9 0.315556 0.437475 0.112429 0.112476 0.982208
1 0.812323 0.933272 0.112378 0.113536 0.982093
3 0.315399 0.31344 0.112962 0.112384 0.982061
2 0.936549 0.809888 0.111964 0.111195 0.981937
1 0.0673128 0.68568 0.112338 0.111962 0.981915
2 0.563684 0.0648091 0.111664 0.113351 0.98187
0 0.440443 0.933696 0.112293 0.113008 0.981862
1 0.316042 0.933685 0.112012 0.112438 0.981839
8 0.19111 0.189167 0.112063 0.113429 0.981656
12 0.0668821 0.313498 0.112859 0.112693 0.981387
7 0.688347 0.933857 0.112289 0.112943 0.981356
7 0.439893 0.809635 0.11149 0.111581 0.981329
4 0.812187 0.0650632 0.112489 0.113521 0.981133
11 0.43959 0.68559 0.111586 0.111907 0.980893
11 0.812333 0.809719 0.113013 0.113379 0.980346
6 0.439852 0.561542 0.111974 0.112502 0.980223
8 0.0669986 0.933782 0.113756 0.11477 0.980195
0 0.19191 0.933808 0.111458 0.112142 0.980192
2 0.0672293 0.0648752 0.111743 0.113425 0.980017
0 0.315314 0.561337 0.112793 0.112499 0.979915
9 0.439352 0.313195 0.112014 0.113231 0.979843
9 0.56375 0.189114 0.111397 0.112518 0.979729
4 0.563988 0.561262 0.113227 0.113293 0.979679
3 0.439432 0.437569 0.111482 0.111973 0.97953
4 0.688175 0.560978 0.112706 0.113189 0.979368
3 0.812507 0.685665 0.111871 0.112212 0.979181
3 0.68784 0.188728 0.111393 0.11192 0.979078
9 0.687631 0.0653037 0.111835 0.111662 0.979053
10 0.563981 0.437265 0.112364 0.112993 0.979039
4 0.81268 0.561271 0.113595 0.113127 0.97874
2 0.56361 0.313152 0.112173 0.114102 0.978555
12 0.81239 0.312882 0.112155 0.112665 0.978526
8 0.688381 0.68588 0.112801 0.112253 0.978414
12 0.936232 0.312914 0.112626 0.112086 0.978351
8 0.936353 0.685664 0.112819 0.112342 0.978292
11 0.93656 0.561345 0.112777 0.112617 0.978247
0 0.687861 0.437097 0.11192 0.113144 0.978097
5 0.812508 0.436989 0.112678 0.112484 0.97806
2 0.687539 0.313178 0.111119 0.111065 0.978059
2 0.936339 0.437226 0.11304 0.113857 0.977986
0 0.439551 0.188885 0.112494 0.113589 0.977796
0 0.936292 0.188491 0.113103 0.112657 0.977674
8 0.81203 0.188797 0.112707 0.113068 0.977637
0 0.0674657 0.809319 0.111704 0.11305 0.97751
2 0.688288 0.809602 0.112588 0.112083 0.013408
1 0.0667696 0.809157 0.113356 0.113137 0.010911
2 0.0667201 0.933396 0.114121 0.114062 0.00969522
1 0.688136 0.436532 0.112448 0.112527 0.00793673
2 0.81199 0.189496 0.112307 0.112972 0.00722971
10 0.937132 0.561131 0.112878 0.111699 0.00663876
8 0.811435 0.809445 0.112669 0.112222 0.00628479
9 0.813166 0.686088 0.110603 0.11138 0.00573968
2 0.190712 0.189104 0.112144 0.112688 0.00569601
3 0.68815 0.0649213 0.1103 0.112518 0.00553678
5 0.81214 0.809994 0.112183 0.112466 0.00481828
2 0.936327 0.685372 0.113034 0.111877 0.00472324
3 0.0667209 0.56113 0.114081 0.112825 0.00468446
2 0.688307 0.685475 0.11267 0.111818 0.00447243
1 0.688143 0.313149 0.112849 0.113353 0.00432545
9 0.439587 0.436618 0.111819 0.112304 0.00425867
4 0.68842 0.932854 0.113469 0.112689 0.00391919
1 0.935917 0.437933 0.110376 0.113078 0.00388205
1 0.688344 0.561299 0.112182 0.112746 0.00378007
9 0.686708 0.189429 0.111516 0.112862 0.0037294
0 0.811761 0.932552 0.113944 0.113237 0.00367235
0 0.688113 0.064729 0.109416 0.111664 0.00366169
1 0.564066 0.56167 0.112541 0.112697 0.00356462
3 0.564436 0.809386 0.111437 0.112546 0.00354233
1 0.812544 0.561422 0.113253 0.113262 0.00349584
4 0.564043 0.43771 0.11196 0.111957 0.00345773
3 0.688223 0.313616 0.111485 0.112416 0.00298782
3 0.191408 0.313197 0.110829 0.11247 0.00293791
10 0.936159 0.0650294 0.110774 0.111369 0.00285569
1 0.812425 0.065181 0.113177 0.11427 0.00278234
12 0.688113 0.064729 0.109416 0.111664 0.00271838
7 0.190954 0.0649804 0.111685 0.112372 0.00268703
3 0.43984 0.561361 0.111961 0.112946 0.00266104
1 0.191202 0.0649242 0.111827 0.112709 0.00255827
1 0.56342 0.313542 0.111946 0.112143 0.0025448
12 0.439498 0.313396 0.112328 0.112618 0.00253244
5 0.439977 0.685602 0.112707 0.112594 0.00252895
7 0.811866 0.0653112 0.113066 0.112653 0.0024929
5 0.936355 0.561431 0.113043 0.113269 0.00248726
7 0.93621 0.933969 0.113152 0.112691 0.00248624
9 0.811435 0.809445 0.112669 0.112222 0.00244992
1 0.439581 0.188359 0.112399 0.113044 0.00243258
8 0.44023 0.685471 0.111433 0.111498 0.00241739
1 0.93634 0.80966 0.112312 0.11216 0.00237467
3 0.813115 0.43741 0.111692 0.112489 0.0023708
0 0.316195 0.436875 0.111163 0.112437 0.0022996
1 0.19161 0.437329 0.112473 0.112117 0.00228124
1 0.315504 0.561121 0.113102 0.112792 0.0022182
10 0.44023 0.685471 0.111433 0.111498 0.00219546
8 0.688159 0.313238 0.11187 0.113353 0.00212682
1 0.564099 0.93351 0.112533 0.113259 0.00212162
10 0.812129 0.809262 0.11249 0.113163 0.00207246
1 0.563812 0.0645256 0.111584 0.113589 0.00203524
0 0.439457 0.313422 0.112736 0.112182 0.00196612
12 0.811664 0.685982 0.111577 0.112415 0.00195902
4 0.0670685 0.437913 0.113398 0.110943 0.00195206
9 0.0658844 0.189459 0.11429 0.112171 0.00192929
12 0.563872 0.188983 0.111909 0.111484 0.00191936
2 0.813166 0.686088 0.110603 0.11138 0.00190056
6 0.0666734 0.313176 0.113556 0.112861 0.00188781
2 0.813115 0.43741 0.111692 0.112489 0.00188151
12 0.191445 0.561182 0.110934 0.112313 0.00185486
7 0.812261 0.561401 0.11353 0.11231 0.00184284
7 0.191616 0.437627 0.111618 0.111912 0.00181451
11 0.93613 0.0649841 0.11222 0.112365 0.00181327
2 0.812544 0.561422 0.113253 0.113262 0.00178073
4 0.812267 0.437914 0.11066 0.11013 0.0017684
12 0.316278 0.436764 0.111312 0.110819 0.00171835
4 0.440103 0.809072 0.111362 0.112108 0.00169142
9 0.316095 0.685308 0.112843 0.112097 0.00157671
2 0.811673 0.809439 0.111312 0.111829 0.00156916
2 0.688344 0.561299 0.112182 0.112746 0.00156729
2 0.812187 0.0650632 0.112489 0.113521 0.00155702
2 0.564066 0.56167 0.112541 0.112697 0.00154654
0 0.8131 0.313489 0.109108 0.111578 0.00154419
7 0.68775 0.561266 0.111474 0.112145 0.00153954
12 0.31518 0.188909 0.111881 0.111969 0.00146569
3 0.56369 0.189107 0.111951 0.111804 0.00145439
12 0.439351 0.436547 0.111518 0.111271 0.00144809
0 0.316112 0.933643 0.111668 0.112501 0.00144617
5 0.935914 0.809801 0.113372 0.113393 0.00144441
12 0.564307 0.68561 0.112354 0.112565 0.00144054
5 0.563511 0.437683 0.112454 0.11205 0.00141478
8 0.564139 0.933452 0.112273 0.112819 0.00141165
1 0.812507 0.685665 0.111871 0.112212 0.00139124
1 0.0669302 0.0647279 0.113024 0.113859 0.0013832
3 0.563956 0.933639 0.111801 0.113421 0.00137978
4 0.688223 0.313616 0.111485 0.112416 0.00136994
12 0.688284 0.188988 0.113109 0.112711 0.00136558
0 0.0671571 0.685263 0.112661 0.112288 0.00135265
6 0.811606 0.064904 0.114656 0.112662 0.00134646
8 0.0667128 0.0648448 0.113363 0.113948 0.00134016
1 0.936701 0.933987 0.112573 0.114158 0.00133869
9 0.936244 0.18902 0.112536 0.113544 0.00131851
11 0.688186 0.68576 0.112014 0.111993 0.0012992
7 0.439852 0.561542 0.111974 0.112502 0.00128938
4 0.191364 0.561495 0.112321 0.111378 0.00128145
6 0.812025 0.313521 0.112011 0.111858 0.00127856
11 0.811598 0.4376 0.112419 0.111436 0.00127297
8 0.936748 0.436729 0.110769 0.112264 0.00126
0 0.191532 0.809736 0.112006 0.113203 0.00125812
7 0.191697 0.313585 0.112876 0.112995 0.00125465
0 0.563991 0.685483 0.111711 0.111425 0.00124872
9 0.936068 0.561127 0.111544 0.111153 0.00124175
8 0.936068 0.561127 0.111544 0.111153 0.0012368
0 0.56369 0.189107 0.111951 0.111804 0.00123618
2 0.81322 0.932501 0.111476 0.113066 0.00123484
10 0.315517 0.0650474 0.112164 0.111879 0.00122455
3 0.564208 0.313601 0.112319 0.113193 0.00121929
10 0.812917 0.436618 0.110262 0.11148 0.00120739
13 0.563291 0.437629 0.111567 0.111515 0.00120249
6 0.811664 0.685982 0.111577 0.112415 0.00119233
2 0.936701 0.933987 0.112573 0.114158 0.00119153
1 0.192023 0.933607 0.111774 0.112549 0.00118106
3 0.316278 0.436764 0.111312 0.110819 0.00116887
3 0.936549 0.809888 0.111964 0.111195 0.00116223
3 0.564112 0.685733 0.111397 0.111519 0.0011603
6 0.191616 0.437627 0.111618 0.111912 0.0011592
0 0.936286 0.685206 0.111499 0.11201 0.00115493
10 0.0663992 0.43768 0.112104 0.112265 0.00114134
2 0.688255 0.189126 0.111778 0.112833 0.00112598
11 0.811482 0.188628 0.111359 0.112786 0.00111911
1 0.315641 0.685331 0.112383 0.112705 0.00110737
0 0.0665376 0.933535 0.112944 0.11239 0.00110694
2 0.191447 0.437652 0.113534 0.112299 0.00109848
7 0.811437 0.313399 0.111844 0.113199 0.0010972
4 0.191617 0.809739 0.111427 0.112547 0.00108106
7 0.0669716 0.561692 0.113407 0.112433 0.00107954
9 0.439798 0.685398 0.112074 0.112268 0.0010674
8 0.439918 0.933782 0.111877 0.111399 0.00104171
6 0.191688 0.685231 0.111281 0.112197 0.00103476
3 0.0670685 0.437913 0.113398 0.110943 0.00102199
1 0.439432 0.437569 0.111482 0.111973 0.00101361
5 0.688143 0.313149 0.112849 0.113353 0.00101203
3 0.936401 0.437053 0.112369 0.111858 0.00101087
11 0.93606 0.685503 0.111172 0.11362 0.0010081
0 0.688393 0.685798 0.113385 0.112836 0.00100631
