13 0.314615 0.933754 0.112133 0.113308 0.986684
9 0.439173 0.933753 0.112354 0.113101 0.986604
5 0.440293 0.809773 0.111092 0.112346 0.985633
13 0.190482 0.809241 0.112195 0.1121 0.985339
13 0.563384 0.933798 0.111896 0.113537 0.985174
6 0.316294 0.685637 0.112081 0.111892 0.985102
3 0.314209 0.0650176 0.112377 0.111696 0.985003
13 0.19084 0.685629 0.112152 0.1114 0.984884
7 0.0653808 0.93385 0.112786 0.112211 0.984815
11 0.189901 0.934001 0.11334 0.113411 0.984732
3 0.0666023 0.437821 0.112138 0.112457 0.984385
3 0.811673 0.933749 0.112643 0.112832 0.984357
2 0.438936 0.0648769 0.111705 0.11279 0.984273
13 0.440338 0.685617 0.110829 0.111374 0.984061
5 0.687749 0.934028 0.112552 0.114268 0.984052
8 0.31534 0.809471 0.113042 0.112496 0.98404
11 0.189084 0.0655518 0.112572 0.1122 0.984036
8 0.0657516 0.809518 0.111739 0.112773 0.98401
2 0.935933 0.933962 0.11248 0.112179 0.983734
6 0.0668745 0.562048 0.112712 0.112135 0.983562
9 0.190318 0.188995 0.112488 0.112289 0.983356
5 0.562738 0.0655146 0.111251 0.112399 0.983295
13 0.191118 0.562053 0.112134 0.111843 0.983273
7 0.315653 0.437656 0.113554 0.111842 0.983115
11 0.0657547 0.685695 0.112925 0.111957 0.983009
7 0.315916 0.561888 0.113239 0.11179 0.982898
4 0.314991 0.188831 0.113075 0.112897 0.982837
13 0.315105 0.313452 0.112798 0.111779 0.982835
7 0.564167 0.809592 0.111053 0.111509 0.982547
1 0.687885 0.808944 0.112466 0.112919 0.981782
1 0.190373 0.313555 0.113112 0.113237 0.981596
13 0.0663954 0.313988 0.112003 0.111918 0.981573
0 0.190771 0.437456 0.112845 0.112401 0.981448
12 0.0666376 0.189631 0.111449 0.11224 0.981258
8 0.0661826 0.0649476 0.111372 0.113706 0.980673
11 0.812331 0.809401 0.113309 0.113153 0.98067
6 0.43915 0.189162 0.111431 0.112755 0.980283
4 0.68777 0.0648563 0.111921 0.112363 0.979916
13 0.439245 0.31359 0.113261 0.111784 0.979801
4 0.688122 0.685541 0.112189 0.112022 0.979792
12 0.439674 0.562012 0.111837 0.112308 0.979611
8 0.936431 0.809815 0.112201 0.110988 0.979561
3 0.812117 0.685921 0.111928 0.112101 0.979285
0 0.439465 0.437682 0.111171 0.111624 0.979215
13 0.563112 0.313227 0.112403 0.113135 0.979118
7 0.564284 0.68581 0.112064 0.112712 0.978952
1 0.563057 0.188311 0.112927 0.113226 0.978871
12 0.811997 0.437111 0.112619 0.112806 0.978817
8 0.563709 0.437489 0.111797 0.112789 0.978796
3 0.563473 0.561883 0.111997 0.112165 0.978785
12 0.812341 0.188079 0.112534 0.112243 0.978761
3 0.687469 0.188127 0.111839 0.112099 0.978734
13 0.936085 0.437594 0.113723 0.112831 0.978633
6 0.687746 0.437176 0.112837 0.11262 0.978602
6 0.688038 0.561604 0.112763 0.112388 0.978424
2 0.687188 0.313052 0.112466 0.112627 0.978393
12 0.936333 0.685845 0.112513 0.112128 0.978288
0 0.811387 0.561715 0.112658 0.112233 0.97828
4 0.812613 0.312756 0.113664 0.112816 0.978267
3 0.936065 0.562066 0.112131 0.112347 0.978224
1 0.936782 0.0640067 0.11306 0.11313 0.977795
4 0.937096 0.313046 0.11327 0.113311 0.977638
7 0.936445 0.189153 0.110709 0.111791 0.97721
0 0.812516 0.0643468 0.112536 0.111776 0.976825
2 0.315651 0.809586 0.113184 0.113076 0.00797906
2 0.0657709 0.809359 0.112159 0.112884 0.00747435
9 0.81165 0.933248 0.112583 0.111565 0.00735871
2 0.936431 0.809815 0.112201 0.110988 0.00641247
2 0.0657771 0.0650696 0.112662 0.113002 0.00610695
12 0.563434 0.313329 0.110228 0.112335 0.00580426
9 0.686697 0.188567 0.112399 0.112692 0.00541264
11 0.688308 0.933247 0.113109 0.113474 0.00538579
9 0.811458 0.686508 0.112173 0.112095 0.00508567
12 0.936475 0.18913 0.110982 0.11322 0.00506532
12 0.440189 0.685806 0.111095 0.111523 0.00494252
9 0.936701 0.561355 0.112673 0.112586 0.00488122
8 0.688017 0.313031 0.110355 0.113465 0.00472286
3 0.0666628 0.561433 0.113369 0.112371 0.00468844
5 0.812353 0.809684 0.112564 0.111708 0.0044627
1 0.687024 0.313217 0.111438 0.113119 0.0040913
12 0.3161 0.438073 0.111097 0.112739 0.00394729
1 0.936775 0.313439 0.112783 0.113483 0.00391474
9 0.563989 0.561247 0.111098 0.112265 0.00386296
12 0.190885 0.685543 0.112422 0.111885 0.00377208
1 0.812379 0.313093 0.113632 0.113522 0.0037034
5 0.0656279 0.685544 0.114078 0.112775 0.00367933
8 0.811541 0.80873 0.112037 0.111589 0.00365947
2 0.688195 0.809015 0.113028 0.112523 0.00345029
3 0.315991 0.685455 0.111919 0.112373 0.00342151
1 0.315064 0.188846 0.112038 0.112423 0.00341024
2 0.563535 0.437549 0.111562 0.112129 0.00338324
6 0.315904 0.438109 0.113076 0.111585 0.00328627
2 0.688328 0.932763 0.113166 0.114387 0.00328458
12 0.936406 0.437932 0.109949 0.113605 0.00318219
6 0.936406 0.188815 0.111305 0.112331 0.00300719
1 0.688122 0.685541 0.112189 0.112022 0.00297397
0 0.813194 0.188439 0.11143 0.112501 0.00290186
12 0.316202 0.561418 0.111281 0.112787 0.00287275
1 0.811351 0.561202 0.112887 0.112056 0.00285834
0 0.563305 0.438172 0.111473 0.113023 0.0027669
1 0.687918 0.0643219 0.11121 0.112996 0.00268903
9 0.0670307 0.436883 0.109899 0.113771 0.00263519
0 0.936401 0.0644805 0.112404 0.11235 0.00256415
2 0.81314 0.933583 0.11039 0.11134 0.00255525
11 0.563217 0.0650412 0.112057 0.112036 0.00248137
3 0.439106 0.189061 0.111998 0.112869 0.00241883
9 0.811541 0.80873 0.112037 0.111589 0.00239001
12 0.935748 0.562118 0.111964 0.11303 0.00237218
12 0.811722 0.933306 0.112379 0.112885 0.00225692
10 0.81165 0.808852 0.111015 0.11179 0.00210566
12 0.439542 0.313501 0.111059 0.111359 0.0020816
8 0.936018 0.933801 0.112842 0.112797 0.00206188
7 0.811686 0.312234 0.114461 0.114317 0.00206077
1 0.439228 0.0645147 0.111567 0.113024 0.00205997
5 0.935998 0.933326 0.113041 0.113183 0.0020493
4 0.065866 0.933683 0.111752 0.112594 0.00204338
12 0.81153 0.686355 0.111553 0.112432 0.00202997
2 0.688122 0.685541 0.112189 0.112022 0.00202696
1 0.439581 0.436988 0.112204 0.112598 0.00200631
2 0.812113 0.313353 0.112763 0.113721 0.00193931
1 0.81291 0.063442 0.111567 0.111888 0.00193567
0 0.563494 0.187738 0.113153 0.113424 0.0018928
4 0.3161 0.438073 0.111097 0.112739 0.00186029
7 0.688163 0.685733 0.111496 0.111976 0.00182989
3 0.687778 0.437048 0.112211 0.112665 0.00179716
10 0.0662771 0.685134 0.112697 0.112401 0.00177032
0 0.688174 0.808892 0.111854 0.111101 0.00173902
10 0.563129 0.31369 0.1121 0.113614 0.00173807
3 0.688061 0.561434 0.111611 0.112312 0.00173627
2 0.563242 0.0648088 0.111828 0.110996 0.00173389
4 0.688174 0.808892 0.111854 0.111101 0.00173288
7 0.687661 0.0649402 0.112919 0.111639 0.00171613
5 0.68653 0.312829 0.114318 0.112436 0.00168461
2 0.688136 0.188713 0.111737 0.112356 0.00167971
7 0.688118 0.561448 0.112117 0.112573 0.00166964
12 0.688161 0.188414 0.113265 0.111753 0.0016676
2 0.936488 0.313556 0.112174 0.113581 0.00166417
7 0.936376 0.312738 0.113331 0.114054 0.00163027
5 0.19035 0.93387 0.11494 0.114651 0.00162308
2 0.68777 0.0648563 0.111921 0.112363 0.00160387
6 0.564464 0.685839 0.11146 0.111732 0.0015976
4 0.564278 0.809145 0.110561 0.111446 0.0015578
0 0.811951 0.437602 0.111079 0.112396 0.001556
2 0.0673414 0.43814 0.113031 0.112601 0.0015459
12 0.191285 0.561844 0.111658 0.111579 0.00154401
2 0.813129 0.686372 0.110458 0.110395 0.00153995
3 0.687545 0.313413 0.111717 0.112365 0.00151469
10 0.563242 0.0648088 0.111828 0.110996 0.0014855
4 0.190372 0.314054 0.112978 0.113386 0.00148547
6 0.811675 0.437123 0.111982 0.111511 0.00146827
0 0.936459 0.809984 0.111348 0.112451 0.00146777
7 0.936063 0.685989 0.11178 0.113792 0.00146684
10 0.439126 0.313555 0.112051 0.112812 0.00145802
3 0.811965 0.436511 0.110502 0.111484 0.00144775
1 0.936311 0.933397 0.112761 0.113375 0.0014391
10 0.189679 0.0650362 0.112421 0.113053 0.00143427
1 0.688161 0.561504 0.111134 0.112793 0.00139999
5 0.18975 0.0652966 0.113677 0.113398 0.00138725
4 0.563045 0.188651 0.112232 0.113751 0.0013824
6 0.811603 0.312806 0.115382 0.112707 0.00135714
10 0.935968 0.437865 0.111108 0.111963 0.00135525
7 0.191327 0.56149 0.111687 0.111644 0.00135522
11 0.0660401 0.313776 0.112618 0.1121 0.00133208
10 0.0660401 0.313776 0.112618 0.1121 0.0013285
12 0.563721 0.561194 0.110938 0.111616 0.00131727
12 0.0673414 0.43814 0.113031 0.112601 0.00130504
6 0.44004 0.561727 0.111372 0.112279 0.00129847
1 0.812117 0.685921 0.111928 0.112101 0.00129691
1 0.688126 0.437054 0.111479 0.112981 0.00128474
12 0.190359 0.189097 0.113464 0.112827 0.00127291
1 0.812098 0.933246 0.111683 0.112464 0.0012532
1 0.563416 0.561863 0.111724 0.112003 0.00122871
4 0.315784 0.561916 0.112224 0.112121 0.00122299
13 0.0657547 0.685695 0.112925 0.111957 0.00120807
12 0.563615 0.93389 0.111245 0.112011 0.00120091
1 0.936065 0.562066 0.112131 0.112347 0.00120001
7 0.315007 0.188858 0.111662 0.112622 0.00117539
10 0.688328 0.932763 0.113166 0.114387 0.00116887
5 0.813152 0.932943 0.111256 0.110166 0.00116159
10 0.314831 0.313421 0.112181 0.112757 0.00115437
1 0.190771 0.437456 0.112845 0.112401 0.0011454
12 0.31491 0.933721 0.111444 0.111986 0.00113881
4 0.936404 0.189279 0.112586 0.112741 0.00113348
12 0.190356 0.809764 0.112893 0.112321 0.00110037
0 0.190223 0.18914 0.113501 0.112634 0.00109972
7 0.688069 0.436835 0.111422 0.113553 0.00109936
11 0.316065 0.809738 0.111926 0.1119 0.00109919
8 0.190105 0.933556 0.11295 0.111732 0.00109657
3 0.439869 0.561376 0.11143 0.112851 0.00109579
7 0.439527 0.313529 0.112475 0.112603 0.00109446
12 0.31425 0.06507 0.111591 0.111185 0.00108902
2 0.563238 0.188359 0.112247 0.112858 0.0010881
0 0.0655035 0.809266 0.111164 0.111726 0.0010823
5 0.936734 0.313275 0.11206 0.111754 0.00108216
2 0.315007 0.188858 0.111662 0.112622 0.00108184
7 0.811277 0.436904 0.111516 0.113129 0.00107463
12 0.314997 0.31354 0.111598 0.111928 0.00106672
5 0.688161 0.188414 0.113265 0.111753 0.00105526
7 0.0668745 0.562048 0.112712 0.112135 0.00103781
12 0.0660401 0.313776 0.112618 0.1121 0.00102674
7 0.315116 0.313558 0.112405 0.112577 0.00100791
1 0.0669177 0.437982 0.112495 0.112727 0.00100666
13 0.189084 0.0655518 0.112572 0.1122 0.00100501
0 0.190373 0.313555 0.113112 0.113237 0.00100021
