3 0.0673485 0.685718 0.112135 0.112727 0.986668
13 0.439281 0.933905 0.111195 0.112663 0.986187
9 0.0675773 0.809639 0.112179 0.112246 0.985857
2 0.687651 0.934005 0.112346 0.11353 0.98578
1 0.315382 0.933813 0.111955 0.112289 0.985496
3 0.1914 0.43741 0.11127 0.113521 0.985129
5 0.811758 0.809855 0.111062 0.111411 0.984666
3 0.0671861 0.18931 0.112006 0.112864 0.984635
11 0.563078 0.934028 0.110833 0.11279 0.984324
1 0.936226 0.809529 0.112403 0.111935 0.984316
10 0.935635 0.933853 0.113597 0.113227 0.98404
12 0.0672585 0.561876 0.112284 0.112406 0.983843
1 0.439348 0.809546 0.112078 0.11281 0.983619
2 0.4394 0.685543 0.11234 0.112524 0.983566
3 0.687164 0.809897 0.111959 0.112913 0.983031
9 0.191535 0.561427 0.111177 0.112155 0.982811
10 0.315563 0.809254 0.112998 0.112942 0.982601
7 0.1908 0.685395 0.113312 0.111639 0.982405
13 0.812224 0.933748 0.111002 0.113401 0.982338
11 0.0663702 0.933858 0.114044 0.113573 0.982308
6 0.0670659 0.437609 0.112277 0.112126 0.982192
2 0.191416 0.933762 0.112952 0.113194 0.981939
10 0.191282 0.0645641 0.111823 0.11207 0.981796
10 0.563937 0.685334 0.111624 0.112633 0.981638
13 0.315173 0.189787 0.112781 0.111655 0.981629
9 0.439766 0.313166 0.111797 0.112671 0.98158
4 0.0677035 0.313047 0.113585 0.113272 0.981522
4 0.067617 0.0648794 0.113149 0.112964 0.981443
1 0.315113 0.437191 0.112087 0.112106 0.981321
1 0.19131 0.313121 0.111741 0.11168 0.981214
10 0.439236 0.560798 0.112265 0.111828 0.98117
2 0.315146 0.313018 0.112483 0.11173 0.981022
6 0.439356 0.436995 0.112357 0.111075 0.980244
4 0.563738 0.560769 0.112222 0.113435 0.980224
0 0.563828 0.809469 0.111996 0.112989 0.980183
4 0.687945 0.561062 0.112306 0.11303 0.979609
1 0.563574 0.437042 0.112399 0.113052 0.979601
9 0.68795 0.313344 0.112029 0.11201 0.979581
0 0.19103 0.189125 0.112576 0.112274 0.979504
12 0.563858 0.31297 0.112091 0.112331 0.979494
3 0.563614 0.188837 0.111433 0.112323 0.979439
1 0.812156 0.685235 0.113138 0.112847 0.979438
11 0.190785 0.809601 0.112109 0.11283 0.979353
4 0.687788 0.188525 0.112005 0.112705 0.979339
12 0.439451 0.188925 0.112716 0.112322 0.979282
4 0.812406 0.561169 0.112665 0.112917 0.979136
6 0.811468 0.0649347 0.113128 0.11285 0.979111
12 0.688069 0.685537 0.112562 0.112048 0.978979
6 0.687345 0.0648971 0.11133 0.113588 0.978923
12 0.936253 0.437037 0.113118 0.111894 0.978867
10 0.936394 0.685398 0.112284 0.112885 0.978738
0 0.314763 0.0650029 0.112808 0.112456 0.978658
1 0.936293 0.312619 0.113502 0.112669 0.978549
5 0.687769 0.437041 0.111806 0.112616 0.978443
11 0.439071 0.0654841 0.110799 0.111629 0.978205
1 0.936163 0.064436 0.113863 0.113692 0.978162
11 0.31536 0.560788 0.111725 0.112248 0.978084
0 0.563649 0.0650541 0.111565 0.113063 0.977991
8 0.936487 0.561125 0.112768 0.111985 0.977904
0 0.935894 0.188663 0.112479 0.11135 0.977544
2 0.811518 0.188792 0.112001 0.111816 0.977495
13 0.811724 0.313304 0.11152 0.11163 0.977353
2 0.812394 0.436952 0.112631 0.112672 0.976952
8 0.31583 0.68528 0.112321 0.112625 0.976826
7 0.315184 0.189558 0.110084 0.111174 0.178717
5 0.439766 0.0653921 0.111139 0.112515 0.0137939
5 0.315306 0.561065 0.111968 0.11315 0.0124491
5 0.563518 0.934041 0.111443 0.11279 0.0117478
7 0.811778 0.933988 0.111984 0.113136 0.00957168
5 0.190785 0.809601 0.112109 0.11283 0.00896814
1 0.688179 0.064633 0.110498 0.111578 0.00840931
5 0.066977 0.933505 0.114112 0.113254 0.00835281
7 0.812175 0.313813 0.111644 0.113026 0.00625834
2 0.0669072 0.685367 0.112909 0.112782 0.00609624
6 0.191264 0.437653 0.111553 0.111575 0.00608648
2 0.315819 0.68552 0.111468 0.111977 0.00598152
1 0.688238 0.561318 0.111809 0.112605 0.00558232
2 0.936723 0.561309 0.111418 0.112802 0.00544614
8 0.688363 0.933574 0.113631 0.112533 0.00527828
1 0.564013 0.561198 0.111883 0.11287 0.00524973
1 0.812439 0.561362 0.112502 0.113214 0.00494192
3 0.687627 0.31364 0.111144 0.112755 0.00487134
1 0.811404 0.0644751 0.109599 0.11306 0.0048129
1 0.31508 0.0643838 0.112075 0.113292 0.00441226
12 0.81151 0.93341 0.110787 0.110853 0.00421944
3 0.0676358 0.80948 0.111571 0.111657 0.00406025
5 0.811778 0.933988 0.111984 0.113136 0.00383098
1 0.688004 0.188694 0.111403 0.113038 0.00382141
1 0.0672558 0.313094 0.11331 0.112405 0.00377612
6 0.686832 0.809557 0.112654 0.112508 0.00369854
1 0.812062 0.437945 0.108879 0.111417 0.00345922
2 0.812439 0.561362 0.112502 0.113214 0.0033312
3 0.191509 0.561483 0.110828 0.111607 0.00329915
0 0.936317 0.312896 0.112329 0.111248 0.00326014
1 0.0674352 0.0649898 0.113172 0.112646 0.00325117
2 0.687626 0.189334 0.110973 0.112599 0.00321996
12 0.0670044 0.437268 0.113611 0.112789 0.00319723
3 0.688187 0.437381 0.112332 0.112317 0.0031743
1 0.439654 0.436781 0.109668 0.111274 0.00310132
3 0.812659 0.437553 0.111769 0.113775 0.00306833
4 0.439957 0.561206 0.11261 0.113197 0.0030477
1 0.563689 0.0641713 0.111249 0.113386 0.00301956
6 0.811675 0.561399 0.114004 0.112215 0.00292368
1 0.315262 0.313567 0.111066 0.11124 0.0028829
13 0.936162 0.68536 0.111493 0.112367 0.00280447
12 0.688177 0.313337 0.111764 0.113115 0.00272188
13 0.439606 0.561043 0.111554 0.112426 0.00265753
8 0.813094 0.437268 0.110191 0.1119 0.00264137
2 0.191189 0.437133 0.111732 0.112411 0.00257954
12 0.4397 0.313592 0.112408 0.112512 0.00251919
2 0.688238 0.561318 0.111809 0.112605 0.00251705
3 0.439488 0.313421 0.11141 0.112844 0.00249511
0 0.812511 0.685209 0.111543 0.112355 0.00241019
4 0.936184 0.684688 0.112424 0.114205 0.00237222
11 0.315287 0.685101 0.112907 0.110981 0.00236621
1 0.191174 0.188463 0.112164 0.112597 0.00235901
3 0.315596 0.313061 0.110691 0.111819 0.00232771
4 0.688187 0.437381 0.112332 0.112317 0.00229673
7 0.439281 0.933905 0.111195 0.112663 0.00229443
1 0.688017 0.933629 0.113068 0.112854 0.00228872
2 0.688095 0.810041 0.111528 0.111669 0.00227842
12 0.067319 0.809653 0.114125 0.113974 0.00219365
0 0.688177 0.313337 0.111764 0.113115 0.00217808
0 0.935937 0.0644751 0.112103 0.113488 0.00216215
4 0.315313 0.809171 0.112595 0.113275 0.00213804
7 0.936853 0.436527 0.11235 0.112987 0.0021016
7 0.935799 0.933389 0.112758 0.113829 0.0020791
11 0.936244 0.560937 0.113063 0.111175 0.00207727
7 0.68807 0.561309 0.111388 0.111949 0.00206618
10 0.315298 0.561263 0.112593 0.112614 0.00202382
0 0.936479 0.437447 0.112165 0.112768 0.00201159
6 0.563798 0.313146 0.112128 0.112984 0.00200805
7 0.936184 0.684688 0.112424 0.114205 0.00199369
12 0.191165 0.56114 0.111544 0.112863 0.00191043
1 0.811487 0.188968 0.113499 0.1125 0.00188827
3 0.811998 0.0646116 0.112468 0.113435 0.00187607
10 0.811569 0.313208 0.113675 0.112557 0.00186079
0 0.563669 0.436859 0.111797 0.112979 0.00177564
8 0.811595 0.188673 0.112448 0.113336 0.00176249
5 0.315184 0.189558 0.110084 0.111174 0.00173959
3 0.191416 0.933762 0.112952 0.113194 0.00173638
1 0.439644 0.685177 0.112851 0.112119 0.00171219
4 0.688073 0.809543 0.111691 0.112696 0.00170169
2 0.688187 0.437381 0.112332 0.112317 0.00167348
4 0.191307 0.0646195 0.111465 0.113186 0.00166842
12 0.687626 0.8098 0.111617 0.112278 0.00165084
2 0.564013 0.561198 0.111883 0.11287 0.00164432
9 0.191205 0.809567 0.11202 0.112472 0.00163938
13 0.935429 0.933965 0.111667 0.111235 0.00160983
4 0.439488 0.809445 0.111462 0.112291 0.00160738
10 0.687677 0.437604 0.111192 0.111659 0.00160325
0 0.687954 0.685558 0.111677 0.111324 0.00159653
4 0.936226 0.809529 0.112403 0.111935 0.00158253
1 0.563995 0.809445 0.112135 0.112965 0.00157447
1 0.0666941 0.437197 0.114794 0.112317 0.00156198
4 0.812041 0.685111 0.112575 0.112338 0.00151488
0 0.439568 0.313626 0.112075 0.112916 0.00150397
4 0.935799 0.933389 0.112758 0.113829 0.00150102
3 0.439678 0.437328 0.111513 0.112281 0.00149333
7 0.811764 0.560903 0.11202 0.114109 0.00148804
4 0.563937 0.685334 0.111624 0.112633 0.00146523
12 0.811658 0.313776 0.113442 0.113164 0.00146504
4 0.563785 0.437183 0.112233 0.112383 0.00146404
5 0.93646 0.68512 0.111813 0.112137 0.00145833
1 0.687879 0.809697 0.111647 0.111796 0.00145148
3 0.936843 0.436637 0.11104 0.11369 0.00144515
1 0.191535 0.933452 0.112641 0.112119 0.00142936
13 0.19157 0.0642344 0.111845 0.112006 0.00140952
7 0.0673252 0.561165 0.113204 0.113873 0.00139503
7 0.0671515 0.438069 0.113266 0.110026 0.00139448
4 0.315389 0.437467 0.112419 0.113137 0.00139333
7 0.0675497 0.0649087 0.112251 0.112443 0.00139299
0 0.19119 0.313288 0.110272 0.11175 0.00137532
0 0.936162 0.809352 0.111657 0.111954 0.00137412
3 0.440205 0.68543 0.111085 0.112086 0.00133951
10 0.811552 0.809554 0.111439 0.112243 0.00133241
12 0.191157 0.437543 0.111806 0.112237 0.00133186
0 0.0672585 0.561876 0.112284 0.112406 0.00130469
6 0.0667916 0.313388 0.111411 0.111455 0.00129673
4 0.191264 0.313554 0.111267 0.112183 0.00129011
2 0.066621 0.189226 0.112614 0.112306 0.00128406
12 0.439595 0.5615 0.112962 0.112992 0.00128169
0 0.315436 0.437068 0.112698 0.113061 0.00127687
10 0.0669614 0.933663 0.112626 0.112613 0.00127
12 0.19189 0.0645394 0.111612 0.112359 0.00126604
5 0.811555 0.437067 0.114169 0.112073 0.00126535
6 0.68809 0.561159 0.112547 0.112445 0.00125094
4 0.191264 0.437653 0.111553 0.111575 0.00125053
12 0.563286 0.189097 0.111366 0.112437 0.00124623
12 0.0667188 0.188661 0.112445 0.113253 0.00124218
6 0.0669405 0.18811 0.112646 0.112852 0.00123319
12 0.314994 0.18913 0.111579 0.111587 0.00123016
6 0.0666959 0.561448 0.113907 0.112604 0.00122454
7 0.067137 0.313096 0.112755 0.112855 0.00121794
6 0.687792 0.18905 0.111557 0.112295 0.00121614
13 0.315325 0.809712 0.112642 0.112139 0.00120748
12 0.563869 0.685449 0.112071 0.112191 0.00120183
4 0.935772 0.0650679 0.112568 0.113112 0.00119419
4 0.315545 0.933679 0.111301 0.112772 0.00116999
2 0.0668218 0.0648714 0.111839 0.111132 0.00116072
5 0.811487 0.188968 0.113499 0.1125 0.00115162
10 0.812329 0.561478 0.112096 0.113496 0.0011156
7 0.687792 0.18905 0.111557 0.112295 0.00111385
3 0.0672276 0.561139 0.11302 0.113821 0.00111245
6 0.563594 0.561084 0.111967 0.112531 0.00111064
10 0.439919 0.0645799 0.111975 0.112075 0.00110931
4 0.688256 0.934187 0.112225 0.112466 0.00110763
10 0.811534 0.932772 0.112119 0.110015 0.0010995
2 0.811435 0.809332 0.112793 0.11266 0.0010971
0 0.315545 0.933679 0.111301 0.112772 0.00109667
4 0.811435 0.809332 0.112793 0.11266 0.0010945
6 0.19145 0.685538 0.111766 0.111836 0.00109128
9 0.935956 0.188966 0.11212 0.112345 0.00108919
5 0.314891 0.809409 0.112119 0.112024 0.00108856
2 0.812984 0.685021 0.111913 0.112647 0.00108817
13 0.563242 0.933838 0.11051 0.112549 0.00108756
13 0.936669 0.436557 0.111214 0.113075 0.00108081
3 0.0666941 0.437197 0.114794 0.112317 0.00107606
0 0.936611 0.561459 0.111738 0.112878 0.00107045
5 0.0666573 0.0650774 0.112021 0.11121 0.00106808
12 0.439408 0.933666 0.110772 0.111133 0.0010613
4 0.0669405 0.18811 0.112646 0.112852 0.00105702
9 0.688095 0.810041 0.111528 0.111669 0.00105499
3 0.811461 0.809682 0.113235 0.111907 0.0010456
10 0.563902 0.933389 0.11225 0.112931 0.00103714
3 0.687345 0.0648971 0.11133 0.113588 0.00102563
12 0.0666529 0.685587 0.111849 0.112451 0.0010078
0 0.439599 0.809478 0.111849 0.112981 0.00100688
13 0.563433 0.685438 0.111785 0.111954 0.00100269
13 0.0668291 0.934291 0.113274 0.113051 0.00100144
