9 0.439062 0.933992 0.11194 0.113627 0.986749
5 0.935836 0.934075 0.111895 0.111684 0.986484
9 0.315251 0.685069 0.11157 0.1119 0.986106
3 0.191513 0.809472 0.110818 0.112366 0.985974
3 0.563129 0.809646 0.112973 0.113366 0.985778
3 0.191705 0.685464 0.11078 0.112918 0.985692
4 0.31614 0.809364 0.111943 0.112024 0.985479
7 0.439594 0.809665 0.111301 0.111583 0.984685
7 0.688004 0.933968 0.112234 0.113947 0.984377
6 0.439642 0.685176 0.111673 0.112506 0.984096
4 0.688239 0.80964 0.112971 0.113312 0.983619
13 0.811947 0.933967 0.112656 0.11306 0.983484
3 0.191167 0.313217 0.111218 0.113359 0.983359
7 0.31546 0.437493 0.112878 0.111665 0.983353
3 0.0667875 0.0647856 0.11199 0.113779 0.98317
9 0.31523 0.313427 0.111405 0.113085 0.983149
9 0.0676825 0.188756 0.112109 0.11214 0.982843
13 0.191189 0.189225 0.112206 0.112448 0.982832
11 0.191279 0.561861 0.111356 0.111934 0.982525
3 0.0671617 0.934156 0.11331 0.114697 0.982434
3 0.315188 0.188347 0.11141 0.113032 0.982124
5 0.439302 0.0649628 0.110824 0.1118 0.981696
1 0.0668821 0.437241 0.112537 0.11273 0.981561
4 0.812552 0.809764 0.113066 0.114047 0.981541
6 0.191207 0.0641199 0.111211 0.112932 0.98152
9 0.811769 0.685632 0.111986 0.112075 0.980837
0 0.314869 0.0640349 0.111595 0.11287 0.980649
4 0.563787 0.561047 0.113358 0.114222 0.98015
0 0.315217 0.561163 0.112383 0.112445 0.980095
2 0.936192 0.809862 0.112005 0.112073 0.979969
12 0.0670217 0.685283 0.112624 0.112696 0.979845
11 0.5638 0.685619 0.111901 0.1125 0.979822
1 0.439214 0.561295 0.113346 0.114158 0.979687
1 0.687761 0.561392 0.113102 0.113784 0.979678
6 0.563864 0.313311 0.112299 0.112332 0.979598
0 0.0671693 0.560912 0.112023 0.11283 0.97953
1 0.439174 0.313126 0.112654 0.113107 0.97944
1 0.563413 0.188642 0.112483 0.113727 0.979418
6 0.563887 0.437129 0.11238 0.112575 0.979404
11 0.563566 0.0649469 0.110804 0.111899 0.979256
9 0.68779 0.0654042 0.112187 0.111801 0.979068
6 0.687989 0.313139 0.112218 0.1119 0.978965
6 0.936327 0.685339 0.112728 0.112138 0.978754
4 0.812328 0.18848 0.113528 0.11398 0.978744
3 0.687653 0.68554 0.111308 0.112058 0.978563
0 0.439327 0.437154 0.111753 0.11361 0.978558
11 0.812201 0.561904 0.112935 0.113532 0.97855
9 0.811529 0.437286 0.112353 0.112136 0.97852
3 0.687703 0.188879 0.111902 0.112885 0.978333
0 0.687487 0.437106 0.112259 0.113042 0.978312
1 0.936362 0.31296 0.113473 0.112189 0.978269
11 0.936556 0.561985 0.113346 0.113548 0.978022
8 0.315544 0.933724 0.112814 0.112304 0.977795
8 0.191193 0.43749 0.111385 0.111698 0.977721
0 0.812066 0.0646537 0.112159 0.113032 0.977491
11 0.936322 0.0644635 0.113627 0.112784 0.977387
8 0.439551 0.189139 0.111619 0.112713 0.977338
7 0.812293 0.31308 0.112939 0.113075 0.977324
0 0.0670632 0.809389 0.112521 0.113321 0.977243
7 0.936826 0.437269 0.113317 0.113949 0.977105
0 0.0672728 0.31294 0.111881 0.113437 0.976883
8 0.936058 0.189333 0.112247 0.113513 0.976835
8 0.191414 0.933497 0.112404 0.112522 0.976755
8 0.563665 0.934264 0.111665 0.112038 0.976691
1 0.0668837 0.312583 0.112637 0.112718 0.0285287
2 0.315622 0.933729 0.113036 0.11373 0.0189293
5 0.93654 0.561409 0.112943 0.111993 0.0182764
2 0.935706 0.189234 0.11406 0.113695 0.0180076
2 0.190808 0.437202 0.111568 0.11215 0.0178067
2 0.439359 0.188987 0.111743 0.112687 0.0175777
12 0.811526 0.934212 0.111531 0.111373 0.0155311
5 0.564132 0.0648682 0.111164 0.111851 0.0144783
1 0.066933 0.809339 0.11269 0.112677 0.0109568
1 0.0666637 0.560719 0.112984 0.112262 0.0106852
5 0.812154 0.561504 0.112592 0.112331 0.00981986
2 0.191393 0.933439 0.112891 0.114047 0.00894677
6 0.0667815 0.685263 0.112428 0.11246 0.00858791
2 0.563568 0.933749 0.111737 0.112296 0.00811703
1 0.687797 0.436597 0.11246 0.1128 0.00807889
3 0.811541 0.685808 0.110613 0.112982 0.00723229
12 0.81154 0.313279 0.112024 0.113276 0.00673226
5 0.564219 0.685964 0.110562 0.111234 0.00506453
12 0.811541 0.685808 0.110613 0.112982 0.00500083
5 0.936186 0.809862 0.113097 0.114041 0.0048896
3 0.93665 0.685326 0.111793 0.113401 0.00465224
10 0.812407 0.809295 0.111894 0.113611 0.00455049
12 0.936298 0.437326 0.113089 0.114426 0.00436473
3 0.315251 0.685069 0.11157 0.1119 0.00426886
1 0.812557 0.188601 0.113428 0.114476 0.00402408
1 0.8123 0.0643182 0.111121 0.11333 0.00377981
0 0.936228 0.313223 0.112559 0.111037 0.00376144
1 0.439342 0.436857 0.111874 0.112876 0.00372385
10 0.811552 0.561697 0.110966 0.111833 0.003558
12 0.315749 0.436698 0.111057 0.110468 0.00328583
1 0.315146 0.561099 0.112089 0.11299 0.00324732
2 0.688063 0.189238 0.112234 0.112391 0.00319824
1 0.564329 0.561308 0.113443 0.113967 0.00314465
0 0.563491 0.188246 0.112481 0.114001 0.0031303
1 0.688075 0.809138 0.11221 0.112289 0.00304346
2 0.688133 0.685927 0.112821 0.1121 0.00302003
3 0.81148 0.437351 0.111146 0.112886 0.00293943
12 0.315488 0.313436 0.111999 0.112586 0.00291017
12 0.0676911 0.188832 0.112942 0.113356 0.00290222
3 0.0668283 0.188513 0.113927 0.112989 0.00289702
5 0.935524 0.0650285 0.11293 0.111634 0.00288203
0 0.68791 0.560751 0.112873 0.11342 0.00283765
13 0.93765 0.436565 0.111876 0.113555 0.00277999
10 0.935849 0.933464 0.111889 0.111671 0.00275196
12 0.687539 0.188627 0.11208 0.112883 0.00265882
12 0.81148 0.437351 0.111146 0.112886 0.00259134
0 0.439293 0.313409 0.11127 0.113174 0.00257046
0 0.688165 0.0648996 0.110929 0.111805 0.00253463
0 0.813065 0.437572 0.110824 0.11184 0.00237875
4 0.687835 0.933628 0.112568 0.114117 0.00234634
1 0.936502 0.809655 0.112284 0.112832 0.00232199
3 0.190964 0.0645479 0.111981 0.113411 0.00230571
10 0.936968 0.561493 0.111886 0.112065 0.00224828
3 0.440296 0.685355 0.111396 0.112205 0.0022393
1 0.315992 0.809452 0.113407 0.112611 0.00217662
2 0.68808 0.561283 0.112244 0.113678 0.00216775
3 0.439062 0.933992 0.11194 0.113627 0.00214421
0 0.0664632 0.436064 0.113776 0.112343 0.00211118
9 0.688133 0.685927 0.112821 0.1121 0.00210193
7 0.811674 0.80896 0.11266 0.115073 0.00205228
1 0.191494 0.685272 0.112567 0.112531 0.00204786
12 0.19167 0.312702 0.11199 0.112241 0.00203349
3 0.563984 0.436445 0.111897 0.112728 0.00202465
6 0.191676 0.313253 0.112334 0.113212 0.00200659
1 0.314869 0.0640349 0.111595 0.11287 0.00199199
6 0.686775 0.685636 0.11177 0.112671 0.0019775
12 0.688165 0.0648996 0.110929 0.111805 0.00197723
0 0.439671 0.561273 0.112882 0.113827 0.00196611
6 0.811494 0.313027 0.113457 0.112882 0.00194557
8 0.93606 0.0646022 0.11233 0.111468 0.00192391
10 0.812224 0.933874 0.111615 0.113549 0.00192182
4 0.93685 0.43681 0.113506 0.113349 0.00186602
0 0.813066 0.685759 0.111879 0.111595 0.00185126
1 0.812017 0.809909 0.113073 0.112135 0.00184682
9 0.688063 0.189238 0.112234 0.112391 0.00182683
3 0.687614 0.313421 0.110528 0.112782 0.00179261
7 0.68776 0.809366 0.112011 0.112644 0.00178412
3 0.563938 0.312826 0.111883 0.112575 0.00178405
7 0.0665907 0.684887 0.113151 0.112505 0.00177344
11 0.19109 0.437322 0.113028 0.112904 0.00172122
12 0.316082 0.685007 0.111685 0.112136 0.0017072
0 0.0675855 0.188878 0.11245 0.114142 0.00170619
11 0.191771 0.933467 0.113006 0.113796 0.00170587
10 0.31554 0.437905 0.11039 0.112386 0.00170482
0 0.315411 0.313465 0.111898 0.112809 0.00165094
6 0.936212 0.436978 0.113415 0.113981 0.00164917
4 0.439921 0.809264 0.111388 0.11225 0.00161917
11 0.563539 0.934141 0.112315 0.112753 0.00160276
6 0.191494 0.685272 0.112567 0.112531 0.00159355
2 0.191031 0.685118 0.113708 0.113134 0.00149526
6 0.686823 0.188761 0.111875 0.113157 0.00149058
3 0.315411 0.313465 0.111898 0.112809 0.00148977
9 0.191409 0.561007 0.111139 0.111462 0.00147611
8 0.688165 0.0648996 0.110929 0.111805 0.00143664
7 0.811644 0.933601 0.111368 0.112175 0.0013992
6 0.191382 0.809263 0.112322 0.112356 0.00137117
11 0.439115 0.189009 0.112437 0.112306 0.00137076
3 0.936315 0.809932 0.112279 0.111269 0.00136865
2 0.812407 0.809295 0.111894 0.113611 0.00136759
7 0.811629 0.187706 0.113296 0.115425 0.00134003
12 0.688155 0.685432 0.113457 0.112779 0.00133815
2 0.564329 0.561308 0.113443 0.113967 0.00133785
2 0.688239 0.80964 0.112971 0.113312 0.00132024
1 0.563271 0.809611 0.112065 0.112487 0.00131047
12 0.440116 0.934121 0.112735 0.112333 0.00130244
4 0.439237 0.3128 0.112449 0.113322 0.00129788
2 0.0666589 0.933615 0.115635 0.114996 0.00126532
2 0.190913 0.809094 0.113735 0.112756 0.00125248
1 0.688265 0.313081 0.111093 0.113257 0.00125221
11 0.315544 0.933724 0.112814 0.112304 0.00122885
0 0.936265 0.189002 0.11135 0.112348 0.00122042
1 0.687786 0.685562 0.11161 0.112005 0.00121447
13 0.31554 0.437905 0.11039 0.112386 0.00121388
1 0.191646 0.809212 0.112006 0.112061 0.00121185
2 0.563636 0.809663 0.111837 0.11253 0.00119755
5 0.688155 0.685432 0.113457 0.112779 0.00118261
5 0.190794 0.561034 0.111978 0.11244 0.00118209
1 0.0661844 0.0647722 0.112499 0.11218 0.00117695
12 0.314786 0.188301 0.111171 0.112192 0.00116964
10 0.936131 0.0647921 0.112582 0.112096 0.00116791
11 0.936145 0.188857 0.111506 0.11429 0.00115432
4 0.439615 0.561393 0.11262 0.113435 0.00114146
11 0.688195 0.0646452 0.112112 0.11145 0.00113233
2 0.812557 0.188601 0.113428 0.114476 0.00112885
0 0.316082 0.685007 0.111685 0.112136 0.00112429
4 0.688104 0.685444 0.112687 0.113162 0.0011169
6 0.811549 0.188454 0.114857 0.1137 0.00110594
6 0.315209 0.809091 0.112271 0.112689 0.00110436
4 0.563611 0.188871 0.112699 0.113824 0.00108393
3 0.688209 0.0650271 0.112665 0.112165 0.00107279
1 0.687532 0.188843 0.11221 0.112869 0.00106195
9 0.93606 0.0646022 0.11233 0.111468 0.00106145
13 0.811602 0.31293 0.111866 0.113428 0.00104422
4 0.68791 0.560751 0.112873 0.11342 0.00103457
2 0.81307 0.562318 0.111695 0.112711 0.00103252
2 0.191676 0.313253 0.112334 0.113212 0.00103197
4 0.688043 0.188885 0.112808 0.114282 0.00100847
1 0.19137 0.312593 0.111622 0.112191 0.00100833
5 0.812017 0.809909 0.113073 0.112135 0.00100304
8 0.191369 0.560921 0.111427 0.111105 0.00100029
