7 0.0670204 0.561541 0.112641 0.111635 0.985396
7 0.43991 0.685069 0.111534 0.111626 0.985283
11 0.935287 0.933435 0.112587 0.112815 0.984386
7 0.93565 0.808812 0.110985 0.109466 0.983907
11 0.439074 0.934465 0.110901 0.110601 0.983654
10 0.191308 0.561659 0.110841 0.110533 0.983546
9 0.190736 0.187878 0.11185 0.111693 0.983259
4 0.19121 0.437727 0.112625 0.113721 0.983133
2 0.563187 0.933736 0.114364 0.112761 0.982817
2 0.314729 0.933282 0.115156 0.112806 0.982627
11 0.190975 0.685019 0.112078 0.112915 0.982595
4 0.190186 0.933686 0.110553 0.111969 0.982513
5 0.315611 0.314239 0.11185 0.113453 0.98243
4 0.5635 0.685078 0.112048 0.111808 0.982242
6 0.0663767 0.313571 0.113307 0.112082 0.982181
9 0.687478 0.809194 0.112248 0.112264 0.982103
11 0.812117 0.80917 0.112648 0.11099 0.982049
11 0.191032 0.31343 0.113576 0.113227 0.981809
1 0.812805 0.933035 0.113205 0.113033 0.981799
10 0.688183 0.933975 0.112399 0.112508 0.981684
11 0.0663623 0.189766 0.114841 0.114404 0.981438
11 0.0664972 0.685246 0.114159 0.113336 0.981397
13 0.0665396 0.0649046 0.112224 0.111695 0.981316
13 0.935721 0.685258 0.111667 0.110574 0.981124
9 0.315205 0.561756 0.113186 0.111435 0.980743
0 0.315591 0.808501 0.11375 0.114659 0.980591
13 0.189923 0.0646517 0.11314 0.110782 0.98051
1 0.315758 0.437628 0.112646 0.111836 0.980351
1 0.315843 0.68397 0.113462 0.110906 0.979764
10 0.563625 0.561258 0.112053 0.112378 0.979185
1 0.0661427 0.436541 0.112879 0.114761 0.979112
11 0.0665273 0.934402 0.114713 0.114058 0.978901
8 0.314502 0.063489 0.110996 0.111348 0.978898
0 0.563814 0.808818 0.111547 0.114051 0.978607
12 0.812343 0.561554 0.112247 0.111596 0.978603
5 0.439497 0.188592 0.113553 0.113045 0.978591
9 0.686795 0.18747 0.113874 0.11421 0.978588
13 0.935553 0.187816 0.112349 0.112663 0.978345
8 0.812053 0.685782 0.112848 0.111233 0.978224
12 0.936179 0.562009 0.112178 0.113049 0.978169
11 0.687967 0.561394 0.113152 0.111627 0.978118
5 0.314189 0.188023 0.112181 0.112169 0.977995
0 0.439481 0.438045 0.111522 0.112445 0.977653
5 0.812234 0.437478 0.111981 0.110754 0.977631
0 0.688174 0.68516 0.111222 0.111831 0.977601
11 0.936264 0.436594 0.111349 0.113318 0.977573
1 0.190352 0.809226 0.113492 0.112474 0.977562
2 0.812133 0.312591 0.112119 0.114227 0.97755
2 0.688225 0.43707 0.112093 0.112175 0.977513
12 0.43946 0.561672 0.111362 0.110899 0.977366
5 0.687605 0.313052 0.11272 0.112012 0.977223
1 0.440127 0.810263 0.111817 0.113808 0.977046
8 0.56371 0.437328 0.112145 0.111907 0.977007
0 0.563884 0.312163 0.113225 0.114771 0.976606
1 0.439049 0.312403 0.112078 0.111688 0.976573
1 0.936312 0.312737 0.111661 0.112908 0.976162
0 0.8119 0.0638217 0.111633 0.11177 0.975545
1 0.439486 0.0638483 0.114089 0.110353 0.975347
0 0.0653794 0.809135 0.110774 0.115429 0.975321
1 0.93525 0.0639406 0.111399 0.111126 0.975076
1 0.685912 0.0644098 0.112069 0.110648 0.974945
0 0.56246 0.0644854 0.109925 0.111202 0.973866
1 0.56328 0.188403 0.109915 0.109906 0.973852
1 0.812108 0.188333 0.11231 0.110137 0.973772
8 0.688271 0.437217 0.113432 0.113809 0.00565266
10 0.936424 0.435998 0.112243 0.11624 0.00547492
0 0.688393 0.808903 0.113015 0.112286 0.00515765
8 0.811477 0.808945 0.108667 0.108522 0.00500062
1 0.688238 0.437119 0.113769 0.114083 0.00462505
1 0.562032 0.0652033 0.110585 0.111459 0.00447634
0 0.686295 0.0638587 0.113552 0.109764 0.00401814
0 0.93568 0.0633338 0.113777 0.110641 0.00385326
10 0.935634 0.685432 0.109962 0.110609 0.00379496
8 0.563883 0.933686 0.114544 0.112546 0.00373047
1 0.811745 0.3134 0.111107 0.11372 0.00371744
9 0.811477 0.808945 0.108667 0.108522 0.00353771
0 0.81248 0.185639 0.112961 0.110347 0.00340661
8 0.688426 0.561397 0.114129 0.1124 0.0032495
0 0.563299 0.438267 0.112311 0.111651 0.00323366
7 0.19087 0.934387 0.111739 0.110764 0.00318694
0 0.563792 0.188534 0.108836 0.111074 0.00312051
1 0.687698 0.684749 0.112355 0.112185 0.0031161
2 0.811518 0.685318 0.112123 0.110685 0.00309166
0 0.936629 0.310552 0.111909 0.111151 0.00305391
0 0.686953 0.18834 0.11279 0.116051 0.0029946
5 0.687953 0.561217 0.11332 0.111727 0.00298702
2 0.563781 0.437272 0.111822 0.112313 0.0029466
11 0.686571 0.313275 0.112188 0.111524 0.00294267
10 0.93621 0.561992 0.109713 0.111781 0.00292723
0 0.191299 0.188492 0.112516 0.11341 0.00291047
0 0.438386 0.310982 0.113086 0.112173 0.00278896
3 0.688229 0.313127 0.114357 0.113672 0.00272239
8 0.315147 0.933608 0.114673 0.112933 0.00262497
5 0.0666556 0.684337 0.11523 0.113052 0.0026231
8 0.935879 0.436156 0.108847 0.110827 0.00256043
1 0.563276 0.684751 0.112178 0.112127 0.00253182
2 0.314612 0.0641658 0.112207 0.111862 0.00250968
8 0.191158 0.684596 0.111631 0.111096 0.00249479
3 0.0664629 0.313612 0.112723 0.111859 0.00245286
13 0.191869 0.562039 0.11002 0.109931 0.00245122
8 0.191296 0.31326 0.114123 0.114127 0.0023919
10 0.06702 0.18833 0.113853 0.11486 0.00238963
0 0.0651559 0.434958 0.113247 0.112774 0.00236764
8 0.935279 0.932745 0.109262 0.109906 0.00235699
13 0.0664972 0.685246 0.114159 0.113336 0.00235277
10 0.811575 0.808964 0.10762 0.109051 0.00231425
11 0.935721 0.685258 0.111667 0.110574 0.00230729
0 0.439677 0.0644818 0.113528 0.111884 0.0022596
2 0.688229 0.313127 0.114357 0.113672 0.00224489
0 0.813554 0.933321 0.113465 0.11271 0.0022389
11 0.811433 0.437671 0.111182 0.110581 0.00223085
12 0.686718 0.188349 0.112428 0.112955 0.00220776
7 0.191878 0.437753 0.112877 0.113597 0.00218847
12 0.935462 0.80884 0.108351 0.109289 0.00215672
5 0.812117 0.80917 0.112648 0.11099 0.00215245
0 0.315762 0.438594 0.111843 0.111409 0.00215048
3 0.688421 0.809153 0.113032 0.112638 0.00210478
3 0.812039 0.438168 0.112129 0.111256 0.00206925
8 0.686718 0.188349 0.112428 0.112955 0.00205609
10 0.439903 0.188275 0.113145 0.113295 0.00201446
5 0.811374 0.312588 0.111036 0.113286 0.00199148
8 0.439336 0.934504 0.110718 0.110601 0.00198621
11 0.934827 0.188212 0.112505 0.112671 0.00196088
10 0.687949 0.561111 0.113078 0.112289 0.00191191
9 0.935879 0.436156 0.108847 0.110827 0.00190868
8 0.688421 0.809153 0.113032 0.112638 0.00188498
13 0.0661481 0.189735 0.114471 0.112927 0.00185452
13 0.190975 0.685019 0.112078 0.112915 0.00184824
2 0.5635 0.685078 0.112048 0.111808 0.00184535
11 0.066098 0.064701 0.113313 0.111387 0.00184096
8 0.811821 0.3136 0.111819 0.113993 0.00183735
0 0.315482 0.561281 0.112997 0.113511 0.00182685
12 0.688376 0.809245 0.112233 0.111601 0.00182392
9 0.811354 0.0648156 0.111577 0.111114 0.00182118
1 0.563743 0.933737 0.114041 0.112399 0.00181735
5 0.93567 0.933383 0.111984 0.113025 0.00177437
11 0.438982 0.189558 0.112874 0.11367 0.00177058
8 0.191327 0.188475 0.112496 0.112474 0.0017674
11 0.687979 0.933735 0.113794 0.11306 0.00175586
12 0.191327 0.188475 0.112496 0.112474 0.00175519
10 0.439336 0.934504 0.110718 0.110601 0.00173842
0 0.813138 0.686232 0.114293 0.112501 0.00173724
13 0.935126 0.933737 0.112108 0.113266 0.00171206
1 0.191514 0.437516 0.112625 0.113091 0.00166078
7 0.81138 0.561888 0.110467 0.111376 0.0016564
4 0.812039 0.438168 0.112129 0.111256 0.00164322
4 0.0666217 0.560804 0.114258 0.110538 0.00164022
3 0.43942 0.561097 0.110444 0.112068 0.00163549
1 0.315368 0.933296 0.114381 0.112234 0.0016302
6 0.813554 0.933321 0.113465 0.11271 0.00162664
5 0.0667527 0.934015 0.115275 0.114268 0.00162509
10 0.812418 0.561954 0.109548 0.110972 0.00162207
5 0.19089 0.684315 0.11358 0.113295 0.00161074
1 0.439433 0.436557 0.110642 0.113862 0.00159169
9 0.68663 0.561265 0.113379 0.111648 0.00156829
8 0.0665273 0.934402 0.114713 0.114058 0.00156466
11 0.314066 0.189207 0.111907 0.112787 0.00154517
0 0.314965 0.0641655 0.111999 0.111346 0.00154268
1 0.563657 0.311624 0.113271 0.113845 0.00153575
4 0.563746 0.561246 0.112217 0.112769 0.00153046
3 0.812173 0.561056 0.112552 0.112799 0.00150038
2 0.812039 0.438168 0.112129 0.111256 0.0014953
7 0.935419 0.186385 0.112431 0.118297 0.00149322
2 0.812371 0.80932 0.110515 0.110779 0.00148609
13 0.0664268 0.933601 0.114004 0.113148 0.00147861
2 0.190366 0.934085 0.111719 0.112265 0.00146036
2 0.688139 0.809356 0.112297 0.112575 0.00143466
5 0.935833 0.436076 0.112087 0.112743 0.00143373
13 0.688243 0.93449 0.111418 0.110692 0.00143211
4 0.688657 0.933826 0.114966 0.112927 0.00142364
7 0.0672523 0.313803 0.113438 0.113454 0.00141399
5 0.191095 0.31269 0.113363 0.113071 0.00140292
9 0.315569 0.808353 0.11288 0.113938 0.00139442
3 0.686251 0.187913 0.112064 0.113725 0.00139383
10 0.935749 0.932976 0.111825 0.111408 0.00136833
4 0.813554 0.933321 0.113465 0.11271 0.00136302
6 0.43942 0.561097 0.110444 0.112068 0.0013588
5 0.0663623 0.189766 0.114841 0.114404 0.00135265
13 0.81138 0.561888 0.110467 0.111376 0.00134187
6 0.19087 0.934387 0.111739 0.110764 0.00131488
11 0.191191 0.561203 0.110532 0.11103 0.00130526
9 0.687979 0.933735 0.113794 0.11306 0.00127891
13 0.935303 0.437213 0.111562 0.113223 0.0012775
9 0.935279 0.932745 0.109262 0.109906 0.00127365
10 0.811639 0.437913 0.111152 0.111525 0.00126639
11 0.315275 0.314138 0.111495 0.1133 0.00124585
6 0.93568 0.0633338 0.113777 0.110641 0.00123479
5 0.439381 0.934417 0.112406 0.11126 0.00123066
3 0.811748 0.313629 0.112873 0.114267 0.00122634
10 0.192165 0.313162 0.114738 0.112566 0.00122043
1 0.0654799 0.807876 0.11274 0.115395 0.00119878
5 0.688584 0.93366 0.114015 0.112726 0.00119223
6 0.686295 0.0638587 0.113552 0.109764 0.00118655
10 0.3138 0.188109 0.111717 0.112279 0.00118291
3 0.936366 0.560836 0.110471 0.112669 0.00116496
4 0.935494 0.809046 0.110753 0.11051 0.0011608
10 0.0670444 0.683925 0.11346 0.112789 0.001156
1 0.190559 0.934123 0.111313 0.111535 0.00115427
13 0.563316 0.561701 0.111375 0.111673 0.001153
0 0.439923 0.809231 0.111856 0.114137 0.00114
9 0.563712 0.809509 0.110586 0.113152 0.00112588
0 0.813157 0.562066 0.111111 0.111455 0.00112109
9 0.0663861 0.683819 0.113762 0.111404 0.00111795
7 0.563453 0.685126 0.11281 0.111046 0.00111622
7 0.936057 0.561261 0.108907 0.112568 0.00110422
12 0.315735 0.561246 0.113192 0.112578 0.00109905
0 0.189756 0.80859 0.113266 0.112999 0.00109602
10 0.687294 0.312926 0.112112 0.112201 0.00109126
6 0.812186 0.188547 0.113508 0.110019 0.00105106
10 0.439266 0.561824 0.110149 0.111175 0.00105057
13 0.935998 0.561536 0.109247 0.112413 0.00103857
10 0.191366 0.684261 0.111055 0.111193 0.00103034
2 0.191319 0.437687 0.113163 0.113958 0.00102406
1 0.563636 0.808779 0.111621 0.113956 0.00102366
7 0.688657 0.933826 0.114966 0.112927 0.00101425
2 0.315272 0.313339 0.112117 0.112339 0.00101129
4 0.688229 0.313127 0.114357 0.113672 0.00100969
