3 0.439588 0.809507 0.11243 0.111724 0.988138
9 0.563607 0.933985 0.112015 0.113044 0.986857
8 0.687823 0.934112 0.112616 0.11271 0.986158
3 0.563525 0.0647822 0.111841 0.112502 0.985809
12 0.315843 0.809518 0.110755 0.111767 0.985603
2 0.439291 0.685483 0.111792 0.112224 0.985539
9 0.687965 0.809742 0.111889 0.112372 0.985527
8 0.315401 0.934228 0.112284 0.111985 0.9855
5 0.936248 0.684961 0.112532 0.112595 0.984677
12 0.4397 0.933817 0.111971 0.113396 0.984656
8 0.811787 0.934011 0.112479 0.112947 0.983989
11 0.191615 0.809302 0.111846 0.112973 0.983931
8 0.812063 0.809818 0.11333 0.113287 0.983772
3 0.19182 0.561537 0.11036 0.111604 0.983582
9 0.191495 0.437516 0.111496 0.112546 0.98347
9 0.315589 0.43751 0.111393 0.112594 0.983352
9 0.0671916 0.313044 0.113348 0.111886 0.983215
10 0.315995 0.0644564 0.11205 0.112453 0.983145
3 0.0672894 0.437594 0.111984 0.112196 0.98303
6 0.315392 0.561415 0.111017 0.111658 0.982918
4 0.315561 0.189084 0.113448 0.113147 0.982793
2 0.19134 0.933928 0.113233 0.113103 0.982774
11 0.191436 0.685402 0.111742 0.112347 0.982748
2 0.936542 0.810148 0.111701 0.11138 0.982657
1 0.3154 0.685524 0.11206 0.112334 0.982595
13 0.315706 0.313236 0.111724 0.111116 0.982475
10 0.191818 0.188859 0.111968 0.111521 0.982382
10 0.439378 0.31306 0.112447 0.111946 0.982256
3 0.19157 0.313493 0.110641 0.111533 0.982167
4 0.439553 0.0650202 0.111591 0.112147 0.982085
2 0.0667245 0.189491 0.11156 0.11258 0.981655
8 0.439051 0.189654 0.11234 0.112273 0.981605
4 0.564241 0.809556 0.112894 0.113285 0.98146
12 0.0669992 0.0646158 0.113066 0.113058 0.981159
4 0.43943 0.437141 0.112839 0.113049 0.980947
6 0.191755 0.0644444 0.111704 0.112702 0.980753
12 0.936678 0.933597 0.111822 0.11297 0.980696
13 0.563876 0.68509 0.111017 0.11203 0.980637
2 0.0673132 0.561944 0.112479 0.112624 0.980605
8 0.0671613 0.810019 0.114182 0.113107 0.980563
8 0.0668179 0.934335 0.11417 0.113976 0.980412
8 0.0671468 0.685677 0.113633 0.112605 0.980359
9 0.563545 0.313432 0.111748 0.111556 0.980241
2 0.935647 0.0655314 0.112676 0.112934 0.980213
11 0.811593 0.0652583 0.112072 0.112895 0.979924
10 0.687603 0.0645954 0.111619 0.113052 0.979916
6 0.563988 0.188846 0.111878 0.112538 0.979725
10 0.564 0.437034 0.112596 0.113529 0.979615
5 0.563487 0.561311 0.112162 0.113671 0.979412
4 0.688249 0.685024 0.113031 0.112402 0.979331
4 0.687961 0.188646 0.112869 0.113205 0.979193
4 0.812548 0.685006 0.113089 0.112371 0.979022
8 0.43956 0.561156 0.112233 0.112 0.978962
13 0.687709 0.43734 0.112386 0.112751 0.978881
4 0.81238 0.312827 0.113068 0.112638 0.978672
12 0.687792 0.56155 0.112352 0.11207 0.978636
10 0.936268 0.188755 0.112977 0.112954 0.978571
2 0.811264 0.188655 0.112296 0.112444 0.978449
13 0.936423 0.56168 0.112789 0.112136 0.978321
2 0.687704 0.3131 0.112097 0.113831 0.97791
4 0.936658 0.312668 0.113374 0.112729 0.977907
2 0.812266 0.437189 0.112695 0.113793 0.977827
8 0.936338 0.437158 0.112776 0.112271 0.977498
8 0.812334 0.561706 0.112433 0.112264 0.977094
2 0.812372 0.561458 0.111221 0.112531 0.0122053
10 0.936365 0.93362 0.110917 0.11274 0.00671144
2 0.439545 0.561319 0.111421 0.113227 0.00578441
2 0.936693 0.436789 0.112187 0.112781 0.00534605
12 0.688189 0.437171 0.112659 0.11291 0.00512232
1 0.688192 0.68536 0.112634 0.111953 0.00499197
1 0.68772 0.189226 0.112539 0.113142 0.00467169
10 0.811481 0.06457 0.110374 0.112008 0.00466149
3 0.687664 0.313949 0.112029 0.112719 0.00463797
3 0.0667467 0.561663 0.115313 0.112105 0.00451338
2 0.0669182 0.809657 0.114408 0.112259 0.00448496
3 0.315525 0.560994 0.111818 0.112156 0.00442031
1 0.811909 0.437932 0.110145 0.112735 0.00434873
12 0.936118 0.561819 0.110942 0.112898 0.00430826
1 0.439848 0.437435 0.112771 0.112742 0.00422742
1 0.812154 0.313098 0.113133 0.113129 0.00413384
1 0.93662 0.312923 0.11314 0.113132 0.00394235
1 0.315364 0.189058 0.111515 0.111761 0.00393093
3 0.564105 0.188444 0.111833 0.113023 0.00374656
1 0.812533 0.685285 0.113016 0.112693 0.00366396
11 0.563889 0.685145 0.111086 0.112077 0.0036516
2 0.0675215 0.685537 0.113638 0.11389 0.00353588
2 0.439276 0.189418 0.111917 0.112308 0.00344476
11 0.812768 0.809244 0.113649 0.113339 0.00342048
1 0.56394 0.809674 0.112346 0.11235 0.00340068
1 0.439553 0.0650202 0.111591 0.112147 0.0033927
4 0.688176 0.0649909 0.111175 0.113813 0.00334184
3 0.190943 0.0643473 0.110561 0.111781 0.00320229
0 0.191817 0.437947 0.110045 0.111932 0.00309186
5 0.936046 0.0648197 0.113008 0.113683 0.00301781
7 0.688176 0.0649909 0.111175 0.113813 0.00294976
5 0.811483 0.437158 0.1132 0.112458 0.00291091
3 0.812119 0.437896 0.112777 0.112701 0.00286813
0 0.0674574 0.31353 0.112729 0.112903 0.00283366
12 0.563597 0.68538 0.111234 0.111787 0.0027611
2 0.812285 0.810149 0.112735 0.114054 0.00270587
3 0.811499 0.189638 0.112014 0.113219 0.00269945
0 0.813183 0.934256 0.110302 0.113572 0.00268208
8 0.191469 0.438029 0.11159 0.112435 0.00266713
5 0.688146 0.0647468 0.112068 0.112698 0.00261798
5 0.811334 0.188768 0.112855 0.113295 0.00260439
8 0.688082 0.313378 0.111219 0.113455 0.00256069
0 0.688369 0.809756 0.111467 0.111322 0.0025335
9 0.687902 0.933554 0.111692 0.112083 0.00251337
0 0.563884 0.313509 0.111371 0.111631 0.00246486
10 0.935832 0.684884 0.111497 0.112341 0.0024531
8 0.0675395 0.313512 0.112078 0.112654 0.0024065
0 0.316033 0.43792 0.109911 0.11219 0.00240599
1 0.68757 0.313556 0.111479 0.112325 0.00239341
11 0.81241 0.933585 0.112846 0.113208 0.00235915
13 0.191436 0.685402 0.111742 0.112347 0.00234315
9 0.81162 0.933489 0.111567 0.111769 0.00229271
5 0.686878 0.313452 0.113444 0.112405 0.002267
10 0.812775 0.6854 0.112221 0.112837 0.00224329
11 0.811655 0.56158 0.111013 0.111816 0.0021873
0 0.688605 0.933766 0.113195 0.112692 0.00217874
8 0.564114 0.933679 0.112031 0.111824 0.00214594
5 0.936125 0.80977 0.113127 0.113713 0.00204519
13 0.93598 0.933445 0.112826 0.114197 0.00203941
9 0.812575 0.809276 0.113186 0.112484 0.0019998
13 0.935996 0.188564 0.111868 0.111111 0.00199707
11 0.687879 0.437665 0.113084 0.112418 0.00199694
5 0.0667038 0.18861 0.113369 0.112902 0.00199158
8 0.688369 0.809756 0.111467 0.111322 0.00197746
6 0.812152 0.313427 0.113059 0.111854 0.00193656
5 0.0673266 0.561229 0.112945 0.114689 0.001898
1 0.93657 0.809536 0.112431 0.112837 0.00188402
11 0.439876 0.561219 0.112232 0.112889 0.00185173
6 0.687828 0.561096 0.112264 0.112969 0.00184919
1 0.811887 0.188535 0.112419 0.113557 0.00182132
0 0.81309 0.562254 0.110934 0.113142 0.00176613
8 0.315604 0.437999 0.111684 0.112722 0.00175155
8 0.191436 0.685402 0.111742 0.112347 0.0017368
1 0.439754 0.685082 0.112773 0.112713 0.00173178
3 0.935647 0.0655314 0.112676 0.112934 0.00173031
3 0.687823 0.561142 0.110838 0.113004 0.00171778
5 0.935548 0.188832 0.114504 0.113458 0.00170646
7 0.315392 0.561415 0.111017 0.111658 0.00169889
4 0.563776 0.437284 0.111475 0.112395 0.00168779
8 0.191429 0.809637 0.112164 0.111774 0.0016134
13 0.191615 0.809302 0.111846 0.112973 0.00160487
0 0.935447 0.438019 0.10949 0.113977 0.00158608
1 0.936385 0.0644837 0.113049 0.113316 0.00154839
12 0.563959 0.313484 0.11095 0.111931 0.00154047
9 0.93604 0.188611 0.113394 0.112862 0.00149577
7 0.936039 0.933225 0.111801 0.114445 0.0014752
8 0.191593 0.934061 0.11195 0.113265 0.0014606
6 0.439817 0.437571 0.11323 0.112043 0.00143296
9 0.936049 0.437791 0.113991 0.112193 0.00142464
8 0.813067 0.43746 0.110291 0.112974 0.0013979
10 0.687726 0.437764 0.112415 0.112707 0.00138988
12 0.688017 0.0650998 0.112249 0.112926 0.00137181
5 0.811593 0.0652583 0.112072 0.112895 0.00135906
7 0.686822 0.562233 0.109587 0.112197 0.00135537
7 0.440091 0.064942 0.111433 0.113068 0.00134531
4 0.3154 0.685524 0.11206 0.112334 0.00134193
13 0.688064 0.064641 0.111751 0.112083 0.00134116
7 0.812499 0.685523 0.112341 0.111646 0.00132054
5 0.191518 0.560938 0.111277 0.111646 0.00131761
3 0.440061 0.685501 0.111721 0.112097 0.00131443
9 0.067637 0.438009 0.113934 0.113191 0.00130916
11 0.688448 0.934077 0.11298 0.112506 0.00130819
1 0.0672372 0.561474 0.113121 0.112403 0.00130586
2 0.811862 0.934159 0.112098 0.111609 0.00130507
0 0.813125 0.810207 0.111761 0.114357 0.00130226
1 0.440039 0.809548 0.11177 0.112062 0.00130097
6 0.688695 0.68522 0.112275 0.110909 0.00129725
11 0.0678139 0.685466 0.113443 0.114282 0.00128993
8 0.563959 0.313484 0.11095 0.111931 0.00128857
12 0.688369 0.809756 0.111467 0.111322 0.00128589
2 0.812533 0.685285 0.113016 0.112693 0.00128545
12 0.31529 0.313541 0.111416 0.111497 0.00127407
11 0.43932 0.189074 0.111917 0.112262 0.00127227
11 0.936087 0.437088 0.110961 0.113492 0.00127186
9 0.936264 0.933793 0.111607 0.110541 0.0012673
11 0.067987 0.809892 0.113717 0.114557 0.00125973
10 0.439908 0.934046 0.112689 0.113589 0.00125755
12 0.315704 0.0646889 0.112425 0.112899 0.00125557
12 0.316074 0.436681 0.110971 0.111877 0.00123624
12 0.935548 0.188832 0.114504 0.113458 0.00122571
2 0.315364 0.189058 0.111515 0.111761 0.00120796
7 0.936179 0.561384 0.110218 0.112641 0.00120474
1 0.0668627 0.188973 0.11277 0.112753 0.00119674
2 0.0677304 0.934032 0.113531 0.11419 0.00118945
2 0.688472 0.809583 0.111151 0.111681 0.00118925
7 0.563882 0.188655 0.111694 0.112569 0.00118559
7 0.936389 0.313209 0.113123 0.111937 0.00118436
7 0.688251 0.188648 0.11246 0.113356 0.00118215
2 0.0678007 0.438044 0.112525 0.113207 0.00117645
2 0.68772 0.189226 0.112539 0.113142 0.00116578
11 0.935548 0.188832 0.114504 0.113458 0.00115909
3 0.19134 0.933928 0.113233 0.113103 0.00115736
12 0.0675395 0.313512 0.112078 0.112654 0.00114776
11 0.316299 0.934265 0.112389 0.112442 0.00114322
2 0.936604 0.313338 0.113031 0.112885 0.00114042
0 0.315376 0.685387 0.112226 0.112906 0.00111754
13 0.439642 0.313272 0.111498 0.111663 0.00111729
2 0.81213 0.313537 0.11294 0.112985 0.00111419
9 0.191919 0.313196 0.111516 0.112104 0.00109101
12 0.56434 0.437076 0.111967 0.112067 0.00108794
12 0.191295 0.188836 0.112322 0.111851 0.00108211
4 0.563528 0.188534 0.110914 0.112718 0.00108013
10 0.563603 0.561625 0.111867 0.112888 0.00107682
5 0.812031 0.685575 0.112136 0.112012 0.00104875
7 0.811589 0.3123 0.112661 0.114813 0.0010422
9 0.811385 0.0643125 0.110765 0.111006 0.0010419
3 0.936542 0.810148 0.111701 0.11138 0.0010391
2 0.688278 0.934131 0.112904 0.113409 0.00102613
0 0.688124 0.561514 0.111513 0.112251 0.00101822
7 0.315866 0.189011 0.112349 0.112302 0.00101779
8 0.935773 0.065137 0.111861 0.112537 0.00101752
8 0.811424 0.18864 0.112255 0.113886 0.00100739
13 0.19127 0.188457 0.111996 0.111304 0.00100455
7 0.315238 0.0648292 0.112554 0.113033 0.00100307
