5 0.936263 0.934107 0.11206 0.112026 0.986607
4 0.44006 0.809258 0.111713 0.113581 0.986052
4 0.812001 0.933907 0.112758 0.113755 0.985507
3 0.438961 0.934333 0.111938 0.11223 0.985312
4 0.0675527 0.93407 0.112793 0.114528 0.985124
6 0.315848 0.685616 0.111612 0.111638 0.985033
12 0.563583 0.934001 0.112397 0.114135 0.984843
4 0.0679003 0.809323 0.112679 0.11325 0.98464
1 0.316061 0.933827 0.110847 0.112478 0.984623
12 0.315586 0.809889 0.11326 0.113201 0.984561
12 0.687967 0.933918 0.112697 0.114123 0.984455
7 0.0674951 0.685731 0.112943 0.111627 0.984292
6 0.0668989 0.561602 0.113171 0.112439 0.984111
9 0.192202 0.0647453 0.111524 0.112146 0.984089
7 0.936005 0.685198 0.113052 0.111915 0.984035
7 0.935703 0.0656562 0.114401 0.113471 0.984024
9 0.0675875 0.189008 0.11236 0.111084 0.983573
9 0.315826 0.437515 0.112051 0.111985 0.983507
4 0.315602 0.313322 0.112448 0.112113 0.983209
6 0.191773 0.312888 0.112462 0.112589 0.982932
3 0.191633 0.189162 0.111595 0.111317 0.982879
13 0.936635 0.809618 0.112157 0.111315 0.982574
4 0.439561 0.18888 0.112108 0.112964 0.982568
6 0.688086 0.685037 0.112966 0.112722 0.982034
6 0.44009 0.312882 0.111986 0.112622 0.982017
13 0.191284 0.561641 0.112415 0.111168 0.981945
3 0.19075 0.685444 0.112632 0.111448 0.981942
1 0.0665469 0.437581 0.112436 0.112317 0.981855
12 0.31566 0.188773 0.112705 0.112865 0.981582
3 0.191681 0.933664 0.113027 0.112794 0.981525
12 0.191455 0.437164 0.113265 0.11285 0.981479
2 0.687323 0.809394 0.112141 0.112556 0.981239
3 0.191576 0.809522 0.112847 0.112053 0.980798
0 0.315529 0.063858 0.111821 0.11275 0.980762
2 0.687818 0.0650489 0.111363 0.112978 0.980757
0 0.811547 0.809147 0.112259 0.112577 0.9807
8 0.067353 0.313364 0.111807 0.112037 0.980049
1 0.439378 0.56139 0.112609 0.113381 0.979877
1 0.812082 0.436848 0.112669 0.112625 0.979649
4 0.563709 0.313093 0.112628 0.11326 0.979639
5 0.812395 0.685725 0.111646 0.111035 0.979604
1 0.563585 0.684896 0.112113 0.113114 0.97939
4 0.687821 0.18897 0.112837 0.11352 0.979277
0 0.0673748 0.0649076 0.111799 0.112857 0.979268
13 0.687672 0.313304 0.11211 0.111948 0.979254
10 0.688148 0.436841 0.112681 0.113416 0.979185
0 0.315134 0.561129 0.112775 0.111283 0.979169
0 0.564158 0.80917 0.111161 0.112467 0.979109
0 0.439731 0.68515 0.111334 0.111907 0.97908
1 0.93634 0.561226 0.114104 0.113802 0.978904
1 0.439524 0.0644083 0.111702 0.112979 0.978784
2 0.563582 0.561576 0.112306 0.112487 0.978619
8 0.439272 0.43718 0.11257 0.112522 0.978512
2 0.563479 0.188915 0.111863 0.112653 0.978482
2 0.563552 0.437553 0.112059 0.112233 0.978428
0 0.936215 0.436943 0.112778 0.112439 0.978172
10 0.936643 0.31269 0.113664 0.113671 0.978155
3 0.812261 0.312815 0.11246 0.112333 0.977962
7 0.81225 0.188905 0.112695 0.113697 0.977801
2 0.935653 0.188777 0.11296 0.113264 0.977622
0 0.563166 0.0650489 0.11118 0.110877 0.977525
0 0.811996 0.0646485 0.112038 0.112902 0.977397
8 0.687875 0.561454 0.112129 0.112982 0.977255
8 0.811859 0.561374 0.111115 0.111933 0.976424
2 0.0666517 0.313665 0.113116 0.112162 0.0423739
2 0.812033 0.561066 0.113297 0.112917 0.0271077
3 0.68811 0.809165 0.11238 0.113309 0.00819652
3 0.935464 0.189583 0.111968 0.112525 0.00816944
2 0.687894 0.560909 0.112456 0.11238 0.00811108
7 0.191188 0.561665 0.110847 0.111765 0.00667074
2 0.439714 0.437039 0.112608 0.113034 0.00639583
12 0.811588 0.189128 0.111932 0.113137 0.00568632
1 0.315474 0.561335 0.112856 0.112426 0.00560295
0 0.812137 0.437401 0.112073 0.113199 0.00545847
4 0.688598 0.437476 0.11153 0.112414 0.00504843
7 0.81176 0.933053 0.11376 0.114668 0.00477706
0 0.439676 0.0637854 0.110668 0.113258 0.00444339
3 0.564249 0.561339 0.111911 0.113102 0.00397327
3 0.564206 0.43748 0.111504 0.113157 0.00393899
1 0.563392 0.43788 0.110143 0.11105 0.00369486
0 0.936737 0.56144 0.112429 0.113311 0.00342613
0 0.0660547 0.436921 0.114504 0.112068 0.00336798
6 0.192085 0.933411 0.11223 0.113216 0.00334278
1 0.688221 0.0643847 0.112 0.113666 0.00331898
4 0.563855 0.684872 0.111472 0.111195 0.00331153
1 0.563849 0.809061 0.111281 0.112673 0.00320413
8 0.688116 0.809695 0.110866 0.112481 0.00302944
7 0.439586 0.809739 0.112183 0.112649 0.00299146
1 0.688109 0.809619 0.112651 0.113597 0.00297405
1 0.563965 0.0636916 0.110604 0.112834 0.0028445
1 0.0670203 0.0642388 0.113414 0.113076 0.00281435
7 0.439543 0.1892 0.11209 0.113092 0.00271884
4 0.936463 0.313584 0.11309 0.113305 0.0026296
6 0.563583 0.934001 0.112397 0.114135 0.00262647
4 0.0669348 0.685262 0.113991 0.111363 0.00262317
7 0.936478 0.808981 0.112308 0.112346 0.00261503
6 0.439819 0.933807 0.111682 0.112566 0.00261257
1 0.564013 0.31296 0.112694 0.112925 0.00254551
8 0.688241 0.0645774 0.111198 0.113472 0.00253421
2 0.813096 0.68543 0.112536 0.11335 0.00251055
3 0.564344 0.189579 0.110939 0.113053 0.00247879
7 0.687629 0.189358 0.112356 0.113123 0.00247162
1 0.439968 0.188776 0.112941 0.113279 0.00245131
12 0.936079 0.685656 0.11289 0.113126 0.00244388
6 0.811996 0.313492 0.111369 0.112519 0.00237615
6 0.315586 0.809889 0.11326 0.113201 0.00237576
3 0.0665132 0.561143 0.114906 0.113103 0.00237033
1 0.687912 0.189415 0.11244 0.113209 0.00227561
6 0.191219 0.437607 0.11326 0.112385 0.0022639
11 0.811575 0.561331 0.110554 0.112912 0.00220582
11 0.811657 0.685599 0.112805 0.110618 0.00218847
1 0.0674587 0.934424 0.114077 0.115004 0.00218141
10 0.812469 0.933582 0.112389 0.114393 0.00213923
10 0.935889 0.933257 0.112299 0.11227 0.00211345
2 0.563577 0.685037 0.110728 0.11194 0.00211335
11 0.687867 0.561059 0.111854 0.114004 0.00211209
1 0.315879 0.313093 0.113147 0.112691 0.00208681
12 0.811572 0.313204 0.112586 0.112709 0.00208457
1 0.935856 0.188766 0.11273 0.112735 0.00205871
7 0.0671634 0.809259 0.114819 0.113452 0.00203068
0 0.315524 0.437998 0.110692 0.110858 0.00202452
10 0.936478 0.808981 0.112308 0.112346 0.00202361
2 0.812001 0.933907 0.112758 0.113755 0.0019701
4 0.935703 0.0656562 0.114401 0.113471 0.00191097
3 0.813096 0.68543 0.112536 0.11335 0.00187659
0 0.439776 0.561219 0.111903 0.113233 0.0018653
0 0.68834 0.933596 0.113375 0.112821 0.00185623
1 0.563597 0.188705 0.111497 0.114483 0.00181096
13 0.6878 0.437446 0.111378 0.112017 0.0018081
7 0.0671515 0.934198 0.114444 0.114996 0.0017869
6 0.811549 0.18893 0.112938 0.112273 0.00177215
1 0.56385 0.560984 0.112992 0.113402 0.00175154
1 0.439749 0.685037 0.111304 0.111878 0.00173277
2 0.0676533 0.809671 0.113982 0.11358 0.00170566
10 0.811929 0.188974 0.112783 0.114011 0.00170223
1 0.812001 0.933907 0.112758 0.113755 0.00169446
12 0.936001 0.0654574 0.113966 0.113478 0.00167007
1 0.812235 0.064212 0.111261 0.113131 0.0016368
1 0.0676533 0.809671 0.113982 0.11358 0.00163528
1 0.44006 0.809258 0.111713 0.113581 0.00162462
0 0.688111 0.561485 0.111855 0.113843 0.00161301
2 0.440119 0.80981 0.113097 0.113605 0.00160469
5 0.688207 0.437124 0.112192 0.112915 0.00158312
4 0.811953 0.189539 0.113966 0.112784 0.00157231
12 0.439356 0.934024 0.111364 0.111261 0.00154838
0 0.438875 0.438026 0.112005 0.115351 0.00154223
8 0.315452 0.438084 0.112688 0.11179 0.00153744
2 0.687776 0.189412 0.112325 0.113392 0.0015172
4 0.936005 0.685198 0.113052 0.111915 0.00149179
4 0.439243 0.934358 0.111852 0.1114 0.00147459
1 0.8113 0.313432 0.111767 0.112014 0.00147279
6 0.936082 0.685433 0.111886 0.113145 0.00146873
12 0.687731 0.313937 0.11185 0.112887 0.00146365
5 0.687741 0.809981 0.112776 0.113197 0.00146287
4 0.316061 0.933827 0.110847 0.112478 0.00140452
1 0.191714 0.685354 0.111783 0.111594 0.00139325
3 0.44009 0.312882 0.111986 0.112622 0.00138786
11 0.935335 0.933719 0.112056 0.111948 0.00137765
1 0.688368 0.685271 0.111724 0.111236 0.00136805
2 0.56391 0.313629 0.112035 0.11336 0.00136732
2 0.812617 0.313495 0.112227 0.111774 0.00135625
6 0.315374 0.189038 0.112752 0.113388 0.00135503
9 0.936212 0.437364 0.11221 0.112377 0.00134616
4 0.0665705 0.437035 0.113264 0.112487 0.00133282
1 0.191536 0.933731 0.112372 0.112824 0.0013291
9 0.19037 0.189317 0.111895 0.111533 0.00131934
12 0.191506 0.809386 0.112278 0.112385 0.00131809
12 0.191618 0.189474 0.111965 0.111907 0.00131019
7 0.191825 0.313743 0.113154 0.112862 0.00130786
1 0.811547 0.809147 0.112259 0.112577 0.00130315
10 0.687731 0.313937 0.11185 0.112887 0.00129386
2 0.0674587 0.934424 0.114077 0.115004 0.00128751
2 0.315638 0.313356 0.11212 0.11264 0.00127328
5 0.935594 0.188827 0.113577 0.113768 0.0012684
6 0.0669115 0.809579 0.112441 0.112982 0.00125509
2 0.439968 0.188776 0.112941 0.113279 0.00125366
3 0.688247 0.0652702 0.111869 0.113138 0.00125228
6 0.439543 0.1892 0.11209 0.113092 0.00123921
1 0.191595 0.809207 0.112383 0.112097 0.00123411
7 0.439849 0.313463 0.112233 0.112653 0.00123267
3 0.315636 0.685391 0.112561 0.112487 0.00119848
4 0.191256 0.933876 0.11257 0.111939 0.00116675
5 0.439779 0.809625 0.112299 0.112259 0.00116211
1 0.315529 0.063858 0.111821 0.11275 0.0011579
12 0.191714 0.685354 0.111783 0.111594 0.0011485
1 0.439738 0.9341 0.111475 0.112245 0.0011449
5 0.563631 0.561431 0.112724 0.112608 0.00114249
12 0.191688 0.933702 0.112275 0.11201 0.00113772
3 0.191286 0.31325 0.111631 0.11237 0.00113277
4 0.191506 0.809386 0.112278 0.112385 0.00113123
4 0.439708 0.561227 0.112153 0.113488 0.00113021
0 0.316066 0.933993 0.111888 0.113426 0.00111939
4 0.936525 0.56054 0.113623 0.112675 0.00111571
0 0.0670943 0.189229 0.113473 0.112668 0.00109791
6 0.191368 0.189048 0.111886 0.112055 0.00108869
6 0.191714 0.685354 0.111783 0.111594 0.00107529
12 0.315452 0.438084 0.112688 0.11179 0.00105608
12 0.0671908 0.189202 0.113248 0.111857 0.00105228
12 0.563965 0.0636916 0.110604 0.112834 0.00104929
9 0.813033 0.313744 0.110003 0.111181 0.0010452
12 0.191331 0.561419 0.110824 0.111187 0.00102056
10 0.811628 0.685964 0.110858 0.11133 0.00101974
0 0.813019 0.562162 0.112422 0.114808 0.00100857
0 0.0673748 0.31377 0.112018 0.114164 0.00100122
