9 0.315403 0.934049 0.112164 0.112456 0.988486
9 0.315114 0.809741 0.112019 0.111371 0.988239
5 0.191777 0.809398 0.110988 0.112216 0.986156
9 0.936399 0.809885 0.112059 0.110784 0.985814
4 0.067264 0.685558 0.112926 0.111247 0.985675
12 0.191982 0.933512 0.110542 0.112411 0.985486
5 0.439426 0.0653291 0.111377 0.112996 0.98543
4 0.315921 0.685938 0.112936 0.111364 0.985247
8 0.439618 0.685644 0.112064 0.111722 0.985012
8 0.687824 0.809859 0.111948 0.112001 0.984921
9 0.563835 0.685353 0.111139 0.11116 0.98477
3 0.812432 0.93387 0.113148 0.112767 0.984452
7 0.56396 0.809567 0.111293 0.112331 0.983641
9 0.191609 0.188823 0.112337 0.111517 0.983554
0 0.688238 0.933409 0.112024 0.113073 0.983185
3 0.0675041 0.561794 0.111839 0.112151 0.983168
3 0.315839 0.437786 0.111176 0.112018 0.983166
3 0.191394 0.437773 0.111211 0.112047 0.982944
7 0.0665793 0.437497 0.113274 0.112685 0.982816
8 0.06668 0.313847 0.113291 0.11335 0.982679
6 0.190869 0.561683 0.111066 0.111557 0.982601
6 0.315406 0.56164 0.110843 0.111825 0.9825
12 0.439971 0.809237 0.110859 0.111331 0.982431
4 0.439362 0.934334 0.112193 0.112968 0.98236
10 0.191877 0.313091 0.111973 0.111568 0.982259
4 0.563846 0.934438 0.112395 0.113302 0.982092
11 0.315627 0.312893 0.113021 0.113506 0.982034
1 0.315002 0.188798 0.112886 0.111803 0.981131
7 0.812247 0.81013 0.111712 0.11168 0.981063
7 0.43958 0.189064 0.113958 0.113743 0.98086
1 0.0670109 0.934178 0.112479 0.113856 0.980738
5 0.439343 0.313647 0.11304 0.113408 0.980707
12 0.936743 0.933566 0.111548 0.112777 0.980624
0 0.314956 0.0643743 0.11175 0.113528 0.98051
3 0.439386 0.437547 0.111426 0.111817 0.980351
12 0.190875 0.0649146 0.111943 0.11248 0.980265
13 0.191606 0.685393 0.111405 0.111822 0.980073
8 0.066994 0.809601 0.113683 0.113282 0.979948
6 0.0665244 0.0641794 0.112731 0.11282 0.979527
10 0.563544 0.0647599 0.110862 0.112617 0.97945
11 0.563661 0.436741 0.111865 0.113579 0.979432
12 0.0673083 0.188785 0.112699 0.112509 0.979351
1 0.811767 0.436918 0.113241 0.112986 0.97928
13 0.563493 0.31332 0.112011 0.112848 0.979129
13 0.563293 0.189208 0.111549 0.112417 0.97899
4 0.687929 0.312841 0.112745 0.112709 0.978947
12 0.440003 0.561531 0.112733 0.112516 0.978881
0 0.563684 0.561428 0.111807 0.113571 0.978804
12 0.687572 0.0656307 0.112557 0.112376 0.978775
3 0.687879 0.188835 0.112272 0.113235 0.978688
13 0.687491 0.437324 0.112538 0.112803 0.978459
1 0.936208 0.56141 0.114582 0.114007 0.978386
7 0.687314 0.685583 0.111965 0.111512 0.978372
11 0.936278 0.436587 0.113115 0.113174 0.978231
0 0.935775 0.68553 0.113007 0.112623 0.978162
1 0.936372 0.064505 0.114336 0.114155 0.978098
5 0.812244 0.56147 0.112592 0.113328 0.978018
5 0.812247 0.312734 0.112754 0.112954 0.977964
3 0.811658 0.188864 0.111399 0.112352 0.977926
2 0.688008 0.561224 0.112597 0.112677 0.977861
8 0.936317 0.313656 0.111076 0.111533 0.977503
0 0.93587 0.188885 0.112819 0.111662 0.977257
7 0.81239 0.685866 0.112442 0.112381 0.97721
0 0.811709 0.0646574 0.111966 0.113164 0.977062
12 0.563521 0.188868 0.111321 0.111668 0.0108453
10 0.93674 0.436292 0.112022 0.111962 0.00954971
2 0.0665152 0.313768 0.114139 0.112215 0.00940814
12 0.687449 0.437542 0.111012 0.111494 0.00847339
2 0.0668693 0.809194 0.114178 0.112345 0.00819981
2 0.813105 0.933854 0.111303 0.110844 0.00709817
10 0.936483 0.93357 0.110731 0.112657 0.0060344
6 0.439922 0.56131 0.112154 0.112405 0.00586338
2 0.439755 0.685817 0.112293 0.113392 0.00580011
12 0.191393 0.685491 0.111721 0.11137 0.00567882
2 0.688065 0.809151 0.111355 0.111171 0.00565302
0 0.936134 0.064413 0.112519 0.113877 0.00525586
1 0.687695 0.313646 0.112107 0.112858 0.0046602
1 0.315873 0.685993 0.113032 0.11211 0.00445537
12 0.811453 0.686402 0.111698 0.112541 0.00440564
12 0.811461 0.810418 0.11236 0.112947 0.00406716
1 0.812007 0.0641573 0.110827 0.113296 0.00400414
6 0.688108 0.0650601 0.111397 0.113465 0.00399898
3 0.315545 0.561223 0.111569 0.112189 0.00398149
3 0.688162 0.561375 0.111601 0.112207 0.00386526
1 0.0671943 0.685623 0.113445 0.111979 0.00380767
4 0.564082 0.0644465 0.111218 0.113413 0.00378463
0 0.936401 0.560846 0.114067 0.112718 0.00376073
1 0.563846 0.934438 0.112395 0.113302 0.00362293
3 0.191073 0.561328 0.111609 0.111493 0.00345053
0 0.81191 0.43714 0.111842 0.113335 0.00344912
8 0.563905 0.437218 0.111611 0.112548 0.0033193
1 0.439362 0.934334 0.112193 0.112968 0.00327674
6 0.0666769 0.188603 0.111901 0.110987 0.00321257
3 0.0663512 0.0641058 0.111619 0.111847 0.00307755
11 0.191577 0.312943 0.112104 0.111272 0.00305079
6 0.811532 0.810102 0.112429 0.113631 0.00291458
6 0.439711 0.809457 0.111405 0.111581 0.002852
6 0.811542 0.686029 0.111988 0.113426 0.0027873
9 0.813105 0.933854 0.111303 0.110844 0.00274936
7 0.687751 0.436524 0.110575 0.112234 0.00274558
9 0.93558 0.313839 0.11329 0.110599 0.00273106
10 0.191326 0.80951 0.112536 0.112801 0.00272308
1 0.314956 0.0643743 0.11175 0.113528 0.00271841
2 0.935935 0.313149 0.111474 0.113581 0.00265912
10 0.0666943 0.437921 0.112005 0.112375 0.00264645
5 0.813126 0.933526 0.111674 0.110587 0.00264281
1 0.563931 0.560916 0.111831 0.112797 0.00255302
3 0.688144 0.0647612 0.111367 0.11209 0.00248274
5 0.688152 0.561497 0.112471 0.113403 0.00243749
12 0.688014 0.189127 0.111325 0.112221 0.0023643
6 0.811622 0.189158 0.110581 0.112662 0.00232748
1 0.688152 0.561497 0.112471 0.113403 0.00228075
2 0.0668981 0.561423 0.114376 0.111658 0.00226977
11 0.688359 0.80999 0.113326 0.112118 0.00219609
7 0.936086 0.933387 0.11136 0.114107 0.00211952
0 0.191362 0.189079 0.112494 0.112568 0.00206343
5 0.0670885 0.561105 0.11336 0.113564 0.00201928
4 0.564173 0.80941 0.11188 0.112945 0.00199574
10 0.563905 0.437218 0.111611 0.112548 0.00194476
11 0.811481 0.313335 0.112471 0.112333 0.00194412
12 0.563589 0.313691 0.111466 0.11318 0.00193694
3 0.812436 0.313269 0.111669 0.113112 0.00192551
9 0.439951 0.438039 0.112841 0.111971 0.00188647
11 0.811468 0.561885 0.112426 0.111826 0.00188199
12 0.564011 0.0649192 0.112227 0.113168 0.00186573
3 0.439803 0.561361 0.111229 0.113613 0.00185931
11 0.439889 0.685737 0.112427 0.113652 0.00185388
0 0.315102 0.189127 0.111421 0.11227 0.00182992
4 0.0671842 0.438005 0.11274 0.112906 0.0018062
11 0.19175 0.685462 0.111041 0.11157 0.00179564
2 0.688101 0.189542 0.112164 0.111538 0.00178303
4 0.812436 0.313269 0.111669 0.113112 0.00175181
13 0.93603 0.933595 0.112482 0.114034 0.00171578
7 0.190869 0.561683 0.111066 0.111557 0.00171085
11 0.687729 0.437756 0.113367 0.112428 0.00170281
1 0.19183 0.561335 0.110779 0.112186 0.00168411
0 0.0670302 0.934173 0.113455 0.114278 0.00167882
0 0.936123 0.313577 0.111094 0.111842 0.00165579
9 0.316025 0.438069 0.113188 0.112674 0.00162848
9 0.191514 0.438075 0.11331 0.112769 0.00159318
5 0.315825 0.313131 0.112035 0.112414 0.00159173
8 0.191471 0.189043 0.112065 0.112002 0.00158557
2 0.0665746 0.685018 0.112916 0.111768 0.00158451
4 0.688014 0.189127 0.111325 0.112221 0.00157896
10 0.439471 0.0650649 0.112223 0.112644 0.0015691
7 0.688116 0.0650524 0.111392 0.112706 0.00156823
9 0.688065 0.809151 0.111355 0.111171 0.00156343
8 0.935809 0.436447 0.111989 0.11217 0.00153672
12 0.811622 0.189158 0.110581 0.112662 0.00152229
10 0.190869 0.685281 0.110955 0.111154 0.00151224
6 0.688359 0.685939 0.113019 0.112965 0.00150813
9 0.935898 0.189194 0.112364 0.112852 0.00148762
7 0.315406 0.56164 0.110843 0.111825 0.00146808
2 0.191711 0.438107 0.112179 0.112705 0.00145535
12 0.44028 0.438076 0.112514 0.112191 0.00144492
8 0.936014 0.810321 0.110767 0.11286 0.00140208
3 0.813146 0.56181 0.11291 0.114659 0.00139096
11 0.935935 0.313149 0.111474 0.113581 0.00138909
4 0.439701 0.313572 0.1123 0.113732 0.00138669
8 0.688161 0.561542 0.110835 0.112755 0.00137951
12 0.316242 0.438104 0.112341 0.112355 0.00137711
7 0.563641 0.0648767 0.111537 0.112817 0.00137636
0 0.0673995 0.313884 0.112532 0.113892 0.00137598
10 0.687429 0.437793 0.112228 0.112783 0.00135483
1 0.066632 0.561646 0.112481 0.112034 0.00134226
5 0.191577 0.312943 0.112104 0.111272 0.00132895
4 0.811453 0.686402 0.111698 0.112541 0.00132676
9 0.811658 0.188864 0.111399 0.112352 0.00131928
10 0.563589 0.313691 0.111466 0.11318 0.00131906
5 0.688135 0.189302 0.113014 0.111808 0.00130621
10 0.316084 0.313287 0.113607 0.11305 0.00128205
8 0.688522 0.932799 0.114142 0.112606 0.001278
4 0.315251 0.188604 0.111854 0.112452 0.00126405
4 0.811461 0.810418 0.11236 0.112947 0.00126317
12 0.936034 0.810427 0.110924 0.112769 0.00125743
3 0.440026 0.809874 0.113104 0.111477 0.00124961
4 0.688268 0.685672 0.112378 0.112402 0.00124489
11 0.0677731 0.809628 0.113408 0.114407 0.00124368
9 0.93601 0.436852 0.111064 0.111444 0.0012415
1 0.0663512 0.0641058 0.111619 0.111847 0.0012386
2 0.8112 0.313098 0.112204 0.112405 0.00123814
11 0.56381 0.313788 0.112125 0.112819 0.0012203
2 0.811451 0.561613 0.11343 0.112414 0.00121238
2 0.936558 0.809762 0.110648 0.1114 0.00121138
6 0.316242 0.438104 0.112341 0.112355 0.00121086
10 0.439485 0.18908 0.113575 0.112923 0.00119794
13 0.936027 0.436822 0.113445 0.113467 0.0011954
1 0.812093 0.933661 0.111075 0.112023 0.00118138
6 0.191318 0.0645855 0.111746 0.113038 0.00117769
2 0.316242 0.438104 0.112341 0.112355 0.00117527
1 0.811753 0.189074 0.112011 0.112735 0.00117329
4 0.935911 0.933639 0.112484 0.111871 0.0011518
13 0.0666943 0.437921 0.112005 0.112375 0.00115056
9 0.563242 0.437497 0.111417 0.112134 0.00114611
6 0.191514 0.438075 0.11331 0.112769 0.00114272
2 0.439638 0.313447 0.112459 0.112471 0.00111475
12 0.191711 0.438107 0.112179 0.112705 0.00111079
9 0.936017 0.685281 0.111861 0.112126 0.0011107
7 0.191366 0.313349 0.112659 0.112938 0.00110886
2 0.44028 0.438076 0.112514 0.112191 0.001108
2 0.687695 0.313646 0.112107 0.112858 0.00110712
5 0.563566 0.0646353 0.111766 0.112008 0.00110689
0 0.563821 0.685206 0.11109 0.11096 0.00110297
4 0.688138 0.0644799 0.111562 0.113199 0.0010638
8 0.315844 0.313246 0.111882 0.112768 0.00105913
9 0.688101 0.189542 0.112164 0.111538 0.00105176
8 0.315552 0.933686 0.112227 0.112699 0.00105059
10 0.811472 0.561595 0.111345 0.111952 0.00103717
10 0.811399 0.312923 0.111496 0.112031 0.00103639
13 0.191335 0.313075 0.111798 0.11196 0.00102414
7 0.688166 0.312847 0.112063 0.112561 0.00101171
6 0.0672884 0.436716 0.110511 0.113035 0.00100968
