4 0.315746 0.809251 0.11202 0.112238 0.986707
13 0.43975 0.93394 0.112148 0.11322 0.986282
5 0.936456 0.809744 0.112214 0.111877 0.985475
4 0.191602 0.685204 0.112032 0.111677 0.985468
4 0.563844 0.809769 0.1122 0.113279 0.985434
11 0.190918 0.933889 0.112074 0.113359 0.985426
11 0.315263 0.934033 0.111683 0.112334 0.985369
13 0.563412 0.933843 0.11159 0.113478 0.985247
5 0.563355 0.0656054 0.111545 0.112544 0.984884
3 0.315967 0.685422 0.110987 0.112084 0.984418
13 0.0670718 0.685768 0.112285 0.111521 0.983829
9 0.315638 0.188976 0.111146 0.111842 0.983801
2 0.191204 0.809559 0.113321 0.112004 0.983738
4 0.0672297 0.561734 0.113213 0.112936 0.983727
2 0.936005 0.934154 0.11219 0.112723 0.983678
9 0.439142 0.0646376 0.110517 0.112523 0.983632
6 0.191848 0.56156 0.111436 0.112503 0.983401
4 0.191469 0.18899 0.112723 0.112502 0.983273
6 0.191531 0.06446 0.11202 0.113388 0.983237
12 0.315143 0.064683 0.110944 0.112725 0.983211
9 0.43929 0.685482 0.11152 0.111326 0.983174
1 0.439883 0.809571 0.112274 0.112679 0.983111
2 0.687765 0.809576 0.111609 0.112588 0.983047
13 0.315359 0.561826 0.111706 0.11209 0.983013
5 0.0664094 0.0655237 0.113709 0.113721 0.982488
6 0.0673132 0.437722 0.113301 0.112274 0.982451
8 0.31542 0.437645 0.112273 0.113273 0.982351
10 0.812148 0.933798 0.11258 0.112112 0.982079
11 0.811482 0.0658462 0.111929 0.112621 0.982044
8 0.0666319 0.189375 0.112414 0.113512 0.982033
8 0.191276 0.313507 0.111306 0.112998 0.982014
12 0.812322 0.809659 0.111606 0.113463 0.981976
0 0.688094 0.933546 0.112772 0.11309 0.981963
10 0.439383 0.189116 0.113017 0.112331 0.981869
5 0.439634 0.313478 0.112093 0.112745 0.981832
12 0.315507 0.313213 0.112436 0.112165 0.981495
12 0.0670446 0.933797 0.111074 0.112771 0.980885
2 0.935187 0.0650329 0.112165 0.112926 0.980796
2 0.439511 0.561225 0.112567 0.113326 0.980524
0 0.191013 0.437264 0.111861 0.11143 0.980522
2 0.0670745 0.312991 0.112288 0.114007 0.98027
13 0.935513 0.188903 0.113297 0.113806 0.980241
10 0.936484 0.685355 0.113162 0.111666 0.979873
1 0.564137 0.68543 0.111501 0.112309 0.979679
13 0.563803 0.437564 0.112076 0.112821 0.979562
11 0.563602 0.313228 0.11195 0.113152 0.979489
0 0.439425 0.437563 0.111702 0.111872 0.979321
1 0.812304 0.437067 0.112152 0.112628 0.97931
3 0.687885 0.561491 0.112255 0.112299 0.979171
3 0.563658 0.189003 0.112169 0.112292 0.979084
0 0.0675104 0.809424 0.112366 0.11354 0.979019
13 0.93618 0.437236 0.113626 0.113425 0.978982
1 0.687817 0.0646657 0.11169 0.113526 0.97887
1 0.81219 0.188893 0.111646 0.112845 0.97878
11 0.687827 0.18864 0.112263 0.113087 0.978768
7 0.687273 0.685292 0.1114 0.111212 0.978695
2 0.563992 0.561336 0.112416 0.113266 0.978589
9 0.936455 0.561918 0.111252 0.111477 0.978478
0 0.687788 0.437118 0.111666 0.11244 0.978329
2 0.812054 0.685542 0.112345 0.113334 0.978288
2 0.687971 0.313542 0.112223 0.112232 0.978286
0 0.812229 0.313167 0.111834 0.112471 0.978157
2 0.812187 0.561612 0.112281 0.113777 0.978129
2 0.93625 0.312951 0.112793 0.113104 0.977865
2 0.0661406 0.189389 0.114057 0.112339 0.0571124
2 0.191121 0.313348 0.111009 0.11245 0.0136476
12 0.564115 0.437913 0.108403 0.113666 0.0134517
5 0.56369 0.313343 0.111909 0.112622 0.00883945
5 0.688155 0.188407 0.111966 0.112854 0.00645769
0 0.688094 0.0639493 0.111445 0.113161 0.00552536
2 0.688139 0.0648009 0.111049 0.112117 0.00546928
2 0.315469 0.437408 0.111415 0.112331 0.00542084
3 0.191702 0.561238 0.111929 0.113069 0.00493884
1 0.688207 0.436813 0.111648 0.112495 0.00441527
0 0.812424 0.188868 0.111036 0.113356 0.00413233
4 0.812247 0.933624 0.111629 0.112688 0.00383477
9 0.688204 0.561058 0.111577 0.111745 0.00379952
3 0.688297 0.809049 0.11083 0.112829 0.00378685
0 0.812521 0.436449 0.111975 0.111905 0.00368014
6 0.0670446 0.933797 0.111074 0.112771 0.00366847
10 0.811363 0.0646552 0.110756 0.111802 0.00343681
1 0.0668208 0.809053 0.114192 0.112674 0.00339748
1 0.688184 0.313242 0.112557 0.11351 0.00339112
1 0.812633 0.312819 0.111394 0.112604 0.00315326
1 0.688229 0.809729 0.112051 0.113554 0.00312894
3 0.0668817 0.437003 0.113713 0.112077 0.00312755
1 0.0666015 0.313516 0.11207 0.112949 0.00309357
1 0.191469 0.18899 0.112723 0.112502 0.00299591
1 0.563826 0.809038 0.11191 0.113169 0.00293441
1 0.439694 0.561358 0.112437 0.113718 0.0028746
1 0.563794 0.561548 0.112071 0.113002 0.00286713
3 0.191057 0.0646895 0.111426 0.112987 0.00284891
1 0.93594 0.313363 0.111531 0.112898 0.00265984
4 0.688297 0.809049 0.11083 0.112829 0.00258707
12 0.686782 0.685986 0.110839 0.112094 0.00256722
3 0.688323 0.313656 0.111227 0.112287 0.00237492
1 0.0671832 0.561722 0.113689 0.113215 0.00235413
5 0.81139 0.68535 0.113603 0.112154 0.00233681
8 0.813075 0.685527 0.109137 0.112266 0.00232486
10 0.688193 0.188833 0.113088 0.112699 0.00230578
3 0.937054 0.561321 0.111317 0.111525 0.0022516
12 0.937054 0.561321 0.111317 0.111525 0.00224345
8 0.935996 0.933994 0.113279 0.113552 0.00223413
6 0.688207 0.685581 0.112617 0.113014 0.00221313
12 0.315251 0.561661 0.112016 0.112255 0.00219717
0 0.314987 0.438038 0.111729 0.114321 0.00217503
6 0.811474 0.810256 0.112024 0.113793 0.00213845
1 0.812059 0.685468 0.112224 0.112769 0.00212803
7 0.191532 0.189026 0.111664 0.112498 0.00212037
3 0.935947 0.313607 0.111741 0.111942 0.00210028
8 0.688202 0.313232 0.111948 0.113575 0.00205925
1 0.190907 0.437061 0.112341 0.112448 0.00205249
1 0.812106 0.56149 0.112163 0.113437 0.00200738
7 0.066839 0.561563 0.115041 0.113358 0.00200554
5 0.811385 0.56154 0.113403 0.112418 0.00198654
1 0.191574 0.685599 0.112433 0.11219 0.00197
5 0.813162 0.933047 0.11104 0.113689 0.00193297
2 0.812977 0.436948 0.110337 0.113468 0.00191883
3 0.564305 0.561655 0.112026 0.11295 0.00189563
5 0.935792 0.933952 0.112119 0.113665 0.00187823
5 0.935604 0.0644757 0.1136 0.113536 0.00186544
1 0.315914 0.809842 0.112701 0.11231 0.00182194
10 0.43968 0.933705 0.111758 0.11173 0.0017812
10 0.936446 0.809782 0.111484 0.111822 0.00178092
4 0.564305 0.561655 0.112026 0.11295 0.00175543
2 0.688202 0.561791 0.11111 0.111591 0.00174358
1 0.439709 0.436887 0.11193 0.112493 0.00172744
5 0.811482 0.0658462 0.111929 0.112621 0.00172539
2 0.563844 0.809769 0.1122 0.113279 0.00170018
12 0.688223 0.561512 0.112649 0.111971 0.00165442
7 0.811824 0.932942 0.112744 0.111412 0.00163685
12 0.315599 0.189061 0.112046 0.111694 0.00163193
5 0.315544 0.933988 0.113267 0.113577 0.00162794
12 0.439379 0.0644806 0.112522 0.11184 0.00160928
9 0.811272 0.0643308 0.111087 0.110774 0.00158772
4 0.56419 0.685551 0.111217 0.111557 0.00157296
8 0.813059 0.561605 0.109206 0.113004 0.00155169
12 0.563857 0.933986 0.111016 0.111923 0.00153938
3 0.191204 0.809559 0.113321 0.112004 0.00153412
8 0.688245 0.809664 0.11123 0.11253 0.00153042
1 0.936103 0.933756 0.112444 0.113901 0.00153
13 0.936144 0.685693 0.112249 0.112124 0.0015079
7 0.811474 0.810256 0.112024 0.113793 0.00150492
1 0.935866 0.0643471 0.113388 0.113207 0.00150471
6 0.315649 0.313317 0.11157 0.112472 0.0015003
3 0.811987 0.685804 0.111678 0.111412 0.00146722
8 0.811272 0.0643308 0.111087 0.110774 0.00145428
11 0.936207 0.685296 0.111804 0.111134 0.00143426
12 0.439997 0.933879 0.111126 0.111568 0.00143073
10 0.56369 0.313621 0.113719 0.111899 0.00143054
4 0.440123 0.809352 0.111318 0.112344 0.00141889
12 0.936214 0.437923 0.113505 0.113837 0.00141738
2 0.81292 0.188834 0.110074 0.113472 0.00139498
1 0.191332 0.809478 0.11276 0.112129 0.00137413
5 0.688229 0.809729 0.112051 0.113554 0.00135794
7 0.191291 0.685565 0.112648 0.112419 0.0013575
4 0.439427 0.189305 0.112638 0.113372 0.00134281
4 0.811978 0.189452 0.110843 0.112295 0.001335
12 0.563274 0.189299 0.11152 0.112489 0.00132471
10 0.935229 0.189084 0.111756 0.112761 0.00131891
8 0.191088 0.933555 0.111731 0.111263 0.00131783
2 0.066839 0.561563 0.115041 0.113358 0.00131297
5 0.190982 0.933817 0.113549 0.113925 0.00130741
0 0.564204 0.685248 0.111246 0.112041 0.0013068
5 0.936504 0.685502 0.111723 0.111843 0.00130179
5 0.191475 0.809548 0.112266 0.112279 0.00129042
10 0.0669665 0.065283 0.112026 0.11243 0.00128704
12 0.440109 0.685746 0.112497 0.112622 0.00127298
9 0.316343 0.685454 0.112101 0.111936 0.00126964
2 0.315507 0.809871 0.112901 0.112666 0.0012683
1 0.687825 0.561433 0.111825 0.112089 0.00126529
10 0.0664433 0.685377 0.113277 0.111822 0.00125345
0 0.440122 0.809475 0.111486 0.112768 0.00125108
11 0.0658226 0.0654787 0.113987 0.112975 0.00124331
9 0.686727 0.188665 0.111962 0.113758 0.00123603
10 0.563669 0.0649532 0.112884 0.112033 0.00123463
8 0.315505 0.933938 0.111789 0.112972 0.00122421
2 0.191106 0.189169 0.111547 0.112222 0.00120456
10 0.93574 0.43764 0.11134 0.112436 0.00120451
2 0.439858 0.313308 0.111788 0.111981 0.00119678
6 0.191604 0.685447 0.112181 0.112315 0.00119586
4 0.935947 0.313607 0.111741 0.111942 0.00119467
11 0.0664433 0.685377 0.113277 0.111822 0.00118654
4 0.688197 0.685733 0.11206 0.112408 0.00117489
1 0.688038 0.933411 0.112507 0.112666 0.00116643
7 0.315359 0.561826 0.111706 0.11209 0.00115993
10 0.563712 0.437976 0.112109 0.112806 0.00115253
2 0.191291 0.685565 0.112648 0.112419 0.00115197
8 0.935618 0.0646814 0.112932 0.11284 0.00115124
10 0.315505 0.933938 0.111789 0.112972 0.00114853
12 0.066807 0.685682 0.111519 0.111998 0.00114292
5 0.688223 0.561512 0.112649 0.111971 0.00114103
7 0.936117 0.685347 0.112757 0.113295 0.00113493
4 0.936318 0.685359 0.112198 0.11281 0.00113222
10 0.439678 0.313358 0.111057 0.111732 0.00112818
4 0.688323 0.313656 0.111227 0.112287 0.00112669
1 0.31584 0.685403 0.111796 0.112216 0.00112288
13 0.439463 0.189107 0.11165 0.112271 0.00111885
3 0.935969 0.809689 0.113222 0.113278 0.00111622
6 0.563873 0.809348 0.112052 0.112829 0.00110453
8 0.686727 0.188665 0.111962 0.113758 0.00110254
0 0.191496 0.313673 0.111202 0.113159 0.00109899
6 0.191532 0.189026 0.111664 0.112498 0.00107957
7 0.56415 0.809717 0.112888 0.112356 0.00105682
7 0.0670718 0.685768 0.112285 0.111521 0.00104422
3 0.44009 0.561615 0.112117 0.113304 0.00104205
4 0.439976 0.313438 0.111608 0.112429 0.00103951
7 0.564352 0.437999 0.112316 0.110573 0.00103421
11 0.935014 0.189135 0.113512 0.11351 0.00103314
6 0.315237 0.809305 0.112525 0.112693 0.00102357
8 0.935928 0.312663 0.112472 0.11414 0.00100806
8 0.191412 0.809892 0.11202 0.112346 0.00100298
8 0.688446 0.932724 0.113628 0.112529 0.00100201
13 0.811733 0.933172 0.112146 0.111338 0.00100159
