4 0.191962 0.933566 0.111477 0.113667 0.986265
3 0.5633 0.809744 0.111694 0.111786 0.986012
13 0.315392 0.93393 0.111431 0.112154 0.985582
5 0.0675992 0.685555 0.111973 0.112121 0.984521
5 0.812462 0.809984 0.111652 0.111735 0.9845
10 0.315833 0.685472 0.112037 0.111848 0.984473
7 0.563927 0.93398 0.111541 0.112189 0.984449
7 0.935743 0.065837 0.113567 0.112713 0.984146
6 0.191469 0.561507 0.111719 0.111883 0.983907
6 0.936105 0.933668 0.113027 0.112319 0.983894
12 0.191156 0.685635 0.112669 0.112549 0.983883
7 0.0671946 0.934173 0.113482 0.11257 0.983772
5 0.563975 0.685326 0.110161 0.111318 0.983421
4 0.19124 0.313431 0.111898 0.112759 0.9834
12 0.314994 0.0647937 0.111992 0.112726 0.983348
12 0.19111 0.809607 0.112997 0.11252 0.983343
7 0.191428 0.189352 0.112014 0.111686 0.983164
6 0.191349 0.437548 0.112295 0.11231 0.983015
6 0.0670821 0.188736 0.113153 0.112529 0.98283
3 0.191508 0.0650279 0.111137 0.111909 0.98281
6 0.936664 0.809469 0.112327 0.111462 0.982217
1 0.812206 0.933549 0.111718 0.113091 0.982164
13 0.439561 0.809879 0.111567 0.111569 0.982045
7 0.439444 0.31328 0.11367 0.112242 0.981914
12 0.315721 0.312878 0.112832 0.112724 0.981801
10 0.440117 0.561386 0.11182 0.111894 0.981749
2 0.315101 0.436965 0.111891 0.11225 0.981463
0 0.687941 0.933295 0.112663 0.113038 0.981351
6 0.688079 0.685189 0.112768 0.112843 0.981303
1 0.315198 0.188913 0.112323 0.111921 0.981111
13 0.0672944 0.437281 0.11268 0.112094 0.9811
13 0.812021 0.0647848 0.112203 0.11236 0.981032
9 0.562992 0.189278 0.110562 0.111784 0.98098
1 0.687693 0.809571 0.111971 0.113213 0.980636
13 0.0668556 0.809649 0.114165 0.113437 0.980511
0 0.315344 0.809318 0.112369 0.112434 0.980494
3 0.43932 0.685479 0.111883 0.111333 0.980397
9 0.439156 0.437937 0.111257 0.111402 0.980181
12 0.687569 0.189172 0.112123 0.112062 0.980041
9 0.563403 0.437618 0.112016 0.112168 0.979873
10 0.563769 0.561173 0.11247 0.113785 0.979827
2 0.0674026 0.313006 0.112451 0.11313 0.979551
10 0.688087 0.436736 0.11265 0.113616 0.97947
0 0.314897 0.560959 0.112843 0.111455 0.979465
2 0.0673153 0.561324 0.112024 0.111893 0.979398
11 0.0666401 0.0649251 0.113574 0.113297 0.979117
1 0.687772 0.312943 0.112372 0.112622 0.978816
0 0.935969 0.685007 0.113231 0.111762 0.978763
1 0.812122 0.188577 0.112535 0.112463 0.978499
1 0.687812 0.0645484 0.111944 0.113619 0.978432
4 0.812373 0.68517 0.113057 0.112362 0.978389
1 0.439404 0.064764 0.111873 0.113709 0.978356
11 0.563423 0.312943 0.111582 0.113097 0.978322
5 0.812427 0.436814 0.112238 0.112709 0.978302
1 0.936519 0.312475 0.113583 0.112654 0.978209
3 0.812274 0.561288 0.11276 0.113072 0.978104
8 0.43912 0.189138 0.112583 0.112696 0.977987
5 0.936734 0.561333 0.112625 0.112646 0.977896
0 0.935982 0.188629 0.112721 0.111488 0.977835
2 0.687866 0.560894 0.112613 0.113322 0.977819
0 0.56315 0.0655422 0.111657 0.111745 0.977798
2 0.936348 0.436817 0.113108 0.113914 0.977684
8 0.43971 0.934009 0.113335 0.114181 0.977642
2 0.812213 0.312682 0.112401 0.113307 0.977578
5 0.563425 0.313429 0.111449 0.11195 0.0154349
2 0.439261 0.189611 0.111326 0.112498 0.0139208
2 0.439228 0.934102 0.111214 0.111835 0.0093254
3 0.688412 0.561161 0.111575 0.112831 0.00869297
3 0.811994 0.313645 0.111679 0.112049 0.0081714
7 0.19181 0.933843 0.112052 0.112274 0.00499329
1 0.811905 0.313254 0.111186 0.113251 0.00499132
0 0.688154 0.0637058 0.111662 0.113399 0.00489942
0 0.81179 0.932857 0.112929 0.113675 0.00469746
4 0.68852 0.437411 0.111588 0.112639 0.00455009
1 0.563804 0.0637073 0.111076 0.113501 0.00403582
3 0.315579 0.437255 0.111744 0.111881 0.00401921
0 0.93659 0.312637 0.112451 0.111078 0.00381577
12 0.440027 0.809383 0.110305 0.111421 0.003759
1 0.688069 0.561009 0.112119 0.113472 0.00373971
0 0.688077 0.312319 0.112053 0.112361 0.00373831
10 0.440027 0.809383 0.110305 0.111421 0.0036439
10 0.439758 0.313475 0.113542 0.11282 0.00362343
2 0.688128 0.0646597 0.11057 0.112313 0.00353575
11 0.811661 0.437084 0.1119 0.111356 0.00349889
11 0.439203 0.933657 0.111726 0.11144 0.00348365
1 0.0669125 0.313511 0.112269 0.112341 0.00344295
5 0.0670958 0.560969 0.112776 0.112821 0.003429
0 0.812213 0.188374 0.11187 0.113131 0.00335408
5 0.0668654 0.0645359 0.113387 0.112817 0.00318287
12 0.191999 0.0648933 0.111953 0.111838 0.00312227
0 0.688083 0.809081 0.11128 0.111639 0.0030099
1 0.315267 0.560956 0.111934 0.112813 0.00299356
10 0.0669983 0.809279 0.111696 0.112418 0.00278508
2 0.812383 0.685574 0.112926 0.111981 0.00270196
4 0.43941 0.561187 0.111528 0.112874 0.00259669
6 0.191999 0.0648933 0.111953 0.111838 0.00258693
1 0.315121 0.437894 0.110969 0.10925 0.00257109
7 0.0669376 0.43655 0.111916 0.113017 0.00251704
2 0.813088 0.437301 0.112217 0.11305 0.00248809
5 0.686804 0.561471 0.114298 0.11157 0.00248257
1 0.936079 0.437856 0.109611 0.112395 0.00245712
7 0.0669983 0.809279 0.111696 0.112418 0.00242306
3 0.0668367 0.561194 0.114318 0.111361 0.00241818
4 0.564236 0.56152 0.11151 0.112078 0.00241768
4 0.564137 0.933805 0.111627 0.112314 0.00240515
7 0.19137 0.313124 0.111708 0.111823 0.00240338
9 0.439832 0.933619 0.11162 0.112801 0.00239926
4 0.0668757 0.93398 0.113849 0.111861 0.00237765
3 0.936513 0.437266 0.113362 0.112886 0.00236271
0 0.439467 0.0641059 0.111548 0.113699 0.00227829
7 0.811708 0.685046 0.112848 0.113936 0.0022648
0 0.439667 0.438142 0.113939 0.112779 0.00225547
1 0.191174 0.313263 0.111575 0.112153 0.00225092
3 0.813088 0.437301 0.112217 0.11305 0.00223334
1 0.68822 0.685448 0.111936 0.113552 0.0021708
5 0.936059 0.436798 0.113759 0.114611 0.00216831
11 0.811629 0.809594 0.113204 0.111233 0.00214483
6 0.440432 0.685104 0.111832 0.111859 0.00213789
1 0.812463 0.685543 0.112944 0.113106 0.00210291
12 0.811656 0.561634 0.112782 0.112816 0.00210248
4 0.191193 0.189316 0.111739 0.110998 0.00209542
10 0.315949 0.933786 0.109783 0.112104 0.00207751
6 0.19111 0.809607 0.112997 0.11252 0.00201523
2 0.813083 0.80942 0.113566 0.114368 0.00201422
6 0.19181 0.933843 0.112052 0.112274 0.0020045
3 0.191315 0.561186 0.113381 0.112744 0.00197008
6 0.687778 0.189251 0.111726 0.112466 0.00194343
5 0.811498 0.312862 0.112919 0.112612 0.00193508
2 0.813133 0.932936 0.111112 0.113629 0.0019029
1 0.191833 0.934063 0.112898 0.114541 0.00189739
11 0.439729 0.18963 0.112129 0.112793 0.00189712
4 0.439622 0.313427 0.113135 0.112342 0.00186852
11 0.93697 0.56124 0.112496 0.112065 0.00182946
1 0.811568 0.561536 0.112312 0.112099 0.00182771
9 0.936119 0.685348 0.112287 0.112118 0.00182001
1 0.315434 0.809265 0.112195 0.11296 0.0017726
3 0.191317 0.437279 0.113768 0.112295 0.00176174
4 0.935743 0.065837 0.113567 0.112713 0.00174881
4 0.563719 0.809405 0.112062 0.111424 0.0017264
2 0.688194 0.809321 0.112948 0.11297 0.00170996
12 0.439564 0.438141 0.112442 0.111834 0.00170208
12 0.936094 0.0655854 0.113423 0.11271 0.0016895
2 0.191174 0.313263 0.111575 0.112153 0.00168848
2 0.813071 0.561921 0.110322 0.111173 0.00164828
10 0.191357 0.189156 0.113273 0.113519 0.00163672
1 0.0670182 0.561216 0.112688 0.112019 0.00163412
8 0.688073 0.561151 0.109934 0.11284 0.00162785
7 0.315949 0.933786 0.109783 0.112104 0.00160837
2 0.688053 0.313103 0.112122 0.11294 0.00160824
1 0.687941 0.933295 0.112663 0.113038 0.0015952
6 0.81262 0.561234 0.111697 0.11274 0.00159232
10 0.937358 0.561321 0.111023 0.111467 0.00158827
12 0.0671066 0.437946 0.112913 0.113893 0.00158777
13 0.687572 0.437025 0.111657 0.111833 0.00157279
2 0.93669 0.561888 0.111379 0.112274 0.00156863
6 0.811666 0.68541 0.114218 0.113127 0.00156276
1 0.563355 0.809447 0.111776 0.111631 0.00155938
8 0.813016 0.31313 0.110749 0.113124 0.00155083
10 0.812751 0.685369 0.112143 0.113161 0.00154046
0 0.315292 0.188673 0.112095 0.112995 0.00149803
5 0.688198 0.436988 0.111898 0.113403 0.00149567
8 0.439564 0.438141 0.112442 0.111834 0.00146367
9 0.811579 0.561803 0.113363 0.112833 0.00146129
0 0.68806 0.189406 0.112531 0.114241 0.00144557
9 0.19028 0.0651783 0.11148 0.111745 0.00140266
7 0.440027 0.809383 0.110305 0.111421 0.0014012
6 0.191156 0.685635 0.112669 0.112549 0.00138542
6 0.315465 0.313279 0.112318 0.113033 0.00136158
10 0.563314 0.313493 0.110491 0.112698 0.00135034
4 0.315267 0.685074 0.112354 0.113066 0.0013304
3 0.0667377 0.31307 0.112086 0.11195 0.00132112
9 0.935952 0.189116 0.112053 0.112517 0.00130888
3 0.813083 0.80942 0.113566 0.114368 0.00130408
0 0.563563 0.437198 0.111464 0.110672 0.00129424
4 0.687868 0.313177 0.11194 0.111952 0.00128454
12 0.0667296 0.809423 0.111849 0.112148 0.00126667
12 0.5635 0.189333 0.11184 0.110679 0.00124648
12 0.315949 0.933786 0.109783 0.112104 0.00124627
2 0.191833 0.934063 0.112898 0.114541 0.00123542
3 0.564056 0.436633 0.111514 0.110895 0.00122719
12 0.564056 0.436633 0.111514 0.110895 0.00122346
13 0.439495 0.561302 0.111724 0.112381 0.00122327
11 0.0658109 0.437908 0.114703 0.111667 0.0012231
1 0.191363 0.0649384 0.111927 0.112236 0.00121078
4 0.811837 0.189047 0.111709 0.112107 0.00119226
6 0.314994 0.0647937 0.111992 0.112726 0.00118703
3 0.0662936 0.189231 0.112948 0.111834 0.00118432
10 0.0658109 0.437908 0.114703 0.111667 0.00118148
4 0.687881 0.809553 0.112242 0.112987 0.00115982
3 0.936967 0.809383 0.112623 0.112446 0.0011505
8 0.315121 0.437894 0.110969 0.10925 0.00115025
10 0.935831 0.0651717 0.112662 0.113897 0.00113284
12 0.439414 0.685276 0.11217 0.112292 0.00112472
10 0.0666336 0.685564 0.111993 0.112452 0.00112301
10 0.811785 0.809611 0.111339 0.112029 0.00112027
1 0.439814 0.685323 0.112018 0.112512 0.00111963
7 0.191363 0.438053 0.113719 0.111678 0.00111904
4 0.43916 0.685569 0.111756 0.112202 0.00111133
4 0.315519 0.189146 0.112041 0.113289 0.00109594
6 0.688194 0.809321 0.112948 0.11297 0.00108339
5 0.315366 0.436753 0.111221 0.113434 0.00107676
10 0.0661771 0.0647785 0.113155 0.112173 0.00106851
8 0.688391 0.932655 0.115213 0.113488 0.00106217
7 0.686748 0.18979 0.111438 0.112917 0.00104829
7 0.688245 0.437172 0.111851 0.113809 0.00103408
5 0.0661966 0.313302 0.112902 0.112142 0.00102568
6 0.564075 0.809128 0.111049 0.111851 0.00102379
5 0.43955 0.561225 0.112221 0.112461 0.00102334
10 0.812735 0.436623 0.110026 0.111639 0.00102155
0 0.563504 0.189394 0.111891 0.110865 0.00101927
8 0.0667377 0.31307 0.112086 0.11195 0.0010074
