6 0.935728 0.933647 0.113873 0.11324 0.986723
3 0.439107 0.685523 0.113394 0.113334 0.986184
5 0.192233 0.809571 0.11036 0.11214 0.985984
1 0.315358 0.933846 0.112242 0.112388 0.984972
3 0.563237 0.685474 0.112878 0.113555 0.984759
10 0.06763 0.685807 0.113232 0.112585 0.984591
9 0.0673118 0.437366 0.113516 0.113156 0.983958
1 0.315301 0.685165 0.112562 0.112739 0.983858
1 0.563489 0.933798 0.111689 0.112658 0.983653
6 0.191629 0.685321 0.111013 0.111467 0.983531
4 0.0673214 0.561741 0.112968 0.112031 0.983394
11 0.439326 0.809466 0.110734 0.112639 0.983305
0 0.439594 0.933561 0.111857 0.112352 0.983258
6 0.191711 0.561107 0.110821 0.111578 0.983154
13 0.191548 0.189094 0.113287 0.113948 0.982955
5 0.563602 0.0648918 0.111455 0.112998 0.98287
11 0.0668797 0.313291 0.112563 0.112183 0.982859
3 0.0672853 0.0648751 0.112917 0.11398 0.982688
6 0.936195 0.685288 0.114095 0.113095 0.982647
2 0.314925 0.0647435 0.112222 0.11306 0.98249
10 0.0672868 0.189174 0.113445 0.113107 0.982391
12 0.687855 0.810099 0.112587 0.113524 0.982312
4 0.439261 0.0645937 0.111336 0.112954 0.982189
2 0.811567 0.933994 0.112134 0.112711 0.982136
12 0.563864 0.80997 0.111657 0.113603 0.981645
1 0.31531 0.43716 0.112175 0.112057 0.981484
12 0.315259 0.809741 0.112209 0.113208 0.98147
0 0.687904 0.933321 0.111942 0.112201 0.981393
12 0.315251 0.188884 0.112035 0.112402 0.981325
1 0.191175 0.313134 0.111651 0.111436 0.981186
0 0.315571 0.561046 0.1121 0.112081 0.980957
2 0.190863 0.436671 0.111429 0.112121 0.980881
0 0.315368 0.312825 0.112369 0.112668 0.980875
2 0.43972 0.561084 0.111193 0.112693 0.98086
1 0.191201 0.064716 0.111624 0.112353 0.980729
9 0.0674342 0.93409 0.113201 0.114651 0.980563
11 0.439333 0.189144 0.11206 0.112563 0.980035
10 0.563686 0.437171 0.112034 0.113414 0.980035
10 0.687846 0.0648199 0.111171 0.113273 0.979992
0 0.811867 0.809562 0.112125 0.112659 0.979925
4 0.563522 0.188872 0.11196 0.113074 0.979821
12 0.191605 0.933789 0.112469 0.112185 0.979801
2 0.43931 0.437466 0.11138 0.111501 0.979655
6 0.563939 0.313122 0.112032 0.112392 0.979633
12 0.688172 0.312672 0.111862 0.112865 0.979489
9 0.687651 0.188524 0.111798 0.113024 0.979299
8 0.935862 0.809808 0.113035 0.112097 0.979087
12 0.812432 0.561114 0.111972 0.113162 0.979079
9 0.811546 0.064979 0.112106 0.111999 0.979063
9 0.811778 0.685718 0.112469 0.112713 0.979048
3 0.439491 0.313508 0.112082 0.111974 0.978894
2 0.0676 0.809518 0.112102 0.111646 0.978808
0 0.563611 0.56113 0.111942 0.113327 0.978774
1 0.936191 0.561242 0.113995 0.113371 0.978689
13 0.936204 0.313255 0.113415 0.113512 0.978636
9 0.811849 0.437444 0.112033 0.112291 0.978591
0 0.687697 0.437185 0.111928 0.113094 0.978544
1 0.812241 0.188686 0.112575 0.112598 0.978529
1 0.936351 0.0642718 0.113772 0.11395 0.978307
0 0.936127 0.436945 0.112887 0.112073 0.978113
8 0.687959 0.561247 0.111953 0.113431 0.977727
0 0.935823 0.188784 0.110364 0.111235 0.977418
8 0.687322 0.685273 0.111176 0.11183 0.977171
8 0.811727 0.312946 0.110738 0.111644 0.976772
2 0.688151 0.684967 0.111916 0.112113 0.0193751
2 0.811711 0.313537 0.112952 0.112714 0.0186942
2 0.688114 0.560943 0.111481 0.112613 0.00902788
6 0.812434 0.561427 0.111312 0.112794 0.00831374
6 0.688164 0.313625 0.110703 0.113011 0.00681473
6 0.191655 0.934101 0.111927 0.114224 0.00628249
6 0.315681 0.809971 0.112479 0.113883 0.00571131
8 0.811598 0.933238 0.112661 0.113412 0.00524657
7 0.439589 0.0644688 0.111552 0.112208 0.00524115
4 0.0672868 0.189174 0.113445 0.113107 0.00501735
12 0.439496 0.313227 0.11152 0.111941 0.00497815
6 0.315541 0.189377 0.1119 0.113581 0.00476399
1 0.687824 0.436721 0.112565 0.112978 0.00391655
10 0.0679659 0.313356 0.112767 0.112713 0.00385208
4 0.688025 0.0651414 0.112574 0.113191 0.00378897
4 0.06763 0.685807 0.113232 0.112585 0.00378521
6 0.564111 0.810283 0.112462 0.11349 0.00370462
0 0.688095 0.18878 0.11201 0.113084 0.00355751
2 0.935862 0.809808 0.113035 0.112097 0.00350092
1 0.0669409 0.561202 0.114194 0.112793 0.0034879
12 0.687727 0.18892 0.112232 0.112369 0.00344773
1 0.439511 0.0645959 0.112108 0.113492 0.00326096
3 0.93572 0.9337 0.112689 0.113543 0.00325464
1 0.563557 0.188798 0.112039 0.113223 0.00318966
3 0.8117 0.68572 0.112177 0.113516 0.00298011
12 0.811487 0.685874 0.110599 0.112454 0.0029698
0 0.936339 0.560785 0.113394 0.112367 0.00293193
0 0.812247 0.188659 0.111979 0.113504 0.00281346
11 0.936208 0.809878 0.112614 0.112152 0.00275086
6 0.687855 0.810099 0.112587 0.113524 0.0027464
12 0.811513 0.437483 0.110818 0.112381 0.0027417
4 0.563811 0.437756 0.112199 0.112497 0.00264664
12 0.812011 0.0645433 0.112191 0.112457 0.00264626
10 0.439333 0.189038 0.111167 0.112702 0.00263296
0 0.936106 0.0643771 0.112398 0.113894 0.00263111
3 0.191711 0.561107 0.110821 0.111578 0.00262999
3 0.936445 0.68516 0.112627 0.112889 0.00260566
1 0.563735 0.560851 0.112384 0.112969 0.00259794
3 0.811513 0.437483 0.110818 0.112381 0.00242112
12 0.0674281 0.436627 0.11148 0.113565 0.00232803
5 0.439333 0.189144 0.11206 0.112563 0.00226689
7 0.688269 0.0649346 0.111172 0.113403 0.00215617
1 0.191459 0.561024 0.109443 0.110135 0.00214906
10 0.935722 0.313167 0.11087 0.112166 0.00213598
3 0.191629 0.685321 0.111013 0.111467 0.00209237
2 0.191405 0.809254 0.11149 0.111907 0.00206962
0 0.813075 0.437303 0.111341 0.111375 0.00199312
12 0.439532 0.685062 0.111785 0.112166 0.0019839
0 0.191244 0.0643265 0.112039 0.113492 0.00195085
1 0.439439 0.437896 0.110197 0.109696 0.00193889
3 0.191004 0.436966 0.112751 0.112148 0.00189482
10 0.563352 0.189006 0.110874 0.113026 0.00187808
1 0.315529 0.561016 0.111999 0.11278 0.00187774
13 0.68767 0.0644534 0.110946 0.111955 0.00187131
11 0.811598 0.933238 0.112661 0.113412 0.00185423
3 0.563756 0.313576 0.110905 0.113056 0.00184995
0 0.688216 0.809451 0.111891 0.112802 0.00183673
13 0.0668797 0.313291 0.112563 0.112183 0.00181307
11 0.687887 0.685509 0.11253 0.112414 0.00181221
13 0.439333 0.189144 0.11206 0.112563 0.00180623
11 0.81199 0.313571 0.112441 0.113503 0.00180565
1 0.191518 0.685454 0.111204 0.112098 0.00180411
11 0.190995 0.189422 0.111577 0.112801 0.00179772
9 0.936074 0.188966 0.112399 0.112634 0.00177602
2 0.0669409 0.561202 0.114194 0.112793 0.00176501
0 0.688185 0.312943 0.111227 0.113116 0.00175274
0 0.0672843 0.438015 0.113892 0.113988 0.00173442
12 0.0674693 0.933556 0.114186 0.113922 0.00170613
13 0.439668 0.809978 0.111427 0.112182 0.0016987
3 0.811543 0.0648891 0.110987 0.112059 0.00168553
3 0.439356 0.560978 0.112327 0.112432 0.00166096
5 0.811495 0.933046 0.113512 0.112659 0.0016365
3 0.0668171 0.80952 0.114102 0.112609 0.00162896
1 0.935574 0.933726 0.11207 0.113791 0.00161195
7 0.0675335 0.189054 0.113227 0.112974 0.00158471
0 0.563481 0.933614 0.110602 0.111536 0.00157703
6 0.439532 0.685062 0.111785 0.112166 0.00153357
0 0.191141 0.313221 0.110738 0.112264 0.00151697
3 0.191331 0.809681 0.111738 0.112742 0.0015102
1 0.936507 0.685197 0.113705 0.113945 0.00149939
0 0.315534 0.437355 0.112789 0.11272 0.00145669
1 0.811867 0.809562 0.112125 0.112659 0.00145473
1 0.439449 0.560688 0.112672 0.113069 0.00145289
3 0.688135 0.188878 0.113407 0.112915 0.00142892
0 0.812996 0.0648132 0.112055 0.111152 0.00142621
0 0.315497 0.933661 0.111483 0.11297 0.00142066
3 0.439508 0.437469 0.112068 0.112269 0.00138013
1 0.191106 0.436517 0.111984 0.112854 0.00137215
7 0.93572 0.9337 0.112689 0.113543 0.00135394
4 0.811948 0.189177 0.112079 0.11258 0.00135183
1 0.315347 0.0645064 0.111744 0.113514 0.00134954
0 0.813085 0.685832 0.112472 0.111024 0.00134923
1 0.315368 0.312825 0.112369 0.112668 0.00133912
11 0.687792 0.56117 0.112474 0.112577 0.00133248
1 0.68796 0.933526 0.110673 0.111539 0.00131326
4 0.315425 0.437545 0.11211 0.112763 0.00129598
10 0.56359 0.0645826 0.112377 0.112522 0.00127768
0 0.811732 0.561471 0.113425 0.113569 0.00126841
1 0.564294 0.312972 0.112334 0.113072 0.00126387
4 0.315453 0.685163 0.111836 0.11242 0.00126208
5 0.0668797 0.313291 0.112563 0.112183 0.00125743
9 0.93604 0.437185 0.112308 0.112429 0.00125082
0 0.688119 0.561387 0.111903 0.113855 0.00124414
7 0.564107 0.313641 0.111614 0.111783 0.00124239
4 0.563481 0.933614 0.110602 0.111536 0.0012402
10 0.439268 0.80989 0.110999 0.112902 0.00123338
5 0.0669077 0.809289 0.112529 0.112066 0.00122996
5 0.688227 0.0646681 0.111512 0.112928 0.00122129
10 0.191267 0.1891 0.111814 0.112363 0.00121464
4 0.191168 0.313518 0.111723 0.112599 0.00121414
6 0.0667013 0.0648825 0.112929 0.11216 0.00121275
1 0.439502 0.313168 0.111373 0.111988 0.0011963
0 0.315399 0.685112 0.112138 0.113218 0.00117843
4 0.936339 0.560785 0.113394 0.112367 0.0011731
3 0.191924 0.934102 0.1131 0.112078 0.00116538
13 0.563203 0.437383 0.111742 0.111903 0.00115418
9 0.936673 0.313397 0.111173 0.112562 0.0011531
5 0.439668 0.809978 0.111427 0.112182 0.00115293
7 0.0674391 0.685194 0.112803 0.113237 0.00114604
3 0.812203 0.561004 0.112091 0.113044 0.0011339
1 0.066622 0.0648397 0.113267 0.112854 0.00112282
4 0.935819 0.0649413 0.11261 0.113475 0.00111428
6 0.439589 0.0644688 0.111552 0.112208 0.00110922
7 0.935983 0.313758 0.112941 0.11388 0.00110754
3 0.812186 0.93356 0.111962 0.113547 0.00110099
12 0.563535 0.685281 0.111805 0.112557 0.00104593
4 0.439532 0.685062 0.111785 0.112166 0.00104322
7 0.563602 0.437603 0.111509 0.112304 0.0010412
6 0.811671 0.188436 0.11203 0.113337 0.0010332
0 0.936211 0.809909 0.111111 0.111633 0.00103
1 0.0673371 0.809281 0.112984 0.11129 0.0010297
1 0.5639 0.685282 0.112359 0.112811 0.00102433
7 0.0666537 0.561409 0.112642 0.112505 0.00102382
8 0.688387 0.932665 0.113635 0.112116 0.00101966
11 0.191405 0.809254 0.11149 0.111907 0.00100307
8 0.439308 0.436793 0.111058 0.112924 0.0010018
