7 0.315062 0.809603 0.112654 0.112212 0.986171
12 0.564027 0.933818 0.111094 0.113211 0.986078
2 0.439252 0.809755 0.112707 0.112972 0.985755
7 0.31534 0.685166 0.111889 0.111622 0.985753
5 0.439432 0.93455 0.112233 0.113549 0.985695
5 0.0669994 0.93396 0.11259 0.113143 0.985399
5 0.0675628 0.809703 0.111967 0.112982 0.985315
8 0.563748 0.809852 0.111891 0.112173 0.985311
7 0.191306 0.809565 0.112278 0.111687 0.985287
5 0.688085 0.934334 0.111813 0.113231 0.985072
8 0.315423 0.93418 0.112086 0.11207 0.985063
0 0.935671 0.933314 0.113019 0.112073 0.985014
12 0.191591 0.685418 0.111128 0.112458 0.984858
13 0.439147 0.685095 0.112037 0.11303 0.984818
8 0.314826 0.0653544 0.112821 0.112127 0.984795
7 0.563529 0.0648985 0.112155 0.112972 0.984144
9 0.68762 0.809748 0.111964 0.11371 0.984036
8 0.812087 0.933938 0.111583 0.112328 0.98343
5 0.0671868 0.313605 0.113014 0.113371 0.983184
12 0.067344 0.685359 0.11234 0.112639 0.983065
6 0.812403 0.809467 0.112504 0.11411 0.982778
3 0.191838 0.313361 0.1112 0.113426 0.98261
5 0.190722 0.0654294 0.111121 0.111741 0.982544
0 0.191678 0.933594 0.111933 0.112708 0.982231
10 0.191436 0.437148 0.11168 0.112342 0.982058
1 0.191327 0.561598 0.112012 0.112533 0.982048
1 0.0671878 0.437679 0.112833 0.11243 0.98182
8 0.067379 0.0655399 0.113554 0.113787 0.981668
3 0.43941 0.313407 0.110491 0.112418 0.981576
2 0.315228 0.561231 0.112161 0.112782 0.981476
2 0.315031 0.437123 0.112092 0.112733 0.981469
12 0.439406 0.0649174 0.110888 0.112802 0.981259
1 0.0670541 0.189237 0.112539 0.112405 0.981046
1 0.93666 0.80963 0.112542 0.112387 0.980902
8 0.687655 0.190066 0.112306 0.112424 0.980871
8 0.315452 0.313367 0.112813 0.11317 0.98076
4 0.439365 0.189093 0.112811 0.113236 0.980713
0 0.191385 0.18825 0.11231 0.112173 0.980337
10 0.563634 0.312999 0.112127 0.11395 0.98023
11 0.563538 0.685692 0.110888 0.112421 0.98013
12 0.811772 0.0656033 0.111777 0.113106 0.980058
11 0.314977 0.188534 0.111856 0.11234 0.980005
11 0.439239 0.436901 0.111721 0.112631 0.979856
10 0.687987 0.43712 0.112186 0.113615 0.979733
4 0.56384 0.560995 0.11262 0.114187 0.979725
8 0.439581 0.561041 0.112135 0.113143 0.979675
0 0.0671659 0.560959 0.111544 0.11272 0.979503
13 0.811969 0.437229 0.112775 0.11362 0.979436
9 0.687898 0.561338 0.11189 0.112208 0.979387
10 0.812284 0.312715 0.112622 0.113896 0.979374
2 0.563279 0.189632 0.111626 0.113407 0.979298
10 0.936429 0.436899 0.113533 0.114627 0.979244
9 0.687583 0.685608 0.110736 0.111694 0.979113
12 0.563762 0.43703 0.111785 0.113667 0.979101
5 0.936307 0.68534 0.11281 0.113875 0.978668
0 0.811885 0.561326 0.112719 0.113003 0.978531
1 0.812329 0.685191 0.113422 0.113504 0.978487
11 0.687371 0.0655016 0.112382 0.113456 0.978394
12 0.936565 0.561213 0.113115 0.113086 0.978208
11 0.687568 0.312864 0.111718 0.113888 0.978126
1 0.936371 0.0641233 0.113867 0.114154 0.978108
1 0.812175 0.188622 0.11258 0.112411 0.977963
4 0.936812 0.312514 0.113145 0.113308 0.977783
0 0.936121 0.18856 0.112995 0.111736 0.977236
10 0.686769 0.0646824 0.112019 0.113624 0.0139961
10 0.686865 0.312993 0.110106 0.111934 0.0126048
3 0.564019 0.18973 0.112405 0.113089 0.0102592
10 0.314844 0.188683 0.111951 0.111921 0.00863684
3 0.315438 0.437946 0.112381 0.112819 0.00810315
1 0.0664581 0.560387 0.114003 0.112041 0.00725449
10 0.93601 0.68518 0.111539 0.112545 0.00624066
10 0.439397 0.436849 0.110729 0.112522 0.00608928
3 0.439739 0.809473 0.11186 0.112719 0.00535776
5 0.811918 0.313655 0.112723 0.112779 0.00520086
9 0.563896 0.809183 0.111418 0.112736 0.0051786
9 0.811975 0.934191 0.111457 0.111507 0.00507898
9 0.68774 0.190141 0.112458 0.112072 0.00440522
0 0.813145 0.933909 0.110752 0.114269 0.00437686
10 0.4394 0.934079 0.111477 0.111508 0.00422795
2 0.688125 0.188842 0.112144 0.113015 0.00416902
1 0.936603 0.312703 0.113341 0.113633 0.00415955
11 0.56418 0.809918 0.11089 0.113183 0.00413385
0 0.68817 0.561473 0.110782 0.111938 0.00409267
6 0.191706 0.685293 0.112258 0.112439 0.00405196
7 0.688159 0.437618 0.111211 0.113999 0.00399728
10 0.191346 0.064741 0.111418 0.112051 0.00397679
3 0.315644 0.561692 0.112771 0.113645 0.00385886
0 0.68828 0.685813 0.111114 0.111957 0.00364355
1 0.563909 0.561409 0.113177 0.113461 0.00349848
4 0.688159 0.437618 0.111211 0.113999 0.00342824
10 0.687908 0.933957 0.111214 0.111548 0.00341416
11 0.6884 0.933601 0.113428 0.11305 0.00335886
12 0.811364 0.437078 0.11082 0.112779 0.00335482
12 0.439034 0.685316 0.111604 0.111986 0.00327849
1 0.43938 0.189407 0.111883 0.112609 0.00308796
8 0.688031 0.312991 0.111886 0.115186 0.00292817
1 0.811852 0.561021 0.113017 0.112832 0.00289105
11 0.687645 0.188817 0.111668 0.112171 0.00285673
2 0.688417 0.933236 0.113235 0.113857 0.00282602
0 0.688302 0.809961 0.111427 0.112287 0.00273093
2 0.439747 0.561076 0.112264 0.113181 0.00271012
12 0.192103 0.313061 0.11168 0.112179 0.00270229
0 0.688125 0.189225 0.112683 0.114172 0.00256123
12 0.68828 0.685813 0.111114 0.111957 0.00254735
0 0.812222 0.188493 0.112024 0.11314 0.00244642
6 0.439332 0.189089 0.111625 0.112693 0.00241876
11 0.439547 0.560924 0.110368 0.113468 0.00239048
11 0.936006 0.685205 0.11179 0.112182 0.00232369
3 0.812403 0.809467 0.112504 0.11411 0.00224942
0 0.936002 0.0647587 0.112806 0.113485 0.00224006
10 0.687435 0.809234 0.111564 0.113215 0.00223688
3 0.563978 0.561373 0.111821 0.113095 0.00219567
12 0.68817 0.561473 0.110782 0.111938 0.00219447
8 0.68817 0.561473 0.110782 0.111938 0.00218432
4 0.563824 0.313931 0.110852 0.113325 0.00218286
5 0.936342 0.437831 0.113069 0.114201 0.00211637
8 0.438983 0.437956 0.112251 0.11415 0.0021069
2 0.563909 0.561409 0.113177 0.113461 0.00209802
7 0.936462 0.313197 0.113229 0.112719 0.00209462
6 0.563978 0.561373 0.111821 0.113095 0.00209096
6 0.439542 0.0647523 0.110242 0.113705 0.00209055
2 0.936603 0.312703 0.113341 0.113633 0.00208544
10 0.0665748 0.933719 0.112152 0.112049 0.00205936
9 0.0665707 0.0653681 0.114666 0.112979 0.00204535
4 0.191436 0.437148 0.11168 0.112342 0.00199831
2 0.564364 0.810012 0.112024 0.112224 0.00199434
12 0.439886 0.31312 0.11151 0.112142 0.00198328
9 0.315466 0.933782 0.111347 0.1129 0.00194886
7 0.191436 0.437148 0.11168 0.112342 0.00191108
0 0.936892 0.809378 0.111728 0.112757 0.0019033
9 0.686762 0.312768 0.110607 0.113526 0.00187032
7 0.563643 0.313446 0.111821 0.113099 0.00185033
13 0.687705 0.437432 0.111713 0.111606 0.00184939
12 0.688302 0.809961 0.111427 0.112287 0.00184462
4 0.192103 0.313457 0.112082 0.113463 0.00183326
6 0.936462 0.313197 0.113229 0.112719 0.00182853
6 0.563756 0.437194 0.111531 0.113079 0.00180864
8 0.68828 0.685813 0.111114 0.111957 0.00178497
5 0.688201 0.437801 0.111699 0.112334 0.00178107
6 0.067344 0.685359 0.11234 0.112639 0.00173831
8 0.688302 0.809961 0.111427 0.112287 0.00171863
4 0.191327 0.561598 0.112012 0.112533 0.00171747
2 0.813028 0.684868 0.112229 0.113769 0.00166938
11 0.812651 0.933869 0.111695 0.112229 0.00164333
10 0.56385 0.685531 0.111835 0.113812 0.00164211
0 0.812854 0.684968 0.111852 0.112914 0.00162348
4 0.811918 0.313655 0.112723 0.112779 0.00162286
8 0.563518 0.188932 0.112436 0.11362 0.00159631
13 0.935831 0.437371 0.112232 0.112125 0.00159137
9 0.315262 0.313645 0.112941 0.113178 0.00158228
9 0.935955 0.188956 0.112737 0.112638 0.00155502
4 0.812334 0.684964 0.112685 0.112791 0.001533
13 0.191195 0.437543 0.111923 0.111465 0.00152247
9 0.439482 0.437253 0.110844 0.111839 0.00152196
9 0.93577 0.933554 0.111647 0.112172 0.001521
7 0.563978 0.561373 0.111821 0.113095 0.00151592
8 0.563683 0.684923 0.112158 0.112406 0.00147011
4 0.811924 0.188979 0.112111 0.11209 0.00144826
4 0.93666 0.80963 0.112542 0.112387 0.00143736
11 0.31576 0.934239 0.112083 0.112918 0.00142737
7 0.811695 0.436902 0.11263 0.113913 0.00140317
3 0.439928 0.189551 0.112453 0.113308 0.00139794
1 0.315302 0.437908 0.110512 0.110324 0.00138448
5 0.56353 0.561249 0.112443 0.112759 0.00137486
6 0.812345 0.0649511 0.111939 0.113974 0.00136853
5 0.93606 0.313219 0.112318 0.112973 0.0013348
2 0.43938 0.189407 0.111883 0.112609 0.00133145
11 0.439427 0.93392 0.111535 0.11129 0.00132561
0 0.0670261 0.188479 0.112772 0.111986 0.00130695
3 0.936462 0.313197 0.113229 0.112719 0.00130201
1 0.563435 0.188645 0.111762 0.113976 0.00128508
7 0.439147 0.685095 0.112037 0.11303 0.00127867
4 0.0670541 0.189237 0.112539 0.112405 0.00126607
1 0.439581 0.809362 0.11301 0.113321 0.00126584
4 0.0673073 0.313378 0.113191 0.113773 0.00126333
8 0.935965 0.932858 0.111251 0.111631 0.00126004
7 0.936014 0.436722 0.112668 0.11434 0.00124866
0 0.0664715 0.43682 0.114496 0.111628 0.00123796
3 0.936714 0.560977 0.111971 0.113125 0.00121669
11 0.0669536 0.0654723 0.114127 0.113851 0.00121215
5 0.563334 0.188695 0.112608 0.112965 0.0012028
4 0.0671878 0.437679 0.112833 0.11243 0.00120197
2 0.315449 0.065217 0.112696 0.113371 0.00120196
1 0.315537 0.561031 0.112765 0.113607 0.00120193
1 0.439858 0.312892 0.111179 0.112125 0.00119436
2 0.315262 0.313645 0.112941 0.113178 0.00119399
6 0.192103 0.313457 0.112082 0.113463 0.00119021
8 0.688133 0.0645184 0.112107 0.114286 0.00118458
11 0.936542 0.436467 0.111101 0.114167 0.00118265
2 0.31576 0.934239 0.112083 0.112918 0.00117473
13 0.562921 0.312921 0.111705 0.112304 0.00115494
0 0.315773 0.313847 0.111356 0.112861 0.00115108
4 0.440107 0.313601 0.111893 0.112407 0.00113871
0 0.0677575 0.0652723 0.111699 0.113486 0.0011361
5 0.315391 0.561041 0.112065 0.11378 0.00112265
5 0.315128 0.436828 0.110977 0.11319 0.00112072
11 0.315449 0.065217 0.112696 0.113371 0.00110108
6 0.811566 0.188373 0.111097 0.113294 0.00109496
5 0.563776 0.685226 0.110752 0.11199 0.00108936
8 0.935855 0.188732 0.110357 0.111307 0.00108866
7 0.811509 0.0643214 0.111477 0.113844 0.00107582
5 0.68813 0.0647003 0.111619 0.11184 0.00107519
13 0.811549 0.312941 0.11239 0.113173 0.00107439
10 0.0671096 0.312917 0.112856 0.113344 0.00107318
10 0.0667673 0.809985 0.11226 0.112593 0.00106781
2 0.811975 0.934191 0.111457 0.111507 0.00106394
7 0.811598 0.312751 0.112141 0.113545 0.0010628
4 0.936302 0.561306 0.112643 0.112876 0.00105604
3 0.68828 0.685813 0.111114 0.111957 0.00105214
4 0.315265 0.809705 0.112121 0.112345 0.00104558
5 0.687437 0.313603 0.112165 0.112966 0.0010366
6 0.440107 0.313601 0.111893 0.112407 0.00103283
9 0.314864 0.188562 0.111635 0.112295 0.0010316
5 0.439764 0.809583 0.112253 0.112674 0.00103004
9 0.314826 0.0653544 0.112821 0.112127 0.00102111
5 0.192103 0.313457 0.112082 0.113463 0.00102026
4 0.936317 0.0649313 0.112209 0.114188 0.00101578
9 0.56354 0.685566 0.111232 0.112268 0.00100344
