13 0.315361 0.809659 0.113277 0.113629 0.986125
3 0.314488 0.0650544 0.112974 0.11289 0.986077
9 0.688193 0.809717 0.111602 0.112937 0.985742
6 0.0670502 0.809553 0.112678 0.112247 0.985029
13 0.19183 0.933991 0.111252 0.113363 0.984902
5 0.439325 0.0651586 0.110372 0.112394 0.984812
2 0.563672 0.933966 0.112949 0.11363 0.984765
6 0.191632 0.68545 0.111664 0.11217 0.984583
7 0.191044 0.0650762 0.112509 0.112426 0.984478
10 0.440066 0.80969 0.112733 0.113962 0.984194
7 0.0670599 0.31358 0.113454 0.113673 0.983565
13 0.191724 0.56181 0.111297 0.112703 0.983561
13 0.191667 0.437827 0.111464 0.112775 0.983556
9 0.066855 0.0650359 0.112934 0.1141 0.983472
3 0.191152 0.313546 0.111635 0.113876 0.983457
6 0.439579 0.934147 0.113004 0.114545 0.983373
4 0.315253 0.437112 0.113139 0.113047 0.983322
4 0.315658 0.685691 0.112989 0.112929 0.983278
3 0.936218 0.933973 0.114424 0.114856 0.983273
13 0.0672123 0.933993 0.112677 0.113923 0.983257
4 0.315411 0.312905 0.113754 0.113884 0.983195
2 0.688054 0.933757 0.113813 0.113795 0.983162
8 0.0664563 0.189391 0.112422 0.111862 0.982713
7 0.0672353 0.685582 0.11352 0.113987 0.982514
5 0.067208 0.437595 0.112285 0.113398 0.982376
12 0.315418 0.934204 0.111371 0.113644 0.98217
12 0.191248 0.809824 0.11143 0.11289 0.981817
1 0.812319 0.933774 0.111592 0.112973 0.981793
3 0.315664 0.561445 0.111941 0.113597 0.98168
10 0.439513 0.56125 0.112259 0.111853 0.981661
10 0.564444 0.685341 0.111936 0.113363 0.981652
7 0.93621 0.68535 0.113191 0.11332 0.981328
13 0.439624 0.437164 0.112011 0.111847 0.981272
1 0.314899 0.188971 0.111908 0.11073 0.980812
12 0.0670678 0.561713 0.112343 0.111716 0.980579
8 0.563249 0.0652408 0.111954 0.112753 0.98055
12 0.190735 0.189166 0.113011 0.111508 0.98055
6 0.439372 0.313012 0.113623 0.113015 0.979922
11 0.936592 0.809778 0.112085 0.112805 0.979697
9 0.687249 0.437716 0.111135 0.111902 0.979549
13 0.687496 0.313473 0.112374 0.113292 0.979432
11 0.563675 0.437277 0.111814 0.114272 0.979416
9 0.687373 0.18926 0.111547 0.112364 0.979348
4 0.688303 0.0651066 0.112596 0.113469 0.97926
6 0.688269 0.68548 0.112872 0.112556 0.979128
0 0.439217 0.68517 0.111598 0.111931 0.978946
3 0.563122 0.312971 0.111174 0.111931 0.978913
10 0.812561 0.31275 0.113129 0.114447 0.978834
13 0.93603 0.31316 0.113505 0.113803 0.978724
0 0.564013 0.809422 0.111916 0.113548 0.97867
5 0.812268 0.561866 0.11264 0.113289 0.978545
8 0.812284 0.809794 0.112451 0.113791 0.978506
5 0.687838 0.561703 0.112284 0.11288 0.978494
5 0.936433 0.437305 0.112796 0.112833 0.978352
11 0.936503 0.561572 0.112934 0.11384 0.978336
1 0.936309 0.0641322 0.113965 0.113872 0.978208
11 0.936274 0.188762 0.110792 0.111884 0.977917
2 0.563548 0.188668 0.1118 0.113557 0.97789
2 0.563693 0.561465 0.111854 0.112979 0.977745
0 0.812188 0.0646608 0.111969 0.11323 0.977233
2 0.812011 0.685912 0.111457 0.112021 0.976899
8 0.439568 0.189222 0.111959 0.111971 0.976895
8 0.812275 0.188731 0.112177 0.11261 0.976296
8 0.812279 0.437244 0.112416 0.112877 0.97622
6 0.191199 0.809573 0.110583 0.111349 0.0738719
2 0.812435 0.436586 0.11201 0.111343 0.0472679
6 0.31519 0.933745 0.11049 0.112569 0.0419116
2 0.0662736 0.189482 0.113289 0.110445 0.0365509
2 0.563389 0.0643204 0.111568 0.113188 0.0288287
2 0.439506 0.188517 0.111864 0.111998 0.0274683
6 0.0668958 0.561731 0.112645 0.112341 0.0165918
2 0.812681 0.188124 0.11067 0.110709 0.0111271
10 0.935917 0.43716 0.111124 0.112042 0.00837838
11 0.936267 0.436493 0.111305 0.109657 0.00818277
2 0.813019 0.809598 0.111437 0.112673 0.0078424
11 0.811679 0.188454 0.110284 0.112228 0.00740414
6 0.19078 0.18926 0.11293 0.113305 0.00735992
12 0.688132 0.437288 0.111646 0.112966 0.00690294
8 0.68854 0.933608 0.112833 0.11262 0.006544
11 0.439529 0.188507 0.111372 0.111554 0.00495656
5 0.811473 0.685907 0.113602 0.111059 0.00481475
5 0.563915 0.437862 0.112052 0.113427 0.00443559
7 0.0676334 0.933895 0.113585 0.114787 0.00440068
11 0.811511 0.436758 0.110085 0.111774 0.00419444
11 0.81153 0.561844 0.112118 0.111908 0.00418583
12 0.688369 0.809705 0.112771 0.112629 0.00352385
1 0.688503 0.0642623 0.111813 0.114608 0.00335569
7 0.067051 0.561187 0.112527 0.112881 0.00331129
3 0.687704 0.437279 0.111843 0.113179 0.00291913
0 0.688125 0.189261 0.111811 0.113183 0.00286214
12 0.688125 0.189261 0.111811 0.113183 0.00285573
1 0.564062 0.809303 0.111751 0.112878 0.00282759
0 0.688132 0.437288 0.111646 0.112966 0.00280182
12 0.688105 0.313286 0.111644 0.11308 0.00279306
1 0.439731 0.684938 0.111887 0.112798 0.0027867
1 0.31564 0.437617 0.113038 0.114051 0.00277594
1 0.8124 0.0641243 0.110965 0.113456 0.00275055
11 0.811606 0.809778 0.110958 0.112025 0.00266554
0 0.936215 0.0641069 0.112305 0.113793 0.00263574
2 0.688195 0.561878 0.112251 0.112508 0.0026295
0 0.812985 0.933983 0.11088 0.110968 0.00260504
3 0.0670502 0.809553 0.112678 0.112247 0.00259896
12 0.564402 0.685409 0.111732 0.112006 0.00257675
10 0.0669034 0.933594 0.115031 0.115211 0.00255388
4 0.0667934 0.313357 0.113865 0.113141 0.00246637
12 0.935822 0.685645 0.111911 0.112609 0.00246619
11 0.0667461 0.436459 0.111435 0.111526 0.00245184
3 0.439796 0.313288 0.111469 0.113757 0.00243626
12 0.439746 0.437609 0.111218 0.111741 0.0024107
3 0.439803 0.933692 0.112539 0.113359 0.00238888
10 0.0672166 0.313494 0.113199 0.114846 0.00230495
12 0.440141 0.809519 0.11224 0.112801 0.00230065
0 0.811895 0.437984 0.112231 0.112207 0.00218751
9 0.935771 0.313258 0.114147 0.114244 0.0021578
1 0.563937 0.561351 0.11201 0.112791 0.00214567
7 0.687931 0.0645056 0.111646 0.1123 0.00213317
11 0.68779 0.561243 0.111876 0.111499 0.00212015
10 0.439628 0.0649532 0.111533 0.112356 0.00200424
5 0.936767 0.561254 0.11156 0.112076 0.00199077
4 0.066975 0.685458 0.114467 0.112978 0.00198836
3 0.688589 0.684882 0.111449 0.111943 0.00196823
1 0.315712 0.313294 0.113317 0.113286 0.00196076
4 0.812242 0.313465 0.111897 0.113989 0.00195872
10 0.687554 0.561536 0.111204 0.111726 0.00187859
3 0.191632 0.68545 0.111664 0.11217 0.00187474
1 0.315658 0.685691 0.112989 0.112929 0.00187395
1 0.563288 0.188882 0.111668 0.111853 0.00184156
1 0.813105 0.685338 0.112898 0.111466 0.00181963
5 0.563851 0.56143 0.111808 0.113739 0.00180267
12 0.191574 0.312889 0.111529 0.11224 0.00180222
1 0.564307 0.933737 0.113008 0.113441 0.00177397
10 0.935769 0.313413 0.110893 0.111995 0.00177377
10 0.191568 0.933761 0.113074 0.114216 0.00176367
2 0.813133 0.933107 0.11122 0.113134 0.00176028
2 0.81311 0.562066 0.1124 0.114023 0.00173245
12 0.44017 0.56143 0.112106 0.112389 0.00173213
1 0.688477 0.933647 0.113683 0.112969 0.00173206
0 0.688435 0.809784 0.113086 0.113118 0.00169781
5 0.936261 0.809594 0.11182 0.113673 0.00165032
7 0.688319 0.685271 0.113563 0.112708 0.00163788
8 0.564051 0.933727 0.112392 0.112853 0.00161403
7 0.19222 0.93387 0.112022 0.11411 0.00159501
5 0.564402 0.685409 0.111732 0.112006 0.0015382
10 0.936065 0.18906 0.111943 0.112998 0.00153081
3 0.688193 0.809717 0.111602 0.112937 0.0015301
10 0.937084 0.561289 0.110816 0.110952 0.00151377
4 0.93621 0.68535 0.113191 0.11332 0.00150762
4 0.439637 0.809402 0.112851 0.114165 0.00144864
3 0.688178 0.562019 0.112514 0.113335 0.00143326
10 0.564468 0.43791 0.111851 0.11248 0.00143271
4 0.439581 0.561446 0.112168 0.113076 0.00142746
12 0.315572 0.809651 0.112085 0.112168 0.00139605
4 0.31525 0.189233 0.111886 0.112324 0.0013938
3 0.564093 0.56156 0.111666 0.111886 0.00138737
12 0.935765 0.934117 0.112706 0.114252 0.00138559
13 0.439665 0.561334 0.111356 0.112189 0.00137599
7 0.191774 0.561375 0.111961 0.1136 0.00136222
1 0.688347 0.685355 0.112089 0.113533 0.00135751
9 0.935804 0.933999 0.11259 0.11411 0.00134972
6 0.191446 0.313499 0.112586 0.113421 0.00132327
5 0.44004 0.809485 0.111946 0.112138 0.00131269
10 0.0662767 0.437836 0.111838 0.112411 0.00128271
3 0.688289 0.933766 0.112094 0.11307 0.0012715
5 0.936043 0.189289 0.113595 0.114276 0.00126683
0 0.813011 0.189208 0.110971 0.113942 0.00126334
4 0.191199 0.809573 0.110583 0.111349 0.00125999
5 0.56347 0.188873 0.112852 0.113088 0.00125116
4 0.191044 0.0650762 0.112509 0.112426 0.0012511
13 0.563768 0.685419 0.111779 0.112059 0.00125094
4 0.563537 0.313512 0.111466 0.112138 0.00124398
5 0.811657 0.312855 0.114969 0.112345 0.00122782
12 0.812276 0.313523 0.112828 0.113309 0.00122634
7 0.315296 0.436461 0.112092 0.113004 0.00122445
10 0.315418 0.810179 0.112075 0.111961 0.00121881
4 0.564005 0.685331 0.111931 0.113633 0.00121278
1 0.315284 0.561294 0.112327 0.112088 0.00120239
3 0.81311 0.562066 0.1124 0.114023 0.00120126
10 0.935922 0.809634 0.1108 0.113455 0.00119711
0 0.315071 0.188764 0.111676 0.112171 0.00118908
0 0.06711 0.0651637 0.113047 0.114099 0.00118154
9 0.191114 0.437296 0.113883 0.113273 0.00116178
5 0.315075 0.313207 0.113046 0.112845 0.00115981
11 0.811752 0.312443 0.112659 0.114982 0.00115524
11 0.066727 0.188589 0.111894 0.111873 0.00114973
5 0.563832 0.933601 0.112077 0.111895 0.00112307
13 0.0672068 0.313456 0.112166 0.114492 0.00110552
4 0.936009 0.0645859 0.112816 0.113081 0.00110299
13 0.439931 0.809565 0.111801 0.112188 0.0010936
4 0.563889 0.189207 0.111647 0.112123 0.0010901
4 0.935848 0.933773 0.112292 0.112048 0.00107578
6 0.563909 0.313495 0.111948 0.112026 0.00107555
4 0.688289 0.933766 0.112094 0.11307 0.00106921
4 0.0671107 0.437902 0.112989 0.110328 0.00106395
8 0.688125 0.189261 0.111811 0.113183 0.00105728
10 0.1914 0.561395 0.1131 0.113631 0.0010298
1 0.314744 0.0654185 0.112223 0.11233 0.00101919
11 0.564402 0.685409 0.111732 0.112006 0.00100812
4 0.688195 0.561878 0.112251 0.112508 0.00100807
8 0.563784 0.188073 0.110598 0.112455 0.00100036
11 0.811602 0.685698 0.111242 0.11248 0.00100017
