3 0.563423 0.934132 0.112075 0.114053 0.988239
6 0.563824 0.80944 0.111957 0.113443 0.985699
12 0.439873 0.933992 0.112321 0.113718 0.985086
13 0.687942 0.933887 0.112205 0.114106 0.985065
9 0.0675181 0.064793 0.113528 0.112947 0.984995
5 0.687292 0.809711 0.110907 0.11289 0.984376
10 0.935814 0.934018 0.113668 0.113449 0.984312
6 0.191275 0.685602 0.111826 0.111857 0.984128
5 0.0669887 0.437814 0.11258 0.112463 0.983792
1 0.191344 0.809521 0.1115 0.111793 0.983667
5 0.315679 0.313759 0.111456 0.112651 0.983504
13 0.19159 0.313821 0.110955 0.11215 0.983414
2 0.439415 0.685589 0.112781 0.112828 0.983295
13 0.191638 0.561981 0.11113 0.112169 0.983197
10 0.0669371 0.934126 0.113587 0.11454 0.983173
0 0.31559 0.809453 0.112317 0.112079 0.983123
4 0.315841 0.933881 0.111751 0.113023 0.983068
4 0.315555 0.0649161 0.112688 0.112361 0.982809
2 0.191328 0.933779 0.113273 0.11344 0.982621
12 0.563533 0.0651054 0.111128 0.112772 0.982385
1 0.812024 0.933506 0.111902 0.112953 0.982207
4 0.191626 0.0649595 0.112197 0.112319 0.982158
7 0.315 0.685477 0.11274 0.110859 0.982068
3 0.687463 0.0650396 0.111418 0.113316 0.982041
8 0.439593 0.0650942 0.111544 0.112181 0.98193
7 0.936319 0.0653155 0.11289 0.112507 0.981809
10 0.191264 0.436933 0.112924 0.111698 0.981773
6 0.936433 0.809879 0.113204 0.112302 0.981522
0 0.81196 0.809414 0.112521 0.112956 0.981492
1 0.315108 0.188869 0.111852 0.111541 0.981018
6 0.439545 0.312898 0.112879 0.112062 0.981003
1 0.0668282 0.189232 0.112611 0.112917 0.980964
0 0.0671117 0.312349 0.113094 0.112342 0.980653
4 0.563692 0.56088 0.112454 0.113455 0.980144
8 0.440001 0.809738 0.111265 0.111975 0.979782
0 0.0673701 0.561442 0.112547 0.113431 0.97966
4 0.81271 0.685287 0.112526 0.112858 0.979469
6 0.563679 0.437253 0.11193 0.111874 0.979424
7 0.563711 0.685785 0.111763 0.111734 0.979417
8 0.191292 0.189033 0.111365 0.111545 0.979381
0 0.439503 0.188278 0.112271 0.112633 0.979371
12 0.563855 0.312913 0.112301 0.112513 0.979361
9 0.687884 0.313336 0.111995 0.111957 0.979342
6 0.563622 0.188982 0.111815 0.111735 0.9792
6 0.812286 0.561385 0.112782 0.11152 0.979065
12 0.688175 0.685624 0.111623 0.112778 0.979023
8 0.315546 0.437406 0.111718 0.112377 0.978928
10 0.687871 0.188469 0.112225 0.112857 0.978912
9 0.315391 0.561349 0.112507 0.112168 0.978756
12 0.936433 0.685524 0.11314 0.111847 0.978725
5 0.93641 0.436722 0.113001 0.113282 0.978714
12 0.936067 0.188463 0.112477 0.112269 0.978663
5 0.687748 0.437044 0.112083 0.112929 0.978419
2 0.81177 0.188685 0.111885 0.111967 0.977676
8 0.0675256 0.685684 0.111612 0.11201 0.977547
8 0.812376 0.312883 0.112222 0.11188 0.977439
7 0.936613 0.561474 0.113062 0.11315 0.977316
2 0.687835 0.561494 0.110762 0.111456 0.977128
2 0.811549 0.437124 0.110827 0.111771 0.977116
2 0.812366 0.0644817 0.111978 0.112723 0.977113
7 0.936589 0.312841 0.112885 0.112777 0.976983
11 0.439585 0.436948 0.111991 0.114454 0.976976
11 0.439587 0.560917 0.111948 0.114447 0.976838
8 0.0677914 0.809841 0.111864 0.11206 0.976832
2 0.0670546 0.809418 0.113445 0.112025 0.0402353
5 0.43967 0.561324 0.111417 0.112938 0.0159684
3 0.315598 0.56134 0.112415 0.112475 0.0131503
4 0.191477 0.436943 0.11346 0.112758 0.0111077
2 0.315669 0.437515 0.112257 0.112261 0.00931163
2 0.0669033 0.685275 0.113459 0.112236 0.00862144
4 0.935482 0.0652937 0.113893 0.112908 0.00850143
2 0.813036 0.312875 0.110618 0.112541 0.00760788
4 0.688102 0.18886 0.112429 0.113954 0.00703705
3 0.687582 0.313607 0.111329 0.11275 0.00580811
2 0.440028 0.809968 0.112248 0.112189 0.00531958
1 0.563979 0.561252 0.112038 0.112909 0.00519329
4 0.935816 0.313464 0.114025 0.112195 0.00506208
5 0.439548 0.437074 0.111707 0.112911 0.00504767
6 0.5637 0.313041 0.112237 0.113083 0.00477079
4 0.936072 0.561214 0.113609 0.112945 0.00452658
12 0.936256 0.561654 0.112816 0.113192 0.00444801
2 0.440054 0.0649652 0.111341 0.112381 0.0040498
6 0.811645 0.685058 0.113361 0.111669 0.0039602
12 0.191635 0.561033 0.111785 0.111852 0.00389314
12 0.936289 0.31302 0.113219 0.113429 0.00384061
6 0.563637 0.0648189 0.111491 0.113133 0.00382714
11 0.440028 0.809968 0.112248 0.112189 0.00371928
0 0.811745 0.932924 0.112991 0.112942 0.00368541
3 0.688174 0.437386 0.112583 0.112605 0.00361118
2 0.191163 0.188946 0.111977 0.111231 0.00361023
1 0.066694 0.560909 0.114928 0.112688 0.00351301
11 0.19144 0.18894 0.111205 0.110877 0.00341384
12 0.315325 0.561012 0.111862 0.113331 0.0034097
3 0.812634 0.437479 0.11152 0.113622 0.00322653
2 0.812278 0.685479 0.11199 0.112856 0.00321521
13 0.191422 0.437192 0.110936 0.111528 0.00320989
12 0.688146 0.313283 0.111938 0.113112 0.00320271
13 0.687707 0.188937 0.111118 0.111902 0.0031508
1 0.81162 0.0648576 0.113362 0.112334 0.00303668
8 0.813057 0.064695 0.109607 0.112088 0.00302123
0 0.936707 0.685645 0.111817 0.112564 0.00299961
11 0.439854 0.0648127 0.110727 0.11206 0.00298811
3 0.812124 0.561224 0.113171 0.113318 0.00287378
1 0.811904 0.437921 0.108287 0.110583 0.00286537
1 0.31596 0.0648179 0.111931 0.112672 0.00283095
1 0.315717 0.933937 0.112005 0.113075 0.00282101
1 0.812278 0.685479 0.11199 0.112856 0.00277313
1 0.191813 0.0649997 0.111812 0.112541 0.00273522
10 0.43955 0.43674 0.111124 0.11273 0.00271917
1 0.688142 0.561295 0.113156 0.112483 0.00270724
1 0.812126 0.561016 0.113603 0.112606 0.00270007
7 0.688102 0.18886 0.112429 0.113954 0.00269489
1 0.563717 0.189018 0.111421 0.11213 0.00266696
6 0.6881 0.685447 0.113199 0.112462 0.00264245
3 0.936804 0.809824 0.113092 0.113331 0.002588
0 0.688146 0.313283 0.111938 0.113112 0.00252044
6 0.439848 0.934157 0.113253 0.114266 0.00248613
4 0.688174 0.437386 0.112583 0.112605 0.00247665
3 0.191026 0.685376 0.112657 0.113305 0.00246282
8 0.688151 0.561372 0.111345 0.111725 0.00230847
12 0.0678368 0.0646193 0.113164 0.113431 0.00228462
1 0.563936 0.436744 0.109471 0.111878 0.00223602
8 0.813007 0.189004 0.110945 0.112909 0.00217292
7 0.19197 0.064685 0.111013 0.111672 0.00216125
6 0.936264 0.561452 0.111798 0.112866 0.00215823
12 0.936107 0.065254 0.113317 0.112582 0.00212616
3 0.0678368 0.0646193 0.113164 0.113431 0.00211548
13 0.935675 0.933798 0.111599 0.111298 0.00208446
3 0.688151 0.809604 0.112534 0.112763 0.00208063
7 0.935987 0.933367 0.113079 0.113691 0.0020403
11 0.0670354 0.685592 0.112628 0.112179 0.00199037
3 0.563949 0.188598 0.112315 0.11307 0.00197847
11 0.811993 0.31321 0.112382 0.112843 0.00196336
1 0.811574 0.189127 0.113837 0.112636 0.00196032
6 0.936318 0.313385 0.111983 0.113817 0.00195889
4 0.688178 0.809432 0.112099 0.113007 0.00190282
2 0.688178 0.809432 0.112099 0.113007 0.00188036
5 0.811537 0.436999 0.113784 0.112038 0.0018625
10 0.936412 0.437234 0.112156 0.11266 0.00186095
8 0.813084 0.437068 0.110286 0.112203 0.00185424
3 0.191328 0.933779 0.113273 0.11344 0.00184942
10 0.687441 0.933393 0.112006 0.112065 0.00178283
2 0.563979 0.561252 0.112038 0.112909 0.00177557
1 0.439703 0.685305 0.113318 0.112289 0.00174166
11 0.315669 0.437515 0.112257 0.112261 0.00173117
7 0.936899 0.68574 0.112844 0.112367 0.00172753
6 0.687665 0.0646894 0.111438 0.111834 0.00170148
12 0.191667 0.31302 0.111274 0.111605 0.0016891
10 0.687694 0.437543 0.111297 0.111678 0.00168259
6 0.93602 0.0650513 0.112909 0.11133 0.00167523
1 0.563952 0.809347 0.111705 0.111834 0.0016647
10 0.687784 0.809557 0.11116 0.111954 0.00166053
4 0.563637 0.0648189 0.111491 0.113133 0.00165317
11 0.0673236 0.809774 0.112681 0.112172 0.00164428
2 0.688174 0.437386 0.112583 0.112605 0.00164388
3 0.564238 0.809474 0.112767 0.113063 0.00164096
0 0.688247 0.685163 0.112554 0.111806 0.00163158
5 0.811574 0.189127 0.113837 0.112636 0.00161648
12 0.687665 0.0646894 0.111438 0.111834 0.0016133
5 0.81162 0.0648576 0.113362 0.112334 0.00160662
4 0.81224 0.0650814 0.111131 0.112151 0.00159503
10 0.439772 0.560999 0.112558 0.113435 0.00153126
3 0.563713 0.437267 0.111395 0.112547 0.00152328
7 0.811737 0.684807 0.111697 0.113597 0.00148064
1 0.191534 0.933439 0.112946 0.112618 0.00147388
2 0.31543 0.0649746 0.111237 0.111838 0.00146837
9 0.439678 0.561217 0.111478 0.11213 0.00146571
1 0.0671117 0.312349 0.113094 0.112342 0.00143775
4 0.687665 0.0646894 0.111438 0.111834 0.0014305
5 0.688075 0.188828 0.113244 0.113649 0.00142724
2 0.688198 0.0651128 0.111324 0.111609 0.00142552
5 0.688142 0.561295 0.113156 0.112483 0.00142152
7 0.190896 0.436398 0.111156 0.113444 0.00141661
6 0.564102 0.685518 0.11214 0.112681 0.00140376
0 0.0668485 0.188541 0.112554 0.112518 0.00139473
0 0.813057 0.313661 0.111995 0.113776 0.00139091
7 0.316099 0.0648909 0.111926 0.112154 0.00138171
4 0.564299 0.685353 0.111435 0.112151 0.00136573
11 0.687716 0.933518 0.112348 0.114418 0.00136209
12 0.68816 0.188741 0.111606 0.113386 0.00133101
0 0.315229 0.188563 0.111909 0.112705 0.00130235
4 0.81222 0.189324 0.111011 0.112206 0.00127632
2 0.191365 0.0649023 0.110637 0.111244 0.00127371
3 0.688489 0.561083 0.111115 0.111925 0.00126928
0 0.315236 0.438101 0.111758 0.112722 0.00126923
6 0.56356 0.561201 0.111683 0.112279 0.00125225
3 0.439498 0.313278 0.111163 0.113041 0.00124307
10 0.812328 0.68519 0.111864 0.112828 0.00124222
10 0.0668284 0.437466 0.11222 0.112571 0.00124058
3 0.936379 0.436437 0.113157 0.111959 0.00122259
4 0.315362 0.189065 0.112092 0.11303 0.00119914
7 0.315807 0.933913 0.112482 0.112429 0.00119658
1 0.935978 0.809831 0.111315 0.113997 0.00117748
3 0.439415 0.685589 0.112781 0.112828 0.00116357
1 0.687796 0.0647314 0.111504 0.11252 0.00115598
4 0.191344 0.809521 0.1115 0.111793 0.00114312
9 0.439507 0.437454 0.111577 0.111917 0.00113435
7 0.191334 0.313452 0.110698 0.111822 0.00113234
2 0.813138 0.932824 0.111508 0.113707 0.00111999
4 0.315363 0.31338 0.111664 0.112667 0.00111731
3 0.6881 0.685447 0.113199 0.112462 0.00110429
4 0.0669371 0.934126 0.113587 0.11454 0.0011012
1 0.439861 0.312826 0.112803 0.113047 0.00109682
6 0.315807 0.933913 0.112482 0.112429 0.00109483
1 0.191726 0.685574 0.111655 0.1124 0.0010908
6 0.315413 0.685515 0.111844 0.11241 0.00108004
10 0.315363 0.31338 0.111664 0.112667 0.00106977
6 0.935434 0.188808 0.113239 0.112556 0.0010681
9 0.812487 0.809073 0.111922 0.112976 0.00106317
0 0.191227 0.809477 0.111991 0.1126 0.00106202
3 0.936701 0.685661 0.111996 0.113035 0.00105635
7 0.0668781 0.933153 0.113838 0.114327 0.00105018
2 0.564011 0.933626 0.111899 0.113102 0.00104718
13 0.0665834 0.93354 0.11257 0.112336 0.00103423
9 0.439376 0.188974 0.111861 0.112538 0.00103282
5 0.688239 0.0647106 0.11205 0.111598 0.00102889
12 0.687716 0.933518 0.112348 0.114418 0.00101671
0 0.0671146 0.809277 0.111978 0.111786 0.00100397
