7 0.439888 0.80959 0.11246 0.112977 0.986876
7 0.439428 0.065058 0.112453 0.113288 0.98658
6 0.191682 0.809471 0.111465 0.111998 0.986181
3 0.314333 0.0649538 0.112509 0.112636 0.986078
3 0.190882 0.933993 0.113286 0.11339 0.985937
9 0.0666796 0.561831 0.113351 0.113414 0.985511
9 0.68828 0.8099 0.111791 0.113423 0.985328
9 0.687951 0.0653123 0.111349 0.113138 0.985304
2 0.563558 0.933764 0.113135 0.11355 0.984957
2 0.439301 0.933937 0.113086 0.113661 0.984887
9 0.812351 0.933771 0.112296 0.113793 0.984634
2 0.563706 0.80938 0.112501 0.113417 0.98444
2 0.0669277 0.685526 0.112611 0.112306 0.984226
7 0.191536 0.0649456 0.112109 0.113004 0.984225
4 0.315562 0.80987 0.11339 0.113151 0.984088
3 0.812177 0.809862 0.112833 0.114012 0.98402
7 0.191667 0.437633 0.112351 0.113178 0.983989
13 0.191651 0.188979 0.111728 0.112322 0.983734
12 0.315634 0.685437 0.111573 0.112926 0.983365
13 0.0675554 0.437758 0.112702 0.113155 0.983273
13 0.0673374 0.18911 0.112674 0.112445 0.983207
9 0.315109 0.313513 0.112077 0.113364 0.98274
6 0.935074 0.0649505 0.113722 0.114278 0.982658
6 0.688082 0.93405 0.112439 0.114232 0.982609
6 0.563475 0.0651403 0.112264 0.114245 0.982592
4 0.0672374 0.809633 0.113022 0.112654 0.982562
2 0.31505 0.933822 0.113288 0.112945 0.982491
2 0.0665722 0.313264 0.11326 0.112213 0.982426
4 0.191212 0.685131 0.113056 0.113315 0.982181
11 0.191428 0.561221 0.111598 0.11198 0.981813
7 0.439383 0.188973 0.112977 0.112523 0.981728
2 0.31514 0.5612 0.112101 0.112286 0.981414
13 0.936514 0.933672 0.113521 0.115513 0.981311
2 0.314935 0.43707 0.112247 0.112629 0.981243
8 0.811946 0.0652697 0.111767 0.112408 0.981218
1 0.191187 0.313068 0.112047 0.111955 0.98121
10 0.439257 0.313161 0.113156 0.112863 0.981148
10 0.439305 0.561109 0.112794 0.112491 0.981109
4 0.0671676 0.933286 0.114199 0.114988 0.980965
3 0.688009 0.685662 0.112403 0.112772 0.980813
12 0.439841 0.685659 0.111519 0.11284 0.980799
9 0.687645 0.189588 0.111512 0.11276 0.98055
2 0.0663115 0.0647118 0.114548 0.11297 0.980272
12 0.315171 0.189208 0.112132 0.113308 0.979984
1 0.563757 0.685225 0.111869 0.11278 0.979688
11 0.936627 0.809849 0.112375 0.112952 0.97911
3 0.688004 0.561649 0.112734 0.112979 0.979075
9 0.935566 0.43781 0.111242 0.112325 0.979006
1 0.811859 0.437172 0.112675 0.11263 0.978986
11 0.687672 0.313297 0.112083 0.113974 0.97892
11 0.936303 0.685566 0.112403 0.113212 0.978849
0 0.563592 0.5612 0.111353 0.113294 0.978793
1 0.563486 0.189218 0.1121 0.112943 0.978769
12 0.563877 0.437061 0.112398 0.112923 0.978766
12 0.935777 0.312653 0.113012 0.113127 0.978453
1 0.812057 0.188933 0.112344 0.112936 0.978398
0 0.563546 0.313139 0.111413 0.113238 0.978398
6 0.687901 0.43728 0.112211 0.112371 0.978368
0 0.811997 0.561399 0.11178 0.112601 0.978303
0 0.81182 0.313148 0.111694 0.112267 0.978256
2 0.439655 0.437 0.112091 0.113089 0.977933
12 0.936238 0.561459 0.112901 0.112962 0.977816
2 0.935682 0.188279 0.112975 0.112824 0.977638
8 0.812412 0.685686 0.112373 0.112875 0.977618
6 0.315699 0.685261 0.111092 0.111992 0.0346059
6 0.439753 0.685289 0.111227 0.111814 0.0306416
6 0.936012 0.561707 0.112319 0.112943 0.0263732
6 0.563567 0.437609 0.112288 0.112402 0.014132
2 0.812444 0.685378 0.112074 0.111567 0.00734866
5 0.687806 0.314211 0.112409 0.113352 0.0066669
6 0.93507 0.313331 0.113546 0.111781 0.00572139
9 0.811537 0.810198 0.113411 0.113395 0.00548127
3 0.687984 0.933532 0.11192 0.112907 0.00531861
8 0.813109 0.93364 0.111388 0.112392 0.0048611
1 0.563824 0.560849 0.111586 0.112413 0.00450516
0 0.813109 0.93364 0.111388 0.112392 0.00436673
12 0.688244 0.0651291 0.111463 0.112763 0.00406596
1 0.563655 0.31273 0.111719 0.112666 0.00394714
12 0.688114 0.189461 0.112352 0.113063 0.00379813
1 0.688457 0.933203 0.111852 0.112973 0.00373927
12 0.0670472 0.561115 0.111199 0.114183 0.00361499
6 0.315325 0.18953 0.112904 0.113708 0.00352864
1 0.314721 0.43791 0.110335 0.109592 0.00344417
1 0.0669054 0.313348 0.111956 0.112042 0.00340191
12 0.688408 0.809986 0.113153 0.112646 0.00329313
7 0.0673374 0.18911 0.112674 0.112445 0.00324445
11 0.811339 0.0642891 0.10954 0.111868 0.00316177
0 0.688114 0.189461 0.112352 0.113063 0.00314536
0 0.812111 0.436604 0.112387 0.11185 0.00309835
1 0.438798 0.437902 0.109851 0.10848 0.00309521
1 0.81208 0.560936 0.11162 0.112166 0.00303926
12 0.936322 0.436645 0.111454 0.113032 0.00268434
4 0.440219 0.809292 0.112192 0.113368 0.00267113
2 0.811339 0.0642891 0.10954 0.111868 0.00256542
1 0.811974 0.312782 0.111 0.112595 0.00255253
0 0.812271 0.18878 0.112297 0.113626 0.00247184
5 0.315247 0.933791 0.112505 0.111694 0.00244093
3 0.315321 0.560941 0.112484 0.111705 0.00237975
5 0.439632 0.436818 0.11117 0.113875 0.00237679
3 0.0663968 0.684828 0.113583 0.111315 0.0023335
3 0.68828 0.8099 0.111791 0.113423 0.00232215
3 0.314821 0.436992 0.111977 0.111858 0.00227045
12 0.315432 0.313661 0.112203 0.11291 0.00220841
0 0.688244 0.0651291 0.111463 0.112763 0.00215507
3 0.191682 0.809471 0.111465 0.111998 0.00215133
11 0.81157 0.685346 0.110674 0.111701 0.00207941
3 0.688274 0.437369 0.111834 0.112245 0.00206877
0 0.315339 0.313691 0.111946 0.113042 0.00206481
12 0.687682 0.561309 0.111414 0.11252 0.00202454
3 0.93509 0.18873 0.112514 0.111731 0.00196209
0 0.563557 0.188854 0.11204 0.113389 0.00195491
1 0.564144 0.809545 0.112316 0.113417 0.0019548
8 0.563985 0.933514 0.112389 0.112475 0.00194077
7 0.0667814 0.934124 0.114435 0.114521 0.00192843
1 0.9354 0.188628 0.112016 0.112566 0.00192688
1 0.191489 0.685745 0.113425 0.113411 0.0019139
7 0.936368 0.561172 0.112503 0.112693 0.0019033
2 0.813086 0.810094 0.1108 0.112343 0.00187758
1 0.315653 0.561156 0.112297 0.11306 0.00187492
12 0.191244 0.43655 0.110918 0.112229 0.00187187
1 0.564162 0.933535 0.113217 0.113326 0.00186518
5 0.935548 0.188244 0.113823 0.113647 0.00178638
12 0.811602 0.810128 0.112775 0.113904 0.00177654
0 0.688471 0.810037 0.113214 0.113162 0.00176152
1 0.0668956 0.934207 0.114892 0.114826 0.00175933
8 0.688111 0.313419 0.11255 0.114914 0.00175261
13 0.936322 0.436645 0.111454 0.113032 0.00172941
7 0.0673014 0.436547 0.112354 0.113593 0.00171593
7 0.0669921 0.809576 0.114874 0.113796 0.00170939
5 0.31557 0.436857 0.111108 0.113594 0.00170235
1 0.439876 0.933715 0.113144 0.113681 0.00169289
5 0.315548 0.561221 0.112223 0.113716 0.00169108
4 0.687984 0.933532 0.11192 0.112907 0.0016886
1 0.315743 0.809804 0.113678 0.113626 0.00168508
3 0.563475 0.0651403 0.112264 0.114245 0.00168296
11 0.0665552 0.188773 0.115124 0.113118 0.00168019
3 0.687951 0.0653123 0.111349 0.113138 0.00161966
4 0.68821 0.561513 0.111939 0.113419 0.00161303
4 0.56389 0.685105 0.111489 0.111822 0.00160341
7 0.688159 0.437082 0.112374 0.113133 0.00160075
1 0.0672369 0.809673 0.114609 0.113808 0.00159108
5 0.563756 0.93348 0.112107 0.111719 0.00158781
4 0.811855 0.189376 0.111609 0.11251 0.0015752
10 0.0665552 0.188773 0.115124 0.113118 0.00156053
3 0.935585 0.0648026 0.113642 0.114588 0.00154964
2 0.688244 0.561786 0.111105 0.111871 0.00153589
5 0.0660874 0.0650451 0.112244 0.110503 0.00153131
4 0.563816 0.189512 0.112154 0.113075 0.00152816
4 0.688383 0.685787 0.111961 0.112689 0.00150055
7 0.935074 0.0649505 0.113722 0.114278 0.00147881
1 0.0672835 0.685436 0.112235 0.111608 0.0014785
5 0.936318 0.809652 0.112216 0.113675 0.00146716
6 0.191308 0.685309 0.11211 0.112562 0.00146579
3 0.564378 0.809395 0.111357 0.112913 0.00146399
10 0.93595 0.933361 0.111609 0.111949 0.00145824
12 0.439943 0.561455 0.112748 0.112807 0.00144492
7 0.191651 0.188979 0.111728 0.112322 0.00143435
1 0.688207 0.437372 0.111784 0.113692 0.00140811
12 0.935742 0.933911 0.111723 0.113265 0.00140405
7 0.564059 0.0652216 0.112786 0.114231 0.00137662
1 0.81176 0.809863 0.112319 0.112975 0.00136896
3 0.688161 0.189548 0.113507 0.112933 0.00136892
4 0.191318 0.313509 0.112116 0.112947 0.00136888
3 0.065905 0.0647342 0.114949 0.111853 0.00136652
12 0.191646 0.933773 0.111337 0.111799 0.00136103
4 0.1916 0.437343 0.113066 0.11269 0.00132165
7 0.191308 0.685309 0.11211 0.112562 0.00131811
0 0.56389 0.685105 0.111489 0.111822 0.00131227
3 0.936155 0.561183 0.111115 0.113252 0.00130181
1 0.315724 0.933777 0.113106 0.112974 0.00129254
6 0.688244 0.561786 0.111105 0.111871 0.00129237
7 0.563717 0.436574 0.112177 0.112139 0.00127228
5 0.0675103 0.685339 0.113448 0.114374 0.00126309
12 0.812455 0.933795 0.112485 0.110742 0.00125654
2 0.688429 0.685983 0.111082 0.111651 0.00125534
4 0.43937 0.561338 0.112679 0.113593 0.0012521
5 0.813115 0.810262 0.113254 0.111749 0.0012481
3 0.439077 0.436916 0.111766 0.112057 0.00124574
1 0.0668137 0.0645837 0.113389 0.111972 0.00124331
1 0.687957 0.561584 0.112331 0.112734 0.00124225
0 0.191283 0.312789 0.112346 0.112781 0.00122926
8 0.935842 0.685344 0.111573 0.11249 0.00121819
8 0.935797 0.437255 0.111922 0.114383 0.00121582
10 0.190929 0.188617 0.113174 0.112908 0.00121189
8 0.0669234 0.312423 0.112873 0.111843 0.00120463
10 0.935876 0.809641 0.1112 0.113144 0.00118372
4 0.191213 0.0649455 0.112085 0.11192 0.00117963
2 0.935909 0.685812 0.111554 0.112833 0.00117721
8 0.0663968 0.684828 0.113583 0.111315 0.00117297
8 0.935377 0.188498 0.1107 0.111353 0.00116865
13 0.43959 0.31335 0.111892 0.112258 0.00116647
10 0.68812 0.313622 0.112421 0.113451 0.00115911
9 0.0666415 0.437287 0.115217 0.113602 0.00114595
5 0.0663952 0.313087 0.112301 0.11157 0.00114465
5 0.563918 0.809956 0.112347 0.112422 0.00114103
4 0.439592 0.313301 0.11251 0.114074 0.00113503
5 0.0667384 0.809068 0.112783 0.113375 0.00113418
9 0.191646 0.933773 0.111337 0.111799 0.00113272
4 0.81201 0.437605 0.111422 0.11258 0.00112078
13 0.191503 0.437827 0.11095 0.114019 0.00109625
11 0.190929 0.188617 0.113174 0.112908 0.00108765
8 0.314721 0.43791 0.110335 0.109592 0.00108228
3 0.0662717 0.31333 0.113464 0.11124 0.00107438
7 0.688188 0.934204 0.112598 0.113781 0.00106773
12 0.0667289 0.934013 0.113188 0.113612 0.00105615
12 0.439754 0.313453 0.113263 0.113739 0.00105587
8 0.686803 0.189402 0.113594 0.112098 0.00105304
12 0.68832 0.685653 0.111756 0.112317 0.00104542
7 0.935124 0.313324 0.112717 0.114288 0.00104143
10 0.935899 0.685458 0.111045 0.113434 0.00103976
0 0.935887 0.561799 0.113427 0.112772 0.0010379
13 0.439616 0.561164 0.111577 0.11191 0.00102742
6 0.563512 0.189268 0.111364 0.1121 0.00102239
6 0.0667289 0.934013 0.113188 0.113612 0.00101658
