7 0.315628 0.933738 0.112669 0.112928 0.987943
3 0.189499 0.0652267 0.11366 0.113222 0.986062
8 0.563652 0.933854 0.11215 0.113229 0.985929
0 0.935883 0.932973 0.112941 0.111959 0.9856
8 0.0663472 0.56204 0.113049 0.112491 0.984443
2 0.0665855 0.809498 0.1117 0.11259 0.984403
8 0.190979 0.561995 0.113041 0.111666 0.984293
7 0.563369 0.0650974 0.112827 0.113656 0.984177
7 0.0665679 0.0653249 0.113254 0.114178 0.984075
6 0.440197 0.809416 0.111573 0.111434 0.98395
5 0.438785 0.0650559 0.110892 0.112569 0.983865
7 0.190956 0.313886 0.112757 0.113217 0.983805
11 0.191503 0.686148 0.112843 0.113254 0.983667
6 0.439624 0.933905 0.112802 0.114548 0.983667
7 0.190352 0.189535 0.113186 0.112459 0.983615
7 0.44043 0.68558 0.112377 0.113062 0.983568
13 0.31446 0.0648066 0.112709 0.113258 0.983345
9 0.812303 0.0648688 0.112795 0.113117 0.983056
4 0.315287 0.313358 0.113086 0.113257 0.983034
6 0.687878 0.933676 0.112354 0.114314 0.98275
6 0.0666337 0.189673 0.112112 0.112712 0.982732
12 0.315821 0.809873 0.111931 0.112554 0.982686
4 0.316044 0.685143 0.113562 0.113523 0.982466
1 0.067241 0.685825 0.111762 0.11152 0.982435
2 0.0661321 0.438074 0.112818 0.112026 0.982302
5 0.314722 0.189351 0.11275 0.112366 0.982281
10 0.191347 0.437846 0.113157 0.112924 0.982229
2 0.191031 0.933862 0.113079 0.11369 0.981968
12 0.190962 0.80992 0.112552 0.112549 0.98192
11 0.81187 0.933463 0.112079 0.113955 0.981878
5 0.066585 0.933896 0.112639 0.115268 0.981746
6 0.688103 0.809734 0.112136 0.113453 0.981538
0 0.316066 0.561427 0.112104 0.111825 0.981352
1 0.315499 0.437661 0.112232 0.112042 0.981204
2 0.812233 0.809309 0.112789 0.112543 0.980892
11 0.439704 0.561341 0.112166 0.112508 0.980556
13 0.563804 0.561934 0.112506 0.114005 0.980089
0 0.564173 0.809622 0.111209 0.112103 0.979945
5 0.439261 0.437622 0.11231 0.112509 0.97984
5 0.563915 0.686083 0.111837 0.11236 0.979753
11 0.936508 0.809596 0.111712 0.111555 0.979728
9 0.81196 0.685942 0.111948 0.112253 0.979609
11 0.439207 0.188926 0.112065 0.113595 0.979507
13 0.687473 0.188433 0.112745 0.112512 0.979404
0 0.0665049 0.314106 0.111078 0.112718 0.979387
6 0.439548 0.313245 0.11291 0.113283 0.97928
1 0.56317 0.437285 0.112392 0.112991 0.979147
10 0.687859 0.561305 0.11242 0.114291 0.979104
3 0.562809 0.313376 0.112035 0.112326 0.979022
9 0.811659 0.437255 0.112283 0.112954 0.978708
4 0.936058 0.065152 0.112556 0.113888 0.97864
5 0.936477 0.313171 0.112962 0.113536 0.978361
5 0.687593 0.0643779 0.111658 0.112523 0.97836
1 0.812409 0.188082 0.113219 0.112919 0.978272
12 0.811992 0.56163 0.112494 0.11291 0.977976
0 0.935658 0.437412 0.113232 0.112051 0.977975
0 0.688053 0.685488 0.112313 0.112688 0.97787
12 0.936319 0.561757 0.113017 0.113106 0.977828
8 0.687318 0.313043 0.111842 0.112449 0.977671
2 0.935857 0.685906 0.111117 0.112529 0.977468
8 0.563451 0.188445 0.112063 0.112661 0.977386
7 0.812363 0.313051 0.113219 0.113965 0.977381
2 0.687641 0.436975 0.112269 0.112862 0.977367
6 0.936721 0.18905 0.112245 0.11256 0.977153
6 0.190978 0.809572 0.111262 0.110677 0.0829897
6 0.315818 0.809477 0.110937 0.11106 0.0561128
6 0.811856 0.561909 0.111661 0.113129 0.0290673
2 0.68802 0.312236 0.111939 0.111601 0.0262117
6 0.93623 0.561941 0.112316 0.113063 0.0197036
2 0.0663755 0.561098 0.114324 0.111128 0.0151557
2 0.563607 0.188044 0.111989 0.112452 0.00942812
1 0.0662674 0.31359 0.112217 0.112236 0.00673921
5 0.686702 0.436998 0.113894 0.11113 0.00583523
11 0.686659 0.0648105 0.110839 0.11057 0.00575895
3 0.687823 0.933287 0.112096 0.113101 0.00482322
10 0.439582 0.437743 0.111205 0.11172 0.00459042
12 0.812087 0.436659 0.110277 0.112377 0.004587
1 0.0665427 0.438191 0.111174 0.111646 0.00446399
8 0.688099 0.437143 0.109968 0.112071 0.00422478
12 0.811437 0.313038 0.112342 0.11362 0.00417625
1 0.936447 0.0649212 0.111745 0.114467 0.00382087
5 0.811554 0.809709 0.114314 0.11119 0.00369866
3 0.688246 0.80898 0.111622 0.111858 0.00368147
2 0.191306 0.561648 0.112237 0.112731 0.0036428
3 0.936355 0.189229 0.112091 0.114355 0.00358692
8 0.813069 0.93322 0.112766 0.113767 0.00351381
1 0.686929 0.437919 0.10918 0.109626 0.00348154
0 0.813019 0.0646805 0.11122 0.112959 0.00327558
11 0.686675 0.312072 0.11131 0.111722 0.00321832
11 0.191118 0.56147 0.113479 0.110686 0.00316683
0 0.813059 0.685788 0.111281 0.112748 0.00310047
1 0.688302 0.93272 0.111939 0.113277 0.00299537
10 0.811571 0.932807 0.111729 0.111568 0.00286894
3 0.0666393 0.1899 0.112387 0.112911 0.00280915
7 0.315659 0.0648799 0.111821 0.113036 0.00279009
5 0.0666565 0.437319 0.11199 0.112118 0.00271222
1 0.813082 0.809269 0.11355 0.111859 0.00268476
5 0.936086 0.685573 0.112909 0.113607 0.00261428
12 0.813059 0.685788 0.111281 0.112748 0.0026062
0 0.687287 0.313327 0.111899 0.112046 0.00251778
4 0.688109 0.561774 0.111158 0.11436 0.00248574
3 0.43959 0.31343 0.111543 0.113623 0.00247911
10 0.0657105 0.933878 0.113019 0.113516 0.00241926
3 0.440197 0.809416 0.111573 0.111434 0.00233994
5 0.688075 0.561345 0.111466 0.112972 0.00233229
4 0.0662681 0.0652984 0.113928 0.113111 0.00229145
3 0.0660862 0.808809 0.11293 0.111638 0.00224025
2 0.688136 0.0645335 0.112297 0.111043 0.00222121
7 0.191652 0.438127 0.113119 0.112371 0.00220677
8 0.81148 0.0646593 0.113319 0.112426 0.00219609
3 0.439732 0.933545 0.112435 0.113336 0.0021834
8 0.811616 0.685667 0.111369 0.112225 0.00213851
5 0.439297 0.189404 0.112634 0.113479 0.00212611
11 0.4388 0.436542 0.110787 0.109208 0.00211701
4 0.315815 0.933758 0.11217 0.113729 0.002095
11 0.936154 0.313192 0.112254 0.113664 0.00204291
0 0.812479 0.187829 0.113454 0.114351 0.00202015
1 0.316316 0.685775 0.113439 0.113609 0.00194199
12 0.812288 0.0647226 0.112374 0.1118 0.00191789
1 0.315541 0.313586 0.112988 0.112864 0.00190754
10 0.439168 0.0648062 0.111187 0.111826 0.00186402
7 0.688348 0.809313 0.113882 0.112723 0.00183701
2 0.563876 0.933727 0.111608 0.11271 0.00182452
7 0.935638 0.0648119 0.110396 0.111448 0.00177943
7 0.935883 0.5618 0.111642 0.1134 0.00176241
12 0.190545 0.0650811 0.112149 0.11232 0.00175845
11 0.0675132 0.561289 0.112574 0.114256 0.00175772
8 0.936149 0.685219 0.111831 0.110671 0.00175247
1 0.936562 0.685472 0.112639 0.112068 0.00169791
0 0.811988 0.438047 0.112045 0.11386 0.00168861
8 0.0665427 0.438191 0.111174 0.111646 0.00168008
10 0.936313 0.313521 0.110931 0.111927 0.00165924
1 0.316019 0.56115 0.111894 0.112208 0.00165719
5 0.936417 0.809358 0.111731 0.112799 0.00160625
3 0.936257 0.561353 0.111821 0.113609 0.00160403
3 0.812307 0.685513 0.112108 0.112645 0.00159961
2 0.813025 0.188101 0.111653 0.114358 0.00159784
4 0.812167 0.313624 0.113791 0.113262 0.00159398
9 0.935972 0.933388 0.111386 0.112043 0.00158504
1 0.688155 0.685094 0.112759 0.112251 0.00154185
1 0.564301 0.809563 0.111243 0.112018 0.00153767
3 0.811668 0.437058 0.11281 0.113339 0.00153153
7 0.811267 0.56149 0.109994 0.112816 0.00152563
4 0.687823 0.933287 0.112096 0.113101 0.00151926
7 0.688109 0.561774 0.111158 0.11436 0.00151178
11 0.438911 0.0649554 0.111564 0.112165 0.00150552
4 0.190923 0.313649 0.112677 0.112766 0.00150435
4 0.315744 0.437848 0.112319 0.112642 0.00150302
5 0.439987 0.561552 0.111768 0.112821 0.00149493
5 0.0671841 0.809153 0.113244 0.113913 0.00148954
0 0.563158 0.436976 0.112137 0.113459 0.00148927
13 0.191107 0.437582 0.111981 0.11138 0.00148336
4 0.812409 0.188566 0.113181 0.113949 0.00147555
7 0.688277 0.932589 0.113942 0.113063 0.0014726
10 0.314297 0.189058 0.111683 0.112195 0.00146101
10 0.687525 0.0646814 0.111044 0.111719 0.00145725
12 0.563981 0.561324 0.111585 0.113364 0.00145396
12 0.688126 0.18831 0.112679 0.112313 0.00144899
7 0.936132 0.189217 0.112568 0.113696 0.00144587
10 0.812363 0.313398 0.113395 0.115096 0.00143026
13 0.811505 0.312691 0.112471 0.11399 0.00141046
4 0.190978 0.809572 0.111262 0.110677 0.00138181
4 0.563414 0.437221 0.112259 0.11223 0.00137322
4 0.440706 0.685671 0.112575 0.113404 0.0013723
4 0.439698 0.437923 0.111732 0.111424 0.00137047
0 0.315892 0.438247 0.111232 0.11289 0.00136876
4 0.563367 0.313484 0.11144 0.112462 0.00136464
3 0.811571 0.561374 0.11096 0.112969 0.00136419
9 0.688224 0.685114 0.113063 0.113189 0.00135725
5 0.81187 0.933463 0.112079 0.113955 0.00135068
12 0.440643 0.685836 0.111426 0.112995 0.00134159
11 0.563402 0.189305 0.112022 0.112322 0.00133316
8 0.191134 0.933693 0.111873 0.111911 0.00132784
0 0.936165 0.561959 0.113376 0.112714 0.00132052
13 0.687739 0.561301 0.111397 0.112397 0.0013158
0 0.811656 0.56193 0.112858 0.112986 0.00128696
4 0.191235 0.437749 0.113214 0.113174 0.00127271
1 0.688378 0.809521 0.112163 0.113292 0.00126782
4 0.688246 0.80898 0.111622 0.111858 0.00126769
4 0.190352 0.189535 0.113186 0.112459 0.00126596
0 0.0669058 0.561893 0.111995 0.112017 0.00122227
9 0.935635 0.437761 0.112788 0.112521 0.00121653
6 0.811505 0.312691 0.112471 0.11399 0.00121585
8 0.811314 0.437368 0.110543 0.112371 0.00121406
11 0.688162 0.561668 0.111376 0.112714 0.00120846
11 0.564171 0.685765 0.111251 0.111801 0.0012054
12 0.688028 0.561343 0.112775 0.113149 0.00119667
10 0.190788 0.313792 0.11313 0.113431 0.00119231
2 0.563258 0.437476 0.110819 0.111789 0.0011823
0 0.190207 0.562964 0.112652 0.111989 0.00117869
5 0.314885 0.313555 0.112672 0.112421 0.00116277
4 0.0671534 0.685485 0.112187 0.111935 0.00115718
1 0.562741 0.313373 0.111638 0.112398 0.00115471
0 0.0671534 0.685485 0.112187 0.111935 0.00114139
11 0.56461 0.933834 0.112486 0.113293 0.00113921
10 0.935971 0.809319 0.110845 0.112585 0.00113328
5 0.191274 0.933747 0.114087 0.11289 0.00113231
4 0.315818 0.809477 0.110937 0.11106 0.00112799
8 0.935913 0.809258 0.11145 0.111972 0.00108462
0 0.563442 0.188796 0.111622 0.111361 0.00108119
5 0.191067 0.685979 0.113061 0.113732 0.00108018
1 0.0667974 0.809136 0.112052 0.111602 0.00106863
8 0.811676 0.809543 0.11198 0.112463 0.00104089
3 0.0654657 0.436845 0.113715 0.111032 0.00103224
1 0.190997 0.933419 0.113878 0.113317 0.00102594
3 0.812303 0.0648688 0.112795 0.113117 0.00102237
7 0.315353 0.313278 0.112501 0.112483 0.00102077
8 0.688263 0.685167 0.112915 0.112305 0.00101728
11 0.811281 0.437273 0.111545 0.113019 0.00100456
6 0.563571 0.313516 0.111844 0.11273 0.00100143
