9 0.190967 0.685105 0.110521 0.111138 0.986356
7 0.190934 0.4381 0.112339 0.113365 0.985341
9 0.439615 0.808833 0.111356 0.110751 0.98505
5 0.935357 0.933553 0.111586 0.111951 0.985027
12 0.439435 0.933523 0.111025 0.112483 0.984852
7 0.191125 0.313644 0.111851 0.1109 0.984702
3 0.1906 0.561596 0.11001 0.11087 0.984696
3 0.0659576 0.810216 0.11167 0.113117 0.984392
6 0.315662 0.809138 0.112669 0.111862 0.98425
5 0.811927 0.809696 0.111927 0.110158 0.9842
3 0.439765 0.685116 0.111298 0.111864 0.983657
9 0.811702 0.934241 0.113144 0.111525 0.983421
12 0.0669671 0.561597 0.111038 0.10976 0.983229
13 0.314888 0.933452 0.112862 0.111838 0.983086
13 0.687368 0.684481 0.112409 0.111535 0.98305
4 0.0670513 0.934395 0.111292 0.11042 0.983043
6 0.190659 0.0643935 0.111835 0.110744 0.98281
11 0.190369 0.934113 0.111292 0.110734 0.98277
10 0.563315 0.934067 0.113363 0.112319 0.982554
12 0.315323 0.312999 0.111752 0.112035 0.982283
4 0.191061 0.809641 0.111125 0.11169 0.982214
13 0.191171 0.189214 0.110976 0.111322 0.982156
10 0.316264 0.437466 0.112049 0.109986 0.981986
2 0.439168 0.0650676 0.113452 0.111674 0.981978
11 0.0662977 0.686114 0.113804 0.113099 0.981799
11 0.3157 0.685596 0.112502 0.110717 0.981483
4 0.562971 0.0653645 0.111017 0.111051 0.981414
6 0.06623 0.0646555 0.11181 0.111903 0.981385
4 0.0669821 0.18937 0.113877 0.113093 0.981157
13 0.563651 0.808891 0.110839 0.112823 0.98114
9 0.935218 0.808488 0.109722 0.109246 0.980498
11 0.0663932 0.313422 0.113805 0.111729 0.980473
0 0.689408 0.93383 0.114071 0.112511 0.980332
1 0.0667353 0.436881 0.112753 0.115013 0.979637
9 0.935408 0.187663 0.111987 0.112076 0.979403
5 0.563722 0.56085 0.112371 0.111827 0.978784
13 0.688307 0.437792 0.111043 0.110216 0.978761
6 0.563682 0.313155 0.112918 0.111451 0.978757
0 0.314902 0.561635 0.113018 0.114425 0.97873
4 0.564082 0.437024 0.113959 0.111798 0.978675
9 0.812056 0.685387 0.112442 0.111061 0.978497
11 0.439682 0.56051 0.110787 0.111777 0.978303
2 0.439313 0.188852 0.113217 0.113023 0.978252
8 0.314549 0.0647119 0.11214 0.110722 0.978149
3 0.935759 0.0650433 0.111879 0.111499 0.978019
8 0.812301 0.561879 0.112099 0.111712 0.977937
9 0.812191 0.437463 0.111671 0.11181 0.977908
1 0.563812 0.685464 0.111636 0.110899 0.977766
7 0.43943 0.31332 0.111785 0.111512 0.977726
2 0.93619 0.562111 0.111056 0.111532 0.977726
0 0.687541 0.188327 0.112483 0.112848 0.977709
12 0.688357 0.560801 0.111479 0.110304 0.977667
9 0.811649 0.188269 0.112473 0.111878 0.977587
0 0.935793 0.437028 0.1123 0.113319 0.977515
3 0.936008 0.312433 0.112169 0.11251 0.977235
2 0.314498 0.188158 0.111233 0.11225 0.977222
0 0.812494 0.31265 0.11169 0.113554 0.977091
0 0.935556 0.685927 0.110452 0.112075 0.976862
0 0.439113 0.437424 0.109595 0.110102 0.976852
1 0.563533 0.188361 0.111782 0.112821 0.976737
8 0.687773 0.31414 0.111577 0.112244 0.976546
0 0.812917 0.0636938 0.111639 0.111391 0.976107
1 0.687013 0.0645262 0.112621 0.110065 0.975931
1 0.688274 0.809855 0.112488 0.113046 0.974972
2 0.811994 0.561541 0.112414 0.112887 0.00750635
0 0.813337 0.933533 0.114531 0.111053 0.00492439
2 0.688227 0.313715 0.11242 0.11358 0.00483254
1 0.564084 0.436924 0.112932 0.111936 0.00425769
10 0.190764 0.438221 0.112184 0.114813 0.00424859
10 0.191214 0.313331 0.112392 0.111886 0.00400893
7 0.0666323 0.189137 0.113721 0.112268 0.0039205
0 0.812457 0.43837 0.111598 0.115217 0.00389788
3 0.811327 0.685541 0.111427 0.110235 0.00383242
9 0.936388 0.313254 0.111285 0.115653 0.00381137
1 0.563014 0.064597 0.11141 0.111667 0.00368823
8 0.813321 0.934264 0.113964 0.111407 0.00360554
0 0.686858 0.0630087 0.112405 0.110929 0.00348319
12 0.688254 0.438162 0.109309 0.110022 0.00346523
1 0.0666323 0.189137 0.113721 0.112268 0.00337204
12 0.812307 0.438361 0.111204 0.113105 0.0033466
0 0.688231 0.314383 0.112679 0.113975 0.00331119
11 0.563394 0.809022 0.112349 0.113116 0.00328912
12 0.93573 0.188591 0.111017 0.112313 0.00322141
11 0.563421 0.933859 0.114175 0.111885 0.00301879
0 0.688686 0.810324 0.113456 0.114616 0.0030043
7 0.190572 0.809794 0.113211 0.113022 0.0029653
10 0.0672649 0.311652 0.115607 0.112036 0.00287272
0 0.813131 0.562533 0.114092 0.114088 0.00278373
3 0.315662 0.809138 0.112669 0.111862 0.00276822
1 0.190785 0.808961 0.112876 0.111634 0.00275544
0 0.813191 0.685797 0.114117 0.111774 0.00263569
3 0.811401 0.437915 0.109764 0.110744 0.00261019
12 0.811712 0.188839 0.111872 0.110991 0.00258121
0 0.0653788 0.434914 0.114261 0.112558 0.00251947
1 0.0666861 0.933947 0.112747 0.11182 0.00251759
12 0.936388 0.313254 0.111285 0.115653 0.00250323
9 0.935752 0.0645764 0.110866 0.111666 0.00246775
4 0.19147 0.313299 0.111479 0.110965 0.00240001
2 0.314631 0.0639712 0.110025 0.110619 0.00236805
1 0.935663 0.562971 0.107101 0.110987 0.00230656
5 0.93601 0.561684 0.108784 0.11181 0.00230205
4 0.191314 0.438185 0.111995 0.114324 0.00228315
7 0.0666861 0.933947 0.112747 0.11182 0.00227603
9 0.688254 0.438162 0.109309 0.110022 0.00223708
12 0.81235 0.685299 0.112669 0.111495 0.00223447
5 0.0664949 0.312214 0.113821 0.111296 0.00218529
10 0.687434 0.68462 0.111018 0.11152 0.00215828
2 0.811548 0.809181 0.111696 0.110286 0.00212374
1 0.439189 0.436599 0.10953 0.111923 0.00211865
1 0.314123 0.188851 0.11088 0.110861 0.00207363
9 0.936433 0.686458 0.109385 0.112739 0.00206994
0 0.56378 0.685395 0.112645 0.112139 0.00203768
1 0.689408 0.93383 0.114071 0.112511 0.00201487
12 0.935521 0.809091 0.106037 0.108588 0.00201274
11 0.935383 0.933907 0.110628 0.112988 0.00200041
3 0.935537 0.561242 0.111245 0.110724 0.0019876
10 0.191825 0.188853 0.110369 0.111319 0.00198476
9 0.935886 0.437942 0.110107 0.11403 0.00197133
0 0.935825 0.188602 0.110977 0.114256 0.00192754
10 0.315817 0.313597 0.110703 0.111902 0.00190521
3 0.935521 0.809091 0.106037 0.108588 0.00190392
7 0.0662262 0.0653565 0.112773 0.112162 0.00189936
9 0.0656577 0.809447 0.113629 0.111674 0.00187682
8 0.439682 0.56051 0.110787 0.111777 0.00186507
3 0.811154 0.188583 0.111761 0.111572 0.00184831
11 0.811576 0.809529 0.110973 0.109788 0.00182891
0 0.811616 0.188871 0.111106 0.111936 0.00181516
7 0.56378 0.313686 0.113466 0.111868 0.00176956
12 0.440114 0.809156 0.112968 0.112707 0.00172726
10 0.0661274 0.684447 0.113592 0.111324 0.00172723
9 0.812657 0.0647606 0.111076 0.110676 0.00172378
1 0.439467 0.1889 0.113103 0.113123 0.00170876
0 0.314632 0.0649986 0.11012 0.11053 0.00168847
12 0.935732 0.0646007 0.111522 0.111508 0.00167208
12 0.68819 0.684079 0.112031 0.112633 0.00161825
1 0.439975 0.0644727 0.112913 0.111229 0.00160926
9 0.190483 0.934511 0.111621 0.110669 0.00158624
12 0.563832 0.809451 0.111695 0.112614 0.00157132
0 0.563612 0.188244 0.111512 0.113646 0.00156856
8 0.688405 0.188123 0.109879 0.113899 0.00155776
3 0.563558 0.313665 0.11259 0.112556 0.00152741
10 0.935295 0.933012 0.112154 0.112205 0.00152502
8 0.315609 0.684822 0.113594 0.110836 0.00150776
13 0.0661274 0.684447 0.113592 0.111324 0.00150197
8 0.813488 0.0637522 0.110216 0.111087 0.00149647
3 0.191297 0.685042 0.111441 0.111823 0.0014704
1 0.0661513 0.809984 0.112432 0.112484 0.00146006
10 0.439344 0.313926 0.111463 0.112036 0.00144891
2 0.0666323 0.189137 0.113721 0.112268 0.00144777
11 0.563754 0.560867 0.11198 0.11198 0.00143291
3 0.811576 0.809529 0.110973 0.109788 0.00143179
12 0.190814 0.561681 0.110782 0.110562 0.00139719
10 0.190758 0.93459 0.113069 0.11166 0.00138066
8 0.812307 0.438361 0.111204 0.113105 0.00136453
3 0.190605 0.0653087 0.11293 0.11131 0.00134304
1 0.93599 0.312339 0.111792 0.112296 0.00134253
13 0.439133 0.933729 0.112107 0.11281 0.00134079
12 0.191452 0.684824 0.111976 0.112937 0.00128655
9 0.440105 0.561089 0.110612 0.111197 0.00127955
7 0.563815 0.436985 0.113965 0.112079 0.00127871
2 0.562971 0.0653645 0.111017 0.111051 0.00126795
6 0.936315 0.313205 0.11241 0.113454 0.00126732
11 0.191087 0.189102 0.110938 0.111045 0.00126113
2 0.563742 0.437185 0.113433 0.111916 0.00125736
7 0.563014 0.064597 0.11141 0.111667 0.0012411
11 0.687317 0.684692 0.110895 0.111748 0.00123921
7 0.316324 0.438051 0.115609 0.111851 0.00123636
9 0.68735 0.189288 0.110937 0.112784 0.00123621
2 0.93599 0.312339 0.111792 0.112296 0.0012331
1 0.190964 0.561613 0.111149 0.111352 0.00122632
9 0.440332 0.685068 0.112404 0.110788 0.00122071
7 0.315396 0.808855 0.11298 0.112365 0.00121062
13 0.190369 0.934113 0.111292 0.110734 0.00120888
9 0.315731 0.313804 0.112342 0.112831 0.00120189
2 0.935503 0.80894 0.110311 0.110708 0.00118841
10 0.43964 0.561554 0.111078 0.111799 0.00118154
4 0.56378 0.685395 0.112645 0.112139 0.00117746
7 0.190605 0.0653087 0.11293 0.11131 0.00117432
4 0.563509 0.188597 0.113081 0.1132 0.00117295
3 0.93573 0.188591 0.111017 0.112313 0.00117049
8 0.935537 0.561242 0.111245 0.110724 0.00114456
1 0.812098 0.311478 0.111681 0.112693 0.00113227
4 0.439243 0.31294 0.111349 0.111835 0.0011267
10 0.564155 0.437382 0.112438 0.112903 0.00112629
4 0.316695 0.438073 0.112667 0.109805 0.00110303
10 0.439435 0.933523 0.111025 0.112483 0.00109542
3 0.687696 0.560584 0.112542 0.110896 0.001093
3 0.0662262 0.0653565 0.112773 0.112162 0.00109015
9 0.190624 0.561128 0.111486 0.109417 0.00108745
3 0.0670093 0.560575 0.113306 0.11384 0.00107852
2 0.563776 0.560759 0.11237 0.11234 0.00107849
7 0.564008 0.934146 0.115453 0.111517 0.00107164
0 0.93548 0.808984 0.10639 0.108489 0.00106924
12 0.31486 0.933473 0.112693 0.112292 0.00106581
10 0.191061 0.809641 0.111125 0.11169 0.00106019
8 0.935699 0.187718 0.109806 0.11286 0.00105979
6 0.688686 0.810324 0.113456 0.114616 0.00105825
0 0.688495 0.561144 0.112689 0.110458 0.00104869
2 0.190785 0.808961 0.112876 0.111634 0.00104644
10 0.315239 0.933433 0.113159 0.112452 0.00104238
1 0.93579 0.0649216 0.111591 0.111333 0.00103821
11 0.315799 0.436488 0.110622 0.109861 0.00103732
10 0.0664513 0.560579 0.112076 0.109831 0.00103401
9 0.3152 0.560527 0.113851 0.113204 0.00103245
12 0.812553 0.934296 0.114291 0.111935 0.00102707
13 0.190973 0.438085 0.111651 0.114608 0.00102601
6 0.0668717 0.188186 0.112644 0.113092 0.00102502
3 0.563971 0.560726 0.112584 0.112438 0.00101745
2 0.440076 0.809016 0.111872 0.112348 0.00101467
13 0.191222 0.313233 0.111406 0.111503 0.00101421
13 0.563298 0.934024 0.112773 0.111909 0.00101358
13 0.0658759 0.313683 0.112985 0.110244 0.00100394
1 0.440267 0.685097 0.111496 0.111737 0.00100326
