5 0.316204 0.809447 0.110624 0.111849 0.987236
7 0.936041 0.934026 0.113368 0.112087 0.985793
10 0.191795 0.933799 0.111981 0.113729 0.985307
6 0.439675 0.685294 0.112874 0.112713 0.985124
5 0.563824 0.809524 0.111041 0.112218 0.985106
11 0.811528 0.933953 0.112026 0.11224 0.98501
6 0.0670935 0.685683 0.113141 0.111856 0.984932
4 0.812229 0.809752 0.113264 0.113109 0.984745
4 0.0673966 0.933936 0.112338 0.114083 0.98444
9 0.0675117 0.189136 0.112505 0.111207 0.983935
7 0.935985 0.685274 0.11291 0.111514 0.983807
5 0.688066 0.933838 0.111296 0.113067 0.98378
13 0.191015 0.809441 0.111379 0.110981 0.983731
4 0.19182 0.0650991 0.112903 0.113251 0.983531
7 0.43963 0.934117 0.112285 0.112161 0.983323
12 0.191383 0.68568 0.111843 0.112474 0.983251
10 0.0669077 0.437163 0.114325 0.11269 0.98313
7 0.315856 0.065187 0.112119 0.112085 0.98302
6 0.315784 0.312917 0.112972 0.112556 0.982879
11 0.687738 0.809472 0.11139 0.112236 0.982534
1 0.191468 0.561341 0.111706 0.112175 0.982496
6 0.687954 0.684987 0.11258 0.112845 0.982449
13 0.191114 0.189536 0.112154 0.112749 0.9824
6 0.440163 0.188597 0.112562 0.112522 0.982345
0 0.315381 0.561402 0.11248 0.112299 0.981659
13 0.43937 0.809793 0.111738 0.111971 0.981597
11 0.3151 0.437051 0.111523 0.112185 0.981331
12 0.0676383 0.313128 0.113957 0.112566 0.981232
1 0.191242 0.313256 0.111873 0.112273 0.981093
2 0.936149 0.809533 0.112209 0.111676 0.980773
0 0.191124 0.43719 0.112192 0.112249 0.980726
11 0.0668648 0.561611 0.1128 0.112543 0.980447
3 0.315039 0.685455 0.111318 0.111847 0.980259
0 0.563646 0.0650954 0.1119 0.113004 0.980232
5 0.687841 0.0654544 0.110681 0.111846 0.980225
0 0.0673199 0.809429 0.112672 0.111978 0.97991
10 0.563745 0.561058 0.1126 0.113844 0.979885
2 0.43924 0.437448 0.111905 0.112111 0.979823
8 0.314912 0.189279 0.112291 0.112522 0.979796
9 0.439241 0.561453 0.112277 0.112733 0.979781
8 0.812115 0.0653515 0.112558 0.11293 0.97977
1 0.43926 0.0649519 0.111342 0.112578 0.979612
1 0.687786 0.56103 0.112828 0.113297 0.979569
5 0.563492 0.43742 0.111882 0.112113 0.979413
8 0.936168 0.0652153 0.112846 0.113064 0.979354
13 0.687649 0.313227 0.112394 0.112313 0.97933
3 0.68775 0.189046 0.111769 0.112136 0.979282
9 0.811593 0.685818 0.112011 0.112011 0.97927
8 0.56406 0.933933 0.112414 0.112958 0.979222
8 0.315498 0.933639 0.111802 0.112524 0.978894
10 0.812347 0.561238 0.113136 0.113652 0.978807
12 0.439807 0.313447 0.112032 0.111705 0.978766
12 0.563425 0.685647 0.112295 0.111828 0.978535
11 0.0667248 0.0650963 0.113436 0.113308 0.978491
11 0.687782 0.437065 0.112482 0.11343 0.978438
11 0.93628 0.437076 0.112931 0.113471 0.978421
6 0.812288 0.188877 0.112946 0.112698 0.978356
11 0.563478 0.188911 0.111115 0.113297 0.978348
11 0.563387 0.31301 0.111798 0.113458 0.978333
12 0.936306 0.313134 0.113395 0.112671 0.97791
3 0.936399 0.561741 0.111848 0.111994 0.97787
11 0.812218 0.312926 0.112621 0.113217 0.977831
2 0.812218 0.436813 0.112458 0.113366 0.977691
11 0.936216 0.188872 0.112779 0.113008 0.976379
5 0.687829 0.809081 0.110634 0.112117 0.0210631
5 0.688117 0.437246 0.112395 0.113064 0.0206899
2 0.812034 0.0657089 0.112358 0.112683 0.0199491
5 0.563436 0.313435 0.111711 0.112362 0.01789
5 0.563681 0.188613 0.110431 0.112477 0.0172415
2 0.935809 0.0656177 0.112744 0.11284 0.0149597
5 0.315043 0.437552 0.111639 0.11219 0.0143742
5 0.81163 0.313586 0.112648 0.112225 0.0118619
6 0.563614 0.685507 0.111668 0.112729 0.0101796
2 0.314811 0.189486 0.111536 0.112206 0.00969402
5 0.0669635 0.561203 0.11352 0.112626 0.00767921
2 0.563642 0.933801 0.11151 0.112847 0.0076277
5 0.935278 0.189547 0.113186 0.112849 0.00714736
10 0.936172 0.189203 0.111322 0.111162 0.00679721
3 0.812496 0.437326 0.112643 0.112527 0.0046617
2 0.315722 0.933824 0.112122 0.113171 0.00439856
10 0.439848 0.809241 0.110445 0.111839 0.00426064
10 0.937007 0.436664 0.110993 0.112172 0.00424586
7 0.191739 0.0648949 0.11173 0.111946 0.00419314
10 0.68796 0.933731 0.111403 0.111743 0.00409717
12 0.439848 0.809241 0.110445 0.111839 0.00398078
10 0.811547 0.312844 0.111071 0.112982 0.00374059
6 0.936818 0.561135 0.111775 0.112374 0.00371546
5 0.0669578 0.0646911 0.113284 0.112875 0.00366678
11 0.315722 0.933824 0.112122 0.113171 0.00352346
10 0.811649 0.933108 0.11022 0.110825 0.0032516
3 0.43937 0.437176 0.112039 0.112706 0.00320589
11 0.68839 0.933558 0.112971 0.113244 0.00319449
7 0.191536 0.809239 0.109498 0.110871 0.00318602
2 0.688186 0.809433 0.111899 0.113102 0.00315874
1 0.439029 0.437894 0.110992 0.110417 0.00293837
10 0.0672425 0.56094 0.113788 0.113673 0.00292371
1 0.811813 0.437851 0.108847 0.110945 0.00290211
8 0.811551 0.93292 0.1105 0.111218 0.00288789
9 0.56382 0.933451 0.11175 0.11328 0.00276296
12 0.936057 0.934035 0.113393 0.113013 0.00271128
2 0.812254 0.809678 0.113212 0.114214 0.00268204
6 0.439418 0.313184 0.112714 0.112988 0.00268102
12 0.93614 0.685648 0.112778 0.113259 0.00260671
12 0.936206 0.561699 0.112668 0.112741 0.00257867
3 0.0665454 0.685325 0.114335 0.113011 0.00249822
4 0.564186 0.561387 0.111802 0.11227 0.00249588
2 0.688117 0.437246 0.112395 0.113064 0.00249536
5 0.935949 0.436797 0.11333 0.112374 0.0024714
5 0.811488 0.436838 0.113327 0.112705 0.00243033
2 0.688407 0.933075 0.112951 0.113845 0.0024222
2 0.688144 0.0648036 0.112237 0.111158 0.00237275
7 0.811643 0.808991 0.112909 0.113986 0.00235388
4 0.812375 0.561222 0.112915 0.11237 0.00228276
0 0.439256 0.0643892 0.111337 0.113436 0.00225817
1 0.0672403 0.934288 0.113861 0.114758 0.00224282
4 0.440082 0.933998 0.112542 0.112637 0.0022377
1 0.936242 0.809259 0.11246 0.113329 0.00222696
0 0.936048 0.0648197 0.111617 0.112734 0.0022008
0 0.688319 0.560665 0.112075 0.111894 0.00208851
10 0.686714 0.437043 0.113653 0.112681 0.00208581
6 0.0670443 0.313481 0.113512 0.112663 0.0020779
8 0.811421 0.686045 0.112038 0.111862 0.0020521
10 0.3155 0.43677 0.110669 0.11179 0.00204826
11 0.563195 0.436617 0.110963 0.110469 0.00203059
10 0.812631 0.809221 0.112439 0.113469 0.00202481
6 0.191043 0.685583 0.113017 0.112753 0.00202146
0 0.813041 0.685859 0.112262 0.110516 0.0020156
5 0.935967 0.809571 0.113209 0.114156 0.00200876
11 0.812117 0.0655447 0.111164 0.113559 0.00184425
1 0.191592 0.0651442 0.111936 0.113407 0.00183623
6 0.688114 0.189383 0.11231 0.112589 0.00181824
7 0.0669293 0.438053 0.112836 0.112683 0.00181688
2 0.688064 0.560983 0.11207 0.112992 0.00178073
11 0.686821 0.0650902 0.11006 0.110105 0.00177179
2 0.688114 0.189383 0.11231 0.112589 0.0017559
6 0.936142 0.685438 0.111931 0.113161 0.00175224
7 0.811647 0.561272 0.113263 0.113605 0.00172459
4 0.0671215 0.437005 0.112597 0.113505 0.00171132
11 0.315291 0.189449 0.111585 0.112302 0.00168716
9 0.811551 0.93292 0.1105 0.111218 0.0016536
1 0.812631 0.809221 0.112439 0.113469 0.00164952
7 0.439884 0.189037 0.112996 0.112716 0.00164632
3 0.688144 0.0648036 0.112237 0.111158 0.00164061
7 0.0669705 0.934018 0.113919 0.11435 0.00162077
4 0.688101 0.189334 0.1135 0.113936 0.00160602
3 0.812376 0.189039 0.112517 0.113074 0.00160441
1 0.936435 0.561634 0.111602 0.111638 0.00159703
5 0.811918 0.933677 0.11145 0.113536 0.00159599
12 0.68753 0.189181 0.112109 0.112625 0.00157521
4 0.935711 0.313569 0.112898 0.111602 0.00157271
3 0.440163 0.188597 0.112562 0.112522 0.00156976
4 0.93623 0.934052 0.113413 0.112801 0.00152094
7 0.315425 0.313525 0.112838 0.11269 0.00151742
1 0.0669044 0.809083 0.113517 0.112569 0.0015066
1 0.688314 0.685177 0.111347 0.111089 0.0015053
10 0.315584 0.0649898 0.112733 0.113355 0.00150035
8 0.813071 0.4371 0.109773 0.112403 0.00148291
4 0.935985 0.685274 0.11291 0.111514 0.00147238
10 0.68746 0.0648194 0.111108 0.111512 0.00146722
12 0.688005 0.313286 0.11064 0.111279 0.00145956
11 0.56406 0.933933 0.112414 0.112958 0.00141798
1 0.191089 0.437173 0.112905 0.112723 0.00137282
9 0.315395 0.933854 0.111685 0.112608 0.00135432
9 0.936202 0.561602 0.112415 0.113144 0.00131516
6 0.935711 0.313569 0.112898 0.111602 0.00130046
3 0.935959 0.809307 0.113233 0.113224 0.00128489
7 0.688187 0.685136 0.112805 0.113425 0.00127717
4 0.687978 0.560598 0.112752 0.112988 0.00127625
7 0.439848 0.809241 0.110445 0.111839 0.00126879
0 0.191186 0.313247 0.110918 0.112583 0.00125996
13 0.0669199 0.436924 0.111959 0.111851 0.00125649
3 0.439675 0.685294 0.112874 0.112713 0.00125041
9 0.687504 0.437125 0.111217 0.112457 0.00124497
6 0.811609 0.809346 0.114072 0.113196 0.00123422
11 0.190636 0.189259 0.111857 0.111807 0.00122216
4 0.315384 0.065287 0.111496 0.110819 0.00122185
2 0.0672403 0.934288 0.113861 0.114758 0.00121966
4 0.688144 0.0648036 0.112237 0.111158 0.00121407
10 0.563246 0.313468 0.110858 0.113132 0.00118677
4 0.191255 0.313514 0.111916 0.112993 0.00115433
10 0.0662705 0.0649226 0.113145 0.112245 0.00115307
12 0.0670126 0.189175 0.11296 0.112014 0.00115173
2 0.563789 0.809317 0.11142 0.11204 0.00114908
13 0.191452 0.933892 0.112809 0.112338 0.00114366
4 0.191468 0.561341 0.111706 0.112175 0.00114129
0 0.191347 0.561102 0.111975 0.112694 0.00112914
5 0.811516 0.561362 0.112363 0.112157 0.00112118
12 0.0661763 0.437362 0.113916 0.11244 0.00111965
8 0.439029 0.437894 0.110992 0.110417 0.00111074
3 0.315317 0.313297 0.111798 0.112707 0.00110872
10 0.936073 0.933786 0.112237 0.113234 0.00110099
10 0.687606 0.31386 0.112063 0.113128 0.00109626
1 0.687637 0.18909 0.112213 0.112662 0.00106867
0 0.439178 0.561401 0.111966 0.112012 0.00106757
1 0.315326 0.685418 0.111895 0.11217 0.00106484
0 0.0668947 0.189206 0.113236 0.112494 0.00106478
1 0.563721 0.0641511 0.111519 0.113329 0.00104468
9 0.563646 0.0650954 0.1119 0.113004 0.0010355
10 0.19182 0.0650991 0.112903 0.113251 0.00103232
9 0.936078 0.189138 0.110952 0.111782 0.00103136
6 0.936073 0.933786 0.112237 0.113234 0.00102954
11 0.0661763 0.437362 0.113916 0.11244 0.00102912
12 0.191482 0.809573 0.111782 0.111678 0.00101703
11 0.936168 0.0652153 0.112846 0.113064 0.00101432
9 0.936257 0.437173 0.110863 0.112135 0.00101398
11 0.811388 0.685674 0.112957 0.112097 0.00101335
12 0.811405 0.686215 0.111887 0.111895 0.00101134
7 0.688246 0.313439 0.112064 0.112103 0.00100024
