9 0.31557 0.809654 0.111302 0.112365 0.987391
5 0.935908 0.934153 0.112412 0.111989 0.98574
3 0.191758 0.933969 0.11214 0.113597 0.985678
9 0.315543 0.685573 0.111252 0.111829 0.98557
12 0.688394 0.933989 0.110896 0.113182 0.985324
7 0.0666475 0.934028 0.112928 0.112916 0.985075
5 0.191679 0.68601 0.110867 0.111544 0.984929
3 0.314524 0.0647693 0.112917 0.112568 0.984488
10 0.563789 0.933701 0.111638 0.112861 0.984441
5 0.0674931 0.686111 0.111855 0.111632 0.984284
5 0.811709 0.934336 0.111867 0.112142 0.983952
3 0.68722 0.80998 0.112061 0.112163 0.983913
3 0.191248 0.43762 0.111822 0.113317 0.983845
2 0.315235 0.934042 0.11264 0.112973 0.983831
9 0.315386 0.437653 0.111805 0.112882 0.9837
7 0.563614 0.0651329 0.111405 0.112185 0.983674
7 0.936105 0.0654327 0.113006 0.112745 0.983592
5 0.0671232 0.437955 0.112498 0.112296 0.983243
5 0.0675156 0.562322 0.112348 0.112164 0.983222
10 0.31612 0.561419 0.111424 0.111372 0.983212
12 0.191294 0.0645687 0.111165 0.112111 0.983113
7 0.315267 0.313368 0.113006 0.11141 0.983006
0 0.439787 0.933778 0.111969 0.11272 0.982962
10 0.439821 0.685511 0.111209 0.111391 0.98288
1 0.439834 0.809789 0.112365 0.113022 0.982796
10 0.315513 0.189103 0.112931 0.1113 0.982647
9 0.563804 0.809896 0.1113 0.111783 0.9826
7 0.93681 0.809627 0.111997 0.112007 0.982529
11 0.439207 0.0651551 0.110995 0.111723 0.982507
12 0.0674493 0.0648663 0.113026 0.11288 0.98237
10 0.439552 0.313053 0.112768 0.111519 0.982368
9 0.935863 0.685523 0.113167 0.112145 0.982291
2 0.811867 0.065399 0.111539 0.112452 0.981989
13 0.19111 0.313855 0.111329 0.111454 0.981874
5 0.43942 0.437432 0.112763 0.112314 0.981779
11 0.0667479 0.313864 0.113395 0.112835 0.981574
4 0.811871 0.809945 0.113167 0.111846 0.981309
10 0.0680379 0.189055 0.112908 0.11128 0.980995
2 0.191413 0.561381 0.111692 0.111821 0.980719
7 0.439542 0.189209 0.112979 0.111573 0.980678
11 0.191206 0.809502 0.110824 0.110856 0.980518
9 0.439637 0.561437 0.111582 0.112455 0.980452
12 0.68799 0.0650277 0.110386 0.112526 0.979906
13 0.563361 0.189106 0.110672 0.110799 0.979858
5 0.563726 0.312906 0.112174 0.11269 0.979274
8 0.1911 0.189259 0.111833 0.112092 0.97925
3 0.687775 0.188856 0.111546 0.112055 0.979178
12 0.564002 0.561538 0.111957 0.111668 0.979134
6 0.688197 0.437464 0.111876 0.112303 0.979101
11 0.563736 0.437201 0.112054 0.113314 0.978966
3 0.687941 0.561599 0.112341 0.112253 0.978903
9 0.936366 0.313468 0.111308 0.111785 0.978862
13 0.812138 0.56168 0.111911 0.111619 0.978827
10 0.812334 0.312858 0.112523 0.112556 0.978789
3 0.687466 0.685551 0.111562 0.112213 0.978726
1 0.936157 0.561133 0.114145 0.113311 0.978577
9 0.936062 0.188963 0.112374 0.112187 0.978441
11 0.812045 0.188796 0.112154 0.112741 0.978326
5 0.812064 0.685402 0.112324 0.111899 0.978281
0 0.936151 0.436934 0.113013 0.112479 0.978124
11 0.812151 0.437133 0.11264 0.113378 0.978026
2 0.687776 0.313512 0.11186 0.111943 0.977994
8 0.564245 0.685441 0.111875 0.113029 0.977224
0 0.0674863 0.809611 0.112855 0.113575 0.976863
1 0.0669391 0.809474 0.114131 0.113187 0.0164751
2 0.563927 0.685523 0.111599 0.111598 0.0131364
12 0.563695 0.188776 0.111406 0.111799 0.00790123
12 0.936185 0.810007 0.112644 0.114078 0.00393464
5 0.812577 0.437924 0.112968 0.111528 0.00380487
12 0.936489 0.313323 0.110669 0.113147 0.00379393
8 0.688117 0.313413 0.110004 0.113752 0.00373079
10 0.811526 0.437027 0.110148 0.111784 0.00341298
1 0.687599 0.313459 0.111125 0.112295 0.0034078
12 0.936114 0.0650177 0.113451 0.113298 0.00327966
3 0.191295 0.561319 0.112848 0.11197 0.00327229
10 0.935816 0.933499 0.111762 0.111624 0.0031917
0 0.31583 0.438034 0.113066 0.113198 0.0031615
12 0.191524 0.313215 0.111102 0.111381 0.00306403
10 0.812252 0.809316 0.11147 0.111845 0.0030073
12 0.936074 0.685906 0.11074 0.113637 0.00297875
5 0.811666 0.189771 0.112058 0.112011 0.00291764
2 0.191129 0.18886 0.111296 0.112368 0.00288276
5 0.811437 0.0649549 0.112116 0.112268 0.00283323
12 0.936227 0.189072 0.112181 0.112629 0.00274976
7 0.688258 0.437248 0.111651 0.113152 0.00268117
10 0.811551 0.18892 0.110793 0.111948 0.00264322
5 0.439308 0.0645319 0.110964 0.112592 0.00248317
5 0.0669269 0.312964 0.113465 0.112518 0.00247857
7 0.811563 0.809091 0.113069 0.113966 0.00241102
12 0.439563 0.188978 0.112306 0.112152 0.00240616
10 0.563844 0.436819 0.112059 0.112307 0.00240114
0 0.936421 0.560648 0.113294 0.112167 0.0023923
9 0.686711 0.189297 0.111888 0.112399 0.00235563
10 0.0664935 0.313739 0.113071 0.111791 0.00225068
12 0.439984 0.561269 0.111946 0.11291 0.00224091
9 0.688168 0.685899 0.111653 0.111213 0.00223404
4 0.564248 0.0648212 0.111106 0.11311 0.00222724
6 0.56415 0.561512 0.111356 0.111133 0.00219581
9 0.688137 0.809805 0.111828 0.111524 0.00217713
2 0.688137 0.809805 0.111828 0.111524 0.00216733
3 0.936074 0.685906 0.11074 0.113637 0.00215966
5 0.19163 0.561205 0.111422 0.11126 0.00212118
4 0.439616 0.437891 0.111751 0.110875 0.00208384
5 0.688156 0.80964 0.112129 0.111389 0.00205661
5 0.563883 0.436998 0.111529 0.112139 0.00200347
3 0.439706 0.561509 0.111962 0.112643 0.00198771
10 0.81162 0.932899 0.114092 0.111174 0.00195555
12 0.687613 0.80965 0.111551 0.1122 0.00195309
6 0.936191 0.809826 0.111825 0.113466 0.00194022
4 0.315293 0.188898 0.111385 0.111423 0.00193758
3 0.687994 0.312833 0.111057 0.111859 0.00192195
11 0.563777 0.685308 0.112486 0.111651 0.00192033
1 0.812252 0.809316 0.11147 0.111845 0.00191429
4 0.563789 0.933701 0.111638 0.112861 0.00185802
2 0.688168 0.685899 0.111653 0.111213 0.00183891
9 0.688388 0.933457 0.112943 0.112319 0.00181724
12 0.315806 0.438028 0.111687 0.113061 0.00181318
4 0.0672259 0.437901 0.113251 0.110015 0.00179415
9 0.688201 0.561808 0.110798 0.110926 0.00178992
8 0.811459 0.188754 0.111317 0.111266 0.00178216
3 0.688299 0.437875 0.111322 0.112919 0.0017633
11 0.811633 0.933457 0.112589 0.110557 0.00175552
0 0.936578 0.313349 0.11141 0.113339 0.00175421
2 0.812252 0.809316 0.11147 0.111845 0.00170151
10 0.439308 0.0645319 0.110964 0.112592 0.00169256
4 0.812009 0.313514 0.110912 0.112893 0.00164461
5 0.686834 0.31354 0.114024 0.111818 0.00163635
9 0.811431 0.436839 0.11097 0.111315 0.00163078
3 0.439616 0.437891 0.111751 0.110875 0.00162591
9 0.811459 0.188754 0.111317 0.111266 0.00162263
2 0.688201 0.561808 0.110798 0.110926 0.00161426
12 0.315762 0.685444 0.111909 0.112229 0.00160029
2 0.68813 0.189326 0.111872 0.112065 0.00159438
10 0.439514 0.437394 0.111506 0.112061 0.00158632
12 0.811259 0.561843 0.11087 0.111417 0.00157292
1 0.812169 0.0647042 0.111887 0.113173 0.00156229
13 0.686685 0.0653016 0.109829 0.111394 0.00152201
3 0.315235 0.934042 0.11264 0.112973 0.00151344
3 0.936578 0.313349 0.11141 0.113339 0.00150654
10 0.191324 0.685642 0.111925 0.1121 0.00148565
9 0.191021 0.436734 0.111154 0.111732 0.00148094
3 0.315321 0.68555 0.111432 0.111374 0.00146612
13 0.440043 0.68545 0.111991 0.111751 0.00145809
10 0.31538 0.313556 0.112283 0.112108 0.00145714
4 0.44003 0.809677 0.111448 0.112348 0.00144363
4 0.315522 0.561228 0.112304 0.111745 0.00142758
12 0.563981 0.80954 0.112124 0.111652 0.00142668
9 0.191331 0.809669 0.111886 0.112355 0.0013917
8 0.811538 0.0647465 0.111729 0.112953 0.00138777
1 0.191585 0.561166 0.112329 0.112689 0.0013763
4 0.936874 0.809127 0.111781 0.112553 0.0013743
12 0.688225 0.561535 0.112093 0.111672 0.00136435
10 0.191362 0.809649 0.111965 0.111966 0.00135262
12 0.68819 0.68561 0.112548 0.111485 0.00135252
5 0.688162 0.189214 0.113146 0.111613 0.00134477
1 0.315822 0.933735 0.11308 0.113064 0.00134449
5 0.68819 0.68561 0.112548 0.111485 0.00134315
10 0.687945 0.933897 0.111213 0.112601 0.00132179
10 0.0668421 0.685705 0.112041 0.112175 0.00131948
3 0.0669288 0.436579 0.112423 0.110689 0.00131547
12 0.564032 0.933603 0.111675 0.112123 0.00130821
1 0.687903 0.80961 0.11166 0.111718 0.0013071
4 0.563936 0.313353 0.111754 0.11184 0.00130108
13 0.688388 0.933457 0.112943 0.112319 0.00129064
7 0.686685 0.0653016 0.109829 0.111394 0.00127639
1 0.687866 0.561538 0.111832 0.111974 0.001275
11 0.191518 0.189004 0.111655 0.111802 0.00127283
10 0.0675234 0.561292 0.112623 0.113779 0.00125893
4 0.440045 0.188848 0.111269 0.112131 0.00124758
2 0.813153 0.933331 0.113627 0.113841 0.00124531
6 0.191676 0.437969 0.113097 0.112167 0.00123964
0 0.439984 0.561269 0.111946 0.11291 0.00122519
9 0.563429 0.437296 0.111507 0.112225 0.00120531
3 0.563804 0.809896 0.1113 0.111783 0.00120425
6 0.811537 0.80945 0.114399 0.113309 0.00119489
4 0.439763 0.31346 0.110368 0.113175 0.0011925
7 0.19111 0.313855 0.111329 0.111454 0.00119099
4 0.0666475 0.934028 0.112928 0.112916 0.00118794
4 0.936421 0.560648 0.113294 0.112167 0.00118723
10 0.0666486 0.437653 0.111934 0.112187 0.00118706
5 0.315327 0.933894 0.112173 0.11144 0.00117369
0 0.687871 0.0643814 0.110696 0.112293 0.00116853
4 0.0669037 0.189103 0.113178 0.111159 0.00116581
8 0.811431 0.436839 0.11097 0.111315 0.00116383
11 0.81154 0.685789 0.111948 0.110671 0.0011636
3 0.0672404 0.561167 0.113038 0.112759 0.00115424
3 0.68813 0.064208 0.110789 0.112074 0.00114409
12 0.688162 0.189214 0.113146 0.111613 0.00113842
13 0.0664935 0.313739 0.113071 0.111791 0.00113126
12 0.315966 0.809969 0.112825 0.112246 0.00112816
12 0.440343 0.68541 0.111165 0.110945 0.00110866
1 0.191783 0.933756 0.111798 0.111389 0.00110744
12 0.191931 0.438006 0.112824 0.112013 0.0010958
8 0.563597 0.438213 0.111687 0.112487 0.00109239
2 0.811789 0.4377 0.111899 0.11244 0.00107951
0 0.440093 0.809749 0.111891 0.113042 0.00107745
4 0.688114 0.809488 0.112387 0.111991 0.00107363
13 0.811533 0.312963 0.112683 0.113101 0.00107171
7 0.563795 0.189037 0.11142 0.112692 0.00107119
0 0.564062 0.809563 0.11221 0.111884 0.00107038
3 0.935967 0.189203 0.111884 0.112783 0.00106263
11 0.811602 0.312702 0.11273 0.113528 0.00106116
13 0.315455 0.561691 0.112072 0.112102 0.0010585
2 0.813104 0.685345 0.113349 0.112577 0.00105071
0 0.935967 0.189203 0.111884 0.112783 0.00104656
4 0.315257 0.313509 0.111836 0.111916 0.00104225
5 0.191206 0.809502 0.110824 0.110856 0.00104088
3 0.563936 0.313353 0.111754 0.11184 0.00103971
5 0.688225 0.561535 0.112093 0.111672 0.00103482
9 0.936076 0.437291 0.112144 0.112425 0.00103256
6 0.686817 0.80973 0.112617 0.112822 0.00102449
5 0.314931 0.561287 0.11183 0.111638 0.00102404
10 0.811601 0.685566 0.111178 0.111488 0.00102357
4 0.68814 0.685615 0.112335 0.111871 0.00102253
4 0.688171 0.561576 0.111905 0.112189 0.00102157
8 0.315806 0.438028 0.111687 0.113061 0.00101951
3 0.811782 0.0657188 0.111831 0.11238 0.00101011
12 0.688095 0.43818 0.113174 0.113205 0.00100491
12 0.314698 0.0649848 0.112183 0.111845 0.0010003
