13 0.314626 0.933534 0.113828 0.113206 0.987342
10 0.190528 0.933097 0.112093 0.113279 0.986505
3 0.439014 0.934132 0.112625 0.112665 0.986362
5 0.191231 0.685649 0.110949 0.113267 0.985275
13 0.067023 0.189734 0.113637 0.114384 0.984077
12 0.191089 0.561609 0.108837 0.111446 0.983899
7 0.563317 0.683724 0.110671 0.110873 0.983884
2 0.562545 0.0659768 0.11302 0.11222 0.98352
9 0.562881 0.808355 0.110929 0.114166 0.983461
3 0.811726 0.808841 0.112085 0.113217 0.983045
12 0.935335 0.933348 0.110816 0.113352 0.982952
0 0.19081 0.437052 0.112287 0.113005 0.982802
7 0.811559 0.684829 0.113119 0.11068 0.982573
3 0.440085 0.808989 0.111603 0.112465 0.982515
7 0.315132 0.437787 0.111475 0.110066 0.982499
5 0.687821 0.934486 0.111641 0.11153 0.98249
3 0.440083 0.68497 0.112132 0.112691 0.981976
12 0.31542 0.313259 0.111751 0.113545 0.981795
10 0.190937 0.0646961 0.111968 0.112636 0.98159
11 0.191171 0.188542 0.111408 0.1126 0.981398
10 0.315794 0.685597 0.113469 0.111376 0.981391
10 0.0672495 0.686213 0.113309 0.113121 0.981331
9 0.686617 0.0656186 0.112709 0.11249 0.981268
3 0.067704 0.561258 0.112935 0.114086 0.981266
11 0.190879 0.313065 0.11173 0.112801 0.981148
9 0.687229 0.808525 0.112226 0.113801 0.981128
8 0.315066 0.561218 0.11464 0.115094 0.981089
4 0.0674017 0.313547 0.112397 0.114442 0.981058
11 0.315441 0.809358 0.111682 0.111354 0.980889
3 0.066856 0.933931 0.113034 0.113994 0.980733
8 0.811489 0.933949 0.111822 0.110854 0.980654
1 0.562852 0.933632 0.114077 0.114157 0.980575
11 0.0663552 0.0653732 0.112143 0.112799 0.98049
11 0.811625 0.0657036 0.113213 0.113002 0.980433
13 0.563327 0.561067 0.112559 0.112131 0.979701
13 0.439328 0.188965 0.113881 0.11281 0.979156
10 0.936799 0.685771 0.108954 0.111353 0.979039
10 0.936797 0.561842 0.110272 0.113498 0.978792
9 0.936097 0.0653249 0.110817 0.111368 0.978697
10 0.563092 0.1891 0.110364 0.112375 0.978667
5 0.936462 0.436778 0.111902 0.113687 0.97859
0 0.687263 0.684146 0.110867 0.110681 0.978338
2 0.687168 0.189109 0.112748 0.113337 0.978118
0 0.0664907 0.809383 0.109557 0.112889 0.978107
1 0.0667966 0.435369 0.109753 0.109496 0.978062
1 0.191112 0.808624 0.111054 0.109465 0.978043
12 0.563431 0.312871 0.113043 0.11325 0.977962
12 0.315302 0.0640131 0.112124 0.111775 0.977925
8 0.439971 0.561494 0.110272 0.112118 0.977873
7 0.439062 0.437834 0.111376 0.110739 0.977835
12 0.439227 0.312734 0.111712 0.112959 0.977815
4 0.687855 0.437328 0.111578 0.112873 0.977624
7 0.563336 0.437126 0.112794 0.11199 0.977579
4 0.812879 0.561778 0.111568 0.112014 0.977572
2 0.812192 0.437911 0.111971 0.112995 0.977507
12 0.687967 0.313244 0.11157 0.112048 0.977381
12 0.314819 0.187906 0.111134 0.113351 0.977288
2 0.936182 0.188561 0.111208 0.112611 0.977177
12 0.936676 0.311961 0.111187 0.11224 0.97714
2 0.935801 0.808744 0.108801 0.109768 0.976578
1 0.6887 0.561738 0.113092 0.112249 0.976284
1 0.439474 0.0643545 0.114477 0.111978 0.976157
0 0.812697 0.312511 0.111384 0.113776 0.975897
1 0.81214 0.188998 0.112345 0.111375 0.974837
10 0.811582 0.0646426 0.111428 0.112698 0.0185411
10 0.936005 0.436441 0.111128 0.112981 0.015257
3 0.811013 0.439044 0.11373 0.112838 0.00867523
8 0.56338 0.0654844 0.111086 0.112812 0.00833503
8 0.190741 0.313336 0.113257 0.114589 0.00701819
10 0.562327 0.808772 0.111584 0.115282 0.00666473
8 0.688427 0.809085 0.111854 0.113337 0.0052885
11 0.688373 0.93394 0.116195 0.11195 0.00518164
2 0.688407 0.933576 0.115873 0.113506 0.00502252
8 0.935658 0.808697 0.106298 0.109971 0.00467503
9 0.811578 0.934025 0.112787 0.111269 0.00462821
3 0.935353 0.190097 0.112605 0.112957 0.00443238
0 0.811176 0.933458 0.110876 0.108962 0.00426347
2 0.813249 0.80891 0.111084 0.111217 0.00408621
12 0.811294 0.684365 0.111572 0.109382 0.00364269
1 0.812708 0.561595 0.111715 0.112295 0.00364257
1 0.68773 0.4373 0.111362 0.112772 0.00355642
1 0.066321 0.313815 0.111712 0.112279 0.00354426
0 0.688214 0.0652817 0.112208 0.111688 0.00353199
8 0.81323 0.064951 0.112722 0.113152 0.00350127
0 0.688878 0.561489 0.114761 0.114088 0.0033181
3 0.935527 0.808817 0.109751 0.11009 0.00327048
8 0.935353 0.190097 0.112605 0.112957 0.00326924
0 0.688427 0.809085 0.111854 0.113337 0.00325391
0 0.812895 0.186823 0.112954 0.111404 0.00305032
3 0.686536 0.190379 0.114105 0.113672 0.00303007
10 0.687208 0.809113 0.11159 0.1145 0.00301268
10 0.687399 0.934049 0.112492 0.110996 0.0029465
9 0.81148 0.0643818 0.111724 0.112367 0.00286843
6 0.191587 0.561116 0.111479 0.112173 0.00277842
0 0.0654347 0.433908 0.111452 0.109578 0.00254993
8 0.563432 0.808941 0.110476 0.11369 0.00248172
8 0.686468 0.189127 0.112734 0.113632 0.00246707
10 0.191538 0.188228 0.111632 0.111875 0.002423
5 0.811333 0.43816 0.112011 0.11313 0.00239445
6 0.314726 0.064334 0.110871 0.111861 0.00233405
2 0.066321 0.313815 0.111712 0.112279 0.00233348
4 0.440393 0.685293 0.110478 0.111352 0.00231658
3 0.562759 0.0662468 0.112816 0.112225 0.0022976
4 0.439525 0.438163 0.110847 0.112887 0.00224484
6 0.438737 0.312604 0.111159 0.112782 0.00220185
7 0.0675486 0.188075 0.113024 0.113894 0.00217949
13 0.936354 0.561595 0.107636 0.111635 0.00217116
8 0.811013 0.439044 0.11373 0.112838 0.00216507
6 0.686739 0.312855 0.110418 0.111324 0.00215715
7 0.936238 0.685489 0.10506 0.108863 0.00214447
10 0.190842 0.685551 0.110811 0.112041 0.00213149
13 0.190753 0.0646239 0.111864 0.111401 0.00212429
9 0.936535 0.561921 0.110212 0.112707 0.00211524
6 0.314383 0.188107 0.110507 0.11331 0.00210385
2 0.812708 0.561595 0.111715 0.112295 0.0020848
4 0.31587 0.438087 0.111805 0.110587 0.00201784
11 0.440188 0.561067 0.109339 0.112788 0.0020134
2 0.0669143 0.559641 0.11525 0.116232 0.00196958
5 0.686361 0.189315 0.112584 0.113387 0.00192694
5 0.935036 0.188149 0.110755 0.112361 0.00190292
11 0.936508 0.561034 0.108368 0.115149 0.00187545
0 0.563962 0.9336 0.112746 0.112438 0.00187159
7 0.563459 0.189521 0.110697 0.113384 0.00186747
0 0.563589 0.313396 0.111392 0.112252 0.00185614
8 0.315676 0.808971 0.113651 0.1124 0.00185367
7 0.812778 0.561881 0.112771 0.1129 0.00184823
1 0.686859 0.684258 0.111928 0.110937 0.00184451
7 0.687281 0.437281 0.111467 0.112305 0.00182996
13 0.936598 0.685982 0.109318 0.109835 0.0018095
8 0.191148 0.188951 0.111414 0.112955 0.00180417
11 0.315762 0.560819 0.112927 0.116477 0.00179517
3 0.688335 0.313501 0.112508 0.112068 0.00178481
5 0.0664941 0.313582 0.112435 0.112912 0.00177396
6 0.811639 0.808946 0.110802 0.110978 0.0017693
0 0.563432 0.808941 0.110476 0.11369 0.00175406
0 0.19061 0.80921 0.11172 0.111742 0.00175262
11 0.936105 0.436574 0.111377 0.11267 0.00174156
12 0.440611 0.809385 0.110642 0.111555 0.00173545
10 0.439168 0.438193 0.1118 0.113325 0.00172375
3 0.936596 0.311254 0.10982 0.113917 0.00171942
0 0.439713 0.0646021 0.113702 0.112765 0.00171477
2 0.439884 0.561169 0.110621 0.111808 0.00171439
6 0.439168 0.438193 0.1118 0.113325 0.00171022
10 0.315329 0.437981 0.110692 0.110994 0.00170652
11 0.935658 0.808697 0.106298 0.109971 0.00170103
2 0.68773 0.4373 0.111362 0.112772 0.00169178
11 0.563462 0.808678 0.110677 0.114156 0.00169141
12 0.935847 0.0648117 0.110931 0.111859 0.00165195
2 0.315443 0.560926 0.113133 0.116641 0.00165057
6 0.563477 0.933722 0.114316 0.113214 0.00161602
6 0.687281 0.437281 0.111467 0.112305 0.00161162
5 0.935417 0.808772 0.110404 0.111507 0.00159551
12 0.439551 0.933908 0.110482 0.111053 0.00159324
7 0.438878 0.189427 0.113758 0.113398 0.00156409
3 0.191486 0.560789 0.109858 0.114215 0.00156294
1 0.563351 0.0649539 0.111631 0.112975 0.00155825
5 0.813292 0.808636 0.111728 0.11168 0.00154898
4 0.0674263 0.560457 0.114104 0.114819 0.00152549
3 0.687793 0.437558 0.112294 0.113141 0.00149257
9 0.936387 0.68609 0.108791 0.111388 0.00147487
9 0.191594 0.188565 0.111368 0.111815 0.00146767
6 0.811727 0.561751 0.111403 0.110665 0.00146499
12 0.563432 0.808941 0.110476 0.11369 0.00146398
13 0.811336 0.684068 0.111402 0.110104 0.00145198
1 0.81248 0.311706 0.111692 0.113062 0.00144738
6 0.31587 0.438087 0.111805 0.110587 0.0014392
6 0.440393 0.685293 0.110478 0.111352 0.00141505
3 0.812778 0.561881 0.112771 0.1129 0.00140769
4 0.563562 0.436397 0.111589 0.113035 0.00140729
6 0.439551 0.933908 0.110482 0.111053 0.00139792
10 0.936233 0.31267 0.110575 0.112235 0.00139692
12 0.688427 0.809085 0.111854 0.113337 0.00139369
0 0.68829 0.314005 0.111953 0.112836 0.0013907
11 0.314992 0.685738 0.112479 0.112265 0.0013879
7 0.066321 0.313815 0.111712 0.112279 0.00134794
7 0.936197 0.311641 0.108809 0.112982 0.00134223
1 0.81265 0.809021 0.111437 0.11282 0.00132643
10 0.811336 0.684068 0.111402 0.110104 0.00131949
6 0.563782 0.438037 0.112512 0.113227 0.00131307
10 0.0665094 0.189257 0.11445 0.112869 0.00131303
5 0.812138 0.562019 0.111878 0.112343 0.00131284
4 0.813254 0.808377 0.110177 0.112604 0.00130555
1 0.0661901 0.80847 0.111475 0.112433 0.00129928
9 0.935296 0.188088 0.109786 0.112 0.00129601
3 0.686259 0.0654813 0.114206 0.111443 0.0012801
7 0.936379 0.561427 0.107261 0.111231 0.00127124
11 0.68844 0.808757 0.113114 0.11344 0.00126943
13 0.190742 0.933261 0.112424 0.112246 0.0012554
5 0.936725 0.56216 0.111949 0.113847 0.0012524
12 0.686259 0.0654813 0.114206 0.111443 0.00125061
4 0.190937 0.0646961 0.111968 0.112636 0.00124456
0 0.935423 0.0650296 0.111359 0.11253 0.00124302
7 0.190937 0.0646961 0.111968 0.112636 0.00123774
9 0.811726 0.808841 0.112085 0.113217 0.00122629
4 0.440611 0.809385 0.110642 0.111555 0.00121745
11 0.812146 0.933791 0.111219 0.112265 0.0012086
7 0.190658 0.933102 0.111673 0.113012 0.00120364
9 0.936269 0.313373 0.109507 0.111232 0.00119779
11 0.190905 0.685195 0.111148 0.11287 0.00118567
13 0.563434 0.189369 0.110716 0.113368 0.00117878
11 0.686255 0.0651425 0.113393 0.112905 0.00117528
9 0.190741 0.313336 0.113257 0.114589 0.00116065
3 0.935847 0.0648117 0.110931 0.111859 0.00114876
1 0.811365 0.438551 0.112334 0.112366 0.0011424
11 0.935892 0.188281 0.110881 0.114093 0.00113926
3 0.935389 0.933138 0.110563 0.112271 0.0011375
13 0.936269 0.313373 0.109507 0.111232 0.00111913
6 0.936146 0.311973 0.109665 0.112972 0.00111376
6 0.811336 0.684068 0.111402 0.110104 0.00110183
6 0.688878 0.561489 0.114761 0.114088 0.00109778
2 0.688101 0.809132 0.11284 0.11368 0.00109147
8 0.68633 0.0651907 0.114044 0.112646 0.00107428
6 0.0668115 0.313918 0.112682 0.113239 0.00107324
10 0.0666513 0.0652658 0.111662 0.111832 0.00107287
1 0.0670775 0.933595 0.112027 0.112829 0.00107196
9 0.0670659 0.933529 0.112735 0.113012 0.00106595
11 0.811434 0.438026 0.112045 0.113645 0.00106288
4 0.56288 0.684662 0.112648 0.11255 0.00105792
4 0.439551 0.933908 0.110482 0.111053 0.00105656
5 0.439653 0.934123 0.110637 0.112386 0.00105179
10 0.688053 0.437838 0.11137 0.112656 0.00104082
10 0.563314 0.437931 0.111271 0.112861 0.00103319
10 0.190625 0.313179 0.112778 0.113066 0.001032
10 0.935308 0.93383 0.108746 0.112486 0.00102913
10 0.812971 0.562263 0.111527 0.112325 0.00102675
12 0.812112 0.809019 0.111615 0.11286 0.00102393
4 0.563477 0.933722 0.114316 0.113214 0.00101418
1 0.687168 0.189109 0.112748 0.113337 0.00100052
2 0.0665925 0.933469 0.113982 0.114717 0.00100024
