9 0.439584 0.809858 0.112103 0.113045 0.98816
5 0.440263 0.933723 0.110889 0.113416 0.986223
9 0.439515 0.0649255 0.111313 0.113282 0.985925
2 0.315218 0.934161 0.112773 0.113329 0.985382
10 0.93594 0.934132 0.113495 0.113404 0.984999
6 0.812071 0.809806 0.113394 0.112897 0.984997
5 0.0681105 0.809417 0.1115 0.112724 0.984894
4 0.0672166 0.685696 0.112587 0.111988 0.984208
11 0.563605 0.934089 0.110879 0.113231 0.983958
10 0.315311 0.0644607 0.111566 0.112901 0.983669
6 0.191699 0.809652 0.11071 0.11145 0.98364
11 0.315208 0.561387 0.111512 0.112642 0.98331
1 0.0665274 0.934248 0.112104 0.112562 0.983253
13 0.191436 0.561265 0.112102 0.113511 0.982877
10 0.315218 0.189046 0.113059 0.112282 0.982876
7 0.0671384 0.437228 0.113048 0.112855 0.982874
2 0.315146 0.809865 0.113476 0.112866 0.98283
9 0.315627 0.313144 0.112007 0.112837 0.982804
6 0.191458 0.437235 0.111484 0.112043 0.982693
7 0.19146 0.313048 0.11172 0.112046 0.982607
7 0.687775 0.80981 0.111112 0.112829 0.982551
10 0.5638 0.685352 0.111946 0.113568 0.982431
3 0.0673343 0.313752 0.112543 0.113632 0.982388
6 0.0671698 0.189279 0.112104 0.11182 0.982305
3 0.191339 0.189251 0.111233 0.112982 0.982268
11 0.563365 0.809779 0.111509 0.113107 0.982252
6 0.0670147 0.0646448 0.113416 0.113661 0.982238
13 0.191482 0.685444 0.112562 0.113677 0.982198
9 0.315495 0.437297 0.111961 0.113046 0.982186
8 0.687828 0.934164 0.112951 0.113151 0.982105
6 0.191748 0.0644716 0.111431 0.113072 0.981883
7 0.439241 0.189322 0.113313 0.112557 0.981765
11 0.439399 0.68543 0.111279 0.112556 0.981443
2 0.936307 0.809743 0.112621 0.112272 0.981116
10 0.936281 0.685649 0.113318 0.112829 0.980317
6 0.439644 0.561279 0.112033 0.112527 0.980124
10 0.5638 0.437201 0.112049 0.113636 0.979811
2 0.812354 0.0650202 0.11228 0.113295 0.97979
7 0.687709 0.18919 0.112064 0.11236 0.979748
1 0.812206 0.436893 0.112605 0.112705 0.979614
12 0.439939 0.31269 0.11166 0.112788 0.979492
1 0.563734 0.18901 0.111788 0.11294 0.979387
12 0.812534 0.188567 0.111793 0.112723 0.979367
10 0.688021 0.0643805 0.11158 0.113574 0.979347
1 0.812192 0.685296 0.113034 0.113039 0.979179
9 0.687646 0.685258 0.111316 0.112133 0.979151
6 0.688091 0.313156 0.111945 0.112033 0.979096
11 0.563415 0.312956 0.112028 0.114492 0.979091
4 0.935691 0.0650441 0.113028 0.113319 0.979076
11 0.439343 0.436989 0.111794 0.114025 0.979047
0 0.563549 0.561298 0.112025 0.113612 0.978607
8 0.812077 0.933775 0.111876 0.112615 0.978433
10 0.936882 0.56127 0.112709 0.113025 0.978364
9 0.811986 0.561329 0.112339 0.113742 0.978306
7 0.936365 0.436945 0.112911 0.113219 0.978188
0 0.81222 0.312987 0.112522 0.113012 0.978184
8 0.19111 0.933684 0.11119 0.111956 0.977851
0 0.56362 0.0644841 0.112393 0.114477 0.977756
0 0.06709 0.561347 0.112256 0.113362 0.977542
5 0.936597 0.188272 0.112979 0.113761 0.977089
5 0.936931 0.312617 0.112685 0.113124 0.977015
8 0.687919 0.437592 0.111109 0.111527 0.976833
8 0.687611 0.561416 0.112154 0.112817 0.976724
8 0.315329 0.685434 0.111604 0.112274 0.976275
2 0.687999 0.437412 0.112175 0.112255 0.0267989
1 0.0668809 0.561049 0.111334 0.113787 0.0208392
2 0.315796 0.685664 0.111827 0.111957 0.0190708
2 0.688025 0.561007 0.11163 0.112562 0.0153841
4 0.315404 0.188753 0.111528 0.112402 0.0141176
11 0.191337 0.933891 0.112424 0.112515 0.00945718
2 0.688005 0.934216 0.113001 0.113113 0.00760703
2 0.811716 0.933899 0.112245 0.112533 0.00751815
5 0.563961 0.809889 0.111303 0.112217 0.00670246
6 0.439803 0.313613 0.110234 0.112768 0.00654972
4 0.315689 0.0647153 0.112285 0.113575 0.00558167
2 0.191254 0.933921 0.112127 0.112773 0.00549086
6 0.812517 0.189335 0.111231 0.113667 0.0051187
4 0.936269 0.560846 0.112228 0.113674 0.00496591
1 0.812562 0.312742 0.112474 0.113466 0.00470221
1 0.563763 0.560893 0.112328 0.112895 0.00423426
4 0.688029 0.0651232 0.112624 0.113178 0.00413036
12 0.315419 0.313549 0.112812 0.113208 0.00403662
0 0.688112 0.685135 0.112008 0.112634 0.00397081
5 0.811652 0.0652281 0.11272 0.113087 0.0039359
4 0.93626 0.685023 0.112051 0.113716 0.00360451
11 0.315616 0.685664 0.112099 0.111701 0.00359988
8 0.813048 0.0648926 0.109015 0.113091 0.00358894
0 0.812272 0.436324 0.112506 0.112061 0.00350299
10 0.564138 0.313255 0.112401 0.113492 0.00342206
12 0.191479 0.685196 0.112213 0.112223 0.00342129
13 0.936227 0.68549 0.11215 0.112093 0.00337669
12 0.688112 0.685135 0.112008 0.112634 0.00328059
4 0.563907 0.437793 0.112173 0.112547 0.00315309
7 0.936269 0.560846 0.112228 0.113674 0.00310205
7 0.93626 0.685023 0.112051 0.113716 0.00306776
3 0.812483 0.809172 0.111516 0.112744 0.00306344
4 0.563933 0.685442 0.112842 0.11328 0.00301045
12 0.811484 0.561942 0.111094 0.11273 0.00291518
1 0.936344 0.0649812 0.112037 0.113805 0.00288916
1 0.811537 0.809943 0.110944 0.113886 0.0028213
1 0.563848 0.0638476 0.111951 0.114114 0.00274926
1 0.0668667 0.685418 0.113461 0.11291 0.00271221
9 0.439222 0.685293 0.112445 0.112558 0.00269797
7 0.936 0.933428 0.112465 0.113814 0.00264302
7 0.935889 0.0647941 0.110439 0.111577 0.00264172
3 0.439788 0.561161 0.111123 0.11172 0.0026337
13 0.935577 0.933895 0.111745 0.1116 0.00263296
1 0.1912 0.43676 0.109007 0.109784 0.00262512
13 0.936241 0.561437 0.110759 0.111829 0.00258032
0 0.563733 0.188861 0.111358 0.113032 0.00254392
3 0.191699 0.809652 0.11071 0.11145 0.0025349
5 0.43964 0.68558 0.111714 0.112135 0.00251603
0 0.813017 0.189252 0.110314 0.115664 0.002429
5 0.935996 0.809659 0.113765 0.113983 0.00237106
5 0.563988 0.93416 0.110903 0.112489 0.00233388
1 0.813051 0.0644106 0.112529 0.112244 0.00230182
3 0.315146 0.809865 0.113476 0.112866 0.00227365
3 0.687996 0.313664 0.110876 0.112601 0.00224591
12 0.31567 0.436698 0.110577 0.112285 0.00218819
5 0.563307 0.313326 0.11219 0.113168 0.0021788
10 0.439325 0.436655 0.109698 0.1123 0.00213352
11 0.812077 0.933775 0.111876 0.112615 0.00212032
7 0.688289 0.0649579 0.111312 0.113313 0.00210485
3 0.191329 0.436794 0.113255 0.112926 0.00208584
5 0.315283 0.561322 0.111751 0.112407 0.00208002
12 0.93606 0.437069 0.113404 0.114451 0.0020759
6 0.936055 0.436857 0.112622 0.114181 0.0020618
6 0.0678082 0.313696 0.112926 0.113244 0.00203518
12 0.439315 0.0646531 0.112081 0.112278 0.0020085
4 0.812137 0.685273 0.112329 0.112362 0.00200362
1 0.688236 0.313088 0.111193 0.113566 0.0019915
4 0.68817 0.80957 0.11271 0.112866 0.00198112
3 0.0669736 0.809228 0.113721 0.113537 0.00195829
3 0.811484 0.561942 0.111094 0.11273 0.0019544
0 0.813053 0.561547 0.11212 0.11145 0.00194267
4 0.688184 0.189196 0.113367 0.113325 0.00193273
10 0.315323 0.561288 0.112009 0.113127 0.00188572
13 0.439196 0.437408 0.111752 0.112394 0.00188554
3 0.191748 0.0644716 0.111431 0.113072 0.00187831
2 0.936344 0.0649812 0.112037 0.113805 0.00186783
2 0.0670833 0.809029 0.112229 0.112779 0.00186317
7 0.315184 0.0646528 0.111669 0.11345 0.00182339
10 0.439509 0.934034 0.112023 0.112322 0.00180108
3 0.0671698 0.189279 0.112104 0.11182 0.00178612
4 0.0677693 0.43797 0.110952 0.112045 0.00177665
0 0.812681 0.685229 0.11172 0.112415 0.00175621
11 0.688423 0.934152 0.113058 0.113476 0.00174273
10 0.936231 0.188397 0.110988 0.111793 0.00170738
1 0.0675687 0.188913 0.113162 0.112327 0.00168784
3 0.688156 0.685243 0.113636 0.112879 0.00168743
13 0.688316 0.0643771 0.111904 0.112409 0.00168073
1 0.440022 0.561214 0.111957 0.112721 0.0016633
12 0.439698 0.809462 0.112202 0.113377 0.00165729
12 0.1915 0.560896 0.111439 0.111937 0.00161767
13 0.563307 0.313326 0.11219 0.113168 0.00158308
3 0.315218 0.934161 0.112773 0.113329 0.00157505
0 0.315451 0.313582 0.112674 0.11244 0.00156501
1 0.191829 0.810181 0.111177 0.112338 0.00156294
9 0.439422 0.437406 0.111604 0.112101 0.00156176
6 0.191778 0.189179 0.111562 0.111931 0.0015533
2 0.812984 0.685053 0.112269 0.113409 0.00153724
4 0.936 0.933428 0.112465 0.113814 0.00153347
10 0.191238 0.31348 0.111708 0.112595 0.0015227
1 0.0674023 0.064417 0.114155 0.113994 0.00150139
0 0.315665 0.437996 0.113241 0.11403 0.00149979
8 0.563979 0.933048 0.111098 0.112691 0.00148893
10 0.936272 0.0646947 0.112125 0.113925 0.00148204
12 0.686832 0.189586 0.110628 0.113564 0.00147994
4 0.937028 0.436381 0.111848 0.113921 0.00147031
1 0.192164 0.0644101 0.112014 0.113151 0.00146203
13 0.563988 0.93416 0.110903 0.112489 0.00145892
0 0.813126 0.933851 0.110368 0.113224 0.00145877
4 0.191317 0.313432 0.111553 0.112272 0.00144983
3 0.0670147 0.0646448 0.113416 0.113661 0.00144475
9 0.811671 0.933098 0.110933 0.112692 0.00143708
3 0.936316 0.809686 0.112817 0.112581 0.0014264
6 0.0672798 0.437888 0.110433 0.112364 0.0014072
7 0.315258 0.18911 0.112486 0.113541 0.00140175
13 0.563961 0.809889 0.111303 0.112217 0.00139725
4 0.563995 0.189393 0.111328 0.112782 0.00139674
1 0.936459 0.809338 0.112638 0.112446 0.00139332
11 0.687676 0.561067 0.112181 0.11327 0.00138548
11 0.43953 0.933887 0.112009 0.11205 0.0013717
12 0.0671711 0.436477 0.111318 0.111355 0.00135416
4 0.93689 0.313152 0.112011 0.11249 0.00135045
10 0.0672798 0.437888 0.110433 0.112364 0.00133297
6 0.688181 0.809468 0.113055 0.113412 0.00130566
12 0.191778 0.189179 0.111562 0.111931 0.00130439
13 0.563327 0.437339 0.111819 0.112252 0.00130013
5 0.31509 0.809812 0.113088 0.111839 0.00129511
13 0.314725 0.0644094 0.111372 0.112321 0.00128731
5 0.439364 0.437231 0.111798 0.11357 0.00128242
7 0.56376 0.685308 0.111859 0.11288 0.00127835
10 0.936584 0.313016 0.110443 0.111524 0.00125816
11 0.688185 0.43778 0.112271 0.113184 0.00125796
4 0.935739 0.18891 0.112826 0.113465 0.00125701
5 0.688244 0.0646882 0.111672 0.112834 0.00125501
10 0.439304 0.685415 0.111536 0.11296 0.0012463
10 0.563788 0.809658 0.111677 0.1123 0.00123162
0 0.687339 0.438032 0.110391 0.11259 0.00120826
2 0.812975 0.4367 0.110966 0.113341 0.00119149
1 0.3156 0.933408 0.11321 0.11333 0.00115386
10 0.688163 0.189069 0.113445 0.113777 0.00112205
8 0.563341 0.313446 0.112552 0.113829 0.00111774
3 0.439873 0.810044 0.111579 0.113134 0.00111736
13 0.563372 0.685446 0.111823 0.111963 0.00111639
0 0.066361 0.934248 0.113003 0.112796 0.00111206
7 0.0664888 0.685356 0.111519 0.112231 0.00111088
12 0.686871 0.809899 0.110785 0.112899 0.00109849
4 0.812381 0.437288 0.111666 0.112697 0.0010927
0 0.688503 0.933646 0.113544 0.113021 0.00109059
7 0.812483 0.809172 0.111516 0.112744 0.00108264
7 0.563686 0.437612 0.11139 0.112549 0.00106992
8 0.688112 0.685135 0.112008 0.112634 0.00106602
0 0.688037 0.561452 0.112222 0.11337 0.00104239
6 0.688163 0.189069 0.113445 0.113777 0.00103829
5 0.936638 0.685424 0.11172 0.111947 0.00102845
2 0.439222 0.685293 0.112445 0.112558 0.00101464
1 0.191778 0.189179 0.111562 0.111931 0.00101195
7 0.688159 0.313598 0.111093 0.111498 0.00100807
1 0.0665452 0.313119 0.112874 0.113125 0.00100057
