3 0.315185 0.80995 0.113689 0.113036 0.988359
7 0.315577 0.934099 0.111507 0.113034 0.986943
3 0.191149 0.685583 0.11353 0.113099 0.985949
5 0.44035 0.809424 0.110028 0.111994 0.985813
7 0.315161 0.0652334 0.112104 0.112726 0.985409
10 0.315966 0.685609 0.112236 0.112019 0.985201
10 0.067415 0.934144 0.113271 0.113085 0.984398
13 0.56364 0.0653838 0.112113 0.114256 0.984365
3 0.935866 0.809902 0.113817 0.112852 0.984333
8 0.563444 0.933993 0.111519 0.112984 0.984166
13 0.935548 0.933862 0.112438 0.113375 0.984133
4 0.439408 0.685398 0.111597 0.112741 0.984044
1 0.191444 0.809484 0.111226 0.111629 0.983911
11 0.439237 0.934177 0.111387 0.113461 0.983678
4 0.191408 0.437541 0.112384 0.112209 0.983653
2 0.439371 0.0648746 0.111534 0.11307 0.983575
7 0.811265 0.934069 0.112498 0.112935 0.983562
4 0.315385 0.561304 0.112232 0.11177 0.983508
7 0.0672448 0.31386 0.11268 0.112555 0.983329
7 0.0671844 0.0654237 0.11339 0.113611 0.983267
3 0.315397 0.437783 0.111483 0.113284 0.982911
13 0.0672084 0.68549 0.113513 0.11384 0.982851
11 0.191379 0.189018 0.111563 0.111834 0.982812
5 0.314975 0.312907 0.112202 0.112623 0.982752
7 0.191415 0.313055 0.112026 0.112126 0.982751
3 0.0673631 0.437609 0.112157 0.11314 0.982502
4 0.439349 0.437249 0.112224 0.11252 0.982298
10 0.439313 0.313253 0.112811 0.11247 0.982147
0 0.687391 0.933582 0.112145 0.11259 0.981804
13 0.439421 0.560646 0.112672 0.111947 0.981564
5 0.439171 0.188927 0.112206 0.113162 0.980972
1 0.315113 0.189123 0.112391 0.112045 0.980937
1 0.0668239 0.189514 0.112321 0.112528 0.980772
7 0.563607 0.685441 0.111516 0.113059 0.980643
2 0.191215 0.933927 0.113016 0.113384 0.980628
13 0.687442 0.189174 0.11134 0.111974 0.979928
2 0.935687 0.685608 0.112816 0.11254 0.979812
13 0.687492 0.561254 0.112488 0.11334 0.979805
1 0.687411 0.809795 0.111422 0.113129 0.979776
11 0.935748 0.0648093 0.113152 0.113493 0.979715
12 0.563766 0.188775 0.111661 0.112719 0.979693
1 0.812056 0.436966 0.11299 0.113155 0.979637
9 0.563369 0.313539 0.11163 0.11158 0.979622
9 0.687633 0.0650959 0.111246 0.113449 0.979603
7 0.56384 0.561155 0.112319 0.113608 0.979568
9 0.687498 0.685413 0.111917 0.112064 0.979535
6 0.56388 0.43716 0.112179 0.11258 0.979498
5 0.81196 0.685676 0.112034 0.112472 0.979442
10 0.687876 0.436992 0.112181 0.113078 0.979441
4 0.687875 0.312964 0.112135 0.112721 0.979348
13 0.811741 0.189166 0.112472 0.113111 0.979228
0 0.563825 0.809357 0.111945 0.113488 0.978925
12 0.812251 0.0644034 0.11198 0.113136 0.978894
10 0.936447 0.188582 0.112687 0.113318 0.978755
0 0.811909 0.56142 0.112312 0.112784 0.978671
4 0.936647 0.436911 0.113367 0.112791 0.978546
8 0.191354 0.0649655 0.111428 0.113371 0.978518
0 0.811763 0.3131 0.112128 0.112215 0.978355
7 0.936389 0.561195 0.112981 0.113363 0.978214
8 0.191192 0.561135 0.111608 0.11141 0.978065
7 0.936513 0.31296 0.112975 0.112885 0.977676
8 0.811896 0.809628 0.112726 0.112923 0.976672
0 0.0672926 0.561134 0.111996 0.112075 0.972981
0 0.0670634 0.809658 0.112286 0.112692 0.972423
1 0.0668522 0.809284 0.11368 0.112692 0.0546105
1 0.0668292 0.56097 0.114878 0.112813 0.0536187
10 0.439469 0.934075 0.111039 0.111593 0.0129009
4 0.0668684 0.933301 0.113858 0.113387 0.00741318
2 0.191461 0.561264 0.112664 0.112543 0.00675056
2 0.191041 0.0648419 0.112235 0.112979 0.00589237
4 0.439774 0.313529 0.110505 0.113635 0.00575935
12 0.563629 0.313516 0.111899 0.11239 0.00566684
2 0.811288 0.809958 0.113179 0.112403 0.00552524
6 0.812331 0.0649493 0.111965 0.114238 0.00535324
2 0.563629 0.934047 0.11212 0.112739 0.00522577
7 0.19129 0.43753 0.110966 0.111804 0.00499908
11 0.191426 0.0647306 0.111635 0.112907 0.00458493
11 0.811652 0.809918 0.112298 0.112333 0.00438127
1 0.191398 0.43724 0.112449 0.112583 0.00425061
6 0.563684 0.189669 0.110887 0.113286 0.00419275
0 0.688116 0.685279 0.111708 0.112424 0.00414899
1 0.811859 0.312808 0.111989 0.11305 0.00407335
5 0.935957 0.685351 0.113062 0.114512 0.00378448
5 0.935271 0.065244 0.113284 0.113858 0.00377059
12 0.811393 0.933252 0.112742 0.112894 0.00374957
1 0.439714 0.437417 0.111345 0.112888 0.00373196
7 0.687618 0.313149 0.111063 0.111609 0.00372266
13 0.687559 0.437351 0.111209 0.111536 0.00371048
4 0.315966 0.685609 0.112236 0.112019 0.00350126
12 0.688116 0.685279 0.111708 0.112424 0.00343774
1 0.439626 0.685406 0.112888 0.112743 0.00340934
1 0.31543 0.561317 0.113064 0.112727 0.00340674
10 0.687653 0.313499 0.110167 0.113397 0.00337322
10 0.935271 0.065244 0.113284 0.113858 0.00320605
1 0.811777 0.56102 0.112729 0.112572 0.00311412
0 0.812103 0.436425 0.112947 0.112781 0.00305102
0 0.688085 0.0646656 0.109913 0.112282 0.00304114
7 0.93597 0.436912 0.111837 0.111839 0.00301427
13 0.935912 0.188947 0.112217 0.111962 0.00284267
11 0.191292 0.561132 0.111871 0.112205 0.00282975
7 0.439502 0.437479 0.111226 0.111897 0.00281657
2 0.687751 0.313116 0.110863 0.112878 0.00281032
12 0.936164 0.313032 0.113722 0.114803 0.00279271
1 0.563809 0.809426 0.111882 0.112875 0.00279089
13 0.439516 0.313208 0.111357 0.112086 0.00278765
3 0.564184 0.437287 0.111833 0.112183 0.00278482
11 0.811665 0.685285 0.11244 0.11228 0.00276026
1 0.687841 0.31326 0.112226 0.112019 0.00273681
12 0.688085 0.0646656 0.109913 0.112282 0.00267017
6 0.81133 0.932629 0.111759 0.112122 0.00255788
4 0.687608 0.438085 0.10953 0.113485 0.00254009
10 0.439404 0.188942 0.111754 0.112306 0.00253763
2 0.191398 0.43724 0.112449 0.112583 0.0024465
4 0.936081 0.188912 0.112232 0.113358 0.00237028
4 0.563951 0.561484 0.111996 0.112806 0.00228806
6 0.315785 0.438023 0.112992 0.113041 0.00227048
0 0.688086 0.809282 0.111245 0.111341 0.00227002
12 0.439427 0.560917 0.111767 0.112498 0.00223947
2 0.439714 0.437417 0.111345 0.112888 0.00223813
3 0.688159 0.685383 0.113352 0.112843 0.0022367
12 0.936079 0.561301 0.112994 0.114275 0.00220944
10 0.191123 0.189013 0.110961 0.112402 0.00215375
6 0.936076 0.312915 0.113706 0.113576 0.00212293
4 0.563841 0.685424 0.111516 0.112277 0.00209803
11 0.563629 0.934047 0.11212 0.112739 0.00208069
12 0.936087 0.809822 0.111788 0.112506 0.00207725
1 0.936071 0.436965 0.112824 0.113099 0.00204775
7 0.43946 0.685281 0.111506 0.112165 0.00201299
6 0.936074 0.561083 0.11214 0.114 0.00195501
13 0.191012 0.189051 0.111441 0.111807 0.00193991
6 0.0676785 0.437994 0.113817 0.114085 0.00193989
2 0.688087 0.809481 0.112411 0.113143 0.0019348
6 0.19129 0.43753 0.110966 0.111804 0.0019264
9 0.439398 0.934112 0.111125 0.111933 0.0019219
6 0.936166 0.810088 0.112105 0.112974 0.00190609
4 0.811844 0.933677 0.11132 0.11321 0.00190538
7 0.686918 0.437048 0.112603 0.112059 0.00189599
3 0.191215 0.933927 0.113016 0.113384 0.00188904
10 0.93542 0.9332 0.112171 0.111997 0.00185351
5 0.191844 0.933476 0.111895 0.111427 0.00181287
13 0.439703 0.93425 0.111859 0.112854 0.00178415
2 0.813084 0.685051 0.113263 0.114586 0.001757
1 0.687391 0.933582 0.112145 0.11259 0.00175527
4 0.935944 0.313864 0.113244 0.112476 0.00173782
4 0.315653 0.933964 0.111565 0.112969 0.00166931
4 0.067176 0.313543 0.113114 0.112913 0.00166431
5 0.439703 0.93425 0.111859 0.112854 0.00164362
1 0.564064 0.436801 0.109824 0.112898 0.00162004
4 0.315463 0.31322 0.111797 0.112717 0.00156501
13 0.935271 0.065244 0.113284 0.113858 0.00154595
6 0.191612 0.685274 0.112375 0.112426 0.00152659
7 0.811915 0.189806 0.112078 0.113809 0.0015242
4 0.93594 0.561334 0.113092 0.113319 0.00151791
10 0.936171 0.437273 0.112279 0.113109 0.00150393
9 0.563755 0.0649437 0.112467 0.115062 0.00147355
0 0.563454 0.313006 0.112246 0.112247 0.0014657
3 0.936023 0.685273 0.11298 0.113175 0.0014654
10 0.0671634 0.313587 0.113135 0.113569 0.00144797
7 0.0670867 0.933264 0.113218 0.112968 0.00144641
4 0.687585 0.809784 0.11187 0.112814 0.00144541
10 0.191118 0.313523 0.111928 0.11273 0.00140426
1 0.439667 0.064607 0.111576 0.113847 0.00140275
12 0.316191 0.438058 0.112497 0.112167 0.00139532
1 0.936484 0.809906 0.112006 0.112119 0.00138924
4 0.31536 0.189381 0.112131 0.113385 0.00138413
0 0.0668525 0.188883 0.112236 0.112108 0.00137017
6 0.439502 0.437479 0.111226 0.111897 0.00134055
10 0.811639 0.685032 0.113615 0.11281 0.00132561
1 0.191612 0.685274 0.112375 0.112426 0.00131732
4 0.191444 0.809484 0.111226 0.111629 0.00130901
7 0.687794 0.18978 0.111965 0.113539 0.00130034
11 0.066814 0.685201 0.112966 0.112501 0.00128189
7 0.936049 0.188068 0.113142 0.114141 0.00127607
5 0.688103 0.437378 0.111854 0.112592 0.00126542
1 0.315233 0.809331 0.112409 0.112062 0.00125213
6 0.564041 0.560895 0.111707 0.113251 0.00124464
1 0.936157 0.685129 0.113182 0.112541 0.00123171
0 0.563949 0.189093 0.111951 0.113564 0.00122048
3 0.563667 0.313551 0.111526 0.111961 0.00121533
10 0.563809 0.0650593 0.111788 0.112159 0.00121164
10 0.439538 0.437488 0.110146 0.114118 0.00121131
4 0.19117 0.313476 0.111808 0.112354 0.00119851
10 0.314907 0.312873 0.11306 0.112303 0.0011931
13 0.0669906 0.933754 0.112551 0.112481 0.00119114
5 0.191012 0.189051 0.111441 0.111807 0.00117179
2 0.0680193 0.438028 0.113084 0.113059 0.0011703
0 0.315172 0.188911 0.111894 0.112995 0.0011646
8 0.688085 0.0646656 0.109913 0.112282 0.00115473
10 0.687436 0.189086 0.111631 0.112656 0.0011454
2 0.316191 0.438058 0.112497 0.112167 0.00114475
2 0.936177 0.436901 0.113092 0.113544 0.00114149
2 0.315638 0.561416 0.112391 0.112791 0.00113326
4 0.0668239 0.189514 0.112321 0.112528 0.00111833
8 0.688176 0.932914 0.113768 0.113174 0.00111547
7 0.439362 0.313417 0.112293 0.113306 0.00110917
12 0.688073 0.189139 0.112265 0.113348 0.00110703
4 0.0667348 0.0653429 0.113363 0.112912 0.00109919
6 0.0671634 0.313587 0.113135 0.113569 0.00108683
7 0.315278 0.68509 0.112215 0.11226 0.00107751
6 0.43946 0.685281 0.111506 0.112165 0.00107133
13 0.314946 0.685191 0.112428 0.112235 0.00105956
3 0.813084 0.685051 0.113263 0.114586 0.0010479
0 0.191302 0.809514 0.111697 0.112514 0.00104437
11 0.935739 0.933734 0.113077 0.114007 0.00104319
12 0.0680193 0.438028 0.113084 0.113059 0.00104268
2 0.439408 0.685398 0.111597 0.112741 0.00104093
2 0.439855 0.809402 0.111631 0.112336 0.00103935
10 0.0666563 0.685333 0.11208 0.11297 0.00103882
3 0.688126 0.0647818 0.111904 0.112145 0.00103479
12 0.315233 0.809331 0.112409 0.112062 0.00103194
4 0.812042 0.437373 0.111709 0.113249 0.00103012
10 0.439408 0.685398 0.111597 0.112741 0.00103001
3 0.315463 0.31322 0.111797 0.112717 0.00102579
10 0.811423 0.189356 0.112873 0.114213 0.00101902
7 0.315132 0.561211 0.112413 0.112461 0.0010112
