13 0.315453 0.93382 0.112991 0.113349 0.987891
7 0.936009 0.933971 0.112634 0.112316 0.986627
3 0.687214 0.934156 0.112212 0.114188 0.986396
9 0.56315 0.933448 0.112232 0.113814 0.986129
2 0.439216 0.934068 0.1124 0.113337 0.985959
3 0.0678274 0.685742 0.113084 0.113725 0.984768
7 0.563737 0.065031 0.111642 0.113029 0.984665
2 0.439184 0.685192 0.112522 0.112735 0.984515
8 0.439402 0.0655452 0.112599 0.112504 0.984176
9 0.191433 0.685193 0.112454 0.113193 0.983898
4 0.439717 0.809894 0.112865 0.112707 0.983843
9 0.0669691 0.437377 0.11468 0.114115 0.983684
1 0.191613 0.809492 0.11089 0.111167 0.983154
5 0.812081 0.810025 0.11135 0.112089 0.982936
5 0.812173 0.934074 0.112608 0.113885 0.982679
6 0.315768 0.313155 0.112845 0.112604 0.982567
3 0.192123 0.437562 0.111247 0.113032 0.982325
3 0.316326 0.561509 0.111341 0.113173 0.982164
10 0.191392 0.561281 0.111966 0.111804 0.982075
10 0.191195 0.313315 0.112775 0.111821 0.982068
13 0.563462 0.685134 0.112213 0.113162 0.981985
1 0.0667853 0.189247 0.112552 0.111513 0.981661
0 0.315757 0.809162 0.112009 0.112014 0.981538
8 0.936509 0.809462 0.113353 0.113056 0.981508
2 0.0669655 0.065248 0.113152 0.113492 0.981499
11 0.315624 0.685039 0.11177 0.111996 0.981245
4 0.687899 0.809692 0.113318 0.113457 0.981153
4 0.0677977 0.312935 0.11319 0.113532 0.981151
3 0.936002 0.0652435 0.114705 0.11537 0.981082
12 0.811282 0.0656586 0.111508 0.113298 0.980996
1 0.191537 0.0651411 0.112539 0.113924 0.980963
1 0.315484 0.437299 0.11152 0.111131 0.980949
4 0.439346 0.43698 0.111647 0.11212 0.980758
1 0.315622 0.18918 0.111579 0.110824 0.980724
9 0.067206 0.933497 0.115035 0.115298 0.980663
11 0.0676181 0.561151 0.111057 0.11171 0.980364
0 0.191604 0.188573 0.111828 0.111399 0.980283
11 0.0677115 0.808924 0.111652 0.112406 0.98023
11 0.314869 0.0653421 0.111415 0.112621 0.979987
8 0.439654 0.56111 0.112597 0.112269 0.979484
9 0.439599 0.31339 0.111459 0.113722 0.979424
1 0.811895 0.684855 0.112656 0.112155 0.979325
1 0.563639 0.437214 0.112197 0.112187 0.979182
8 0.192175 0.933614 0.111262 0.112568 0.97917
7 0.687081 0.436887 0.111813 0.111664 0.979084
13 0.811544 0.3133 0.113104 0.112985 0.979082
6 0.812162 0.437145 0.113108 0.112696 0.978946
4 0.687866 0.0653242 0.112269 0.113707 0.978825
8 0.564062 0.560993 0.111575 0.113249 0.978744
12 0.68739 0.684765 0.111566 0.111717 0.978662
4 0.936735 0.685119 0.113054 0.11315 0.978626
12 0.811939 0.188775 0.112803 0.112639 0.978577
7 0.563886 0.313217 0.112151 0.113625 0.978548
1 0.56353 0.189071 0.111729 0.111594 0.978521
0 0.811371 0.561323 0.112346 0.112272 0.978481
0 0.563849 0.808927 0.11179 0.113206 0.978479
0 0.687245 0.189081 0.111515 0.112164 0.978387
5 0.687539 0.561214 0.112173 0.112671 0.978301
1 0.936241 0.312509 0.114099 0.113001 0.978161
0 0.439281 0.189359 0.111751 0.112795 0.977833
7 0.936173 0.437003 0.113062 0.113208 0.977644
4 0.936621 0.561343 0.113904 0.113477 0.977609
7 0.687387 0.31288 0.111872 0.111292 0.977416
11 0.936055 0.189629 0.111098 0.111455 0.97631
10 0.935947 0.189144 0.111163 0.110673 0.0166787
10 0.0673632 0.561041 0.112121 0.112958 0.00805799
6 0.936161 0.0652131 0.111392 0.112682 0.00686903
10 0.562876 0.933435 0.112346 0.114216 0.00660138
12 0.686692 0.313087 0.11105 0.113169 0.00602739
3 0.439507 0.933759 0.11171 0.113073 0.00588728
12 0.68671 0.437279 0.110193 0.112459 0.00586437
3 0.43964 0.685216 0.112207 0.112755 0.00511877
3 0.0662686 0.0654202 0.114839 0.113378 0.0045831
11 0.811511 0.933812 0.113688 0.111466 0.00436722
9 0.191847 0.93369 0.111439 0.113042 0.00419655
8 0.563897 0.933339 0.113516 0.113242 0.00416455
9 0.563788 0.56087 0.112 0.113035 0.00386042
1 0.439505 0.437421 0.111915 0.112555 0.00385948
2 0.564157 0.561041 0.111876 0.112472 0.0036858
1 0.687866 0.0653242 0.112269 0.113707 0.00362483
6 0.192004 0.437659 0.112268 0.112527 0.00353681
5 0.688332 0.933152 0.111524 0.112318 0.00331153
1 0.563864 0.808954 0.111525 0.112622 0.00327366
2 0.0667343 0.313275 0.111402 0.1117 0.00325807
11 0.439829 0.561008 0.110964 0.113597 0.00325462
4 0.68829 0.933129 0.111936 0.113136 0.00311569
0 0.936458 0.312782 0.113454 0.111823 0.00310188
1 0.0667343 0.313275 0.111402 0.1117 0.00298192
8 0.439465 0.933565 0.11198 0.113798 0.00297823
1 0.811314 0.560956 0.112594 0.112238 0.00297192
6 0.6879 0.0654793 0.112515 0.113674 0.00292532
0 0.688182 0.685231 0.110992 0.111442 0.00275816
1 0.936531 0.561418 0.114856 0.114196 0.00274938
0 0.563791 0.18869 0.110912 0.111502 0.00263889
7 0.688083 0.809269 0.111578 0.112644 0.00259045
0 0.811846 0.684986 0.111887 0.111712 0.00255863
11 0.192035 0.933995 0.111843 0.112921 0.00247
6 0.811929 0.0652598 0.11156 0.11428 0.00246959
12 0.9358 0.43706 0.112652 0.112782 0.00246232
11 0.563918 0.933466 0.112531 0.113113 0.00244582
10 0.315399 0.0649583 0.111844 0.113443 0.00237822
1 0.687899 0.809692 0.113318 0.113457 0.00236746
3 0.688083 0.809269 0.111578 0.112644 0.00231956
2 0.688306 0.933452 0.112059 0.112718 0.00231571
1 0.439717 0.809894 0.112865 0.112707 0.0023058
11 0.563925 0.560882 0.110378 0.112947 0.00229181
6 0.439893 0.437515 0.111603 0.112166 0.00227561
5 0.06647 0.313 0.112572 0.11296 0.00226519
2 0.93653 0.685192 0.113041 0.11314 0.00225262
6 0.688084 0.437975 0.110044 0.112466 0.00222001
2 0.440108 0.561109 0.112514 0.112862 0.00217954
1 0.687839 0.188393 0.111076 0.112532 0.00210957
12 0.935747 0.933421 0.112513 0.112267 0.00210221
1 0.93653 0.685192 0.113041 0.11314 0.00207637
9 0.936668 0.808897 0.113421 0.113916 0.00206738
3 0.688118 0.561234 0.112898 0.111748 0.00206497
0 0.0665911 0.189106 0.111373 0.111366 0.00205947
2 0.439505 0.437421 0.111915 0.112555 0.00205923
6 0.686798 0.684771 0.110278 0.112001 0.00205618
3 0.315285 0.189019 0.110911 0.111528 0.00202757
7 0.936575 0.56179 0.113712 0.113715 0.00201835
0 0.56358 0.436938 0.112142 0.112314 0.00201058
12 0.935841 0.065168 0.110743 0.111876 0.00200618
2 0.688118 0.561234 0.112898 0.111748 0.0019835
1 0.811265 0.43711 0.111865 0.113943 0.00195779
5 0.0670546 0.809429 0.11247 0.111758 0.00190594
13 0.68682 0.436833 0.111158 0.112495 0.00190572
4 0.936161 0.0652131 0.111392 0.112682 0.00188685
2 0.439939 0.0651977 0.111871 0.113779 0.00186813
10 0.81171 0.933876 0.111564 0.112016 0.00185756
10 0.066768 0.809275 0.112495 0.112026 0.00184865
10 0.68754 0.561222 0.110905 0.111551 0.00184404
7 0.936513 0.68501 0.111827 0.112289 0.00178623
2 0.687866 0.0653242 0.112269 0.113707 0.00176934
3 0.811918 0.436871 0.114095 0.113723 0.00176841
2 0.439717 0.809894 0.112865 0.112707 0.00175914
0 0.191537 0.0651411 0.112539 0.113924 0.00175863
0 0.0678471 0.436775 0.111048 0.116228 0.00175602
4 0.563938 0.43733 0.112117 0.1115 0.00174697
6 0.686714 0.313048 0.114515 0.112826 0.00171344
7 0.440313 0.809591 0.110922 0.111982 0.00170219
3 0.6879 0.0654793 0.112515 0.113674 0.00169418
4 0.192256 0.437987 0.112053 0.113494 0.00169026
13 0.191154 0.313236 0.111459 0.111653 0.00167065
2 0.811387 0.809057 0.113091 0.112177 0.0016479
0 0.315487 0.437122 0.1126 0.111881 0.00164698
7 0.563462 0.685134 0.112213 0.113162 0.00164581
6 0.812052 0.189115 0.113407 0.113566 0.00164274
7 0.811585 0.314028 0.112595 0.113489 0.00163458
8 0.439216 0.31351 0.111611 0.112517 0.0016294
12 0.687442 0.933548 0.111692 0.112345 0.0016167
11 0.686718 0.561221 0.111833 0.110256 0.00158894
3 0.440313 0.809591 0.110922 0.111982 0.00158849
2 0.687899 0.809692 0.113318 0.113457 0.0015692
11 0.439939 0.0651977 0.111871 0.113779 0.00154874
3 0.936513 0.68501 0.111827 0.112289 0.00154462
13 0.686808 0.312687 0.112882 0.112961 0.00153559
2 0.81317 0.933106 0.114093 0.113912 0.00152649
3 0.439893 0.437515 0.111603 0.112166 0.00150266
11 0.936625 0.809656 0.112426 0.114197 0.00149306
11 0.439251 0.313767 0.111197 0.112197 0.00148058
4 0.688118 0.561234 0.112898 0.111748 0.00147464
7 0.191217 0.313278 0.11202 0.112778 0.00147331
1 0.439238 0.18887 0.111597 0.112561 0.00146993
0 0.315812 0.189102 0.110695 0.111024 0.00146924
10 0.315891 0.685313 0.111965 0.11317 0.00146802
7 0.191392 0.561281 0.111966 0.111804 0.00145929
3 0.563439 0.189172 0.111242 0.111966 0.00145546
3 0.936437 0.561382 0.11424 0.113325 0.00145111
2 0.936531 0.561418 0.114856 0.114196 0.00143126
8 0.0680012 0.438058 0.111937 0.114367 0.001425
12 0.563399 0.685066 0.11088 0.112198 0.0014231
10 0.06679 0.93386 0.114703 0.115337 0.00139684
5 0.439925 0.809216 0.111994 0.112311 0.00139174
4 0.563791 0.18869 0.110912 0.111502 0.00137233
10 0.811366 0.809329 0.111672 0.112442 0.00135793
11 0.0677169 0.933295 0.111956 0.113504 0.00135761
0 0.439234 0.313459 0.111166 0.112569 0.00135219
4 0.191392 0.561281 0.111966 0.111804 0.00135139
4 0.81149 0.684604 0.112515 0.111856 0.00134298
1 0.439476 0.684874 0.11251 0.113015 0.00133259
13 0.936729 0.436424 0.112405 0.112665 0.00132022
4 0.688084 0.437975 0.110044 0.112466 0.00131865
1 0.936136 0.0652471 0.110747 0.111925 0.00131591
2 0.192387 0.438021 0.111382 0.1125 0.00130702
7 0.439298 0.436515 0.111729 0.112016 0.00130362
6 0.688083 0.809269 0.111578 0.112644 0.00130213
3 0.315447 0.31287 0.110546 0.112841 0.00129434
1 0.315817 0.809101 0.112071 0.112793 0.00129374
11 0.191631 0.685232 0.112533 0.11237 0.00129005
4 0.315845 0.437178 0.111299 0.111622 0.00128748
4 0.191217 0.313278 0.11202 0.112778 0.00128283
6 0.0673384 0.313477 0.112723 0.112643 0.00127873
7 0.6879 0.0654793 0.112515 0.113674 0.00126792
2 0.0671553 0.684861 0.114431 0.115738 0.00125857
6 0.936437 0.561382 0.11424 0.113325 0.00125622
11 0.811424 0.809447 0.113249 0.111892 0.00123276
8 0.439159 0.685142 0.111799 0.112485 0.00121776
0 0.191574 0.809489 0.111147 0.111636 0.00120305
13 0.191092 0.561138 0.111151 0.110903 0.00119754
9 0.935811 0.189313 0.11147 0.112153 0.00117491
4 0.191613 0.809492 0.11089 0.111167 0.00115116
3 0.0666484 0.188411 0.112078 0.111866 0.00114354
0 0.563273 0.933559 0.112855 0.113546 0.00112966
13 0.935768 0.933108 0.111567 0.112953 0.00112661
5 0.68785 0.809282 0.112207 0.112578 0.00112337
13 0.0670546 0.809429 0.11247 0.111758 0.00110392
12 0.439657 0.313637 0.11158 0.112713 0.00109731
5 0.0668758 0.561774 0.112755 0.11164 0.00107614
9 0.315173 0.685265 0.111703 0.112362 0.00106502
12 0.563809 0.313471 0.111682 0.112988 0.00105595
5 0.936147 0.684972 0.112053 0.112294 0.00105576
5 0.935876 0.561782 0.112587 0.112992 0.00105273
12 0.191711 0.437544 0.111709 0.112431 0.0010521
10 0.935768 0.933108 0.111567 0.112953 0.00104307
1 0.315662 0.561287 0.112167 0.112291 0.00102611
3 0.687622 0.685197 0.112626 0.113247 0.00102455
4 0.563809 0.313471 0.111682 0.112988 0.00102367
4 0.563906 0.0647372 0.110796 0.114096 0.00102249
1 0.439736 0.933442 0.112485 0.113609 0.0010151
7 0.0673384 0.313477 0.112723 0.112643 0.00100328
