3 0.315267 0.934008 0.113492 0.112759 0.986588
12 0.563861 0.684982 0.110248 0.111594 0.985523
6 0.440115 0.809207 0.111976 0.112789 0.984818
9 0.563352 0.934286 0.111417 0.11296 0.984746
4 0.563849 0.80966 0.111803 0.111778 0.984731
6 0.0674312 0.809327 0.113066 0.112413 0.984535
4 0.0675023 0.933876 0.112223 0.112029 0.984418
5 0.811777 0.934369 0.112102 0.112292 0.98431
2 0.439109 0.0650911 0.111599 0.113021 0.984247
10 0.19221 0.809256 0.111468 0.111453 0.984115
0 0.439585 0.933765 0.112569 0.113029 0.983959
5 0.31581 0.561957 0.111284 0.111981 0.983727
7 0.0666825 0.065002 0.113431 0.113144 0.983656
10 0.439599 0.685338 0.111521 0.111549 0.98357
5 0.687598 0.934327 0.111321 0.112867 0.983558
4 0.93625 0.809697 0.113042 0.111686 0.983466
2 0.563376 0.0652013 0.111488 0.112876 0.983396
5 0.067085 0.43786 0.112474 0.112334 0.983301
7 0.191287 0.313652 0.111475 0.111768 0.983201
5 0.191564 0.438013 0.111247 0.112159 0.983151
12 0.315345 0.188693 0.111702 0.111614 0.9828
2 0.314873 0.0648641 0.112237 0.112947 0.982303
4 0.067339 0.31328 0.11242 0.111433 0.982205
7 0.812366 0.809622 0.112212 0.112319 0.982132
13 0.0668793 0.685436 0.112242 0.111545 0.982016
12 0.315646 0.437389 0.111705 0.11204 0.981961
13 0.191368 0.685341 0.110782 0.110888 0.981532
6 0.812092 0.685563 0.112628 0.112704 0.981475
12 0.440077 0.561228 0.111558 0.111754 0.981448
11 0.935663 0.933994 0.112942 0.112235 0.981391
0 0.315612 0.809415 0.112192 0.112309 0.980968
0 0.31523 0.312527 0.112261 0.112491 0.980883
1 0.191017 0.064915 0.111569 0.111957 0.980846
11 0.687468 0.809612 0.11108 0.111872 0.980711
11 0.191321 0.188761 0.112189 0.112524 0.980592
0 0.191522 0.933494 0.112119 0.112738 0.980569
2 0.0668112 0.189388 0.111788 0.112143 0.980311
9 0.439593 0.313411 0.111932 0.112834 0.97986
13 0.936445 0.685211 0.112729 0.111589 0.97981
0 0.0672806 0.561382 0.112617 0.112819 0.979804
9 0.439402 0.437623 0.110959 0.11147 0.979726
12 0.687707 0.188472 0.111629 0.111364 0.979714
10 0.812062 0.0651176 0.111026 0.112972 0.979481
2 0.43928 0.189255 0.111708 0.1121 0.979442
8 0.191323 0.56153 0.111499 0.111319 0.979375
4 0.688136 0.685093 0.112973 0.112178 0.979332
9 0.563707 0.56147 0.111879 0.11149 0.979246
11 0.935502 0.0655227 0.112508 0.112398 0.979079
1 0.563574 0.437279 0.112084 0.112852 0.979075
3 0.687985 0.561334 0.112373 0.112263 0.978857
9 0.811808 0.188922 0.112056 0.112897 0.978851
1 0.687792 0.0646842 0.11208 0.11317 0.978839
1 0.687819 0.313236 0.112047 0.112819 0.978816
12 0.81246 0.561442 0.111795 0.112088 0.978491
12 0.936221 0.436912 0.112572 0.112394 0.978411
0 0.687674 0.437496 0.110996 0.111646 0.978327
13 0.936154 0.188735 0.112774 0.112659 0.978314
0 0.811895 0.313084 0.112071 0.112381 0.97826
8 0.31587 0.685357 0.112065 0.112693 0.978098
8 0.56341 0.313746 0.111218 0.111785 0.977963
5 0.936413 0.31263 0.113142 0.112429 0.977761
5 0.936462 0.561282 0.112947 0.111917 0.977609
2 0.811398 0.437462 0.110977 0.111741 0.977514
8 0.563758 0.18938 0.110515 0.111152 0.976779
2 0.563511 0.188969 0.110814 0.112662 0.0109045
2 0.3151 0.685634 0.111886 0.112315 0.0104479
12 0.191503 0.68504 0.111652 0.111506 0.00719225
3 0.812848 0.684827 0.111809 0.113493 0.00643988
10 0.93621 0.934162 0.112589 0.110928 0.00636758
12 0.811611 0.809669 0.112493 0.11351 0.00609946
2 0.191344 0.561513 0.112497 0.111779 0.00605234
2 0.563915 0.312953 0.111225 0.112393 0.00516945
1 0.811858 0.437912 0.10906 0.111469 0.00509944
0 0.687995 0.0638507 0.112119 0.113235 0.00494859
3 0.0674312 0.809327 0.113066 0.112413 0.00478677
1 0.0666283 0.560956 0.114566 0.112321 0.00443327
10 0.687832 0.933873 0.11153 0.111999 0.00386179
10 0.936029 0.0649433 0.111963 0.111734 0.00380951
0 0.688078 0.312577 0.112087 0.112901 0.00363363
6 0.811585 0.809283 0.113394 0.113534 0.00345424
10 0.68814 0.809454 0.110814 0.112211 0.0033639
2 0.688299 0.933587 0.112781 0.113936 0.00328843
1 0.0675605 0.313147 0.112869 0.111964 0.00326744
0 0.439936 0.438046 0.112743 0.112893 0.0031402
1 0.688038 0.685412 0.111676 0.11119 0.00313687
5 0.68771 0.80976 0.111436 0.111526 0.00305542
3 0.440115 0.809207 0.111976 0.112789 0.00303912
2 0.688106 0.0647388 0.111205 0.112056 0.00303613
11 0.688283 0.933925 0.112816 0.113616 0.00289238
10 0.936845 0.561195 0.111225 0.111093 0.00287297
1 0.0670582 0.933792 0.114084 0.113248 0.00284362
3 0.812083 0.437051 0.112029 0.111747 0.00274034
12 0.564193 0.561298 0.111583 0.112766 0.00273014
6 0.811753 0.56146 0.11239 0.111301 0.00263311
1 0.564205 0.809713 0.112769 0.112112 0.00260315
5 0.81146 0.437277 0.112956 0.11184 0.00253679
13 0.936529 0.436472 0.110998 0.11373 0.00251099
12 0.812022 0.188966 0.11163 0.112479 0.0024725
1 0.812136 0.312597 0.111408 0.112759 0.0024129
3 0.564013 0.561462 0.111883 0.11219 0.00234714
5 0.191059 0.188658 0.111974 0.111933 0.00234449
5 0.935663 0.933994 0.112942 0.112235 0.0022802
1 0.687955 0.436666 0.111613 0.111742 0.00225165
1 0.936475 0.809343 0.111484 0.111268 0.00222501
5 0.935502 0.0655227 0.112508 0.112398 0.00216014
7 0.687794 0.685431 0.111668 0.11229 0.00211264
9 0.687579 0.809704 0.111522 0.112165 0.00210578
10 0.191228 0.188809 0.111801 0.111251 0.00208108
4 0.812062 0.0651176 0.111026 0.112972 0.00203708
11 0.0664754 0.684974 0.113252 0.111863 0.00202974
9 0.688196 0.561541 0.111512 0.111097 0.00202823
0 0.563812 0.436735 0.112026 0.112895 0.00200184
12 0.439851 0.313627 0.112125 0.112226 0.00199263
12 0.439891 0.43804 0.111032 0.11256 0.00198942
0 0.191068 0.0645931 0.112198 0.113503 0.00197794
10 0.935984 0.684761 0.111454 0.111898 0.0019488
10 0.191203 0.313595 0.111266 0.111919 0.00190293
10 0.81161 0.93311 0.114681 0.111841 0.00189529
2 0.936475 0.809343 0.111484 0.111268 0.00188509
12 0.811864 0.0656465 0.11212 0.112854 0.00188324
10 0.936052 0.313045 0.11111 0.111641 0.00183319
12 0.687704 0.561193 0.111104 0.111767 0.00182762
8 0.688171 0.809199 0.112112 0.113294 0.00182186
3 0.0668741 0.436462 0.113064 0.111206 0.00177884
2 0.688196 0.561541 0.111512 0.111097 0.00175215
7 0.811542 0.685536 0.111371 0.113644 0.00174626
7 0.066883 0.80918 0.113001 0.112305 0.00172719
11 0.936445 0.685211 0.112729 0.111589 0.0017116
1 0.563626 0.0646959 0.111213 0.113137 0.00169752
0 0.439686 0.313663 0.11202 0.111829 0.00168149
12 0.935926 0.685452 0.11149 0.11243 0.00168148
3 0.190583 0.436612 0.111314 0.109427 0.00167387
1 0.439475 0.189075 0.112044 0.112579 0.00166537
11 0.191157 0.685176 0.111007 0.11113 0.00165443
10 0.935857 0.188942 0.11129 0.112315 0.00164998
2 0.0668712 0.313133 0.112093 0.111223 0.00164961
4 0.191283 0.43787 0.112001 0.109728 0.00164863
1 0.0668213 0.189377 0.112231 0.11169 0.00163555
7 0.0670582 0.933792 0.114084 0.113248 0.00161756
11 0.811621 0.933644 0.113222 0.111193 0.00160887
7 0.0668712 0.313133 0.112093 0.111223 0.00159583
12 0.0665748 0.68509 0.111953 0.112329 0.00158707
7 0.811496 0.561819 0.110718 0.112788 0.00156741
7 0.439612 0.809809 0.113644 0.112891 0.00156584
0 0.811327 0.189181 0.111426 0.111801 0.00156112
2 0.81317 0.933225 0.113647 0.114264 0.00153471
13 0.315426 0.4366 0.110844 0.112584 0.00152533
4 0.0671907 0.437858 0.113009 0.109664 0.00150436
7 0.935802 0.809687 0.112014 0.112599 0.00145534
1 0.439538 0.0647551 0.111561 0.113587 0.00144205
3 0.811872 0.189021 0.110897 0.111974 0.00142472
4 0.56381 0.437434 0.112013 0.112417 0.00141623
12 0.564028 0.934139 0.113605 0.11261 0.00140737
10 0.936475 0.809343 0.111484 0.111268 0.0013989
4 0.191676 0.809142 0.112157 0.111749 0.00137922
8 0.811579 0.437073 0.111354 0.113102 0.00136832
6 0.563989 0.684914 0.11072 0.111231 0.00136764
13 0.439857 0.685248 0.11195 0.111649 0.00135359
4 0.936403 0.313176 0.112518 0.112294 0.00134657
7 0.93664 0.436453 0.111865 0.11325 0.00132386
1 0.315418 0.0646792 0.11207 0.113213 0.00129983
6 0.688074 0.31341 0.111247 0.112853 0.00128988
10 0.191069 0.437219 0.111304 0.111816 0.00128826
12 0.936031 0.188515 0.110968 0.111249 0.00128226
5 0.0663448 0.313451 0.112616 0.112254 0.0012784
3 0.563672 0.0645196 0.111192 0.113389 0.00127105
4 0.687872 0.313455 0.111693 0.112519 0.0012631
3 0.314873 0.0648641 0.112237 0.112947 0.00125082
3 0.439722 0.189517 0.1117 0.112415 0.00125064
1 0.315612 0.809438 0.112229 0.113099 0.00124683
2 0.688374 0.685035 0.111318 0.111228 0.00124113
0 0.563999 0.313667 0.11085 0.111507 0.00124051
0 0.688153 0.188574 0.111891 0.112681 0.00123921
5 0.563616 0.0650474 0.112227 0.112382 0.00123748
1 0.31523 0.312527 0.112261 0.112491 0.00123332
4 0.811611 0.809669 0.112493 0.11351 0.00122807
1 0.687905 0.561278 0.111917 0.111998 0.00122412
6 0.315615 0.437368 0.111072 0.111535 0.00121722
3 0.439599 0.437279 0.112144 0.112617 0.00120444
11 0.563557 0.18936 0.112602 0.112233 0.00119171
11 0.563915 0.312953 0.111225 0.112393 0.00118553
10 0.191157 0.685176 0.111007 0.11113 0.00117958
7 0.811626 0.0646492 0.112661 0.113257 0.00117694
10 0.0668519 0.68518 0.112602 0.113031 0.00116963
13 0.811563 0.0648141 0.112647 0.112514 0.00116571
9 0.191407 0.189131 0.111826 0.112017 0.00116124
6 0.439917 0.561243 0.111651 0.112171 0.00115161
6 0.563723 0.809253 0.111988 0.112655 0.00113111
10 0.0671728 0.436665 0.111462 0.112158 0.00112403
3 0.0663128 0.189151 0.113852 0.112317 0.00112378
13 0.935744 0.934178 0.112358 0.112922 0.00112082
13 0.688134 0.188865 0.111867 0.113815 0.00111506
9 0.935843 0.933552 0.112022 0.111063 0.00110924
5 0.688217 0.561222 0.112209 0.11159 0.00109913
12 0.811542 0.685536 0.111371 0.113644 0.00107429
7 0.936297 0.189237 0.112526 0.112765 0.00105703
5 0.0667269 0.188999 0.113162 0.112893 0.00105608
7 0.0672283 0.685111 0.113755 0.11389 0.00105031
12 0.440154 0.685212 0.111527 0.111057 0.00104056
8 0.439891 0.43804 0.111032 0.11256 0.00103612
3 0.439109 0.0650911 0.111599 0.113021 0.00103369
4 0.191162 0.313549 0.111027 0.111294 0.00102965
13 0.0662117 0.0651155 0.113436 0.111998 0.00102536
2 0.688074 0.31341 0.111247 0.112853 0.00101997
4 0.0674127 0.0646297 0.112596 0.113026 0.00101971
0 0.563956 0.933745 0.112842 0.112583 0.00100758
4 0.687834 0.0650314 0.112004 0.113186 0.00100074
8 0.81135 0.189052 0.11168 0.112796 0.00100069
