9 0.0672989 0.809404 0.112495 0.112695 0.986416
6 0.43989 0.809653 0.111782 0.112381 0.985962
2 0.563608 0.933888 0.111394 0.112905 0.98587
5 0.316252 0.685419 0.110329 0.111632 0.985862
6 0.688121 0.809278 0.112582 0.113121 0.984999
5 0.315922 0.56159 0.111241 0.111986 0.984407
9 0.316057 0.18902 0.111184 0.110893 0.984239
6 0.812434 0.933414 0.112329 0.113338 0.984135
7 0.191606 0.0651624 0.112193 0.11187 0.983941
5 0.688259 0.933933 0.111765 0.113133 0.983881
5 0.812481 0.810193 0.111738 0.111985 0.983863
10 0.191786 0.313047 0.112837 0.112451 0.983821
7 0.439934 0.934133 0.11233 0.112146 0.983708
9 0.0676821 0.313309 0.113099 0.112167 0.983462
1 0.191096 0.561514 0.111881 0.112393 0.98301
5 0.191546 0.189253 0.111731 0.11215 0.982842
13 0.191019 0.437453 0.112337 0.111497 0.982547
10 0.440158 0.188629 0.112289 0.112562 0.982342
12 0.0674187 0.0647098 0.113744 0.113323 0.981781
0 0.31521 0.80947 0.111725 0.111637 0.981542
3 0.31585 0.31312 0.111637 0.111509 0.981497
9 0.44003 0.313152 0.111015 0.111406 0.981445
1 0.315094 0.437119 0.111944 0.112095 0.981234
13 0.439447 0.0646573 0.112131 0.111655 0.981137
3 0.315991 0.933612 0.112962 0.112766 0.98096
2 0.935921 0.934066 0.112118 0.112484 0.980917
0 0.191099 0.933483 0.111844 0.11262 0.980914
11 0.0668408 0.685871 0.111982 0.111653 0.980889
9 0.439294 0.437649 0.111129 0.111524 0.980375
8 0.0670428 0.437321 0.111941 0.11188 0.98018
4 0.563933 0.56099 0.11329 0.113837 0.980109
1 0.563896 0.437109 0.11193 0.113268 0.980027
0 0.936055 0.685099 0.113041 0.111429 0.979967
2 0.0672739 0.561295 0.11178 0.113057 0.979905
2 0.0674934 0.189106 0.112109 0.113723 0.979687
1 0.439377 0.561197 0.112709 0.113462 0.979686
8 0.314971 0.0651112 0.111749 0.112938 0.979671
9 0.811457 0.0651024 0.112297 0.111763 0.979482
8 0.191068 0.685248 0.112276 0.112219 0.979225
10 0.812462 0.188972 0.11187 0.113683 0.979085
8 0.936338 0.809276 0.112228 0.112675 0.978979
8 0.56423 0.809644 0.110959 0.113703 0.978869
13 0.81209 0.561818 0.112543 0.112131 0.978852
1 0.688025 0.0645079 0.1118 0.113807 0.978838
12 0.563662 0.685606 0.111908 0.111889 0.978827
7 0.56409 0.18898 0.111812 0.113559 0.978826
2 0.0673384 0.933602 0.111946 0.113047 0.978783
0 0.688068 0.685294 0.11228 0.112937 0.978773
8 0.191205 0.809626 0.111225 0.111261 0.978767
3 0.687888 0.437293 0.111337 0.111955 0.978663
5 0.687899 0.312908 0.111285 0.112195 0.978621
1 0.936455 0.0638953 0.113805 0.113843 0.978595
0 0.563388 0.313831 0.111506 0.111991 0.978469
6 0.936672 0.437198 0.113822 0.112803 0.978442
2 0.687955 0.561527 0.112079 0.112501 0.978307
2 0.81217 0.437062 0.112325 0.113484 0.978061
3 0.936686 0.313733 0.111396 0.11176 0.977927
8 0.439358 0.685017 0.111527 0.111982 0.977799
7 0.812469 0.31306 0.112696 0.113006 0.977699
7 0.936372 0.188758 0.113302 0.11377 0.977536
0 0.563265 0.0651325 0.111368 0.111338 0.977445
13 0.93651 0.561811 0.113198 0.112202 0.977397
8 0.688156 0.18913 0.11189 0.112733 0.976849
8 0.812438 0.68541 0.112631 0.113545 0.976788
2 0.936345 0.809293 0.112962 0.112083 0.0356251
2 0.563757 0.809328 0.111526 0.112243 0.0194108
2 0.0666229 0.437553 0.113311 0.112406 0.0134262
2 0.688198 0.188855 0.112709 0.113376 0.0133179
2 0.812033 0.685301 0.112782 0.111829 0.0131498
6 0.563772 0.685544 0.111586 0.112767 0.0122934
2 0.439592 0.685103 0.1122 0.112418 0.00949608
2 0.191462 0.809665 0.111837 0.111608 0.00922311
5 0.0669673 0.68552 0.112683 0.11194 0.00919043
2 0.315373 0.0652288 0.111513 0.112864 0.00863146
3 0.812357 0.437508 0.112211 0.11247 0.00714657
3 0.688501 0.561144 0.111175 0.112624 0.00678542
1 0.811915 0.43787 0.10914 0.112127 0.00533995
12 0.811652 0.313347 0.111592 0.112953 0.00521675
1 0.563796 0.312674 0.112066 0.113086 0.00508165
0 0.936212 0.0638738 0.112306 0.113573 0.00495924
2 0.191418 0.685334 0.1126 0.112429 0.00456991
1 0.563807 0.0636397 0.111671 0.113279 0.00444636
0 0.688294 0.0638615 0.111641 0.113598 0.00438719
2 0.688212 0.0646699 0.110564 0.111943 0.00422071
11 0.688448 0.933795 0.112558 0.112992 0.00415472
12 0.936339 0.313223 0.112827 0.112787 0.00348011
4 0.812485 0.189799 0.111101 0.112124 0.00344245
3 0.564364 0.933737 0.111444 0.113652 0.00341436
4 0.935692 0.189326 0.114874 0.113364 0.002958
0 0.564177 0.436641 0.111418 0.112718 0.00294896
7 0.936367 0.561718 0.112148 0.112639 0.00293647
2 0.68846 0.933327 0.11269 0.113493 0.00289323
11 0.811631 0.80993 0.112631 0.111381 0.00277638
1 0.688208 0.685134 0.112366 0.112051 0.0027485
4 0.440322 0.933973 0.112533 0.112763 0.00274588
10 0.812434 0.313367 0.113264 0.113669 0.00272533
1 0.564346 0.561052 0.112311 0.113599 0.00267904
2 0.68811 0.313504 0.112071 0.112024 0.00266953
6 0.936625 0.313513 0.1114 0.112173 0.00266392
6 0.316113 0.93345 0.111455 0.112458 0.00262848
5 0.0672182 0.561123 0.112157 0.115644 0.00260419
12 0.936122 0.189173 0.113504 0.11352 0.00251836
10 0.0672261 0.685391 0.11297 0.112894 0.00233314
0 0.0666007 0.438141 0.11181 0.11433 0.0023274
11 0.315373 0.0652288 0.111513 0.112864 0.00228596
8 0.0664261 0.189421 0.113267 0.111503 0.00228466
1 0.68813 0.561366 0.112128 0.113554 0.00227195
2 0.813077 0.809664 0.112938 0.11426 0.00218914
5 0.68813 0.561366 0.112128 0.113554 0.00218103
6 0.81162 0.31318 0.113177 0.112129 0.00216899
11 0.439899 0.685207 0.112841 0.113086 0.00216861
8 0.0668982 0.933754 0.113722 0.113379 0.00212823
10 0.68811 0.933914 0.111235 0.11177 0.00212284
11 0.191339 0.809668 0.1115 0.111906 0.00208828
11 0.439407 0.0652202 0.111451 0.112441 0.0020815
11 0.56425 0.809502 0.112069 0.112471 0.00208057
4 0.191287 0.0652732 0.111797 0.110682 0.00206213
4 0.440158 0.188629 0.112289 0.112562 0.0020054
3 0.688089 0.313586 0.112678 0.113673 0.00198835
0 0.439627 0.438001 0.110929 0.111432 0.00196463
3 0.0667629 0.56102 0.114646 0.112257 0.00195446
4 0.191194 0.313133 0.111599 0.113144 0.00194387
0 0.812978 0.0646399 0.110173 0.112336 0.00193253
8 0.935831 0.933933 0.113525 0.113778 0.0019228
8 0.811572 0.0648847 0.11251 0.112427 0.00191873
5 0.812967 0.18928 0.112034 0.115331 0.00190482
6 0.688348 0.438008 0.112932 0.112046 0.00186633
4 0.563867 0.188825 0.114233 0.113776 0.00185212
0 0.0673025 0.313628 0.113432 0.113056 0.00184341
1 0.564258 0.933505 0.112792 0.114231 0.0018234
11 0.191149 0.685347 0.112255 0.112579 0.00180618
1 0.0673034 0.933632 0.112904 0.113259 0.0018012
4 0.812455 0.313329 0.11264 0.112957 0.00179724
1 0.0668837 0.189464 0.111897 0.112782 0.001747
11 0.811539 0.0647422 0.11255 0.11316 0.00171473
1 0.0670558 0.561214 0.112553 0.113257 0.00169756
12 0.191173 0.437878 0.108724 0.112504 0.0016701
1 0.93667 0.31334 0.111008 0.111506 0.00166908
9 0.564184 0.809181 0.111423 0.112518 0.00164874
1 0.936293 0.933636 0.112952 0.114483 0.00163832
7 0.190742 0.437735 0.111813 0.112332 0.00163493
3 0.813077 0.809664 0.112938 0.11426 0.00161925
0 0.439522 0.313529 0.112596 0.111985 0.00159883
2 0.688859 0.438045 0.113563 0.112926 0.00157053
8 0.688139 0.561305 0.110633 0.112715 0.00155921
6 0.315809 0.313234 0.111799 0.111989 0.00154962
8 0.439533 0.43809 0.112527 0.112207 0.00154808
7 0.813048 0.933038 0.111987 0.114144 0.00154397
5 0.811462 0.437165 0.113056 0.113172 0.00154122
7 0.812118 0.561839 0.1128 0.112992 0.00152051
12 0.439604 0.313515 0.112181 0.111719 0.00148883
4 0.68811 0.313504 0.112071 0.112024 0.00148447
4 0.563944 0.437408 0.111654 0.112036 0.00147292
11 0.686875 0.313386 0.109756 0.110795 0.00146086
11 0.81164 0.685106 0.110034 0.112463 0.00145106
1 0.315313 0.809477 0.112006 0.112596 0.00142912
2 0.937029 0.313525 0.11185 0.112243 0.00142173
12 0.687811 0.437564 0.111286 0.111682 0.00141451
10 0.563901 0.189078 0.112348 0.112291 0.00141385
3 0.935769 0.933821 0.114367 0.114309 0.00141028
4 0.439606 0.561067 0.111973 0.112896 0.00140607
0 0.688186 0.188998 0.113482 0.114287 0.00140409
0 0.191066 0.56127 0.111851 0.1126 0.00139056
0 0.43972 0.561304 0.112296 0.112906 0.00139027
7 0.936368 0.438079 0.111798 0.112258 0.00138939
12 0.811299 0.561864 0.110899 0.111813 0.00138759
10 0.936045 0.18892 0.113182 0.114761 0.00134414
4 0.688277 0.43759 0.112865 0.112493 0.00134266
12 0.439407 0.0652202 0.111451 0.112441 0.00134147
8 0.0673598 0.313611 0.1131 0.112536 0.00131611
0 0.315264 0.437026 0.112025 0.11295 0.00131606
12 0.0673598 0.313611 0.1131 0.112536 0.00131234
12 0.812086 0.0645344 0.112768 0.111868 0.00131028
13 0.191228 0.313319 0.111416 0.111634 0.00130806
4 0.315429 0.437559 0.112195 0.112958 0.00129693
10 0.190306 0.437851 0.113076 0.111986 0.00129375
13 0.811539 0.0647422 0.11255 0.11316 0.0012827
8 0.811574 0.436838 0.111379 0.114128 0.00127761
12 0.936044 0.561823 0.111097 0.112714 0.00127484
5 0.935947 0.934044 0.112748 0.11454 0.00126504
11 0.688569 0.18877 0.112198 0.113428 0.00125862
1 0.315041 0.313317 0.112362 0.112289 0.00124164
13 0.439588 0.188802 0.112439 0.112494 0.00124072
2 0.564375 0.561141 0.113557 0.113432 0.00123677
4 0.191096 0.561514 0.111881 0.112393 0.0012157
9 0.191462 0.809665 0.111837 0.111608 0.00121068
7 0.68832 0.809408 0.113968 0.113668 0.00121011
0 0.93602 0.809156 0.111104 0.112853 0.00120831
10 0.191197 0.189092 0.111224 0.111898 0.0012046
1 0.315424 0.93354 0.111504 0.112244 0.00120216
12 0.315328 0.189257 0.112187 0.111042 0.00117303
1 0.688344 0.809674 0.112605 0.113902 0.00115687
10 0.191496 0.0649403 0.112596 0.113013 0.00114807
1 0.811672 0.933324 0.112636 0.110969 0.00114739
5 0.0669552 0.933599 0.112449 0.112184 0.00112883
9 0.936306 0.313206 0.112777 0.113332 0.00112374
3 0.439682 0.809612 0.112781 0.112965 0.00112295
8 0.439604 0.313515 0.112181 0.111719 0.00112216
5 0.066961 0.189017 0.112915 0.11247 0.00110383
9 0.191418 0.685334 0.1126 0.112429 0.00109543
1 0.688143 0.437512 0.111544 0.111807 0.00109526
7 0.191131 0.313595 0.111467 0.112074 0.0010849
12 0.315754 0.313515 0.112971 0.111895 0.00108375
12 0.439533 0.43809 0.112527 0.112207 0.00107759
10 0.812118 0.561839 0.1128 0.112992 0.00105497
6 0.0669249 0.0647157 0.113852 0.113774 0.00105138
5 0.563971 0.933768 0.111946 0.112027 0.00105024
12 0.813048 0.933038 0.111987 0.114144 0.00103764
3 0.0668982 0.933754 0.113722 0.113379 0.0010247
3 0.936594 0.437077 0.113559 0.113401 0.00101275
10 0.687584 0.313404 0.110838 0.111327 0.00100761
4 0.935987 0.0642591 0.112675 0.1128 0.00100162
10 0.811935 0.809838 0.111066 0.112018 0.00100106
4 0.688293 0.0648578 0.111659 0.113176 0.00100098
1 0.936055 0.685099 0.113041 0.111429 0.00100008
