2 0.563509 0.933957 0.112386 0.113433 0.986674
7 0.936329 0.809173 0.112761 0.112168 0.986214
5 0.315919 0.809565 0.111323 0.113106 0.986011
2 0.687902 0.934026 0.113244 0.113433 0.985939
2 0.31526 0.685202 0.113117 0.113284 0.98561
10 0.439495 0.0650323 0.11105 0.112422 0.985608
10 0.563964 0.809286 0.111899 0.113036 0.985248
7 0.0672514 0.685628 0.113012 0.11271 0.984954
2 0.811918 0.933833 0.112948 0.113375 0.984174
11 0.439589 0.934366 0.11209 0.113436 0.984063
8 0.439513 0.809713 0.112262 0.112498 0.98398
1 0.315893 0.93391 0.112401 0.112691 0.98382
13 0.56359 0.685108 0.111444 0.112834 0.983227
9 0.0666281 0.0646251 0.11399 0.115107 0.982549
6 0.191579 0.437393 0.111767 0.112975 0.982349
9 0.56313 0.0646779 0.111578 0.113552 0.982184
5 0.439479 0.685844 0.111844 0.112726 0.982142
1 0.191359 0.561471 0.111439 0.111705 0.982135
10 0.191271 0.189256 0.113102 0.111864 0.981702
4 0.0676211 0.437048 0.112968 0.113181 0.981646
8 0.191421 0.685434 0.112541 0.113496 0.981506
1 0.0669931 0.93414 0.112868 0.113273 0.981268
11 0.314642 0.06519 0.112156 0.112708 0.981127
8 0.315432 0.437168 0.112943 0.113059 0.980945
11 0.19113 0.80922 0.111469 0.112608 0.980852
2 0.191203 0.31334 0.112321 0.113077 0.980805
7 0.43951 0.313201 0.113495 0.112475 0.980792
12 0.191427 0.0650057 0.111987 0.113821 0.980651
10 0.0674709 0.809768 0.112694 0.112106 0.980639
10 0.0672783 0.189185 0.111983 0.113754 0.98046
11 0.191941 0.933354 0.112118 0.112956 0.980376
3 0.687575 0.685521 0.113079 0.114216 0.980297
0 0.315294 0.561316 0.112519 0.112018 0.980289
8 0.315407 0.18915 0.113034 0.113351 0.98024
4 0.936605 0.933705 0.11229 0.112262 0.980121
0 0.315137 0.313309 0.112959 0.111617 0.980121
12 0.439788 0.189588 0.112637 0.113481 0.980064
1 0.687805 0.809417 0.111917 0.113015 0.979942
10 0.687929 0.436983 0.112298 0.113675 0.979688
9 0.439366 0.437639 0.110751 0.111378 0.979667
12 0.563496 0.189445 0.111072 0.112836 0.979333
10 0.812268 0.561159 0.112755 0.113886 0.979271
10 0.812177 0.0646217 0.112362 0.113407 0.979018
6 0.812767 0.685419 0.113106 0.113461 0.978953
6 0.687995 0.188875 0.112595 0.113533 0.978879
12 0.563957 0.561139 0.111884 0.113636 0.978827
2 0.43947 0.561037 0.112389 0.11383 0.978785
1 0.687631 0.560918 0.113075 0.113296 0.978699
1 0.563519 0.437153 0.11244 0.113089 0.978546
0 0.936162 0.68503 0.113224 0.11182 0.978513
6 0.687538 0.0646707 0.111373 0.113718 0.978431
1 0.812189 0.43702 0.113254 0.112951 0.978425
1 0.687578 0.313497 0.112012 0.112296 0.978337
1 0.936285 0.0643883 0.11379 0.113611 0.978244
0 0.812181 0.80955 0.112874 0.113149 0.978176
0 0.0675483 0.313174 0.112476 0.113285 0.97805
8 0.563237 0.313413 0.111586 0.111972 0.977914
8 0.936362 0.437241 0.112622 0.112867 0.977798
7 0.936597 0.561428 0.112532 0.113623 0.977621
0 0.936011 0.188587 0.110269 0.111361 0.97762
2 0.9365 0.3129 0.112564 0.113404 0.977308
2 0.812249 0.313092 0.112613 0.113522 0.9773
0 0.0670807 0.561111 0.112093 0.112187 0.97631
8 0.812061 0.188718 0.11228 0.113175 0.976
3 0.811804 0.314107 0.112875 0.11241 0.0248054
1 0.0665974 0.560743 0.114493 0.112402 0.0209859
8 0.688615 0.933376 0.114346 0.113552 0.0183788
8 0.813137 0.933678 0.109449 0.113102 0.0134101
3 0.687923 0.933637 0.112709 0.113428 0.0114017
1 0.0667395 0.313364 0.112415 0.112389 0.0104922
9 0.811733 0.189886 0.112805 0.112454 0.0102011
3 0.93602 0.313908 0.113335 0.112667 0.00998492
9 0.935855 0.437635 0.114477 0.11346 0.0098053
3 0.563552 0.933596 0.112136 0.113087 0.00804096
9 0.563661 0.313931 0.112549 0.112645 0.00776354
3 0.190933 0.313788 0.112409 0.112686 0.0074396
3 0.812082 0.933606 0.113679 0.114066 0.00647075
3 0.439605 0.561469 0.11259 0.113352 0.00620813
2 0.0665488 0.436976 0.114091 0.11218 0.00435993
3 0.315785 0.685453 0.112457 0.113277 0.0038315
8 0.563964 0.933631 0.112595 0.113613 0.00375196
2 0.811733 0.189886 0.112805 0.112454 0.00372625
7 0.688166 0.437411 0.11162 0.114213 0.00370168
1 0.0665488 0.436976 0.114091 0.11218 0.00365996
12 0.936182 0.561392 0.111886 0.113026 0.00362992
0 0.314973 0.438065 0.111003 0.113922 0.00323277
0 0.93621 0.0643479 0.112543 0.113552 0.00315279
0 0.687918 0.312275 0.11225 0.112503 0.00309092
6 0.563669 0.189197 0.111291 0.113513 0.00307729
2 0.936805 0.436821 0.110751 0.113363 0.00298212
0 0.812329 0.436314 0.113209 0.112726 0.002943
3 0.687949 0.18902 0.112524 0.113379 0.00291146
11 0.811702 0.188352 0.1124 0.112753 0.00291063
11 0.936584 0.436669 0.110372 0.113188 0.00290095
7 0.936743 0.933945 0.111231 0.112978 0.00276656
2 0.440066 0.809851 0.112541 0.112861 0.00274363
6 0.191587 0.0648452 0.111618 0.113777 0.00270601
5 0.812153 0.0656206 0.112384 0.112798 0.00268139
10 0.43897 0.685392 0.111345 0.112288 0.00266385
4 0.0672783 0.189185 0.111983 0.113754 0.00263462
12 0.935891 0.809479 0.112069 0.112977 0.0025526
4 0.563934 0.809149 0.111509 0.112712 0.00251264
4 0.688166 0.437411 0.11162 0.114213 0.00247087
7 0.563934 0.809149 0.111509 0.112712 0.0024376
2 0.68804 0.560695 0.112226 0.113094 0.00238464
4 0.812403 0.0650759 0.111827 0.112882 0.00237023
0 0.688049 0.809105 0.111082 0.111399 0.00234626
6 0.439635 0.189197 0.112031 0.113462 0.00225385
1 0.688136 0.0647907 0.10985 0.113004 0.00224076
11 0.191759 0.685237 0.110901 0.112964 0.00222069
0 0.936143 0.437302 0.113635 0.11272 0.00215709
9 0.315438 0.437634 0.11306 0.113469 0.00214001
11 0.563962 0.313109 0.11198 0.112703 0.0021299
11 0.315316 0.188538 0.112184 0.112583 0.00204955
2 0.315803 0.436859 0.110916 0.113409 0.00204516
1 0.315439 0.31291 0.112671 0.112835 0.00204046
0 0.688209 0.560589 0.111922 0.111624 0.00201777
3 0.687756 0.0648209 0.111898 0.11341 0.00199715
6 0.563802 0.561362 0.111781 0.11321 0.00198374
5 0.811504 0.31334 0.112881 0.112733 0.0019807
3 0.812647 0.685419 0.112882 0.113479 0.00195392
8 0.93602 0.313908 0.113335 0.112667 0.00195355
0 0.5638 0.436903 0.111971 0.113178 0.00195216
4 0.439495 0.0650323 0.11105 0.112422 0.001928
5 0.19123 0.809466 0.111069 0.112028 0.00192516
8 0.813051 0.313749 0.111198 0.113567 0.00192488
4 0.191288 0.189211 0.112285 0.113139 0.00191442
9 0.439716 0.809175 0.111997 0.113251 0.00187676
11 0.439921 0.809796 0.111302 0.113202 0.00187335
7 0.0676929 0.809206 0.112324 0.113251 0.00185586
2 0.191431 0.685566 0.11243 0.113269 0.00184948
9 0.936135 0.188928 0.112457 0.113323 0.00182551
7 0.811569 0.560961 0.111566 0.11276 0.00176165
7 0.191288 0.189211 0.112285 0.113139 0.00175412
4 0.688359 0.685317 0.112159 0.113866 0.00171811
1 0.315399 0.561028 0.112923 0.112524 0.00171574
2 0.688198 0.809348 0.112491 0.112062 0.00171298
7 0.0672783 0.189185 0.111983 0.113754 0.00170493
1 0.936104 0.313348 0.111484 0.113445 0.00170006
1 0.936725 0.934041 0.113004 0.114036 0.00168208
9 0.315063 0.189577 0.113003 0.112595 0.00165413
13 0.43966 0.0645899 0.111933 0.111893 0.00164668
13 0.687632 0.437433 0.111158 0.111863 0.00164416
10 0.315194 0.0647789 0.112372 0.113182 0.00164178
10 0.19179 0.933846 0.11262 0.113193 0.00164026
4 0.812263 0.560906 0.113433 0.113352 0.00163344
5 0.688177 0.43762 0.111719 0.11235 0.00162042
1 0.811889 0.313505 0.111815 0.112623 0.00159109
0 0.440069 0.436847 0.11075 0.114948 0.00158419
4 0.0676929 0.809206 0.112324 0.113251 0.00156962
2 0.688405 0.685647 0.111657 0.11336 0.00154983
11 0.315724 0.436678 0.110945 0.112698 0.00152654
1 0.43947 0.561037 0.112389 0.11383 0.00151739
5 0.0673152 0.809364 0.11243 0.112551 0.00151259
12 0.563475 0.68546 0.111593 0.112316 0.00149195
2 0.315569 0.189508 0.113016 0.113515 0.00148477
2 0.563473 0.314011 0.112164 0.113104 0.00144261
5 0.812622 0.561863 0.1116 0.11347 0.00143703
1 0.564063 0.9334 0.113123 0.113761 0.00143232
4 0.688049 0.809105 0.111082 0.111399 0.00142998
0 0.0669738 0.933913 0.113794 0.113562 0.00142105
1 0.688219 0.188938 0.112072 0.114979 0.0014152
0 0.315942 0.933867 0.111947 0.111857 0.00140759
0 0.56363 0.065051 0.111188 0.111867 0.00140319
4 0.563844 0.437195 0.112201 0.112662 0.0013623
5 0.564007 0.809466 0.110702 0.111869 0.00135458
10 0.439952 0.313439 0.113371 0.113676 0.00135242
7 0.439351 0.0652247 0.111188 0.112782 0.00135142
11 0.811801 0.933017 0.112847 0.113061 0.00134519
6 0.688198 0.809348 0.112491 0.112062 0.00134388
12 0.688228 0.685508 0.11195 0.112684 0.00133621
5 0.439951 0.933793 0.110562 0.112493 0.00131567
1 0.81207 0.809418 0.112218 0.112323 0.0013039
7 0.56359 0.685108 0.111444 0.112834 0.00130124
2 0.688017 0.31324 0.111728 0.113127 0.00130026
5 0.936424 0.933758 0.112618 0.112611 0.00129318
3 0.191298 0.43715 0.112905 0.112935 0.00129102
7 0.688082 0.0645086 0.110247 0.112948 0.00128431
5 0.191654 0.933725 0.111175 0.112527 0.00127678
1 0.688635 0.933533 0.11366 0.113562 0.00127241
1 0.812533 0.933251 0.11277 0.113629 0.00125609
10 0.440012 0.934097 0.112536 0.113638 0.00125591
0 0.191228 0.561077 0.111679 0.11217 0.00125509
7 0.0672887 0.437508 0.113342 0.11263 0.00122693
5 0.688426 0.685193 0.112126 0.113862 0.00122689
4 0.439806 0.313394 0.112641 0.113446 0.00122334
9 0.191421 0.685434 0.112541 0.113496 0.00122119
13 0.811538 0.0647796 0.112306 0.112238 0.0012177
13 0.190931 0.189276 0.111904 0.111578 0.001208
6 0.688228 0.685508 0.11195 0.112684 0.00120449
8 0.56363 0.065051 0.111188 0.111867 0.00118411
3 0.563836 0.561138 0.111968 0.113812 0.00118362
10 0.191101 0.809587 0.11185 0.113489 0.00118178
1 0.315546 0.684888 0.112805 0.113317 0.00117847
0 0.563721 0.313734 0.110754 0.112015 0.00116144
1 0.191123 0.313723 0.110823 0.111372 0.0011565
9 0.936168 0.685154 0.111968 0.112092 0.00115605
8 0.439101 0.561288 0.11175 0.113033 0.00115364
4 0.68759 0.313311 0.112103 0.112127 0.0011532
5 0.936032 0.312888 0.113346 0.11409 0.00115226
6 0.93589 0.809247 0.111365 0.112976 0.00114664
4 0.563669 0.189197 0.111291 0.113513 0.00113619
4 0.687761 0.560452 0.112515 0.112711 0.00112945
12 0.56363 0.065051 0.111188 0.111867 0.00112317
7 0.688166 0.188537 0.112542 0.114416 0.00111562
1 0.687958 0.685295 0.111592 0.112847 0.00110436
13 0.0671337 0.809921 0.11251 0.112852 0.00110377
11 0.066374 0.0653536 0.112393 0.111739 0.00109021
12 0.439904 0.438056 0.110843 0.113248 0.00108931
13 0.191654 0.933725 0.111175 0.112527 0.00108388
2 0.315153 0.809478 0.112355 0.112447 0.00108317
4 0.191359 0.561471 0.111439 0.111705 0.00106441
10 0.315219 0.809487 0.113266 0.11273 0.00104289
9 0.812192 0.561618 0.111913 0.112958 0.00103746
5 0.191352 0.312928 0.111748 0.111671 0.00102726
12 0.439758 0.0649339 0.111484 0.112482 0.00101741
13 0.81152 0.561175 0.112109 0.112489 0.00101209
5 0.439337 0.561164 0.112001 0.114352 0.00101173
11 0.811592 0.0646344 0.112435 0.112767 0.00100561
0 0.0664803 0.064566 0.113039 0.113636 0.00100005
