2 0.563321 0.809624 0.112292 0.112571 0.986573
3 0.688094 0.809312 0.112798 0.112204 0.986451
4 0.0675041 0.809783 0.112928 0.111272 0.985691
5 0.687903 0.933931 0.112685 0.114515 0.985603
10 0.191666 0.933908 0.111507 0.112215 0.98549
3 0.563486 0.0648204 0.111891 0.112243 0.985067
10 0.315624 0.933674 0.111413 0.112791 0.984729
4 0.315663 0.685511 0.112223 0.111007 0.984609
12 0.439347 0.809511 0.111148 0.112015 0.9844
5 0.812209 0.809706 0.112299 0.112805 0.984388
11 0.936359 0.809278 0.11276 0.112392 0.984368
3 0.812264 0.93374 0.113045 0.113187 0.98412
1 0.563785 0.933886 0.1118 0.113437 0.983951
13 0.0679846 0.0648767 0.112414 0.111637 0.983561
9 0.191836 0.561308 0.110861 0.112026 0.983414
10 0.316102 0.0646367 0.111869 0.112318 0.983319
1 0.191405 0.809304 0.111527 0.112366 0.983281
8 0.315342 0.809433 0.113167 0.111906 0.983216
4 0.0673929 0.561661 0.113338 0.111335 0.982858
13 0.191863 0.313059 0.110847 0.111124 0.982692
5 0.315297 0.313331 0.112664 0.11279 0.982666
6 0.0666347 0.934029 0.112732 0.112983 0.982533
5 0.314958 0.189363 0.112565 0.113235 0.982518
4 0.439251 0.934384 0.112765 0.113311 0.982494
10 0.439632 0.685231 0.111235 0.111598 0.982439
12 0.439469 0.064766 0.110908 0.112455 0.982317
3 0.191497 0.189127 0.111163 0.111916 0.982272
2 0.0676747 0.685545 0.112186 0.112548 0.982129
3 0.0672268 0.189143 0.112234 0.111893 0.982104
11 0.935936 0.684929 0.113033 0.112118 0.982074
2 0.315226 0.561339 0.112265 0.112199 0.982001
10 0.191325 0.43725 0.112733 0.111755 0.981999
6 0.315435 0.437176 0.111172 0.112102 0.98198
6 0.0667063 0.437069 0.112923 0.112201 0.981827
12 0.191171 0.0646983 0.110928 0.111339 0.981524
11 0.0670495 0.313345 0.113462 0.112354 0.98148
4 0.439325 0.313094 0.112708 0.112745 0.98116
8 0.936077 0.0651348 0.113345 0.113362 0.980766
2 0.439284 0.561092 0.112125 0.112484 0.980391
13 0.687354 0.0646931 0.112275 0.111452 0.980374
4 0.812253 0.0652504 0.113096 0.113177 0.980254
10 0.936344 0.933783 0.11281 0.111584 0.980243
13 0.563963 0.685172 0.110942 0.111751 0.979753
4 0.56388 0.436966 0.112556 0.113206 0.979652
6 0.439811 0.188491 0.111331 0.112297 0.979617
2 0.439421 0.437651 0.111137 0.111402 0.979581
8 0.19137 0.685351 0.112715 0.112877 0.979453
6 0.688151 0.68551 0.112671 0.111758 0.979318
3 0.56344 0.561442 0.111436 0.112031 0.979198
5 0.68777 0.18858 0.112094 0.113404 0.979084
12 0.56368 0.189016 0.112165 0.112617 0.978976
4 0.688056 0.31267 0.112763 0.112852 0.978974
1 0.812061 0.188745 0.112898 0.112715 0.978751
2 0.687572 0.437473 0.111558 0.111709 0.978692
4 0.812508 0.312651 0.113138 0.112644 0.978592
0 0.563487 0.312911 0.111861 0.113615 0.978511
12 0.936118 0.18852 0.113292 0.112842 0.978454
12 0.812149 0.685583 0.112945 0.111996 0.978272
13 0.812246 0.437285 0.112856 0.112647 0.978191
1 0.936349 0.312801 0.113823 0.112946 0.978178
2 0.688189 0.561227 0.112634 0.113005 0.978048
8 0.936299 0.561781 0.111548 0.112147 0.977929
2 0.812289 0.561603 0.112278 0.11336 0.977799
7 0.936395 0.437041 0.11288 0.112962 0.977609
12 0.811487 0.437365 0.110546 0.111615 0.00809908
2 0.936298 0.561303 0.111746 0.112414 0.00753921
12 0.19186 0.313222 0.110905 0.111124 0.0069443
2 0.191531 0.68534 0.111579 0.112424 0.0066759
2 0.315774 0.809748 0.112135 0.11261 0.00540605
10 0.936396 0.685306 0.11206 0.11181 0.00492345
3 0.687511 0.68537 0.112323 0.111339 0.00490937
3 0.688242 0.561636 0.111837 0.111965 0.00466748
7 0.812655 0.436505 0.110877 0.112159 0.00462808
3 0.688112 0.437683 0.112494 0.112834 0.00451783
1 0.0678359 0.4365 0.110853 0.112405 0.00449494
1 0.688045 0.313464 0.112034 0.112917 0.00440686
2 0.93588 0.0653786 0.112187 0.112833 0.00428523
1 0.315649 0.685726 0.112405 0.111941 0.00408259
1 0.564198 0.437151 0.112147 0.112665 0.00398567
1 0.067387 0.561716 0.113474 0.112059 0.00397738
3 0.564048 0.809148 0.111907 0.112545 0.00391557
1 0.439521 0.313508 0.111428 0.112295 0.00389219
1 0.0674141 0.809888 0.113715 0.112284 0.00380951
3 0.439327 0.188352 0.111112 0.112681 0.00366426
12 0.563597 0.685454 0.111405 0.111815 0.00360256
9 0.811646 0.93309 0.111809 0.110707 0.0036006
1 0.812266 0.31286 0.11317 0.113112 0.00351334
1 0.812253 0.0652504 0.113096 0.113177 0.00332803
3 0.0664168 0.436782 0.113296 0.111723 0.00331476
1 0.439235 0.437953 0.11115 0.111516 0.00325652
5 0.811525 0.561747 0.112935 0.111966 0.00314295
1 0.687686 0.437919 0.109733 0.111575 0.00305166
1 0.439251 0.934384 0.112765 0.113311 0.00301885
3 0.315612 0.437004 0.111556 0.112147 0.002957
4 0.686854 0.685667 0.112938 0.11122 0.002952
0 0.936368 0.312998 0.11275 0.11178 0.00290161
9 0.935945 0.933876 0.112445 0.112702 0.00276103
7 0.6869 0.685316 0.11139 0.112332 0.0027343
13 0.0670495 0.313345 0.113462 0.112354 0.00272486
2 0.813088 0.933715 0.110786 0.110462 0.00270486
0 0.811842 0.188573 0.112461 0.113536 0.00262511
3 0.066645 0.933483 0.112543 0.112791 0.00252859
12 0.686656 0.0651788 0.110056 0.110559 0.00252386
3 0.0668835 0.685245 0.114518 0.112373 0.00247773
3 0.813125 0.80969 0.11211 0.115083 0.00246224
11 0.688463 0.933793 0.112614 0.114118 0.0024093
2 0.688478 0.933392 0.112322 0.114739 0.0023938
5 0.0670605 0.68452 0.112845 0.112631 0.00235885
11 0.31596 0.809691 0.11214 0.113004 0.00231236
11 0.191539 0.437518 0.112529 0.111662 0.00227704
1 0.688195 0.561572 0.11241 0.113173 0.00226145
13 0.935786 0.68502 0.112842 0.1132 0.00222666
8 0.936252 0.808893 0.112609 0.113388 0.00222152
1 0.563977 0.809324 0.112918 0.113051 0.00219263
1 0.316128 0.436812 0.108977 0.111838 0.00218852
2 0.811563 0.809352 0.113788 0.113136 0.00211255
1 0.43968 0.560917 0.112793 0.113529 0.00208554
11 0.56405 0.685257 0.110813 0.111672 0.00206628
12 0.936051 0.43713 0.112736 0.113397 0.00204941
6 0.56352 0.189064 0.111237 0.112871 0.00201612
10 0.936476 0.809719 0.111972 0.112795 0.00201388
5 0.6882 0.437234 0.112409 0.11367 0.002009
6 0.935957 0.436836 0.11299 0.113161 0.00191174
5 0.688195 0.561572 0.11241 0.113173 0.00187498
12 0.191539 0.437518 0.112529 0.111662 0.00187347
1 0.81227 0.561489 0.112243 0.113068 0.00186111
13 0.936252 0.808893 0.112609 0.113388 0.0017325
11 0.191727 0.685282 0.111602 0.112929 0.00173037
4 0.066645 0.933483 0.112543 0.112791 0.00172686
1 0.315581 0.561026 0.112804 0.113177 0.00169919
7 0.811421 0.685988 0.111889 0.11306 0.00166688
2 0.0667993 0.809248 0.113305 0.111583 0.00165627
10 0.688101 0.188963 0.112648 0.112964 0.00163449
11 0.688075 0.189052 0.113235 0.114328 0.00161464
2 0.0667771 0.561319 0.114043 0.111636 0.00157542
2 0.688101 0.188963 0.112648 0.112964 0.00153803
11 0.191286 0.313281 0.111589 0.111786 0.00151896
13 0.191289 0.437187 0.111742 0.111402 0.00151023
10 0.687793 0.934258 0.111714 0.112103 0.00150799
8 0.935786 0.68502 0.112842 0.1132 0.00148836
5 0.813107 0.93314 0.111412 0.10944 0.00147982
8 0.688216 0.437286 0.11128 0.113092 0.00147651
5 0.688413 0.809498 0.111977 0.112693 0.00146084
11 0.0668234 0.0649799 0.113862 0.111939 0.0014564
7 0.688366 0.312827 0.112325 0.112887 0.00145355
3 0.812465 0.561943 0.11231 0.112134 0.00144405
1 0.563649 0.312309 0.112069 0.112974 0.00144241
7 0.315435 0.437176 0.111172 0.112102 0.00143428
8 0.688212 0.561547 0.111169 0.112606 0.00141196
4 0.315645 0.313468 0.111596 0.113088 0.0014113
4 0.563728 0.189031 0.111943 0.113142 0.00140348
7 0.936051 0.188565 0.111722 0.114207 0.00139218
5 0.0668524 0.809492 0.11199 0.112557 0.00138284
0 0.936066 0.0649982 0.111091 0.111737 0.00137802
6 0.56418 0.437332 0.112548 0.111803 0.00137592
1 0.688339 0.809595 0.111886 0.111958 0.00137562
8 0.0670697 0.313476 0.112776 0.114082 0.0013694
2 0.688391 0.809728 0.111524 0.112141 0.00136802
11 0.811573 0.809788 0.113204 0.112328 0.00133826
6 0.811588 0.0651724 0.113779 0.113126 0.00133498
9 0.0672547 0.188115 0.111901 0.112788 0.00133452
1 0.439409 0.188984 0.111168 0.11213 0.00132991
4 0.811541 0.189163 0.112568 0.112672 0.00131734
12 0.315836 0.0648529 0.1123 0.112778 0.00131388
0 0.563952 0.933718 0.11161 0.113294 0.00130266
10 0.0666995 0.31332 0.113494 0.111827 0.00129552
1 0.563577 0.561384 0.111942 0.112027 0.00128821
0 0.936299 0.561752 0.111971 0.113044 0.00128093
12 0.811709 0.93319 0.11178 0.11186 0.00126768
6 0.812354 0.313262 0.113188 0.111916 0.00125373
13 0.935351 0.933843 0.112136 0.111717 0.00123717
3 0.811421 0.685988 0.111889 0.11306 0.00122697
3 0.688075 0.189052 0.113235 0.114328 0.00119877
7 0.439733 0.313289 0.112046 0.112625 0.00119448
5 0.8114 0.313126 0.111991 0.112313 0.00118939
13 0.43951 0.685171 0.112269 0.111983 0.00118696
7 0.811637 0.312272 0.112447 0.115096 0.00117685
11 0.687728 0.0656127 0.112833 0.113021 0.00117667
12 0.0672547 0.188115 0.111901 0.112788 0.00117361
10 0.314704 0.189257 0.111833 0.112719 0.00116644
12 0.439991 0.685411 0.112247 0.111753 0.0011554
0 0.191718 0.560875 0.110434 0.112021 0.00115374
2 0.688045 0.313464 0.112034 0.112917 0.00115286
5 0.315539 0.561105 0.111834 0.113143 0.00115262
4 0.191405 0.809304 0.111527 0.112366 0.00114143
4 0.688347 0.809524 0.112316 0.112351 0.00113916
8 0.0670148 0.685397 0.112466 0.112605 0.00113867
1 0.0672811 0.685028 0.113328 0.112292 0.00113694
4 0.93616 0.436709 0.112523 0.111933 0.00113072
7 0.811661 0.0644441 0.113001 0.114559 0.00112388
7 0.564198 0.437151 0.112147 0.112665 0.00112183
0 0.191287 0.809193 0.112053 0.113089 0.00111432
4 0.563724 0.933684 0.110793 0.112566 0.00110822
5 0.0667851 0.561372 0.112155 0.112203 0.00110757
13 0.191447 0.933875 0.112173 0.11181 0.00110689
2 0.812336 0.313439 0.112955 0.11302 0.00110387
10 0.812336 0.313439 0.112955 0.11302 0.0011017
3 0.439813 0.561427 0.111934 0.112257 0.00109972
5 0.0674397 0.313207 0.113026 0.112249 0.00109725
12 0.191718 0.560875 0.110434 0.112021 0.00109707
5 0.563929 0.809739 0.112999 0.112255 0.00109414
3 0.439598 0.437866 0.112744 0.11309 0.00108613
10 0.812593 0.685278 0.111356 0.111179 0.00105913
5 0.439503 0.43689 0.111173 0.113568 0.00105187
12 0.191331 0.189038 0.11182 0.112678 0.00104734
6 0.811691 0.685737 0.112682 0.111535 0.00103975
10 0.936693 0.188668 0.112305 0.112988 0.00102988
11 0.936277 0.561394 0.112749 0.112953 0.00102308
10 0.0675464 0.0654098 0.111024 0.11124 0.00102149
7 0.315373 0.0649929 0.112138 0.112736 0.00101668
