3 0.439165 0.809797 0.113231 0.113371 0.98823
3 0.563359 0.934164 0.112502 0.114272 0.987971
9 0.191101 0.685308 0.112572 0.11246 0.987468
3 0.687614 0.934045 0.11312 0.114235 0.986581
2 0.56367 0.809429 0.112917 0.11337 0.986178
5 0.440318 0.933602 0.110976 0.113429 0.985852
7 0.439183 0.0653673 0.111447 0.112898 0.985325
7 0.935753 0.933731 0.112914 0.112532 0.985262
5 0.191896 0.561362 0.110012 0.111622 0.984451
4 0.315894 0.80962 0.112014 0.112241 0.98429
2 0.43931 0.685341 0.112896 0.112669 0.983935
13 0.191293 0.437253 0.112917 0.113406 0.983821
7 0.315263 0.437077 0.112824 0.112107 0.983712
13 0.0672784 0.189264 0.113833 0.113816 0.983626
2 0.68778 0.80985 0.112117 0.112629 0.983567
9 0.811714 0.810081 0.112798 0.113415 0.983471
1 0.315282 0.685302 0.112633 0.112637 0.983417
13 0.315427 0.064734 0.11317 0.11439 0.983374
1 0.936422 0.809411 0.112774 0.112387 0.983319
4 0.315936 0.933862 0.110803 0.112135 0.983116
6 0.93615 0.68497 0.11385 0.113162 0.983086
4 0.191613 0.188672 0.11322 0.112584 0.982882
1 0.812266 0.933688 0.111686 0.113042 0.982739
11 0.066846 0.313374 0.11262 0.112595 0.982547
6 0.191553 0.31333 0.111133 0.112237 0.982378
12 0.191393 0.0647963 0.111422 0.113601 0.981636
1 0.563827 0.685289 0.112068 0.112746 0.981608
12 0.191222 0.80968 0.111253 0.112405 0.981537
11 0.191613 0.933543 0.111862 0.113647 0.981182
12 0.315314 0.561323 0.111853 0.112203 0.98092
1 0.315082 0.189024 0.111911 0.111907 0.980763
12 0.0671031 0.68521 0.112436 0.112941 0.98058
13 0.563428 0.189206 0.111469 0.112371 0.980522
0 0.315043 0.31303 0.112393 0.11169 0.980339
1 0.0664809 0.934164 0.112609 0.113013 0.98025
10 0.687631 0.0649093 0.111018 0.113326 0.979974
12 0.936453 0.0645496 0.112623 0.113892 0.979907
9 0.438933 0.188937 0.111941 0.113322 0.979712
2 0.812108 0.0649582 0.112525 0.11339 0.979602
10 0.688086 0.437037 0.112473 0.113302 0.979594
12 0.563862 0.312916 0.112125 0.113035 0.979561
9 0.439517 0.437065 0.111787 0.112088 0.979524
7 0.688081 0.685246 0.112183 0.113199 0.979425
9 0.563407 0.437608 0.112272 0.112424 0.97932
4 0.688024 0.188561 0.112537 0.112886 0.979315
3 0.439392 0.56131 0.111438 0.113485 0.979202
9 0.563681 0.56146 0.112311 0.112116 0.979197
4 0.812452 0.312746 0.112763 0.11271 0.979017
9 0.688075 0.561332 0.112151 0.112166 0.978951
0 0.811853 0.561443 0.11242 0.112956 0.97868
1 0.812073 0.685223 0.113239 0.11313 0.978646
0 0.0671784 0.0648463 0.111741 0.112736 0.978634
1 0.43889 0.313182 0.112312 0.112945 0.97848
4 0.936833 0.436919 0.113199 0.113206 0.978426
0 0.0672823 0.561265 0.112456 0.112948 0.978251
0 0.563437 0.06494 0.112192 0.113306 0.978134
4 0.9367 0.312749 0.113046 0.112778 0.978079
2 0.687889 0.312931 0.112154 0.113821 0.978042
2 0.811839 0.437093 0.111097 0.112037 0.977867
1 0.936336 0.561246 0.113976 0.11293 0.977816
0 0.93593 0.188784 0.112924 0.112212 0.977787
8 0.0672225 0.437295 0.112444 0.111694 0.976147
0 0.0671582 0.809554 0.112508 0.112655 0.976085
8 0.81177 0.189191 0.111145 0.112122 0.974416
2 0.0667698 0.437188 0.11412 0.111808 0.015985
1 0.0666958 0.809356 0.11389 0.112752 0.0144049
2 0.81169 0.189203 0.112265 0.112868 0.0140502
12 0.439584 0.561063 0.111585 0.112361 0.00780187
1 0.0666921 0.560745 0.114892 0.112736 0.00708954
6 0.563716 0.313962 0.111101 0.113259 0.00626783
1 0.0668388 0.0640172 0.11345 0.113218 0.00558593
7 0.191349 0.188973 0.111594 0.112373 0.00525118
12 0.439656 0.809478 0.112056 0.112727 0.00519211
6 0.315569 0.561296 0.111646 0.113084 0.00470529
0 0.68814 0.561287 0.110767 0.11235 0.00405891
8 0.81308 0.437251 0.109473 0.112848 0.00399352
4 0.687758 0.0652211 0.112484 0.113203 0.0038574
1 0.811684 0.561156 0.112576 0.112502 0.00381927
11 0.0665262 0.189612 0.112972 0.112349 0.00373982
10 0.191347 0.560899 0.111316 0.11148 0.00353506
3 0.936375 0.68498 0.112385 0.112909 0.00345745
7 0.687836 0.188943 0.111753 0.11254 0.00338372
10 0.0679553 0.313444 0.112347 0.112538 0.00329475
5 0.811465 0.0652231 0.112862 0.113521 0.00322537
8 0.688158 0.31322 0.111638 0.11337 0.00319426
12 0.563955 0.436702 0.110654 0.112259 0.00306339
13 0.687796 0.437467 0.11121 0.111876 0.00305172
1 0.812167 0.312937 0.11237 0.113418 0.00302619
10 0.687734 0.188969 0.111417 0.113406 0.00296751
12 0.811564 0.810287 0.1116 0.11326 0.00287294
1 0.315719 0.93401 0.112089 0.113654 0.00285063
2 0.812167 0.312937 0.11237 0.113418 0.00280691
6 0.191349 0.188973 0.111594 0.112373 0.00280269
1 0.191613 0.188672 0.11322 0.112584 0.00278673
12 0.563978 0.561283 0.11183 0.114333 0.00269158
5 0.688171 0.8097 0.112842 0.113601 0.0026565
0 0.93666 0.560766 0.113145 0.111647 0.00263897
12 0.43963 0.436662 0.111638 0.112964 0.00263392
6 0.191489 0.80984 0.111568 0.113211 0.00261876
1 0.936345 0.312949 0.112508 0.113345 0.00261633
10 0.812079 0.313311 0.111456 0.113763 0.00261366
1 0.687901 0.188845 0.113063 0.112655 0.00249043
3 0.811564 0.810287 0.1116 0.11326 0.00248752
12 0.43913 0.189227 0.112428 0.112297 0.00245926
6 0.191393 0.0647963 0.111422 0.113601 0.00244778
12 0.68814 0.561287 0.110767 0.11235 0.00244427
1 0.315613 0.809621 0.113215 0.113508 0.00242794
1 0.68785 0.313448 0.111122 0.112674 0.00240869
4 0.687875 0.438184 0.109905 0.113919 0.00240092
5 0.811648 0.437415 0.114178 0.113106 0.00237144
0 0.812635 0.933711 0.111103 0.111224 0.00234529
3 0.687927 0.809198 0.11022 0.112478 0.00233383
1 0.936374 0.436965 0.113091 0.113914 0.00229202
0 0.812524 0.685125 0.111446 0.112202 0.0022395
0 0.813088 0.809726 0.113826 0.112182 0.00221069
7 0.688195 0.0650563 0.110777 0.113299 0.00220882
1 0.812199 0.437855 0.108813 0.110553 0.00216033
1 0.563509 0.0639683 0.111959 0.113654 0.00214665
4 0.563958 0.685109 0.111686 0.111753 0.00213629
11 0.812095 0.189206 0.112189 0.113391 0.0021188
2 0.688481 0.93339 0.113695 0.112975 0.0020579
7 0.935875 0.437425 0.112043 0.112588 0.00205474
0 0.563829 0.438027 0.113506 0.114735 0.00200728
9 0.688481 0.93339 0.113695 0.112975 0.00199419
13 0.191665 0.933648 0.112429 0.113518 0.00199242
4 0.439203 0.313394 0.112343 0.112799 0.00196312
13 0.066846 0.313374 0.11262 0.112595 0.00195851
10 0.315426 0.0649553 0.111644 0.111911 0.00195029
7 0.935598 0.313154 0.110598 0.111581 0.00193908
11 0.191371 0.560891 0.110627 0.111489 0.00193585
3 0.191553 0.31333 0.111133 0.112237 0.00192884
2 0.936345 0.312949 0.112508 0.113345 0.00190192
7 0.191693 0.313503 0.111902 0.11225 0.00188945
4 0.315425 0.189288 0.1121 0.113297 0.00187883
10 0.439487 0.934082 0.111265 0.111819 0.00183327
13 0.68762 0.0646596 0.110775 0.111758 0.00177646
12 0.688039 0.933634 0.111788 0.112283 0.00177182
7 0.811741 0.312038 0.112928 0.114685 0.00175934
11 0.314838 0.0652106 0.112078 0.113334 0.00171872
5 0.563893 0.809478 0.112938 0.112516 0.00170864
4 0.688145 0.685214 0.112625 0.112785 0.00170642
6 0.0669435 0.685445 0.113015 0.113431 0.00170083
4 0.31538 0.685204 0.112197 0.112901 0.00169405
4 0.935753 0.933731 0.112914 0.112532 0.00169253
7 0.688246 0.437597 0.111525 0.113371 0.00168804
4 0.811949 0.685042 0.11254 0.112288 0.00166243
6 0.936453 0.0645496 0.112623 0.113892 0.00163555
1 0.192004 0.312983 0.111827 0.112657 0.00162544
3 0.56361 0.561461 0.112226 0.113827 0.00161672
12 0.686842 0.685515 0.11113 0.112889 0.00160488
3 0.43931 0.685341 0.112896 0.112669 0.00159472
2 0.813132 0.933008 0.11098 0.113289 0.00154833
0 0.936447 0.809176 0.111999 0.112586 0.00153862
1 0.812093 0.0645826 0.111715 0.113434 0.00153094
8 0.688175 0.809679 0.111621 0.112282 0.00152901
12 0.935675 0.933542 0.113167 0.113542 0.00151669
4 0.315701 0.437713 0.111851 0.11237 0.00150382
11 0.439487 0.934082 0.111265 0.111819 0.00147475
0 0.563567 0.561303 0.112177 0.112281 0.00147164
3 0.812741 0.437565 0.11208 0.113505 0.00146995
2 0.687848 0.188631 0.111228 0.11356 0.00146553
1 0.688171 0.8097 0.112842 0.113601 0.0014573
6 0.811664 0.312747 0.114213 0.112964 0.00145708
1 0.936002 0.685279 0.11131 0.114664 0.00145621
4 0.936422 0.809411 0.112774 0.112387 0.00145461
4 0.688039 0.933634 0.111788 0.112283 0.00145336
10 0.936247 0.313217 0.11177 0.113415 0.00144008
8 0.811565 0.0649122 0.112331 0.114171 0.00143291
3 0.688185 0.56137 0.112377 0.112371 0.00141238
5 0.066846 0.313374 0.11262 0.112595 0.00140257
1 0.315313 0.31269 0.111981 0.112349 0.00139283
12 0.191111 0.685104 0.11227 0.112839 0.00137964
10 0.191598 0.933564 0.112231 0.114061 0.00136382
0 0.439499 0.437997 0.11411 0.114863 0.0013637
9 0.191104 0.436733 0.110169 0.111779 0.00135632
11 0.0672225 0.437295 0.112444 0.111694 0.00134076
3 0.564095 0.80904 0.111052 0.113223 0.00133457
5 0.688164 0.0647938 0.111387 0.112956 0.00132422
0 0.439041 0.312829 0.112332 0.113025 0.00131886
3 0.191232 0.685295 0.111574 0.111802 0.00131224
8 0.68814 0.561287 0.110767 0.11235 0.00131113
2 0.936374 0.436965 0.113091 0.113914 0.00130899
1 0.439564 0.684901 0.113034 0.112498 0.00129923
10 0.936412 0.437286 0.112217 0.113586 0.0012807
2 0.439451 0.933301 0.113306 0.11363 0.00126879
3 0.688146 0.313715 0.111213 0.113653 0.00125669
6 0.686842 0.685515 0.11113 0.112889 0.00124946
3 0.563568 0.437631 0.112062 0.113589 0.00124942
10 0.315613 0.809621 0.113215 0.113508 0.00124024
6 0.935682 0.933291 0.112137 0.113662 0.00123189
6 0.316214 0.4379 0.111161 0.112788 0.00122832
4 0.812117 0.933667 0.111409 0.112507 0.00122223
7 0.315278 0.809412 0.112003 0.112445 0.00120026
1 0.43966 0.561183 0.111836 0.112264 0.00119606
7 0.31569 0.933577 0.111566 0.112402 0.00119369
4 0.936529 0.561603 0.111911 0.112648 0.00119104
1 0.564004 0.808998 0.113358 0.113016 0.00118125
10 0.0670897 0.189409 0.112589 0.113115 0.00117967
9 0.935932 0.189152 0.11285 0.113334 0.00117465
3 0.19167 0.809785 0.111897 0.1119 0.00117063
2 0.191613 0.188672 0.11322 0.112584 0.00116792
12 0.190889 0.436578 0.110189 0.113209 0.00115535
6 0.811497 0.685321 0.111633 0.113908 0.00115497
0 0.563933 0.313191 0.112559 0.113445 0.00114614
10 0.191284 0.188444 0.111561 0.111989 0.00114588
1 0.688469 0.933503 0.112134 0.112885 0.00113622
9 0.191865 0.933541 0.111491 0.111753 0.0011141
5 0.439241 0.68533 0.113216 0.111895 0.00109876
0 0.0665077 0.934003 0.113706 0.113403 0.00109404
3 0.43963 0.436662 0.111638 0.112964 0.00109278
5 0.688203 0.437519 0.112006 0.112998 0.00108854
12 0.315522 0.436448 0.110488 0.112113 0.00106678
0 0.066982 0.438077 0.110903 0.113104 0.00106632
10 0.688161 0.685135 0.112774 0.113634 0.00106263
5 0.688504 0.933196 0.113797 0.113496 0.0010607
3 0.315633 0.561105 0.111624 0.113478 0.00105475
4 0.0665077 0.934003 0.113706 0.113403 0.00104678
1 0.43998 0.809433 0.111925 0.112377 0.00103567
3 0.191217 0.561195 0.111722 0.112845 0.00103374
0 0.315141 0.188816 0.112133 0.112989 0.00101703
12 0.191284 0.188444 0.111561 0.111989 0.00101505
