5 0.315999 0.934258 0.110774 0.113092 0.986279
2 0.56347 0.80971 0.111473 0.112425 0.98576
5 0.935918 0.934141 0.112993 0.112093 0.985611
12 0.316091 0.809433 0.111083 0.111695 0.985475
3 0.315373 0.685491 0.111472 0.112251 0.985394
12 0.439867 0.93416 0.11117 0.112769 0.985323
9 0.314988 0.064769 0.111548 0.112475 0.984842
5 0.0670127 0.686076 0.112397 0.112194 0.984837
2 0.687349 0.934201 0.112049 0.113116 0.984537
7 0.44007 0.809278 0.111798 0.112638 0.983934
9 0.315309 0.189029 0.112136 0.112536 0.983878
2 0.439356 0.0650767 0.112034 0.113043 0.983534
9 0.315239 0.313186 0.112512 0.112689 0.983288
10 0.192133 0.933635 0.111241 0.112706 0.983118
7 0.191114 0.313609 0.111667 0.112094 0.983025
3 0.315267 0.437538 0.112417 0.11347 0.982808
2 0.0671783 0.809411 0.112948 0.113328 0.982444
8 0.563124 0.933978 0.111798 0.113331 0.982176
7 0.439828 0.437348 0.113249 0.111748 0.98197
4 0.0672537 0.189052 0.112907 0.11176 0.981715
10 0.936168 0.685439 0.112998 0.111457 0.981459
2 0.315242 0.561558 0.112646 0.111674 0.981444
2 0.0669706 0.0644939 0.112949 0.113316 0.981426
12 0.936273 0.809374 0.112282 0.111871 0.981406
12 0.935414 0.0651212 0.11281 0.112986 0.981384
11 0.0664288 0.438142 0.113307 0.112336 0.981252
1 0.19134 0.064693 0.110968 0.112888 0.981118
3 0.439861 0.561332 0.112066 0.113167 0.980823
13 0.687258 0.0648181 0.111495 0.111701 0.980646
6 0.56384 0.685328 0.111803 0.113072 0.980581
2 0.0667694 0.313031 0.112505 0.112013 0.980368
4 0.688193 0.810006 0.11303 0.11281 0.980258
2 0.0669293 0.933869 0.114058 0.114631 0.980183
8 0.190935 0.437492 0.111185 0.111286 0.98013
0 0.191347 0.188539 0.112157 0.112334 0.979962
2 0.439215 0.189401 0.111784 0.112648 0.979831
3 0.563734 0.437686 0.112169 0.112169 0.97958
6 0.563832 0.31356 0.111868 0.112506 0.979549
1 0.439122 0.313212 0.111975 0.112678 0.979495
10 0.687845 0.188866 0.112433 0.11289 0.979459
6 0.688215 0.56175 0.112358 0.112772 0.979252
4 0.812212 0.064688 0.112179 0.112656 0.979227
8 0.0665748 0.561527 0.112659 0.112351 0.978972
11 0.81223 0.934032 0.112918 0.11268 0.978905
5 0.56384 0.561446 0.111841 0.112154 0.978885
8 0.190865 0.561563 0.111565 0.112569 0.978871
1 0.936495 0.312829 0.113912 0.112722 0.978775
0 0.811844 0.809253 0.112773 0.113365 0.978762
8 0.191107 0.685402 0.111724 0.110684 0.978682
12 0.812517 0.436973 0.111764 0.112706 0.978626
11 0.687528 0.313052 0.111904 0.11293 0.978568
8 0.563733 0.0648711 0.11091 0.111574 0.978466
2 0.563285 0.189132 0.111236 0.113909 0.978338
8 0.191681 0.809241 0.112246 0.112133 0.978335
8 0.440065 0.685498 0.112142 0.112311 0.978235
0 0.811889 0.313052 0.111678 0.112375 0.978227
12 0.936383 0.561305 0.112702 0.11223 0.978202
4 0.936392 0.188493 0.113264 0.112659 0.9782
8 0.936547 0.436984 0.112459 0.112554 0.978194
5 0.687934 0.43718 0.112488 0.112428 0.978114
5 0.812147 0.561683 0.112571 0.112407 0.977816
8 0.688058 0.685684 0.112143 0.112147 0.977801
8 0.812181 0.685526 0.112476 0.112343 0.977659
2 0.812 0.188772 0.112549 0.113759 0.977578
5 0.067734 0.438043 0.11343 0.11022 0.0146049
2 0.439612 0.68561 0.111831 0.111772 0.00823156
2 0.0672216 0.561159 0.112375 0.113694 0.00804151
2 0.191316 0.561577 0.113246 0.112282 0.00710376
2 0.812408 0.685622 0.11213 0.113083 0.00701408
2 0.563285 0.933953 0.112078 0.113012 0.00637332
2 0.936674 0.436679 0.111276 0.112262 0.00634383
10 0.811605 0.933621 0.109392 0.110297 0.00543856
2 0.191195 0.436921 0.111321 0.112685 0.0053263
2 0.687751 0.685454 0.112207 0.11161 0.00522884
2 0.563425 0.0646061 0.110709 0.113521 0.00510082
2 0.191008 0.685474 0.112406 0.111635 0.00430735
0 0.936376 0.313272 0.112605 0.111578 0.00415764
2 0.191104 0.809536 0.111695 0.112186 0.00398365
1 0.936188 0.188726 0.112407 0.113083 0.00377072
1 0.811878 0.312516 0.111283 0.112225 0.00353312
7 0.688 0.561298 0.113297 0.112991 0.00345682
7 0.564013 0.685641 0.11361 0.113084 0.00340896
8 0.688307 0.933935 0.112164 0.112812 0.00339774
1 0.81219 0.0648294 0.112291 0.113943 0.00339234
3 0.315287 0.561519 0.113082 0.111725 0.00334498
5 0.811455 0.188929 0.11293 0.112771 0.00328757
10 0.0669086 0.436843 0.113022 0.111848 0.0032868
1 0.0675538 0.188999 0.113192 0.112314 0.00326539
2 0.688207 0.437602 0.112725 0.112608 0.00322557
12 0.688074 0.0643675 0.111652 0.113652 0.00322205
5 0.688008 0.312584 0.111464 0.112093 0.00315108
8 0.813132 0.933904 0.111192 0.113773 0.00305368
0 0.190654 0.438074 0.111034 0.11332 0.00299753
6 0.812248 0.43683 0.112251 0.111925 0.0028509
0 0.439187 0.312992 0.111249 0.112979 0.00283303
1 0.687824 0.809871 0.111938 0.111772 0.00280849
7 0.811619 0.0641704 0.113576 0.114444 0.00277704
10 0.686839 0.313052 0.110008 0.110618 0.00263139
3 0.56428 0.68514 0.111903 0.112603 0.00251677
3 0.687697 0.933653 0.112021 0.11349 0.00251516
10 0.936006 0.934011 0.112399 0.112426 0.00248454
0 0.19134 0.064693 0.110968 0.112888 0.00246703
9 0.811486 0.933398 0.110505 0.110418 0.00244367
5 0.811801 0.934149 0.112086 0.112581 0.00238174
3 0.811742 0.189341 0.112699 0.112931 0.00237937
7 0.811495 0.437549 0.111044 0.112797 0.00236807
1 0.0669009 0.313716 0.112221 0.111896 0.00228955
3 0.563662 0.313739 0.111133 0.113282 0.00228678
3 0.688207 0.437602 0.112725 0.112608 0.00217261
11 0.811444 0.561939 0.11294 0.111048 0.00204848
4 0.440193 0.437967 0.11105 0.113481 0.0020273
1 0.811769 0.188983 0.112147 0.112557 0.00199319
0 0.315411 0.31367 0.112244 0.111887 0.00196841
7 0.687601 0.809725 0.111651 0.112073 0.0019636
3 0.0664337 0.809389 0.114902 0.113001 0.00193965
12 0.315566 0.313636 0.112406 0.112316 0.00193563
4 0.687982 0.437886 0.111195 0.111282 0.00192526
1 0.191347 0.188539 0.112157 0.112334 0.00191621
4 0.688168 0.189404 0.112893 0.113708 0.00191235
1 0.811407 0.809222 0.112539 0.112791 0.00190993
12 0.44016 0.436648 0.110774 0.11101 0.00190264
10 0.191053 0.31355 0.111267 0.112301 0.00187917
1 0.564006 0.809352 0.112477 0.112624 0.00184385
12 0.315398 0.189216 0.112399 0.112152 0.00177435
13 0.191992 0.933799 0.111677 0.111897 0.00176416
1 0.31563 0.561394 0.112842 0.112706 0.00176346
1 0.563385 0.189017 0.111635 0.11328 0.00171224
12 0.315412 0.0647109 0.113149 0.11254 0.00170443
13 0.93619 0.68549 0.112167 0.111921 0.00170206
1 0.687887 0.933854 0.112907 0.113479 0.00168565
7 0.0668363 0.188936 0.112888 0.111559 0.00167329
6 0.811537 0.0648175 0.114287 0.11284 0.00165004
1 0.439535 0.189138 0.112144 0.112566 0.00160372
0 0.688228 0.685759 0.111983 0.112326 0.00156393
0 0.936382 0.437155 0.110625 0.111559 0.00155127
6 0.440193 0.437967 0.11105 0.113481 0.00152922
3 0.564068 0.809334 0.110844 0.112319 0.00152179
3 0.8127 0.436535 0.111088 0.113329 0.00150447
10 0.439747 0.437896 0.110942 0.113063 0.00149449
11 0.81156 0.6854 0.11138 0.111376 0.00149385
1 0.439704 0.0647295 0.111384 0.113587 0.00147697
3 0.563541 0.188673 0.111217 0.113115 0.00145189
13 0.687712 0.189132 0.111864 0.112602 0.00143395
5 0.0668043 0.933734 0.112941 0.112242 0.00142658
7 0.688168 0.189404 0.112893 0.113708 0.00142628
5 0.0660821 0.313783 0.112881 0.112197 0.00142554
7 0.688103 0.064826 0.1114 0.111841 0.00141534
3 0.812003 0.56126 0.112593 0.111138 0.00139914
2 0.688148 0.809233 0.11183 0.111956 0.00138034
5 0.68814 0.189401 0.113445 0.113555 0.00136799
2 0.936208 0.188673 0.112242 0.112709 0.00136183
7 0.563738 0.313441 0.112257 0.112158 0.00135417
3 0.688529 0.561843 0.111617 0.113117 0.00135306
1 0.0670568 0.0649783 0.113014 0.112258 0.00134582
4 0.687697 0.933653 0.112021 0.11349 0.00133564
9 0.0666359 0.437013 0.111742 0.112199 0.00133479
5 0.686922 0.933736 0.114443 0.110626 0.00133168
11 0.0665828 0.561316 0.115208 0.112132 0.00133136
3 0.066406 0.313376 0.113841 0.112668 0.0013293
3 0.439823 0.189597 0.111539 0.112248 0.00132887
12 0.687854 0.189556 0.112154 0.112665 0.00131004
2 0.0668363 0.188936 0.112888 0.111559 0.00130971
6 0.564176 0.437972 0.112053 0.111087 0.00130437
5 0.936582 0.685122 0.111619 0.111714 0.00130061
11 0.563425 0.0646061 0.110709 0.113521 0.00128781
10 0.315438 0.933943 0.111947 0.112127 0.0012794
10 0.688074 0.0643675 0.111652 0.113652 0.00127215
12 0.564561 0.438013 0.112932 0.111695 0.00126821
2 0.813085 0.561962 0.112669 0.113134 0.00126638
7 0.935672 0.188873 0.113104 0.112386 0.00126637
6 0.315862 0.437977 0.113047 0.111786 0.00126
11 0.688159 0.685757 0.111621 0.113251 0.00125374
1 0.0670585 0.809546 0.113668 0.112331 0.00124961
3 0.0664703 0.933776 0.11565 0.114122 0.0012408
10 0.0662858 0.685627 0.111993 0.112122 0.00123615
0 0.31525 0.189266 0.112165 0.111953 0.00121781
7 0.936703 0.561112 0.111972 0.113239 0.00121114
13 0.811495 0.437549 0.111044 0.112797 0.00119453
12 0.31621 0.438015 0.113411 0.111844 0.00118096
10 0.687806 0.809242 0.110357 0.112459 0.00118053
8 0.811554 0.188821 0.111818 0.113712 0.00117183
11 0.56399 0.934116 0.112163 0.113434 0.00116195
3 0.0662904 0.0647947 0.114581 0.113243 0.00115435
1 0.0670669 0.933723 0.114306 0.113334 0.00115185
7 0.936038 0.0647224 0.111882 0.113127 0.00115052
11 0.936104 0.934119 0.112103 0.113307 0.00114359
12 0.936168 0.685439 0.112998 0.111457 0.00113986
0 0.811586 0.685905 0.111315 0.111765 0.00112987
11 0.190737 0.437677 0.1124 0.111791 0.0011297
9 0.687398 0.313469 0.110813 0.111432 0.00112868
6 0.316091 0.809433 0.111083 0.111695 0.00112474
11 0.687489 0.4366 0.112184 0.109999 0.00111419
6 0.936273 0.809374 0.112282 0.111871 0.00110052
1 0.439991 0.561401 0.112317 0.112552 0.00109743
5 0.0665044 0.0654527 0.112886 0.111338 0.00109653
8 0.688084 0.313283 0.112585 0.114067 0.00109002
4 0.191018 0.313504 0.110944 0.111766 0.00108996
10 0.81244 0.561364 0.11112 0.111486 0.00108826
7 0.936074 0.809329 0.111808 0.114536 0.00108283
0 0.315338 0.0647505 0.112836 0.11279 0.00107335
12 0.191301 0.189123 0.111893 0.11267 0.0010728
11 0.440089 0.68565 0.111644 0.112887 0.00106965
5 0.439745 0.0647559 0.111221 0.111479 0.00104056
4 0.564068 0.809334 0.110844 0.112319 0.00103992
13 0.191097 0.313345 0.111541 0.111988 0.0010376
13 0.936538 0.561081 0.112095 0.113517 0.00103642
3 0.936538 0.561081 0.112095 0.113517 0.00102889
2 0.688104 0.313288 0.112536 0.112386 0.00102319
5 0.563396 0.189347 0.112185 0.113699 0.00102003
11 0.191854 0.809529 0.111015 0.111927 0.00101757
1 0.563734 0.437686 0.112169 0.112169 0.00101287
