7 0.440043 0.934114 0.11177 0.112452 0.987228
2 0.439434 0.810012 0.112505 0.112701 0.986162
12 0.191606 0.809663 0.110918 0.112055 0.98602
3 0.0673383 0.934189 0.111996 0.1138 0.985608
3 0.315036 0.0646961 0.112012 0.113092 0.985161
13 0.56364 0.933753 0.110514 0.113327 0.985149
5 0.687621 0.934116 0.112003 0.113896 0.985129
7 0.191369 0.933924 0.11183 0.112296 0.984955
9 0.563689 0.0646646 0.111365 0.112665 0.984921
0 0.936209 0.933119 0.112309 0.111185 0.984649
5 0.0675026 0.809635 0.112852 0.113488 0.98462
6 0.315783 0.933936 0.111531 0.112313 0.98454
9 0.0674622 0.313359 0.111961 0.112489 0.984298
12 0.564237 0.809623 0.111499 0.112895 0.984004
9 0.439988 0.188979 0.11194 0.112651 0.983816
1 0.315784 0.685355 0.111661 0.112335 0.983707
1 0.812118 0.933546 0.111799 0.11267 0.983575
1 0.0670513 0.685808 0.111794 0.111702 0.983487
5 0.811702 0.0659557 0.111121 0.112146 0.983126
1 0.191189 0.561433 0.11174 0.112566 0.982961
3 0.811573 0.809784 0.112775 0.113722 0.982831
12 0.315573 0.437479 0.112033 0.112632 0.982811
1 0.936757 0.809737 0.11209 0.112131 0.982724
13 0.0672928 0.189571 0.111651 0.111689 0.982333
4 0.191469 0.0648888 0.112067 0.112165 0.982266
12 0.191404 0.188496 0.112534 0.112337 0.982252
1 0.0672532 0.437418 0.112448 0.112063 0.982172
1 0.563958 0.685168 0.111279 0.112165 0.982087
2 0.191677 0.437406 0.111026 0.1119 0.982068
4 0.43923 0.312794 0.11208 0.112426 0.981938
12 0.43982 0.561351 0.111884 0.112598 0.981926
1 0.688159 0.809359 0.111591 0.113269 0.981692
0 0.315257 0.312493 0.11215 0.111836 0.981122
1 0.31517 0.188822 0.112103 0.113179 0.981096
10 0.0670022 0.561413 0.113854 0.113499 0.981044
8 0.191308 0.313311 0.110683 0.111936 0.980779
10 0.935745 0.0654135 0.113272 0.113973 0.980701
8 0.067371 0.0647956 0.112824 0.112614 0.980165
9 0.439649 0.437583 0.111423 0.111822 0.979902
6 0.563705 0.313271 0.112 0.111768 0.979779
5 0.563823 0.189781 0.110653 0.112134 0.979611
12 0.687692 0.188634 0.111625 0.111663 0.979488
11 0.439675 0.685036 0.112589 0.113934 0.979452
3 0.812016 0.685777 0.112376 0.112707 0.979448
8 0.315871 0.80994 0.111425 0.11199 0.979394
6 0.812262 0.437146 0.111736 0.11139 0.979388
9 0.315286 0.561297 0.112659 0.112298 0.979264
6 0.812014 0.188882 0.111567 0.111634 0.979115
1 0.687922 0.064327 0.111667 0.11366 0.979114
5 0.81196 0.561205 0.112412 0.113061 0.978986
10 0.688001 0.561015 0.111675 0.113153 0.978829
5 0.68772 0.312765 0.111451 0.113052 0.978794
10 0.688129 0.436932 0.112161 0.11318 0.978726
10 0.936284 0.188406 0.112884 0.112949 0.978714
4 0.936663 0.436923 0.113384 0.113153 0.978713
9 0.935881 0.313479 0.111181 0.112331 0.9787
8 0.439522 0.0648222 0.111825 0.11202 0.97856
0 0.811882 0.312901 0.112415 0.112642 0.978555
0 0.687968 0.685214 0.112193 0.112804 0.978369
2 0.563663 0.56119 0.112335 0.113035 0.978267
13 0.936554 0.68568 0.112932 0.113281 0.978164
11 0.191056 0.684927 0.112387 0.112859 0.978144
8 0.564034 0.437136 0.111576 0.113019 0.977031
11 0.936502 0.561398 0.11275 0.113171 0.975609
7 0.0666631 0.189238 0.112156 0.111 0.0701816
2 0.191527 0.313142 0.110801 0.111443 0.0332102
5 0.936137 0.561109 0.111889 0.111086 0.0294111
3 0.43998 0.437478 0.111816 0.113488 0.0287848
5 0.190778 0.685093 0.112182 0.113 0.0213732
3 0.315595 0.561309 0.112527 0.11267 0.0100421
5 0.0666631 0.189238 0.112156 0.111 0.00750452
4 0.0667621 0.560584 0.115176 0.113231 0.00727142
4 0.688145 0.56142 0.11073 0.11305 0.00718349
4 0.688191 0.43742 0.111447 0.113166 0.00680726
2 0.564064 0.43748 0.111367 0.112151 0.00657827
5 0.43965 0.685442 0.112037 0.113046 0.00562922
2 0.31552 0.810046 0.113117 0.112635 0.00543554
0 0.688197 0.0636955 0.111619 0.113351 0.00502549
1 0.936469 0.43705 0.113252 0.113398 0.00482285
2 0.688174 0.0645777 0.110752 0.112191 0.00453002
11 0.315685 0.810092 0.112742 0.112681 0.00431123
2 0.066975 0.0647852 0.113899 0.112048 0.00417395
13 0.68787 0.437462 0.110944 0.111733 0.00399691
1 0.812771 0.43662 0.109505 0.110179 0.00393744
6 0.811609 0.685677 0.113473 0.111827 0.00388859
12 0.93636 0.313547 0.112117 0.112859 0.00382457
3 0.936177 0.313579 0.112042 0.112136 0.00364827
6 0.439771 0.561454 0.112147 0.113245 0.00345653
2 0.439617 0.0647988 0.111467 0.112358 0.0033934
2 0.067026 0.934029 0.113744 0.114007 0.00324481
6 0.811475 0.810171 0.111579 0.112545 0.00320288
12 0.0676593 0.313463 0.112897 0.11388 0.00316582
10 0.936207 0.685819 0.113558 0.113763 0.00312785
0 0.936842 0.80934 0.111713 0.112627 0.00305532
1 0.812284 0.312602 0.112456 0.113292 0.00293771
13 0.687733 0.561264 0.111122 0.11227 0.00291982
3 0.563689 0.0646646 0.111365 0.112665 0.00291109
1 0.191739 0.0649467 0.111695 0.112477 0.00286722
9 0.936289 0.933494 0.111652 0.112015 0.00283588
3 0.0675622 0.313496 0.112732 0.115134 0.0028218
10 0.936155 0.561289 0.111691 0.113015 0.00282091
1 0.811444 0.188628 0.110019 0.112756 0.00281961
12 0.936218 0.685765 0.11184 0.114064 0.00273967
1 0.439469 0.312933 0.111477 0.111915 0.00269086
13 0.936231 0.188589 0.111531 0.111111 0.00268583
11 0.564074 0.437142 0.111561 0.112212 0.00267646
7 0.688191 0.43742 0.111447 0.113166 0.00267302
11 0.0675677 0.0649909 0.11218 0.111983 0.00266044
1 0.190973 0.437929 0.108925 0.108184 0.00263187
11 0.439814 0.0645425 0.110404 0.112069 0.00261818
12 0.439963 0.436743 0.111899 0.112987 0.00259031
3 0.688104 0.313334 0.11294 0.112638 0.00254355
7 0.688145 0.56142 0.11073 0.11305 0.00254133
12 0.31542 0.561003 0.112139 0.113313 0.00242569
0 0.688116 0.80899 0.111156 0.112236 0.00229142
12 0.439821 0.18919 0.112421 0.112246 0.00227357
3 0.439507 0.18908 0.111642 0.112477 0.00226803
1 0.688103 0.685073 0.112175 0.111901 0.00226526
1 0.563809 0.313299 0.112221 0.112132 0.00224802
6 0.191195 0.809839 0.111462 0.112274 0.00218657
0 0.440008 0.438033 0.113058 0.114708 0.00217553
1 0.811446 0.809545 0.111636 0.111706 0.00214357
3 0.191165 0.437215 0.113229 0.111844 0.00213217
7 0.564065 0.933841 0.111173 0.113385 0.00212638
10 0.687842 0.933976 0.111471 0.111853 0.00204298
1 0.563889 0.561069 0.112541 0.112689 0.00203597
3 0.812271 0.437123 0.112575 0.112846 0.00198329
4 0.440499 0.933911 0.111305 0.112379 0.00196797
0 0.812621 0.933535 0.110803 0.113002 0.00194562
13 0.0671032 0.561005 0.112886 0.113155 0.0019417
11 0.688409 0.933679 0.11355 0.113563 0.00191578
4 0.688116 0.80899 0.111156 0.112236 0.00190761
6 0.936166 0.437009 0.113301 0.112731 0.00188585
3 0.812137 0.18893 0.111729 0.112956 0.00187722
2 0.81305 0.686109 0.111032 0.110044 0.00183916
4 0.688104 0.313334 0.11294 0.112638 0.00182849
9 0.191509 0.685147 0.112476 0.11253 0.00182033
7 0.936284 0.685354 0.110998 0.113858 0.00180096
10 0.811671 0.0647373 0.111653 0.112603 0.00179596
2 0.688294 0.808928 0.112561 0.113076 0.0017953
2 0.813137 0.932696 0.111237 0.113012 0.0017567
1 0.439754 0.809534 0.112975 0.112376 0.00175607
12 0.563977 0.0646912 0.112522 0.112008 0.00172771
0 0.688183 0.188677 0.112768 0.11252 0.00169645
6 0.564148 0.809841 0.112392 0.113125 0.00168564
4 0.812118 0.933546 0.111799 0.11267 0.00166429
0 0.0675622 0.313496 0.112732 0.115134 0.0016587
4 0.564067 0.685198 0.110805 0.111382 0.00164547
4 0.811682 0.685773 0.111271 0.112493 0.00164297
13 0.936747 0.064445 0.112003 0.112353 0.00162386
10 0.191576 0.684983 0.111909 0.11223 0.00160806
4 0.935941 0.188164 0.113414 0.113876 0.00157622
4 0.315784 0.685355 0.111661 0.112335 0.0015711
10 0.687723 0.31315 0.110802 0.111514 0.00157085
5 0.688106 0.561256 0.111101 0.112349 0.00154931
7 0.936273 0.436797 0.111304 0.111694 0.0015432
4 0.315493 0.189395 0.112039 0.113598 0.00154136
13 0.191474 0.933928 0.112224 0.113187 0.00153354
4 0.0672532 0.437418 0.112448 0.112063 0.00151901
11 0.811581 0.0652482 0.112694 0.111742 0.00151872
0 0.0671201 0.065198 0.111819 0.112007 0.0015169
7 0.936283 0.0642378 0.113371 0.11404 0.00149103
2 0.688104 0.313334 0.11294 0.112638 0.00147682
6 0.315812 0.43749 0.111347 0.112319 0.00145967
2 0.936469 0.43705 0.113252 0.113398 0.00145013
11 0.191238 0.313111 0.110593 0.111478 0.00142335
4 0.191773 0.933859 0.110911 0.111977 0.0014222
7 0.191847 0.0646729 0.111004 0.111421 0.00140618
0 0.191137 0.561137 0.111728 0.112706 0.00140009
10 0.811552 0.56126 0.11154 0.112054 0.00138067
2 0.688427 0.933251 0.113513 0.113918 0.00137536
10 0.0668957 0.809069 0.112356 0.112672 0.00135182
1 0.316104 0.933539 0.113055 0.112718 0.00133946
11 0.936207 0.685819 0.113558 0.113763 0.00133132
4 0.811475 0.810171 0.111579 0.112545 0.00132625
2 0.191317 0.0649443 0.110629 0.111248 0.0012965
10 0.5632 0.189356 0.110963 0.112165 0.00129066
4 0.936283 0.0642378 0.113371 0.11404 0.00128228
0 0.564101 0.685 0.111018 0.111892 0.00126183
1 0.812016 0.685777 0.112376 0.112707 0.00124511
4 0.191189 0.561433 0.11174 0.112566 0.00123992
7 0.439565 0.313051 0.111114 0.111251 0.00122928
0 0.0668189 0.685463 0.112223 0.112043 0.00122507
12 0.688103 0.437245 0.112914 0.112902 0.00121076
4 0.936757 0.809737 0.11209 0.112131 0.00119209
5 0.688148 0.437381 0.111956 0.112757 0.00116325
12 0.439469 0.312933 0.111477 0.111915 0.00115746
6 0.93606 0.809573 0.112594 0.115259 0.00114672
3 0.563958 0.561275 0.112513 0.112802 0.00113955
0 0.563618 0.438053 0.111155 0.112985 0.00113826
12 0.936273 0.436797 0.111304 0.111694 0.00113698
12 0.811705 0.685886 0.111605 0.112085 0.00113339
1 0.315257 0.312493 0.11215 0.111836 0.00112789
7 0.0674986 0.560798 0.112715 0.114508 0.00109402
10 0.0674082 0.189028 0.112306 0.111777 0.00108673
8 0.936326 0.932653 0.111095 0.111475 0.00107444
0 0.31517 0.188822 0.112103 0.113179 0.00106382
12 0.687884 0.561753 0.111222 0.112942 0.00106129
10 0.439754 0.684994 0.113278 0.11316 0.00106123
3 0.812054 0.560967 0.11222 0.111766 0.00106003
8 0.190973 0.437929 0.108925 0.108184 0.00105351
0 0.0665308 0.436547 0.114596 0.111517 0.0010529
3 0.439434 0.810012 0.112505 0.112701 0.0010451
10 0.439722 0.313456 0.110597 0.112137 0.00104028
12 0.811484 0.80989 0.111857 0.112341 0.00103624
9 0.81305 0.686109 0.111032 0.110044 0.00103551
7 0.935941 0.188164 0.113414 0.113876 0.0010307
6 0.688163 0.188792 0.112034 0.112699 0.00102927
12 0.93674 0.0649587 0.11212 0.113452 0.0010099
