3 0.315018 0.809615 0.11354 0.112846 0.987524
9 0.315359 0.685168 0.111697 0.112098 0.986358
3 0.563195 0.809529 0.112961 0.113294 0.986201
7 0.314945 0.0651268 0.111701 0.111901 0.986106
5 0.315658 0.934262 0.110332 0.11221 0.985812
9 0.811642 0.934078 0.112036 0.112643 0.985612
6 0.439612 0.933894 0.112343 0.113881 0.985259
3 0.191724 0.561465 0.11056 0.11272 0.984671
5 0.315984 0.561909 0.11103 0.112167 0.984398
10 0.439806 0.809276 0.111832 0.112511 0.984321
2 0.439284 0.685253 0.112498 0.112402 0.98424
1 0.563341 0.933773 0.111191 0.112739 0.983954
1 0.936355 0.809532 0.11231 0.111799 0.983878
5 0.687943 0.934119 0.112304 0.112286 0.983541
7 0.315701 0.313389 0.112735 0.112031 0.983215
12 0.191625 0.0641526 0.111513 0.112306 0.983207
9 0.439616 0.561379 0.111664 0.112815 0.98293
9 0.811643 0.685459 0.112054 0.111902 0.982785
4 0.19156 0.313213 0.112865 0.112807 0.982381
5 0.563901 0.685434 0.110603 0.111453 0.982158
9 0.0676741 0.934125 0.112183 0.113395 0.982053
10 0.0673779 0.437424 0.112477 0.112164 0.981882
1 0.315269 0.437236 0.112282 0.111684 0.981406
10 0.191512 0.188727 0.11261 0.112764 0.98133
2 0.935896 0.934094 0.1132 0.113518 0.981165
1 0.315316 0.189287 0.112212 0.111676 0.981035
12 0.067232 0.312766 0.112428 0.112291 0.980889
12 0.191385 0.685479 0.11216 0.111495 0.980886
1 0.066764 0.189111 0.112397 0.112329 0.980842
2 0.191148 0.809465 0.113382 0.11299 0.980268
12 0.067331 0.68551 0.112411 0.112247 0.980152
1 0.687616 0.809569 0.11172 0.113257 0.980067
0 0.191458 0.933401 0.111468 0.112082 0.979988
5 0.439294 0.313297 0.112403 0.112728 0.979787
4 0.563614 0.188564 0.112685 0.113585 0.979706
4 0.687796 0.43693 0.112833 0.113211 0.979702
11 0.439468 0.188581 0.11141 0.11249 0.979683
9 0.687875 0.188725 0.112274 0.112098 0.979628
0 0.190997 0.437292 0.111683 0.111371 0.979528
12 0.687625 0.561494 0.112869 0.112508 0.979312
13 0.687671 0.685744 0.112683 0.112453 0.979118
1 0.439502 0.0649132 0.11131 0.11325 0.979062
12 0.687783 0.313552 0.112102 0.111852 0.979061
1 0.812119 0.188531 0.112644 0.112863 0.978969
7 0.563838 0.313244 0.112292 0.113572 0.978915
0 0.563653 0.561297 0.111747 0.113623 0.978692
2 0.935983 0.0649425 0.112711 0.11294 0.978621
0 0.439319 0.437478 0.111606 0.11172 0.978621
12 0.811788 0.0645335 0.112704 0.112616 0.978566
9 0.9361 0.437516 0.111512 0.112624 0.978507
5 0.812214 0.437209 0.112807 0.113068 0.978248
6 0.936463 0.561418 0.113851 0.112235 0.978086
10 0.936609 0.685155 0.112505 0.11293 0.977915
3 0.935811 0.189092 0.111941 0.113084 0.977883
5 0.812148 0.561701 0.112739 0.112463 0.97774
5 0.812374 0.312879 0.112782 0.112591 0.977687
8 0.563875 0.437154 0.11191 0.113388 0.977669
0 0.56331 0.0652679 0.111215 0.111176 0.977585
0 0.0674196 0.56127 0.112597 0.1128 0.977582
5 0.687801 0.0640418 0.111442 0.112519 0.97753
5 0.936603 0.31293 0.112682 0.111954 0.97749
8 0.811885 0.80987 0.111516 0.11237 0.977207
0 0.0675662 0.0646814 0.111497 0.112779 0.976636
0 0.067155 0.809691 0.112117 0.112515 0.975562
1 0.0668658 0.809511 0.113746 0.112738 0.0228173
1 0.0666732 0.0644623 0.113136 0.113034 0.0222605
2 0.563962 0.43693 0.111547 0.112376 0.0188742
13 0.191323 0.188456 0.112125 0.111531 0.0129448
1 0.0668555 0.560874 0.115108 0.11273 0.0123843
5 0.935963 0.933793 0.113456 0.114309 0.0111929
2 0.812042 0.809657 0.111884 0.112137 0.00955986
12 0.811663 0.933836 0.110867 0.113059 0.00740045
5 0.936122 0.064552 0.113492 0.113987 0.00662882
4 0.191166 0.188712 0.11102 0.111906 0.00638058
3 0.936026 0.437299 0.111922 0.114161 0.006104
4 0.935848 0.685492 0.11314 0.111927 0.00586598
3 0.811481 0.685492 0.11006 0.112444 0.00569264
5 0.935848 0.685492 0.11314 0.111927 0.00566083
6 0.0674283 0.313398 0.112173 0.112138 0.00543044
12 0.811481 0.685492 0.11006 0.112444 0.00511879
4 0.0668531 0.437184 0.114669 0.112263 0.00498992
1 0.688168 0.43698 0.112875 0.113535 0.00494827
6 0.687871 0.313822 0.110535 0.112521 0.00450239
3 0.811663 0.933836 0.110867 0.113059 0.0043057
10 0.687487 0.933773 0.111538 0.111505 0.00428239
12 0.935758 0.188927 0.111642 0.111959 0.00422539
6 0.191965 0.685512 0.111479 0.111753 0.00410504
13 0.936005 0.685109 0.112165 0.111566 0.00375607
0 0.688053 0.188861 0.111655 0.113108 0.00372404
3 0.0671734 0.933447 0.113922 0.113516 0.00367193
12 0.687622 0.685387 0.111648 0.112086 0.00356513
7 0.191144 0.312901 0.111731 0.112168 0.00348376
12 0.191954 0.560889 0.111851 0.112151 0.00346128
6 0.0670356 0.685569 0.112405 0.112322 0.00342505
12 0.936026 0.437299 0.111922 0.114161 0.00327933
1 0.563807 0.56095 0.112083 0.11286 0.00314278
13 0.0669147 0.436792 0.111889 0.111783 0.00311345
3 0.440091 0.933826 0.11232 0.113923 0.00310614
3 0.936256 0.56115 0.113062 0.113966 0.00304989
7 0.687342 0.437282 0.111725 0.112352 0.00299322
0 0.813125 0.933736 0.110993 0.11192 0.00296083
0 0.812048 0.188491 0.111992 0.113563 0.00291601
2 0.68824 0.9331 0.11318 0.114263 0.00285526
8 0.813099 0.933733 0.109543 0.112761 0.00275831
3 0.315359 0.685168 0.111697 0.112098 0.0027476
7 0.0671034 0.436471 0.111694 0.112871 0.00271822
1 0.563796 0.0637888 0.111087 0.113062 0.0026371
11 0.811547 0.437314 0.112508 0.111683 0.00258946
2 0.688106 0.0642242 0.111948 0.111044 0.00258153
2 0.688119 0.809402 0.112472 0.112931 0.00249874
4 0.439806 0.809276 0.111832 0.112511 0.00247804
1 0.563843 0.188945 0.112777 0.113126 0.00243709
0 0.688116 0.809205 0.111352 0.111599 0.00242611
1 0.191128 0.436997 0.112386 0.112385 0.00240441
5 0.19134 0.80939 0.112006 0.11175 0.00226287
7 0.936027 0.684651 0.112468 0.114425 0.0022514
1 0.19192 0.313055 0.112875 0.112497 0.00224815
6 0.688241 0.561661 0.111416 0.112346 0.00224164
3 0.191148 0.809465 0.113382 0.11299 0.00222893
2 0.81262 0.437949 0.112354 0.112057 0.00222031
3 0.688106 0.0642242 0.111948 0.111044 0.00215051
5 0.439752 0.189138 0.111627 0.111797 0.00204827
1 0.439531 0.6849 0.112895 0.112805 0.00196884
8 0.688053 0.188861 0.111655 0.113108 0.00196593
4 0.812296 0.437874 0.111309 0.111672 0.0019115
11 0.811925 0.809685 0.11272 0.111643 0.00189633
3 0.811602 0.436577 0.112362 0.110624 0.00189405
7 0.439801 0.809186 0.113034 0.112648 0.00185444
12 0.687796 0.18896 0.112032 0.112891 0.00182952
0 0.439394 0.0642276 0.11142 0.11369 0.00181607
13 0.811425 0.0649151 0.111578 0.112359 0.00181201
7 0.191512 0.188727 0.11261 0.112764 0.00180326
11 0.688223 0.933456 0.113586 0.114189 0.00174766
4 0.563394 0.93352 0.110258 0.1114 0.00164867
7 0.688143 0.685636 0.112957 0.112511 0.00164732
0 0.688118 0.313376 0.110622 0.112358 0.00164447
4 0.688106 0.0642242 0.111948 0.111044 0.00163567
1 0.439508 0.436941 0.111996 0.112477 0.00161323
10 0.315262 0.933991 0.111567 0.111717 0.00160232
12 0.563973 0.313427 0.11187 0.112609 0.00158536
1 0.936439 0.0643731 0.113254 0.113687 0.00156657
2 0.688168 0.43698 0.112875 0.113535 0.00154545
0 0.936366 0.809345 0.111474 0.111809 0.00152991
3 0.811895 0.56132 0.112548 0.110828 0.00151785
2 0.813062 0.31332 0.113757 0.114506 0.0014976
4 0.936355 0.809532 0.11231 0.111799 0.00149275
1 0.936206 0.933606 0.113279 0.114387 0.001485
1 0.563337 0.809525 0.112037 0.112308 0.00147652
4 0.687732 0.809564 0.112074 0.112917 0.00147256
13 0.4398 0.809592 0.111949 0.11206 0.00147185
4 0.315582 0.189514 0.111642 0.112884 0.00145578
12 0.440079 0.560989 0.11157 0.113241 0.00145207
0 0.0668212 0.188414 0.112141 0.111963 0.00144795
6 0.935919 0.189043 0.112281 0.113184 0.00144753
7 0.811425 0.0649151 0.111578 0.112359 0.00143118
0 0.563394 0.93352 0.110258 0.1114 0.00142743
4 0.811821 0.189015 0.112103 0.112706 0.00142007
11 0.563601 0.437194 0.112105 0.112354 0.00141666
2 0.439463 0.313141 0.111797 0.111921 0.00141451
6 0.191954 0.560889 0.111851 0.112151 0.00141113
3 0.813062 0.31332 0.113757 0.114506 0.00139
2 0.191384 0.312916 0.111617 0.112977 0.00137889
12 0.316112 0.68518 0.111714 0.112259 0.0013756
10 0.936256 0.313358 0.110729 0.111254 0.00137432
4 0.315548 0.437582 0.112087 0.112548 0.00134699
3 0.440079 0.560989 0.11157 0.113241 0.00132525
1 0.315014 0.809478 0.112469 0.112308 0.00132148
4 0.812427 0.313311 0.111311 0.111732 0.00132054
0 0.315526 0.437155 0.112585 0.112454 0.00129803
3 0.439284 0.685253 0.112498 0.112402 0.00127685
2 0.563648 0.189021 0.112037 0.113839 0.0012676
5 0.439284 0.685106 0.111997 0.112036 0.0012591
12 0.0677214 0.933688 0.113385 0.113478 0.00123743
10 0.439473 0.189089 0.110864 0.111775 0.00121755
0 0.813046 0.685553 0.111663 0.110393 0.00121272
10 0.315611 0.313615 0.111636 0.111742 0.0012013
12 0.191629 0.188892 0.111301 0.112313 0.00119218
1 0.19123 0.809231 0.113433 0.112647 0.00116461
1 0.935808 0.189221 0.112374 0.11282 0.00116054
0 0.688107 0.561642 0.110238 0.112167 0.00115595
7 0.0674574 0.313521 0.114096 0.113221 0.00114341
11 0.936168 0.31323 0.112741 0.112773 0.00112967
0 0.315361 0.188931 0.111671 0.112471 0.00112615
1 0.191435 0.933241 0.111446 0.112809 0.00112519
10 0.688106 0.0642242 0.111948 0.111044 0.00112436
11 0.688081 0.0643645 0.112587 0.113184 0.00112268
12 0.315291 0.0649128 0.112807 0.111696 0.00112188
10 0.191384 0.312916 0.111617 0.112977 0.00110934
4 0.066764 0.189111 0.112397 0.112329 0.00110819
0 0.56316 0.438019 0.111394 0.114034 0.00110244
4 0.564106 0.312883 0.112472 0.113381 0.00109789
4 0.68824 0.9331 0.11318 0.114263 0.00108411
12 0.315611 0.313615 0.111636 0.111742 0.00107409
12 0.440429 0.809519 0.113241 0.113031 0.00106898
3 0.688223 0.933456 0.113586 0.114189 0.00105458
9 0.439722 0.188962 0.111591 0.111952 0.00104292
4 0.43978 0.064849 0.112115 0.113709 0.00101764
6 0.191534 0.0645808 0.111845 0.112862 0.00100548
