13 0.563671 0.809465 0.112121 0.113404 0.986233
13 0.191425 0.933725 0.113119 0.113667 0.986146
9 0.687592 0.933809 0.11245 0.113992 0.98614
5 0.315904 0.933806 0.111104 0.113459 0.98611
10 0.315791 0.809483 0.1122 0.11273 0.98595
5 0.563694 0.934325 0.111271 0.113303 0.985677
5 0.439541 0.810111 0.111263 0.112624 0.985653
5 0.314871 0.0654918 0.111443 0.111935 0.984919
7 0.0670743 0.189233 0.112873 0.112973 0.984803
12 0.191771 0.685555 0.111372 0.112259 0.98439
6 0.439248 0.0647395 0.111337 0.113353 0.984102
1 0.191342 0.809453 0.111692 0.112271 0.984082
6 0.0667494 0.933857 0.112984 0.114205 0.983905
8 0.687622 0.809653 0.111593 0.11223 0.983881
0 0.439934 0.933771 0.11289 0.11355 0.983872
3 0.315674 0.685311 0.112793 0.113087 0.983635
1 0.936378 0.809364 0.112728 0.112339 0.983596
13 0.315255 0.437827 0.112066 0.112692 0.983515
12 0.56355 0.0652271 0.11133 0.113261 0.983491
5 0.439549 0.685793 0.111678 0.112375 0.983384
5 0.563756 0.685627 0.110779 0.111963 0.983325
9 0.191548 0.0647631 0.11103 0.112291 0.983076
5 0.191332 0.189513 0.112136 0.112806 0.982997
5 0.687723 0.0657458 0.111296 0.112489 0.982988
1 0.0672412 0.685682 0.112385 0.111935 0.982692
5 0.315578 0.313649 0.112357 0.113242 0.982628
6 0.191926 0.312822 0.111875 0.113109 0.982192
6 0.0671621 0.437472 0.112574 0.112546 0.98189
2 0.314829 0.189781 0.1126 0.112636 0.981855
11 0.191095 0.56101 0.111298 0.11255 0.981771
2 0.93597 0.934123 0.113845 0.113581 0.981415
4 0.812337 0.934036 0.112526 0.11384 0.981236
4 0.812298 0.809337 0.113472 0.114044 0.981179
8 0.0669696 0.809452 0.112772 0.113394 0.98117
10 0.0674556 0.0650322 0.11377 0.113151 0.98113
2 0.314904 0.56116 0.112098 0.112643 0.981119
10 0.439216 0.313215 0.111974 0.112628 0.9811
4 0.439386 0.437241 0.112574 0.112893 0.981054
5 0.812187 0.065698 0.11194 0.112609 0.980779
10 0.0675484 0.561157 0.112417 0.113076 0.980746
0 0.191078 0.437292 0.112305 0.111985 0.980666
9 0.935777 0.685424 0.1121 0.113103 0.980363
0 0.0673771 0.313248 0.112788 0.113522 0.97996
7 0.812521 0.685252 0.112239 0.112066 0.97988
10 0.68776 0.313043 0.111905 0.113438 0.979733
5 0.439157 0.561413 0.111972 0.11346 0.979517
6 0.56385 0.189009 0.111885 0.113141 0.979457
10 0.812321 0.561131 0.112291 0.113655 0.979332
10 0.936483 0.437058 0.113317 0.11421 0.979331
1 0.935854 0.0650601 0.112741 0.113179 0.979317
3 0.563414 0.561459 0.111542 0.112264 0.979081
1 0.811861 0.43696 0.112936 0.112372 0.979011
7 0.563812 0.437236 0.1124 0.114073 0.978915
0 0.687579 0.685116 0.112382 0.112739 0.978799
2 0.687858 0.561234 0.112403 0.112945 0.978697
7 0.56363 0.313061 0.11244 0.114001 0.978541
9 0.936173 0.312914 0.112795 0.113381 0.978514
1 0.936007 0.561167 0.114224 0.113149 0.978415
0 0.687585 0.436932 0.111742 0.112292 0.978299
0 0.687598 0.188768 0.11135 0.112061 0.978236
5 0.936411 0.188472 0.112981 0.113254 0.978217
2 0.81174 0.188561 0.11242 0.112698 0.978108
0 0.439373 0.188839 0.112403 0.1129 0.977952
7 0.812181 0.312967 0.112982 0.113707 0.977854
3 0.811871 0.189918 0.112418 0.112163 0.012693
9 0.687813 0.808938 0.112166 0.113466 0.0114603
3 0.688034 0.561086 0.112455 0.113396 0.0107284
10 0.93595 0.188574 0.111173 0.112076 0.0101707
8 0.688148 0.561225 0.11034 0.113598 0.00896496
3 0.935956 0.93413 0.113152 0.112859 0.00680919
12 0.81153 0.685491 0.111688 0.112573 0.00632711
12 0.81149 0.312924 0.112183 0.11345 0.00605704
10 0.687248 0.933585 0.112277 0.113859 0.00586528
8 0.68845 0.933534 0.113145 0.113141 0.00582009
3 0.315631 0.189953 0.112313 0.112686 0.00455703
3 0.315435 0.561615 0.112771 0.113608 0.00362008
10 0.190955 0.188513 0.111174 0.111831 0.00350174
11 0.687954 0.809568 0.11121 0.113136 0.00332087
6 0.563709 0.0648224 0.110884 0.114092 0.00325221
0 0.688161 0.809456 0.112255 0.114312 0.00323003
4 0.0675484 0.561157 0.112417 0.113076 0.00322356
0 0.811969 0.436277 0.113093 0.112062 0.00315773
1 0.43946 0.437485 0.11225 0.11321 0.00309952
5 0.936207 0.437968 0.113248 0.113671 0.00309487
8 0.813016 0.189303 0.110781 0.113383 0.00297404
12 0.9361 0.313337 0.111651 0.114248 0.00296013
0 0.68845 0.933534 0.113145 0.113141 0.00288876
1 0.0670052 0.312729 0.113469 0.11255 0.00279463
10 0.439056 0.68541 0.111387 0.11222 0.00270612
0 0.936001 0.0646654 0.112312 0.113658 0.00269464
10 0.688123 0.0648483 0.112671 0.111625 0.00258169
4 0.0675078 0.0649526 0.11209 0.11394 0.00248907
6 0.439457 0.437673 0.111235 0.112164 0.00242349
10 0.315185 0.0650785 0.113362 0.112266 0.00236462
7 0.688071 0.313681 0.111754 0.114249 0.00236215
0 0.93628 0.560808 0.113641 0.112266 0.00235867
2 0.688152 0.808826 0.112394 0.113272 0.0023199
7 0.315638 0.809201 0.111812 0.112405 0.00224455
5 0.935907 0.93406 0.112774 0.114207 0.00224384
2 0.812339 0.809474 0.113101 0.113652 0.0022242
4 0.439828 0.313731 0.110483 0.113001 0.00220744
11 0.811649 0.0651879 0.11265 0.11167 0.00219831
7 0.81159 0.560971 0.110963 0.112712 0.00217555
11 0.0676829 0.809451 0.112348 0.114034 0.00214883
1 0.812339 0.809474 0.113101 0.113652 0.0021246
10 0.315584 0.933909 0.111537 0.112117 0.00211945
11 0.935941 0.188611 0.111205 0.111824 0.00210919
10 0.439353 0.561401 0.111372 0.112019 0.00209782
4 0.687743 0.313986 0.110654 0.112557 0.00208106
1 0.812337 0.934036 0.112526 0.11384 0.00206896
12 0.93612 0.685983 0.110771 0.11466 0.00205263
4 0.315638 0.809201 0.111812 0.112405 0.00201825
3 0.564129 0.188783 0.111568 0.11331 0.00201815
4 0.688123 0.0648483 0.112671 0.111625 0.00201172
7 0.0675484 0.561157 0.112417 0.113076 0.00200746
13 0.935815 0.437437 0.111946 0.111878 0.00196419
4 0.812232 0.560892 0.113023 0.113096 0.00195577
10 0.563842 0.934067 0.11132 0.112022 0.00193175
11 0.935985 0.934019 0.112256 0.114929 0.00190874
10 0.191022 0.56092 0.111881 0.113575 0.00186932
5 0.811541 0.189007 0.112447 0.112449 0.00185456
10 0.439283 0.80961 0.111481 0.11216 0.00181115
10 0.811762 0.0648517 0.111401 0.112038 0.00181066
0 0.935777 0.685424 0.1121 0.113103 0.00178457
6 0.81148 0.684958 0.112797 0.112216 0.00175984
10 0.812675 0.933845 0.111003 0.112929 0.00175586
7 0.0675078 0.0649526 0.11209 0.11394 0.001749
6 0.811647 0.809088 0.114074 0.1127 0.00174285
12 0.314999 0.436593 0.110457 0.112472 0.00170487
5 0.68805 0.313384 0.112869 0.113105 0.00167711
7 0.936054 0.436894 0.112416 0.114164 0.00166361
1 0.687716 0.436366 0.112156 0.11207 0.00165044
2 0.0669912 0.809749 0.113199 0.112804 0.00161365
5 0.813126 0.932566 0.114317 0.113608 0.00159097
5 0.314706 0.188593 0.11209 0.112277 0.00158812
2 0.439772 0.809463 0.111812 0.112306 0.00158571
12 0.563999 0.436536 0.111069 0.112141 0.00157336
0 0.936359 0.809135 0.111997 0.11232 0.00156625
3 0.812273 0.809794 0.112829 0.113143 0.001554
10 0.314997 0.313263 0.11337 0.112152 0.00153126
12 0.563627 0.809262 0.111771 0.112981 0.00148315
5 0.315406 0.809412 0.111958 0.112006 0.00146931
3 0.688123 0.0648483 0.112671 0.111625 0.00146086
13 0.81159 0.685111 0.111185 0.113038 0.00145971
11 0.935758 0.437992 0.112726 0.115185 0.00145865
4 0.563716 0.561898 0.110598 0.112053 0.00145604
13 0.439368 0.313298 0.111433 0.111793 0.00145469
11 0.687715 0.933724 0.111306 0.111491 0.0014471
1 0.687961 0.188151 0.112234 0.113125 0.00144707
2 0.43946 0.437485 0.11225 0.11321 0.00144562
13 0.0670886 0.561474 0.112411 0.112467 0.00144351
1 0.812283 0.188627 0.111756 0.113268 0.00139113
5 0.066393 0.56111 0.112427 0.112308 0.00139006
6 0.811431 0.312735 0.113092 0.113061 0.00138969
7 0.563671 0.809465 0.112121 0.113404 0.00138761
1 0.68802 0.560913 0.112469 0.113896 0.00138627
10 0.563564 0.68506 0.111886 0.112166 0.00137675
10 0.812731 0.80905 0.112084 0.112804 0.00136957
3 0.440052 0.0648255 0.110764 0.113444 0.00136874
8 0.935956 0.93413 0.113152 0.112859 0.00136206
5 0.811526 0.809105 0.112417 0.113056 0.00134688
13 0.687459 0.313008 0.111671 0.111794 0.00134247
8 0.688058 0.684791 0.112203 0.112785 0.00134026
2 0.812337 0.934036 0.112526 0.11384 0.00133903
11 0.191848 0.0644976 0.110955 0.111267 0.00133208
7 0.315087 0.436554 0.110611 0.11196 0.0013246
5 0.812593 0.561903 0.111148 0.113347 0.00132365
7 0.811757 0.93278 0.112584 0.114131 0.00130864
4 0.936378 0.809364 0.112728 0.112339 0.00129928
3 0.439938 0.437722 0.112351 0.112806 0.00128954
6 0.564295 0.437931 0.111634 0.114176 0.00125993
12 0.563642 0.31333 0.111758 0.113443 0.00125424
0 0.935502 0.312989 0.113489 0.113252 0.00124287
1 0.315248 0.560957 0.112881 0.113552 0.00124104
3 0.936071 0.313312 0.11116 0.114015 0.00122641
3 0.0666078 0.436735 0.113985 0.112727 0.00122393
3 0.191926 0.312822 0.111875 0.113109 0.00121668
4 0.191342 0.809453 0.111692 0.112271 0.00121127
7 0.439271 0.313377 0.111514 0.113334 0.00119128
4 0.812123 0.313344 0.111862 0.113582 0.00119072
4 0.93628 0.560808 0.113641 0.112266 0.00118423
11 0.563876 0.933586 0.112298 0.113045 0.00117652
1 0.687512 0.684969 0.11269 0.112317 0.00117034
7 0.812731 0.80905 0.112084 0.112804 0.00116476
4 0.0665455 0.189164 0.114164 0.112404 0.00115684
13 0.811535 0.312676 0.112097 0.113693 0.00115484
0 0.0670994 0.685451 0.112753 0.11244 0.00114397
13 0.81137 0.561008 0.111321 0.112058 0.00114289
4 0.563642 0.31333 0.111758 0.113443 0.00113991
3 0.93612 0.685983 0.110771 0.11466 0.0011386
13 0.936299 0.31328 0.111846 0.113489 0.00113828
6 0.812246 0.934373 0.112246 0.113121 0.00113586
9 0.439934 0.933771 0.11289 0.11355 0.00112992
6 0.191619 0.685665 0.112156 0.113087 0.00112938
1 0.191016 0.437222 0.112777 0.112711 0.00112288
8 0.688059 0.436727 0.111569 0.112547 0.00111149
3 0.191855 0.68534 0.112005 0.11222 0.00110887
1 0.56358 0.561596 0.111878 0.112137 0.00110307
13 0.315467 0.809905 0.111907 0.111581 0.00109553
7 0.191852 0.313618 0.112852 0.113432 0.00109074
2 0.688123 0.0648483 0.112671 0.111625 0.00108854
9 0.812264 0.561629 0.111479 0.112697 0.00108128
12 0.191709 0.933945 0.111058 0.113032 0.00107665
6 0.563758 0.313372 0.112821 0.113562 0.00105487
0 0.191287 0.809541 0.112287 0.113099 0.00104861
12 0.812264 0.561629 0.111479 0.112697 0.00104817
4 0.0672412 0.685682 0.112385 0.111935 0.00104442
12 0.191379 0.064888 0.111454 0.11194 0.00103878
7 0.439938 0.437722 0.112351 0.112806 0.00102942
4 0.315223 0.313406 0.112204 0.112975 0.00102818
1 0.43937 0.188307 0.112486 0.112863 0.00102176
11 0.936207 0.313353 0.112623 0.114262 0.00101683
