9 0.314804 0.809468 0.11258 0.111976 0.987777
9 0.439095 0.933798 0.112446 0.112816 0.987088
9 0.190974 0.933505 0.11247 0.112426 0.985903
4 0.315981 0.56121 0.11237 0.113232 0.985727
3 0.438733 0.0653401 0.111201 0.111913 0.985653
5 0.191858 0.685364 0.110996 0.111888 0.985582
3 0.563036 0.0651843 0.111412 0.112673 0.98542
13 0.812199 0.933955 0.111793 0.112354 0.984959
10 0.0672828 0.188921 0.113936 0.112412 0.984396
9 0.0669163 0.933824 0.113296 0.113362 0.984305
9 0.31587 0.189048 0.111509 0.111335 0.984266
9 0.0670909 0.561602 0.112196 0.112205 0.984246
13 0.190782 0.809518 0.111579 0.111425 0.98404
7 0.935999 0.685249 0.11309 0.111687 0.98403
13 0.812273 0.809811 0.112177 0.112187 0.983837
7 0.563969 0.933956 0.111604 0.112221 0.983835
9 0.438961 0.685595 0.112027 0.11179 0.983442
10 0.191285 0.561543 0.111868 0.11162 0.983339
4 0.440048 0.561186 0.112012 0.112935 0.983326
6 0.0673238 0.0645234 0.113933 0.113299 0.983164
6 0.191893 0.312901 0.112759 0.112702 0.982978
10 0.0669881 0.437172 0.114307 0.112721 0.982921
4 0.0669788 0.31374 0.11317 0.113319 0.982883
0 0.688015 0.93357 0.112232 0.113119 0.982632
10 0.687947 0.0651559 0.111704 0.11279 0.982448
7 0.439353 0.313272 0.113413 0.112446 0.982302
4 0.439364 0.437207 0.112168 0.112393 0.982286
7 0.315575 0.934095 0.111696 0.111236 0.982266
6 0.936889 0.80948 0.112878 0.112985 0.982201
13 0.315504 0.0652937 0.111886 0.111568 0.982014
11 0.43954 0.809602 0.110725 0.111839 0.981949
3 0.191372 0.437223 0.111495 0.111664 0.981907
2 0.31493 0.437043 0.111701 0.112288 0.981653
2 0.314993 0.313211 0.111732 0.112576 0.981527
11 0.563731 0.685084 0.110284 0.111289 0.981249
1 0.687659 0.809531 0.111896 0.113549 0.980865
2 0.438983 0.18927 0.111282 0.11268 0.980852
12 0.935988 0.0651468 0.113177 0.112623 0.980827
9 0.935919 0.189405 0.112348 0.111675 0.980621
11 0.06686 0.809569 0.112784 0.112704 0.980506
0 0.19114 0.188858 0.112674 0.112202 0.980302
11 0.191368 0.0650949 0.110909 0.112183 0.980021
3 0.56363 0.437627 0.112329 0.112317 0.97976
13 0.563646 0.313286 0.112342 0.112665 0.979358
1 0.687712 0.561285 0.112609 0.113014 0.979307
8 0.935968 0.933811 0.113591 0.113624 0.979264
8 0.314984 0.685155 0.111584 0.111279 0.979063
12 0.687611 0.313701 0.112086 0.111924 0.97892
8 0.0669122 0.68536 0.112201 0.112185 0.978892
10 0.81224 0.685118 0.112764 0.113068 0.978864
11 0.563625 0.56114 0.111691 0.113328 0.978803
0 0.687964 0.685045 0.112266 0.113126 0.978624
2 0.687347 0.43739 0.111432 0.11169 0.97854
6 0.812115 0.18892 0.112922 0.11277 0.978442
8 0.564013 0.809478 0.111236 0.113957 0.978388
8 0.812001 0.0653163 0.112285 0.112837 0.978305
2 0.563273 0.188913 0.111825 0.112353 0.978267
3 0.812107 0.561334 0.112657 0.112422 0.978003
2 0.936114 0.436879 0.113167 0.113869 0.977988
7 0.812335 0.437162 0.112677 0.112958 0.977913
3 0.936453 0.313754 0.111684 0.112075 0.977901
11 0.687522 0.188797 0.112146 0.11351 0.977802
7 0.812301 0.31291 0.112924 0.113166 0.977773
3 0.936406 0.561765 0.111719 0.111787 0.977747
5 0.439544 0.809436 0.11083 0.112012 0.0441002
5 0.56365 0.561364 0.11113 0.112018 0.0389439
5 0.563812 0.685089 0.109995 0.111 0.0383634
2 0.81191 0.0656891 0.111922 0.112538 0.0235877
2 0.563568 0.809195 0.111597 0.112303 0.0202803
10 0.812121 0.933535 0.111952 0.114255 0.0176512
5 0.688025 0.189198 0.112526 0.113077 0.0165232
2 0.935817 0.933768 0.11322 0.112813 0.0120178
5 0.06686 0.809569 0.112784 0.112704 0.00973668
3 0.688115 0.437495 0.11202 0.11277 0.00783802
2 0.0669887 0.68519 0.113938 0.112542 0.00602874
12 0.811595 0.437264 0.112119 0.112789 0.0053692
1 0.68736 0.437893 0.10946 0.112128 0.00472743
12 0.811592 0.313117 0.112311 0.113093 0.00466142
5 0.191394 0.064649 0.111707 0.11251 0.00433263
6 0.687665 0.31334 0.111985 0.112409 0.00391269
10 0.439637 0.313452 0.113149 0.112862 0.00384699
10 0.812199 0.809026 0.112439 0.113186 0.00363705
12 0.563397 0.313695 0.112412 0.113397 0.00363656
6 0.936767 0.561166 0.111775 0.112316 0.00363419
2 0.315394 0.685375 0.11181 0.112364 0.00345315
7 0.191287 0.809286 0.109809 0.111263 0.00342466
4 0.688243 0.0652552 0.111363 0.113198 0.00342357
10 0.812256 0.3133 0.113363 0.113588 0.00330347
12 0.439761 0.0648495 0.111271 0.111282 0.0032917
3 0.315409 0.437354 0.111846 0.112224 0.00329153
6 0.439761 0.0648495 0.111271 0.111282 0.00315393
11 0.31556 0.685219 0.111107 0.112668 0.00303378
1 0.315043 0.43791 0.110721 0.109912 0.00300204
8 0.688071 0.437361 0.11016 0.112948 0.00299824
2 0.190675 0.437776 0.112563 0.112128 0.00299723
10 0.686717 0.188974 0.11333 0.112902 0.00287961
7 0.812199 0.809026 0.112439 0.113186 0.00280781
12 0.936147 0.313307 0.113609 0.112992 0.0027941
1 0.935835 0.437853 0.109816 0.112811 0.00273351
0 0.688067 0.80908 0.111475 0.112009 0.00273113
4 0.56423 0.933747 0.111766 0.112472 0.00260279
12 0.936099 0.685674 0.113116 0.113397 0.00253811
7 0.439355 0.561223 0.112057 0.112372 0.00252651
12 0.936205 0.561677 0.112697 0.112743 0.00251098
6 0.936319 0.313471 0.111867 0.11261 0.00244858
1 0.315067 0.313623 0.111435 0.112077 0.00231001
10 0.563397 0.313695 0.112412 0.113397 0.00227732
4 0.812706 0.437921 0.111352 0.112669 0.0022742
1 0.0667755 0.313669 0.112786 0.112415 0.00226841
6 0.564116 0.0648652 0.111759 0.113168 0.00225535
1 0.315935 0.561312 0.113258 0.113361 0.00225464
1 0.43992 0.561351 0.112677 0.112615 0.00221908
0 0.68827 0.560939 0.11189 0.111462 0.00220522
12 0.811516 0.561665 0.112322 0.112093 0.0022047
7 0.0669287 0.438086 0.113358 0.113325 0.00215984
11 0.563397 0.313695 0.112412 0.113397 0.00214527
5 0.686787 0.437355 0.114614 0.112351 0.00213897
6 0.811544 0.436981 0.11312 0.112045 0.00213496
1 0.439867 0.437113 0.113387 0.113056 0.0021109
6 0.811545 0.31289 0.113237 0.112238 0.00209599
4 0.0670764 0.437025 0.112626 0.113633 0.00208054
4 0.812313 0.313263 0.112349 0.112783 0.00206019
7 0.439411 0.437636 0.111724 0.11226 0.00204727
3 0.563953 0.189677 0.111334 0.112816 0.00201583
12 0.812121 0.933535 0.111952 0.114255 0.00201473
11 0.564105 0.809405 0.112108 0.112441 0.0019874
6 0.563861 0.438013 0.112801 0.112007 0.00189108
11 0.811964 0.0654907 0.110951 0.113428 0.00188941
5 0.688207 0.0648799 0.111522 0.112523 0.00188093
7 0.812121 0.933535 0.111952 0.114255 0.00187676
7 0.0667755 0.313669 0.112786 0.112415 0.00187066
3 0.812166 0.189012 0.112452 0.11309 0.00184137
4 0.19108 0.561156 0.111803 0.112605 0.00183975
9 0.563955 0.808997 0.111502 0.112588 0.00183805
9 0.811454 0.561805 0.112877 0.111955 0.001835
6 0.812364 0.561289 0.111499 0.112117 0.00181895
5 0.935933 0.436859 0.113346 0.114558 0.00180592
4 0.439555 0.313403 0.112897 0.112414 0.00178827
2 0.688025 0.189198 0.112526 0.113077 0.00175245
3 0.936208 0.437331 0.11344 0.112713 0.00172732
10 0.191352 0.685334 0.112091 0.11222 0.00172285
2 0.688162 0.80928 0.11198 0.113056 0.00172005
4 0.563511 0.0652481 0.113209 0.112098 0.0017142
1 0.811379 0.561587 0.11205 0.111848 0.0017028
11 0.314924 0.0654219 0.111622 0.111956 0.00169862
1 0.936406 0.561765 0.111719 0.111787 0.00163469
2 0.688058 0.561317 0.1113 0.112678 0.00163139
0 0.688052 0.313856 0.111921 0.113748 0.00162851
4 0.81221 0.685411 0.112428 0.111454 0.00161944
1 0.563315 0.188831 0.111552 0.113842 0.00160796
4 0.315973 0.934111 0.111544 0.111803 0.00159784
1 0.43925 0.188873 0.112204 0.113819 0.00158606
11 0.935968 0.933811 0.113591 0.113624 0.00158106
1 0.936395 0.313424 0.111301 0.111781 0.00158092
8 0.688225 0.684548 0.112334 0.112687 0.0015611
12 0.935796 0.189254 0.11316 0.112087 0.00155019
4 0.935999 0.685249 0.11309 0.111687 0.00150936
7 0.688243 0.0652552 0.111363 0.113198 0.00146602
2 0.0667755 0.313669 0.112786 0.112415 0.00146277
10 0.0671878 0.809482 0.113525 0.11323 0.00145941
2 0.812149 0.561584 0.112012 0.112037 0.00143683
2 0.564426 0.438054 0.11346 0.112732 0.00141187
7 0.811622 0.685259 0.112867 0.113082 0.00137616
6 0.19146 0.437942 0.113738 0.112739 0.00137596
10 0.563873 0.561118 0.112039 0.112683 0.00137547
12 0.811325 0.809989 0.111834 0.112196 0.00137546
3 0.439864 0.18961 0.111733 0.11305 0.00136758
10 0.812115 0.437841 0.110679 0.11124 0.00136746
3 0.315297 0.313321 0.110931 0.112857 0.00134172
6 0.9361 0.685475 0.112254 0.113326 0.00134022
8 0.688492 0.932883 0.113247 0.112683 0.00132679
12 0.564426 0.438054 0.11346 0.112732 0.00132508
1 0.43952 0.0650697 0.111278 0.111909 0.0013241
8 0.935911 0.436676 0.112917 0.112158 0.0012973
8 0.315043 0.43791 0.110721 0.109912 0.00126925
13 0.688141 0.0646336 0.111832 0.112318 0.00125717
4 0.687802 0.809471 0.112117 0.113307 0.00125147
4 0.439263 0.0655109 0.111625 0.112372 0.00124785
4 0.687884 0.560809 0.112459 0.112699 0.00123618
2 0.936768 0.313582 0.112045 0.112532 0.00122384
2 0.440126 0.561321 0.112902 0.112794 0.00122153
4 0.0671833 0.1889 0.112534 0.114153 0.00120914
1 0.56363 0.437627 0.112329 0.112317 0.0012036
11 0.0673851 0.685019 0.112438 0.113953 0.00119257
12 0.0671427 0.561158 0.11235 0.113312 0.00118536
12 0.0662192 0.437367 0.113827 0.112477 0.00117221
5 0.315222 0.436777 0.110983 0.113364 0.00116591
12 0.191287 0.809286 0.109809 0.111263 0.00114553
3 0.0673238 0.0645234 0.113933 0.113299 0.00113389
1 0.562922 0.0652807 0.111733 0.111578 0.00112908
6 0.688162 0.80928 0.11198 0.113056 0.00112862
12 0.439826 0.68557 0.113219 0.112458 0.00112782
2 0.315935 0.561312 0.113258 0.113361 0.00111611
2 0.439867 0.437113 0.113387 0.113056 0.00111602
7 0.564006 0.313486 0.112354 0.112691 0.00110423
5 0.563385 0.189159 0.112877 0.113683 0.00109169
1 0.191216 0.188215 0.112546 0.112464 0.00108851
13 0.0668599 0.437043 0.112251 0.112262 0.00108674
3 0.191268 0.313255 0.111295 0.112277 0.00108469
10 0.19167 0.0646196 0.111215 0.11118 0.00107485
1 0.191592 0.437753 0.111642 0.111652 0.00107441
7 0.686731 0.313798 0.111621 0.113423 0.00106396
1 0.687869 0.684919 0.112418 0.112503 0.00105746
5 0.0663819 0.313702 0.112729 0.112713 0.00105477
13 0.315874 0.934072 0.111884 0.112542 0.00105014
11 0.439713 0.933483 0.113769 0.112252 0.00104071
3 0.936889 0.80948 0.112878 0.112985 0.00104021
0 0.936309 0.933751 0.11242 0.112728 0.00103893
7 0.191859 0.313734 0.112838 0.11292 0.00103744
11 0.81215 0.933761 0.112694 0.113665 0.00103616
9 0.688186 0.684713 0.112501 0.113443 0.00103607
7 0.0669604 0.189321 0.112405 0.112096 0.00101313
