5 0.315234 0.93424 0.110698 0.112177 0.98621
5 0.19173 0.809901 0.110503 0.111684 0.985716
2 0.439148 0.934294 0.11222 0.1129 0.985351
4 0.19177 0.685254 0.110969 0.110701 0.985284
12 0.0672827 0.934198 0.112496 0.112784 0.985174
4 0.563717 0.933939 0.111529 0.112746 0.98511
6 0.191519 0.933812 0.111843 0.112605 0.98497
6 0.936355 0.809486 0.112397 0.112778 0.984754
6 0.935118 0.0651532 0.113226 0.113239 0.984226
11 0.439417 0.809672 0.110875 0.111486 0.984164
2 0.31513 0.809743 0.112837 0.112123 0.984056
4 0.0677592 0.685411 0.111868 0.110813 0.983996
6 0.0674655 0.809456 0.113637 0.112847 0.983955
5 0.81166 0.934292 0.111798 0.111971 0.983405
12 0.687987 0.809616 0.110668 0.112288 0.983157
6 0.192057 0.561343 0.111615 0.112388 0.983084
4 0.315433 0.313068 0.113047 0.112198 0.982945
8 0.687599 0.934068 0.111839 0.112819 0.982931
6 0.935818 0.685329 0.112864 0.112642 0.982791
1 0.315589 0.685661 0.111785 0.112284 0.982686
12 0.315473 0.188447 0.111356 0.111596 0.98249
3 0.563122 0.0649249 0.112407 0.113273 0.982326
11 0.439237 0.0652205 0.110928 0.111967 0.982316
4 0.43993 0.561183 0.111567 0.111709 0.982274
10 0.0678161 0.437338 0.112505 0.111643 0.982147
2 0.315171 0.561681 0.112128 0.111756 0.981682
1 0.191102 0.313061 0.111924 0.111818 0.981331
2 0.0671685 0.064783 0.112719 0.112896 0.981315
2 0.811186 0.065245 0.111498 0.112158 0.98094
11 0.0671367 0.561498 0.113434 0.112526 0.980839
9 0.812047 0.810122 0.1121 0.112662 0.98068
2 0.935547 0.934151 0.11225 0.112333 0.980669
0 0.315156 0.064043 0.11179 0.112658 0.980392
13 0.439212 0.189136 0.110741 0.110691 0.980019
8 0.315105 0.437425 0.112211 0.112328 0.98001
9 0.563762 0.685531 0.112319 0.112425 0.979824
0 0.190983 0.189132 0.112306 0.111849 0.97979
8 0.0671924 0.188977 0.110912 0.11123 0.979634
8 0.191038 0.437359 0.111571 0.112173 0.979557
12 0.687769 0.0650509 0.109911 0.1123 0.979519
8 0.191403 0.064991 0.110861 0.111938 0.979465
0 0.935382 0.188392 0.112908 0.112545 0.979444
13 0.563848 0.561538 0.111982 0.112297 0.979396
13 0.564108 0.809524 0.111703 0.112257 0.979289
2 0.439165 0.312962 0.113263 0.112754 0.979271
13 0.68781 0.685543 0.112033 0.111543 0.979229
13 0.687615 0.189057 0.111727 0.111987 0.979019
3 0.563692 0.188893 0.111953 0.112753 0.978834
6 0.812454 0.561786 0.112133 0.112008 0.978827
1 0.811652 0.188736 0.112323 0.112263 0.978803
9 0.811858 0.437118 0.111571 0.112479 0.978795
13 0.811738 0.31314 0.111807 0.111964 0.978665
9 0.935991 0.561705 0.111453 0.111596 0.978664
2 0.563507 0.437355 0.111391 0.111898 0.978601
0 0.439296 0.437136 0.111516 0.113236 0.978379
0 0.563132 0.313838 0.111508 0.112017 0.978276
2 0.687438 0.437798 0.111352 0.111757 0.978274
2 0.935814 0.437183 0.113415 0.113425 0.978054
8 0.439951 0.685487 0.112254 0.112714 0.978038
7 0.688062 0.561702 0.112215 0.112569 0.978031
8 0.812122 0.685624 0.11203 0.112147 0.977997
2 0.687582 0.31308 0.11136 0.111434 0.977954
2 0.935851 0.312861 0.113355 0.113078 0.977663
0 0.0673905 0.312937 0.112156 0.112683 0.976815
1 0.0673623 0.312502 0.112748 0.112242 0.015562
2 0.439573 0.685613 0.111873 0.111908 0.00713729
3 0.93675 0.808865 0.112055 0.113483 0.00708155
2 0.191329 0.436923 0.111658 0.112622 0.00622355
2 0.315728 0.436952 0.112122 0.113333 0.00593726
3 0.0674655 0.809456 0.113637 0.112847 0.00574481
1 0.687616 0.437972 0.1095 0.111754 0.00567474
3 0.936288 0.684973 0.112601 0.113224 0.00502825
3 0.191519 0.933812 0.111843 0.112605 0.0049865
1 0.563691 0.312608 0.111961 0.112871 0.00491501
12 0.6874 0.188884 0.111231 0.111775 0.0049145
1 0.440033 0.561305 0.112188 0.112012 0.00476951
2 0.811631 0.685473 0.111819 0.111128 0.00452107
10 0.0674152 0.561059 0.114126 0.113901 0.00447333
1 0.563396 0.437905 0.109938 0.111029 0.00429763
2 0.0665442 0.189125 0.113445 0.111241 0.00412436
3 0.812754 0.56167 0.111642 0.113076 0.00397864
12 0.56389 0.56133 0.111731 0.112413 0.00372126
1 0.68773 0.313403 0.111071 0.11229 0.00369854
3 0.31529 0.561583 0.112532 0.111684 0.00358944
3 0.811653 0.437386 0.111374 0.112143 0.00358565
12 0.563889 0.809311 0.111167 0.111619 0.00354853
1 0.93556 0.313278 0.111878 0.113881 0.00353219
5 0.935876 0.933844 0.112906 0.113373 0.00350086
3 0.563654 0.685647 0.11087 0.111503 0.00336434
7 0.812229 0.561282 0.112833 0.112378 0.00335771
1 0.315692 0.312857 0.111753 0.112147 0.00332489
1 0.935547 0.437909 0.110496 0.113358 0.00327657
2 0.191006 0.0647215 0.112048 0.11197 0.00326534
5 0.439491 0.313096 0.111606 0.11134 0.00324144
2 0.687847 0.933486 0.111791 0.112492 0.00315976
1 0.439269 0.313438 0.111954 0.112258 0.00315932
0 0.811726 0.188597 0.111406 0.112957 0.00309362
1 0.0670196 0.685273 0.113853 0.112126 0.00304944
1 0.19132 0.685269 0.112498 0.111391 0.00303849
7 0.936046 0.68551 0.113889 0.112816 0.00293996
3 0.563897 0.437385 0.11206 0.11255 0.0028306
7 0.439434 0.561327 0.112209 0.112487 0.00279247
0 0.314969 0.438078 0.11181 0.113661 0.00277685
1 0.563941 0.933972 0.112517 0.112874 0.00276107
0 0.190605 0.438061 0.1109 0.113267 0.00275369
12 0.936451 0.56127 0.111737 0.111572 0.00265
1 0.315156 0.064043 0.11179 0.112658 0.00254376
3 0.688128 0.312777 0.111277 0.112035 0.00254014
12 0.81242 0.436692 0.111027 0.111627 0.00248157
5 0.810965 0.0648082 0.112188 0.112917 0.00247178
3 0.192057 0.561343 0.111615 0.112388 0.00246483
3 0.935365 0.437179 0.113827 0.112208 0.00245516
5 0.688166 0.313249 0.112163 0.113383 0.0024366
0 0.812218 0.437987 0.111039 0.113247 0.00239505
3 0.68805 0.437092 0.111824 0.111668 0.0023785
12 0.439577 0.188768 0.111772 0.112029 0.00233563
4 0.0672778 0.437869 0.112835 0.11093 0.00233371
12 0.688217 0.685453 0.112446 0.11189 0.00230157
5 0.688175 0.437424 0.112256 0.113166 0.00223163
12 0.686786 0.562019 0.110946 0.112663 0.00222938
1 0.439332 0.437283 0.111509 0.111902 0.00218091
0 0.688374 0.933858 0.112585 0.113487 0.00217657
1 0.191096 0.188472 0.112245 0.112255 0.0021748
10 0.191429 0.809477 0.112057 0.112495 0.0021404
3 0.811954 0.81007 0.1111 0.112343 0.00211857
5 0.439304 0.0645347 0.110796 0.112682 0.00207672
5 0.935688 0.312779 0.113811 0.113986 0.002062
3 0.31513 0.809743 0.112837 0.112123 0.00199765
10 0.439941 0.809722 0.110545 0.111598 0.00199579
0 0.813078 0.810264 0.112462 0.110796 0.00198295
7 0.935118 0.0651532 0.113226 0.113239 0.00198072
10 0.811564 0.93295 0.114028 0.111339 0.00195728
7 0.0668473 0.80926 0.113415 0.112628 0.00192217
12 0.563965 0.685502 0.112504 0.112817 0.00190703
3 0.935575 0.561554 0.113309 0.112234 0.00183142
11 0.81158 0.933483 0.11265 0.110838 0.00180848
1 0.315588 0.561529 0.112575 0.112909 0.0017975
3 0.439654 0.313417 0.112269 0.113073 0.0017575
3 0.935394 0.064892 0.111727 0.112944 0.00175068
13 0.686635 0.0650465 0.109383 0.111716 0.00174015
7 0.191231 0.685328 0.11192 0.112224 0.00171362
10 0.439304 0.0645347 0.110796 0.112682 0.00165392
1 0.43972 0.93385 0.11331 0.11342 0.00165179
6 0.688277 0.561756 0.111816 0.113327 0.00162402
2 0.813148 0.933171 0.113815 0.114555 0.00162322
12 0.812188 0.810096 0.112792 0.112696 0.0016189
7 0.688168 0.189031 0.112931 0.112653 0.00161563
5 0.93566 0.437043 0.113498 0.114177 0.00161408
7 0.686635 0.0650465 0.109383 0.111716 0.00160044
5 0.563588 0.43745 0.112884 0.112509 0.00158436
11 0.564044 0.809761 0.112066 0.111913 0.00158348
7 0.0675051 0.437978 0.113398 0.11166 0.00158337
9 0.439307 0.809852 0.111472 0.112154 0.00158043
7 0.688247 0.685572 0.112785 0.112213 0.0015598
7 0.0670196 0.685273 0.113853 0.112126 0.00155012
2 0.315692 0.312857 0.111753 0.112147 0.00147138
10 0.315159 0.934071 0.111713 0.112054 0.00146409
12 0.811182 0.3131 0.111256 0.11192 0.00145053
1 0.315693 0.809593 0.113162 0.112252 0.00144604
8 0.811305 0.810289 0.111463 0.112821 0.0014254
11 0.439787 0.685611 0.111675 0.113237 0.00141669
0 0.191184 0.313333 0.110361 0.111872 0.00141166
4 0.315589 0.685661 0.111785 0.112284 0.00139719
1 0.936137 0.933734 0.112937 0.113527 0.00138515
5 0.0671367 0.561498 0.113434 0.112526 0.00137831
4 0.688266 0.561919 0.111506 0.11315 0.00137562
1 0.811422 0.0647057 0.111939 0.112886 0.00136907
3 0.0664284 0.0650047 0.114465 0.112743 0.00135597
7 0.811805 0.313696 0.111492 0.112081 0.00134767
4 0.811459 0.189218 0.111325 0.112012 0.00132879
8 0.688184 0.437555 0.111091 0.112942 0.00128827
11 0.191036 0.437706 0.112237 0.11183 0.00126087
3 0.439776 0.933946 0.111726 0.113153 0.00124312
2 0.440033 0.561305 0.112188 0.112012 0.00122154
4 0.191184 0.313612 0.111296 0.112241 0.00121084
5 0.0664829 0.0658524 0.112264 0.1109 0.00119629
8 0.439941 0.809722 0.110545 0.111598 0.00119327
7 0.191357 0.933877 0.11214 0.113168 0.0011731
7 0.935923 0.809684 0.111926 0.113793 0.00115025
8 0.688173 0.31335 0.111303 0.113389 0.00114841
8 0.811258 0.437286 0.110732 0.112552 0.00113569
6 0.191231 0.685328 0.11192 0.112224 0.00112251
11 0.192033 0.0648985 0.110812 0.111575 0.00112158
7 0.439617 0.18945 0.111891 0.111767 0.00112058
5 0.439897 0.809825 0.111531 0.111987 0.00110772
12 0.563177 0.18923 0.111437 0.112443 0.0011077
8 0.935268 0.313296 0.112987 0.112025 0.00110697
3 0.810763 0.0649727 0.111656 0.112241 0.00110652
10 0.0677592 0.685411 0.111868 0.110813 0.00110617
2 0.563652 0.933661 0.110975 0.112174 0.00109881
2 0.811461 0.809908 0.111559 0.111948 0.00109411
0 0.811442 0.686058 0.111231 0.111991 0.0010871
7 0.688203 0.809708 0.112489 0.112147 0.0010783
3 0.935268 0.313296 0.112987 0.112025 0.00107657
2 0.935991 0.561705 0.111453 0.111596 0.00106426
6 0.687639 0.809831 0.111589 0.111986 0.00105654
0 0.563822 0.685358 0.112149 0.111842 0.0010556
9 0.811407 0.685582 0.110541 0.111966 0.00105218
0 0.0675488 0.189295 0.111146 0.112095 0.00103074
1 0.0672595 0.0651427 0.112951 0.112579 0.00102604
7 0.563796 0.561363 0.111324 0.112212 0.001024
8 0.935547 0.437909 0.110496 0.113358 0.00102227
10 0.43993 0.561183 0.111567 0.111709 0.00101913
3 0.935693 0.934157 0.113152 0.1123 0.00101054
