9 0.811094 0.933881 0.113075 0.113258 0.986415
9 0.439158 0.809372 0.11135 0.1122 0.986258
3 0.563122 0.934126 0.113847 0.11485 0.986007
6 0.316587 0.80904 0.111479 0.111993 0.985659
6 0.935925 0.808967 0.113389 0.113356 0.985541
4 0.191929 0.809394 0.112001 0.112536 0.984966
7 0.0668219 0.313571 0.113169 0.111958 0.984789
9 0.0672707 0.437745 0.112193 0.112803 0.98464
13 0.439558 0.933761 0.111766 0.114022 0.984609
3 0.191398 0.437273 0.110639 0.113098 0.984556
3 0.191899 0.933884 0.111057 0.113681 0.984322
9 0.191454 0.684798 0.111106 0.112005 0.983543
9 0.315415 0.313622 0.11097 0.112698 0.983451
11 0.0674463 0.809891 0.1129 0.111642 0.983397
0 0.935628 0.684622 0.113182 0.111164 0.983278
13 0.0669151 0.065053 0.113738 0.113463 0.983187
2 0.687689 0.809612 0.113192 0.113275 0.983002
13 0.0674108 0.561807 0.112702 0.111845 0.982795
6 0.191373 0.0643923 0.112006 0.113227 0.982705
1 0.191387 0.56143 0.111373 0.111214 0.982681
2 0.811714 0.809481 0.112428 0.112713 0.982633
13 0.315842 0.933771 0.113135 0.113973 0.982311
0 0.687577 0.93332 0.111238 0.112652 0.982227
11 0.935773 0.933926 0.112605 0.111037 0.981836
11 0.0674164 0.934464 0.113919 0.114046 0.981491
0 0.315506 0.561031 0.11162 0.111534 0.981385
0 0.31535 0.0644211 0.111129 0.113064 0.981381
1 0.0666146 0.18959 0.112668 0.11204 0.981346
11 0.191112 0.189491 0.112247 0.111956 0.981324
10 0.315667 0.684922 0.113358 0.111438 0.981266
1 0.191811 0.313034 0.111596 0.111361 0.980971
12 0.439742 0.189027 0.111598 0.111981 0.980936
1 0.315386 0.437546 0.111665 0.11139 0.980784
13 0.687672 0.685057 0.111654 0.11237 0.980335
6 0.563946 0.561413 0.112305 0.112476 0.979977
11 0.439592 0.436819 0.111412 0.112525 0.97997
4 0.563752 0.312914 0.112658 0.113364 0.979887
6 0.439444 0.0646073 0.113138 0.114233 0.979877
2 0.439491 0.560813 0.112047 0.111823 0.979868
11 0.563881 0.188646 0.111212 0.111847 0.979493
13 0.687894 0.561537 0.112775 0.113048 0.979286
2 0.0668109 0.685577 0.114406 0.113298 0.979269
4 0.688086 0.312776 0.11308 0.11328 0.979174
8 0.3157 0.189227 0.112012 0.111666 0.979129
8 0.563926 0.809337 0.111254 0.113335 0.979112
1 0.563771 0.68537 0.112238 0.111832 0.979064
1 0.439386 0.313055 0.111915 0.112285 0.978998
1 0.811775 0.68523 0.112359 0.111712 0.978895
1 0.936331 0.312642 0.113746 0.112884 0.978552
0 0.439518 0.684764 0.111086 0.112768 0.978318
1 0.93633 0.0642449 0.114468 0.113988 0.978274
0 0.687777 0.437097 0.111041 0.112459 0.978265
0 0.812059 0.313047 0.111598 0.112663 0.978228
1 0.936481 0.561205 0.11408 0.113031 0.978225
3 0.687646 0.065244 0.112086 0.112299 0.978201
11 0.936531 0.436967 0.112997 0.112518 0.977793
0 0.687639 0.189066 0.111382 0.11242 0.977765
0 0.563609 0.0650613 0.110932 0.113088 0.977753
0 0.935905 0.188789 0.110048 0.110856 0.977637
2 0.812156 0.561405 0.112627 0.113479 0.977544
8 0.564099 0.437172 0.112136 0.112922 0.977229
7 0.812495 0.43735 0.112717 0.112792 0.97718
8 0.812027 0.0644408 0.111416 0.112992 0.976676
8 0.812147 0.188498 0.112546 0.113019 0.976124
2 0.315816 0.189178 0.110205 0.111207 0.0260546
2 0.564109 0.437065 0.111399 0.111655 0.0239384
3 0.191857 0.685038 0.109742 0.111557 0.012578
2 0.812158 0.188885 0.111742 0.112197 0.0110452
12 0.811583 0.437293 0.112308 0.113682 0.00787094
5 0.936561 0.436526 0.113068 0.111635 0.00627488
5 0.935773 0.933926 0.112605 0.111037 0.00557684
12 0.81136 0.934074 0.112049 0.113812 0.00485688
2 0.563969 0.80938 0.111312 0.111941 0.00471254
2 0.811451 0.0643096 0.10988 0.112075 0.0044666
10 0.936814 0.436521 0.111176 0.111728 0.0040565
0 0.936359 0.312948 0.113141 0.111744 0.0036798
3 0.936221 0.808674 0.113593 0.114623 0.00366812
5 0.439477 0.436689 0.111613 0.111851 0.00365442
5 0.811452 0.561294 0.11319 0.112346 0.00353297
0 0.936601 0.56058 0.113477 0.111542 0.0035105
5 0.811332 0.80918 0.113763 0.113227 0.0034608
1 0.439532 0.684837 0.111102 0.111972 0.00344664
1 0.687881 0.436551 0.111567 0.11219 0.00342266
1 0.687845 0.188427 0.110821 0.112221 0.00334691
5 0.564236 0.189377 0.111023 0.111028 0.00320437
4 0.688006 0.80922 0.111686 0.112597 0.00319008
6 0.192197 0.933468 0.111805 0.111864 0.00316249
10 0.0667634 0.561201 0.113927 0.112149 0.00303159
4 0.315872 0.68497 0.112491 0.112642 0.00295257
1 0.81214 0.312658 0.111467 0.11263 0.00294468
12 0.0679497 0.436653 0.111246 0.113029 0.00290448
0 0.936036 0.064296 0.112798 0.113455 0.00289384
10 0.93576 0.933539 0.11186 0.112162 0.00288196
1 0.688046 0.313133 0.113452 0.112882 0.0028465
1 0.564006 0.313322 0.112439 0.113995 0.00280439
2 0.563791 0.933767 0.112903 0.112816 0.00280398
12 0.315753 0.313606 0.111942 0.111882 0.00276137
3 0.81136 0.934074 0.112049 0.113812 0.00272015
0 0.811798 0.685423 0.111267 0.110996 0.00267492
12 0.687628 0.685369 0.111525 0.111868 0.00265599
3 0.0667451 0.188717 0.112163 0.112347 0.00263459
1 0.563627 0.0641417 0.110428 0.113582 0.0025641
13 0.813061 0.436566 0.110798 0.112379 0.00255666
6 0.811558 0.437005 0.114227 0.113005 0.00250779
1 0.68828 0.809582 0.112455 0.113701 0.0024577
2 0.688215 0.0650419 0.110845 0.111429 0.00236651
5 0.0674164 0.934464 0.113919 0.114046 0.00230604
5 0.68828 0.809582 0.112455 0.113701 0.00219606
6 0.686765 0.0645649 0.110935 0.112328 0.00218679
3 0.0667598 0.685109 0.116184 0.113588 0.00218174
0 0.191385 0.313323 0.110939 0.111835 0.00214496
12 0.687596 0.0645642 0.111734 0.112368 0.00209067
3 0.316587 0.80904 0.111479 0.111993 0.00205302
1 0.439829 0.560793 0.112321 0.112967 0.00203449
1 0.811835 0.809085 0.11267 0.113223 0.00199497
12 0.439463 0.934106 0.11128 0.111746 0.00197503
3 0.439158 0.809372 0.11135 0.1122 0.00196414
3 0.688006 0.80922 0.111686 0.112597 0.00191869
11 0.563969 0.80938 0.111312 0.111941 0.0018822
0 0.0665075 0.189404 0.111814 0.111757 0.00187881
1 0.191829 0.809377 0.113271 0.113734 0.00187641
4 0.688186 0.0646814 0.111015 0.113624 0.00187142
7 0.315742 0.684955 0.11318 0.11277 0.00185176
3 0.564 0.560944 0.112045 0.112779 0.00182499
3 0.439553 0.0642751 0.112396 0.113718 0.00180049
9 0.936022 0.189017 0.112327 0.112352 0.00178666
0 0.439729 0.313527 0.111464 0.112465 0.00178386
3 0.811815 0.561446 0.112302 0.111968 0.00175668
11 0.811958 0.0649393 0.110934 0.11272 0.00175609
9 0.935232 0.933978 0.111468 0.112018 0.00175464
3 0.191137 0.0647974 0.11242 0.113396 0.00173686
1 0.812146 0.561329 0.112493 0.113239 0.00172369
0 0.191274 0.560844 0.111746 0.111771 0.00171885
12 0.191987 0.684648 0.111021 0.111913 0.0017161
7 0.191447 0.809312 0.112275 0.112343 0.00170257
4 0.0666702 0.313509 0.113118 0.111672 0.0016966
0 0.0676785 0.437986 0.111541 0.113084 0.00168163
9 0.191434 0.436476 0.110582 0.112497 0.00167159
0 0.564062 0.685315 0.111245 0.110902 0.00166201
3 0.315631 0.313646 0.11147 0.112167 0.0016578
7 0.687959 0.561317 0.112418 0.113432 0.00162761
5 0.0671941 0.809514 0.113866 0.11197 0.00160184
11 0.812158 0.188885 0.111742 0.112197 0.00158911
0 0.315436 0.437676 0.112028 0.112098 0.00158364
4 0.564062 0.685315 0.111245 0.110902 0.00157461
11 0.563799 0.437279 0.112311 0.111706 0.00157235
9 0.93612 0.437646 0.11123 0.111749 0.00155248
9 0.935662 0.68476 0.112179 0.110982 0.00153591
12 0.315578 0.933975 0.112062 0.112339 0.00149188
1 0.315522 0.560858 0.111611 0.112194 0.00149014
13 0.315001 0.685081 0.112653 0.11216 0.00147808
13 0.0672071 0.933325 0.114153 0.113488 0.00147795
11 0.0663708 0.0649397 0.113562 0.1127 0.00147636
1 0.0672552 0.685166 0.11381 0.112614 0.00145867
7 0.687833 0.685017 0.111116 0.112026 0.0014586
12 0.440094 0.809521 0.112116 0.112419 0.00145775
0 0.813034 0.0652474 0.10986 0.113704 0.00145518
12 0.192197 0.933468 0.111805 0.111864 0.0014442
7 0.0674172 0.561026 0.112212 0.112666 0.00144406
4 0.812381 0.436673 0.113028 0.112637 0.0014113
3 0.439623 0.560955 0.113283 0.112585 0.00139982
4 0.439636 0.312808 0.111177 0.112017 0.00139581
12 0.191754 0.437467 0.111575 0.112217 0.00137721
10 0.0674464 0.0653267 0.111627 0.112232 0.00137509
0 0.315631 0.313646 0.11147 0.112167 0.00137315
8 0.191749 0.189147 0.112071 0.111875 0.00137118
10 0.316203 0.934113 0.11229 0.112772 0.0013591
10 0.0672909 0.313469 0.113321 0.112216 0.00134874
1 0.192197 0.933468 0.111805 0.111864 0.00134587
10 0.563958 0.188517 0.110502 0.11114 0.00133803
4 0.811478 0.684839 0.111761 0.110909 0.00130985
12 0.0672632 0.313435 0.112776 0.111851 0.0013043
7 0.687515 0.312896 0.111429 0.111847 0.00129827
8 0.688273 0.932576 0.112032 0.112903 0.00129048
0 0.563523 0.438063 0.111433 0.1134 0.00126657
5 0.439373 0.560845 0.11149 0.111444 0.00126417
2 0.563656 0.188911 0.110933 0.111702 0.0012626
3 0.315191 0.437487 0.111638 0.111974 0.00124938
5 0.191725 0.809236 0.112751 0.112615 0.00122602
1 0.31535 0.0644211 0.111129 0.113064 0.0012175
0 0.813008 0.189448 0.111978 0.114563 0.001212
4 0.935699 0.0647936 0.11348 0.113249 0.00120671
4 0.315498 0.437358 0.111237 0.111549 0.0012054
3 0.0677167 0.438084 0.113354 0.115625 0.00120033
5 0.191112 0.189491 0.112247 0.111956 0.00117571
12 0.686658 0.561661 0.111172 0.111177 0.00116815
6 0.0672909 0.313469 0.113321 0.112216 0.00115358
1 0.687671 0.0646698 0.11181 0.11285 0.00114981
4 0.191444 0.56114 0.110875 0.111159 0.00113537
10 0.812488 0.437889 0.110492 0.111797 0.00113168
10 0.439754 0.436744 0.110822 0.111535 0.00112226
6 0.191754 0.437467 0.111575 0.112217 0.00112001
5 0.688252 0.064676 0.111223 0.112209 0.00111684
1 0.563617 0.934067 0.112055 0.1129 0.00111201
1 0.191754 0.437467 0.111575 0.112217 0.00109976
2 0.191366 0.436905 0.11259 0.112598 0.0010922
8 0.68814 0.436944 0.110905 0.111989 0.00107481
12 0.0669635 0.561517 0.112244 0.111727 0.00107002
2 0.564006 0.313322 0.112439 0.113995 0.00104279
10 0.190945 0.189275 0.111591 0.111124 0.0010277
10 0.687865 0.560722 0.113175 0.113622 0.00102739
13 0.0670443 0.8089 0.113009 0.11084 0.00100838
2 0.68833 0.313327 0.113649 0.114374 0.00100606
