9 0.0665265 0.809538 0.112356 0.112999 0.986051
3 0.439504 0.80966 0.112863 0.112305 0.985954
3 0.189329 0.0651752 0.113513 0.112851 0.985928
6 0.191268 0.809455 0.111825 0.111388 0.985858
5 0.439272 0.933679 0.111137 0.11323 0.985708
5 0.563553 0.933559 0.110821 0.113029 0.985388
7 0.0661548 0.0652601 0.11329 0.114366 0.983971
11 0.687567 0.933444 0.112261 0.114221 0.983834
3 0.191896 0.561983 0.112009 0.113391 0.983614
5 0.440639 0.685805 0.110796 0.112783 0.98333
5 0.687649 0.809147 0.110658 0.11216 0.983196
5 0.315768 0.437726 0.111497 0.112651 0.983108
1 0.316613 0.685842 0.111586 0.111407 0.98305
12 0.564233 0.809708 0.111034 0.113249 0.983007
7 0.0673952 0.561886 0.113261 0.113383 0.982832
1 0.0667995 0.685705 0.111537 0.111006 0.982465
11 0.190451 0.313545 0.113308 0.113227 0.982367
4 0.190486 0.1894 0.11382 0.113584 0.9823
0 0.191276 0.685685 0.112397 0.110909 0.982249
4 0.812404 0.933838 0.113339 0.115157 0.982244
11 0.0662453 0.313555 0.112478 0.113104 0.982242
2 0.190759 0.933821 0.112946 0.113586 0.981979
12 0.31536 0.93391 0.111608 0.113647 0.981964
7 0.935806 0.064938 0.114202 0.114163 0.981704
1 0.0666433 0.438197 0.111694 0.111338 0.981565
8 0.936109 0.933735 0.113118 0.114128 0.981499
0 0.190654 0.437542 0.1128 0.112206 0.981387
4 0.812286 0.809488 0.113166 0.11368 0.981145
1 0.0659637 0.1894 0.111386 0.113026 0.980915
10 0.0665217 0.933204 0.112029 0.114441 0.980908
0 0.316054 0.561699 0.112223 0.11233 0.980877
8 0.315621 0.809403 0.112458 0.112049 0.980635
10 0.936769 0.809616 0.112328 0.112885 0.980607
0 0.315106 0.312515 0.112213 0.112625 0.980422
11 0.439715 0.561468 0.111492 0.114014 0.979933
13 0.563324 0.188837 0.112326 0.113072 0.979812
1 0.314676 0.188654 0.112048 0.111871 0.979812
7 0.936297 0.685532 0.113078 0.113242 0.979663
4 0.563831 0.561539 0.113278 0.11466 0.979632
9 0.811976 0.685412 0.112413 0.113364 0.979593
9 0.686933 0.437576 0.11096 0.111573 0.979581
3 0.563169 0.437563 0.112039 0.112193 0.979517
1 0.687289 0.561284 0.112659 0.113003 0.979225
4 0.811951 0.56129 0.114094 0.113989 0.978903
9 0.936428 0.189333 0.110526 0.112045 0.978847
7 0.687211 0.685248 0.111274 0.111404 0.978836
1 0.439285 0.312585 0.112491 0.11301 0.978777
1 0.563776 0.686021 0.111476 0.111659 0.978769
12 0.439749 0.437364 0.112143 0.111903 0.978734
13 0.935845 0.561845 0.113583 0.113304 0.978699
8 0.314779 0.0647594 0.111994 0.112142 0.978689
1 0.687249 0.312624 0.112979 0.112717 0.978652
5 0.687421 0.0644229 0.111704 0.112374 0.978507
11 0.811862 0.0653452 0.112583 0.112566 0.978485
0 0.438965 0.188639 0.111774 0.11239 0.978447
6 0.563267 0.313162 0.112046 0.112942 0.978335
3 0.812171 0.188554 0.113452 0.113659 0.978152
10 0.936892 0.313092 0.113033 0.114227 0.978132
2 0.812055 0.437041 0.112848 0.112961 0.977962
0 0.812071 0.312952 0.112742 0.113274 0.977867
7 0.93646 0.437545 0.113223 0.113879 0.97785
12 0.43925 0.0654175 0.112123 0.111405 0.977834
0 0.562654 0.0655372 0.110944 0.110989 0.977775
0 0.687611 0.18826 0.112552 0.113018 0.977764
6 0.315134 0.933562 0.110716 0.1127 0.059162
6 0.563828 0.809193 0.11033 0.111571 0.0442642
6 0.439224 0.0650593 0.110995 0.113004 0.0168611
11 0.686633 0.0647401 0.111416 0.11068 0.00729848
6 0.439595 0.437719 0.112544 0.113471 0.00638189
9 0.81152 0.188639 0.112355 0.113682 0.00574695
5 0.811364 0.43716 0.113805 0.113113 0.00542379
7 0.811814 0.932546 0.113964 0.116349 0.00541558
12 0.686764 0.685513 0.110083 0.1116 0.00531827
1 0.811207 0.43791 0.10936 0.11059 0.00446306
5 0.812019 0.0657657 0.111934 0.112665 0.00443913
8 0.688284 0.932817 0.112749 0.113976 0.00443913
12 0.936135 0.685552 0.111756 0.113105 0.00397191
7 0.811597 0.80874 0.113387 0.114665 0.00391129
3 0.563318 0.31371 0.111284 0.11356 0.00382591
12 0.687656 0.436601 0.110624 0.113206 0.00375657
2 0.688132 0.809116 0.111007 0.112418 0.00362441
1 0.564242 0.561759 0.112682 0.113692 0.00325591
1 0.811813 0.561287 0.114139 0.114068 0.00317761
0 0.687848 0.311763 0.112372 0.112214 0.00310576
2 0.936014 0.934016 0.113511 0.113663 0.00309891
11 0.936074 0.93405 0.110297 0.112379 0.00308688
11 0.688104 0.809459 0.111098 0.111779 0.00300724
11 0.315097 0.436625 0.110901 0.110024 0.002645
8 0.811851 0.436457 0.111372 0.111071 0.00258619
1 0.563266 0.0638649 0.110664 0.112516 0.00257729
10 0.81126 0.0647634 0.111581 0.111649 0.00255785
12 0.936095 0.437453 0.112432 0.112996 0.00254703
10 0.43923 0.933893 0.111132 0.111456 0.00243599
2 0.314684 0.064491 0.111177 0.11213 0.00243086
2 0.813114 0.188674 0.11141 0.113144 0.00241027
5 0.936278 0.313776 0.113477 0.113252 0.00239332
7 0.811306 0.560606 0.113097 0.114461 0.00232478
3 0.191268 0.809455 0.111825 0.111388 0.00230902
4 0.0658816 0.0652356 0.114049 0.113301 0.00229872
8 0.936444 0.189069 0.109894 0.113563 0.00228208
7 0.563994 0.188452 0.112481 0.11397 0.00216557
4 0.935806 0.064938 0.114202 0.114163 0.00210752
0 0.688024 0.4372 0.111258 0.112087 0.00210187
12 0.812175 0.685563 0.111847 0.11284 0.00206852
1 0.190723 0.189588 0.113587 0.113175 0.00205168
0 0.81303 0.685671 0.110792 0.11252 0.00202309
13 0.686876 0.685063 0.111155 0.111765 0.00202203
12 0.936688 0.189216 0.111107 0.112687 0.00201681
3 0.687182 0.437103 0.112119 0.113337 0.0019902
1 0.688023 0.18756 0.112033 0.112749 0.00198841
6 0.936055 0.684983 0.111415 0.113154 0.00197022
12 0.935958 0.0647139 0.11264 0.112311 0.00196557
12 0.190481 0.0648997 0.11232 0.112275 0.00194251
4 0.564538 0.685781 0.111454 0.111545 0.00189142
6 0.563448 0.438016 0.112332 0.112009 0.00179928
1 0.316089 0.561582 0.112757 0.112671 0.00179517
4 0.0670189 0.561434 0.115032 0.113136 0.00179169
1 0.812365 0.809538 0.113415 0.113179 0.00177508
4 0.936297 0.685532 0.113078 0.113242 0.00177334
6 0.688115 0.685551 0.110798 0.112461 0.00176798
2 0.6881 0.0646911 0.11254 0.111232 0.0017173
1 0.563335 0.313294 0.111854 0.113534 0.00171041
12 0.191844 0.561675 0.111788 0.112216 0.00165749
11 0.19075 0.933637 0.112263 0.111409 0.00164818
0 0.936426 0.189286 0.109739 0.113218 0.00164678
11 0.316471 0.809644 0.112049 0.112474 0.0016249
8 0.190771 0.933689 0.111787 0.111743 0.00161659
10 0.687282 0.0647579 0.111216 0.111857 0.00161515
10 0.812371 0.809462 0.112076 0.112647 0.00160288
0 0.0669182 0.438337 0.110375 0.111425 0.00157948
3 0.811976 0.685412 0.112413 0.113364 0.00157813
2 0.316495 0.809668 0.111576 0.112773 0.00157709
7 0.439496 0.436638 0.111679 0.112788 0.00156245
1 0.812226 0.933945 0.11312 0.114571 0.00155845
1 0.438898 0.18824 0.111787 0.112766 0.00154164
10 0.935984 0.438065 0.112846 0.115737 0.00153744
4 0.439588 0.312907 0.112175 0.112393 0.00153655
10 0.563516 0.933786 0.111341 0.111946 0.00152731
4 0.316613 0.685842 0.111586 0.111407 0.00152212
11 0.563791 0.93334 0.11196 0.11311 0.00151128
4 0.687358 0.560748 0.112582 0.112684 0.00149329
10 0.440123 0.685885 0.111842 0.112337 0.00148737
10 0.812456 0.933884 0.111495 0.114818 0.0014828
0 0.687358 0.560748 0.112582 0.112684 0.00147655
12 0.563801 0.43805 0.112394 0.112429 0.00146436
5 0.066127 0.313992 0.112902 0.113673 0.00146089
8 0.811551 0.685577 0.110815 0.11253 0.0014583
6 0.936009 0.437065 0.112557 0.112783 0.00145741
11 0.936278 0.313776 0.113477 0.113252 0.00145712
11 0.439238 0.933752 0.111229 0.11113 0.00145216
0 0.439583 0.312297 0.111885 0.112803 0.00144016
10 0.687646 0.93352 0.112205 0.114864 0.00143365
4 0.563375 0.437582 0.111171 0.111419 0.00142241
5 0.813148 0.188784 0.11307 0.113216 0.00141991
4 0.314953 0.188856 0.111951 0.112634 0.00140646
9 0.936094 0.934 0.110692 0.111803 0.00138313
12 0.811759 0.188599 0.112529 0.113032 0.00138189
12 0.936278 0.313776 0.113477 0.113252 0.00132788
7 0.190393 0.189484 0.113038 0.113254 0.00131618
4 0.813099 0.18855 0.112512 0.115593 0.00130625
12 0.563252 0.188581 0.111854 0.112266 0.00128951
12 0.43975 0.809654 0.111293 0.111963 0.00127982
1 0.812119 0.312485 0.112344 0.113069 0.00126106
1 0.315106 0.312515 0.112213 0.112625 0.00125349
12 0.0665264 0.933968 0.111975 0.113151 0.00125269
2 0.563375 0.437582 0.111171 0.111419 0.00124567
13 0.0660608 0.933562 0.111696 0.111681 0.00121217
11 0.314779 0.0647594 0.111994 0.112142 0.00121109
5 0.936258 0.809768 0.111162 0.111891 0.00119891
4 0.0658156 0.190024 0.1116 0.112409 0.00114882
4 0.0666433 0.438197 0.111694 0.111338 0.00114656
1 0.190654 0.437542 0.1128 0.112206 0.001137
4 0.0666917 0.685309 0.111825 0.11136 0.00113337
10 0.314936 0.43773 0.111761 0.11203 0.00112905
2 0.564242 0.561759 0.112682 0.113692 0.00111922
0 0.314833 0.188739 0.111624 0.112829 0.00111807
4 0.563828 0.809193 0.11033 0.111571 0.00111262
0 0.0666917 0.685309 0.111825 0.11136 0.00109983
4 0.936502 0.438037 0.111859 0.115802 0.00109625
2 0.811813 0.561287 0.114139 0.114068 0.00109544
12 0.935583 0.561806 0.110963 0.111587 0.00109251
2 0.439765 0.561592 0.111029 0.111778 0.0010892
5 0.190536 0.314094 0.113527 0.113787 0.00108856
11 0.44018 0.68548 0.110706 0.110857 0.00108738
5 0.687836 0.933735 0.112913 0.114386 0.00108678
5 0.81167 0.809423 0.113096 0.112441 0.00108462
1 0.191196 0.685427 0.112394 0.111555 0.00108023
7 0.936146 0.809023 0.11193 0.113282 0.00107682
7 0.936281 0.312663 0.113046 0.115261 0.00105692
10 0.687495 0.809477 0.111391 0.111999 0.00104681
12 0.0669049 0.809038 0.112294 0.11324 0.00104508
10 0.0664312 0.313879 0.111238 0.11444 0.00104381
1 0.19071 0.933456 0.113744 0.113235 0.00103736
0 0.315949 0.685837 0.111122 0.111716 0.00103144
4 0.0663823 0.93364 0.113269 0.114673 0.00102933
10 0.935583 0.561806 0.110963 0.111587 0.001027
5 0.190962 0.933841 0.114159 0.113088 0.00102049
4 0.688305 0.685574 0.112604 0.112629 0.0010175
13 0.936708 0.313171 0.11152 0.111743 0.0010168
