5 0.315777 0.81008 0.111286 0.11294 0.987078
3 0.563313 0.93409 0.111974 0.112581 0.986769
12 0.439722 0.933742 0.111543 0.11317 0.985662
8 0.191227 0.68537 0.11166 0.112906 0.985422
5 0.0665788 0.934797 0.113305 0.114617 0.985397
4 0.563829 0.809832 0.112015 0.113008 0.985252
3 0.190949 0.93387 0.112906 0.112467 0.984838
4 0.0671036 0.685214 0.112176 0.111997 0.984757
1 0.315843 0.933917 0.112691 0.112671 0.984711
9 0.31491 0.0644666 0.111199 0.112542 0.983986
11 0.191403 0.809711 0.111472 0.11192 0.98397
1 0.936636 0.809683 0.112179 0.11179 0.983755
7 0.0675251 0.809387 0.112677 0.112226 0.983753
3 0.0667846 0.313329 0.112506 0.113163 0.983591
1 0.315748 0.685494 0.111406 0.111913 0.983428
6 0.935789 0.933768 0.112441 0.112996 0.98314
1 0.191204 0.5616 0.111539 0.111963 0.982857
10 0.31544 0.189176 0.113145 0.112161 0.982852
5 0.191475 0.314003 0.111306 0.112473 0.982734
10 0.440118 0.685539 0.112217 0.111914 0.982696
13 0.563584 0.0653106 0.112061 0.11342 0.982633
9 0.190912 0.437391 0.112342 0.112295 0.98262
12 0.564031 0.685495 0.11036 0.111886 0.98257
12 0.812596 0.809602 0.111919 0.113524 0.982441
11 0.0664186 0.438012 0.113509 0.1123 0.982421
2 0.811959 0.933701 0.112161 0.112695 0.982341
3 0.438861 0.0647847 0.111288 0.112083 0.982255
1 0.191278 0.0643319 0.112152 0.113519 0.982162
7 0.439727 0.189312 0.113639 0.113011 0.981886
12 0.0671948 0.0646766 0.112655 0.113912 0.981838
7 0.439602 0.809768 0.111495 0.111594 0.981808
1 0.0668879 0.189516 0.112365 0.112501 0.981801
1 0.688051 0.809524 0.111853 0.113311 0.981655
0 0.688304 0.933628 0.112866 0.112844 0.981653
9 0.315259 0.437382 0.112625 0.111374 0.981554
0 0.190942 0.188303 0.112291 0.112026 0.981518
12 0.314974 0.561836 0.112219 0.112606 0.980952
8 0.315318 0.313548 0.112554 0.113434 0.980223
2 0.43936 0.312929 0.112403 0.112648 0.979997
0 0.067154 0.561011 0.112226 0.113157 0.979924
3 0.563825 0.437457 0.112026 0.112229 0.979892
2 0.563569 0.189325 0.110941 0.113234 0.979777
12 0.688189 0.188855 0.111762 0.111793 0.979709
9 0.687699 0.685655 0.111784 0.111498 0.979598
0 0.439289 0.43753 0.111529 0.11173 0.979175
4 0.688025 0.561238 0.113057 0.113114 0.979066
4 0.688333 0.313062 0.112581 0.112888 0.978918
1 0.687893 0.0645382 0.111788 0.113525 0.97889
2 0.563946 0.561251 0.112665 0.113745 0.978733
12 0.439374 0.561421 0.112186 0.112691 0.978695
12 0.812525 0.312888 0.112072 0.112617 0.978611
8 0.936264 0.437114 0.113236 0.113127 0.978605
1 0.936297 0.0640904 0.114046 0.113965 0.978599
9 0.812302 0.437302 0.111756 0.112349 0.978526
0 0.563568 0.313044 0.111961 0.113481 0.978518
4 0.812529 0.561447 0.11338 0.112992 0.97848
12 0.811378 0.0651843 0.112382 0.111836 0.978452
10 0.812565 0.685517 0.112262 0.111979 0.978201
8 0.936438 0.685605 0.112305 0.112479 0.97804
2 0.811682 0.18895 0.112011 0.112137 0.977934
7 0.687633 0.437614 0.112083 0.111289 0.977884
4 0.937053 0.561404 0.113353 0.112855 0.977836
8 0.936061 0.188784 0.112947 0.112595 0.977825
6 0.93672 0.313101 0.112758 0.111638 0.977548
8 0.813181 0.933762 0.108099 0.112391 0.0112679
6 0.688295 0.438019 0.110236 0.112543 0.00976704
12 0.6886 0.4366 0.110681 0.110515 0.00724146
2 0.936395 0.685307 0.112586 0.111743 0.00707991
6 0.564117 0.685237 0.110427 0.111841 0.00650423
9 0.56408 0.436548 0.11124 0.112098 0.00559244
2 0.688163 0.0647196 0.110961 0.112224 0.00501755
2 0.936026 0.18938 0.112981 0.113362 0.00484064
0 0.813118 0.437671 0.110274 0.111982 0.00481017
0 0.68818 0.0638333 0.111658 0.113393 0.00475381
2 0.191068 0.68522 0.112122 0.113064 0.00471994
0 0.936142 0.0640497 0.112487 0.113792 0.00466095
2 0.936252 0.43681 0.113568 0.112505 0.00462233
1 0.688127 0.561547 0.112322 0.112638 0.00432686
4 0.813091 0.685895 0.110562 0.113404 0.00422272
12 0.439603 0.189188 0.112105 0.112058 0.00412617
1 0.812485 0.561573 0.113205 0.11309 0.00404263
0 0.688322 0.685554 0.11235 0.111455 0.00403804
1 0.066691 0.560611 0.114521 0.112822 0.00389173
5 0.0677202 0.438014 0.113461 0.111441 0.00364309
1 0.936741 0.561509 0.112586 0.112915 0.00348231
1 0.56373 0.561474 0.112205 0.113374 0.00300451
2 0.315167 0.313429 0.111588 0.112936 0.00296751
1 0.563794 0.809099 0.111889 0.112846 0.0029461
1 0.439384 0.313446 0.111595 0.111926 0.00294458
7 0.936488 0.561497 0.113052 0.111796 0.002828
3 0.936169 0.933718 0.111825 0.113558 0.00281318
10 0.0669356 0.436805 0.112099 0.110721 0.00280842
9 0.0662252 0.313477 0.113266 0.112513 0.0028
7 0.0666971 0.685156 0.113289 0.112266 0.0027947
0 0.936676 0.80936 0.111657 0.112291 0.00276019
1 0.688001 0.313455 0.11254 0.112415 0.00271809
12 0.812331 0.438021 0.109843 0.112451 0.00268793
3 0.813103 0.436906 0.110882 0.110917 0.00267703
1 0.811523 0.189048 0.112277 0.111943 0.00238442
3 0.936231 0.31359 0.111764 0.111554 0.00237244
5 0.813062 0.685407 0.11101 0.112209 0.00233037
6 0.439944 0.933689 0.110939 0.113425 0.00229809
3 0.812176 0.189695 0.111234 0.112463 0.00229503
1 0.563572 0.18897 0.111892 0.112675 0.00229058
4 0.688295 0.438019 0.110236 0.112543 0.00227913
0 0.688143 0.809082 0.111226 0.112026 0.00223162
1 0.563695 0.31248 0.112043 0.113003 0.00213887
0 0.191276 0.43799 0.11357 0.113307 0.00212691
0 0.935964 0.437154 0.111163 0.111773 0.00208534
2 0.688248 0.313565 0.1113 0.113266 0.00205488
1 0.0669904 0.685479 0.112556 0.112177 0.00201955
4 0.315253 0.189145 0.112414 0.112105 0.00200673
5 0.811523 0.189048 0.112277 0.111943 0.00199227
12 0.688297 0.68583 0.111497 0.111136 0.00197874
3 0.688351 0.685858 0.112629 0.112055 0.00197449
12 0.439534 0.0642759 0.111589 0.112272 0.00197077
0 0.315863 0.436831 0.111124 0.11314 0.00196722
1 0.439688 0.436812 0.1119 0.112255 0.00193364
6 0.439711 0.561315 0.111143 0.112529 0.00184977
5 0.191166 0.80981 0.113007 0.11279 0.00184788
7 0.812221 0.561493 0.113367 0.11207 0.00184492
1 0.81236 0.933462 0.112031 0.112917 0.00184443
7 0.811619 0.810363 0.112432 0.113753 0.00183395
2 0.812485 0.561573 0.113205 0.11309 0.00182975
6 0.812197 0.313507 0.112207 0.112022 0.00182844
4 0.688143 0.809082 0.111226 0.112026 0.0018271
12 0.315976 0.436733 0.111356 0.111617 0.00182206
2 0.936741 0.561509 0.112586 0.112915 0.00181221
2 0.563829 0.809832 0.112015 0.113008 0.00180714
0 0.813096 0.313377 0.109601 0.112063 0.00179467
4 0.439808 0.809292 0.111477 0.112144 0.0017329
4 0.0675251 0.809387 0.112677 0.112226 0.00167666
3 0.564227 0.561587 0.112036 0.113019 0.00167059
12 0.563822 0.436469 0.1109 0.11121 0.00164625
8 0.813002 0.189176 0.109867 0.112983 0.00162885
2 0.688127 0.561547 0.112322 0.112638 0.00162138
10 0.191153 0.313242 0.111182 0.111618 0.00162094
7 0.687698 0.561348 0.111772 0.112162 0.0015907
5 0.811694 0.932859 0.113751 0.110671 0.00158835
10 0.066306 0.934469 0.113376 0.113246 0.00158643
12 0.191592 0.43674 0.110793 0.110994 0.00157501
7 0.935949 0.933989 0.112191 0.114725 0.00155862
6 0.315308 0.561776 0.111877 0.112712 0.00154445
4 0.315748 0.685494 0.111406 0.111913 0.00153117
0 0.191278 0.0643319 0.112152 0.113519 0.00153088
0 0.0668642 0.188736 0.112367 0.112066 0.00151354
11 0.0665788 0.934797 0.113305 0.114617 0.00150288
11 0.811343 0.685664 0.111509 0.111396 0.00147095
0 0.191182 0.561279 0.111545 0.112152 0.00146928
4 0.564227 0.561587 0.112036 0.113019 0.00146868
1 0.688291 0.933477 0.112625 0.112418 0.00146615
0 0.81312 0.809952 0.111137 0.113496 0.00145806
4 0.439614 0.685488 0.113085 0.11285 0.00141805
4 0.315981 0.933666 0.111716 0.112845 0.00140112
6 0.812476 0.809517 0.112404 0.111634 0.00138592
0 0.688317 0.188991 0.112694 0.112319 0.00136062
7 0.936444 0.31356 0.111416 0.111939 0.00135249
7 0.688024 0.313349 0.111516 0.11173 0.00133354
7 0.811754 0.685597 0.111683 0.111985 0.00131126
7 0.811447 0.0646621 0.110823 0.112503 0.00131125
12 0.315346 0.064524 0.112894 0.112265 0.00130034
13 0.439875 0.685559 0.112304 0.111951 0.00129318
9 0.0669356 0.436805 0.112099 0.110721 0.00128744
0 0.315521 0.31368 0.111982 0.113049 0.00128452
10 0.191298 0.80961 0.111947 0.112216 0.00126171
2 0.688325 0.809415 0.112239 0.112944 0.00123001
0 0.936223 0.685282 0.111213 0.11205 0.00122866
11 0.936196 0.685649 0.110555 0.113567 0.00121923
8 0.688351 0.685858 0.112629 0.112055 0.00120813
3 0.56423 0.189564 0.111354 0.112818 0.00119705
3 0.44004 0.313537 0.111919 0.112788 0.00118224
8 0.191403 0.809711 0.111472 0.11192 0.00117218
4 0.191204 0.5616 0.111539 0.111963 0.00117145
2 0.0666971 0.685156 0.113289 0.112266 0.00117071
4 0.0668879 0.189516 0.112365 0.112501 0.00116205
4 0.936636 0.809683 0.112179 0.11179 0.00116196
3 0.315976 0.436733 0.111356 0.111617 0.00116069
9 0.56402 0.933624 0.111742 0.11309 0.00115599
12 0.067434 0.809689 0.113004 0.113331 0.00112439
0 0.315792 0.933803 0.111924 0.111891 0.00111992
6 0.563896 0.809409 0.112062 0.112746 0.00111543
6 0.936488 0.561497 0.113052 0.111796 0.00110767
0 0.813042 0.0647876 0.108653 0.110944 0.00109824
4 0.440083 0.189109 0.111935 0.112457 0.00109315
8 0.688545 0.932893 0.11387 0.112893 0.00107845
13 0.688667 0.436638 0.109691 0.112113 0.00107437
12 0.0669637 0.313283 0.112817 0.112911 0.00106973
8 0.19127 0.437991 0.111809 0.112688 0.00105899
12 0.563908 0.064822 0.111948 0.114176 0.00105681
0 0.314958 0.685414 0.111184 0.11204 0.00105636
1 0.191799 0.933574 0.111529 0.111678 0.00105423
1 0.439494 0.0645914 0.112022 0.112635 0.00105276
13 0.315048 0.188978 0.112176 0.111808 0.00104799
4 0.191486 0.313494 0.111355 0.112608 0.00104519
12 0.191799 0.933574 0.111529 0.111678 0.00104173
7 0.564102 0.809772 0.112769 0.112032 0.00103208
3 0.812119 0.934131 0.112005 0.111963 0.00102764
6 0.811447 0.0646621 0.110823 0.112503 0.00102468
4 0.935911 0.0644984 0.112856 0.113078 0.00101468
4 0.688106 0.0649035 0.111544 0.112965 0.00100544
11 0.811819 0.933088 0.111751 0.112892 0.00100076
