3 0.439177 0.934314 0.113901 0.115014 0.988343
3 0.315411 0.934251 0.113467 0.113985 0.988326
9 0.315126 0.0649132 0.11257 0.113278 0.987175
13 0.439257 0.809553 0.111725 0.113222 0.985958
3 0.439135 0.0650482 0.112643 0.113949 0.985789
6 0.811996 0.933899 0.112754 0.112976 0.985648
10 0.191747 0.809539 0.112098 0.112263 0.985514
9 0.935737 0.809813 0.113356 0.112315 0.985372
5 0.563493 0.809646 0.112148 0.113423 0.985178
9 0.19163 0.933644 0.112974 0.113848 0.985081
13 0.935824 0.933786 0.112184 0.113399 0.984194
11 0.563381 0.934017 0.111446 0.113479 0.98388
12 0.315278 0.685401 0.11159 0.113105 0.9838
13 0.0672458 0.313475 0.114208 0.114176 0.983793
10 0.191482 0.437449 0.112697 0.112484 0.983536
2 0.563627 0.685302 0.112518 0.112875 0.983408
4 0.315202 0.189042 0.112622 0.112542 0.983282
10 0.315131 0.437208 0.112396 0.111471 0.983067
10 0.439532 0.685331 0.112528 0.11343 0.982727
3 0.191137 0.313676 0.111234 0.113224 0.982663
6 0.439236 0.189371 0.111525 0.112663 0.98262
11 0.563214 0.0650774 0.112333 0.113863 0.982554
6 0.067257 0.561373 0.112347 0.112083 0.982387
1 0.191038 0.56119 0.11213 0.11268 0.98234
6 0.315542 0.313466 0.112224 0.112821 0.982107
1 0.0668326 0.437602 0.113183 0.112573 0.981906
6 0.935974 0.685301 0.114304 0.113031 0.981838
4 0.68785 0.809863 0.112025 0.113186 0.981613
12 0.0668611 0.189347 0.11222 0.112825 0.981513
2 0.19131 0.188814 0.111911 0.112091 0.981452
8 0.687557 0.93417 0.112722 0.113368 0.981296
11 0.0666988 0.933733 0.113228 0.113872 0.981234
12 0.315593 0.561374 0.111994 0.113167 0.981225
12 0.191192 0.0646386 0.111179 0.112256 0.981014
6 0.563506 0.189391 0.111073 0.112765 0.980449
3 0.811236 0.685757 0.11276 0.112869 0.980408
10 0.687778 0.0649306 0.111097 0.113336 0.980383
13 0.687523 0.68536 0.11229 0.113894 0.980139
13 0.563418 0.437325 0.112601 0.113333 0.980026
5 0.44008 0.56115 0.110934 0.112539 0.980005
4 0.935672 0.0651625 0.112946 0.113421 0.979894
2 0.190843 0.684994 0.112186 0.11231 0.979757
9 0.439705 0.313212 0.111517 0.112861 0.979134
12 0.688079 0.561018 0.11159 0.113475 0.979045
11 0.687883 0.43685 0.112312 0.114077 0.978911
9 0.812157 0.188481 0.111793 0.112972 0.97886
0 0.811719 0.809573 0.113282 0.113462 0.978617
1 0.687709 0.313153 0.112373 0.113112 0.978578
10 0.812585 0.436974 0.112088 0.113142 0.978497
2 0.687674 0.189052 0.111435 0.112405 0.978362
0 0.315363 0.809334 0.112591 0.113585 0.978285
11 0.812091 0.561213 0.112728 0.114252 0.978118
6 0.812573 0.312988 0.113191 0.112321 0.977992
0 0.56356 0.561091 0.112128 0.114076 0.977907
8 0.563452 0.313604 0.111707 0.112015 0.977693
8 0.0672363 0.0651027 0.111012 0.112684 0.977658
0 0.439316 0.43716 0.112005 0.114042 0.97757
2 0.936163 0.436833 0.112804 0.113428 0.977455
0 0.936123 0.188769 0.112738 0.1123 0.977425
11 0.936428 0.312873 0.112911 0.114004 0.977396
11 0.936541 0.561253 0.112809 0.114034 0.977065
8 0.0669319 0.685468 0.112059 0.112956 0.97667
8 0.812287 0.0647306 0.111028 0.111976 0.976535
0 0.0672429 0.809617 0.112222 0.112739 0.975065
1 0.0668989 0.809202 0.113902 0.113169 0.0255824
2 0.0668748 0.6853 0.113807 0.112731 0.013728
1 0.439272 0.436791 0.112318 0.114537 0.0132379
2 0.56387 0.313695 0.113026 0.113138 0.0113095
2 0.813022 0.0645607 0.110645 0.113123 0.0112537
2 0.0665738 0.0647547 0.114368 0.113874 0.00810371
2 0.687787 0.9342 0.113108 0.113286 0.00725981
6 0.191237 0.0648051 0.111469 0.113833 0.00574881
4 0.68795 0.0652618 0.112437 0.113255 0.00567648
6 0.0668611 0.189347 0.11222 0.112825 0.00552715
1 0.563707 0.560684 0.112833 0.113683 0.00533354
1 0.811604 0.933701 0.11082 0.113214 0.00509681
3 0.93616 0.809893 0.111506 0.1138 0.0048708
12 0.191721 0.313092 0.111309 0.111874 0.00481187
4 0.812277 0.437897 0.110386 0.113483 0.0046181
12 0.439305 0.313526 0.112305 0.112801 0.0044562
12 0.93616 0.809893 0.111506 0.1138 0.00429373
4 0.315516 0.437564 0.112887 0.112491 0.00412355
12 0.439805 0.064451 0.111916 0.112385 0.00408103
5 0.936275 0.560981 0.112045 0.11376 0.00404873
6 0.315658 0.685611 0.111996 0.113602 0.0040066
6 0.315593 0.561374 0.111994 0.113167 0.00391799
10 0.937139 0.31313 0.112159 0.113847 0.00385657
7 0.811707 0.436656 0.111748 0.113536 0.00367298
6 0.686881 0.560692 0.110013 0.112024 0.00361253
1 0.315371 0.809357 0.112718 0.113349 0.00358858
8 0.688147 0.43639 0.111165 0.114193 0.00355424
7 0.687444 0.809805 0.111679 0.112332 0.00352598
12 0.812242 0.18888 0.111831 0.11217 0.00336286
0 0.812971 0.188768 0.110755 0.114133 0.00327711
10 0.811588 0.561034 0.111025 0.113107 0.00325753
4 0.439704 0.685487 0.113788 0.113289 0.00325142
1 0.811642 0.312895 0.11114 0.114246 0.00321623
3 0.812219 0.313509 0.112748 0.113499 0.00320214
11 0.0671091 0.685504 0.1132 0.112191 0.00312508
0 0.687967 0.312403 0.112329 0.112818 0.00307149
1 0.315446 0.188833 0.112866 0.112587 0.00295947
1 0.811565 0.809446 0.113082 0.113079 0.00293263
4 0.191482 0.437449 0.112697 0.112484 0.0028957
5 0.811556 0.561278 0.112436 0.113179 0.00288844
3 0.936096 0.68519 0.112691 0.112661 0.00288811
10 0.936321 0.561065 0.111728 0.113581 0.00285518
7 0.935831 0.0648365 0.110227 0.111442 0.00282505
3 0.812422 0.933471 0.111568 0.113351 0.00281622
1 0.936304 0.0651245 0.112014 0.11389 0.00278285
4 0.191309 0.808859 0.112547 0.112658 0.00277552
13 0.439426 0.685431 0.111462 0.112115 0.00265179
12 0.439757 0.934231 0.11209 0.112251 0.0025784
12 0.811506 0.685678 0.110913 0.111751 0.00254325
7 0.68825 0.0651073 0.110929 0.113482 0.00246327
11 0.812297 0.0648218 0.113444 0.113973 0.00240623
13 0.19141 0.437355 0.111129 0.111566 0.00231221
10 0.687798 0.809507 0.109242 0.113758 0.00230803
8 0.563824 0.932951 0.111811 0.112721 0.002285
3 0.811626 0.189262 0.11117 0.112378 0.00218599
13 0.191152 0.809397 0.11175 0.112275 0.00217239
11 0.06699 0.0646854 0.113829 0.113822 0.00216909
11 0.0665936 0.313836 0.112833 0.112812 0.0021568
1 0.936362 0.436565 0.110666 0.113373 0.00213834
8 0.813041 0.561542 0.112033 0.114392 0.00213753
13 0.0666988 0.933733 0.113228 0.113872 0.00212265
0 0.688143 0.561451 0.11051 0.113712 0.00205607
1 0.687377 0.809946 0.112526 0.112617 0.00205176
5 0.935957 0.436983 0.11306 0.114578 0.00203788
10 0.93574 0.933088 0.111844 0.111957 0.00203291
1 0.0672007 0.561187 0.113459 0.113287 0.00202825
3 0.315542 0.313466 0.112224 0.112821 0.00202589
8 0.688227 0.189017 0.112978 0.113506 0.00192343
5 0.5638 0.934073 0.111548 0.112638 0.00191515
10 0.687918 0.437349 0.112817 0.113707 0.00191147
0 0.688397 0.933888 0.112768 0.113097 0.00190818
2 0.936304 0.0651245 0.112014 0.11389 0.00186957
5 0.563673 0.0649855 0.11224 0.113626 0.00186882
1 0.31588 0.313126 0.112267 0.11296 0.00186733
3 0.067257 0.561373 0.112347 0.112083 0.00186129
1 0.688213 0.189057 0.113686 0.114023 0.00185709
12 0.315102 0.0648193 0.112865 0.112373 0.001857
13 0.687679 0.0646257 0.110857 0.1119 0.00181639
2 0.563626 0.809099 0.111662 0.112567 0.00181523
11 0.688187 0.934262 0.11278 0.113438 0.00180895
1 0.935933 0.68538 0.111673 0.114113 0.00180554
12 0.439312 0.809529 0.111942 0.112478 0.00172065
3 0.564129 0.18939 0.111967 0.112566 0.00171606
5 0.688009 0.436621 0.111387 0.112407 0.00171333
13 0.563673 0.0649855 0.11224 0.113626 0.0016923
1 0.56421 0.189075 0.111905 0.112798 0.00168995
9 0.687758 0.437371 0.111504 0.112007 0.00167572
13 0.935982 0.561135 0.113114 0.113053 0.00167235
13 0.5638 0.934073 0.111548 0.112638 0.00166346
3 0.190957 0.685284 0.113249 0.113129 0.00165849
3 0.43984 0.189394 0.11224 0.112749 0.00164681
5 0.563642 0.68523 0.112669 0.112573 0.00163501
2 0.688033 0.31326 0.111826 0.113582 0.00163367
3 0.190846 0.188825 0.112819 0.112958 0.0016232
3 0.564081 0.684913 0.111087 0.113019 0.00161271
12 0.688093 0.685098 0.111648 0.112563 0.00160277
1 0.43996 0.189114 0.112275 0.112983 0.00157332
12 0.191804 0.933436 0.11339 0.113773 0.00155185
5 0.936186 0.312565 0.112439 0.113751 0.00153672
0 0.0663005 0.436682 0.114335 0.112023 0.00153046
6 0.811506 0.685678 0.110913 0.111751 0.00151677
9 0.936251 0.561315 0.110926 0.112098 0.00150721
10 0.936236 0.0647821 0.112147 0.11402 0.00147443
10 0.563601 0.0648205 0.11068 0.112107 0.00147254
10 0.0667648 0.933383 0.113489 0.113841 0.00145372
5 0.688211 0.0648255 0.111374 0.112957 0.00142538
13 0.688009 0.436621 0.111387 0.112407 0.00141563
3 0.936148 0.437146 0.113527 0.113844 0.00135689
0 0.439338 0.31356 0.112135 0.112281 0.00135647
7 0.191303 0.437132 0.111908 0.112306 0.00132249
13 0.811556 0.561278 0.112436 0.113179 0.00129466
13 0.314807 0.43711 0.111763 0.111725 0.00128758
11 0.439453 0.560694 0.110304 0.1128 0.00128272
5 0.0668101 0.933556 0.113489 0.113678 0.00127588
1 0.19107 0.188852 0.112173 0.112982 0.00124519
8 0.0667648 0.933383 0.113489 0.113841 0.00123867
12 0.563298 0.437028 0.111307 0.112425 0.00123643
6 0.191508 0.313605 0.112049 0.112323 0.00123338
4 0.687705 0.3134 0.112055 0.112399 0.00123327
3 0.315771 0.685459 0.112605 0.112919 0.00122778
7 0.439379 0.685374 0.112103 0.112544 0.00121717
1 0.811736 0.685489 0.112283 0.112811 0.00121684
0 0.81304 0.0652048 0.111075 0.113725 0.0012168
9 0.687701 0.933693 0.112549 0.113529 0.00119946
5 0.688213 0.189057 0.113686 0.114023 0.00119778
3 0.439499 0.3136 0.11183 0.113903 0.00119324
7 0.31588 0.313662 0.112245 0.11169 0.00118075
1 0.563824 0.684852 0.112944 0.113056 0.00117412
3 0.687835 0.560951 0.111733 0.113435 0.00117217
6 0.439757 0.934231 0.11209 0.112251 0.00116993
1 0.439726 0.0645582 0.111981 0.112744 0.00114844
10 0.439008 0.560693 0.112352 0.11241 0.00114196
5 0.81307 0.437289 0.111082 0.113951 0.00114165
3 0.315641 0.561074 0.111875 0.113562 0.00111512
4 0.439757 0.934231 0.11209 0.112251 0.00111426
11 0.56356 0.313329 0.11357 0.112858 0.00109016
4 0.191038 0.56119 0.11213 0.11268 0.00108788
7 0.315175 0.437232 0.111913 0.112373 0.00107894
10 0.31528 0.188672 0.111341 0.112266 0.00107607
11 0.93608 0.933574 0.112572 0.114007 0.00106836
10 0.563275 0.933485 0.1102 0.113007 0.00106139
0 0.190955 0.560975 0.112389 0.113241 0.00104882
3 0.688012 0.189187 0.11254 0.11366 0.00104375
6 0.688033 0.31326 0.111826 0.113582 0.00101231
13 0.935699 0.313387 0.114228 0.113826 0.00100003
