9 0.811692 0.933771 0.112681 0.113939 0.986303
9 0.935831 0.809808 0.112815 0.111453 0.985947
3 0.438704 0.0651739 0.112688 0.113492 0.985768
0 0.935958 0.933032 0.112937 0.111905 0.985603
2 0.439562 0.809769 0.111993 0.111886 0.985505
5 0.563656 0.933799 0.111849 0.113848 0.985346
5 0.439356 0.933731 0.112084 0.113849 0.985337
6 0.315334 0.933775 0.11292 0.113654 0.985215
6 0.314389 0.0649345 0.112404 0.113048 0.984964
7 0.315687 0.809504 0.111902 0.111772 0.984857
7 0.190964 0.809378 0.112547 0.111915 0.984588
9 0.0667651 0.18953 0.111967 0.112147 0.984136
9 0.0666084 0.0651791 0.111856 0.112082 0.983835
13 0.315779 0.68536 0.11158 0.112555 0.983825
5 0.191988 0.561831 0.110943 0.111745 0.983638
11 0.315521 0.561437 0.111401 0.112394 0.983437
4 0.811714 0.809577 0.113083 0.111936 0.983373
4 0.191038 0.313311 0.113217 0.112654 0.983248
5 0.316 0.43754 0.110991 0.111642 0.983017
3 0.562823 0.0651044 0.112408 0.113827 0.982977
11 0.190327 0.0650673 0.111867 0.11312 0.982928
3 0.190168 0.189506 0.113329 0.113385 0.982895
7 0.0669714 0.561577 0.112905 0.113211 0.98287
8 0.687662 0.933699 0.112658 0.113419 0.982746
1 0.067146 0.685517 0.111727 0.111066 0.982729
5 0.0674254 0.437671 0.111199 0.111532 0.982682
9 0.440003 0.685777 0.111837 0.112485 0.982577
12 0.190544 0.933729 0.112815 0.113664 0.982504
11 0.314919 0.313362 0.112027 0.112523 0.982477
12 0.563747 0.81002 0.111081 0.112449 0.98208
1 0.687752 0.809202 0.112018 0.112508 0.981313
13 0.439144 0.312888 0.11251 0.112655 0.980925
6 0.44015 0.561502 0.111411 0.112003 0.980906
0 0.190892 0.437336 0.113244 0.11291 0.9807
7 0.563809 0.685936 0.11232 0.112394 0.979892
2 0.191183 0.685409 0.112776 0.111066 0.979698
0 0.0667013 0.313928 0.111406 0.113052 0.97969
9 0.562904 0.313313 0.111509 0.111553 0.979456
1 0.314537 0.188946 0.112265 0.112132 0.979392
9 0.687651 0.0649293 0.112272 0.111821 0.97927
2 0.066469 0.933313 0.111007 0.113368 0.979175
5 0.439121 0.437188 0.111741 0.112953 0.979108
9 0.687573 0.561496 0.112001 0.112009 0.978956
11 0.687487 0.436869 0.112408 0.114227 0.978943
1 0.687522 0.312667 0.113254 0.113311 0.978931
3 0.687628 0.18808 0.112264 0.112457 0.978907
0 0.0666726 0.808827 0.11168 0.112811 0.978853
11 0.563281 0.437174 0.111493 0.114013 0.97879
11 0.687683 0.685118 0.111876 0.113644 0.978706
10 0.81192 0.561475 0.112884 0.113267 0.978555
0 0.563486 0.561606 0.111531 0.113844 0.978421
3 0.93601 0.685882 0.112149 0.112769 0.978398
9 0.811836 0.436965 0.112507 0.113205 0.978152
1 0.936867 0.0641112 0.112581 0.113113 0.978132
10 0.812214 0.685466 0.112657 0.112776 0.978116
1 0.936805 0.312975 0.112832 0.112568 0.978094
0 0.43872 0.188904 0.112182 0.113137 0.978085
3 0.936216 0.562008 0.112517 0.112659 0.977942
2 0.936173 0.436875 0.113214 0.113829 0.977798
5 0.812538 0.0642097 0.113114 0.11263 0.977283
8 0.812216 0.312699 0.113128 0.112712 0.977179
0 0.936941 0.188601 0.111518 0.112438 0.977074
8 0.812646 0.18816 0.113111 0.1128 0.976769
8 0.563254 0.188635 0.111611 0.112738 0.97673
2 0.81311 0.188196 0.11244 0.113165 0.0231605
2 0.811745 0.313432 0.113419 0.112605 0.0112857
8 0.688071 0.684749 0.110039 0.113467 0.00934479
2 0.563331 0.188756 0.112895 0.112431 0.00857806
2 0.687774 0.933737 0.113163 0.113545 0.00675311
10 0.686776 0.436663 0.110732 0.112711 0.00554108
4 0.812225 0.68597 0.111201 0.112684 0.00536674
1 0.0664302 0.313435 0.112189 0.112166 0.00536228
1 0.0663992 0.809003 0.111901 0.112124 0.00512155
12 0.563186 0.313425 0.111443 0.112601 0.00478626
6 0.190812 0.933877 0.112756 0.114519 0.00475646
0 0.688018 0.561324 0.110492 0.111885 0.00445808
12 0.936169 0.809883 0.110991 0.112776 0.00420437
7 0.190682 0.313573 0.111839 0.111872 0.00417137
12 0.439267 0.0645367 0.111655 0.111963 0.00410905
3 0.936169 0.809883 0.110991 0.112776 0.0040251
7 0.81154 0.68502 0.112524 0.112583 0.0039554
11 0.811692 0.0648407 0.112365 0.111395 0.00391116
10 0.439528 0.933689 0.111309 0.111909 0.00383512
4 0.811565 0.561933 0.11131 0.113076 0.0038283
9 0.687723 0.685557 0.111291 0.112082 0.0036677
12 0.811395 0.437499 0.111504 0.112699 0.00350486
0 0.813172 0.93241 0.111958 0.112045 0.0034255
1 0.563658 0.561123 0.112186 0.113107 0.00339297
3 0.315695 0.933797 0.111674 0.112996 0.00337911
1 0.191038 0.313311 0.113217 0.112654 0.00318279
6 0.563983 0.81033 0.1118 0.112166 0.00316484
0 0.936837 0.313381 0.112854 0.111611 0.0031322
12 0.811666 0.93357 0.111926 0.113277 0.00307604
10 0.315788 0.313285 0.111546 0.112451 0.00303932
3 0.686679 0.561862 0.110306 0.111882 0.00301991
0 0.688134 0.0644856 0.111003 0.11174 0.00301376
10 0.812435 0.80928 0.111361 0.112073 0.00298101
8 0.813138 0.93327 0.111136 0.11333 0.00291285
12 0.686679 0.561862 0.110306 0.111882 0.00290632
3 0.811395 0.437499 0.111504 0.112699 0.0028157
0 0.687927 0.311956 0.113135 0.113189 0.00276476
5 0.687569 0.685484 0.111519 0.111962 0.00274863
3 0.439903 0.561182 0.112041 0.11261 0.00271207
0 0.936398 0.0646831 0.112121 0.112518 0.00263881
5 0.936019 0.436871 0.113613 0.11519 0.00262888
12 0.0667783 0.189444 0.112084 0.112844 0.00259806
12 0.688134 0.0644856 0.111003 0.11174 0.00259161
7 0.811622 0.808698 0.112461 0.112675 0.00258076
7 0.811348 0.56085 0.112526 0.112774 0.00254154
0 0.563228 0.312981 0.111685 0.112731 0.00244125
2 0.813105 0.0645512 0.11329 0.112307 0.00240578
2 0.688186 0.809195 0.112277 0.11206 0.0023651
12 0.936035 0.56199 0.112677 0.11338 0.00234919
10 0.0662999 0.437482 0.112973 0.112873 0.00227594
13 0.190151 0.0648268 0.112591 0.112923 0.00227416
11 0.812738 0.188967 0.113397 0.113546 0.00224577
3 0.811666 0.93357 0.111926 0.113277 0.00222452
8 0.688023 0.436616 0.111547 0.114594 0.00217661
10 0.315594 0.561265 0.111783 0.112864 0.00213094
5 0.687424 0.436634 0.111396 0.112409 0.0021274
13 0.314919 0.313362 0.112027 0.112523 0.00212708
10 0.563329 0.437606 0.112131 0.113286 0.00210295
10 0.191401 0.56151 0.111865 0.111772 0.00209524
0 0.688322 0.933157 0.1131 0.114006 0.00206083
0 0.688192 0.809024 0.111606 0.110834 0.00205204
12 0.439972 0.685676 0.111871 0.113738 0.00204264
12 0.936166 0.686113 0.112083 0.113533 0.0020003
4 0.564234 0.685839 0.111747 0.112236 0.00199394
10 0.686781 0.685044 0.109799 0.113628 0.00199296
1 0.811714 0.809577 0.113083 0.111936 0.00195113
11 0.439568 0.933575 0.111194 0.111717 0.00188146
3 0.191066 0.685511 0.11374 0.112259 0.00187064
1 0.439977 0.561459 0.1099 0.11206 0.00185743
2 0.688098 0.684886 0.111238 0.112815 0.00183092
12 0.0665438 0.0650792 0.112197 0.112703 0.00182346
12 0.687562 0.188417 0.112374 0.112747 0.00181801
11 0.812099 0.313457 0.113112 0.113304 0.00177842
2 0.563857 0.933132 0.112404 0.113542 0.00175009
11 0.563816 0.933302 0.111981 0.113355 0.00173507
3 0.315069 0.0648056 0.112401 0.113249 0.00170809
3 0.440108 0.685954 0.111719 0.112678 0.00170493
4 0.316071 0.809515 0.111359 0.111557 0.00169691
9 0.688172 0.188645 0.112929 0.112918 0.00169619
1 0.936268 0.436616 0.111597 0.113293 0.00169159
3 0.813105 0.0645512 0.11329 0.112307 0.00166698
1 0.438772 0.18837 0.112346 0.113063 0.00166694
11 0.191268 0.561127 0.110686 0.111289 0.00164317
4 0.191364 0.809436 0.111866 0.111597 0.00163965
9 0.687175 0.437475 0.111884 0.112307 0.00161616
13 0.563232 0.4374 0.111527 0.112397 0.00160704
11 0.438941 0.436519 0.110427 0.111316 0.00159585
11 0.563302 0.188764 0.11319 0.113061 0.00158749
8 0.563329 0.437606 0.112131 0.113286 0.00157432
11 0.0662999 0.437482 0.112973 0.112873 0.00153768
6 0.811593 0.808997 0.113968 0.112033 0.00152967
4 0.0671808 0.562197 0.112304 0.112231 0.00152069
0 0.812076 0.437986 0.113321 0.114596 0.00148109
12 0.315585 0.685351 0.111741 0.112209 0.00147023
11 0.687662 0.933699 0.112658 0.113419 0.00146973
4 0.314774 0.188994 0.112383 0.113055 0.0014464
9 0.936598 0.189254 0.111276 0.113451 0.00144343
2 0.688172 0.188645 0.112929 0.112918 0.00142065
4 0.687829 0.809288 0.112261 0.112216 0.00141944
13 0.811235 0.685815 0.11166 0.111626 0.00140549
12 0.190581 0.189218 0.112259 0.112462 0.00139219
9 0.936045 0.933397 0.111427 0.112092 0.00139133
11 0.315118 0.436581 0.109747 0.110428 0.00138745
2 0.688015 0.312825 0.1118 0.113379 0.0013842
0 0.812113 0.313392 0.111391 0.112355 0.00138332
13 0.687424 0.436634 0.111396 0.112409 0.00137436
6 0.688172 0.188645 0.112929 0.112918 0.00135506
3 0.439562 0.809769 0.111993 0.111886 0.00135032
1 0.190892 0.437336 0.113244 0.11291 0.00134817
8 0.189769 0.0651468 0.113062 0.113109 0.00134497
5 0.439641 0.809747 0.112846 0.111151 0.00134002
2 0.191325 0.561217 0.110741 0.111802 0.001336
1 0.316309 0.93431 0.112264 0.113356 0.00133296
5 0.315623 0.561355 0.111596 0.112314 0.00133238
10 0.811702 0.0647044 0.114235 0.112444 0.00131709
1 0.936277 0.561795 0.112113 0.111972 0.0013103
6 0.936166 0.686113 0.112083 0.113533 0.00130043
3 0.0661225 0.933989 0.113102 0.113987 0.00129301
0 0.813125 0.188848 0.113306 0.114442 0.00127627
13 0.687569 0.685484 0.111519 0.111962 0.00126211
1 0.315248 0.0646663 0.112125 0.113285 0.00126114
5 0.811093 0.561535 0.112262 0.111941 0.00125489
3 0.936081 0.437286 0.113585 0.113889 0.00125319
3 0.563238 0.313456 0.111477 0.112455 0.00124105
1 0.43999 0.80934 0.112434 0.111957 0.0012272
10 0.189769 0.0651468 0.113062 0.113109 0.00121777
4 0.067235 0.437881 0.11187 0.108767 0.00119304
1 0.439241 0.0647022 0.111643 0.112379 0.00118968
4 0.0669497 0.685238 0.112207 0.111782 0.00114347
5 0.810908 0.685588 0.111481 0.11164 0.00114044
3 0.191173 0.933985 0.114036 0.112551 0.0011397
8 0.688134 0.0644856 0.111003 0.11174 0.00113724
2 0.811875 0.809334 0.112528 0.112982 0.00112291
2 0.936453 0.80955 0.110432 0.111014 0.00111669
4 0.315677 0.437841 0.111366 0.108826 0.00111645
1 0.0665989 0.933292 0.112459 0.11344 0.00110477
0 0.0669497 0.685238 0.112207 0.111782 0.00110023
6 0.0670609 0.5611 0.111173 0.113402 0.00108603
6 0.190581 0.189218 0.112259 0.112462 0.00108403
4 0.687468 0.313117 0.112374 0.113695 0.00107392
3 0.688179 0.064547 0.112837 0.111839 0.00107038
1 0.936366 0.685807 0.11212 0.112375 0.00106971
2 0.439413 0.932864 0.113101 0.113538 0.00105171
8 0.315004 0.313137 0.112551 0.113421 0.00104564
8 0.0661225 0.933989 0.113102 0.113987 0.00103554
12 0.563487 0.0646202 0.111989 0.112173 0.00103365
8 0.688018 0.561324 0.110492 0.111885 0.00101234
2 0.439334 0.436688 0.109086 0.112091 0.00100766
11 0.811683 0.932996 0.11295 0.112571 0.00100706
6 0.190682 0.313573 0.111839 0.111872 0.00100645
2 0.315453 0.436756 0.108488 0.11154 0.00100507
10 0.563722 0.933802 0.111421 0.112267 0.00100264
3 0.191232 0.561695 0.113125 0.113063 0.00100098
