3 0.315222 0.934224 0.112198 0.113145 0.988584
3 0.0671711 0.809749 0.112 0.113009 0.986946
5 0.316246 0.80982 0.11104 0.112405 0.986651
13 0.439464 0.933832 0.112075 0.113525 0.986268
9 0.315142 0.0646877 0.111146 0.112192 0.985827
7 0.439642 0.809911 0.111571 0.111787 0.985743
13 0.563483 0.933904 0.111722 0.113835 0.985693
7 0.687838 0.933754 0.112358 0.112988 0.985236
12 0.0673066 0.685902 0.112327 0.1127 0.985009
7 0.0670115 0.0650056 0.112964 0.111738 0.984901
3 0.0669587 0.189292 0.112457 0.11328 0.984593
7 0.563632 0.809595 0.111798 0.112256 0.983807
13 0.0670617 0.437779 0.112292 0.112159 0.983766
6 0.315664 0.685582 0.111527 0.111745 0.983689
13 0.315689 0.561875 0.111167 0.112407 0.983655
13 0.191393 0.437826 0.111454 0.112394 0.983475
7 0.315242 0.437347 0.112503 0.110662 0.983437
2 0.935848 0.933958 0.112052 0.111665 0.983312
3 0.811615 0.809706 0.113191 0.113993 0.98313
9 0.687557 0.0649696 0.11077 0.112433 0.983093
13 0.563559 0.0651867 0.111376 0.113164 0.983041
4 0.191631 0.809522 0.111928 0.112147 0.982872
13 0.191552 0.686014 0.110837 0.112002 0.982835
4 0.191559 0.561382 0.112346 0.1127 0.982822
7 0.812013 0.933673 0.111865 0.112909 0.982683
6 0.439508 0.0646647 0.112043 0.113891 0.982424
4 0.191379 0.0648449 0.112285 0.112774 0.98234
3 0.811758 0.0650788 0.11216 0.113742 0.981963
7 0.439262 0.313519 0.113305 0.111829 0.98178
7 0.936378 0.0654268 0.113 0.112565 0.981741
4 0.0674834 0.313128 0.113544 0.11315 0.981694
2 0.191408 0.933603 0.112623 0.112906 0.981333
1 0.315123 0.188965 0.112352 0.111864 0.981032
9 0.936567 0.809651 0.111701 0.111948 0.980942
10 0.0672121 0.56132 0.11368 0.112557 0.980818
1 0.687657 0.809432 0.111849 0.113024 0.980781
0 0.31514 0.312277 0.112291 0.112554 0.980763
3 0.935775 0.18927 0.113056 0.113502 0.980674
5 0.440038 0.437947 0.111163 0.112377 0.980403
1 0.0667977 0.933875 0.112614 0.113404 0.980337
0 0.190987 0.188923 0.112221 0.111587 0.980001
13 0.563868 0.561579 0.112817 0.113374 0.979478
6 0.68784 0.685542 0.112489 0.111819 0.979432
11 0.563801 0.685059 0.112189 0.113932 0.979369
12 0.812309 0.436918 0.112143 0.112179 0.979151
13 0.687785 0.561507 0.112778 0.113284 0.979129
10 0.687938 0.312772 0.112028 0.113394 0.979009
1 0.812215 0.685398 0.113577 0.11287 0.978976
10 0.687686 0.188901 0.11207 0.11291 0.978937
11 0.563543 0.436942 0.111456 0.114011 0.978891
7 0.687682 0.437497 0.111021 0.111561 0.978741
0 0.439372 0.685149 0.112337 0.11323 0.978669
5 0.936503 0.436764 0.113199 0.113273 0.978648
6 0.811907 0.188913 0.112308 0.111745 0.97849
1 0.936168 0.561207 0.114411 0.113457 0.978467
0 0.563402 0.313083 0.111899 0.113501 0.978395
7 0.563608 0.18916 0.111662 0.112637 0.978313
8 0.439259 0.18904 0.112873 0.111361 0.97812
11 0.190826 0.313509 0.111338 0.112062 0.97806
11 0.811966 0.561269 0.112358 0.113926 0.977518
7 0.936509 0.685614 0.112755 0.112667 0.977408
11 0.439708 0.560837 0.111981 0.114358 0.976563
2 0.936368 0.313312 0.111145 0.11144 0.976499
11 0.811464 0.312904 0.111594 0.111759 0.974183
5 0.439713 0.561262 0.111349 0.112741 0.0183713
5 0.190759 0.312637 0.111632 0.112121 0.0155422
5 0.811498 0.313758 0.111776 0.112058 0.0143184
12 0.191692 0.685419 0.112084 0.111747 0.0124157
3 0.936567 0.809651 0.111701 0.111948 0.0121202
5 0.811651 0.56122 0.111612 0.111626 0.0111469
4 0.935548 0.0654325 0.114001 0.113026 0.00935339
12 0.811637 0.933354 0.111975 0.111201 0.00921593
5 0.563589 0.437628 0.111243 0.112247 0.00665784
6 0.812683 0.436572 0.110706 0.112069 0.00664906
4 0.0667947 0.560928 0.115023 0.112401 0.00627197
1 0.191586 0.561113 0.112133 0.11305 0.00611957
4 0.688027 0.18925 0.112219 0.1141 0.00594551
12 0.936232 0.81017 0.111465 0.113645 0.0055991
12 0.19173 0.437364 0.111406 0.111311 0.00556403
4 0.688094 0.313262 0.111369 0.113813 0.00543297
12 0.686829 0.437151 0.110904 0.112474 0.00519839
2 0.0666794 0.809716 0.11368 0.112775 0.00512851
12 0.936153 0.685879 0.113192 0.112988 0.00447534
1 0.936235 0.313374 0.110393 0.113243 0.00422943
10 0.811542 0.312888 0.111696 0.112789 0.00416457
6 0.811432 0.810155 0.111882 0.112598 0.00407434
3 0.687557 0.0649696 0.11077 0.112433 0.00381081
11 0.439721 0.188768 0.111656 0.111791 0.00377453
1 0.0670564 0.313196 0.113433 0.112318 0.00376383
10 0.0667265 0.437489 0.113123 0.111721 0.00374474
4 0.935836 0.685203 0.113953 0.112741 0.00340507
13 0.687558 0.189157 0.111077 0.111933 0.00338765
1 0.191476 0.809375 0.111986 0.112091 0.00327542
6 0.811637 0.933354 0.111975 0.111201 0.00322075
2 0.439795 0.189203 0.111725 0.112133 0.00314688
6 0.81155 0.0649748 0.112114 0.112777 0.00312478
0 0.936405 0.560815 0.113503 0.11227 0.00305772
1 0.811324 0.188738 0.11009 0.113355 0.00298506
7 0.563559 0.0651867 0.111376 0.113164 0.00296234
0 0.6881 0.809003 0.111246 0.111548 0.0029519
10 0.811404 0.561236 0.111013 0.112497 0.00292481
5 0.563126 0.685239 0.110326 0.111961 0.00290721
4 0.0674685 0.0648071 0.113159 0.112184 0.00276365
12 0.688145 0.561406 0.112227 0.11278 0.00275622
7 0.688027 0.18925 0.112219 0.1141 0.00274188
1 0.439832 0.0649032 0.11111 0.111543 0.00273334
1 0.56358 0.312507 0.112249 0.113253 0.00270521
3 0.811876 0.188881 0.112485 0.11329 0.00259757
1 0.191593 0.0649923 0.111842 0.112797 0.00259126
6 0.688097 0.437181 0.112006 0.112704 0.00257481
12 0.31548 0.0647472 0.112757 0.112429 0.00256602
12 0.688083 0.0649513 0.110903 0.112365 0.00256315
7 0.19188 0.0646405 0.11096 0.111476 0.00254296
1 0.68824 0.68506 0.111948 0.1125 0.0025376
10 0.191449 0.31316 0.111968 0.112488 0.00248021
0 0.688083 0.0649513 0.110903 0.112365 0.00247952
1 0.316292 0.68554 0.111185 0.112424 0.00241573
10 0.563901 0.436754 0.110799 0.112573 0.00240641
7 0.191297 0.685669 0.111329 0.11232 0.00238855
2 0.688111 0.809087 0.113059 0.112997 0.00236619
12 0.936196 0.0653319 0.113586 0.113062 0.00235535
13 0.687663 0.313179 0.111016 0.111922 0.00235079
7 0.688094 0.313262 0.111369 0.113813 0.00229551
4 0.688029 0.933697 0.112283 0.112874 0.00226472
3 0.81272 0.436657 0.110192 0.112738 0.00221588
3 0.191408 0.933603 0.112623 0.112906 0.00216314
3 0.315631 0.68539 0.112069 0.113271 0.00214448
7 0.68793 0.561104 0.111923 0.113313 0.00212288
6 0.93585 0.189151 0.112833 0.113031 0.0021085
7 0.564071 0.561296 0.112025 0.113416 0.00208599
10 0.936439 0.437266 0.112103 0.112448 0.00205621
0 0.812083 0.685128 0.112855 0.112469 0.00196159
6 0.93616 0.685656 0.112078 0.112867 0.00194763
4 0.564014 0.18898 0.111808 0.112687 0.00193539
6 0.066777 0.188166 0.112815 0.113098 0.00193064
13 0.0670558 0.561226 0.112539 0.112586 0.00192345
2 0.0664242 0.189204 0.112779 0.112565 0.00188495
5 0.935908 0.933692 0.11451 0.113822 0.0018727
4 0.811592 0.933781 0.112796 0.112829 0.0018699
1 0.93615 0.933545 0.113066 0.11288 0.00186849
12 0.0667265 0.437489 0.113123 0.111721 0.00185956
11 0.0667265 0.437489 0.113123 0.111721 0.00184481
4 0.564026 0.809316 0.111415 0.112143 0.00183099
6 0.315502 0.43662 0.110083 0.111702 0.00179498
1 0.0664159 0.809453 0.112227 0.111582 0.00178932
3 0.315142 0.0646877 0.111146 0.112192 0.00176786
3 0.687766 0.685456 0.111906 0.113102 0.00172476
2 0.191586 0.561113 0.112133 0.11305 0.00170339
6 0.936112 0.0651067 0.113159 0.111743 0.00169893
12 0.31588 0.438009 0.110627 0.112052 0.00169343
0 0.812229 0.437533 0.112039 0.11241 0.0016657
3 0.439508 0.0646647 0.112043 0.113891 0.00166554
5 0.688014 0.189201 0.113527 0.113603 0.00165773
12 0.935617 0.189091 0.111863 0.112002 0.00164793
4 0.811432 0.810155 0.111882 0.112598 0.00164381
0 0.315171 0.188758 0.112286 0.113033 0.00163811
7 0.191487 0.561108 0.11178 0.111945 0.00162697
1 0.191495 0.933391 0.112407 0.111682 0.00156888
4 0.811987 0.437093 0.112395 0.112177 0.00155892
12 0.564306 0.561429 0.112464 0.113356 0.00151073
1 0.811191 0.809593 0.112097 0.112203 0.00150552
12 0.315439 0.561425 0.11173 0.112102 0.00150031
4 0.688127 0.437083 0.112046 0.112842 0.00149745
6 0.0666792 0.313404 0.111697 0.111308 0.00147465
1 0.191086 0.188422 0.112123 0.112263 0.00146964
9 0.439757 0.561154 0.111666 0.112194 0.00146908
7 0.439464 0.933832 0.112075 0.113525 0.00146579
4 0.440116 0.80964 0.110913 0.111517 0.00145249
10 0.439911 0.560937 0.112759 0.1134 0.00145102
7 0.0670963 0.560788 0.112979 0.113676 0.00143865
12 0.439394 0.933814 0.111136 0.111403 0.00142357
4 0.439979 0.313042 0.112142 0.112051 0.00142164
4 0.066777 0.188166 0.112815 0.113098 0.00139732
7 0.19173 0.437364 0.111406 0.111311 0.00139608
10 0.315467 0.437929 0.109673 0.111665 0.00138885
7 0.0669354 0.313066 0.112679 0.112721 0.00138568
5 0.688063 0.313134 0.112394 0.113325 0.00138204
4 0.315713 0.43782 0.111705 0.111026 0.00135002
7 0.31573 0.561468 0.111936 0.113007 0.00134757
4 0.936505 0.31318 0.111817 0.111246 0.0013396
4 0.439701 0.437856 0.112256 0.111004 0.00133565
2 0.191179 0.0649264 0.110902 0.111562 0.00133037
2 0.191476 0.809375 0.111986 0.112091 0.00129686
10 0.439538 0.437511 0.111694 0.112327 0.00128559
6 0.0667095 0.685471 0.113792 0.113225 0.00127567
0 0.0667551 0.933738 0.113513 0.113716 0.00124523
7 0.191354 0.809643 0.112289 0.112399 0.00124285
10 0.811708 0.933002 0.111201 0.111349 0.00123422
6 0.439809 0.809879 0.112395 0.112371 0.00122887
4 0.81155 0.0649748 0.112114 0.112777 0.00122686
7 0.0669845 0.436523 0.112786 0.114248 0.00122425
10 0.439716 0.313609 0.112247 0.112195 0.00121432
0 0.0673066 0.685902 0.112327 0.1127 0.00121222
5 0.93616 0.312807 0.114023 0.113454 0.00120389
12 0.0664716 0.18867 0.112549 0.113339 0.00120321
12 0.811199 0.0648406 0.111986 0.112671 0.00119228
4 0.68777 0.809421 0.112228 0.112735 0.00118156
4 0.935848 0.933958 0.112052 0.111665 0.00117975
3 0.936394 0.436463 0.113515 0.111751 0.00117958
4 0.812083 0.685128 0.112855 0.112469 0.00117375
12 0.686841 0.933679 0.112139 0.111495 0.00117283
7 0.688195 0.685023 0.112946 0.112437 0.00116971
8 0.936235 0.313374 0.110393 0.113243 0.00115623
3 0.936452 0.313369 0.111361 0.112617 0.00115022
12 0.563938 0.0647477 0.11179 0.114271 0.00113638
10 0.563872 0.685017 0.112834 0.113496 0.00112592
6 0.688311 0.932945 0.114889 0.113893 0.00111818
1 0.93571 0.189305 0.112354 0.112504 0.00111072
4 0.936405 0.560815 0.113503 0.11227 0.00109713
1 0.315444 0.313255 0.112787 0.113069 0.00108313
12 0.315092 0.933977 0.111416 0.111925 0.00107703
4 0.315379 0.189223 0.112167 0.113357 0.00107521
7 0.81286 0.436528 0.11156 0.112128 0.00106258
10 0.439409 0.933502 0.111464 0.111296 0.00105748
2 0.315222 0.934224 0.112198 0.113145 0.00105334
5 0.19199 0.933815 0.112021 0.112869 0.00104858
6 0.0664159 0.809453 0.112227 0.111582 0.00104606
10 0.191434 0.809605 0.112461 0.112735 0.00104284
10 0.688311 0.932945 0.114889 0.113893 0.00102725
4 0.935617 0.189091 0.111863 0.112002 0.00102499
2 0.813023 0.685306 0.112096 0.112591 0.001023
13 0.315467 0.437929 0.109673 0.111665 0.00102294
11 0.688118 0.0646993 0.111731 0.112152 0.00100845
12 0.688101 0.31307 0.111981 0.113365 0.00100715
