2 0.56362 0.934013 0.11193 0.113157 0.986725
2 0.563871 0.809646 0.11221 0.112806 0.986216
13 0.314922 0.0649608 0.112263 0.11313 0.985705
8 0.439567 0.934268 0.112565 0.112817 0.985415
7 0.935181 0.0651126 0.114811 0.113898 0.985208
6 0.315641 0.933795 0.112113 0.113216 0.985037
12 0.315788 0.561553 0.111827 0.112957 0.984691
8 0.31518 0.809757 0.112011 0.111953 0.984685
6 0.936144 0.933727 0.111954 0.113165 0.984555
7 0.0668236 0.934213 0.113213 0.113518 0.984372
7 0.56353 0.0649956 0.112051 0.11266 0.984212
6 0.687992 0.809556 0.111524 0.113255 0.983985
2 0.811825 0.934 0.112304 0.112678 0.983983
1 0.936688 0.809467 0.11207 0.111947 0.983961
12 0.0672618 0.809522 0.112358 0.113251 0.983932
1 0.316058 0.685304 0.110991 0.111487 0.983786
7 0.191254 0.313622 0.111525 0.112194 0.983725
7 0.191464 0.685999 0.112047 0.112031 0.983636
1 0.191471 0.809711 0.11133 0.112353 0.983606
1 0.0669899 0.685879 0.111825 0.111587 0.983597
5 0.0670299 0.189763 0.11262 0.112493 0.98336
1 0.440244 0.809307 0.111387 0.112699 0.983048
9 0.191009 0.933746 0.11081 0.112439 0.983038
2 0.191261 0.0650116 0.111964 0.113271 0.982821
3 0.315824 0.313579 0.11197 0.113336 0.982498
8 0.0673865 0.0652814 0.113316 0.113856 0.982367
6 0.0669986 0.437544 0.112492 0.112238 0.982285
4 0.191715 0.561299 0.111612 0.111943 0.982242
13 0.314847 0.189086 0.112478 0.112397 0.981963
11 0.0666839 0.313238 0.113326 0.112808 0.981699
11 0.688215 0.934258 0.112195 0.11362 0.981482
2 0.687651 0.685311 0.112536 0.112767 0.981351
1 0.315376 0.437055 0.111734 0.111335 0.981313
8 0.81184 0.0654094 0.112213 0.112547 0.981279
4 0.812617 0.809454 0.113018 0.114145 0.981052
12 0.68807 0.0650826 0.111018 0.113224 0.980972
13 0.563249 0.189267 0.111568 0.112424 0.980884
10 0.439386 0.189424 0.110737 0.112362 0.980673
0 0.190949 0.437086 0.111621 0.110986 0.980647
11 0.438766 0.0652798 0.111346 0.112715 0.980323
8 0.191051 0.189344 0.111899 0.112834 0.980302
2 0.0674057 0.561371 0.112163 0.113847 0.98029
0 0.440089 0.6854 0.111638 0.111532 0.980232
2 0.439413 0.561139 0.112232 0.113717 0.979775
11 0.563869 0.685609 0.110669 0.112372 0.979581
1 0.564002 0.437136 0.111695 0.112911 0.979498
1 0.439479 0.313367 0.111286 0.111757 0.979474
10 0.812362 0.561132 0.112497 0.113989 0.979422
0 0.439327 0.437392 0.11124 0.111302 0.97932
3 0.56342 0.313717 0.111898 0.112028 0.97926
1 0.812101 0.436863 0.112743 0.112131 0.979156
1 0.812423 0.685147 0.113179 0.112828 0.979008
5 0.687573 0.560888 0.112274 0.114086 0.978999
9 0.936159 0.437541 0.110949 0.112219 0.978878
6 0.688096 0.18904 0.112437 0.112938 0.97873
0 0.56403 0.561202 0.111731 0.113449 0.978642
0 0.687356 0.437025 0.110914 0.111561 0.978629
9 0.936468 0.313525 0.11112 0.11177 0.978578
12 0.936587 0.561215 0.113121 0.112977 0.978341
7 0.68793 0.313187 0.112251 0.113794 0.978058
7 0.812139 0.188975 0.112313 0.113669 0.977801
0 0.93608 0.188585 0.112434 0.112745 0.977527
8 0.936742 0.685663 0.111936 0.112481 0.977421
8 0.812242 0.31301 0.112068 0.112438 0.976844
3 0.688081 0.685162 0.112363 0.113191 0.0187341
8 0.813156 0.934078 0.108818 0.112374 0.0167143
9 0.811788 0.314121 0.11269 0.112116 0.0105596
10 0.439572 0.0642981 0.110692 0.11115 0.00801749
3 0.564399 0.809397 0.111128 0.112786 0.00681477
3 0.563691 0.933679 0.11148 0.112965 0.00671525
12 0.811438 0.188875 0.111376 0.113163 0.00572987
9 0.811486 0.0657506 0.111496 0.11205 0.00511376
12 0.686795 0.313262 0.109761 0.113544 0.00506208
1 0.687943 0.436607 0.111583 0.111918 0.00424141
3 0.812164 0.933778 0.11284 0.113272 0.00413633
11 0.936996 0.685691 0.110577 0.113321 0.00365605
3 0.440006 0.561435 0.112297 0.113433 0.00354689
12 0.563425 0.188907 0.112003 0.112443 0.00349238
8 0.688666 0.933283 0.113515 0.112955 0.00347811
2 0.191656 0.561769 0.11203 0.112475 0.00334378
0 0.812074 0.436236 0.112714 0.111712 0.00332186
2 0.688041 0.560826 0.112784 0.113324 0.00321575
2 0.813013 0.684938 0.112756 0.113314 0.0030801
3 0.688148 0.189197 0.112073 0.112839 0.0029997
2 0.812147 0.314163 0.112622 0.113067 0.00277707
9 0.936499 0.685502 0.11282 0.113816 0.00272746
8 0.564119 0.93359 0.111757 0.113592 0.0027234
0 0.936647 0.809075 0.111725 0.112354 0.00268913
1 0.191656 0.561769 0.11203 0.112475 0.00261085
12 0.936435 0.313386 0.111416 0.113882 0.00248173
3 0.688143 0.809213 0.110975 0.11165 0.00245546
11 0.811801 0.0653493 0.110941 0.113392 0.00242548
12 0.315445 0.0643958 0.111692 0.11349 0.0024065
7 0.563304 0.189769 0.11167 0.113287 0.00238949
3 0.190724 0.0651557 0.11253 0.112749 0.00238696
9 0.439802 0.933726 0.111727 0.11347 0.00232365
0 0.936069 0.437076 0.112592 0.1127 0.0022717
1 0.688326 0.809484 0.111665 0.113098 0.00214782
11 0.191615 0.933897 0.111441 0.111054 0.00214687
11 0.812136 0.313588 0.111815 0.112788 0.0020696
3 0.0665132 0.561299 0.116018 0.113977 0.00205862
1 0.564181 0.560782 0.111707 0.112417 0.00205827
11 0.440341 0.934078 0.112564 0.113196 0.00204141
2 0.812657 0.80962 0.112662 0.113781 0.00203776
4 0.316253 0.313638 0.112426 0.112745 0.00203349
4 0.81235 0.685135 0.112378 0.112127 0.00200946
0 0.564261 0.436656 0.111183 0.113046 0.00199518
1 0.812657 0.80962 0.112662 0.113781 0.00197601
4 0.439386 0.189424 0.110737 0.112362 0.00195167
8 0.688221 0.685556 0.111425 0.113077 0.00193568
12 0.314898 0.188479 0.112049 0.112527 0.00191091
0 0.0677703 0.0651823 0.110845 0.113295 0.00189195
9 0.315418 0.809391 0.111776 0.113066 0.00187915
11 0.315952 0.809685 0.111281 0.113 0.00187357
6 0.811759 0.809325 0.11372 0.112347 0.00185992
5 0.812653 0.561791 0.111438 0.113468 0.0018499
3 0.688041 0.560826 0.112784 0.113324 0.00184339
4 0.812346 0.560934 0.11311 0.113339 0.00184026
9 0.190632 0.189774 0.11261 0.111595 0.0018247
2 0.811486 0.0657506 0.111496 0.11205 0.00182192
11 0.686857 0.560884 0.110892 0.110847 0.00180689
10 0.687583 0.56118 0.111486 0.112072 0.00179807
7 0.93599 0.933532 0.111945 0.114054 0.00179783
12 0.936142 0.43766 0.111303 0.11409 0.00179709
13 0.686907 0.312893 0.11225 0.113013 0.0017917
5 0.688209 0.685537 0.112451 0.114198 0.00177988
12 0.935684 0.0647658 0.114306 0.113721 0.00175736
8 0.191599 0.933937 0.11091 0.11105 0.00173868
10 0.191334 0.31359 0.112207 0.113405 0.00168539
2 0.315686 0.809842 0.112321 0.112768 0.00168049
2 0.93642 0.685672 0.112462 0.112672 0.00167842
9 0.0665551 0.0651551 0.114674 0.113237 0.001671
5 0.688123 0.933712 0.11003 0.112782 0.00166424
7 0.811612 0.561026 0.11132 0.113302 0.00165485
7 0.439175 0.189363 0.111727 0.113027 0.00163026
10 0.688478 0.93415 0.112657 0.113313 0.00162183
10 0.564115 0.685475 0.1116 0.113689 0.00161677
3 0.812593 0.809876 0.112299 0.113312 0.00160979
6 0.315847 0.561476 0.112385 0.113377 0.00160439
0 0.813046 0.31383 0.112508 0.115039 0.00160292
4 0.316058 0.685304 0.110991 0.111487 0.00155228
1 0.688221 0.189226 0.111814 0.113989 0.00154551
9 0.936371 0.188815 0.113136 0.113329 0.00153641
4 0.688041 0.560826 0.112784 0.113324 0.00152972
3 0.192015 0.561659 0.110659 0.111695 0.00152729
1 0.191006 0.436802 0.112758 0.112525 0.00150719
1 0.439753 0.436745 0.11141 0.111778 0.00146825
11 0.19118 0.18889 0.111567 0.111653 0.00146474
4 0.5641 0.43747 0.111343 0.111722 0.00145963
5 0.0672192 0.561 0.113199 0.116571 0.00145035
6 0.811489 0.188644 0.111521 0.113301 0.00144902
0 0.439678 0.312972 0.111902 0.113104 0.00143588
6 0.688203 0.0646243 0.111382 0.114062 0.00142063
1 0.688209 0.685537 0.112451 0.114198 0.00141779
0 0.8129 0.685077 0.112181 0.112405 0.00140302
4 0.440244 0.809307 0.111387 0.112699 0.0013982
3 0.688257 0.0645439 0.11124 0.113253 0.00137173
2 0.191026 0.189811 0.112428 0.112546 0.00136718
13 0.439253 0.189256 0.111853 0.111867 0.001366
1 0.564245 0.933411 0.112526 0.113798 0.00136358
0 0.315496 0.436873 0.111629 0.112392 0.00136256
1 0.812541 0.933475 0.112138 0.113038 0.00136142
6 0.936165 0.561436 0.112492 0.11464 0.00135649
4 0.439832 0.313642 0.111869 0.113075 0.00134741
1 0.440134 0.685239 0.111715 0.11233 0.00134715
0 0.440323 0.809477 0.111686 0.113139 0.0013277
1 0.439826 0.560887 0.112507 0.114205 0.00131983
10 0.0667437 0.189203 0.111457 0.112131 0.00130294
6 0.192015 0.561659 0.110659 0.111695 0.00129295
3 0.0664167 0.436875 0.113919 0.112202 0.00128262
0 0.688237 0.0649062 0.111139 0.113173 0.0012727
10 0.066217 0.313506 0.113551 0.112682 0.0012663
4 0.31566 0.437367 0.111728 0.112286 0.00125462
11 0.811801 0.933211 0.111723 0.112252 0.00123186
4 0.936688 0.809467 0.11207 0.111947 0.00123179
1 0.563387 0.313705 0.111391 0.112101 0.00122094
7 0.688297 0.809253 0.11325 0.112412 0.00121721
3 0.936608 0.561013 0.11029 0.112858 0.00120355
8 0.0667155 0.313553 0.112697 0.113978 0.00120025
4 0.812277 0.437265 0.11175 0.112245 0.0011938
0 0.0668882 0.685583 0.112276 0.111779 0.00119031
4 0.936271 0.561303 0.11267 0.112791 0.00117208
0 0.93575 0.313178 0.112887 0.112521 0.001165
6 0.688166 0.313344 0.111951 0.114801 0.00115889
5 0.563977 0.68532 0.110456 0.1119 0.00115758
1 0.564215 0.809206 0.112502 0.11314 0.00115172
0 0.191511 0.809885 0.111558 0.112509 0.00115108
9 0.812398 0.56161 0.111696 0.113034 0.00114748
10 0.191006 0.933894 0.111866 0.113437 0.00114408
4 0.191471 0.809711 0.11133 0.112353 0.00113486
10 0.81294 0.809095 0.111798 0.113077 0.00113046
4 0.563776 0.313859 0.110296 0.112039 0.00112423
3 0.936133 0.313307 0.110915 0.113349 0.00111025
7 0.688173 0.188888 0.112624 0.113465 0.00110833
4 0.0669899 0.685879 0.111825 0.111587 0.0010873
4 0.191267 0.31354 0.111956 0.112651 0.00108713
13 0.688123 0.933712 0.11003 0.112782 0.00108278
1 0.315144 0.313399 0.111876 0.112292 0.00108264
13 0.811552 0.561257 0.111736 0.112827 0.00108205
10 0.93575 0.313178 0.112887 0.112521 0.00108049
11 0.936486 0.313405 0.112243 0.113469 0.00107978
7 0.812781 0.809075 0.112197 0.112669 0.00106964
12 0.812398 0.56161 0.111696 0.113034 0.00106373
5 0.439522 0.560961 0.111275 0.113872 0.00106202
4 0.563892 0.0648117 0.111498 0.113829 0.00105954
6 0.0672618 0.809522 0.112358 0.113251 0.00105078
1 0.0672029 0.561229 0.113219 0.114059 0.00104467
4 0.0667412 0.933931 0.114339 0.113469 0.00103713
0 0.315386 0.68522 0.111098 0.11193 0.0010356
11 0.0668127 0.0652298 0.114227 0.114134 0.00103441
7 0.315333 0.189527 0.11206 0.113427 0.00103184
8 0.56384 0.684811 0.112011 0.112886 0.00102691
7 0.192015 0.561659 0.110659 0.111695 0.00102443
6 0.316253 0.313638 0.112426 0.112745 0.001023
7 0.314922 0.0649608 0.112263 0.11313 0.00101708
7 0.936187 0.561279 0.111114 0.114456 0.00100699
5 0.191523 0.561199 0.11253 0.112611 0.00100536
0 0.191404 0.189597 0.110076 0.11238 0.00100339
