3 0.935769 0.933665 0.113569 0.113659 0.985685
1 0.315259 0.933565 0.112415 0.112257 0.98558
6 0.439821 0.933516 0.112438 0.113799 0.985148
9 0.190231 0.0649313 0.112979 0.112752 0.985003
6 0.0671235 0.80928 0.112166 0.112029 0.984849
2 0.687833 0.809411 0.111852 0.112221 0.984666
1 0.564035 0.933601 0.11215 0.11287 0.984657
10 0.314629 0.0649301 0.111427 0.112117 0.98435
5 0.564118 0.810117 0.110366 0.111025 0.984119
0 0.190386 0.933061 0.113003 0.112592 0.983996
3 0.438563 0.0649901 0.112332 0.113408 0.983839
4 0.315757 0.437279 0.113521 0.112839 0.983317
4 0.440294 0.561796 0.11283 0.112769 0.983254
12 0.440181 0.80948 0.111114 0.111764 0.983184
7 0.440207 0.685507 0.111917 0.111926 0.983133
13 0.315242 0.31344 0.113467 0.112214 0.983128
4 0.191892 0.561695 0.113211 0.112626 0.983059
10 0.315894 0.809225 0.112333 0.112045 0.983037
13 0.0665476 0.189621 0.112558 0.112546 0.98301
11 0.0668393 0.686172 0.112385 0.111003 0.982967
13 0.0665188 0.0653217 0.112953 0.113363 0.982893
1 0.936478 0.809595 0.112312 0.111047 0.982796
5 0.0668833 0.438233 0.111757 0.111676 0.982781
2 0.190601 0.809329 0.11437 0.112892 0.982603
0 0.688215 0.93299 0.111859 0.112363 0.982187
5 0.812528 0.810024 0.111812 0.111091 0.981613
10 0.191246 0.437448 0.113734 0.111573 0.981575
1 0.190434 0.313416 0.112596 0.112959 0.981542
5 0.314633 0.189127 0.112516 0.112243 0.981518
12 0.316168 0.561731 0.11169 0.111504 0.981131
9 0.0671023 0.93404 0.111556 0.114017 0.98096
12 0.191617 0.685824 0.113169 0.111267 0.980636
12 0.5632 0.0647816 0.111115 0.112989 0.980402
7 0.687502 0.0648768 0.112177 0.11231 0.98021
9 0.56286 0.313477 0.112156 0.112152 0.980161
11 0.564311 0.68571 0.111233 0.111763 0.97998
9 0.439469 0.437519 0.111799 0.113118 0.979866
13 0.563588 0.561956 0.112064 0.11308 0.979824
4 0.935974 0.0655613 0.112342 0.11282 0.979787
11 0.563268 0.188281 0.111505 0.112896 0.979584
0 0.0668495 0.561825 0.111897 0.113071 0.979562
12 0.687417 0.188024 0.112062 0.111732 0.979459
1 0.687506 0.312421 0.113172 0.113541 0.979038
4 0.812379 0.685371 0.113494 0.112456 0.978973
1 0.43907 0.313062 0.112374 0.113102 0.978947
8 0.812454 0.933704 0.112504 0.113956 0.978911
11 0.811926 0.56182 0.112526 0.11324 0.978859
13 0.811837 0.437325 0.113281 0.112879 0.978847
10 0.687885 0.561217 0.112339 0.112504 0.978829
7 0.563636 0.437639 0.112137 0.113325 0.978737
3 0.687413 0.437434 0.111264 0.112059 0.978692
8 0.0669749 0.313881 0.110768 0.112363 0.978457
8 0.19027 0.189418 0.111945 0.112033 0.97821
0 0.687974 0.68534 0.111877 0.112397 0.978207
3 0.81133 0.313078 0.112665 0.113275 0.978174
12 0.936696 0.685822 0.112635 0.112714 0.97805
5 0.936471 0.437257 0.112756 0.112489 0.977983
8 0.315927 0.685391 0.111803 0.110947 0.977915
5 0.8127 0.187968 0.11357 0.112961 0.977637
2 0.93613 0.561754 0.111608 0.112322 0.977533
8 0.439414 0.189214 0.111001 0.112041 0.977363
2 0.936699 0.313032 0.112705 0.114534 0.97706
8 0.812369 0.0641716 0.112542 0.11226 0.976943
5 0.9369 0.188396 0.111252 0.112064 0.976874
2 0.315779 0.6857 0.111383 0.111617 0.0190719
2 0.43926 0.188929 0.111709 0.11243 0.0156367
5 0.811879 0.561592 0.112197 0.112117 0.0125099
2 0.190337 0.189112 0.11156 0.112128 0.0108294
1 0.0664331 0.561419 0.114015 0.11234 0.00751297
6 0.31659 0.56176 0.111509 0.112382 0.00732935
13 0.190794 0.437442 0.111808 0.111298 0.00551984
2 0.0666192 0.31357 0.111364 0.111798 0.00549677
4 0.688201 0.561694 0.112352 0.113392 0.00514192
6 0.192024 0.685838 0.112082 0.111481 0.00493445
4 0.19175 0.438026 0.111767 0.111701 0.00474611
4 0.316517 0.809489 0.112152 0.112206 0.00470847
2 0.813063 0.0641027 0.110872 0.112436 0.00466348
2 0.813106 0.188521 0.113709 0.114545 0.00451043
2 0.812578 0.933459 0.112493 0.113695 0.00430023
10 0.935869 0.437344 0.110874 0.111499 0.00429227
7 0.191551 0.438018 0.113726 0.112477 0.004033
7 0.688201 0.561694 0.112352 0.113392 0.00394295
7 0.439762 0.561386 0.111886 0.112516 0.00371257
3 0.066789 0.933433 0.113203 0.114042 0.00365049
12 0.686728 0.0649153 0.110754 0.111315 0.00356746
10 0.8114 0.56156 0.110764 0.111715 0.0034262
1 0.936797 0.065387 0.111928 0.113842 0.00339262
2 0.81159 0.809561 0.114569 0.111432 0.00327089
1 0.936271 0.313424 0.111369 0.114677 0.00325134
1 0.812623 0.685519 0.113618 0.112893 0.00323395
3 0.688053 0.808903 0.110467 0.111551 0.00304647
12 0.563959 0.43673 0.110547 0.11049 0.00297266
1 0.316254 0.437531 0.113831 0.113303 0.00288212
11 0.811606 0.809994 0.113082 0.11034 0.0028581
5 0.563671 0.189017 0.111481 0.111761 0.00282375
1 0.191767 0.561755 0.114807 0.113535 0.00273566
0 0.687899 0.311688 0.113153 0.11338 0.0027286
3 0.440167 0.933542 0.112279 0.1138 0.0027283
5 0.936308 0.31294 0.112926 0.114773 0.00267149
1 0.440721 0.561739 0.113027 0.113037 0.0026682
3 0.440052 0.436663 0.111496 0.112045 0.00263938
3 0.813106 0.188521 0.113709 0.114545 0.00260575
12 0.190626 0.0649792 0.112552 0.111968 0.00255339
5 0.688251 0.809353 0.112217 0.11352 0.00255193
7 0.191168 0.561248 0.11253 0.112414 0.00253196
5 0.936083 0.561625 0.113663 0.114903 0.00248216
0 0.813075 0.064886 0.111454 0.113684 0.00245213
6 0.686738 0.437152 0.112242 0.112645 0.00242531
12 0.563282 0.313573 0.111276 0.112342 0.00241902
3 0.0671235 0.80928 0.112166 0.112029 0.00240326
0 0.563214 0.313207 0.111834 0.11269 0.0023936
12 0.811298 0.437369 0.112381 0.112752 0.00236066
13 0.687536 0.561259 0.110951 0.11177 0.00235353
13 0.686842 0.0645482 0.113057 0.110727 0.00232671
7 0.316091 0.809164 0.113024 0.112098 0.00224406
7 0.935886 0.0649057 0.110072 0.111131 0.00219625
4 0.0670702 0.438025 0.111797 0.110488 0.00216984
1 0.688251 0.809353 0.112217 0.11352 0.00214728
5 0.564606 0.686247 0.110182 0.110212 0.00211587
5 0.688162 0.561355 0.112502 0.112012 0.00210066
12 0.438925 0.0644164 0.111085 0.111491 0.00208878
10 0.936189 0.18847 0.110109 0.111099 0.00207666
9 0.68765 0.436555 0.11137 0.113566 0.00204644
10 0.812537 0.685555 0.112671 0.113499 0.00202458
6 0.936417 0.685664 0.112297 0.112137 0.00197156
12 0.440052 0.436663 0.111496 0.112045 0.00195903
6 0.687986 0.188092 0.112801 0.112333 0.00193093
7 0.315067 0.0650224 0.112644 0.11212 0.00188977
13 0.314299 0.0649189 0.111802 0.111925 0.00188803
2 0.688053 0.437613 0.111117 0.111421 0.00186813
6 0.811605 0.313048 0.112358 0.113643 0.00186629
11 0.811728 0.18858 0.113568 0.1118 0.00184358
1 0.936437 0.561669 0.113119 0.113578 0.00184149
7 0.81231 0.436524 0.111324 0.111512 0.00183223
7 0.811601 0.684667 0.112539 0.114382 0.00182498
3 0.813124 0.809571 0.112769 0.112774 0.00180264
4 0.314629 0.0649301 0.111427 0.112117 0.00180127
12 0.315764 0.0649105 0.112064 0.112044 0.00177048
4 0.439421 0.313288 0.112482 0.112929 0.00176714
13 0.315824 0.809889 0.111945 0.111822 0.00176445
7 0.563942 0.561806 0.111589 0.113246 0.00174774
5 0.19094 0.809279 0.112407 0.111743 0.00166989
9 0.936174 0.933769 0.112989 0.114822 0.00166111
12 0.687413 0.437434 0.111264 0.112059 0.0016217
12 0.687799 0.561451 0.112405 0.112165 0.00161271
7 0.315062 0.436974 0.111836 0.112252 0.00159979
4 0.688204 0.0643233 0.111688 0.112156 0.00159188
8 0.563262 0.313339 0.112854 0.112799 0.00158992
4 0.936484 0.437935 0.111617 0.11187 0.00157811
11 0.315927 0.685391 0.111803 0.110947 0.00157125
3 0.190626 0.0649792 0.112552 0.111968 0.00155023
9 0.813034 0.313685 0.111514 0.111775 0.00155019
4 0.564216 0.933486 0.111938 0.112489 0.0015452
6 0.563867 0.438077 0.112332 0.112395 0.00153721
12 0.067412 0.933717 0.112245 0.112949 0.0015332
4 0.688053 0.808903 0.110467 0.111551 0.001533
0 0.439701 0.436766 0.11101 0.114425 0.00148866
4 0.190468 0.313922 0.11264 0.11308 0.00148022
4 0.315491 0.933329 0.111963 0.112509 0.00147273
12 0.811605 0.313048 0.112358 0.113643 0.00146214
3 0.190601 0.809329 0.11437 0.112892 0.00145639
0 0.936478 0.809595 0.112312 0.111047 0.00145536
4 0.440486 0.685523 0.112031 0.112294 0.001421
1 0.688003 0.685075 0.112311 0.111893 0.00139433
2 0.812623 0.685519 0.113618 0.112893 0.0013886
3 0.936108 0.561603 0.112858 0.111778 0.00137467
8 0.688234 0.684991 0.112016 0.11174 0.00136761
4 0.936465 0.809492 0.111696 0.110949 0.0013311
11 0.812267 0.064713 0.111775 0.112428 0.00132725
10 0.563721 0.437976 0.110464 0.11282 0.0013271
8 0.563417 0.188244 0.112401 0.112551 0.00131915
1 0.19086 0.809186 0.11396 0.112381 0.00131274
13 0.564047 0.436759 0.10985 0.112248 0.00130579
3 0.0664018 0.436576 0.111081 0.109678 0.00130457
2 0.563781 0.809578 0.111055 0.111357 0.00129099
6 0.811564 0.685176 0.1144 0.113472 0.00128698
4 0.564036 0.438044 0.110402 0.112661 0.00127421
0 0.439306 0.3128 0.112336 0.113243 0.00126145
2 0.687995 0.312581 0.111702 0.113522 0.00125741
0 0.563821 0.933346 0.111425 0.111553 0.00123467
10 0.563291 0.189288 0.111204 0.112387 0.00123464
1 0.438999 0.0646209 0.11108 0.111991 0.00123064
2 0.0670702 0.438025 0.111797 0.110488 0.00122301
3 0.688136 0.188122 0.112731 0.112765 0.00119233
11 0.439017 0.189123 0.112411 0.112093 0.00119106
10 0.688162 0.0645201 0.111519 0.1125 0.00118807
10 0.0665715 0.685093 0.112708 0.110653 0.00116746
12 0.935932 0.933802 0.11156 0.113432 0.00116328
6 0.936211 0.0647021 0.113153 0.113246 0.00115889
0 0.0663245 0.313975 0.111597 0.111979 0.0011466
9 0.811614 0.932979 0.111443 0.112642 0.00114596
7 0.688122 0.188359 0.11279 0.112919 0.00114209
7 0.315379 0.313639 0.112435 0.112984 0.00110892
10 0.0670702 0.438025 0.111797 0.110488 0.00110316
12 0.563835 0.561351 0.112181 0.113418 0.00109587
8 0.688533 0.932256 0.11399 0.112208 0.00109499
1 0.936108 0.933571 0.112186 0.11297 0.00109363
0 0.315562 0.933529 0.111645 0.111471 0.00107942
5 0.0668393 0.686172 0.112385 0.111003 0.0010757
11 0.811626 0.932673 0.11127 0.111052 0.00107271
0 0.811614 0.932979 0.111443 0.112642 0.00106992
1 0.812054 0.312802 0.113112 0.113705 0.00106965
10 0.0667026 0.0654758 0.111123 0.111916 0.0010678
2 0.440721 0.561739 0.113027 0.113037 0.0010626
3 0.563176 0.313606 0.111154 0.112469 0.00105193
12 0.314934 0.313508 0.111855 0.111955 0.00104585
7 0.563276 0.0648748 0.111065 0.110676 0.00104268
6 0.935932 0.933802 0.11156 0.113432 0.00103841
2 0.936653 0.43802 0.111738 0.112728 0.00102805
4 0.687589 0.312817 0.112458 0.113859 0.0010145
11 0.065921 0.0652369 0.113072 0.112756 0.0010092
