2 0.439739 0.934149 0.113197 0.113639 0.987001
2 0.688006 0.933983 0.113199 0.113511 0.986617
2 0.439487 0.809932 0.11247 0.112943 0.986599
3 0.439324 0.0647781 0.111459 0.113206 0.985952
7 0.563867 0.0653042 0.111788 0.111858 0.985724
9 0.315338 0.809778 0.112552 0.112479 0.985668
3 0.315096 0.0648122 0.111893 0.113316 0.985369
12 0.563874 0.933823 0.110481 0.11293 0.984917
6 0.315856 0.934025 0.111425 0.112277 0.984834
6 0.191112 0.933828 0.111288 0.112741 0.984822
6 0.067132 0.809689 0.112591 0.11259 0.984538
12 0.564078 0.809676 0.111738 0.113142 0.984239
3 0.315745 0.313409 0.111841 0.113964 0.984182
5 0.0667992 0.0653789 0.113316 0.113447 0.98357
5 0.440466 0.56187 0.110998 0.112788 0.983339
4 0.19132 0.436991 0.112864 0.112314 0.98297
13 0.812347 0.933592 0.111107 0.113219 0.982922
7 0.0669361 0.685862 0.111987 0.111505 0.982624
0 0.191212 0.685199 0.112052 0.111385 0.982483
1 0.191386 0.0641955 0.112196 0.113495 0.982313
12 0.191653 0.188538 0.112366 0.112378 0.982255
13 0.191677 0.809642 0.11064 0.112239 0.981922
7 0.067053 0.934167 0.113128 0.113077 0.98174
10 0.191286 0.312975 0.11234 0.111715 0.98153
1 0.315233 0.437165 0.111954 0.112468 0.98142
13 0.315198 0.189567 0.112666 0.111637 0.981413
13 0.687813 0.809685 0.111117 0.113187 0.981324
10 0.0678349 0.312936 0.113783 0.112898 0.981274
6 0.563836 0.685566 0.111168 0.112927 0.98092
13 0.563445 0.189249 0.111016 0.111967 0.980896
8 0.936334 0.934147 0.112502 0.113156 0.980774
8 0.0672457 0.189365 0.111775 0.111485 0.980656
10 0.0673408 0.56124 0.113928 0.113138 0.98058
9 0.439694 0.437493 0.111522 0.112108 0.980345
13 0.936648 0.0651559 0.112182 0.113452 0.980277
8 0.688125 0.0651773 0.111168 0.112901 0.979806
12 0.936973 0.809965 0.11207 0.112372 0.97978
11 0.315909 0.684732 0.111651 0.112801 0.979712
9 0.687582 0.685592 0.111135 0.111837 0.979688
12 0.439881 0.188765 0.112423 0.112228 0.979427
6 0.687905 0.188904 0.112416 0.111782 0.979382
6 0.687822 0.313277 0.111729 0.11162 0.979368
8 0.811976 0.810054 0.112405 0.11296 0.979177
12 0.812091 0.685821 0.112455 0.111669 0.978897
5 0.812366 0.436852 0.112091 0.112885 0.978766
12 0.812455 0.0648758 0.111485 0.113093 0.978659
6 0.812479 0.312994 0.11255 0.11128 0.978622
2 0.563691 0.437179 0.111653 0.112119 0.978568
2 0.56366 0.561121 0.112508 0.113231 0.978358
3 0.935741 0.686023 0.111973 0.11267 0.978152
8 0.936496 0.436806 0.112897 0.112605 0.978127
3 0.812075 0.561498 0.113021 0.113375 0.978098
8 0.0674228 0.437435 0.111423 0.111613 0.978034
6 0.936231 0.188494 0.11343 0.111788 0.978004
8 0.439594 0.313177 0.112129 0.11147 0.977887
8 0.315558 0.561386 0.112507 0.111965 0.977853
8 0.936672 0.561264 0.112747 0.112211 0.977732
8 0.439457 0.685429 0.111226 0.111353 0.977511
8 0.688174 0.4371 0.112026 0.112251 0.977373
8 0.563927 0.31305 0.111622 0.111925 0.977252
8 0.687968 0.561212 0.111951 0.112671 0.977017
8 0.191663 0.561305 0.111891 0.111826 0.976557
13 0.936419 0.313547 0.110719 0.111653 0.976328
11 0.811843 0.188547 0.112378 0.11241 0.975812
7 0.315218 0.189314 0.110274 0.111541 0.064646
2 0.0667699 0.436887 0.113474 0.110531 0.0559651
3 0.440015 0.43743 0.111986 0.113472 0.0301842
2 0.191866 0.561292 0.113128 0.112685 0.0215484
3 0.68767 0.685406 0.110932 0.111768 0.0209454
2 0.688131 0.561075 0.112042 0.111779 0.0174464
2 0.688265 0.43712 0.112321 0.111875 0.0143734
7 0.563499 0.189554 0.110767 0.112886 0.0107561
2 0.0669223 0.189398 0.11312 0.110704 0.0090022
1 0.19138 0.436915 0.11312 0.112663 0.00870731
4 0.0668699 0.560775 0.115369 0.11311 0.00850204
3 0.315338 0.809778 0.112552 0.112479 0.0084669
7 0.687955 0.809865 0.111902 0.113006 0.00814625
11 0.81188 0.810197 0.112477 0.112035 0.00770573
7 0.936232 0.313117 0.112836 0.113305 0.00761627
2 0.315973 0.561472 0.113219 0.11251 0.00758003
8 0.688057 0.933894 0.11151 0.112685 0.00756934
5 0.81298 0.18948 0.1114 0.111937 0.00742583
11 0.688018 0.561269 0.112177 0.111539 0.00720701
2 0.688378 0.0645665 0.111546 0.111778 0.006932
2 0.564006 0.313543 0.111725 0.111918 0.00615633
4 0.191148 0.313322 0.110963 0.11212 0.00581267
5 0.315575 0.685074 0.111661 0.112665 0.00565422
7 0.811946 0.933873 0.111886 0.1129 0.00558532
5 0.811946 0.933873 0.111886 0.1129 0.00515382
2 0.440085 0.68551 0.11144 0.11194 0.00514661
4 0.0674834 0.313401 0.112893 0.113555 0.00473041
2 0.936543 0.561094 0.113079 0.111157 0.0046056
11 0.439935 0.685758 0.112369 0.112113 0.00458093
12 0.811592 0.933128 0.110515 0.110274 0.00453125
2 0.440238 0.313295 0.111028 0.112039 0.0041632
11 0.564095 0.312948 0.111903 0.111996 0.00410686
1 0.688314 0.188867 0.112434 0.113017 0.00394191
11 0.688461 0.436977 0.112388 0.111938 0.00381047
2 0.812787 0.809677 0.111458 0.112696 0.00378828
0 0.936834 0.809505 0.110748 0.11172 0.00374405
12 0.688162 0.685393 0.112368 0.11186 0.00364604
1 0.688226 0.313184 0.111518 0.112442 0.00348253
12 0.563939 0.189108 0.11192 0.113752 0.00339829
6 0.936048 0.686115 0.112244 0.113553 0.00329578
7 0.936648 0.0651559 0.112182 0.113452 0.00323259
0 0.812368 0.685781 0.110635 0.111758 0.00318999
12 0.191758 0.80958 0.111812 0.111898 0.00316883
11 0.688275 0.0651231 0.11165 0.112209 0.00303781
6 0.811511 0.56187 0.111814 0.112667 0.00285258
12 0.935692 0.0653286 0.113427 0.113753 0.00285108
12 0.439972 0.436706 0.111921 0.113082 0.00278601
6 0.936363 0.810014 0.112186 0.111626 0.00268551
11 0.439801 0.312884 0.11113 0.111477 0.00261398
1 0.56363 0.437897 0.109443 0.109788 0.00256157
10 0.81159 0.188703 0.11087 0.112771 0.00249513
12 0.935758 0.313656 0.113453 0.11301 0.00249193
11 0.315549 0.561545 0.112134 0.112487 0.0024901
4 0.564505 0.0648627 0.111847 0.113295 0.00237816
0 0.936312 0.436902 0.110699 0.111591 0.00232628
2 0.936086 0.934162 0.11205 0.111665 0.00230296
4 0.936363 0.810014 0.112186 0.111626 0.00230196
7 0.0676 0.313409 0.113202 0.113996 0.00227658
12 0.686797 0.810032 0.110043 0.110701 0.00224551
13 0.0672451 0.561107 0.112618 0.112978 0.00224008
2 0.936611 0.4372 0.112323 0.11374 0.00216622
0 0.688162 0.685393 0.112368 0.11186 0.00216342
3 0.8124 0.313045 0.113215 0.112952 0.00216067
11 0.936543 0.561094 0.113079 0.111157 0.00214137
1 0.563901 0.56101 0.112678 0.112904 0.00208973
0 0.439975 0.438019 0.113216 0.114854 0.0020674
12 0.31586 0.809317 0.112801 0.113108 0.00206172
7 0.191305 0.313343 0.111611 0.11259 0.00205837
6 0.439714 0.188874 0.112292 0.112792 0.00205082
1 0.688555 0.93356 0.113357 0.113032 0.00203168
1 0.191663 0.93358 0.112714 0.11274 0.00202237
4 0.439682 0.0644856 0.111811 0.112354 0.00201261
3 0.813155 0.437323 0.111921 0.114036 0.00200927
6 0.315788 0.313449 0.112326 0.11191 0.00200514
3 0.0668444 0.809467 0.114585 0.114016 0.00196801
1 0.811462 0.313278 0.112887 0.112319 0.0019587
6 0.812456 0.0646264 0.111041 0.11307 0.00193281
6 0.563648 0.934014 0.111449 0.113112 0.0019069
6 0.439682 0.0644856 0.111811 0.112354 0.00186137
6 0.811642 0.685986 0.111892 0.112053 0.00186015
1 0.564033 0.685495 0.111397 0.111488 0.00184805
3 0.936173 0.188586 0.11382 0.113744 0.0017587
1 0.44035 0.93365 0.113199 0.113276 0.00175249
13 0.191542 0.312887 0.110978 0.111967 0.0017504
7 0.191355 0.437443 0.111076 0.111781 0.00171052
6 0.564012 0.809904 0.112552 0.113403 0.00170197
12 0.563836 0.685566 0.111168 0.112927 0.0017017
1 0.439776 0.809421 0.112836 0.112704 0.00169657
12 0.315123 0.188799 0.111358 0.111592 0.00168135
6 0.191355 0.437443 0.111076 0.111781 0.0016775
7 0.191806 0.809696 0.11125 0.112904 0.00166385
4 0.0665691 0.685287 0.113876 0.111751 0.00165168
7 0.936717 0.810153 0.112524 0.111842 0.00164423
4 0.0672883 0.934126 0.112087 0.112314 0.00158245
1 0.935793 0.1884 0.111881 0.114387 0.00156232
0 0.191386 0.0641955 0.112196 0.113495 0.00154342
0 0.0670124 0.438131 0.111433 0.111989 0.00154138
1 0.191157 0.685103 0.112068 0.112281 0.001541
11 0.936334 0.934147 0.112502 0.113156 0.00153234
2 0.19138 0.436915 0.11312 0.112663 0.00152585
13 0.0666728 0.312698 0.112598 0.1133 0.00151881
5 0.687955 0.809865 0.111902 0.113006 0.00149926
1 0.811263 0.561609 0.112067 0.112062 0.00147747
11 0.191965 0.560998 0.110684 0.113569 0.00146389
1 0.316174 0.933642 0.112859 0.112371 0.00144029
10 0.936287 0.313335 0.111981 0.113069 0.00141373
11 0.936454 0.436739 0.113649 0.112046 0.00140829
0 0.563391 0.933613 0.110107 0.112452 0.001403
0 0.936763 0.561703 0.111901 0.113025 0.00136704
10 0.066661 0.0652436 0.112386 0.111779 0.00131786
4 0.315627 0.43752 0.112225 0.113386 0.00131566
11 0.811639 0.437299 0.112264 0.111812 0.00130161
0 0.315445 0.437044 0.112108 0.113346 0.00126695
12 0.811511 0.56187 0.111814 0.112667 0.00123387
11 0.0673553 0.189482 0.111486 0.110973 0.0012279
7 0.067641 0.560912 0.112762 0.114054 0.00122233
0 0.936266 0.933273 0.111648 0.111635 0.00121816
13 0.067053 0.934167 0.113128 0.113077 0.00120784
7 0.812432 0.685855 0.11216 0.112407 0.00120551
3 0.563972 0.561204 0.112768 0.112978 0.00119828
5 0.315218 0.189314 0.110274 0.111541 0.00119023
4 0.936048 0.686115 0.112244 0.113553 0.00117142
2 0.813155 0.437323 0.111921 0.114036 0.00116322
10 0.811873 0.437612 0.111493 0.111892 0.00115983
6 0.314771 0.0649366 0.112088 0.112257 0.00114884
3 0.812173 0.685797 0.111316 0.113163 0.00113765
10 0.936149 0.0649682 0.111027 0.11175 0.00113611
1 0.314822 0.313244 0.112182 0.112177 0.00113489
12 0.439682 0.0644856 0.111811 0.112354 0.00108956
1 0.439686 0.0646329 0.111975 0.112841 0.00108891
7 0.81145 0.0647814 0.111379 0.11304 0.00108738
10 0.811748 0.933314 0.111139 0.111406 0.0010872
1 0.936048 0.685791 0.112156 0.112436 0.00108684
4 0.811511 0.56187 0.111814 0.112667 0.00108255
12 0.191934 0.313062 0.111794 0.112258 0.00106243
3 0.439487 0.809932 0.11247 0.112943 0.00105589
3 0.564103 0.437397 0.111519 0.112781 0.00105208
3 0.687904 0.189058 0.112817 0.11279 0.00102649
3 0.191379 0.933912 0.113036 0.114046 0.00101632
10 0.31607 0.684677 0.111855 0.112196 0.0010123
