5 0.316092 0.810032 0.11086 0.1123 0.987106
4 0.19183 0.80944 0.111956 0.112253 0.98536
11 0.43973 0.933941 0.111482 0.11223 0.985178
9 0.56326 0.809735 0.111836 0.113222 0.985135
2 0.439475 0.809902 0.112517 0.112909 0.98492
6 0.439562 0.685111 0.111989 0.112676 0.984577
10 0.563633 0.933824 0.111304 0.113336 0.984538
13 0.811678 0.933882 0.112414 0.11312 0.984321
6 0.192152 0.685445 0.111624 0.111888 0.98419
5 0.0671277 0.934656 0.11243 0.113929 0.984169
4 0.564013 0.685357 0.112152 0.11293 0.9841
11 0.315571 0.934151 0.111272 0.111906 0.984097
4 0.439553 0.0649747 0.112486 0.113402 0.983791
3 0.0673123 0.313337 0.112139 0.113642 0.983686
7 0.315494 0.437421 0.113079 0.112308 0.983573
3 0.687368 0.809639 0.113016 0.113633 0.983487
3 0.811597 0.809772 0.113674 0.11391 0.983438
11 0.315785 0.686008 0.110829 0.111411 0.982951
7 0.0673171 0.809493 0.113284 0.11271 0.982865
13 0.191306 0.31354 0.111711 0.112556 0.982715
2 0.314853 0.0647331 0.112259 0.112897 0.982701
10 0.315277 0.18887 0.113364 0.111313 0.982445
13 0.191491 0.561673 0.111129 0.112144 0.982373
11 0.935964 0.93386 0.112755 0.11138 0.982158
11 0.0671815 0.56218 0.112943 0.111779 0.982136
2 0.0671954 0.685574 0.113367 0.113405 0.981855
12 0.191487 0.0642993 0.111102 0.112216 0.981823
9 0.811868 0.685562 0.111709 0.111818 0.981715
4 0.936035 0.685352 0.113867 0.112977 0.981688
11 0.0670478 0.438039 0.113062 0.111935 0.981667
10 0.0671763 0.18885 0.111948 0.112183 0.981559
2 0.687655 0.065149 0.111949 0.11306 0.981326
0 0.687647 0.933307 0.112472 0.113343 0.981197
2 0.315054 0.313083 0.113175 0.112765 0.981085
10 0.439343 0.189069 0.113658 0.111911 0.981077
4 0.688122 0.68534 0.112897 0.113018 0.98071
12 0.191553 0.933683 0.11137 0.112903 0.980183
4 0.563672 0.312962 0.113038 0.113624 0.979857
9 0.68764 0.313625 0.112 0.112019 0.979798
2 0.439282 0.560987 0.112428 0.112703 0.979691
9 0.563475 0.561426 0.112358 0.112089 0.979606
0 0.190991 0.189019 0.112425 0.112029 0.979587
12 0.936588 0.809899 0.111805 0.111765 0.979427
13 0.687548 0.561536 0.112287 0.112923 0.97938
9 0.811583 0.313515 0.112187 0.112049 0.979247
2 0.439242 0.437513 0.111419 0.111465 0.979162
1 0.439225 0.313003 0.112237 0.113003 0.979132
1 0.812161 0.437015 0.113 0.112728 0.979049
9 0.811931 0.561658 0.112518 0.112243 0.978802
2 0.563368 0.188681 0.111491 0.11221 0.978542
8 0.191047 0.437326 0.111115 0.111401 0.978423
1 0.936389 0.561053 0.114083 0.113479 0.978386
9 0.936112 0.437619 0.111396 0.112347 0.978215
12 0.936719 0.312854 0.111882 0.112587 0.978163
5 0.687734 0.437078 0.112059 0.11219 0.978082
3 0.811897 0.064659 0.111451 0.112955 0.978079
0 0.687502 0.189053 0.112079 0.112819 0.97807
0 0.0673401 0.0645905 0.111933 0.112654 0.977942
0 0.315232 0.561064 0.1116 0.113302 0.977787
3 0.936283 0.188638 0.112669 0.113088 0.977677
8 0.563601 0.437154 0.111763 0.113397 0.97726
0 0.563213 0.0644979 0.111307 0.1138 0.977259
8 0.936326 0.0651779 0.111921 0.113094 0.977185
8 0.811914 0.188614 0.112442 0.113179 0.976785
2 0.190753 0.437141 0.111126 0.111763 0.0189826
2 0.56374 0.436901 0.111532 0.112198 0.0162811
13 0.439397 0.188875 0.112389 0.111667 0.0150976
12 0.811438 0.933553 0.111481 0.111566 0.0120347
3 0.936108 0.437229 0.112117 0.114625 0.011678
13 0.0668302 0.188025 0.112073 0.112439 0.0101435
3 0.811536 0.685755 0.109725 0.112373 0.0100158
1 0.315201 0.560898 0.112064 0.112814 0.00917358
1 0.0670779 0.0636497 0.112966 0.11266 0.00834299
1 0.563467 0.0636929 0.110965 0.113382 0.00805149
3 0.811491 0.561693 0.110483 0.112377 0.00721761
5 0.315872 0.93443 0.110812 0.11173 0.00719883
3 0.811559 0.313359 0.111432 0.112512 0.00627572
6 0.191898 0.933818 0.110937 0.112443 0.00622197
2 0.811943 0.189114 0.111513 0.11252 0.00606254
2 0.935948 0.0651233 0.111874 0.113183 0.00531405
5 0.440184 0.933991 0.112259 0.112604 0.00514109
12 0.811536 0.685755 0.109725 0.112373 0.00512117
4 0.066693 0.188797 0.111883 0.111675 0.00499363
5 0.935964 0.93386 0.112755 0.11138 0.00477914
0 0.688005 0.313198 0.11123 0.112617 0.00428619
12 0.93586 0.188992 0.111631 0.111904 0.00426795
1 0.439026 0.437901 0.110833 0.110923 0.00417341
7 0.439782 0.0645555 0.111511 0.112179 0.00416312
12 0.686691 0.561527 0.10993 0.111374 0.00416047
12 0.936132 0.437202 0.11213 0.114002 0.00407492
13 0.314846 0.188588 0.111927 0.111561 0.00392501
0 0.812195 0.436374 0.112847 0.112249 0.00384612
12 0.811491 0.561693 0.110483 0.112377 0.00377675
10 0.0666079 0.437799 0.11244 0.111786 0.00371077
1 0.563948 0.684995 0.111579 0.111858 0.00361399
10 0.935915 0.933642 0.11139 0.111738 0.0035795
2 0.688101 0.437389 0.113073 0.112259 0.00356937
12 0.811559 0.313359 0.111432 0.112512 0.00345284
1 0.68798 0.685403 0.113041 0.112198 0.00330832
3 0.0665024 0.685142 0.115312 0.113501 0.00311279
2 0.688134 0.809902 0.111867 0.112262 0.00298456
5 0.315291 0.685587 0.112062 0.112126 0.00290963
7 0.191356 0.809425 0.112327 0.112522 0.00289569
0 0.936466 0.560743 0.113223 0.112259 0.00287242
1 0.315066 0.313582 0.11181 0.112191 0.00284471
3 0.688101 0.437389 0.113073 0.112259 0.00281695
1 0.936599 0.685251 0.114111 0.114309 0.00280432
1 0.439958 0.0648564 0.112924 0.113577 0.00272319
3 0.192152 0.685445 0.111624 0.111888 0.00267634
4 0.563967 0.933851 0.111735 0.113005 0.0026198
1 0.563879 0.313389 0.112737 0.114254 0.00259307
12 0.687807 0.313533 0.111023 0.11222 0.002561
4 0.315245 0.188834 0.11084 0.112281 0.0025445
1 0.688149 0.064363 0.112201 0.113089 0.00253756
12 0.315739 0.436653 0.11054 0.11037 0.00248797
6 0.811469 0.810094 0.110931 0.112817 0.00247192
10 0.0667218 0.561089 0.113615 0.110968 0.0024392
0 0.813025 0.68561 0.110976 0.111348 0.0024026
9 0.688134 0.809902 0.111867 0.112262 0.00237423
1 0.687415 0.189281 0.112162 0.112517 0.00236439
3 0.440277 0.685304 0.111595 0.112209 0.00235563
8 0.688157 0.0646728 0.110673 0.113271 0.00227315
12 0.439852 0.188934 0.112277 0.112508 0.00227103
0 0.812986 0.313688 0.111339 0.112779 0.00226517
5 0.0671815 0.56218 0.112943 0.111779 0.00225478
12 0.191301 0.561005 0.111418 0.111446 0.00224541
1 0.563257 0.189082 0.111502 0.112118 0.00223734
3 0.56326 0.809735 0.111836 0.113222 0.00218875
11 0.563447 0.437186 0.111831 0.112594 0.00218438
11 0.191027 0.437282 0.112537 0.112496 0.00216159
11 0.811943 0.189114 0.111513 0.11252 0.00214927
7 0.687484 0.685314 0.112069 0.112644 0.00211505
6 0.936207 0.313702 0.112949 0.111504 0.00208963
4 0.439259 0.189127 0.110749 0.112716 0.0020744
1 0.439644 0.560872 0.112762 0.113849 0.00206164
7 0.564151 0.933485 0.112816 0.112913 0.00200597
9 0.439726 0.933935 0.111132 0.111251 0.00199447
6 0.0677179 0.313412 0.11308 0.113913 0.00198543
7 0.0674806 0.188839 0.113069 0.112843 0.00198282
7 0.315336 0.188938 0.112723 0.112495 0.00196043
1 0.191142 0.188402 0.112201 0.112536 0.00191042
0 0.813045 0.561789 0.111782 0.112026 0.00189658
9 0.935544 0.933988 0.111149 0.111555 0.00184945
0 0.439286 0.312769 0.112025 0.113089 0.00180597
3 0.688036 0.313495 0.112139 0.113432 0.00180121
0 0.936263 0.0647483 0.111698 0.112578 0.00179822
1 0.439727 0.809558 0.112828 0.113172 0.0017901
3 0.439489 0.437554 0.112655 0.112642 0.00177364
6 0.686819 0.809438 0.111847 0.113348 0.00176294
1 0.687953 0.809759 0.111962 0.112262 0.0017523
10 0.811918 0.9337 0.111769 0.113844 0.00173321
1 0.191667 0.809615 0.113402 0.112854 0.00172689
12 0.564121 0.933916 0.112815 0.113251 0.00168023
6 0.191466 0.0647401 0.111406 0.112712 0.00167664
10 0.191163 0.561206 0.111846 0.112611 0.00166992
1 0.687647 0.933307 0.112472 0.113343 0.00166366
3 0.563916 0.561169 0.111569 0.113348 0.00165471
7 0.439404 0.189199 0.11305 0.112479 0.0016438
1 0.315029 0.0647056 0.112467 0.112309 0.00159331
5 0.314881 0.313432 0.112275 0.111795 0.00159074
12 0.811469 0.810094 0.110931 0.112817 0.00158776
12 0.563916 0.561169 0.111569 0.113348 0.0015854
4 0.0673171 0.809493 0.113284 0.11271 0.0015797
3 0.439571 0.56109 0.112818 0.112896 0.00157743
4 0.687861 0.437838 0.110535 0.110152 0.00155741
5 0.688149 0.064363 0.112201 0.113089 0.00155583
2 0.564013 0.685357 0.112152 0.11293 0.00155538
5 0.0669563 0.437225 0.113044 0.111935 0.0015412
12 0.811559 0.0648657 0.111249 0.112657 0.00152596
12 0.315969 0.18893 0.111739 0.11187 0.00151596
0 0.56344 0.561287 0.111779 0.111953 0.00151005
1 0.0670259 0.685294 0.113447 0.112722 0.00150242
6 0.811559 0.0648657 0.111249 0.112657 0.00148005
3 0.314718 0.312704 0.112438 0.112022 0.00146807
13 0.56385 0.93388 0.111371 0.111189 0.00145813
8 0.688005 0.313198 0.11123 0.112617 0.00145539
2 0.688122 0.68534 0.112897 0.113018 0.00145232
9 0.811936 0.809428 0.112229 0.114639 0.00143213
3 0.314892 0.0644018 0.112317 0.112122 0.00138838
7 0.191898 0.933818 0.110937 0.112443 0.00138333
10 0.0665654 0.934314 0.113583 0.113103 0.00138156
5 0.68816 0.809681 0.112704 0.112757 0.001379
1 0.811421 0.809687 0.112041 0.11253 0.00134927
12 0.563467 0.0636929 0.110965 0.113382 0.00134179
9 0.813023 0.065348 0.109772 0.110268 0.00134031
4 0.439491 0.313385 0.112225 0.112854 0.00133123
6 0.936297 0.809598 0.112131 0.111795 0.0013278
5 0.439921 0.809851 0.111992 0.112308 0.00132091
7 0.935883 0.685014 0.112046 0.112441 0.00130846
13 0.316016 0.436693 0.110287 0.111844 0.00130773
3 0.439475 0.809902 0.112517 0.112909 0.00129895
0 0.81145 0.188658 0.111929 0.11301 0.00129677
7 0.936147 0.80954 0.11119 0.11415 0.0012702
12 0.564086 0.809872 0.112685 0.113372 0.00125245
7 0.936446 0.313488 0.112709 0.114091 0.00123846
0 0.563688 0.809562 0.113154 0.112486 0.00121167
10 0.43976 0.933846 0.11136 0.111045 0.00120286
12 0.687494 0.809528 0.111915 0.112794 0.00120002
10 0.315709 0.437874 0.110493 0.112632 0.00117382
2 0.936599 0.685251 0.114111 0.114309 0.0011734
7 0.686841 0.560946 0.111168 0.112015 0.00116985
4 0.936466 0.560743 0.113223 0.112259 0.00115692
11 0.686809 0.437301 0.112127 0.11027 0.00110973
3 0.936516 0.31337 0.11129 0.113195 0.00109095
6 0.935899 0.189159 0.11212 0.11293 0.00108851
1 0.935772 0.189172 0.112324 0.112532 0.00108727
5 0.0666999 0.684656 0.112785 0.11269 0.00108372
6 0.439782 0.0645555 0.111511 0.112179 0.00108292
7 0.811538 0.93304 0.111271 0.111797 0.0010802
8 0.563496 0.561484 0.112564 0.112139 0.00107855
12 0.0670613 0.0646535 0.113237 0.113176 0.00104801
4 0.688109 0.809526 0.1125 0.113461 0.00103792
12 0.0672063 0.313339 0.112667 0.113471 0.00102587
5 0.439691 0.436848 0.111504 0.113699 0.00102282
3 0.563806 0.189374 0.111854 0.112444 0.00101881
1 0.811342 0.0649636 0.112047 0.112467 0.00100074
