7 0.315785 0.933982 0.112531 0.113076 0.988081
9 0.191186 0.685625 0.111959 0.112875 0.986903
9 0.191255 0.933932 0.112679 0.114295 0.986854
3 0.563778 0.685271 0.112024 0.112952 0.985648
6 0.315658 0.685333 0.111645 0.111833 0.984652
10 0.564207 0.809812 0.112515 0.113699 0.984613
7 0.811795 0.933937 0.112757 0.113352 0.984599
7 0.439723 0.685371 0.112646 0.113265 0.984529
6 0.0671064 0.809579 0.112456 0.112189 0.984433
13 0.439319 0.0647894 0.112215 0.113642 0.984393
11 0.439223 0.809737 0.110935 0.112653 0.984237
7 0.936471 0.809343 0.113056 0.113026 0.984033
6 0.315857 0.189057 0.11228 0.113154 0.983886
12 0.56407 0.934012 0.111296 0.114356 0.983819
1 0.191386 0.809732 0.111553 0.112185 0.983774
9 0.0669853 0.189145 0.112519 0.113481 0.983688
0 0.439749 0.933718 0.112694 0.113549 0.983512
6 0.688036 0.933884 0.112665 0.114567 0.983267
3 0.936204 0.934035 0.114473 0.114828 0.983266
7 0.31576 0.562047 0.113016 0.11343 0.983146
12 0.315519 0.809958 0.111903 0.113073 0.983145
10 0.0674165 0.31364 0.113212 0.112802 0.982913
7 0.0672874 0.685567 0.113521 0.113602 0.982683
10 0.563598 0.0650238 0.111916 0.114225 0.982589
3 0.315651 0.437325 0.112327 0.114013 0.982373
1 0.0666854 0.934191 0.1126 0.113628 0.982333
10 0.0674819 0.064756 0.113593 0.11431 0.982193
10 0.191074 0.437207 0.113015 0.112208 0.982109
10 0.191838 0.189141 0.112179 0.112867 0.981983
4 0.191373 0.064971 0.112674 0.113526 0.981933
11 0.315418 0.313331 0.112456 0.112917 0.981915
13 0.687714 0.0648525 0.112146 0.112884 0.981701
11 0.19147 0.561407 0.111458 0.112391 0.981665
1 0.688066 0.809337 0.112141 0.113241 0.981477
12 0.191379 0.313388 0.112198 0.11336 0.981305
12 0.0671888 0.437364 0.112735 0.111994 0.980773
12 0.315488 0.0646875 0.111341 0.11342 0.980588
6 0.812305 0.0651375 0.112996 0.114538 0.979983
5 0.563349 0.189133 0.110978 0.112675 0.979485
6 0.563916 0.561301 0.112332 0.112983 0.979368
9 0.687117 0.437832 0.110846 0.111655 0.979271
13 0.812039 0.437282 0.113006 0.113291 0.979158
11 0.687949 0.685545 0.112576 0.113402 0.979091
7 0.563978 0.313194 0.112428 0.114119 0.978938
10 0.812534 0.312562 0.11317 0.114645 0.978802
12 0.439518 0.313101 0.112485 0.112063 0.978781
7 0.811917 0.685859 0.112436 0.112778 0.978774
5 0.687632 0.313063 0.112009 0.113952 0.97876
2 0.439329 0.561075 0.1123 0.112307 0.978723
5 0.936285 0.685455 0.112674 0.112935 0.978686
3 0.688014 0.561655 0.112303 0.112444 0.978649
1 0.936114 0.561148 0.114051 0.113126 0.978513
1 0.93615 0.0641891 0.113879 0.113494 0.978439
1 0.812045 0.188742 0.112612 0.112108 0.978385
0 0.439431 0.437456 0.111584 0.111879 0.978384
7 0.936142 0.189153 0.114087 0.114486 0.978339
8 0.687534 0.189615 0.111963 0.112117 0.978315
0 0.811918 0.809453 0.11245 0.113241 0.978297
0 0.935897 0.436976 0.112944 0.11226 0.978287
4 0.936597 0.312771 0.113861 0.11453 0.978228
12 0.564066 0.437052 0.111925 0.112779 0.978176
0 0.439425 0.18873 0.112142 0.113049 0.978042
8 0.812164 0.561608 0.112028 0.111952 0.977096
0 0.0670518 0.561044 0.112192 0.112468 0.969145
1 0.0665879 0.560836 0.114311 0.112442 0.132758
6 0.56362 0.933598 0.110658 0.112572 0.0538146
6 0.315492 0.809538 0.111361 0.111884 0.0521561
2 0.687972 0.188275 0.111744 0.111372 0.0500101
6 0.0668755 0.437629 0.112694 0.112478 0.0102743
6 0.563927 0.437679 0.111924 0.112521 0.0099574
12 0.811528 0.93342 0.110781 0.110835 0.00853012
6 0.191309 0.313763 0.112112 0.113227 0.00784024
2 0.811907 0.561325 0.111132 0.111719 0.00659909
12 0.688125 0.437307 0.110988 0.113243 0.00655746
12 0.811498 0.68569 0.111861 0.112885 0.00603625
7 0.067156 0.43655 0.112051 0.113318 0.00530549
6 0.439699 0.313633 0.110842 0.113243 0.00510789
11 0.811381 0.561255 0.109581 0.111288 0.0046528
6 0.315677 0.0650594 0.112364 0.114022 0.00451116
3 0.688001 0.933402 0.112185 0.113223 0.00429017
11 0.686745 0.313425 0.110747 0.111997 0.004183
10 0.935914 0.685098 0.111651 0.112697 0.00416898
1 0.688367 0.932888 0.112525 0.113437 0.00387834
1 0.936456 0.312941 0.113157 0.114348 0.00387425
1 0.811818 0.809328 0.11206 0.112429 0.00386152
13 0.8116 0.932929 0.109798 0.111066 0.00365503
1 0.439611 0.436865 0.112256 0.11262 0.00346634
11 0.935903 0.685118 0.111959 0.112279 0.00326286
2 0.688071 0.313377 0.112413 0.113553 0.00305334
5 0.687693 0.685617 0.111937 0.11234 0.00287595
3 0.0671064 0.809579 0.112456 0.112189 0.00275438
0 0.688125 0.437307 0.110988 0.113243 0.00264424
4 0.935578 0.189106 0.114548 0.114139 0.00260723
12 0.31592 0.561225 0.111232 0.113122 0.00258485
12 0.563766 0.0645409 0.11229 0.114596 0.00257358
12 0.81162 0.437248 0.111458 0.112384 0.00249232
0 0.936106 0.064239 0.112127 0.113509 0.00245231
5 0.439549 0.561239 0.111415 0.111367 0.00239926
0 0.81204 0.18853 0.112048 0.113059 0.00236591
0 0.936464 0.561197 0.111957 0.112854 0.00232875
7 0.440266 0.0648758 0.111938 0.113577 0.00230391
4 0.81224 0.313366 0.111959 0.114205 0.00226343
12 0.687645 0.561298 0.111087 0.11213 0.00221819
3 0.68818 0.437456 0.112098 0.113165 0.00219734
6 0.811492 0.932354 0.110163 0.110464 0.00219287
12 0.564247 0.809625 0.111875 0.112118 0.002192
4 0.812254 0.933801 0.112629 0.114526 0.00218391
5 0.439624 0.810051 0.11167 0.113149 0.00217623
1 0.439894 0.561104 0.112562 0.11332 0.00214877
5 0.315536 0.313796 0.11246 0.113196 0.00214598
1 0.439431 0.188239 0.111984 0.112671 0.00213761
12 0.935746 0.809819 0.112008 0.11265 0.00212489
11 0.686834 0.18811 0.111483 0.110429 0.00206976
3 0.439578 0.560762 0.112232 0.112419 0.00204417
4 0.688219 0.809067 0.111398 0.111694 0.00201931
12 0.935972 0.188898 0.113019 0.11296 0.00201034
3 0.812305 0.0651375 0.112996 0.114538 0.0019729
4 0.315968 0.933976 0.112164 0.113822 0.00196222
3 0.315444 0.189219 0.111773 0.11324 0.00195761
4 0.0668809 0.685279 0.114492 0.113301 0.00191384
4 0.563636 0.0652644 0.112239 0.113757 0.00190204
1 0.19182 0.0649028 0.11219 0.113558 0.00189135
0 0.0671381 0.189339 0.112944 0.114403 0.00188635
5 0.564247 0.809625 0.111875 0.112118 0.00184648
7 0.564019 0.436599 0.111847 0.112269 0.00181417
6 0.811456 0.685148 0.112997 0.112653 0.00180781
3 0.564186 0.561083 0.111696 0.112399 0.00179069
10 0.687771 0.685477 0.111548 0.11221 0.00175727
4 0.936471 0.809343 0.113056 0.113026 0.0017316
11 0.563445 0.189355 0.112195 0.112648 0.00171428
7 0.687929 0.0652124 0.112435 0.113857 0.00170291
11 0.564247 0.809625 0.111875 0.112118 0.00169464
0 0.688219 0.809067 0.111398 0.111694 0.00166995
7 0.812152 0.0653371 0.113092 0.113985 0.00166436
7 0.191503 0.0645794 0.112108 0.11226 0.00162378
7 0.936047 0.312514 0.113327 0.11576 0.00160626
4 0.688229 0.561616 0.111662 0.112893 0.00155449
13 0.811571 0.685294 0.111462 0.113343 0.00155181
2 0.688265 0.56188 0.110982 0.111302 0.00153906
4 0.688001 0.933402 0.112185 0.113223 0.00152231
0 0.688082 0.189064 0.112618 0.113321 0.00151444
4 0.564037 0.809682 0.112315 0.113486 0.00148806
10 0.563472 0.189364 0.112687 0.112196 0.00146382
10 0.315494 0.313587 0.111472 0.112728 0.00145373
13 0.19104 0.437125 0.111506 0.111218 0.00143771
4 0.19111 0.437179 0.112543 0.113197 0.00141655
9 0.935797 0.934113 0.113126 0.114168 0.00139563
4 0.44006 0.685502 0.112554 0.113492 0.00136096
6 0.688265 0.56188 0.110982 0.111302 0.0013446
0 0.0667256 0.934132 0.113443 0.114057 0.00133908
12 0.315185 0.437456 0.112199 0.11268 0.0013266
12 0.68822 0.0649753 0.111665 0.111899 0.00130084
12 0.935756 0.934211 0.113411 0.114405 0.00129866
3 0.315658 0.685333 0.111645 0.111833 0.0012824
4 0.191376 0.809802 0.11197 0.112754 0.00127359
4 0.0674473 0.0646213 0.112644 0.114462 0.00126115
4 0.936458 0.560615 0.113331 0.11237 0.00125392
4 0.811823 0.189115 0.112098 0.112003 0.0012402
7 0.191392 0.437907 0.112519 0.111973 0.0012349
4 0.563744 0.685203 0.110808 0.111981 0.00122989
7 0.563636 0.0652644 0.112239 0.113757 0.00122583
10 0.564294 0.313459 0.112818 0.114064 0.00122281
4 0.56362 0.933598 0.110658 0.112572 0.00121507
13 0.191179 0.189167 0.112533 0.112136 0.00121324
7 0.0676859 0.313661 0.112947 0.112215 0.00120351
4 0.19142 0.189112 0.113063 0.113933 0.00120188
9 0.687693 0.685617 0.111937 0.11234 0.00119562
6 0.935887 0.188561 0.113137 0.11281 0.00119501
8 0.688202 0.685415 0.11267 0.113181 0.00118085
11 0.811732 0.312279 0.112649 0.11501 0.00117565
5 0.811637 0.312696 0.114994 0.112418 0.00116416
6 0.315531 0.43736 0.112796 0.112928 0.00116304
4 0.315492 0.809538 0.111361 0.111884 0.00115253
4 0.0676726 0.313398 0.112782 0.114136 0.00115119
13 0.563323 0.0646347 0.111726 0.112401 0.00114956
2 0.688353 0.809495 0.11234 0.111682 0.00114238
1 0.687956 0.561598 0.111841 0.112115 0.00113352
12 0.0672707 0.189303 0.112882 0.113503 0.0011276
3 0.688045 0.313458 0.11258 0.114805 0.00111063
4 0.935955 0.0646782 0.112633 0.112871 0.00110835
12 0.56417 0.313417 0.11239 0.11348 0.00110625
9 0.439725 0.809824 0.111504 0.1123 0.00110007
5 0.190905 0.561726 0.112412 0.113677 0.00109473
12 0.191317 0.685635 0.110983 0.112177 0.00109079
12 0.812342 0.313342 0.112743 0.113607 0.00108794
7 0.688351 0.932803 0.114667 0.113121 0.00108478
7 0.563734 0.561276 0.111961 0.111924 0.00108176
12 0.439936 0.685613 0.111799 0.113087 0.00107805
0 0.191376 0.809802 0.11197 0.112754 0.00106301
1 0.315531 0.43736 0.112796 0.112928 0.00105614
4 0.935725 0.933899 0.112592 0.112193 0.00104272
10 0.688071 0.313377 0.112413 0.113553 0.00103742
4 0.688002 0.313333 0.111852 0.113534 0.00102634
6 0.935746 0.809536 0.111267 0.112806 0.00102192
2 0.563744 0.685203 0.110808 0.111981 0.00101857
4 0.812688 0.685524 0.112997 0.113659 0.00101617
2 0.440006 0.809438 0.111638 0.112082 0.00101297
2 0.687376 0.68548 0.111253 0.112314 0.00100579
8 0.19147 0.933812 0.113559 0.113351 0.00100176
