3 0.191591 0.809574 0.111147 0.112462 0.987415
3 0.0670987 0.685601 0.112317 0.112828 0.9866
9 0.439726 0.934191 0.112293 0.112805 0.98642
4 0.315904 0.809567 0.110891 0.110891 0.985997
7 0.0671582 0.809639 0.112497 0.112149 0.985432
3 0.6877 0.933851 0.113926 0.113604 0.985287
1 0.563993 0.93388 0.110993 0.112678 0.98511
5 0.314559 0.0651722 0.110187 0.111344 0.98487
12 0.316095 0.933706 0.111266 0.112436 0.984759
9 0.0672388 0.188886 0.1132 0.111683 0.983746
3 0.936549 0.809475 0.112962 0.112495 0.98349
3 0.191727 0.0641572 0.112476 0.112956 0.983362
12 0.0668612 0.0646401 0.112963 0.112769 0.982889
1 0.315999 0.685602 0.111071 0.111361 0.982847
1 0.812002 0.933685 0.111493 0.112216 0.982753
1 0.191268 0.561717 0.111868 0.112594 0.982752
12 0.191283 0.437031 0.111484 0.111805 0.982597
1 0.440139 0.809393 0.111225 0.112394 0.982459
4 0.439603 0.436949 0.112934 0.112473 0.982275
13 0.191073 0.31365 0.11089 0.111285 0.982221
1 0.0673631 0.437666 0.11261 0.112368 0.982198
2 0.811957 0.810054 0.11159 0.112135 0.982106
3 0.315234 0.189128 0.113206 0.112755 0.981883
6 0.687999 0.809565 0.111922 0.113203 0.981882
11 0.935791 0.933701 0.112572 0.112358 0.981707
11 0.315394 0.436827 0.11226 0.112723 0.981496
13 0.439785 0.685241 0.110979 0.111675 0.981466
1 0.0665645 0.934065 0.112788 0.112914 0.981312
8 0.0668321 0.312956 0.112511 0.112764 0.980751
13 0.439438 0.313181 0.112352 0.111639 0.980613
0 0.315062 0.31249 0.112473 0.112243 0.980265
0 0.190921 0.188213 0.112319 0.111922 0.980244
0 0.0670727 0.560996 0.111774 0.113174 0.98016
0 0.191313 0.933468 0.111586 0.112394 0.980034
4 0.564036 0.561189 0.112987 0.11292 0.980033
0 0.564338 0.809539 0.111179 0.11254 0.979943
9 0.563718 0.437295 0.112182 0.111967 0.979683
1 0.439345 0.561328 0.112717 0.11348 0.979495
9 0.687926 0.437388 0.111246 0.111322 0.979448
9 0.687821 0.0651562 0.112244 0.111886 0.979387
12 0.563487 0.313304 0.111839 0.111412 0.979351
3 0.687883 0.561513 0.112424 0.112398 0.979301
8 0.315303 0.561522 0.112193 0.112169 0.979258
8 0.191202 0.685455 0.111773 0.111628 0.979231
1 0.563743 0.188715 0.111596 0.112402 0.979114
7 0.56432 0.685752 0.111907 0.112223 0.978979
1 0.68777 0.312812 0.11193 0.113096 0.978933
9 0.935495 0.189192 0.111442 0.1126 0.978764
1 0.812375 0.188744 0.111347 0.11211 0.978691
3 0.81214 0.437553 0.112107 0.112398 0.978675
1 0.93594 0.0638516 0.114266 0.113577 0.978659
8 0.439187 0.0648317 0.112043 0.112752 0.978551
5 0.687941 0.685528 0.112679 0.112018 0.978425
0 0.811779 0.561507 0.112303 0.112417 0.978319
0 0.935989 0.685323 0.11285 0.112567 0.978234
3 0.936245 0.561606 0.111783 0.112035 0.978176
8 0.812516 0.685428 0.111895 0.112344 0.978171
0 0.439428 0.188735 0.111976 0.113206 0.978164
3 0.936198 0.313487 0.111579 0.112162 0.978103
0 0.812405 0.31266 0.111795 0.113047 0.977885
0 0.563303 0.0654854 0.111444 0.111544 0.977827
0 0.687787 0.188485 0.111552 0.11211 0.977793
0 0.811814 0.0645801 0.111485 0.11298 0.977045
11 0.93626 0.43715 0.112868 0.113044 0.976912
10 0.936843 0.436677 0.110352 0.112322 0.0164153
2 0.315535 0.561536 0.112785 0.112133 0.00856244
3 0.688298 0.0647538 0.11244 0.11296 0.00588518
2 0.439323 0.0644013 0.110601 0.113256 0.00555763
2 0.813072 0.685009 0.110593 0.111861 0.00520903
1 0.440362 0.437122 0.112866 0.112373 0.00508543
2 0.191097 0.685453 0.112586 0.112077 0.00456237
1 0.564353 0.561455 0.112109 0.111795 0.00454324
3 0.688466 0.808963 0.111747 0.112505 0.00450478
1 0.0664497 0.560473 0.114079 0.112605 0.00432227
10 0.935803 0.933587 0.110456 0.112205 0.0040959
0 0.812653 0.188032 0.110444 0.111149 0.00404073
9 0.936071 0.437478 0.111095 0.110892 0.00385734
1 0.812201 0.0641083 0.110769 0.113289 0.00374956
1 0.811938 0.561059 0.112532 0.11209 0.00372831
0 0.935577 0.0636611 0.112525 0.1133 0.00364461
5 0.811591 0.810089 0.113606 0.112181 0.00359718
0 0.564298 0.438062 0.111957 0.113104 0.00353287
12 0.688251 0.0645756 0.111761 0.111993 0.00353062
1 0.563888 0.0639551 0.111407 0.113285 0.00344727
7 0.439683 0.437265 0.111968 0.112599 0.00335286
12 0.688223 0.437355 0.11227 0.111672 0.00331302
12 0.564195 0.438052 0.110447 0.112539 0.00325821
3 0.688274 0.437452 0.113059 0.112659 0.00323653
0 0.688175 0.312029 0.111355 0.112368 0.00323032
9 0.811471 0.437619 0.112144 0.112196 0.00319025
7 0.68839 0.80942 0.11383 0.113171 0.00315709
0 0.688223 0.437355 0.11227 0.111672 0.00312146
1 0.688409 0.187659 0.111494 0.112401 0.00309577
9 0.688407 0.933324 0.114491 0.112721 0.00302061
10 0.315663 0.436531 0.111763 0.113221 0.0030182
12 0.936106 0.188851 0.112433 0.113267 0.00295442
2 0.688034 0.312992 0.111885 0.113495 0.00279877
1 0.315504 0.809726 0.112567 0.111637 0.00272852
3 0.563886 0.437403 0.111489 0.112374 0.0026361
1 0.81258 0.3121 0.111465 0.112552 0.00262842
0 0.0673827 0.313624 0.111955 0.113635 0.00255657
0 0.563852 0.188484 0.111129 0.112428 0.00254484
2 0.0668321 0.312956 0.112511 0.112764 0.002503
5 0.935791 0.933701 0.112572 0.112358 0.00249922
1 0.813084 0.809696 0.11312 0.11282 0.00225293
5 0.68842 0.933073 0.113742 0.112531 0.00225281
9 0.93603 0.810033 0.112145 0.113195 0.00222388
12 0.43987 0.685071 0.111782 0.111952 0.00220907
2 0.688263 0.685717 0.112839 0.112609 0.00219634
2 0.812935 0.18881 0.11036 0.113433 0.00212386
2 0.688407 0.933324 0.114491 0.112721 0.00212262
12 0.439673 0.313133 0.110746 0.111108 0.00208644
9 0.688128 0.561706 0.112762 0.111498 0.00203697
0 0.812447 0.933712 0.110354 0.112421 0.00203266
0 0.688251 0.0645756 0.111761 0.111993 0.00202933
9 0.935929 0.561707 0.111522 0.112927 0.00198903
12 0.0675784 0.189165 0.11258 0.112412 0.00194373
12 0.687504 0.561278 0.111424 0.112263 0.00191318
2 0.688128 0.561706 0.112762 0.111498 0.00189098
12 0.935897 0.561765 0.111748 0.112611 0.00188086
6 0.439683 0.437265 0.111968 0.112599 0.00186592
5 0.935784 0.436848 0.112768 0.112666 0.00185173
9 0.935941 0.31307 0.111487 0.11311 0.00184898
1 0.439613 0.188149 0.111891 0.112574 0.00184627
12 0.936006 0.810085 0.11201 0.113123 0.00178242
2 0.813146 0.932881 0.11064 0.112908 0.00176092
0 0.563942 0.933746 0.109936 0.111911 0.00175105
12 0.935925 0.313136 0.111828 0.112778 0.00175048
3 0.688244 0.685865 0.113296 0.112918 0.00173528
1 0.191142 0.188771 0.111276 0.11154 0.00169082
4 0.812002 0.933685 0.111493 0.112216 0.00168599
3 0.812075 0.810372 0.112271 0.111901 0.00162273
4 0.067073 0.80938 0.112101 0.112143 0.00161822
10 0.687998 0.68578 0.111444 0.111815 0.00161467
0 0.067476 0.189212 0.112517 0.112477 0.00160864
1 0.564384 0.809447 0.111054 0.112358 0.00158065
12 0.811544 0.437505 0.111546 0.112308 0.0015793
4 0.315999 0.685602 0.111071 0.111361 0.00157686
0 0.439739 0.561389 0.112215 0.112792 0.00156805
1 0.315062 0.31249 0.112473 0.112243 0.00156065
0 0.191244 0.561338 0.111909 0.11265 0.00151738
4 0.0673631 0.437666 0.11261 0.112368 0.00148816
4 0.440139 0.809393 0.111225 0.112394 0.00146738
4 0.688263 0.685717 0.112839 0.112609 0.0014368
4 0.439613 0.561155 0.1119 0.112694 0.00139638
5 0.315116 0.436908 0.112146 0.112752 0.00139424
9 0.935757 0.933471 0.111416 0.11121 0.00138477
4 0.564093 0.189161 0.111051 0.11213 0.00134686
1 0.687833 0.561444 0.111945 0.112163 0.00133626
13 0.191055 0.436551 0.110403 0.11258 0.00133487
12 0.191366 0.313132 0.110415 0.111057 0.00133283
4 0.687971 0.313112 0.111317 0.11177 0.00131633
12 0.44046 0.934106 0.113966 0.112393 0.00129905
4 0.812149 0.189452 0.110373 0.111233 0.00126758
5 0.68815 0.561517 0.113897 0.111399 0.00126581
0 0.440166 0.809449 0.111417 0.112646 0.001252
13 0.935837 0.933988 0.112754 0.113349 0.00123155
2 0.564161 0.56137 0.11174 0.111585 0.00122108
1 0.191612 0.809563 0.111859 0.111799 0.00121499
1 0.936245 0.561606 0.111783 0.112035 0.0012094
9 0.93626 0.685355 0.111887 0.11184 0.00120385
12 0.687635 0.933543 0.111106 0.111646 0.00119903
10 0.439631 0.685227 0.11106 0.111812 0.00119351
12 0.191885 0.0646332 0.111719 0.112227 0.00119033
6 0.315161 0.809335 0.112079 0.112315 0.00118022
1 0.81214 0.437553 0.112107 0.112398 0.00117705
4 0.191268 0.561717 0.111868 0.112594 0.00117312
1 0.936149 0.31327 0.111275 0.111714 0.00115929
1 0.936398 0.80982 0.112057 0.112264 0.00115568
2 0.813108 0.437641 0.109245 0.111195 0.00115018
0 0.0664502 0.436634 0.114811 0.111409 0.00113541
12 0.314826 0.189092 0.111628 0.112455 0.00113493
4 0.935355 0.0641258 0.113041 0.112648 0.00111546
7 0.439591 0.313521 0.111117 0.111619 0.00110715
2 0.440031 0.437116 0.112306 0.111815 0.00110342
0 0.315119 0.685453 0.111052 0.111907 0.0010886
6 0.812615 0.43794 0.111385 0.111546 0.00108722
0 0.0663231 0.933993 0.112668 0.112911 0.00108091
0 0.813091 0.685816 0.111114 0.113715 0.00106701
4 0.688101 0.561395 0.11375 0.11229 0.00104608
1 0.688113 0.93353 0.112188 0.11267 0.00102165
6 0.191468 0.437427 0.110992 0.111215 0.00101744
4 0.564043 0.933674 0.110843 0.112546 0.00101571
6 0.564005 0.313567 0.110589 0.111963 0.00101521
