9 0.315467 0.933515 0.111934 0.111912 0.987132
4 0.19193 0.68518 0.112011 0.112893 0.986292
3 0.56349 0.933875 0.11094 0.112513 0.986289
7 0.811834 0.933937 0.112385 0.111886 0.985879
4 0.936602 0.809597 0.112486 0.112374 0.985608
7 0.687899 0.933966 0.112252 0.112851 0.985141
10 0.191651 0.809562 0.111624 0.112025 0.985036
7 0.811887 0.809735 0.113042 0.112432 0.984965
4 0.0675047 0.685532 0.112394 0.112402 0.984963
6 0.0672537 0.809864 0.113049 0.112684 0.98491
10 0.192233 0.0647056 0.113032 0.112923 0.984668
10 0.067489 0.18922 0.113974 0.112199 0.984398
5 0.314915 0.0649253 0.110871 0.11176 0.984303
6 0.315956 0.561472 0.112369 0.1127 0.984091
12 0.935777 0.933822 0.113402 0.112677 0.984016
4 0.687973 0.809873 0.113 0.113114 0.983748
6 0.0669901 0.437645 0.113094 0.112054 0.98373
10 0.316153 0.312951 0.113035 0.112476 0.983641
6 0.56395 0.685455 0.112111 0.112684 0.983615
0 0.439813 0.933784 0.112641 0.11339 0.983433
4 0.439586 0.313095 0.111648 0.112417 0.983089
11 0.31546 0.809718 0.111503 0.112129 0.982594
7 0.315597 0.68519 0.11321 0.111889 0.982531
2 0.687837 0.0650946 0.110731 0.112811 0.982278
8 0.0676961 0.0655099 0.112507 0.113846 0.981916
8 0.191492 0.313363 0.111423 0.111828 0.981294
1 0.315143 0.437007 0.11183 0.111621 0.981133
5 0.439398 0.437325 0.111746 0.111984 0.981086
2 0.191236 0.561095 0.111207 0.112418 0.9809
0 0.563842 0.809333 0.111644 0.112616 0.980605
3 0.315349 0.189525 0.112076 0.112421 0.980583
3 0.439168 0.809686 0.111839 0.111548 0.980542
0 0.191008 0.437216 0.111447 0.11146 0.980515
2 0.439114 0.189276 0.111395 0.11244 0.980299
0 0.191092 0.933464 0.111791 0.112716 0.98029
11 0.0674476 0.312896 0.111195 0.11307 0.980077
12 0.439166 0.0646547 0.11173 0.113096 0.979953
13 0.0675648 0.561496 0.112624 0.112098 0.979842
1 0.439665 0.561393 0.112405 0.11324 0.979591
0 0.439539 0.685111 0.111994 0.112309 0.979454
12 0.68736 0.561734 0.112508 0.112108 0.979439
6 0.68804 0.437239 0.113337 0.11279 0.979298
1 0.812414 0.188787 0.111918 0.112843 0.979198
3 0.687985 0.189201 0.111992 0.112318 0.979182
1 0.563778 0.189091 0.111855 0.112748 0.979169
7 0.564066 0.437233 0.112157 0.113463 0.979137
3 0.563234 0.561623 0.112583 0.112488 0.979132
8 0.191142 0.189207 0.111779 0.112517 0.979084
12 0.56367 0.0646587 0.11225 0.113641 0.978996
3 0.687924 0.313644 0.111834 0.111995 0.978913
4 0.812512 0.685046 0.112789 0.112655 0.978876
0 0.563711 0.312959 0.111871 0.11339 0.978781
2 0.0673708 0.933549 0.112047 0.113117 0.978708
0 0.687908 0.685366 0.112211 0.112781 0.978605
0 0.811895 0.561452 0.11266 0.112884 0.978487
3 0.936573 0.065167 0.111926 0.11197 0.978053
11 0.812498 0.312952 0.112627 0.113443 0.977974
8 0.936239 0.437048 0.113175 0.11387 0.97788
7 0.812586 0.437155 0.112607 0.113024 0.977816
7 0.936756 0.561667 0.112645 0.112627 0.977594
0 0.93618 0.188497 0.112973 0.111933 0.977549
8 0.936284 0.684962 0.11117 0.112149 0.977508
13 0.936618 0.313246 0.112955 0.112001 0.977432
0 0.812095 0.0645933 0.112205 0.113255 0.977344
2 0.191132 0.313629 0.111128 0.112037 0.0219103
5 0.315519 0.809845 0.111161 0.11213 0.0181025
2 0.936071 0.685423 0.110972 0.11518 0.0152653
2 0.0667687 0.0654285 0.114238 0.113044 0.0110035
5 0.813042 0.313511 0.111929 0.113275 0.0107806
2 0.190932 0.189463 0.112247 0.112256 0.00950616
12 0.811646 0.933213 0.111497 0.111098 0.00748424
2 0.935991 0.436874 0.113777 0.113012 0.00743739
12 0.81171 0.437369 0.111751 0.11286 0.00634888
12 0.811515 0.810023 0.112444 0.113001 0.00616498
12 0.936427 0.0647821 0.113727 0.113317 0.00458525
6 0.936565 0.0647745 0.112982 0.113423 0.00392544
6 0.687424 0.561412 0.112181 0.112757 0.00390196
0 0.936199 0.437072 0.111391 0.112537 0.00362954
0 0.812534 0.188949 0.111189 0.113239 0.00353303
1 0.811889 0.561051 0.113008 0.112584 0.00350657
10 0.811698 0.31298 0.11114 0.113565 0.00331538
4 0.687971 0.933751 0.113317 0.112708 0.00329661
3 0.191605 0.561001 0.112967 0.112261 0.00316875
6 0.56367 0.0646587 0.11225 0.113641 0.00299444
6 0.811686 0.4371 0.113519 0.112208 0.00285297
1 0.563804 0.312522 0.111958 0.112876 0.00285283
12 0.687962 0.313391 0.11146 0.111977 0.00275156
12 0.936309 0.561912 0.112177 0.112965 0.00266691
7 0.687727 0.809628 0.111982 0.112519 0.00260104
6 0.439166 0.0646547 0.11173 0.113096 0.00256954
2 0.936711 0.809756 0.112745 0.113686 0.00252995
5 0.0665051 0.31341 0.113115 0.112913 0.00250073
12 0.0666358 0.561204 0.114029 0.112465 0.00242907
4 0.315403 0.313225 0.112168 0.113111 0.00240915
7 0.0668292 0.685539 0.114188 0.112933 0.00238409
0 0.563748 0.188902 0.111614 0.11318 0.00234345
8 0.0669032 0.93376 0.11377 0.1134 0.00232511
1 0.688284 0.0644733 0.111239 0.113203 0.00229872
1 0.812461 0.0642481 0.111546 0.113669 0.00226949
4 0.315968 0.685374 0.111374 0.110562 0.00224469
1 0.812731 0.685484 0.11282 0.113284 0.00219608
6 0.564275 0.933598 0.110871 0.112585 0.00218944
6 0.687636 0.313776 0.110725 0.112512 0.00218456
1 0.688243 0.809019 0.111192 0.11394 0.00216681
6 0.811556 0.809789 0.111497 0.112749 0.00215928
7 0.0669505 0.561611 0.112653 0.112873 0.00215671
2 0.812575 0.685501 0.113025 0.112347 0.00215095
7 0.811789 0.684914 0.112759 0.114538 0.00211928
2 0.813049 0.313388 0.111979 0.114137 0.00207784
6 0.811714 0.932856 0.110908 0.111236 0.00202352
1 0.440144 0.313342 0.111612 0.113095 0.00202112
6 0.564513 0.436585 0.110157 0.11321 0.00200931
10 0.68823 0.933119 0.114415 0.114601 0.00198284
4 0.936352 0.561366 0.113022 0.111711 0.00197259
1 0.936642 0.80922 0.112126 0.112873 0.00197111
1 0.688014 0.685209 0.11236 0.111771 0.00196869
6 0.936226 0.561565 0.112254 0.112354 0.00196376
4 0.812939 0.437913 0.111533 0.112899 0.00195816
4 0.812275 0.93382 0.112459 0.112705 0.00194269
4 0.564442 0.437895 0.112385 0.113751 0.00194239
12 0.686872 0.933883 0.111322 0.11204 0.00192796
6 0.563753 0.561197 0.111711 0.112132 0.00189296
0 0.936088 0.684903 0.111389 0.112247 0.00187458
11 0.439281 0.43662 0.111324 0.110843 0.00186561
2 0.812961 0.188672 0.110569 0.113938 0.00184101
8 0.688306 0.0645706 0.110529 0.112961 0.00181076
1 0.190915 0.436951 0.112624 0.112717 0.0017887
1 0.0674123 0.685834 0.113381 0.112605 0.00177363
1 0.191771 0.685515 0.113033 0.113294 0.00174758
2 0.687973 0.809873 0.113 0.113114 0.00174111
3 0.688469 0.065369 0.111181 0.112927 0.00173767
12 0.687898 0.189313 0.1118 0.112351 0.0017367
4 0.563955 0.933287 0.111588 0.112391 0.0017235
7 0.439664 0.313168 0.111412 0.111871 0.00171293
1 0.0673506 0.933611 0.113026 0.113268 0.00169581
11 0.19119 0.189383 0.111437 0.111705 0.0016931
9 0.936372 0.188874 0.113004 0.113271 0.00168457
2 0.688214 0.313739 0.111518 0.111746 0.00168087
1 0.563163 0.5616 0.112346 0.112279 0.00164312
7 0.9358 0.809911 0.111359 0.111981 0.00164008
6 0.688164 0.189205 0.112679 0.112888 0.00162385
3 0.0668977 0.809426 0.114982 0.11355 0.00159478
1 0.191497 0.560905 0.111981 0.113465 0.00157164
10 0.066265 0.313096 0.112922 0.11288 0.00156699
1 0.936597 0.0649142 0.111732 0.112239 0.00156555
1 0.439314 0.188901 0.11172 0.113567 0.00153424
1 0.563898 0.809279 0.111704 0.112486 0.00153192
3 0.0664631 0.437099 0.114933 0.111801 0.00152617
4 0.688203 0.189382 0.114286 0.11379 0.00150474
4 0.688188 0.313695 0.113108 0.113308 0.00150246
12 0.439545 0.809536 0.111963 0.112393 0.00150008
13 0.811714 0.932856 0.110908 0.111236 0.00149728
10 0.811714 0.932856 0.110908 0.111236 0.00149581
10 0.936326 0.313618 0.112742 0.11145 0.00149407
10 0.0666358 0.561204 0.114029 0.112465 0.00149053
1 0.439725 0.685083 0.111787 0.112349 0.00147452
0 0.439974 0.561452 0.11211 0.112729 0.0014725
4 0.0673351 0.189202 0.112512 0.113876 0.00146874
4 0.812472 0.809523 0.112581 0.112413 0.00146389
0 0.0668992 0.0654441 0.112161 0.112322 0.00145939
8 0.688184 0.684938 0.11273 0.112535 0.00145087
4 0.564037 0.189402 0.111403 0.113005 0.00142213
2 0.564032 0.933403 0.110496 0.112379 0.00142182
6 0.31588 0.189184 0.110941 0.111748 0.00141113
2 0.68823 0.189423 0.112945 0.112558 0.00140513
0 0.315309 0.436857 0.111881 0.112688 0.00140399
4 0.191511 0.0649915 0.11127 0.113224 0.00140376
7 0.688358 0.437383 0.112188 0.111312 0.00137777
4 0.439819 0.561226 0.11169 0.112629 0.00137483
1 0.688012 0.313267 0.111474 0.111989 0.00135243
6 0.440195 0.809168 0.111272 0.111926 0.00135027
11 0.0671296 0.0653064 0.112843 0.11327 0.00134996
7 0.0673268 0.438115 0.114497 0.112258 0.00134029
1 0.439896 0.809348 0.112016 0.112156 0.00133915
1 0.688174 0.437256 0.112365 0.113531 0.00132244
2 0.440144 0.313342 0.111612 0.113095 0.00130501
4 0.81222 0.189398 0.111175 0.112306 0.00128404
13 0.191571 0.0651746 0.111853 0.111797 0.00124913
4 0.315463 0.437346 0.11206 0.112651 0.00123711
5 0.688284 0.0644733 0.111239 0.113203 0.00122441
3 0.315886 0.56113 0.113913 0.113356 0.00121881
9 0.81158 0.313062 0.111829 0.113378 0.00120724
4 0.564022 0.561245 0.113715 0.112697 0.00119911
1 0.563813 0.933781 0.110813 0.112067 0.00117399
4 0.439545 0.809536 0.111963 0.112393 0.00117133
2 0.191771 0.685515 0.113033 0.113294 0.00117042
12 0.56438 0.436541 0.110894 0.111967 0.0011579
7 0.191314 0.685391 0.11239 0.112772 0.00115565
4 0.935777 0.933822 0.113402 0.112677 0.0011505
3 0.439812 0.189632 0.111481 0.112708 0.00114854
5 0.191376 0.809616 0.111692 0.111672 0.00114716
11 0.936071 0.685423 0.110972 0.11518 0.001117
7 0.686668 0.561812 0.111765 0.113647 0.00111286
10 0.812293 0.437833 0.110756 0.111525 0.00110852
10 0.439709 0.437586 0.111286 0.111857 0.0010981
1 0.687986 0.18922 0.112229 0.112588 0.00109786
7 0.0671142 0.189611 0.112072 0.111778 0.00109453
8 0.81158 0.313062 0.111829 0.113378 0.00107769
3 0.687425 0.561289 0.111823 0.113014 0.00107506
5 0.0670715 0.93364 0.112355 0.112035 0.00106934
5 0.191661 0.560931 0.111224 0.113784 0.00106765
6 0.811725 0.685277 0.114005 0.113074 0.00106184
3 0.935765 0.933863 0.11248 0.114761 0.00106043
1 0.315545 0.189281 0.112372 0.112648 0.00105541
12 0.936809 0.313328 0.110863 0.111212 0.00105407
10 0.811556 0.809789 0.111497 0.112749 0.00105125
10 0.315901 0.809771 0.11277 0.112467 0.00104192
2 0.0674123 0.685834 0.113381 0.112605 0.0010384
0 0.688042 0.562304 0.11218 0.113059 0.00103814
12 0.315022 0.189276 0.111557 0.112315 0.00102862
0 0.191379 0.313785 0.110446 0.112988 0.00102758
10 0.440092 0.312845 0.11264 0.11268 0.00101852
5 0.936327 0.809598 0.11261 0.111709 0.00100113
