3 0.563576 0.809696 0.112129 0.113099 0.987458
3 0.439288 0.810015 0.112104 0.112897 0.986934
3 0.191057 0.934051 0.112636 0.113145 0.986818
7 0.563934 0.933862 0.111179 0.112356 0.986467
6 0.31553 0.809748 0.112613 0.113287 0.985391
12 0.935667 0.933957 0.112996 0.112992 0.985329
13 0.68802 0.933814 0.111886 0.113714 0.985151
6 0.315717 0.934024 0.112222 0.113833 0.985052
5 0.440348 0.685828 0.110807 0.112217 0.985003
6 0.191371 0.809762 0.11136 0.111685 0.984776
9 0.315415 0.685426 0.111435 0.111454 0.984618
9 0.315573 0.188864 0.111836 0.112387 0.984457
12 0.439487 0.0648852 0.110907 0.112499 0.984218
6 0.191426 0.685569 0.111611 0.111879 0.98417
5 0.0667388 0.437763 0.112632 0.112463 0.984105
0 0.439647 0.933597 0.112537 0.113341 0.983779
5 0.0666748 0.189348 0.112574 0.11215 0.983697
7 0.0671827 0.561902 0.112486 0.111501 0.983615
5 0.0666019 0.0653521 0.113175 0.112902 0.983583
13 0.191617 0.313803 0.110734 0.111799 0.983123
6 0.315569 0.561508 0.111881 0.112298 0.983032
4 0.315295 0.0646632 0.112224 0.112173 0.982839
1 0.0672932 0.685569 0.112564 0.112095 0.982682
6 0.191232 0.437618 0.111928 0.11242 0.982397
7 0.0670586 0.809656 0.113212 0.112538 0.982096
1 0.191303 0.561442 0.111999 0.112226 0.982032
7 0.0669955 0.934038 0.113396 0.113412 0.981917
4 0.439234 0.436644 0.112144 0.112341 0.98178
4 0.563939 0.685392 0.111057 0.112498 0.981768
8 0.811983 0.934154 0.111344 0.112866 0.981739
6 0.563433 0.0648789 0.111762 0.113792 0.98155
1 0.314991 0.437115 0.112016 0.111745 0.981204
11 0.68689 0.0655535 0.111054 0.112637 0.9812
1 0.687894 0.80907 0.111985 0.113754 0.981037
7 0.93673 0.809633 0.112443 0.113188 0.980957
1 0.19126 0.0648914 0.111934 0.112478 0.980826
6 0.439384 0.312946 0.112658 0.111773 0.980499
0 0.0673607 0.312975 0.11284 0.113599 0.979914
0 0.812156 0.808955 0.112222 0.11312 0.979897
6 0.563926 0.313107 0.11209 0.11205 0.979701
9 0.439973 0.561387 0.111172 0.112576 0.979629
4 0.811999 0.0649453 0.111416 0.112542 0.979626
8 0.191379 0.189036 0.111231 0.111875 0.97945
8 0.315358 0.3134 0.112679 0.11151 0.979397
1 0.935847 0.0650112 0.112677 0.113216 0.979382
6 0.687768 0.188688 0.11216 0.111807 0.979349
1 0.563596 0.436884 0.112317 0.112858 0.979279
2 0.563624 0.189268 0.110062 0.112684 0.979253
1 0.687921 0.561107 0.112356 0.112986 0.979069
0 0.563543 0.560713 0.111587 0.113457 0.9788
4 0.812293 0.188707 0.112326 0.112607 0.978798
5 0.812085 0.561293 0.112313 0.112874 0.978651
0 0.439395 0.188365 0.112345 0.112985 0.978506
0 0.688069 0.684717 0.111851 0.112281 0.97847
9 0.812397 0.437003 0.112487 0.113559 0.978468
1 0.812366 0.684858 0.113087 0.112634 0.978429
0 0.936126 0.436944 0.113107 0.112562 0.978279
0 0.687657 0.437017 0.111966 0.113085 0.978248
8 0.936292 0.685119 0.112572 0.112086 0.978242
2 0.688026 0.313372 0.1116 0.111572 0.977818
7 0.936703 0.561556 0.112674 0.113225 0.977662
8 0.812365 0.31276 0.112311 0.111621 0.977304
7 0.936362 0.188768 0.112776 0.112644 0.976931
13 0.936299 0.313551 0.11111 0.111933 0.976719
4 0.935637 0.189128 0.113951 0.1127 0.00960939
3 0.812363 0.437084 0.112132 0.112987 0.00853004
5 0.68807 0.0649313 0.111358 0.112305 0.00769685
2 0.936553 0.685198 0.111317 0.112718 0.00766672
1 0.440049 0.436988 0.112097 0.112761 0.007193
1 0.812237 0.0652745 0.111927 0.113397 0.00662964
7 0.936191 0.313041 0.113651 0.113864 0.0066038
2 0.812169 0.313537 0.112253 0.111231 0.00640396
1 0.812365 0.189081 0.111956 0.113142 0.00635348
1 0.563915 0.0649821 0.111151 0.112062 0.00611039
2 0.19129 0.189027 0.111865 0.111333 0.00564987
6 0.191368 0.933869 0.112102 0.11156 0.00551471
12 0.936195 0.809804 0.113385 0.113787 0.00538308
1 0.688224 0.18858 0.111884 0.112554 0.00518673
2 0.315753 0.313253 0.111811 0.112001 0.00511704
3 0.439893 0.561244 0.111782 0.112747 0.00428452
12 0.936285 0.561588 0.112399 0.113398 0.00415989
3 0.315415 0.685426 0.111435 0.111454 0.00407113
4 0.936129 0.80942 0.113468 0.112919 0.00389551
4 0.936137 0.561265 0.113289 0.112901 0.00385073
7 0.191369 0.313424 0.110561 0.111549 0.00359974
2 0.81199 0.189429 0.11157 0.112947 0.00351724
6 0.811618 0.0649338 0.11223 0.111753 0.00351091
2 0.811807 0.934296 0.111899 0.111656 0.00349317
2 0.812007 0.0654362 0.111847 0.113113 0.00341939
1 0.563939 0.685392 0.111057 0.112498 0.00333863
0 0.936027 0.933923 0.110667 0.113148 0.00325087
11 0.19154 0.189034 0.111116 0.111212 0.00324413
1 0.315727 0.0646653 0.111507 0.112323 0.00322918
1 0.687762 0.436499 0.112083 0.112344 0.00316772
1 0.687703 0.313439 0.110637 0.112133 0.00314815
11 0.315469 0.313117 0.111766 0.11178 0.00309871
12 0.936169 0.189141 0.113342 0.112994 0.00308861
4 0.439547 0.809888 0.112086 0.112135 0.00284234
0 0.688199 0.56092 0.111581 0.11108 0.00272567
0 0.812755 0.684941 0.111371 0.112041 0.00258708
0 0.688026 0.808856 0.111327 0.112202 0.00254221
11 0.936167 0.685335 0.112868 0.11143 0.00251324
11 0.811997 0.313008 0.11224 0.11246 0.0024776
0 0.813037 0.437365 0.111145 0.113421 0.00246366
6 0.811677 0.188924 0.1129 0.112064 0.00245493
0 0.936036 0.0646252 0.112586 0.113645 0.00244057
12 0.813037 0.437365 0.111145 0.113421 0.0024223
4 0.0666583 0.561178 0.114624 0.111518 0.0023437
0 0.81315 0.934017 0.110462 0.114047 0.0023339
10 0.686818 0.0648332 0.112489 0.113407 0.0023284
1 0.316054 0.561073 0.110859 0.112109 0.00227978
1 0.688031 0.684677 0.111678 0.111418 0.00227933
1 0.066958 0.312485 0.11354 0.112766 0.00226101
8 0.688177 0.31303 0.112341 0.112882 0.00223284
12 0.191578 0.809619 0.112511 0.111821 0.00220712
1 0.191295 0.436844 0.109842 0.109948 0.00219954
6 0.936204 0.80959 0.112136 0.113325 0.0021963
12 0.935632 0.313634 0.113899 0.113497 0.00217841
4 0.0668401 0.809373 0.114022 0.111874 0.00214693
4 0.564183 0.933692 0.110905 0.112239 0.00214062
12 0.315334 0.685299 0.112645 0.11255 0.00207428
6 0.936295 0.561386 0.111363 0.113127 0.00201037
3 0.688275 0.31359 0.109923 0.112762 0.00199881
0 0.191307 0.0645631 0.112299 0.113576 0.00197189
2 0.563939 0.685392 0.111057 0.112498 0.00195424
11 0.811807 0.934296 0.111899 0.111656 0.00194651
10 0.687615 0.93336 0.111636 0.11176 0.00194462
1 0.563823 0.560418 0.111951 0.112603 0.00193141
0 0.563718 0.436391 0.112 0.112685 0.0018855
6 0.936177 0.188945 0.112769 0.112522 0.00186971
1 0.563945 0.313089 0.112257 0.11208 0.00186968
10 0.0667317 0.188266 0.112949 0.113152 0.00184483
6 0.439547 0.809888 0.112086 0.112135 0.00180199
1 0.563631 0.188834 0.111943 0.112466 0.00179757
4 0.688026 0.808856 0.111327 0.112202 0.0017558
7 0.439474 0.437257 0.111332 0.112017 0.00173189
3 0.315146 0.18894 0.111563 0.112258 0.00173074
3 0.191183 0.685376 0.112535 0.11314 0.00172223
12 0.31548 0.189115 0.1123 0.112427 0.0017178
2 0.688169 0.561027 0.110882 0.112615 0.00169331
10 0.066968 0.436818 0.112397 0.1131 0.00168239
4 0.0673009 0.933972 0.112455 0.112498 0.00163767
12 0.439689 0.560977 0.1124 0.113807 0.00163319
3 0.315563 0.561235 0.112632 0.11329 0.00162548
12 0.5639 0.312845 0.11297 0.113467 0.00154444
7 0.688224 0.933955 0.112617 0.11365 0.00153822
3 0.191211 0.437492 0.113456 0.112727 0.00153329
1 0.439445 0.313197 0.112029 0.11194 0.00151269
4 0.56367 0.436947 0.111893 0.112023 0.00151228
0 0.315339 0.437123 0.112777 0.112884 0.00148119
1 0.316413 0.934048 0.111445 0.112357 0.00147854
3 0.56384 0.06481 0.112778 0.113554 0.00147168
10 0.0663711 0.0650919 0.112436 0.111316 0.00147167
10 0.936251 0.313258 0.112734 0.113635 0.00143818
2 0.439288 0.810015 0.112104 0.112897 0.0014344
6 0.688183 0.808777 0.112844 0.112984 0.00142741
3 0.31553 0.809748 0.112613 0.113287 0.00142556
2 0.191057 0.934051 0.112636 0.113145 0.0014155
10 0.81166 0.561395 0.111344 0.111851 0.00140476
7 0.315849 0.0646773 0.111898 0.112063 0.00139054
12 0.191742 0.313065 0.111287 0.111536 0.00139013
2 0.440049 0.436988 0.112097 0.112761 0.00137305
1 0.439885 0.809662 0.111835 0.112043 0.0013516
11 0.687761 0.933539 0.111803 0.114003 0.00133231
0 0.0670627 0.685322 0.112928 0.112683 0.00132931
2 0.813067 0.684794 0.111383 0.113033 0.00132365
4 0.315275 0.437517 0.11256 0.112912 0.00132335
2 0.315292 0.0648693 0.111001 0.111702 0.00132023
4 0.191368 0.933869 0.112102 0.11156 0.00131047
0 0.813077 0.313549 0.111846 0.113905 0.00130078
9 0.81167 0.933548 0.111828 0.112049 0.00128095
4 0.812231 0.685005 0.112039 0.112408 0.00127782
10 0.439684 0.685331 0.111972 0.112615 0.00127501
1 0.191368 0.933869 0.112102 0.11156 0.00125964
1 0.563591 0.809556 0.111902 0.112001 0.0012446
9 0.936068 0.437207 0.112485 0.112769 0.00123384
12 0.687761 0.933539 0.111803 0.114003 0.00123136
4 0.191303 0.561442 0.111999 0.112226 0.00122599
8 0.813103 0.808828 0.112023 0.115099 0.00120759
7 0.811698 0.0642932 0.11196 0.112922 0.00119309
7 0.439683 0.313607 0.112096 0.111127 0.00118729
2 0.688183 0.808777 0.112844 0.112984 0.00117507
0 0.191172 0.561131 0.112151 0.112709 0.00117051
6 0.0670146 0.561104 0.112018 0.113613 0.00116451
6 0.563591 0.809556 0.111902 0.112001 0.00116248
1 0.439395 0.188365 0.112345 0.112985 0.0011415
3 0.813203 0.561714 0.11211 0.11431 0.0011297
4 0.68803 0.560568 0.112062 0.112448 0.00112134
4 0.935847 0.0650112 0.112677 0.113216 0.00111763
4 0.0669012 0.437836 0.113327 0.109825 0.00111051
6 0.43973 0.0648727 0.11196 0.113206 0.00110934
3 0.191135 0.809699 0.112143 0.112691 0.00110929
3 0.687778 0.188801 0.112619 0.112768 0.00109085
4 0.688351 0.313343 0.110468 0.111806 0.00105432
2 0.68807 0.0649313 0.111358 0.112305 0.00103397
1 0.315575 0.809665 0.112447 0.112009 0.00103156
6 0.439474 0.437257 0.111332 0.112017 0.0010229
5 0.688163 0.313059 0.113291 0.113178 0.00102217
4 0.0672932 0.685569 0.112564 0.112095 0.00101098
9 0.439647 0.933597 0.112537 0.113341 0.00100687
