7 0.316073 0.934006 0.112258 0.113178 0.987658
9 0.0670362 0.685437 0.113025 0.113329 0.986361
3 0.563153 0.934226 0.112616 0.114367 0.986004
13 0.439851 0.809625 0.112705 0.113889 0.985758
5 0.192097 0.933809 0.112824 0.114779 0.985241
3 0.190899 0.809431 0.113489 0.112845 0.985065
9 0.0664382 0.934187 0.113961 0.114869 0.984941
8 0.0670225 0.809562 0.113697 0.113073 0.984895
7 0.315276 0.189457 0.11245 0.112447 0.984792
9 0.936667 0.809398 0.113274 0.113248 0.984632
13 0.315805 0.561742 0.11149 0.112598 0.984021
7 0.191608 0.685372 0.112695 0.112332 0.983872
13 0.0674735 0.561458 0.112654 0.113087 0.983671
10 0.439954 0.934216 0.112681 0.114546 0.983594
9 0.0668207 0.0650653 0.113743 0.114636 0.983553
12 0.564173 0.809592 0.111533 0.113711 0.983039
10 0.315412 0.313218 0.113252 0.112249 0.982702
10 0.0673592 0.313446 0.11303 0.112677 0.982626
5 0.0672859 0.437384 0.112661 0.113469 0.982377
8 0.190917 0.313452 0.111877 0.11209 0.98233
8 0.315034 0.437534 0.112143 0.112279 0.982254
5 0.0669523 0.189696 0.111711 0.111857 0.98225
10 0.315955 0.809527 0.113006 0.113369 0.982243
4 0.439377 0.437031 0.112931 0.113426 0.982112
6 0.563545 0.0650141 0.112089 0.114211 0.982049
8 0.687867 0.934064 0.112808 0.113965 0.981849
12 0.315657 0.685578 0.111018 0.112462 0.981794
4 0.812333 0.809547 0.113243 0.114733 0.981344
1 0.191451 0.0646668 0.111716 0.11357 0.981277
2 0.936177 0.933929 0.114233 0.113443 0.981237
1 0.812032 0.933603 0.112116 0.113751 0.981164
11 0.687601 0.809573 0.112386 0.113483 0.980792
2 0.191201 0.188761 0.112288 0.112668 0.980792
0 0.191382 0.436934 0.112418 0.112433 0.980606
13 0.811696 0.0648628 0.111909 0.113206 0.980565
2 0.190929 0.56116 0.112376 0.111907 0.98055
12 0.315174 0.0647963 0.112782 0.112483 0.980361
13 0.439511 0.561863 0.11201 0.11129 0.980167
6 0.439372 0.312896 0.113613 0.112874 0.979954
11 0.935802 0.0654471 0.113516 0.114358 0.979748
5 0.93659 0.685401 0.111797 0.112294 0.979421
1 0.563518 0.684931 0.112059 0.112754 0.979375
12 0.687808 0.189062 0.111894 0.111785 0.979142
6 0.812216 0.685388 0.112691 0.112657 0.979114
9 0.811821 0.189261 0.111525 0.113048 0.978937
12 0.687801 0.436896 0.112286 0.11298 0.978851
9 0.936268 0.437631 0.11131 0.112373 0.978816
10 0.688015 0.0644104 0.112267 0.114969 0.978681
1 0.936184 0.561424 0.114347 0.113118 0.978662
0 0.68764 0.685175 0.111992 0.112206 0.978652
12 0.687564 0.561491 0.112359 0.112248 0.978568
3 0.812089 0.561452 0.11251 0.113032 0.978276
0 0.439413 0.188636 0.112018 0.113498 0.978066
3 0.935932 0.189359 0.112833 0.114023 0.977985
2 0.563649 0.561318 0.11219 0.113422 0.977866
0 0.811845 0.313072 0.111464 0.111741 0.977839
10 0.56383 0.189044 0.111542 0.114632 0.97765
2 0.439549 0.063881 0.111402 0.113418 0.977525
10 0.812677 0.436828 0.11245 0.114859 0.977424
2 0.563758 0.436785 0.11197 0.113518 0.977148
8 0.439979 0.685248 0.111751 0.112036 0.977104
8 0.687882 0.313196 0.111106 0.111381 0.977039
2 0.936688 0.312687 0.112659 0.111846 0.976819
8 0.563652 0.313124 0.110864 0.111078 0.975865
6 0.56379 0.809153 0.110954 0.11212 0.0521026
2 0.688346 0.312329 0.111035 0.110788 0.0314831
2 0.563913 0.312628 0.111856 0.112253 0.0309724
4 0.563559 0.189319 0.112244 0.113263 0.028317
6 0.687974 0.561707 0.110813 0.112625 0.0271035
2 0.0667939 0.809316 0.11406 0.111988 0.0146125
6 0.315644 0.685523 0.111063 0.111604 0.0133698
6 0.687759 0.189329 0.112974 0.11352 0.0118841
5 0.811687 0.436845 0.111655 0.112818 0.0111747
5 0.563559 0.189319 0.112244 0.113263 0.00902476
2 0.1911 0.313512 0.111389 0.111143 0.0082551
4 0.812291 0.437556 0.11177 0.114266 0.00776352
6 0.687953 0.437697 0.11149 0.112838 0.00771669
2 0.439834 0.685664 0.111661 0.112643 0.00758652
12 0.439987 0.93394 0.111705 0.113208 0.00645375
4 0.688027 0.064923 0.112299 0.113742 0.00586078
5 0.935956 0.933882 0.113452 0.112645 0.00567995
1 0.811897 0.312604 0.11105 0.111958 0.00527408
2 0.315467 0.436846 0.111965 0.113859 0.00474496
0 0.812039 0.933623 0.111201 0.1131 0.00468208
10 0.93601 0.685034 0.111168 0.112217 0.00431767
5 0.688105 0.80934 0.11261 0.113088 0.0043088
12 0.935624 0.189524 0.111548 0.111569 0.00430828
12 0.937139 0.436505 0.111259 0.113179 0.00423296
1 0.936133 0.313233 0.111023 0.112476 0.00397295
3 0.190992 0.560593 0.113 0.111952 0.00396264
10 0.191738 0.934018 0.112234 0.112282 0.00394577
11 0.935969 0.685053 0.111437 0.111851 0.00374907
12 0.439758 0.561563 0.111572 0.111635 0.00372482
1 0.563211 0.437872 0.109224 0.109885 0.00367898
4 0.563856 0.684864 0.11145 0.111007 0.00332067
12 0.563666 0.188886 0.111967 0.114123 0.00321556
7 0.811682 0.808975 0.113388 0.115554 0.00321361
10 0.0668016 0.560832 0.115133 0.1141 0.00315803
1 0.440151 0.437432 0.112875 0.113945 0.0031536
3 0.812437 0.685004 0.112425 0.113058 0.0030856
11 0.440031 0.685595 0.111918 0.112926 0.00304642
11 0.0668505 0.436334 0.112036 0.110927 0.00304014
0 0.936559 0.561739 0.112369 0.112863 0.00299077
5 0.191149 0.561042 0.111777 0.112331 0.00290932
6 0.315524 0.0648689 0.112681 0.114345 0.00288015
7 0.439543 0.43745 0.111918 0.112672 0.00286023
12 0.688068 0.0642907 0.112033 0.114632 0.00283866
12 0.316048 0.809376 0.112149 0.111956 0.0025027
0 0.191451 0.0646668 0.111716 0.11357 0.00249738
1 0.43944 0.188555 0.111695 0.112696 0.00249218
12 0.439991 0.809881 0.111989 0.112326 0.00244282
7 0.440196 0.561449 0.112734 0.113692 0.00244255
10 0.812461 0.809425 0.112393 0.114233 0.00240294
13 0.439642 0.934063 0.110452 0.111456 0.00234721
11 0.563638 0.313131 0.112978 0.112024 0.00228676
7 0.688175 0.0650926 0.112234 0.114588 0.00223306
7 0.686697 0.43764 0.111973 0.112605 0.00220254
3 0.4398 0.313356 0.111639 0.11371 0.00219662
2 0.688458 0.933404 0.114029 0.112603 0.00218362
0 0.314773 0.438005 0.11177 0.112317 0.00214509
3 0.564036 0.561378 0.111985 0.112261 0.00214442
1 0.563739 0.561357 0.112274 0.112973 0.00212046
2 0.563539 0.684915 0.111176 0.111685 0.00207848
12 0.811966 0.189299 0.110974 0.112249 0.00197074
9 0.811371 0.5616 0.111939 0.112157 0.00196129
5 0.563619 0.561192 0.111242 0.113183 0.00195978
12 0.811407 0.561628 0.11113 0.112269 0.00192889
5 0.563661 0.436764 0.111963 0.114736 0.00190719
2 0.688105 0.80934 0.11261 0.113088 0.00186361
0 0.688132 0.437295 0.110766 0.11222 0.00185727
7 0.440838 0.809622 0.112495 0.113696 0.00184523
4 0.316299 0.934073 0.112003 0.114042 0.00182851
5 0.688142 0.0647402 0.112643 0.113822 0.00181977
11 0.68758 0.312787 0.110577 0.110529 0.00177795
11 0.19174 0.933886 0.112193 0.111989 0.00177613
3 0.564124 0.43735 0.111524 0.112013 0.00176315
0 0.191394 0.313553 0.111667 0.112222 0.00172986
12 0.936261 0.810147 0.111142 0.113785 0.00171022
3 0.563545 0.0650141 0.112089 0.114211 0.00170991
5 0.936116 0.31261 0.11274 0.11276 0.00170645
1 0.439549 0.063881 0.111402 0.113418 0.00169979
4 0.564124 0.43735 0.111524 0.112013 0.00168504
9 0.935763 0.188999 0.111476 0.113635 0.00166095
1 0.190973 0.189085 0.111647 0.11119 0.00162646
13 0.688079 0.0644653 0.112311 0.112776 0.00162583
10 0.935759 0.0651636 0.112906 0.112963 0.00160888
0 0.688444 0.933858 0.113636 0.113414 0.00160306
11 0.936055 0.934071 0.111986 0.113307 0.00159419
7 0.686715 0.56179 0.111594 0.112786 0.00159419
9 0.191387 0.560864 0.110036 0.110875 0.00158749
4 0.315461 0.313285 0.112687 0.113467 0.00157432
7 0.31594 0.561177 0.112317 0.113397 0.00155851
7 0.564084 0.0650812 0.112586 0.114275 0.00155703
8 0.936249 0.313437 0.112612 0.111085 0.00155103
12 0.812338 0.436927 0.112806 0.113946 0.00153533
12 0.0671044 0.685184 0.112433 0.113941 0.00150151
10 0.0664039 0.189516 0.111873 0.112268 0.00148305
6 0.439543 0.43745 0.111918 0.112672 0.00148068
2 0.563563 0.933883 0.112653 0.113164 0.00146726
1 0.687594 0.685045 0.112187 0.111594 0.00145719
11 0.687867 0.934064 0.112808 0.113965 0.00141921
3 0.190787 0.189116 0.111892 0.111133 0.00139528
10 0.0664548 0.437694 0.112205 0.112623 0.00139181
7 0.811757 0.436498 0.111996 0.114664 0.00137999
12 0.0673993 0.933862 0.113302 0.112639 0.00137363
5 0.935782 0.0659159 0.113003 0.114364 0.00136989
1 0.811674 0.561572 0.112213 0.112535 0.00136065
8 0.68805 0.684818 0.112315 0.112259 0.00135302
7 0.0675995 0.31347 0.112702 0.112426 0.00135071
5 0.811803 0.809598 0.113398 0.112927 0.00133685
7 0.811452 0.685555 0.110868 0.112837 0.001336
4 0.564036 0.561378 0.111985 0.112261 0.0013277
7 0.563578 0.189463 0.111818 0.113892 0.00132457
11 0.0678694 0.809825 0.113207 0.114487 0.00131509
5 0.315529 0.80934 0.112168 0.112113 0.00131447
4 0.439748 0.933784 0.113425 0.114847 0.00131316
4 0.191608 0.685372 0.112695 0.112332 0.00130668
5 0.563583 0.933663 0.112764 0.113475 0.00130306
8 0.811524 0.189171 0.110353 0.111634 0.00127998
4 0.315647 0.809161 0.113084 0.113213 0.00127654
4 0.563512 0.933688 0.113346 0.113405 0.0012662
0 0.687895 0.313449 0.111106 0.110796 0.001263
12 0.315597 0.313127 0.11245 0.113065 0.00125983
12 0.439605 0.18812 0.111638 0.113005 0.0012594
1 0.812418 0.809674 0.113684 0.114551 0.00125754
4 0.56379 0.809153 0.110954 0.11212 0.00125743
0 0.812982 0.189433 0.112023 0.112242 0.00125547
1 0.936375 0.933742 0.113514 0.11296 0.0012521
13 0.937139 0.436505 0.111259 0.113179 0.00121497
11 0.315422 0.436615 0.112241 0.113053 0.00120959
12 0.191579 0.685368 0.11125 0.11212 0.00119709
0 0.93654 0.437046 0.113389 0.114533 0.00119145
3 0.937139 0.436505 0.111259 0.113179 0.00118782
0 0.0669851 0.0652197 0.113523 0.114185 0.00118583
5 0.439483 0.0640792 0.110848 0.11118 0.00117988
1 0.563711 0.0652631 0.111659 0.112792 0.00117154
0 0.563148 0.685213 0.110797 0.112049 0.00116922
13 0.315529 0.80934 0.112168 0.112113 0.00116897
7 0.315623 0.685532 0.112518 0.112118 0.00116814
4 0.0675823 0.313002 0.112956 0.114349 0.00116712
9 0.191744 0.312976 0.111796 0.111163 0.0011444
1 0.191326 0.56123 0.111956 0.112332 0.00113093
3 0.936148 0.934015 0.112878 0.111891 0.00113043
4 0.936559 0.560849 0.113594 0.112101 0.00112838
11 0.0666842 0.313227 0.113679 0.112915 0.00111781
8 0.688083 0.809354 0.111765 0.113681 0.00110851
8 0.936266 0.809986 0.111305 0.113922 0.00110818
12 0.811267 0.065011 0.11133 0.112412 0.00109278
13 0.936682 0.809841 0.112722 0.112337 0.00107693
0 0.0669949 0.809476 0.111846 0.111863 0.00107022
4 0.935624 0.189524 0.111548 0.111569 0.00106537
0 0.315851 0.685902 0.111528 0.11273 0.00106349
3 0.936567 0.3132 0.11211 0.110221 0.00105981
8 0.936051 0.934167 0.113648 0.113655 0.0010562
11 0.936318 0.437164 0.112157 0.114544 0.00105572
7 0.812237 0.0650691 0.112935 0.114458 0.00105088
0 0.936261 0.810147 0.111142 0.113785 0.00103328
7 0.315922 0.31348 0.112406 0.112051 0.00101433
7 0.0675691 0.561154 0.113576 0.113946 0.00101132
8 0.936347 0.43729 0.110584 0.113813 0.00100331
