3 0.315443 0.93423 0.113509 0.113899 0.988335
3 0.439195 0.810013 0.113352 0.113383 0.988176
9 0.191436 0.809502 0.112413 0.11227 0.987045
6 0.439553 0.934055 0.112812 0.114045 0.986213
3 0.315065 0.0650491 0.112755 0.113481 0.985769
11 0.315508 0.685492 0.110694 0.112139 0.985305
10 0.316072 0.809743 0.112123 0.112286 0.98528
9 0.563636 0.065008 0.112276 0.114158 0.985152
9 0.935905 0.809801 0.11319 0.112453 0.985058
12 0.687692 0.934357 0.113528 0.114417 0.984504
5 0.439488 0.685416 0.112071 0.112849 0.984068
7 0.935996 0.0655705 0.113446 0.113663 0.983648
1 0.0670091 0.685768 0.111832 0.111435 0.983563
6 0.191757 0.685485 0.111198 0.111311 0.983521
4 0.191722 0.933809 0.111699 0.112757 0.98334
13 0.0672535 0.561502 0.113809 0.11393 0.983242
7 0.811702 0.809843 0.112612 0.11281 0.983207
8 0.563518 0.93398 0.11151 0.113235 0.983182
12 0.687714 0.810016 0.112912 0.113215 0.98307
10 0.0672279 0.43772 0.113446 0.112226 0.983059
11 0.0673636 0.0648652 0.113315 0.113788 0.982956
10 0.315184 0.188984 0.113096 0.112331 0.982942
3 0.191361 0.437571 0.111567 0.113074 0.982813
4 0.067381 0.313508 0.113119 0.112668 0.982687
2 0.935768 0.934132 0.11247 0.113156 0.982646
3 0.315795 0.313348 0.112855 0.113034 0.982457
11 0.0674814 0.189471 0.112423 0.111897 0.982421
4 0.439265 0.0646484 0.111212 0.113008 0.982337
13 0.0673561 0.809588 0.112531 0.113182 0.98228
7 0.191296 0.0652372 0.111302 0.112157 0.982002
11 0.811715 0.933679 0.111754 0.113344 0.981721
10 0.439257 0.560807 0.112023 0.112153 0.981552
12 0.191435 0.561395 0.111262 0.111926 0.981435
1 0.315319 0.436834 0.111552 0.111554 0.981335
1 0.191391 0.313078 0.111546 0.111992 0.981041
9 0.315615 0.561279 0.112977 0.113198 0.980938
4 0.936096 0.6855 0.113046 0.11259 0.980835
7 0.563778 0.685436 0.111276 0.112699 0.980595
9 0.0673996 0.933897 0.113416 0.114155 0.980154
0 0.190998 0.189162 0.112515 0.112522 0.980047
10 0.563682 0.436947 0.112231 0.113804 0.98002
6 0.43942 0.313028 0.112226 0.112613 0.979988
9 0.688127 0.0649686 0.111478 0.113934 0.979502
1 0.81227 0.437001 0.112421 0.112799 0.979474
3 0.56364 0.561318 0.112348 0.112415 0.97928
1 0.563745 0.189041 0.11169 0.112732 0.979269
1 0.81216 0.685311 0.112764 0.112586 0.979151
11 0.687785 0.56121 0.111753 0.113973 0.979095
6 0.688104 0.18885 0.112494 0.112028 0.97903
0 0.563883 0.809347 0.111983 0.113484 0.979008
4 0.812409 0.312756 0.112648 0.112402 0.978951
11 0.812243 0.561169 0.112737 0.114449 0.978749
11 0.687906 0.437057 0.111742 0.113552 0.978658
0 0.563599 0.313062 0.111911 0.113428 0.978599
0 0.687573 0.685291 0.112103 0.112804 0.978569
7 0.812377 0.188918 0.111735 0.113286 0.978426
5 0.687807 0.312844 0.111792 0.11336 0.978422
10 0.936852 0.312727 0.112903 0.113335 0.978405
0 0.439308 0.437079 0.111792 0.113434 0.978393
6 0.936656 0.436718 0.113736 0.112453 0.978343
0 0.935944 0.188644 0.11273 0.111528 0.977819
11 0.936649 0.561206 0.112583 0.113837 0.97739
8 0.812272 0.0648277 0.110521 0.112143 0.977293
8 0.439766 0.189309 0.111372 0.11208 0.976924
4 0.0666482 0.43789 0.111818 0.11166 0.0158844
8 0.813093 0.933506 0.109951 0.113769 0.0136485
4 0.315372 0.188788 0.111593 0.112419 0.0119506
2 0.813007 0.0646286 0.109369 0.112711 0.0105168
12 0.811709 0.189261 0.11116 0.114227 0.00952905
7 0.19186 0.93349 0.111727 0.112184 0.00848777
3 0.936251 0.809862 0.111601 0.113513 0.00759814
2 0.439502 0.189251 0.111377 0.112092 0.00703386
2 0.563695 0.934059 0.111931 0.11297 0.00663287
12 0.936251 0.809862 0.111601 0.113513 0.00530607
5 0.935947 0.933851 0.112184 0.11382 0.0049044
1 0.68764 0.685107 0.112444 0.112054 0.0047964
11 0.0669249 0.809098 0.113217 0.112679 0.00395494
7 0.43958 0.0645187 0.111153 0.112332 0.00375422
4 0.936287 0.313403 0.111649 0.11306 0.00364632
10 0.811631 0.561039 0.11085 0.113322 0.00354501
8 0.688103 0.560913 0.11077 0.113928 0.00348438
0 0.81225 0.436464 0.112391 0.112165 0.00348085
6 0.19186 0.93349 0.111727 0.112184 0.00342798
5 0.811861 0.561247 0.112288 0.113117 0.0033991
12 0.811434 0.809653 0.112555 0.11373 0.00335452
5 0.936068 0.561156 0.112903 0.112742 0.00334249
12 0.936227 0.0652706 0.11343 0.1142 0.00328752
1 0.439507 0.0646746 0.111936 0.113518 0.00313443
1 0.0675983 0.313163 0.113638 0.112804 0.0031218
6 0.687897 0.934048 0.112548 0.114838 0.00309568
3 0.439797 0.933991 0.112066 0.11353 0.00309365
5 0.688006 0.436882 0.110782 0.111771 0.00306266
4 0.439883 0.561287 0.112476 0.113035 0.00301462
10 0.812121 0.313229 0.111354 0.113411 0.0029969
2 0.812177 0.312917 0.112202 0.113101 0.0029695
1 0.812177 0.312917 0.112202 0.113101 0.00288094
12 0.688039 0.0644528 0.112241 0.112345 0.0028058
6 0.19152 0.561551 0.110495 0.112084 0.00280217
5 0.687758 0.561322 0.111057 0.111996 0.00277217
1 0.563728 0.312599 0.1121 0.113075 0.00272577
12 0.439653 0.809639 0.111967 0.112458 0.00267433
10 0.936377 0.561089 0.111194 0.113307 0.00266256
6 0.687714 0.810016 0.112912 0.113215 0.0025919
8 0.813016 0.561263 0.112056 0.115006 0.00254547
3 0.936275 0.436837 0.113273 0.113422 0.00252213
1 0.563941 0.809284 0.11177 0.11281 0.00252025
13 0.439437 0.560921 0.11147 0.112443 0.00248888
0 0.68822 0.933435 0.113081 0.113598 0.00240485
6 0.811474 0.809408 0.111813 0.113545 0.00238465
4 0.563852 0.437553 0.11234 0.112888 0.00237132
0 0.563696 0.18888 0.111668 0.113197 0.00236477
2 0.688083 0.313144 0.112901 0.113266 0.00236373
7 0.0675088 0.438019 0.113488 0.112508 0.00233929
3 0.687973 0.189249 0.112121 0.113099 0.00233709
1 0.439225 0.43672 0.111645 0.113266 0.00233027
12 0.563719 0.064665 0.112629 0.112787 0.00232036
11 0.812199 0.0650075 0.112593 0.113551 0.0022876
10 0.687916 0.437545 0.112448 0.11325 0.00228051
6 0.811694 0.1893 0.113418 0.113532 0.002273
4 0.315779 0.809602 0.113728 0.113305 0.00224074
10 0.0667027 0.0647994 0.114502 0.113734 0.00221854
1 0.191523 0.933907 0.112902 0.114206 0.0021428
7 0.936237 0.312188 0.112949 0.114772 0.00212035
9 0.811609 0.932927 0.110258 0.11285 0.00211604
3 0.439874 0.313429 0.111714 0.112306 0.00211462
0 0.688184 0.809535 0.112249 0.113544 0.00208264
1 0.688278 0.188833 0.112063 0.11367 0.0020811
4 0.56393 0.685377 0.111088 0.111916 0.00206476
13 0.315365 0.809566 0.112089 0.112124 0.00205849
3 0.191757 0.685485 0.111198 0.111311 0.00203156
4 0.935996 0.0655705 0.113446 0.113663 0.00203007
4 0.812087 0.685193 0.112246 0.111849 0.00201383
10 0.0669409 0.809492 0.112227 0.112685 0.00196253
5 0.812072 0.933287 0.112001 0.113949 0.00194943
7 0.936118 0.685073 0.111806 0.112103 0.00194797
1 0.936395 0.685372 0.112744 0.113643 0.00190902
13 0.0669075 0.0647318 0.113456 0.113811 0.00190327
11 0.439763 0.189302 0.11267 0.112513 0.00188696
10 0.812072 0.933287 0.112001 0.113949 0.00188451
1 0.190998 0.188474 0.112541 0.11248 0.00184473
1 0.936386 0.436478 0.11426 0.114161 0.00184428
7 0.811691 0.312016 0.112782 0.114404 0.00182279
1 0.191723 0.68549 0.112321 0.112535 0.0018026
11 0.688062 0.313119 0.112916 0.114915 0.00179104
10 0.688022 0.561473 0.111946 0.11339 0.00178841
0 0.812638 0.68529 0.111416 0.111891 0.00178057
12 0.0674994 0.933555 0.113644 0.113346 0.00177659
3 0.191711 0.561176 0.111157 0.112829 0.00176383
0 0.688286 0.06457 0.111568 0.112647 0.00174589
1 0.440034 0.31291 0.111732 0.112641 0.00173704
9 0.687829 0.437651 0.111253 0.111863 0.00173015
10 0.0666799 0.189455 0.114064 0.111778 0.00170757
6 0.191715 0.437554 0.111314 0.111549 0.00164906
8 0.688157 0.436718 0.111308 0.113651 0.00163819
12 0.315494 0.560984 0.111712 0.113422 0.00159871
11 0.563695 0.934059 0.111931 0.11297 0.00159177
13 0.0670117 0.189377 0.112516 0.111796 0.00158615
13 0.936068 0.561156 0.112903 0.112742 0.00157631
5 0.31558 0.685417 0.110801 0.112433 0.00156445
5 0.936183 0.313659 0.113406 0.112995 0.00155116
2 0.439419 0.685048 0.111859 0.112248 0.00154747
2 0.812978 0.685026 0.112087 0.113016 0.00153504
10 0.936395 0.685372 0.112744 0.113643 0.00153248
7 0.0665292 0.313102 0.112422 0.113031 0.0015281
12 0.191417 0.809256 0.112233 0.112607 0.00152592
4 0.564001 0.189384 0.111499 0.112943 0.00150011
9 0.687741 0.56121 0.111136 0.112057 0.00149383
7 0.315226 0.189048 0.112517 0.113558 0.00148714
4 0.191573 0.313552 0.110938 0.112003 0.00148698
6 0.936143 0.0650969 0.112924 0.113094 0.00147886
12 0.0670326 0.809202 0.112275 0.112798 0.00147858
13 0.935878 0.313092 0.110586 0.111714 0.00146986
3 0.936116 0.934018 0.113353 0.113542 0.00144772
4 0.81237 0.809154 0.111357 0.11259 0.00141528
10 0.687705 0.313196 0.111213 0.111743 0.0014086
4 0.812997 0.189395 0.111786 0.114581 0.00138087
0 0.315443 0.436769 0.111712 0.112733 0.00135328
6 0.315887 0.313624 0.112586 0.111774 0.00134947
2 0.812974 0.43698 0.110685 0.11307 0.0013452
7 0.31543 0.809427 0.112317 0.112417 0.00133906
11 0.936026 0.933843 0.111202 0.114845 0.00133536
9 0.936375 0.561426 0.111022 0.112112 0.00132907
8 0.0666799 0.189455 0.114064 0.111778 0.001327
13 0.688006 0.436882 0.110782 0.111771 0.00132023
0 0.191281 0.313327 0.109931 0.111702 0.00131037
9 0.936225 0.188906 0.113046 0.113081 0.0012828
13 0.687758 0.561322 0.111057 0.111996 0.0012785
4 0.315625 0.437148 0.111869 0.112552 0.0012603
1 0.439993 0.809558 0.111965 0.11208 0.0012529
9 0.191285 0.436646 0.111738 0.112809 0.00124937
6 0.56364 0.561318 0.112348 0.112415 0.00121574
4 0.812386 0.437485 0.11157 0.112907 0.00121238
2 0.813083 0.933183 0.11035 0.112325 0.00121144
13 0.811732 0.933836 0.111725 0.112494 0.00119629
13 0.811861 0.561247 0.112288 0.113117 0.00119217
2 0.0675983 0.313163 0.113638 0.112804 0.0011843
6 0.811614 0.312701 0.114118 0.112807 0.00118396
12 0.191715 0.437554 0.111314 0.111549 0.00118
1 0.56364 0.561318 0.112348 0.112415 0.00117945
1 0.315101 0.313421 0.112074 0.112154 0.00116855
0 0.0668237 0.685509 0.112248 0.111819 0.00116015
2 0.936395 0.685372 0.112744 0.113643 0.00115099
13 0.0667915 0.436842 0.112055 0.111914 0.00114674
10 0.315704 0.685293 0.110811 0.11293 0.00114376
5 0.0670117 0.189377 0.112516 0.111796 0.00113059
1 0.43973 0.93399 0.113037 0.113489 0.00112857
7 0.439797 0.933991 0.112066 0.11353 0.00110261
10 0.0667729 0.561283 0.113793 0.112906 0.00110185
1 0.191715 0.437554 0.111314 0.111549 0.00109973
7 0.439317 0.561007 0.112082 0.113019 0.00109499
7 0.43991 0.313608 0.111729 0.111748 0.00108484
4 0.687989 0.313291 0.111436 0.112042 0.00108482
13 0.315508 0.685492 0.110694 0.112139 0.00108358
2 0.936583 0.809528 0.111127 0.111785 0.00108114
10 0.0669819 0.313208 0.112002 0.112518 0.00108025
6 0.43958 0.0645187 0.111153 0.112332 0.00107781
1 0.93622 0.933532 0.11277 0.113605 0.00107341
7 0.563607 0.437246 0.112 0.113006 0.00106934
5 0.0678959 0.438024 0.111845 0.111161 0.00106624
5 0.0669075 0.0647318 0.113456 0.113811 0.00106226
5 0.314969 0.809673 0.11176 0.111628 0.00106081
3 0.688062 0.313119 0.112916 0.114915 0.00104808
4 0.0670091 0.685768 0.111832 0.111435 0.00104759
1 0.315501 0.933916 0.111611 0.11253 0.00104756
10 0.191523 0.933907 0.112902 0.114206 0.00101975
12 0.191461 0.933705 0.11265 0.113688 0.00101901
10 0.439265 0.0646484 0.111212 0.113008 0.00101627
3 0.439428 0.685261 0.112049 0.112305 0.00101218
13 0.563232 0.437346 0.111765 0.11199 0.00100583
12 0.56364 0.561318 0.112348 0.112415 0.00100249
