7 0.564359 0.933855 0.112245 0.113974 0.987625
3 0.43884 0.0650933 0.112094 0.112964 0.986182
3 0.189815 0.0652215 0.113604 0.113196 0.985834
9 0.0648322 0.0650073 0.113187 0.112597 0.985364
1 0.315586 0.933679 0.11171 0.112196 0.984917
11 0.314431 0.0652481 0.111713 0.11258 0.984583
13 0.687947 0.934003 0.112963 0.114919 0.984558
5 0.191846 0.561458 0.110247 0.111878 0.983793
3 0.19124 0.189408 0.111816 0.113048 0.983638
0 0.935867 0.684755 0.113328 0.111632 0.98362
3 0.315525 0.313554 0.111801 0.113442 0.983263
12 0.93636 0.80961 0.112668 0.1132 0.983134
1 0.0670154 0.685591 0.11246 0.112083 0.983054
0 0.191404 0.685205 0.111798 0.111444 0.983006
2 0.191503 0.809605 0.111412 0.112623 0.982974
4 0.936066 0.934261 0.113865 0.114336 0.982822
4 0.439714 0.933982 0.113511 0.11473 0.982807
10 0.563766 0.0650276 0.111868 0.114164 0.982799
1 0.439569 0.809407 0.111613 0.112163 0.98269
0 0.31546 0.809572 0.11125 0.111462 0.982635
1 0.315378 0.68568 0.111575 0.112067 0.982359
1 0.0667735 0.437028 0.113183 0.112369 0.982323
6 0.563703 0.809636 0.112365 0.113366 0.982194
11 0.315223 0.437056 0.112016 0.112845 0.982168
7 0.812176 0.809795 0.113114 0.113328 0.982156
2 0.191144 0.437387 0.111979 0.112699 0.982091
3 0.0669352 0.809546 0.11399 0.114423 0.981764
9 0.563241 0.189357 0.111087 0.113344 0.981755
5 0.439397 0.685473 0.110792 0.112131 0.981562
4 0.43937 0.560897 0.11266 0.112831 0.981411
0 0.315314 0.56146 0.112412 0.112537 0.981377
1 0.191182 0.313471 0.112058 0.112133 0.98121
6 0.563738 0.685392 0.111832 0.113389 0.980933
1 0.31502 0.189108 0.112092 0.111511 0.980835
2 0.0663334 0.189105 0.11335 0.112274 0.980771
12 0.811686 0.934112 0.112214 0.114103 0.980663
0 0.191604 0.933537 0.111348 0.112053 0.980637
12 0.0672444 0.561307 0.113024 0.112757 0.98059
1 0.0666074 0.933926 0.113435 0.113365 0.980314
0 0.0673552 0.312844 0.111706 0.11269 0.979845
5 0.439222 0.43725 0.112208 0.112087 0.979726
0 0.439537 0.188477 0.112087 0.112679 0.979646
1 0.687961 0.809628 0.111997 0.113262 0.97947
3 0.563229 0.313602 0.112128 0.112065 0.979353
10 0.6881 0.188694 0.112734 0.114613 0.979311
1 0.563623 0.437281 0.112157 0.112679 0.979043
6 0.687895 0.56123 0.112396 0.112738 0.979043
7 0.687418 0.685369 0.112142 0.111895 0.978843
0 0.563709 0.561094 0.11166 0.113244 0.978807
9 0.936258 0.437991 0.111138 0.112025 0.978747
0 0.812006 0.312863 0.11236 0.112234 0.978502
10 0.812483 0.561299 0.112713 0.113613 0.978456
10 0.936664 0.312721 0.113517 0.114543 0.978441
1 0.81217 0.685133 0.113365 0.112887 0.978363
12 0.936224 0.1884 0.112313 0.112622 0.978212
7 0.812254 0.437312 0.112497 0.113637 0.978208
2 0.811694 0.188462 0.111765 0.111887 0.978149
2 0.687394 0.437397 0.111504 0.111759 0.978022
12 0.688287 0.0644148 0.111845 0.11287 0.977987
1 0.936344 0.561358 0.113811 0.112987 0.977964
2 0.68784 0.313446 0.111511 0.111497 0.977874
2 0.935659 0.0647444 0.110797 0.11095 0.977338
8 0.439883 0.312914 0.111064 0.111497 0.977197
0 0.81207 0.0647969 0.111836 0.112085 0.97718
6 0.812132 0.933617 0.111001 0.113292 0.146643
6 0.9365 0.809001 0.111266 0.112388 0.0894679
6 0.0669158 0.561402 0.113041 0.112777 0.0154372
6 0.935397 0.188863 0.113061 0.112878 0.00957653
6 0.687939 0.0651793 0.112267 0.113628 0.00917722
7 0.439676 0.933563 0.111555 0.112214 0.00560669
12 0.811495 0.437282 0.111033 0.112801 0.00555827
5 0.811608 0.188629 0.113619 0.112593 0.00552151
12 0.811446 0.810055 0.112292 0.112996 0.00485186
2 0.439635 0.312496 0.111638 0.112709 0.00467969
1 0.687293 0.437919 0.109429 0.110409 0.0041287
5 0.315004 0.0653138 0.112471 0.113628 0.00381687
3 0.563918 0.809053 0.111682 0.111944 0.00380019
1 0.687488 0.313411 0.110868 0.111993 0.00378808
5 0.936044 0.0643588 0.113012 0.113469 0.00377528
1 0.0669738 0.31239 0.112803 0.111998 0.00360802
7 0.935759 0.933607 0.11358 0.115598 0.0035485
8 0.688143 0.437333 0.109893 0.112671 0.00303536
4 0.564325 0.933628 0.112039 0.114448 0.00288967
12 0.936979 0.436668 0.110861 0.112669 0.00277663
11 0.439132 0.436419 0.111233 0.110688 0.0027441
3 0.190789 0.436661 0.111881 0.111277 0.00270466
0 0.936569 0.560869 0.113181 0.111963 0.00266668
0 0.688261 0.809252 0.111357 0.111677 0.00262608
5 0.191419 0.436699 0.111368 0.114451 0.00252596
1 0.44006 0.561316 0.113132 0.113464 0.00249785
7 0.811608 0.933505 0.112368 0.11238 0.00248093
12 0.563897 0.0645231 0.112248 0.114558 0.00246501
7 0.936099 0.809624 0.111001 0.114052 0.00245973
7 0.0673364 0.560881 0.113661 0.113673 0.00237268
13 0.936979 0.436668 0.110861 0.112669 0.00232671
0 0.812638 0.685054 0.111823 0.112544 0.00225383
7 0.439447 0.561115 0.112096 0.112486 0.00221647
5 0.93617 0.313445 0.113523 0.113808 0.00212973
5 0.688123 0.313084 0.112989 0.112557 0.00211343
12 0.686761 0.685917 0.111366 0.112545 0.00211283
9 0.935906 0.684877 0.112173 0.111554 0.00208119
1 0.811906 0.188714 0.111538 0.112131 0.00207369
4 0.688217 0.189286 0.113126 0.115034 0.00201554
4 0.563747 0.065266 0.11197 0.113869 0.00200605
5 0.686776 0.43721 0.114648 0.111245 0.00197351
3 0.564052 0.684846 0.111621 0.112048 0.0019009
2 0.688189 0.809691 0.112547 0.112115 0.00188892
1 0.563887 0.56069 0.111979 0.112479 0.0018683
1 0.440038 0.933975 0.113945 0.115224 0.00186069
6 0.811437 0.436814 0.111722 0.112178 0.0018534
7 0.688096 0.560847 0.112342 0.113282 0.00185116
12 0.563442 0.189291 0.111846 0.112643 0.00184861
10 0.439488 0.43745 0.111639 0.112093 0.00184453
8 0.813023 0.188783 0.109727 0.113204 0.00183194
5 0.066256 0.188589 0.112609 0.112267 0.00179952
0 0.43958 0.313406 0.111592 0.111917 0.00179801
3 0.0660395 0.189119 0.114001 0.111405 0.00178572
12 0.688241 0.18935 0.112818 0.11343 0.00174664
1 0.0666978 0.189046 0.112398 0.111646 0.00174209
9 0.688322 0.933384 0.114036 0.11348 0.00173982
0 0.563855 0.436726 0.112056 0.112678 0.00172385
11 0.811716 0.188303 0.111822 0.113714 0.00170952
8 0.68813 0.313208 0.111365 0.1127 0.00170504
4 0.812132 0.933617 0.111001 0.113292 0.00167405
10 0.439677 0.685739 0.111833 0.112268 0.00165411
13 0.81151 0.809689 0.11178 0.113441 0.00164879
12 0.190894 0.0649957 0.112171 0.112559 0.00164323
11 0.93617 0.313445 0.113523 0.113808 0.00164137
11 0.439712 0.313615 0.111637 0.112484 0.00163305
11 0.687874 0.933904 0.11285 0.114737 0.00162692
1 0.190899 0.437872 0.109945 0.107066 0.00161011
5 0.811658 0.561469 0.112285 0.11187 0.00156958
4 0.812541 0.809409 0.113685 0.114007 0.00156562
4 0.9365 0.809001 0.111266 0.112388 0.0015617
3 0.190882 0.809219 0.112635 0.112036 0.00152996
1 0.936404 0.0642137 0.112457 0.113497 0.00150897
12 0.191147 0.189248 0.112006 0.11258 0.00150222
4 0.688341 0.685453 0.112755 0.11287 0.00150221
12 0.687713 0.934266 0.111095 0.111771 0.00148987
1 0.0666919 0.809454 0.11239 0.112245 0.00148268
12 0.439295 0.0647024 0.111843 0.112432 0.00147833
6 0.81151 0.809689 0.11178 0.113441 0.00147559
13 0.68768 0.188631 0.111881 0.111981 0.00147035
4 0.688261 0.809252 0.111357 0.111677 0.0014678
11 0.191366 0.560738 0.110486 0.110916 0.00144336
0 0.563442 0.189291 0.111846 0.112643 0.00143927
5 0.688177 0.189164 0.113526 0.114823 0.00143689
3 0.688002 0.313626 0.111643 0.111439 0.00143338
7 0.811683 0.56084 0.111614 0.113627 0.00142334
6 0.688284 0.685592 0.111932 0.113831 0.00141938
6 0.688189 0.809691 0.112547 0.112115 0.00141258
3 0.812132 0.933617 0.111001 0.113292 0.00140422
4 0.81261 0.437934 0.110316 0.113718 0.00139895
4 0.563871 0.437366 0.112 0.112009 0.00139426
7 0.935981 0.18864 0.111666 0.113001 0.00139005
12 0.81237 0.561404 0.113075 0.112923 0.00136439
0 0.315176 0.188812 0.112156 0.112819 0.00134381
0 0.0664593 0.436062 0.114577 0.112313 0.00132353
0 0.315704 0.933528 0.111266 0.112658 0.00132314
4 0.813071 0.561774 0.111326 0.114691 0.00132092
10 0.687649 0.933748 0.11166 0.111934 0.00131928
10 0.19115 0.561172 0.111001 0.111602 0.00130396
4 0.812151 0.684966 0.11252 0.11241 0.00130163
1 0.936343 0.934281 0.114444 0.11531 0.00129882
5 0.19152 0.8096 0.111984 0.112504 0.00128744
5 0.315295 0.437733 0.112278 0.113328 0.0012703
7 0.563747 0.065266 0.11197 0.113869 0.00126943
4 0.439666 0.809388 0.111173 0.111685 0.00126901
0 0.191309 0.313203 0.112338 0.112816 0.0012567
7 0.688217 0.189286 0.113126 0.115034 0.00125335
1 0.688135 0.561072 0.111543 0.113939 0.0012481
12 0.93617 0.313445 0.113523 0.113808 0.00122053
0 0.439805 0.80932 0.111616 0.112338 0.0012197
4 0.315371 0.18923 0.112162 0.113091 0.00119831
1 0.812191 0.0642813 0.111163 0.112747 0.00117139
9 0.811855 0.313459 0.111993 0.113085 0.00116601
0 0.0666074 0.933926 0.113435 0.113365 0.00116516
0 0.315389 0.685501 0.11182 0.112778 0.00116378
0 0.0669035 0.685345 0.112747 0.112414 0.00116031
4 0.315378 0.68568 0.111575 0.112067 0.00115858
4 0.563918 0.809053 0.111682 0.111944 0.00115112
4 0.936332 0.313256 0.112219 0.114113 0.00114515
11 0.439521 0.685458 0.11171 0.111665 0.00114217
0 0.0659004 0.0652451 0.112197 0.112695 0.00113821
4 0.688002 0.313626 0.111643 0.111439 0.00113424
4 0.563645 0.313581 0.11149 0.112322 0.00113387
3 0.68814 0.437509 0.112063 0.111641 0.00112996
4 0.191347 0.313819 0.112035 0.113036 0.00112821
1 0.563176 0.313588 0.111661 0.112162 0.00111346
6 0.315934 0.313461 0.11272 0.112776 0.0011124
7 0.563768 0.685154 0.112921 0.112659 0.00110992
0 0.936744 0.438065 0.113189 0.116593 0.00109366
3 0.812146 0.189039 0.111369 0.111605 0.00109101
3 0.688508 0.560953 0.1109 0.111603 0.00109048
7 0.563872 0.809399 0.113056 0.111995 0.00108558
11 0.936138 0.0644121 0.112721 0.114279 0.00107192
13 0.56345 0.0647044 0.111821 0.112673 0.00107167
4 0.936569 0.560869 0.113181 0.111963 0.00106962
5 0.439671 0.0647132 0.110495 0.113078 0.0010479
12 0.0659657 0.0652128 0.1121 0.11203 0.00104582
4 0.0670154 0.685591 0.11246 0.112083 0.00103762
13 0.936453 0.312679 0.112002 0.112098 0.00101701
10 0.315424 0.436755 0.110776 0.111247 0.00101253
4 0.0667735 0.437028 0.113183 0.112369 0.00101151
13 0.81166 0.561303 0.111264 0.111802 0.00100495
1 0.439299 0.0648723 0.11195 0.112827 0.00100447
