3 0.563745 0.809501 0.113148 0.114149 0.987837
12 0.315859 0.809648 0.111126 0.112567 0.986879
3 0.315735 0.934219 0.112937 0.113833 0.985843
8 0.56363 0.934105 0.112073 0.112552 0.985811
5 0.0677615 0.809437 0.112294 0.112976 0.985432
0 0.93579 0.933343 0.112961 0.111875 0.985429
5 0.439472 0.810039 0.111202 0.112469 0.98529
5 0.316011 0.68552 0.110812 0.112448 0.985287
7 0.191575 0.933967 0.112192 0.112886 0.985219
8 0.439296 0.934286 0.112955 0.11312 0.984824
12 0.688408 0.934038 0.111493 0.112908 0.984819
13 0.439043 0.0651711 0.112063 0.113396 0.984819
2 0.563213 0.0653104 0.112047 0.113015 0.984789
7 0.0670367 0.933985 0.113906 0.113956 0.984621
3 0.687561 0.0654427 0.112016 0.113538 0.98424
8 0.687883 0.809713 0.111823 0.11216 0.983667
7 0.191648 0.561671 0.111636 0.11201 0.983622
10 0.19167 0.809285 0.111547 0.11241 0.983582
6 0.812193 0.933606 0.111719 0.113594 0.983465
5 0.0669671 0.189689 0.112756 0.112745 0.983328
0 0.935936 0.684727 0.113289 0.112262 0.983291
12 0.315321 0.437695 0.112085 0.112981 0.982927
6 0.0673439 0.0645014 0.113016 0.113721 0.982902
5 0.0674407 0.437723 0.112524 0.112666 0.982834
4 0.315345 0.189325 0.112195 0.112549 0.982596
6 0.935875 0.0648755 0.11283 0.113719 0.982431
0 0.191366 0.685013 0.112306 0.112052 0.982259
1 0.936667 0.809417 0.112592 0.113028 0.982247
4 0.19149 0.189195 0.113141 0.112743 0.981933
11 0.191277 0.065037 0.11151 0.112728 0.981932
11 0.191062 0.436943 0.111447 0.112701 0.98164
11 0.315347 0.312875 0.112067 0.112513 0.981502
11 0.439404 0.685783 0.111191 0.112282 0.981285
1 0.191219 0.313298 0.111641 0.111686 0.981182
12 0.563305 0.189628 0.110983 0.112803 0.981119
4 0.0679342 0.561418 0.113033 0.11266 0.981005
11 0.314658 0.0653498 0.111854 0.112489 0.980715
4 0.0677539 0.685191 0.11315 0.112827 0.980641
0 0.315217 0.561495 0.112385 0.112322 0.980611
8 0.687831 0.685454 0.111879 0.112153 0.980199
12 0.0676665 0.313245 0.112657 0.112846 0.980043
12 0.439403 0.188888 0.112257 0.112322 0.980042
0 0.812212 0.809185 0.111803 0.112433 0.979957
9 0.439154 0.437577 0.110893 0.111671 0.97974
12 0.81164 0.0655347 0.11205 0.113297 0.979686
9 0.439566 0.561481 0.11182 0.114346 0.979524
5 0.563223 0.313093 0.111869 0.113091 0.979399
1 0.563883 0.685198 0.112284 0.112905 0.97936
9 0.687988 0.561565 0.111898 0.112022 0.979234
1 0.563496 0.437271 0.112278 0.113162 0.979227
9 0.812089 0.561635 0.111954 0.113311 0.979024
10 0.936506 0.312793 0.112925 0.113757 0.979023
3 0.563569 0.561566 0.111575 0.112387 0.978978
5 0.812002 0.685393 0.112552 0.112901 0.978857
3 0.812101 0.437415 0.111888 0.112522 0.978715
12 0.936189 0.437043 0.113759 0.113562 0.978689
7 0.687455 0.189123 0.111416 0.112213 0.978528
2 0.811855 0.188823 0.112171 0.113741 0.978211
2 0.687763 0.313363 0.112121 0.112381 0.978194
1 0.936195 0.561279 0.113948 0.112905 0.97819
3 0.811969 0.312769 0.111679 0.112493 0.978131
8 0.43943 0.313083 0.111595 0.113484 0.978031
11 0.935562 0.189026 0.112508 0.11355 0.97802
8 0.687879 0.437554 0.111136 0.111872 0.977045
3 0.687809 0.314086 0.112547 0.112533 0.0224333
10 0.935909 0.18907 0.111454 0.111001 0.0205567
9 0.687819 0.437864 0.112721 0.112411 0.0181675
9 0.687933 0.808951 0.111975 0.113209 0.015235
3 0.81159 0.190049 0.11224 0.112581 0.0109333
9 0.688045 0.685151 0.112411 0.112708 0.00944162
3 0.564029 0.0655103 0.112604 0.113118 0.00693541
5 0.935888 0.313705 0.113463 0.113042 0.00532647
12 0.686763 0.188914 0.110157 0.112858 0.00525724
2 0.688159 0.437009 0.111474 0.113037 0.00496163
9 0.56343 0.933587 0.111594 0.113025 0.00475641
2 0.0669477 0.561467 0.114011 0.112597 0.00459023
11 0.688079 0.80983 0.111378 0.113226 0.00421181
6 0.0674732 0.312936 0.113442 0.113256 0.00414782
0 0.688215 0.561788 0.110172 0.112596 0.00413651
2 0.688245 0.68506 0.111925 0.112415 0.00384686
11 0.688012 0.685426 0.111072 0.112712 0.00366832
8 0.68811 0.31353 0.111969 0.114312 0.00346508
9 0.439552 0.933673 0.112091 0.113455 0.00333098
12 0.439555 0.0647434 0.111575 0.113868 0.00315442
1 0.0669477 0.561467 0.114011 0.112597 0.00315299
2 0.0669938 0.685572 0.113778 0.112574 0.00309393
2 0.688237 0.809248 0.11252 0.112248 0.00286445
11 0.687759 0.436668 0.110807 0.112505 0.00284094
6 0.563515 0.18923 0.111313 0.113534 0.00282264
0 0.936435 0.560832 0.113297 0.112055 0.00269567
6 0.439491 0.189089 0.111731 0.113291 0.00268433
10 0.190856 0.436584 0.111594 0.113504 0.00267431
1 0.191129 0.1891 0.111184 0.11172 0.00266974
8 0.688215 0.561788 0.110172 0.112596 0.00259281
8 0.811397 0.188743 0.112605 0.114227 0.00256629
1 0.315306 0.189265 0.111043 0.111978 0.00252079
0 0.688576 0.933482 0.113658 0.112008 0.00250892
9 0.935877 0.933637 0.11163 0.112215 0.00249904
9 0.439507 0.313835 0.112678 0.113212 0.00247393
12 0.687878 0.064722 0.11099 0.111876 0.00246422
0 0.813134 0.561945 0.111322 0.111353 0.00241125
1 0.0669938 0.685572 0.113778 0.112574 0.00239533
6 0.812192 0.0649396 0.112067 0.114113 0.00231519
11 0.81152 0.685553 0.112497 0.111557 0.00228423
6 0.191279 0.189059 0.111859 0.112805 0.00224404
0 0.93684 0.809211 0.111658 0.113201 0.002241
5 0.0667032 0.561424 0.112532 0.11273 0.00220242
7 0.439043 0.0651711 0.112063 0.113396 0.00218929
2 0.688221 0.0642941 0.109787 0.113417 0.00215307
11 0.564354 0.93405 0.111677 0.112954 0.00212366
12 0.688215 0.561788 0.110172 0.112596 0.0020997
9 0.688531 0.933299 0.113525 0.112051 0.00208652
11 0.440002 0.934149 0.112548 0.113295 0.00202152
1 0.688103 0.3133 0.113696 0.114642 0.00200755
6 0.686779 0.189063 0.113734 0.112574 0.00200586
5 0.688334 0.0647343 0.110572 0.111956 0.00197824
4 0.564197 0.809385 0.110686 0.113187 0.00196732
2 0.439313 0.313849 0.112162 0.113239 0.00193097
2 0.191129 0.1891 0.111184 0.11172 0.00188239
10 0.563323 0.313469 0.113316 0.112056 0.00183333
0 0.688165 0.437434 0.112811 0.114533 0.00183234
0 0.563798 0.436705 0.112278 0.113205 0.00180838
9 0.935927 0.684748 0.112091 0.112233 0.00179674
10 0.439397 0.809568 0.111616 0.112305 0.00175075
2 0.811488 0.685214 0.113308 0.111986 0.00173741
0 0.688247 0.685435 0.112545 0.113548 0.00167199
12 0.439806 0.438084 0.110888 0.113504 0.00164791
7 0.191368 0.808977 0.111595 0.112472 0.00161997
9 0.813102 0.437657 0.108598 0.111232 0.00161235
0 0.439887 0.436887 0.110316 0.115079 0.00160431
0 0.688247 0.809734 0.112933 0.113373 0.00159391
2 0.813038 0.313466 0.109088 0.110959 0.00157159
2 0.813102 0.437657 0.108598 0.111232 0.00156762
5 0.686813 0.313373 0.114 0.111941 0.00154558
4 0.564139 0.685131 0.111492 0.111952 0.00152982
3 0.936417 0.0649277 0.112621 0.11407 0.00152918
10 0.439577 0.685421 0.112223 0.114032 0.00152149
2 0.315306 0.189265 0.111043 0.111978 0.00150372
12 0.811649 0.312955 0.111229 0.11311 0.00150295
10 0.0666467 0.189097 0.111772 0.112416 0.00149569
4 0.563832 0.561761 0.11065 0.112549 0.00148954
12 0.81166 0.437237 0.110916 0.113245 0.00148218
6 0.315837 0.810055 0.112302 0.113443 0.00147653
10 0.0667838 0.43743 0.111847 0.112218 0.00147461
8 0.811531 0.561827 0.110638 0.112621 0.0014724
9 0.811578 0.312923 0.112433 0.112974 0.00145282
5 0.191384 0.809038 0.112172 0.111777 0.00143147
8 0.563551 0.0649052 0.112391 0.11323 0.00142759
10 0.0669145 0.80932 0.111939 0.112068 0.0014275
7 0.0677507 0.685784 0.112379 0.111791 0.00142674
7 0.936509 0.43648 0.112116 0.113341 0.00141613
9 0.439322 0.685279 0.111368 0.112141 0.00141273
4 0.688274 0.0650577 0.111308 0.112865 0.00140555
10 0.31519 0.0649673 0.112074 0.113144 0.00139165
10 0.812278 0.685508 0.112331 0.112821 0.00138935
1 0.56374 0.561669 0.111857 0.112193 0.00138748
4 0.563811 0.437285 0.112282 0.112727 0.001362
3 0.812193 0.933606 0.111719 0.113594 0.00135851
5 0.811307 0.188909 0.112874 0.113372 0.00135848
6 0.067682 0.561857 0.112639 0.112208 0.00134854
10 0.191427 0.0645804 0.111429 0.111504 0.0013342
1 0.315397 0.561263 0.112606 0.112641 0.00133318
1 0.811599 0.932845 0.112145 0.111016 0.00130635
8 0.190642 0.437935 0.112175 0.113783 0.00128811
1 0.811982 0.188751 0.111882 0.113692 0.00127948
8 0.935888 0.932854 0.111491 0.111582 0.00125593
11 0.811484 0.561832 0.111935 0.112844 0.00124095
10 0.315043 0.68525 0.111897 0.112294 0.0012384
4 0.935959 0.437263 0.113167 0.113126 0.00123194
12 0.811479 0.562205 0.110543 0.112992 0.00122598
11 0.0666974 0.436457 0.111578 0.111436 0.00122376
2 0.56407 0.934284 0.112349 0.112593 0.00122238
0 0.191204 0.31336 0.110832 0.112592 0.00122191
1 0.563442 0.0645652 0.111864 0.113721 0.00121943
13 0.686861 0.18856 0.112551 0.11232 0.00120876
0 0.564177 0.685024 0.111714 0.112644 0.00120076
10 0.315213 0.313392 0.112387 0.113666 0.00119513
13 0.936421 0.436525 0.111198 0.113758 0.00119493
11 0.439151 0.312994 0.111428 0.111153 0.00119096
2 0.43998 0.934348 0.113189 0.113422 0.00118071
4 0.0672711 0.437878 0.113183 0.109292 0.00118064
4 0.935888 0.313705 0.113463 0.113042 0.00118049
6 0.81166 0.437237 0.110916 0.113245 0.00117528
1 0.68796 0.0647435 0.110975 0.112251 0.00116994
4 0.19128 0.313607 0.111972 0.113047 0.00115781
13 0.191273 0.809369 0.111879 0.111873 0.00114756
1 0.564057 0.809359 0.111849 0.112341 0.00114317
4 0.563515 0.18923 0.111313 0.113534 0.00113035
1 0.811519 0.313194 0.1114 0.112224 0.00112716
3 0.0677507 0.685784 0.112379 0.111791 0.00112558
13 0.936336 0.312745 0.111598 0.111528 0.00112244
0 0.314877 0.438225 0.112928 0.112283 0.00112113
6 0.811649 0.312955 0.111229 0.11311 0.00111809
7 0.067682 0.561857 0.112639 0.112208 0.00111768
8 0.439854 0.561253 0.111022 0.115149 0.00110664
3 0.0673439 0.0645014 0.113016 0.113721 0.0011054
6 0.0677507 0.685784 0.112379 0.111791 0.00109855
2 0.439882 0.809443 0.111981 0.112476 0.00108355
3 0.936421 0.436525 0.111198 0.113758 0.00107654
7 0.811469 0.0643446 0.112194 0.114016 0.00107501
0 0.439854 0.561253 0.111022 0.115149 0.00107346
4 0.936667 0.809417 0.112592 0.113028 0.00106802
4 0.191368 0.808977 0.111595 0.112472 0.0010613
0 0.439455 0.313765 0.110958 0.112845 0.00105847
4 0.936435 0.560832 0.113297 0.112055 0.00105364
7 0.8117 0.932987 0.111669 0.11195 0.00105095
4 0.81259 0.313416 0.111415 0.112467 0.00104053
1 0.19127 0.684924 0.112291 0.112771 0.00103197
8 0.315213 0.313392 0.112387 0.113666 0.00103122
6 0.314877 0.438225 0.112928 0.112283 0.00102531
4 0.316034 0.933774 0.111352 0.113623 0.00101798
4 0.563323 0.313469 0.113316 0.112056 0.0010172
3 0.0667032 0.561424 0.112532 0.11273 0.00101126
0 0.564108 0.933756 0.113083 0.11295 0.00101119
5 0.439661 0.685527 0.111303 0.112125 0.00100784
1 0.812101 0.437415 0.111888 0.112522 0.00100757
8 0.813044 0.809276 0.112587 0.113489 0.00100356
