5 0.439682 0.808893 0.110322 0.11107 0.985319
3 0.687859 0.933805 0.112008 0.112092 0.985048
7 0.191449 0.188557 0.111281 0.111182 0.984743
6 0.315383 0.561375 0.112772 0.112964 0.984524
6 0.563028 0.934211 0.114138 0.112807 0.984405
5 0.314883 0.933578 0.113256 0.112592 0.984337
13 0.6876 0.809318 0.111347 0.11073 0.983982
2 0.563163 0.80873 0.111331 0.112137 0.983796
5 0.687494 0.684779 0.111205 0.111573 0.983607
6 0.190544 0.808575 0.113048 0.112373 0.983578
7 0.0665945 0.810266 0.112594 0.112679 0.983564
6 0.811897 0.809259 0.113069 0.111857 0.983464
9 0.0667231 0.437588 0.112638 0.1131 0.983442
10 0.0665881 0.685866 0.113757 0.113102 0.983324
3 0.812028 0.934082 0.112096 0.111565 0.983272
6 0.439842 0.561391 0.11153 0.111536 0.983218
7 0.43929 0.933528 0.111124 0.111179 0.983216
4 0.936361 0.684957 0.111397 0.111254 0.983136
0 0.190883 0.437065 0.112663 0.113973 0.982752
9 0.315545 0.0638985 0.111001 0.109874 0.982386
10 0.0665464 0.312567 0.113496 0.111695 0.982213
11 0.315059 0.808645 0.111008 0.111514 0.981899
8 0.191366 0.312861 0.111359 0.112171 0.981708
10 0.563302 0.0650337 0.111202 0.110848 0.981487
8 0.315243 0.312918 0.111091 0.112467 0.981278
6 0.43952 0.43732 0.111779 0.111661 0.981181
8 0.315089 0.68484 0.113065 0.110127 0.981077
5 0.0668877 0.93335 0.111744 0.111362 0.981028
5 0.0665525 0.189546 0.113978 0.114417 0.980875
1 0.190932 0.560495 0.110693 0.113715 0.980707
2 0.190851 0.0642531 0.111665 0.110007 0.980641
3 0.440171 0.684774 0.111286 0.111375 0.980151
3 0.315396 0.437177 0.112319 0.110425 0.980135
12 0.811575 0.684987 0.113713 0.111606 0.979863
2 0.0674087 0.561169 0.112043 0.112523 0.979798
0 0.0658974 0.0628749 0.111453 0.110783 0.979506
9 0.687114 0.0647846 0.112773 0.111567 0.979344
12 0.563465 0.684523 0.11165 0.111957 0.979253
13 0.56369 0.560478 0.112224 0.111683 0.979246
0 0.190326 0.684259 0.111802 0.113306 0.979243
8 0.935714 0.933679 0.111006 0.111619 0.979019
10 0.439283 0.31261 0.11206 0.112528 0.978994
10 0.314201 0.188005 0.112364 0.113598 0.978977
10 0.56349 0.31274 0.11263 0.112227 0.97888
8 0.191006 0.933701 0.111807 0.113681 0.978819
10 0.936505 0.560985 0.111234 0.112963 0.978789
13 0.811736 0.188305 0.113772 0.111976 0.978747
12 0.812214 0.561134 0.112928 0.111654 0.978655
6 0.688262 0.436824 0.112353 0.111471 0.978563
7 0.564166 0.436769 0.11279 0.112357 0.978503
4 0.687324 0.188418 0.112756 0.114256 0.978436
12 0.439445 0.187987 0.113604 0.113832 0.978332
11 0.439571 0.0635091 0.111679 0.110046 0.978319
12 0.936164 0.436186 0.1118 0.112048 0.977993
4 0.936452 0.188041 0.112351 0.1134 0.977925
8 0.68783 0.560745 0.112772 0.111313 0.977823
5 0.812102 0.43702 0.112101 0.111441 0.977688
2 0.935954 0.808928 0.110322 0.111633 0.977681
7 0.812358 0.312267 0.111797 0.112642 0.977551
11 0.563307 0.188193 0.111328 0.113766 0.97728
3 0.812239 0.0638838 0.111394 0.111099 0.977188
6 0.936515 0.064316 0.113559 0.110488 0.977135
2 0.936205 0.312037 0.112134 0.11233 0.977105
3 0.687998 0.312533 0.112718 0.111225 0.977074
2 0.191179 0.313134 0.111908 0.112541 0.00829696
9 0.811525 0.93381 0.113242 0.110424 0.00755245
2 0.935396 0.933598 0.111451 0.111594 0.00707831
2 0.81326 0.933788 0.113983 0.111677 0.00695096
10 0.687272 0.809138 0.111363 0.111928 0.00680208
2 0.315348 0.313671 0.111321 0.11346 0.00660351
2 0.688633 0.933426 0.114048 0.111439 0.00565918
5 0.314828 0.809239 0.112236 0.112963 0.00542264
12 0.811646 0.312199 0.109939 0.112284 0.00531993
7 0.686797 0.188226 0.113229 0.115606 0.00530806
1 0.935679 0.313108 0.110836 0.114114 0.00528434
1 0.68833 0.436761 0.113048 0.113432 0.00480219
2 0.688307 0.560406 0.113328 0.112037 0.00479396
7 0.936549 0.685488 0.110182 0.111493 0.00463927
7 0.936066 0.188344 0.111145 0.112191 0.00425374
11 0.190494 0.933687 0.111215 0.11126 0.0042231
10 0.19171 0.188544 0.1121 0.113455 0.0041613
6 0.563465 0.684523 0.11165 0.111957 0.00415242
2 0.688123 0.68418 0.112226 0.113971 0.00401662
8 0.935475 0.808914 0.11047 0.110343 0.00381157
5 0.563353 0.1879 0.110761 0.112768 0.00373039
7 0.687272 0.809138 0.111363 0.111928 0.00372517
12 0.687842 0.313054 0.11165 0.11158 0.00369988
2 0.190369 0.933674 0.111848 0.111478 0.0036163
3 0.563376 0.808988 0.11218 0.113988 0.00353654
0 0.688132 0.0647421 0.11418 0.110781 0.00352036
2 0.688392 0.313127 0.112382 0.111426 0.00346361
5 0.439571 0.0635091 0.111679 0.110046 0.00341617
7 0.563711 0.560394 0.1117 0.111234 0.00341097
11 0.812008 0.436316 0.112635 0.111291 0.0033483
10 0.811788 0.313128 0.112001 0.113359 0.00322416
0 0.688321 0.561001 0.113975 0.112536 0.00318991
6 0.812582 0.933697 0.112106 0.111538 0.00299413
4 0.439196 0.93372 0.111845 0.112124 0.00290573
4 0.812563 0.313098 0.111301 0.113042 0.00269088
1 0.190326 0.684259 0.111802 0.113306 0.00268271
6 0.811572 0.0642086 0.110873 0.111909 0.0026133
0 0.191484 0.313431 0.113305 0.115186 0.00260182
1 0.686954 0.188493 0.112485 0.11391 0.00259829
1 0.0658974 0.0628749 0.111453 0.110783 0.0025161
6 0.811601 0.311743 0.110594 0.111196 0.00249717
12 0.811572 0.0642086 0.110873 0.111909 0.00248752
8 0.563494 0.809025 0.111744 0.112475 0.00242376
9 0.688196 0.313433 0.113716 0.111968 0.00242084
2 0.936894 0.685154 0.1105 0.111989 0.00238797
5 0.0671844 0.560876 0.11367 0.115434 0.00231013
1 0.563642 0.934246 0.114059 0.1121 0.00229628
1 0.935825 0.188707 0.112077 0.113398 0.00228992
11 0.686829 0.684609 0.108732 0.110289 0.00228724
4 0.0662334 0.809295 0.112667 0.110644 0.00227961
3 0.936469 0.0641989 0.112598 0.111144 0.00226126
8 0.935283 0.313064 0.1118 0.111801 0.00226009
3 0.935508 0.313072 0.112718 0.11198 0.00225938
12 0.81161 0.933684 0.11388 0.111285 0.00224811
2 0.811525 0.436668 0.112435 0.110827 0.00223128
9 0.936099 0.560436 0.111736 0.111642 0.00218926
7 0.43952 0.43732 0.111779 0.111661 0.00210072
0 0.0671364 0.438086 0.111822 0.112683 0.00210005
4 0.563595 0.313167 0.112534 0.113204 0.00208507
8 0.0668371 0.438208 0.114786 0.113263 0.00201804
2 0.315089 0.68484 0.113065 0.110127 0.00198196
2 0.314754 0.437253 0.112548 0.11047 0.00194066
1 0.936894 0.685154 0.1105 0.111989 0.00192935
11 0.935714 0.933679 0.111006 0.111619 0.00190367
9 0.315876 0.438059 0.114925 0.112196 0.00190366
7 0.936137 0.560767 0.10993 0.111465 0.00188906
3 0.688094 0.68448 0.112123 0.11334 0.00187594
11 0.315195 0.685059 0.111705 0.110302 0.00185479
1 0.688226 0.313118 0.111783 0.111654 0.0018305
1 0.813295 0.933833 0.115262 0.11044 0.00176688
1 0.190285 0.0644871 0.111811 0.110156 0.00175876
5 0.935866 0.311929 0.111778 0.11312 0.00172155
1 0.688263 0.933659 0.112425 0.112718 0.00171303
8 0.56335 0.188298 0.110834 0.113811 0.00170108
6 0.564439 0.436362 0.111821 0.113614 0.00169747
3 0.0672429 0.560722 0.113827 0.113559 0.00166502
2 0.81312 0.0647107 0.110663 0.110096 0.00163115
12 0.688132 0.0647421 0.11418 0.110781 0.00162715
10 0.936252 0.436666 0.111523 0.112227 0.00161203
4 0.191495 0.188562 0.11138 0.110661 0.00160739
13 0.936348 0.561568 0.110733 0.11183 0.00159969
1 0.935818 0.0648542 0.113785 0.110561 0.00159513
1 0.0672982 0.561088 0.112228 0.112283 0.00156821
1 0.439971 0.436295 0.110282 0.11223 0.00156343
1 0.440235 0.560797 0.109587 0.112104 0.00156088
0 0.315517 0.313822 0.111813 0.114641 0.00154967
7 0.0665995 0.313736 0.112312 0.112817 0.00150972
3 0.315531 0.560518 0.113756 0.113143 0.0014948
2 0.936283 0.188736 0.111842 0.113341 0.00148797
10 0.314635 0.93362 0.112994 0.112721 0.00148112
1 0.811497 0.064567 0.111005 0.110984 0.0014743
3 0.936456 0.436057 0.111006 0.114131 0.00145876
4 0.563561 0.0649282 0.110392 0.111865 0.00145493
3 0.811322 0.685457 0.113551 0.112857 0.00145146
1 0.563505 0.808767 0.111792 0.11355 0.0014447
3 0.440053 0.436551 0.111839 0.111734 0.00144083
10 0.0664784 0.933743 0.112321 0.112309 0.0014311
6 0.438861 0.188142 0.114194 0.113697 0.00142582
8 0.688132 0.0647421 0.11418 0.110781 0.00140767
12 0.686412 0.809445 0.111057 0.11041 0.00140525
3 0.191093 0.0644215 0.111636 0.109797 0.00140212
0 0.93593 0.933409 0.112339 0.112742 0.00139193
3 0.812099 0.56089 0.11242 0.111876 0.00137585
1 0.935747 0.809127 0.107542 0.110497 0.00137322
10 0.93629 0.188203 0.112581 0.113685 0.00137033
4 0.564396 0.436331 0.112628 0.114276 0.00135715
4 0.688597 0.933427 0.114919 0.112514 0.00135393
10 0.439812 0.809234 0.111274 0.111808 0.00135037
7 0.936141 0.436157 0.109324 0.114313 0.00134971
10 0.0669087 0.188287 0.11267 0.113851 0.00132008
6 0.440305 0.684771 0.111212 0.110895 0.00131722
6 0.3155 0.436457 0.112923 0.111636 0.00131145
0 0.190514 0.933619 0.11207 0.112269 0.00129525
10 0.936676 0.68524 0.11018 0.112389 0.00129107
8 0.0666047 0.560555 0.114311 0.110982 0.00128924
6 0.686715 0.188586 0.113815 0.113778 0.00128851
11 0.315302 0.933551 0.112754 0.112782 0.00126917
2 0.563366 0.188563 0.111348 0.112837 0.00125887
13 0.0666781 0.31275 0.113497 0.112961 0.00124022
10 0.812018 0.685439 0.113208 0.112069 0.00122585
11 0.0667363 0.934188 0.112176 0.111958 0.00122142
5 0.688662 0.933302 0.114335 0.111665 0.00121732
5 0.563489 0.0645916 0.110129 0.110946 0.00120432
5 0.813295 0.933833 0.115262 0.11044 0.00120213
3 0.190544 0.808575 0.113048 0.112373 0.00119852
8 0.190356 0.0645762 0.113602 0.110769 0.00119461
2 0.68712 0.189103 0.11206 0.113965 0.00118999
6 0.812099 0.56089 0.11242 0.111876 0.0011852
7 0.688241 0.437244 0.112135 0.111116 0.00117141
1 0.315909 0.437514 0.112353 0.111604 0.00117047
1 0.440504 0.684791 0.111102 0.111441 0.0011611
11 0.439362 0.313414 0.111569 0.112653 0.00115812
10 0.811737 0.437566 0.110939 0.111461 0.00114963
4 0.813255 0.933493 0.114402 0.112539 0.00114842
7 0.563561 0.0649282 0.110392 0.111865 0.00114806
4 0.0673067 0.187398 0.113941 0.115035 0.00114795
6 0.688341 0.933569 0.113417 0.112463 0.00114233
9 0.314632 0.188773 0.112646 0.113421 0.00113228
4 0.3155 0.436457 0.112923 0.111636 0.00113131
10 0.688006 0.684815 0.110898 0.112168 0.0011255
11 0.315081 0.313835 0.111606 0.112982 0.0011201
6 0.688392 0.313127 0.112382 0.111426 0.00111929
6 0.936246 0.685119 0.108724 0.110701 0.00110714
5 0.191093 0.0644215 0.111636 0.109797 0.00110689
4 0.439274 0.312688 0.110714 0.112864 0.00110679
5 0.563487 0.809372 0.109985 0.113296 0.00110328
3 0.688421 0.43654 0.112206 0.111418 0.00110312
3 0.440162 0.560547 0.11194 0.111956 0.00109467
4 0.440115 0.684842 0.110982 0.110774 0.00108737
1 0.191014 0.435784 0.113305 0.112933 0.00108282
9 0.811498 0.064267 0.111664 0.111848 0.00108022
9 0.439611 0.313429 0.111545 0.112043 0.00107847
8 0.43976 0.0642767 0.111931 0.109854 0.00107767
4 0.0666009 0.312694 0.112868 0.113589 0.00106367
9 0.0661452 0.684651 0.115012 0.112547 0.0010615
3 0.688171 0.0647325 0.114886 0.112084 0.00106064
4 0.688359 0.313174 0.113951 0.112937 0.00103662
5 0.563517 0.313074 0.112587 0.112465 0.00103605
4 0.688123 0.68418 0.112226 0.113971 0.00103564
10 0.812227 0.561194 0.112497 0.112045 0.00103228
13 0.936252 0.436666 0.111523 0.112227 0.00102956
0 0.315095 0.064221 0.113345 0.111478 0.00102512
0 0.191215 0.560809 0.11053 0.11194 0.00102349
3 0.812008 0.436316 0.112635 0.111291 0.00101635
0 0.812018 0.685439 0.113208 0.112069 0.0010089
3 0.563827 0.685211 0.112824 0.111676 0.00100757
7 0.811329 0.561324 0.112051 0.111952 0.00100071
10 0.315662 0.809058 0.112762 0.112746 0.00100003
