7 0.315656 0.809472 0.111716 0.111915 0.986268
12 0.315939 0.933801 0.111215 0.112761 0.985594
0 0.935963 0.933223 0.112687 0.111707 0.985435
9 0.563836 0.934289 0.111306 0.112728 0.985357
5 0.315657 0.685786 0.110849 0.111615 0.984891
12 0.439822 0.68518 0.111297 0.111951 0.984854
7 0.440205 0.80932 0.111784 0.112523 0.984737
4 0.43944 0.0647662 0.111171 0.111915 0.984407
9 0.0668218 0.437517 0.112848 0.112825 0.984396
9 0.191809 0.0645693 0.111324 0.112553 0.983917
12 0.0674859 0.809623 0.112532 0.112446 0.983847
11 0.563764 0.80964 0.111248 0.111977 0.983562
7 0.936137 0.0654623 0.11298 0.112836 0.983478
6 0.0673039 0.561553 0.113549 0.112948 0.983371
0 0.439622 0.933776 0.112285 0.112971 0.983331
4 0.315448 0.437177 0.112991 0.11216 0.983081
9 0.936442 0.809675 0.112393 0.111943 0.982962
6 0.0667289 0.313525 0.113474 0.11303 0.982946
3 0.31546 0.313429 0.112073 0.113522 0.982773
0 0.191395 0.685327 0.111948 0.111529 0.982669
6 0.191523 0.437579 0.112179 0.112921 0.982551
7 0.31554 0.189172 0.113119 0.112011 0.982523
12 0.067031 0.188704 0.112665 0.111783 0.982274
2 0.0671765 0.685371 0.112619 0.112543 0.982058
1 0.812243 0.933474 0.112092 0.113503 0.981869
10 0.191619 0.313152 0.11238 0.112101 0.981828
0 0.68813 0.933376 0.112065 0.112766 0.981738
0 0.315315 0.561398 0.112436 0.112315 0.981421
11 0.687699 0.809635 0.110888 0.11213 0.980746
10 0.812416 0.809764 0.112665 0.112306 0.98052
9 0.439374 0.437696 0.110968 0.111444 0.98036
11 0.439427 0.560972 0.112905 0.111801 0.980249
12 0.812704 0.0650914 0.111027 0.113014 0.980137
12 0.439278 0.188692 0.112069 0.111859 0.980023
8 0.3153 0.0650989 0.111496 0.112122 0.979678
8 0.687764 0.0650816 0.111736 0.112928 0.979656
0 0.0673582 0.0646208 0.111732 0.11214 0.979552
6 0.563971 0.313243 0.112189 0.112652 0.979442
11 0.563893 0.561226 0.111969 0.112952 0.979403
8 0.191338 0.189267 0.111819 0.111845 0.979314
1 0.563564 0.437275 0.112352 0.113064 0.979179
2 0.439149 0.313169 0.112535 0.112067 0.979156
1 0.563759 0.685351 0.112355 0.112808 0.979138
8 0.191175 0.561479 0.111356 0.111312 0.979102
11 0.563447 0.188844 0.111485 0.113011 0.979045
13 0.687596 0.189074 0.11172 0.111993 0.979011
12 0.687781 0.312748 0.112077 0.112632 0.978924
9 0.811903 0.685712 0.112591 0.11287 0.978909
0 0.811912 0.561365 0.112621 0.112556 0.978727
4 0.812442 0.312797 0.113036 0.112327 0.978669
13 0.936465 0.561519 0.112914 0.112428 0.978643
10 0.812513 0.436964 0.112277 0.11253 0.978594
8 0.191432 0.933681 0.112127 0.111926 0.978528
7 0.687314 0.685265 0.111731 0.111556 0.978498
8 0.191662 0.809398 0.112106 0.112494 0.978488
1 0.936411 0.312686 0.113661 0.112824 0.978404
8 0.688 0.437185 0.111916 0.112896 0.978272
7 0.936869 0.685284 0.111855 0.112816 0.978133
0 0.563548 0.0650175 0.111467 0.112906 0.978004
2 0.812208 0.188911 0.112289 0.113145 0.977935
2 0.687673 0.561716 0.111888 0.112 0.977825
8 0.0665465 0.933954 0.112831 0.113239 0.977476
7 0.936876 0.437006 0.112536 0.113052 0.977239
11 0.93639 0.188448 0.112681 0.112311 0.976184
10 0.936095 0.188831 0.110993 0.110498 0.0118064
2 0.68824 0.436854 0.111488 0.113176 0.00764388
2 0.19124 0.561483 0.112554 0.11193 0.00630652
12 0.687532 0.188835 0.111675 0.112069 0.00595582
2 0.688273 0.0645895 0.11069 0.111693 0.0057191
2 0.0665912 0.933675 0.114058 0.113149 0.00545761
1 0.316029 0.437392 0.112707 0.112232 0.00485932
1 0.812219 0.312798 0.112504 0.112992 0.00442635
12 0.93629 0.437166 0.111992 0.113696 0.00426394
10 0.68818 0.809482 0.110445 0.112308 0.00420901
2 0.191065 0.809707 0.111559 0.112449 0.00404827
3 0.812034 0.685789 0.111465 0.112216 0.00361264
12 0.93622 0.685653 0.11266 0.1143 0.00335029
12 0.936119 0.0649938 0.113321 0.113457 0.00329204
0 0.0672968 0.43797 0.111647 0.112241 0.0032868
5 0.811566 0.18921 0.113236 0.112397 0.00328253
1 0.0669822 0.0637606 0.113587 0.112822 0.00313239
1 0.43944 0.0647662 0.111171 0.111915 0.00311574
3 0.0665117 0.685224 0.114445 0.112159 0.00307384
1 0.439218 0.313595 0.111781 0.11144 0.00306185
0 0.812614 0.933729 0.111215 0.111567 0.00305044
0 0.813115 0.685677 0.111768 0.111102 0.00302695
6 0.936136 0.685256 0.112529 0.113862 0.00293954
0 0.936372 0.312853 0.112592 0.111762 0.00292444
7 0.439686 0.064832 0.111825 0.111777 0.00291999
4 0.812334 0.437522 0.110609 0.112725 0.00287224
10 0.564295 0.8095 0.11032 0.112008 0.00285667
5 0.688138 0.561419 0.112185 0.112875 0.00283949
12 0.0676299 0.43671 0.111665 0.112682 0.00271512
2 0.315386 0.0645125 0.110999 0.113072 0.00268746
2 0.19132 0.188885 0.110954 0.112003 0.00267978
5 0.687864 0.809788 0.111032 0.111773 0.00265981
0 0.439862 0.438047 0.112987 0.113066 0.0026571
0 0.687396 0.438042 0.110748 0.113146 0.00264755
1 0.688138 0.561419 0.112185 0.112875 0.0025742
3 0.0673039 0.561553 0.113549 0.112948 0.00249014
4 0.812527 0.80939 0.110774 0.112202 0.00245729
8 0.688202 0.80918 0.111545 0.113001 0.00243114
3 0.563911 0.313492 0.111304 0.113286 0.00237397
12 0.93606 0.810187 0.111292 0.113256 0.00233318
3 0.19138 0.437507 0.112796 0.112532 0.00233262
9 0.687779 0.809665 0.111437 0.112044 0.00228172
3 0.687805 0.561473 0.11186 0.111455 0.00227608
13 0.811534 0.0650668 0.110998 0.112468 0.00226562
1 0.563581 0.0641056 0.111215 0.113378 0.00214478
12 0.936093 0.561416 0.112043 0.112992 0.00214258
5 0.563613 0.188536 0.110835 0.112451 0.00210969
5 0.564101 0.561257 0.111815 0.112136 0.00210392
3 0.0666176 0.313394 0.112685 0.112711 0.00206523
10 0.439602 0.561049 0.112576 0.112713 0.00202061
3 0.93606 0.810187 0.111292 0.113256 0.00197429
7 0.0672651 0.313735 0.113348 0.113187 0.00196611
7 0.811587 0.312158 0.1129 0.114284 0.00196122
8 0.812992 0.189201 0.110109 0.112863 0.00195909
12 0.812628 0.685529 0.112274 0.112425 0.00191907
0 0.563812 0.436744 0.112425 0.113205 0.00188884
7 0.0669011 0.561117 0.114079 0.11327 0.00187702
8 0.564295 0.8095 0.11032 0.112008 0.00186565
5 0.564323 0.809754 0.111504 0.112035 0.00182664
4 0.19138 0.31317 0.110753 0.111369 0.00182291
12 0.43994 0.436792 0.111765 0.111609 0.00181613
6 0.93631 0.43694 0.111321 0.113547 0.001814
3 0.439624 0.313623 0.11168 0.112312 0.00180085
5 0.935793 0.189246 0.112875 0.112001 0.00179294
2 0.191051 0.933868 0.112406 0.112597 0.00178878
12 0.686766 0.685997 0.111435 0.112533 0.00178344
7 0.191387 0.438102 0.112725 0.112891 0.00177905
9 0.564295 0.8095 0.11032 0.112008 0.00171554
1 0.811776 0.561057 0.11287 0.112523 0.00166924
1 0.811921 0.189078 0.112042 0.111683 0.00163058
2 0.687958 0.809484 0.111903 0.111869 0.00162862
10 0.564146 0.561154 0.112405 0.112965 0.00159473
12 0.812014 0.810047 0.112663 0.111998 0.00159472
7 0.688159 0.189108 0.112196 0.112546 0.0015783
12 0.191584 0.0646927 0.111981 0.112202 0.00155791
4 0.936931 0.436547 0.112618 0.112772 0.0015573
9 0.936101 0.933522 0.111442 0.112154 0.00155353
7 0.811534 0.0650668 0.110998 0.112468 0.00154523
5 0.439608 0.561276 0.11222 0.112041 0.00153779
4 0.563978 0.685281 0.111355 0.111784 0.00152413
2 0.43944 0.0647662 0.111171 0.111915 0.00148383
6 0.811505 0.312795 0.114285 0.112717 0.00146143
0 0.564037 0.685206 0.111653 0.11253 0.00145501
4 0.563801 0.437378 0.11236 0.112672 0.00144797
3 0.811748 0.189618 0.112327 0.112096 0.0013952
7 0.563807 0.313257 0.112685 0.112277 0.00139336
2 0.812182 0.313061 0.112071 0.112445 0.00136553
10 0.563613 0.188536 0.110835 0.112451 0.00136261
0 0.688125 0.312969 0.11058 0.112755 0.00136065
9 0.688099 0.313162 0.110581 0.113605 0.00135239
2 0.813152 0.93273 0.111505 0.112222 0.0013479
12 0.564577 0.934134 0.11362 0.112297 0.0013479
1 0.0671215 0.68543 0.113189 0.111728 0.00134365
12 0.812041 0.437237 0.112678 0.112593 0.00133667
8 0.0673466 0.438051 0.112724 0.113437 0.001315
7 0.191596 0.313511 0.11256 0.111506 0.00131226
3 0.439516 0.437267 0.112569 0.112923 0.00131096
5 0.811826 0.809873 0.112311 0.11169 0.00130583
0 0.688261 0.0648738 0.111503 0.113345 0.00128789
6 0.0674859 0.809623 0.112532 0.112446 0.00127955
5 0.811785 0.437542 0.112171 0.112059 0.00126211
5 0.439347 0.313238 0.111255 0.111085 0.00122354
2 0.936567 0.809633 0.110999 0.111484 0.00121906
11 0.688261 0.0648738 0.111503 0.113345 0.00121734
6 0.688274 0.685637 0.111786 0.113217 0.00120482
13 0.688099 0.313162 0.110581 0.113605 0.00120235
4 0.315875 0.188916 0.111177 0.112074 0.00119083
7 0.811698 0.809301 0.112591 0.112791 0.00118897
8 0.68848 0.932625 0.113903 0.111936 0.00115827
13 0.191586 0.313341 0.111355 0.111338 0.00114363
0 0.191503 0.064738 0.11197 0.112565 0.00114048
9 0.563425 0.189004 0.111251 0.11199 0.00113975
8 0.688142 0.561527 0.110376 0.112459 0.00113974
9 0.439615 0.56118 0.111594 0.112047 0.00113752
0 0.936036 0.810092 0.111335 0.113329 0.00112727
6 0.440138 0.685178 0.111176 0.111572 0.00112726
4 0.93622 0.685653 0.11266 0.1143 0.0011233
8 0.439859 0.561768 0.111693 0.111719 0.00112147
0 0.813062 0.0648503 0.108478 0.11139 0.00111441
10 0.314826 0.685463 0.111919 0.112134 0.00110621
4 0.812023 0.9335 0.111859 0.112894 0.00108836
7 0.686769 0.313541 0.110184 0.112531 0.00107249
8 0.564263 0.56164 0.111262 0.11193 0.00106289
4 0.936357 0.313328 0.112193 0.113306 0.00105762
6 0.31592 0.313487 0.112555 0.111453 0.00105633
3 0.0676299 0.43671 0.111665 0.112682 0.00105207
4 0.936553 0.0651684 0.11209 0.113252 0.00104397
5 0.811353 0.313172 0.112267 0.112307 0.00102721
4 0.688261 0.685848 0.111148 0.112249 0.00102615
0 0.0663951 0.933569 0.112495 0.11241 0.00102121
13 0.937562 0.436433 0.111299 0.112762 0.00100792
4 0.315128 0.809591 0.112198 0.111832 0.0010071
11 0.68793 0.436807 0.11202 0.112294 0.00100435
10 0.812182 0.313061 0.112071 0.112445 0.00100058
