9 0.315245 0.809378 0.112276 0.112301 0.987344
7 0.564175 0.933878 0.112215 0.114105 0.987105
13 0.439761 0.80967 0.112568 0.113888 0.986328
3 0.314641 0.0649151 0.112799 0.112896 0.986285
6 0.315632 0.93368 0.111731 0.113182 0.986051
0 0.935773 0.933312 0.1131 0.111981 0.985597
11 0.191363 0.809716 0.111852 0.112889 0.984778
13 0.191975 0.933967 0.110893 0.113093 0.984263
9 0.0668685 0.189072 0.112519 0.113114 0.984097
7 0.0673492 0.437454 0.113446 0.113443 0.983795
10 0.439931 0.93408 0.112896 0.114506 0.983754
7 0.936586 0.809497 0.113101 0.113378 0.983661
8 0.688242 0.809588 0.111934 0.112856 0.983652
7 0.811917 0.933966 0.112919 0.113476 0.983428
13 0.067705 0.685504 0.112404 0.113045 0.983336
3 0.191422 0.313449 0.111089 0.112953 0.983327
11 0.563634 0.809605 0.111397 0.112944 0.983202
13 0.192075 0.561737 0.110864 0.112074 0.982995
11 0.0669927 0.0647672 0.113651 0.113362 0.982749
12 0.315674 0.685391 0.11118 0.112646 0.982605
8 0.315479 0.561264 0.112601 0.112366 0.982536
7 0.43984 0.437259 0.112738 0.112459 0.982279
6 0.687982 0.933892 0.112397 0.114532 0.982129
10 0.191227 0.437109 0.112954 0.112164 0.982082
2 0.0666675 0.934203 0.114535 0.114171 0.982012
11 0.439315 0.685192 0.111265 0.11234 0.981973
7 0.687902 0.0652041 0.112516 0.114017 0.981676
1 0.315333 0.437227 0.112433 0.112345 0.981623
12 0.191579 0.0646287 0.111387 0.113588 0.981437
10 0.191164 0.684981 0.112673 0.112133 0.981389
4 0.439624 0.0649802 0.112068 0.113231 0.981311
12 0.191019 0.18898 0.112523 0.111597 0.981033
1 0.315174 0.189184 0.112098 0.111589 0.980973
11 0.563001 0.189757 0.111066 0.112563 0.980635
0 0.315561 0.313155 0.112477 0.111831 0.98056
1 0.563914 0.685185 0.111652 0.112674 0.980164
5 0.44023 0.561379 0.110827 0.112339 0.98009
2 0.812147 0.809551 0.113052 0.113283 0.980014
6 0.564038 0.561373 0.112295 0.112856 0.979567
10 0.56389 0.313047 0.112527 0.114372 0.979397
0 0.067436 0.313077 0.112315 0.112582 0.979384
7 0.564002 0.437455 0.112256 0.113982 0.979128
13 0.811975 0.561834 0.112488 0.112974 0.97911
13 0.812108 0.685709 0.112502 0.113192 0.979033
12 0.439483 0.189066 0.112109 0.111863 0.978902
9 0.812018 0.437157 0.111759 0.113125 0.978881
0 0.0674374 0.561392 0.112225 0.112768 0.978772
12 0.687814 0.561503 0.112369 0.112052 0.97876
11 0.936296 0.685376 0.112444 0.113095 0.978704
11 0.687787 0.188948 0.111769 0.113365 0.978665
0 0.687706 0.437106 0.111942 0.112743 0.978589
0 0.687942 0.685317 0.112054 0.112486 0.978411
10 0.936804 0.561236 0.113095 0.114477 0.978381
0 0.0676121 0.809829 0.112926 0.113317 0.978297
2 0.811591 0.188445 0.111706 0.111872 0.978166
0 0.936035 0.43711 0.113091 0.11226 0.978115
1 0.936413 0.312792 0.113571 0.11288 0.978103
2 0.687907 0.31327 0.111711 0.111725 0.977804
8 0.439263 0.312904 0.111915 0.112523 0.977706
2 0.936068 0.0650663 0.111816 0.111761 0.977694
0 0.936068 0.188499 0.113035 0.111955 0.977684
7 0.812367 0.313277 0.112684 0.113641 0.977673
0 0.811948 0.0645116 0.112072 0.113001 0.977292
8 0.563548 0.0646406 0.111302 0.111511 0.976931
6 0.315711 0.685247 0.111051 0.112033 0.0191439
2 0.56362 0.0642913 0.111116 0.113301 0.012485
6 0.688217 0.561684 0.110666 0.112087 0.0122228
12 0.811572 0.933349 0.110723 0.110826 0.00741096
2 0.688426 0.809484 0.112461 0.111952 0.00694813
1 0.0666652 0.560874 0.114758 0.112495 0.00684211
5 0.68785 0.189751 0.11212 0.112932 0.00614805
12 0.43999 0.93382 0.111828 0.113179 0.00586988
1 0.0670192 0.312587 0.11313 0.112158 0.00530084
1 0.687515 0.313303 0.110786 0.1126 0.00489439
6 0.439674 0.189215 0.111372 0.113129 0.0047873
5 0.936088 0.0641797 0.113271 0.113702 0.00466153
3 0.687911 0.933411 0.112106 0.113412 0.00462029
6 0.19166 0.0649507 0.111844 0.114134 0.00451106
12 0.812503 0.43663 0.110423 0.112413 0.00444949
12 0.811499 0.313312 0.111641 0.113394 0.00437091
1 0.0668235 0.809523 0.114187 0.11283 0.00415711
6 0.191298 0.189135 0.112397 0.113382 0.00400397
5 0.811501 0.809871 0.114382 0.112071 0.00380445
2 0.315763 0.561211 0.112081 0.113581 0.00366918
5 0.68686 0.31317 0.114495 0.11193 0.00351774
0 0.936398 0.313079 0.112403 0.111743 0.00345313
2 0.4396 0.312448 0.111112 0.112257 0.00337346
4 0.564099 0.933621 0.112025 0.114586 0.00332243
13 0.811652 0.932825 0.110208 0.11128 0.00329225
5 0.811459 0.188432 0.113375 0.112483 0.00309593
1 0.688378 0.932944 0.112223 0.113444 0.00301842
7 0.439629 0.0644806 0.112008 0.112757 0.00290699
12 0.43992 0.80981 0.11185 0.112354 0.00285094
8 0.811475 0.43722 0.110456 0.112237 0.00275866
5 0.563736 0.189943 0.111568 0.113064 0.00256132
12 0.564201 0.43662 0.110335 0.110933 0.00249821
5 0.0669801 0.933684 0.113013 0.112341 0.00249714
11 0.31602 0.56111 0.112134 0.113406 0.00244824
7 0.067688 0.685219 0.113095 0.113994 0.00233137
12 0.935917 0.809943 0.111996 0.113037 0.00230106
3 0.315632 0.93368 0.111731 0.113182 0.00223694
1 0.81174 0.18866 0.111646 0.111755 0.00222249
1 0.687892 0.436608 0.112085 0.112336 0.00218504
4 0.812409 0.933741 0.113108 0.11468 0.00216142
1 0.81307 0.809466 0.11397 0.112009 0.00215516
4 0.0669217 0.436879 0.115211 0.112888 0.00212259
6 0.811542 0.932377 0.110916 0.110251 0.00211913
4 0.687911 0.933411 0.112106 0.113412 0.00210868
10 0.0670322 0.684848 0.114746 0.114014 0.00208148
1 0.44001 0.0646489 0.111465 0.114041 0.00207471
3 0.688115 0.313284 0.111503 0.112021 0.00203764
12 0.440174 0.436586 0.111193 0.11219 0.00203316
12 0.686723 0.0648312 0.109667 0.112311 0.00202365
12 0.811261 0.685835 0.111204 0.11228 0.00201031
0 0.813098 0.43757 0.110006 0.111166 0.00198767
5 0.191137 0.809901 0.112313 0.113198 0.00195667
3 0.56425 0.560926 0.111685 0.11241 0.00187843
3 0.812087 0.437054 0.111875 0.113304 0.00187682
0 0.0671681 0.189265 0.112854 0.114105 0.00186894
4 0.936751 0.809206 0.113498 0.114315 0.00182181
4 0.936174 0.560858 0.11243 0.114647 0.00182106
9 0.935821 0.933558 0.11177 0.112173 0.00181898
13 0.440012 0.933866 0.111944 0.111914 0.00180104
11 0.688405 0.80956 0.113182 0.112691 0.00179962
5 0.564123 0.80991 0.111977 0.11317 0.00179167
4 0.812072 0.313912 0.113675 0.1129 0.00174882
10 0.191752 0.933637 0.112433 0.113861 0.00174488
7 0.812257 0.685182 0.112907 0.114392 0.00170684
0 0.439607 0.313375 0.111651 0.111715 0.00168281
3 0.0662941 0.933623 0.114625 0.113366 0.00167742
6 0.191728 0.313411 0.112265 0.112656 0.00167463
1 0.315831 0.312701 0.111982 0.112204 0.00167246
13 0.811571 0.31295 0.111821 0.113821 0.00165696
7 0.192357 0.933744 0.111562 0.113764 0.00164571
12 0.315738 0.80956 0.112042 0.111846 0.00164145
1 0.687987 0.685119 0.112119 0.111858 0.00159015
1 0.812208 0.0640301 0.11098 0.113306 0.00158056
4 0.688115 0.313284 0.111503 0.112021 0.00157801
12 0.811217 0.561665 0.110942 0.11192 0.00156452
4 0.563982 0.685176 0.111257 0.111631 0.00154879
5 0.936095 0.561177 0.113765 0.113291 0.00152476
7 0.936174 0.560858 0.11243 0.114647 0.00152451
8 0.688145 0.313026 0.111686 0.113238 0.00151759
9 0.936085 0.188926 0.112499 0.113008 0.00151443
11 0.439534 0.561047 0.111133 0.111353 0.00149017
13 0.191267 0.6851 0.112282 0.111927 0.00148718
1 0.936471 0.0640869 0.112442 0.113458 0.00146449
13 0.936134 0.561447 0.11075 0.111917 0.0014544
4 0.439801 0.93362 0.113816 0.114981 0.00145315
12 0.56398 0.313527 0.11257 0.11309 0.00142938
6 0.564453 0.437974 0.11084 0.114335 0.00142073
9 0.935939 0.437241 0.112665 0.112551 0.00141548
0 0.315235 0.188921 0.112199 0.112933 0.00141447
7 0.440746 0.809638 0.112303 0.113711 0.00140465
8 0.811571 0.188245 0.112118 0.113721 0.00140042
0 0.564054 0.685066 0.111569 0.112359 0.00139599
11 0.439763 0.31359 0.111233 0.112153 0.00139407
13 0.19122 0.437111 0.111809 0.1113 0.00138981
4 0.191261 0.437064 0.112511 0.113075 0.0013813
4 0.563718 0.313461 0.112431 0.113638 0.00137674
12 0.191722 0.685229 0.11165 0.111555 0.0013749
4 0.564453 0.437974 0.11084 0.114335 0.00137137
0 0.315699 0.437375 0.112909 0.113096 0.00136117
12 0.191747 0.312915 0.111219 0.111758 0.00134032
6 0.440512 0.436634 0.110675 0.113499 0.00133165
4 0.315632 0.437621 0.112286 0.113302 0.00132634
3 0.315022 0.189137 0.111471 0.111817 0.00132231
5 0.0665326 0.0650756 0.11458 0.114724 0.00131904
4 0.688196 0.0647032 0.111294 0.11221 0.00131443
4 0.315415 0.189478 0.111957 0.113239 0.00131057
10 0.812384 0.313552 0.112646 0.114144 0.00129341
12 0.936553 0.561381 0.113808 0.11376 0.00129085
5 0.936654 0.685535 0.112062 0.111863 0.00126488
0 0.688169 0.561536 0.111038 0.112477 0.00126313
7 0.688357 0.93281 0.114218 0.112834 0.00124049
10 0.564078 0.437901 0.110205 0.114084 0.00123728
6 0.935918 0.809665 0.111201 0.113048 0.00122277
10 0.935959 0.685353 0.111455 0.113198 0.00121158
11 0.563529 0.064687 0.112323 0.112536 0.00119207
5 0.439688 0.685493 0.111999 0.11266 0.00116566
3 0.811894 0.189062 0.111235 0.111285 0.00116256
7 0.686724 0.562134 0.110649 0.111878 0.00115551
10 0.688174 0.0647728 0.111428 0.113519 0.0011413
7 0.563851 0.561399 0.112039 0.111578 0.00112521
6 0.688174 0.0647728 0.111428 0.113519 0.00111596
7 0.192115 0.561285 0.11156 0.113046 0.00111135
6 0.811571 0.31295 0.111821 0.113821 0.00109737
12 0.0674664 0.436359 0.112397 0.114706 0.00109184
11 0.81144 0.437234 0.111781 0.112866 0.00108641
8 0.439406 0.685122 0.111726 0.111963 0.00107989
1 0.0671033 0.933779 0.113893 0.112986 0.00107667
8 0.688185 0.685008 0.112578 0.111938 0.00107547
2 0.935903 0.685919 0.111743 0.112667 0.00107245
10 0.439271 0.561371 0.11128 0.111562 0.00106552
10 0.191652 0.561281 0.112776 0.113197 0.00106012
9 0.688155 0.684967 0.113126 0.113238 0.00105587
10 0.688172 0.189282 0.113117 0.112778 0.00105314
12 0.0672996 0.189226 0.112723 0.113404 0.00105038
13 0.686857 0.0646045 0.112337 0.111487 0.00104319
3 0.315245 0.809378 0.112276 0.112301 0.00103011
3 0.935644 0.0647963 0.112078 0.112055 0.00102273
7 0.811928 0.561239 0.113263 0.114461 0.00101431
1 0.314847 0.0652518 0.112025 0.112208 0.00100935
