13 0.439475 0.93396 0.113189 0.114659 0.987229
13 0.439326 0.809743 0.112446 0.113836 0.986859
13 0.315618 0.933854 0.112673 0.113387 0.986809
9 0.563542 0.933854 0.111983 0.113896 0.986337
3 0.563128 0.0651834 0.111859 0.113198 0.985995
3 0.4387 0.0649731 0.112126 0.11274 0.985943
9 0.687899 0.809837 0.111411 0.113302 0.985434
3 0.563593 0.685423 0.112517 0.112816 0.985407
6 0.315767 0.685398 0.111928 0.111919 0.984964
3 0.190881 0.809669 0.113343 0.11264 0.984838
4 0.936421 0.809644 0.11337 0.113482 0.984654
10 0.564017 0.809678 0.112601 0.113799 0.983797
6 0.936152 0.933906 0.113055 0.113853 0.983652
6 0.191545 0.0648507 0.111755 0.113301 0.983581
12 0.315508 0.810041 0.111879 0.113322 0.983375
13 0.19193 0.188755 0.112425 0.113319 0.983319
8 0.0665346 0.18927 0.112915 0.112389 0.983083
13 0.0675079 0.0649137 0.112445 0.113183 0.983005
3 0.315589 0.56135 0.112235 0.113865 0.982812
6 0.0669265 0.313491 0.113387 0.11333 0.982784
7 0.067511 0.809599 0.113475 0.113608 0.982747
4 0.315293 0.188879 0.113436 0.113919 0.982703
4 0.812202 0.933893 0.113457 0.114906 0.982503
5 0.315035 0.313489 0.11229 0.112136 0.982202
5 0.314968 0.437401 0.112566 0.112021 0.982086
1 0.19142 0.561367 0.11126 0.111579 0.982038
4 0.0670636 0.684487 0.113895 0.114765 0.98154
0 0.688134 0.933642 0.112012 0.112956 0.98145
12 0.191112 0.313313 0.112359 0.11351 0.98136
5 0.687507 0.0654905 0.110377 0.112429 0.981238
8 0.314668 0.0648435 0.110866 0.111054 0.980937
12 0.191437 0.933977 0.111448 0.113236 0.98093
12 0.0671555 0.437321 0.112742 0.112063 0.980886
5 0.812052 0.065755 0.111313 0.112197 0.980802
3 0.812076 0.685594 0.112888 0.113476 0.980606
0 0.19078 0.437416 0.111673 0.111636 0.980283
0 0.191257 0.684989 0.111618 0.111969 0.980277
13 0.936424 0.0646879 0.114013 0.114711 0.98017
6 0.440015 0.561111 0.112262 0.11295 0.980044
11 0.439221 0.188825 0.111699 0.112885 0.979955
3 0.687171 0.189559 0.111666 0.11414 0.979708
11 0.68767 0.437359 0.112122 0.113867 0.979547
10 0.563954 0.313202 0.112763 0.114693 0.979478
9 0.563262 0.561858 0.111749 0.111706 0.979461
10 0.563719 0.189046 0.112659 0.114836 0.979455
5 0.563459 0.437916 0.112028 0.112372 0.979435
12 0.812023 0.809957 0.112154 0.112431 0.979359
2 0.4391 0.685617 0.111458 0.111649 0.979137
1 0.439242 0.313301 0.112609 0.113339 0.978901
3 0.687675 0.313741 0.111697 0.1122 0.978888
9 0.936405 0.562041 0.111377 0.111841 0.978835
13 0.935904 0.437529 0.113671 0.113507 0.978752
4 0.812366 0.188611 0.113438 0.114369 0.978715
3 0.811718 0.437741 0.112164 0.112486 0.978425
0 0.687729 0.685546 0.111789 0.112599 0.97833
11 0.93622 0.188677 0.113102 0.11419 0.978233
12 0.0666818 0.933594 0.11208 0.111703 0.978207
0 0.811852 0.561604 0.112131 0.11241 0.978198
12 0.687533 0.561708 0.112143 0.111827 0.978191
0 0.935885 0.685489 0.112715 0.112076 0.978155
8 0.439949 0.437196 0.11187 0.113263 0.978101
7 0.812246 0.313379 0.112952 0.114176 0.977954
3 0.936247 0.31362 0.112067 0.112653 0.97757
0 0.0669641 0.5605 0.11137 0.111515 0.9766
6 0.0665348 0.933906 0.111679 0.111613 0.181711
6 0.812404 0.809248 0.111172 0.112341 0.151703
6 0.315414 0.809499 0.111025 0.111961 0.0669098
6 0.687924 0.561809 0.110849 0.112354 0.0267904
6 0.191272 0.933779 0.110225 0.11161 0.0247316
1 0.0667752 0.560427 0.11338 0.111793 0.0132815
2 0.0662988 0.189407 0.113629 0.110882 0.0112968
6 0.0667692 0.437768 0.112775 0.1124 0.00994651
6 0.191065 0.313746 0.11231 0.113296 0.00754525
7 0.811764 0.932379 0.113702 0.115226 0.00637854
3 0.56346 0.561383 0.111237 0.112852 0.00536844
12 0.563588 0.561315 0.110646 0.112938 0.00522391
11 0.811575 0.0653938 0.111587 0.111151 0.00500276
1 0.687827 0.68528 0.112136 0.111759 0.00476951
2 0.439824 0.436891 0.11203 0.114261 0.00441651
12 0.811503 0.313241 0.11183 0.113152 0.00412344
1 0.812275 0.188872 0.112688 0.114846 0.00381635
7 0.0675079 0.0649137 0.112445 0.113183 0.00373952
12 0.936872 0.561321 0.111243 0.112509 0.00373303
11 0.314866 0.436547 0.110613 0.110156 0.00356089
12 0.191695 0.809784 0.112377 0.112991 0.00351413
12 0.688221 0.809838 0.11241 0.112348 0.00324871
12 0.936041 0.313179 0.110985 0.112311 0.00322623
3 0.0665085 0.313497 0.112548 0.113164 0.00315965
11 0.68808 0.0652024 0.111848 0.112753 0.00313988
9 0.811498 0.685921 0.113065 0.113342 0.00286584
11 0.56286 0.436596 0.110253 0.109103 0.00279529
1 0.81202 0.561026 0.112242 0.112153 0.00276313
9 0.811343 0.437501 0.111556 0.112803 0.00272718
8 0.688098 0.437562 0.112196 0.114769 0.00269201
12 0.687694 0.313433 0.111128 0.111951 0.00268331
10 0.0666274 0.0646671 0.114653 0.113583 0.00261564
5 0.564046 0.809461 0.111926 0.112243 0.0025833
0 0.688221 0.809838 0.11241 0.112348 0.00248157
2 0.68806 0.189411 0.111796 0.113064 0.00244174
12 0.439348 0.0642959 0.111634 0.111784 0.00240171
10 0.687348 0.0648603 0.111325 0.111781 0.00234656
0 0.439014 0.437997 0.11187 0.113156 0.00231607
9 0.686766 0.189435 0.111696 0.113974 0.00226296
5 0.439447 0.189489 0.112122 0.113362 0.00219999
10 0.686737 0.437182 0.112881 0.112412 0.00219233
12 0.811401 0.437391 0.110838 0.112941 0.0021615
7 0.811645 0.188083 0.113649 0.115848 0.00215693
2 0.688109 0.065025 0.112059 0.111175 0.00210115
3 0.190952 0.0650481 0.112025 0.113434 0.00205182
4 0.0670086 0.809439 0.114812 0.113299 0.00204334
12 0.564046 0.809461 0.111926 0.112243 0.00201516
5 0.68805 0.438233 0.112491 0.113007 0.00200714
7 0.811488 0.810299 0.112377 0.113642 0.00200344
7 0.0671912 0.436558 0.111371 0.112331 0.00197991
3 0.687899 0.809837 0.111411 0.113302 0.00197479
5 0.688096 0.189376 0.113048 0.112662 0.00196946
3 0.936276 0.933462 0.112094 0.113832 0.00194722
7 0.9359 0.809286 0.113608 0.115159 0.0019197
1 0.439533 0.685345 0.112288 0.112577 0.00191653
12 0.563735 0.188877 0.112751 0.113976 0.00188875
1 0.0668555 0.685097 0.114708 0.114393 0.00188681
12 0.439532 0.809932 0.111845 0.112206 0.00185244
4 0.688105 0.31354 0.112762 0.114182 0.00183771
1 0.19091 0.437012 0.111942 0.112279 0.00182069
1 0.315606 0.189075 0.112943 0.113224 0.00181941
12 0.687463 0.189271 0.111775 0.112463 0.00173231
7 0.93599 0.933903 0.11217 0.113661 0.00171741
4 0.563928 0.809506 0.112362 0.113592 0.0016753
4 0.563848 0.437953 0.111638 0.113205 0.00166293
1 0.936677 0.80956 0.114011 0.114642 0.00165166
9 0.936489 0.43791 0.108928 0.115104 0.0016244
1 0.812202 0.933893 0.113457 0.114906 0.00162418
4 0.811815 0.313994 0.114016 0.11369 0.00161206
10 0.935662 0.43742 0.111099 0.111855 0.001599
2 0.688123 0.313746 0.111542 0.112732 0.00159636
1 0.191242 0.684861 0.111373 0.112521 0.00157711
10 0.811563 0.0650589 0.112276 0.11197 0.00157039
5 0.439362 0.685595 0.111753 0.113629 0.00156924
3 0.315767 0.685398 0.111928 0.111919 0.00156205
12 0.811561 0.685861 0.112163 0.113674 0.00155612
5 0.935986 0.189348 0.113701 0.114699 0.0015378
4 0.688048 0.189206 0.11306 0.114508 0.00153711
4 0.0665348 0.933906 0.111679 0.111613 0.00153384
13 0.937014 0.561332 0.112308 0.111852 0.00152784
7 0.316493 0.933858 0.111811 0.113502 0.00151304
11 0.564046 0.809461 0.111926 0.112243 0.00148765
7 0.440462 0.933912 0.112701 0.114527 0.00148461
7 0.440328 0.809708 0.112077 0.113546 0.00147898
11 0.439516 0.437019 0.111563 0.112341 0.00146515
13 0.811554 0.312924 0.111766 0.11343 0.00143139
4 0.439584 0.313715 0.11243 0.113142 0.00142387
2 0.314668 0.0648435 0.110866 0.111054 0.0014174
12 0.563959 0.313101 0.112739 0.113726 0.00141219
2 0.812275 0.188872 0.112688 0.114846 0.00140384
10 0.315823 0.934033 0.111539 0.111794 0.00138873
12 0.439561 0.934155 0.110992 0.111096 0.00138448
6 0.936813 0.313447 0.112397 0.114477 0.00136289
2 0.81308 0.685982 0.109923 0.111279 0.00136039
7 0.191734 0.189116 0.111625 0.112613 0.00135911
0 0.439302 0.313172 0.112493 0.113472 0.0013559
7 0.686649 0.562256 0.111443 0.112462 0.00135284
6 0.688123 0.313746 0.111542 0.112732 0.00134321
10 0.314955 0.313474 0.113264 0.112175 0.00132655
10 0.811672 0.932343 0.115203 0.112483 0.00130785
4 0.56366 0.189472 0.112548 0.11418 0.00130721
10 0.563483 0.437803 0.112034 0.112282 0.00130405
3 0.440015 0.561111 0.112262 0.11295 0.00130333
4 0.315414 0.809499 0.111025 0.111961 0.00129511
4 0.812404 0.809248 0.111172 0.112341 0.00127025
9 0.686808 0.313604 0.111162 0.114215 0.00126937
11 0.0666274 0.0646671 0.114653 0.113583 0.00126811
6 0.812355 0.437987 0.111833 0.112601 0.00126542
1 0.315103 0.561464 0.112514 0.112525 0.00126431
0 0.0673529 0.189156 0.111986 0.112567 0.00125882
8 0.563891 0.933776 0.112393 0.111722 0.00125848
10 0.190993 0.188782 0.113058 0.113103 0.00125524
4 0.19142 0.561367 0.11126 0.111579 0.00125373
7 0.0673397 0.313584 0.112903 0.11322 0.00125341
1 0.812029 0.685676 0.112054 0.11279 0.00123956
10 0.439509 0.933766 0.111317 0.111377 0.00123829
9 0.0666274 0.0646671 0.114653 0.113583 0.00123501
3 0.687536 0.561307 0.111456 0.113425 0.00121271
0 0.191321 0.561058 0.111637 0.112117 0.00119479
12 0.563951 0.934009 0.112299 0.11209 0.00119407
4 0.563794 0.31372 0.111976 0.113523 0.00118669
10 0.314592 0.437652 0.111756 0.111939 0.00118647
3 0.439153 0.685204 0.111902 0.112014 0.00115539
8 0.936023 0.561933 0.110485 0.113711 0.001153
6 0.81145 0.312883 0.112932 0.112698 0.00114915
1 0.563701 0.685456 0.111918 0.11244 0.0011345
11 0.314893 0.313399 0.1119 0.111906 0.00112208
1 0.687685 0.313291 0.111334 0.112161 0.00111009
0 0.563472 0.561464 0.111805 0.111739 0.001104
7 0.0668555 0.685097 0.114708 0.114393 0.00109805
3 0.812404 0.809248 0.111172 0.112341 0.00109643
13 0.563377 0.313046 0.111709 0.112306 0.00109404
1 0.439278 0.0646386 0.111726 0.112192 0.0010684
5 0.688158 0.313553 0.112961 0.112925 0.00106453
10 0.812194 0.31359 0.113022 0.114862 0.00106422
12 0.936489 0.43791 0.108928 0.115104 0.0010635
7 0.936135 0.0647711 0.113295 0.114755 0.00105715
10 0.935896 0.188985 0.112177 0.113885 0.00105696
1 0.688116 0.933588 0.112074 0.112682 0.00104584
11 0.0665346 0.18927 0.112915 0.112389 0.00103525
4 0.563736 0.685405 0.111435 0.111554 0.00103021
4 0.191272 0.933779 0.110225 0.11161 0.00102238
10 0.935512 0.0649498 0.110245 0.111154 0.00102236
13 0.563659 0.80955 0.111759 0.112207 0.00102115
3 0.563848 0.437953 0.111638 0.113205 0.00101901
4 0.56355 0.0652507 0.11118 0.111729 0.00100597
0 0.315045 0.0645584 0.11111 0.110638 0.00100353
12 0.563343 0.685427 0.111255 0.112057 0.00100261
