6 0.31551 0.933757 0.111705 0.113014 0.986875
9 0.19103 0.933919 0.11268 0.114457 0.98685
7 0.31551 0.809655 0.112875 0.112741 0.98659
3 0.439011 0.934234 0.113173 0.113401 0.986571
13 0.563659 0.934212 0.112672 0.114773 0.986272
7 0.191365 0.80959 0.113015 0.112384 0.985071
3 0.687704 0.809789 0.112273 0.113225 0.98501
8 0.19125 0.561394 0.112205 0.112119 0.984811
6 0.191594 0.68532 0.111713 0.112004 0.984645
13 0.687802 0.933894 0.112891 0.114616 0.984432
7 0.936588 0.809407 0.112838 0.113053 0.98413
7 0.0671059 0.437475 0.1133 0.113255 0.984092
13 0.066832 0.685714 0.112029 0.11273 0.983783
5 0.191491 0.437458 0.11097 0.113067 0.983644
12 0.564162 0.809796 0.111606 0.113821 0.983472
5 0.1907 0.0649076 0.110035 0.111278 0.983375
6 0.315534 0.0646703 0.11199 0.113411 0.983322
7 0.935762 0.0652224 0.114723 0.114661 0.983182
6 0.439666 0.809861 0.112519 0.113814 0.983092
13 0.0666192 0.933998 0.112281 0.113788 0.983045
5 0.315709 0.437753 0.111347 0.1127 0.98304
6 0.440078 0.685188 0.111603 0.112186 0.982978
13 0.0667984 0.809649 0.111892 0.112751 0.982778
3 0.315299 0.313519 0.111708 0.113513 0.982748
10 0.0671157 0.189064 0.11312 0.113097 0.982598
8 0.315443 0.685478 0.112185 0.111288 0.982578
5 0.0667297 0.0651626 0.112373 0.112806 0.982447
13 0.811928 0.809738 0.113667 0.114133 0.982313
4 0.563942 0.685352 0.112519 0.113599 0.982159
6 0.563646 0.0651205 0.11211 0.11403 0.982096
1 0.812058 0.933752 0.111745 0.113088 0.981864
1 0.191014 0.312899 0.112005 0.111873 0.981631
13 0.936469 0.933597 0.113344 0.114776 0.981311
2 0.315164 0.561401 0.112246 0.111991 0.981007
11 0.0673939 0.561194 0.111964 0.112584 0.980705
6 0.811981 0.0653943 0.113077 0.11392 0.980193
8 0.314953 0.189227 0.112178 0.112167 0.979931
9 0.687268 0.437644 0.110908 0.111737 0.979923
0 0.0669092 0.313041 0.112823 0.112255 0.979756
0 0.190933 0.189083 0.112516 0.11195 0.979752
9 0.687668 0.313511 0.111803 0.111727 0.979518
4 0.563763 0.436969 0.113067 0.114228 0.979498
5 0.439105 0.437308 0.111658 0.112881 0.979494
6 0.812363 0.685342 0.112257 0.112373 0.979229
5 0.687633 0.18904 0.112247 0.113469 0.979175
10 0.688089 0.561292 0.112276 0.113774 0.978959
2 0.439285 0.188702 0.111897 0.111943 0.978957
10 0.812447 0.312828 0.112974 0.11425 0.978945
6 0.563717 0.313017 0.112249 0.113174 0.978912
3 0.439299 0.313233 0.112456 0.112444 0.978847
1 0.687698 0.0645871 0.112032 0.113259 0.978742
10 0.936331 0.685372 0.113206 0.112805 0.978643
0 0.563443 0.561056 0.11172 0.112951 0.97862
7 0.688172 0.685553 0.11262 0.113638 0.97861
9 0.93646 0.31383 0.111539 0.112198 0.978585
3 0.811629 0.18882 0.111802 0.112417 0.97853
11 0.936479 0.437053 0.113 0.113183 0.978512
12 0.439981 0.0649204 0.111746 0.111558 0.978401
6 0.812476 0.43708 0.112809 0.112672 0.978314
1 0.936285 0.561293 0.114051 0.113068 0.978298
5 0.936463 0.189074 0.112705 0.112414 0.978272
12 0.439715 0.561121 0.112295 0.112021 0.978268
2 0.563447 0.188888 0.111541 0.112092 0.97773
2 0.812214 0.56137 0.112652 0.11315 0.977425
6 0.563882 0.80922 0.110836 0.11206 0.0468275
6 0.439526 0.561331 0.112005 0.113048 0.016168
6 0.439577 0.0650481 0.111099 0.11366 0.0128276
5 0.811523 0.561517 0.11348 0.11232 0.00978756
10 0.935809 0.189224 0.111508 0.111935 0.00719927
2 0.315392 0.685178 0.11192 0.111006 0.00586302
0 0.811698 0.933174 0.113381 0.113287 0.00565957
11 0.935697 0.189246 0.111381 0.111695 0.00536246
0 0.688075 0.0637491 0.111644 0.112986 0.00520998
12 0.688055 0.43666 0.110717 0.112297 0.00477286
12 0.688072 0.31311 0.110832 0.1133 0.00447101
7 0.067103 0.933959 0.113494 0.114853 0.00366681
0 0.688072 0.31311 0.110832 0.1133 0.00366346
11 0.686772 0.189628 0.11125 0.111922 0.00358948
10 0.191024 0.0646078 0.111506 0.112107 0.00351209
1 0.564063 0.437221 0.112199 0.113615 0.00346862
12 0.687926 0.809684 0.11139 0.112384 0.00341422
0 0.688109 0.437248 0.111285 0.112505 0.00327949
2 0.315065 0.188606 0.111774 0.111953 0.00322012
10 0.066321 0.809339 0.11407 0.113555 0.0032152
0 0.936562 0.560749 0.113431 0.112105 0.003195
2 0.191501 0.561174 0.112538 0.111136 0.00317267
2 0.68808 0.0647443 0.111281 0.112328 0.00312245
3 0.563849 0.313585 0.111299 0.113665 0.00311374
12 0.936551 0.313499 0.111104 0.113071 0.00292455
12 0.936031 0.809629 0.112232 0.112901 0.0028043
9 0.811529 0.189227 0.111771 0.113325 0.0028036
3 0.439897 0.809325 0.111602 0.112474 0.00279295
11 0.438929 0.436553 0.110989 0.109901 0.00276483
11 0.314955 0.436577 0.110644 0.109961 0.00268958
10 0.0663527 0.933762 0.114939 0.115055 0.00267835
3 0.812671 0.685005 0.111788 0.113128 0.00258678
7 0.0670919 0.809587 0.112802 0.113567 0.00242621
1 0.563942 0.685352 0.112519 0.113599 0.00238566
12 0.811262 0.810069 0.112085 0.112857 0.00237365
11 0.688271 0.561543 0.11165 0.111945 0.00236585
11 0.191501 0.561174 0.112538 0.111136 0.00235779
4 0.935762 0.0652224 0.114723 0.114661 0.00234486
1 0.191095 0.188567 0.112189 0.112404 0.00226768
3 0.315253 0.561001 0.112054 0.111471 0.00225903
10 0.0662899 0.685212 0.114495 0.113681 0.00225052
10 0.936048 0.436848 0.112129 0.112697 0.00223953
4 0.688213 0.561694 0.11151 0.11394 0.00223297
11 0.190648 0.436388 0.110747 0.110774 0.00221351
11 0.315974 0.685443 0.112133 0.113127 0.00220764
3 0.68774 0.437282 0.111635 0.11298 0.00220223
9 0.688261 0.933222 0.11429 0.11306 0.00219803
5 0.315587 0.561405 0.111638 0.113454 0.00219491
2 0.688075 0.189335 0.113296 0.113417 0.00219301
0 0.191208 0.313134 0.110342 0.111975 0.00218497
12 0.811589 0.189118 0.111002 0.113143 0.00214371
5 0.688271 0.561543 0.11165 0.111945 0.00209089
4 0.688207 0.809665 0.112093 0.112514 0.00208992
1 0.563345 0.188901 0.111497 0.111389 0.00203387
4 0.0668134 0.436872 0.115053 0.112664 0.00200008
5 0.936477 0.436539 0.111224 0.110969 0.00198845
3 0.31551 0.933757 0.111705 0.113014 0.0019818
3 0.812209 0.0651726 0.11281 0.11447 0.00198076
4 0.315812 0.80965 0.112704 0.113523 0.00197969
3 0.812284 0.437327 0.112184 0.113564 0.00195512
4 0.936649 0.809134 0.113288 0.114116 0.00195258
4 0.688376 0.685428 0.112711 0.112934 0.00188683
1 0.439193 0.188818 0.112504 0.111686 0.00185236
1 0.315628 0.561287 0.112211 0.112624 0.00182648
10 0.190871 0.437541 0.111919 0.112329 0.00179081
10 0.687309 0.933616 0.111764 0.111793 0.00178849
12 0.935948 0.0648542 0.113508 0.113423 0.00178512
3 0.191594 0.68532 0.111713 0.112004 0.00178285
2 0.688238 0.809971 0.111574 0.111776 0.00176266
12 0.687557 0.934179 0.110871 0.111277 0.00168559
3 0.563646 0.0651205 0.11211 0.11403 0.0016796
1 0.0660584 0.312151 0.112613 0.111208 0.00166921
2 0.813091 0.933086 0.111465 0.113337 0.00166138
5 0.93582 0.685423 0.112348 0.112203 0.00166041
1 0.563692 0.560779 0.112051 0.112667 0.00165925
13 0.935873 0.685382 0.111637 0.112578 0.00163137
10 0.0659928 0.0650295 0.1125 0.111606 0.00161376
1 0.81242 0.561216 0.11277 0.112953 0.00160992
7 0.936069 0.684815 0.112543 0.114502 0.00160853
7 0.0669919 0.685543 0.112985 0.113678 0.00155774
10 0.439308 0.43761 0.111467 0.111885 0.00155286
7 0.811981 0.0653943 0.113077 0.11392 0.00154577
12 0.43928 0.312863 0.111511 0.112319 0.00154283
3 0.314995 0.065012 0.112185 0.113483 0.00153209
6 0.936039 0.809371 0.11138 0.112814 0.00150562
13 0.687784 0.561077 0.110872 0.111866 0.00147778
3 0.688119 0.313283 0.111904 0.113219 0.0014748
12 0.688271 0.561543 0.11165 0.111945 0.00145223
10 0.687571 0.189272 0.112099 0.112708 0.00145167
11 0.687732 0.933775 0.112879 0.114325 0.00144574
1 0.563568 0.313235 0.112178 0.113031 0.0014274
0 0.936646 0.313518 0.11145 0.114132 0.00141883
7 0.564242 0.0651896 0.112507 0.113995 0.00141783
8 0.936123 0.313258 0.110666 0.114185 0.00140647
10 0.935858 0.933263 0.111493 0.11158 0.00140528
4 0.191365 0.80959 0.113015 0.112384 0.00140316
6 0.688296 0.685607 0.111912 0.113184 0.00140219
4 0.563882 0.80922 0.110836 0.11206 0.00139264
3 0.440078 0.685188 0.111603 0.112186 0.00138916
12 0.935685 0.933771 0.111976 0.112803 0.00136694
7 0.564282 0.934265 0.112578 0.114145 0.00135954
4 0.936069 0.684815 0.112543 0.114502 0.0013538
11 0.811701 0.312548 0.112856 0.115087 0.00132616
3 0.688075 0.189335 0.113296 0.113417 0.00129152
7 0.688213 0.561694 0.11151 0.11394 0.00128406
12 0.686794 0.685963 0.110481 0.11149 0.00127621
12 0.439086 0.934117 0.111198 0.111415 0.00125413
4 0.812029 0.313526 0.111967 0.11372 0.00125107
5 0.688267 0.809768 0.111899 0.112229 0.00124681
2 0.564063 0.437221 0.112199 0.113615 0.00123063
6 0.315631 0.313446 0.112471 0.112856 0.00121761
7 0.439669 0.561074 0.112075 0.113058 0.0012102
10 0.0671431 0.560905 0.113064 0.11343 0.00120961
12 0.81207 0.313575 0.112824 0.113192 0.00120812
3 0.439354 0.188891 0.112295 0.112707 0.00120395
11 0.314877 0.188845 0.113002 0.112269 0.00119096
5 0.811608 0.312934 0.114961 0.112583 0.00117986
11 0.811636 0.561405 0.111211 0.113231 0.00117805
3 0.812164 0.560927 0.113387 0.112995 0.00117057
5 0.0665676 0.561422 0.113633 0.113424 0.00114813
1 0.688203 0.809793 0.111689 0.111875 0.0011301
3 0.564053 0.189253 0.111586 0.111907 0.00111954
9 0.935947 0.933581 0.113429 0.113655 0.00110286
2 0.812981 0.189292 0.110042 0.110508 0.00109388
7 0.811581 0.685309 0.110683 0.11361 0.00108476
12 0.315241 0.313385 0.111941 0.112534 0.00108067
6 0.439454 0.313431 0.112315 0.112725 0.00106133
6 0.688238 0.809971 0.111574 0.111776 0.00104865
5 0.563474 0.189005 0.112567 0.112592 0.00104561
10 0.314725 0.437706 0.111629 0.111932 0.00104397
1 0.439318 0.312862 0.111501 0.112312 0.00103698
12 0.191521 0.934155 0.112856 0.111408 0.001036
12 0.936331 0.685372 0.113206 0.112805 0.00102777
7 0.315657 0.0650127 0.112553 0.114124 0.00102061
4 0.936562 0.560749 0.113431 0.112105 0.0010092
4 0.564053 0.189253 0.111586 0.111907 0.00100879
4 0.439825 0.188964 0.112468 0.112579 0.00100706
