2 0.315498 0.934113 0.113168 0.113657 0.986797
3 0.191229 0.809539 0.111301 0.112864 0.98675
9 0.315132 0.0647216 0.111474 0.112518 0.986039
9 0.439504 0.0646455 0.111428 0.112654 0.986009
7 0.315081 0.189676 0.110934 0.110787 0.985538
12 0.439777 0.934169 0.1116 0.113023 0.985482
9 0.191798 0.934058 0.11143 0.11304 0.985469
3 0.0672353 0.313488 0.112335 0.113423 0.985057
6 0.439753 0.809578 0.112088 0.113412 0.985009
6 0.563153 0.93392 0.111344 0.114084 0.984959
3 0.439342 0.68552 0.112047 0.112609 0.984837
12 0.0672967 0.685797 0.112083 0.112648 0.98483
5 0.687202 0.934318 0.111611 0.113835 0.984471
5 0.191639 0.561845 0.111338 0.112441 0.984395
2 0.315993 0.685551 0.111029 0.112337 0.983811
9 0.439986 0.189055 0.111821 0.112591 0.983783
7 0.0670484 0.437608 0.112585 0.111604 0.983766
2 0.563386 0.064807 0.110515 0.112782 0.983456
4 0.315333 0.561005 0.112349 0.111748 0.983279
13 0.315653 0.313758 0.111703 0.112697 0.982936
7 0.191288 0.312924 0.11213 0.111283 0.982766
2 0.935972 0.934231 0.11248 0.111853 0.982593
13 0.191609 0.189594 0.111275 0.111975 0.982547
2 0.0677017 0.561337 0.111464 0.111911 0.982483
6 0.191512 0.0645304 0.112582 0.113471 0.982336
12 0.315328 0.437663 0.112366 0.112642 0.982281
12 0.0667333 0.0649702 0.113319 0.113774 0.982221
5 0.440427 0.561818 0.111056 0.11248 0.982199
10 0.812207 0.934057 0.112298 0.114146 0.982185
5 0.687682 0.0656155 0.111129 0.112144 0.982176
12 0.0668546 0.189059 0.112568 0.112257 0.982136
4 0.812424 0.809666 0.112681 0.113606 0.981452
13 0.563155 0.189269 0.111428 0.112653 0.980963
12 0.937048 0.809841 0.112634 0.113184 0.980808
10 0.439176 0.31296 0.112461 0.111747 0.980653
5 0.936108 0.685462 0.111595 0.110918 0.980647
0 0.190995 0.436916 0.112532 0.112583 0.980352
1 0.0668203 0.93394 0.112958 0.113918 0.979986
1 0.56346 0.684873 0.112649 0.113901 0.979771
9 0.687444 0.685644 0.11135 0.111962 0.979616
1 0.563322 0.437017 0.11253 0.113124 0.979479
3 0.563102 0.313582 0.112203 0.112035 0.979424
12 0.812248 0.436966 0.112056 0.112488 0.979212
3 0.563651 0.5611 0.112515 0.113433 0.979173
0 0.315379 0.809265 0.112791 0.112257 0.979047
10 0.687991 0.436796 0.112266 0.113076 0.978923
3 0.687748 0.561454 0.112043 0.112433 0.978885
0 0.563901 0.809281 0.111937 0.113324 0.978862
6 0.936752 0.561579 0.113731 0.111747 0.978546
1 0.936262 0.0639711 0.114074 0.113965 0.97854
5 0.687637 0.312797 0.111609 0.112708 0.978531
0 0.81194 0.312866 0.11197 0.112648 0.978244
4 0.93643 0.188599 0.112728 0.112839 0.978232
0 0.439393 0.437174 0.111825 0.113858 0.978217
3 0.936433 0.436832 0.113494 0.114015 0.978082
7 0.812341 0.561663 0.11254 0.112976 0.977816
11 0.687868 0.188705 0.111998 0.112488 0.977576
8 0.687927 0.809832 0.112309 0.112888 0.977441
0 0.812072 0.0643638 0.112063 0.113082 0.97743
8 0.812181 0.685399 0.11247 0.112269 0.977294
2 0.936381 0.313359 0.11153 0.111952 0.97673
8 0.0677105 0.809809 0.111541 0.111973 0.976614
11 0.191281 0.68498 0.112306 0.111599 0.976377
11 0.811886 0.188454 0.112338 0.112289 0.976212
2 0.0669562 0.809511 0.113645 0.112101 0.0819126
5 0.190875 0.685237 0.112204 0.112773 0.0338333
7 0.56328 0.189639 0.110822 0.113058 0.0317335
5 0.688078 0.189231 0.113193 0.113249 0.0203991
3 0.687481 0.685362 0.111501 0.111878 0.018708
6 0.812755 0.436563 0.110217 0.11236 0.0181915
2 0.812594 0.685391 0.110736 0.112321 0.013288
2 0.688164 0.809468 0.112392 0.111058 0.0132507
12 0.811615 0.561705 0.112194 0.112984 0.00774895
7 0.315527 0.313365 0.110984 0.112409 0.00734816
4 0.439655 0.313697 0.111687 0.112816 0.00727706
1 0.315884 0.561237 0.112478 0.112883 0.00676874
7 0.19109 0.18943 0.111105 0.11134 0.00568375
4 0.688144 0.437287 0.111421 0.113083 0.00483258
5 0.811401 0.189067 0.110609 0.112951 0.00475511
11 0.811762 0.685546 0.113058 0.111332 0.0045609
13 0.43953 0.313174 0.110851 0.11153 0.00447196
12 0.563721 0.189088 0.111938 0.114127 0.0044314
6 0.811581 0.809102 0.113206 0.112182 0.00437613
11 0.687832 0.809979 0.1127 0.111989 0.00422366
1 0.936305 0.188901 0.112288 0.112948 0.00418292
0 0.935799 0.0642896 0.112766 0.113097 0.00416983
12 0.688126 0.68548 0.112727 0.111909 0.00413017
0 0.936941 0.809406 0.111146 0.112317 0.00404205
4 0.0667484 0.437625 0.11289 0.11098 0.00402355
6 0.0670195 0.188636 0.112438 0.111784 0.00393451
1 0.936296 0.313359 0.110923 0.1137 0.0038931
13 0.687728 0.437324 0.111048 0.111703 0.00383921
6 0.936129 0.437318 0.112498 0.113683 0.00381375
1 0.439248 0.436818 0.11168 0.113368 0.00354945
1 0.811923 0.312422 0.111584 0.112621 0.00351356
4 0.563829 0.684719 0.112032 0.111928 0.00338474
1 0.563654 0.933265 0.111772 0.113023 0.00329246
6 0.68685 0.561227 0.113187 0.113153 0.00324947
10 0.687466 0.934233 0.11147 0.111813 0.003175
4 0.812165 0.933982 0.112102 0.114068 0.0031733
10 0.68803 0.188768 0.112305 0.111935 0.00314919
6 0.439201 0.685413 0.111864 0.11185 0.00295323
7 0.811771 0.933085 0.112615 0.11251 0.00287269
9 0.191641 0.685335 0.112866 0.112538 0.00279095
6 0.811675 0.56141 0.111392 0.112569 0.00269546
10 0.687544 0.0646841 0.110939 0.111557 0.00268285
0 0.688126 0.68548 0.112727 0.111909 0.00262469
7 0.688144 0.437287 0.111421 0.113083 0.00261979
4 0.563834 0.436228 0.11244 0.112721 0.00260754
12 0.315516 0.0648404 0.112823 0.112187 0.00252654
3 0.191773 0.933601 0.111724 0.11182 0.00252542
4 0.812017 0.436993 0.1124 0.112541 0.00250328
5 0.935922 0.934058 0.114549 0.114059 0.00249677
2 0.563459 0.684884 0.111534 0.112556 0.00248863
10 0.811582 0.188691 0.111213 0.11276 0.00248352
1 0.812212 0.809319 0.112278 0.113159 0.00246268
1 0.936839 0.561268 0.113431 0.111947 0.0024484
4 0.439201 0.685413 0.111864 0.11185 0.00244784
5 0.8131 0.932831 0.111799 0.112434 0.00243448
3 0.688107 0.313364 0.112871 0.11214 0.00236931
2 0.812022 0.809682 0.112455 0.113727 0.00234805
6 0.066925 0.436615 0.111245 0.113667 0.0022599
2 0.688126 0.561814 0.111197 0.111351 0.00224091
6 0.0663473 0.0649834 0.113023 0.112791 0.00222446
1 0.563884 0.809292 0.111508 0.112546 0.00221158
2 0.190864 0.809602 0.112358 0.112041 0.00219136
10 0.687506 0.313205 0.11094 0.111508 0.00217048
12 0.439647 0.313122 0.112215 0.112776 0.00214141
12 0.439742 0.189266 0.112438 0.111968 0.00212653
6 0.0673525 0.313497 0.112241 0.112795 0.00209355
3 0.439468 0.189127 0.111456 0.112321 0.00208303
6 0.316008 0.43668 0.111041 0.112701 0.00205637
12 0.687558 0.561322 0.111952 0.112599 0.00205408
3 0.812768 0.436647 0.110121 0.1128 0.00200083
1 0.563561 0.0644085 0.111679 0.11288 0.00194408
2 0.936155 0.189121 0.112177 0.112967 0.00193974
1 0.936211 0.933811 0.11302 0.113066 0.00190162
0 0.066926 0.933789 0.113822 0.114517 0.00189876
3 0.315339 0.685564 0.112683 0.112787 0.0018623
1 0.191681 0.0648442 0.112069 0.112773 0.00185785
4 0.191283 0.313195 0.110895 0.110728 0.00184286
3 0.066715 0.560833 0.114682 0.112078 0.00182996
2 0.688257 0.933643 0.113434 0.113531 0.00182605
0 0.812299 0.437553 0.111714 0.112844 0.00181999
1 0.315974 0.933575 0.113049 0.113232 0.00181026
1 0.0671773 0.561059 0.112248 0.111273 0.00177944
6 0.0665865 0.685426 0.113513 0.113107 0.0017786
6 0.191225 0.809529 0.112586 0.112201 0.00172303
11 0.688231 0.933953 0.113393 0.113178 0.00169844
1 0.812298 0.0639074 0.111255 0.113209 0.00163797
12 0.439556 0.436761 0.112015 0.112519 0.00162644
10 0.191285 0.313508 0.112264 0.112156 0.00161662
3 0.936754 0.561521 0.113387 0.113158 0.00159921
3 0.688174 0.0650114 0.112872 0.111112 0.00159089
2 0.439342 0.68552 0.112047 0.112609 0.00159025
1 0.315611 0.685207 0.112822 0.112157 0.00157371
3 0.563126 0.933788 0.111357 0.112449 0.00156734
1 0.563286 0.56117 0.112159 0.112182 0.00156524
1 0.315683 0.809429 0.112091 0.112779 0.00156121
11 0.0672998 0.809825 0.112313 0.112127 0.00154795
12 0.439661 0.0647162 0.112928 0.11242 0.00153277
2 0.0666137 0.313447 0.112576 0.112821 0.0015291
4 0.688107 0.313364 0.112871 0.11214 0.00151012
4 0.811785 0.561307 0.112982 0.112746 0.00150875
7 0.936593 0.810267 0.113054 0.11281 0.00148957
4 0.687558 0.561322 0.111952 0.112599 0.00147548
6 0.936548 0.8102 0.114108 0.112495 0.00146877
2 0.315884 0.561237 0.112478 0.112883 0.00145719
12 0.936024 0.437127 0.112279 0.112608 0.00144225
10 0.19122 0.561047 0.111459 0.111613 0.00142258
2 0.688078 0.189231 0.113193 0.113249 0.00142156
4 0.315857 0.189332 0.11167 0.111585 0.00140869
10 0.812212 0.809319 0.112278 0.113159 0.00140392
1 0.190937 0.437232 0.112865 0.112904 0.00140127
4 0.191109 0.560992 0.11181 0.112169 0.00139438
2 0.688107 0.313364 0.112871 0.11214 0.00138982
10 0.936419 0.685579 0.111868 0.112315 0.00137602
3 0.439753 0.809578 0.112088 0.113412 0.00137533
3 0.315516 0.0648404 0.112823 0.112187 0.00137382
6 0.315176 0.561006 0.112165 0.1124 0.00136837
12 0.191795 0.933468 0.11291 0.113349 0.00134642
1 0.439944 0.809533 0.112001 0.112123 0.00134353
10 0.191366 0.685091 0.11268 0.112572 0.00134331
4 0.688174 0.0650114 0.112872 0.111112 0.00132097
7 0.935987 0.188486 0.11108 0.11168 0.00130769
4 0.936129 0.437318 0.112498 0.113683 0.00128747
6 0.439726 0.934386 0.112631 0.113506 0.0012851
1 0.687748 0.561454 0.112043 0.112433 0.00126871
3 0.93641 0.810169 0.111817 0.113506 0.00126514
0 0.0672967 0.685797 0.112083 0.112648 0.00124521
7 0.812868 0.436505 0.110959 0.112533 0.00123348
6 0.563286 0.56117 0.112159 0.112182 0.00121329
1 0.935921 0.436859 0.113979 0.113644 0.0012031
4 0.563633 0.561272 0.11203 0.111844 0.00120123
4 0.93607 0.68536 0.113104 0.113636 0.00119036
3 0.936114 0.685555 0.112637 0.113011 0.00118996
5 0.93611 0.312805 0.114101 0.113251 0.0011838
10 0.439651 0.561244 0.111559 0.112086 0.0011794
4 0.439699 0.561086 0.112064 0.11273 0.00117542
0 0.563834 0.436228 0.11244 0.112721 0.00117454
6 0.935813 0.188939 0.111752 0.11246 0.00117299
3 0.936646 0.313486 0.111909 0.112841 0.00117241
6 0.563743 0.313653 0.111249 0.111141 0.0011677
1 0.56302 0.31357 0.111691 0.112107 0.00116579
13 0.811785 0.561307 0.112982 0.112746 0.00115926
4 0.935972 0.934231 0.11248 0.111853 0.00115812
11 0.686797 0.0652546 0.110312 0.110717 0.00115399
7 0.0671157 0.685432 0.113755 0.114493 0.0011449
3 0.316008 0.43668 0.111041 0.112701 0.00114482
2 0.191641 0.685335 0.112866 0.112538 0.00114174
5 0.688107 0.437247 0.112013 0.112642 0.00113671
12 0.0669774 0.313435 0.112152 0.112527 0.001136
12 0.935987 0.188486 0.11108 0.11168 0.00112373
8 0.936296 0.313359 0.110923 0.1137 0.00111709
3 0.688231 0.933953 0.113393 0.113178 0.00110336
10 0.0670413 0.43788 0.110221 0.110766 0.00110316
7 0.811671 0.809015 0.112112 0.113456 0.00110132
3 0.191182 0.0646497 0.112636 0.113779 0.00106602
0 0.563055 0.685197 0.111084 0.112366 0.00106594
3 0.56344 0.684901 0.111679 0.113127 0.00105855
0 0.688163 0.809818 0.11248 0.11255 0.00105318
12 0.0667852 0.436451 0.112565 0.112492 0.00105162
12 0.687931 0.437037 0.11301 0.112818 0.00104046
13 0.812056 0.933884 0.111525 0.111575 0.00102882
1 0.191442 0.809334 0.112213 0.111913 0.00102381
4 0.191225 0.809529 0.112586 0.112201 0.0010201
7 0.43924 0.313205 0.112111 0.113225 0.00101742
11 0.686809 0.313396 0.111168 0.110944 0.00101003
12 0.439589 0.685323 0.111615 0.112115 0.00100807
4 0.563558 0.313638 0.111471 0.111338 0.0010059
