8 0.563837 0.685323 0.111829 0.112078 0.986498
2 0.563282 0.933779 0.112009 0.112851 0.986297
5 0.936514 0.809226 0.112535 0.113119 0.985858
3 0.192188 0.933876 0.111739 0.113083 0.985665
9 0.191396 0.685363 0.11159 0.110945 0.985583
13 0.315713 0.933952 0.111791 0.112372 0.985325
11 0.687618 0.809463 0.112106 0.11255 0.98511
6 0.315437 0.809791 0.111057 0.111485 0.984992
11 0.439157 0.685106 0.111604 0.112255 0.984559
2 0.191098 0.809657 0.113314 0.112347 0.984389
7 0.688119 0.933859 0.112162 0.113305 0.984266
10 0.564036 0.809411 0.111362 0.11176 0.984128
6 0.315275 0.685569 0.111201 0.111429 0.983927
8 0.812134 0.809851 0.112631 0.113342 0.983864
3 0.314627 0.188984 0.112092 0.112011 0.983655
6 0.0668775 0.809507 0.112142 0.111798 0.983492
5 0.936204 0.685032 0.112245 0.112478 0.983094
10 0.315221 0.437129 0.113074 0.112125 0.983084
10 0.0673611 0.685267 0.112834 0.11155 0.982989
12 0.439384 0.8095 0.111495 0.112305 0.98284
4 0.191301 0.437508 0.112901 0.111906 0.982763
5 0.315129 0.313472 0.112575 0.112753 0.982714
1 0.81221 0.933443 0.112187 0.113225 0.982511
12 0.191777 0.561337 0.111521 0.11195 0.982357
0 0.439725 0.933899 0.112607 0.113193 0.982271
13 0.0673258 0.437193 0.112801 0.112047 0.982249
4 0.0669599 0.313405 0.113417 0.111964 0.982144
13 0.315698 0.561334 0.111762 0.110778 0.98213
4 0.0668695 0.189189 0.113059 0.112134 0.982103
11 0.191396 0.0653509 0.111639 0.112168 0.981845
10 0.439316 0.313006 0.112801 0.112042 0.981833
7 0.439566 0.437433 0.113025 0.112438 0.981742
1 0.190823 0.312847 0.112049 0.112218 0.981516
11 0.191118 0.188673 0.112514 0.113228 0.981514
5 0.687517 0.0653042 0.111462 0.113387 0.981453
12 0.0671832 0.0644858 0.112553 0.112747 0.981304
5 0.811986 0.0652907 0.111859 0.112806 0.980806
8 0.936042 0.0650838 0.114065 0.113635 0.980408
10 0.936647 0.933598 0.112482 0.11157 0.980171
0 0.314931 0.0642252 0.111767 0.112847 0.980157
12 0.439343 0.064562 0.111146 0.112538 0.980016
1 0.0670982 0.933037 0.113853 0.113869 0.979844
6 0.439961 0.188727 0.112393 0.112373 0.979821
9 0.688036 0.561441 0.111932 0.111926 0.97967
12 0.563775 0.0648851 0.11289 0.112035 0.979471
1 0.43936 0.561321 0.113307 0.113387 0.979305
6 0.68791 0.188742 0.112381 0.112545 0.979268
6 0.688176 0.313094 0.112419 0.112162 0.979136
6 0.812373 0.188499 0.112458 0.112416 0.978977
12 0.812253 0.313109 0.112343 0.112426 0.978944
2 0.563429 0.437457 0.111627 0.112127 0.978901
1 0.563397 0.189138 0.112411 0.112969 0.978844
1 0.812241 0.685374 0.11335 0.113255 0.978666
2 0.563986 0.561278 0.112442 0.113166 0.978608
9 0.936338 0.31355 0.111202 0.111892 0.978588
4 0.936659 0.436778 0.113559 0.113101 0.978586
12 0.687584 0.685477 0.111407 0.111365 0.978565
0 0.687698 0.437106 0.112038 0.113133 0.978487
10 0.812467 0.436965 0.11286 0.113205 0.97846
4 0.936451 0.18844 0.113205 0.113178 0.977787
2 0.812348 0.561491 0.112532 0.113764 0.97769
7 0.93646 0.561351 0.112657 0.112622 0.977619
8 0.563525 0.313464 0.111512 0.11173 0.977509
0 0.067403 0.561206 0.112112 0.112767 0.977424
1 0.0668983 0.560939 0.114392 0.112461 0.0094534
2 0.563948 0.31302 0.112477 0.112575 0.00685688
3 0.688118 0.188162 0.111486 0.112709 0.00487525
1 0.191411 0.437449 0.112709 0.112328 0.00472453
1 0.066691 0.313265 0.111557 0.111528 0.00459156
3 0.688183 0.312678 0.111862 0.112314 0.0045762
5 0.688172 0.809733 0.112502 0.112112 0.00453439
2 0.935869 0.065329 0.112823 0.113041 0.00452531
1 0.0665774 0.189035 0.111727 0.111268 0.00436232
11 0.315888 0.933933 0.110777 0.112135 0.00427046
1 0.563519 0.437956 0.110912 0.112748 0.00419372
1 0.936667 0.436991 0.113805 0.113471 0.00414123
1 0.936516 0.188926 0.113127 0.113316 0.0040505
4 0.811456 0.188862 0.113911 0.112198 0.00366837
2 0.813063 0.809581 0.110705 0.112572 0.00361854
4 0.813027 0.437033 0.112941 0.112915 0.0034386
11 0.812882 0.809178 0.113106 0.113297 0.00340714
3 0.811886 0.188436 0.112175 0.112822 0.00335712
5 0.811564 0.561484 0.113532 0.111882 0.00334078
3 0.439771 0.188576 0.111557 0.112074 0.00333858
0 0.688188 0.561299 0.110606 0.111944 0.00332198
11 0.811638 0.0654069 0.111976 0.112134 0.00330013
8 0.439695 0.685028 0.111306 0.112391 0.00318743
12 0.315492 0.561447 0.111675 0.1117 0.00317789
3 0.315259 0.809395 0.111335 0.11178 0.00314524
3 0.315203 0.685126 0.111395 0.111871 0.00313255
3 0.563666 0.933455 0.11186 0.112699 0.00297137
0 0.811794 0.932774 0.113643 0.112951 0.00295108
7 0.0673264 0.436512 0.11257 0.113122 0.00284005
7 0.811545 0.188543 0.112198 0.113086 0.00283999
3 0.56376 0.437903 0.11265 0.112825 0.00283377
10 0.688283 0.808848 0.111269 0.113112 0.00280272
3 0.563979 0.561673 0.112295 0.112534 0.00277929
12 0.936324 0.313392 0.110978 0.112271 0.00263791
10 0.935755 0.685059 0.111421 0.112054 0.00260296
1 0.687864 0.436602 0.112221 0.11251 0.00257399
6 0.811722 0.313578 0.112852 0.112121 0.00255764
11 0.811634 0.436859 0.112303 0.113811 0.00253825
4 0.687991 0.933721 0.112746 0.113872 0.00242894
1 0.314931 0.0642252 0.111767 0.112847 0.00240582
2 0.564493 0.685613 0.111395 0.113562 0.00230429
6 0.936109 0.561304 0.112196 0.113253 0.00226702
3 0.0666359 0.80906 0.112525 0.111379 0.00226412
11 0.686806 0.0652036 0.110273 0.11085 0.00220648
12 0.688188 0.561299 0.110606 0.111944 0.0021973
11 0.31591 0.561592 0.111281 0.111949 0.0021897
0 0.563483 0.188765 0.112439 0.11337 0.00216727
7 0.315275 0.685569 0.111201 0.111429 0.00212346
7 0.315437 0.809791 0.111057 0.111485 0.00209511
1 0.563986 0.561278 0.112442 0.113166 0.00205958
4 0.439421 0.188264 0.110878 0.112275 0.00202654
12 0.315888 0.933933 0.110777 0.112135 0.00202342
11 0.564338 0.685595 0.1114 0.113398 0.00201919
4 0.0666359 0.80906 0.112525 0.111379 0.0019966
1 0.564109 0.933199 0.11325 0.113314 0.00190631
2 0.688163 0.0650501 0.112205 0.112679 0.00187427
6 0.688248 0.685671 0.112849 0.11182 0.00186377
10 0.439533 0.437879 0.111277 0.111902 0.00182933
7 0.687731 0.313173 0.112067 0.111655 0.00182922
0 0.812818 0.685189 0.112382 0.112932 0.00182833
7 0.936683 0.436979 0.112783 0.112742 0.0018161
2 0.0665774 0.189035 0.111727 0.111268 0.00178171
1 0.812349 0.561359 0.112528 0.11344 0.00177242
2 0.066691 0.313265 0.111557 0.111528 0.00176508
2 0.813013 0.6851 0.111982 0.113193 0.00175666
4 0.439555 0.561418 0.112457 0.11235 0.00170615
6 0.563541 0.0647333 0.111145 0.112996 0.00169231
10 0.315434 0.93385 0.111401 0.111054 0.00168341
10 0.93637 0.809723 0.112072 0.112483 0.00167612
12 0.93611 0.561491 0.112726 0.113525 0.00167428
9 0.936407 0.933776 0.112568 0.112695 0.00160037
12 0.439872 0.436658 0.110371 0.110183 0.0015979
8 0.688283 0.808848 0.111269 0.113112 0.00159382
3 0.688236 0.561372 0.111461 0.112629 0.00157264
9 0.812278 0.43748 0.112617 0.11196 0.00157192
4 0.564067 0.809197 0.111735 0.112385 0.00156436
7 0.066691 0.313265 0.111557 0.111528 0.00156281
4 0.563679 0.189449 0.112376 0.113187 0.00155894
9 0.812646 0.809204 0.112596 0.112229 0.00154986
5 0.563906 0.933415 0.11212 0.111724 0.00154886
6 0.191419 0.437729 0.111122 0.111905 0.00152739
12 0.812278 0.43748 0.112617 0.11196 0.00152047
3 0.936072 0.313384 0.111512 0.113162 0.00151568
10 0.688163 0.0650501 0.112205 0.112679 0.00151163
5 0.813027 0.437033 0.112941 0.112915 0.00149516
3 0.191098 0.809657 0.113314 0.112347 0.00149314
6 0.439343 0.064562 0.111146 0.112538 0.0014882
0 0.936061 0.0650253 0.111443 0.112042 0.00147553
7 0.936193 0.188965 0.113015 0.112734 0.00147202
7 0.0665774 0.189035 0.111727 0.111268 0.00147046
12 0.31559 0.437609 0.111765 0.112107 0.00146198
8 0.813081 0.561628 0.109399 0.112702 0.0014543
11 0.0673098 0.437683 0.113463 0.112811 0.00144817
7 0.687455 0.188768 0.112362 0.112476 0.00144735
8 0.688188 0.561299 0.110606 0.111944 0.00144301
8 0.564139 0.933491 0.112216 0.112599 0.00144063
4 0.563758 0.0646213 0.111657 0.113709 0.00143602
3 0.812548 0.561841 0.112461 0.112412 0.00143462
4 0.812166 0.685125 0.112793 0.112679 0.00142544
4 0.315497 0.313565 0.111674 0.113425 0.0014205
11 0.563948 0.31302 0.112477 0.112575 0.00139347
10 0.190976 0.188883 0.111603 0.113006 0.00138068
4 0.93611 0.561491 0.112726 0.113525 0.00137991
4 0.439992 0.43796 0.112034 0.112532 0.00137787
5 0.0663869 0.313227 0.112419 0.112531 0.00136226
4 0.191156 0.313362 0.112311 0.113288 0.00136019
7 0.0668775 0.809507 0.112142 0.111798 0.00136008
9 0.314978 0.188532 0.111293 0.112563 0.00136006
5 0.439962 0.685256 0.112424 0.112393 0.00135247
12 0.0674664 0.43787 0.109742 0.113621 0.00135235
2 0.192462 0.933377 0.11114 0.111279 0.00135058
12 0.439684 0.313469 0.111484 0.11245 0.00132593
5 0.191356 0.18909 0.112049 0.112136 0.00132078
10 0.811726 0.0648747 0.111728 0.112555 0.00131215
2 0.813173 0.932738 0.111057 0.113325 0.00131108
0 0.0668136 0.933787 0.113816 0.113937 0.00130915
7 0.81304 0.43728 0.110591 0.114023 0.00128885
13 0.811555 0.437342 0.11165 0.11153 0.00126175
3 0.688163 0.0650501 0.112205 0.112679 0.00125627
1 0.439591 0.188945 0.111403 0.112332 0.00122871
0 0.936367 0.313415 0.111398 0.112574 0.00122539
4 0.686819 0.189041 0.11275 0.111514 0.00121843
13 0.190996 0.188829 0.112094 0.112174 0.00121828
10 0.688479 0.933418 0.114972 0.114721 0.00121169
13 0.439541 0.313249 0.111491 0.111727 0.00120669
1 0.192462 0.933377 0.11114 0.111279 0.0012013
0 0.813087 0.810409 0.111549 0.113954 0.00120078
0 0.190969 0.313382 0.111493 0.113324 0.00119993
13 0.935936 0.933443 0.113537 0.113862 0.00118963
7 0.688258 0.685597 0.112878 0.112021 0.00118033
3 0.936006 0.809701 0.112731 0.114164 0.00118032
12 0.56448 0.809708 0.112195 0.111802 0.00117086
12 0.688204 0.312871 0.111689 0.113679 0.00116874
10 0.0665432 0.437541 0.114319 0.111766 0.00116641
2 0.813082 0.0651799 0.11177 0.113759 0.00116366
11 0.0669846 0.684828 0.113223 0.111798 0.00116125
1 0.191273 0.809277 0.11358 0.112358 0.00115445
13 0.31509 0.437296 0.111922 0.111883 0.0011377
6 0.439384 0.8095 0.111495 0.112305 0.00113086
3 0.688269 0.685314 0.112285 0.111933 0.00112942
2 0.936516 0.188926 0.113127 0.113316 0.00112941
3 0.191418 0.561114 0.111604 0.112282 0.00112077
7 0.439771 0.188576 0.111557 0.112074 0.00110984
5 0.563531 0.437609 0.113169 0.113266 0.00109546
4 0.811722 0.313578 0.112852 0.112121 0.0010935
10 0.191047 0.0647627 0.111374 0.111542 0.00109139
0 0.563866 0.313632 0.111377 0.112345 0.00107978
5 0.19212 0.933586 0.111689 0.111759 0.00107758
11 0.935772 0.685045 0.111856 0.111654 0.00107669
13 0.440159 0.436685 0.110216 0.111586 0.00107077
8 0.68809 0.43694 0.1126 0.113803 0.00106301
7 0.811567 0.31363 0.111836 0.113727 0.00106002
6 0.936193 0.188965 0.113015 0.112734 0.00105825
4 0.812031 0.933402 0.111951 0.112717 0.00105
4 0.315259 0.809395 0.111335 0.11178 0.00104859
5 0.563701 0.561882 0.112443 0.112549 0.00104776
5 0.1916 0.809416 0.112396 0.112463 0.00104633
7 0.315575 0.436664 0.111016 0.113145 0.00103204
0 0.439625 0.561279 0.112923 0.112885 0.00101991
12 0.93586 0.188695 0.111475 0.111564 0.00100547
