4 0.31616 0.809308 0.112164 0.113028 0.987169
5 0.93648 0.934038 0.11192 0.112071 0.986025
9 0.0669996 0.685393 0.11219 0.112066 0.985497
2 0.687732 0.933798 0.112923 0.113737 0.985324
10 0.19183 0.933812 0.112248 0.113518 0.985023
5 0.0676376 0.809451 0.112185 0.112824 0.985013
10 0.191537 0.685391 0.112543 0.112402 0.984958
11 0.811829 0.933668 0.111816 0.112063 0.984802
9 0.314548 0.0645228 0.112183 0.112187 0.984798
10 0.563931 0.933774 0.112274 0.114413 0.984583
10 0.0673989 0.0647027 0.114742 0.113414 0.984388
10 0.439717 0.93405 0.113051 0.11478 0.984291
12 0.315423 0.68552 0.112473 0.112912 0.984052
9 0.687246 0.809688 0.111904 0.11259 0.983897
10 0.43949 0.0650267 0.111827 0.112908 0.983282
5 0.19135 0.313527 0.11137 0.112131 0.982969
10 0.315374 0.437234 0.112263 0.111544 0.982893
1 0.936653 0.809393 0.112929 0.112603 0.982852
13 0.315369 0.189197 0.112824 0.111821 0.98253
12 0.56362 0.809611 0.11248 0.113239 0.982252
6 0.687943 0.0647036 0.111939 0.112403 0.981987
13 0.563824 0.0647773 0.112336 0.111571 0.981765
3 0.191327 0.437374 0.111706 0.111611 0.981688
9 0.56309 0.685583 0.111369 0.111876 0.981678
3 0.439006 0.809584 0.111718 0.111312 0.981574
12 0.315631 0.312989 0.113341 0.112925 0.981505
11 0.0664884 0.933899 0.113173 0.11351 0.981484
12 0.191316 0.561541 0.111966 0.111738 0.981186
3 0.438857 0.189306 0.111924 0.112252 0.981081
13 0.811916 0.0647548 0.11243 0.111169 0.980608
1 0.191152 0.064917 0.111205 0.112101 0.980478
13 0.0677162 0.437338 0.112581 0.111918 0.980463
8 0.315217 0.561418 0.112455 0.111814 0.980407
9 0.56308 0.313583 0.111724 0.111389 0.980277
11 0.0666766 0.313512 0.112977 0.112666 0.980214
0 0.191353 0.188869 0.112566 0.112675 0.980145
13 0.439531 0.685499 0.112056 0.112086 0.98013
2 0.190985 0.809402 0.112033 0.111789 0.979983
10 0.563664 0.1888 0.111913 0.113628 0.979922
12 0.067467 0.188815 0.113424 0.112274 0.979464
3 0.439502 0.437729 0.112111 0.112138 0.979445
2 0.439131 0.313073 0.112046 0.113029 0.979304
5 0.563694 0.561108 0.111645 0.112658 0.979302
10 0.812395 0.561224 0.113228 0.113557 0.978829
2 0.563416 0.437226 0.111788 0.112381 0.978714
8 0.315578 0.933714 0.11181 0.112085 0.978671
2 0.687636 0.188989 0.112608 0.112868 0.978631
7 0.688038 0.561413 0.112235 0.113271 0.978605
1 0.68782 0.313163 0.112486 0.1131 0.978604
0 0.812196 0.809414 0.113333 0.113604 0.978394
8 0.439231 0.561286 0.112336 0.1125 0.978331
0 0.687802 0.437077 0.11207 0.113161 0.978192
5 0.812283 0.18846 0.112423 0.112642 0.978113
0 0.687988 0.685445 0.112658 0.113225 0.978106
0 0.936135 0.685294 0.112798 0.11253 0.978066
2 0.811952 0.685654 0.112047 0.11275 0.977991
2 0.936306 0.561766 0.111254 0.112187 0.977945
1 0.936367 0.0642637 0.113793 0.113625 0.97784
2 0.812202 0.437049 0.112597 0.11326 0.977698
7 0.812482 0.312989 0.113124 0.113299 0.977589
0 0.936025 0.188559 0.110388 0.111559 0.977426
3 0.936162 0.437654 0.111561 0.112307 0.977273
11 0.936513 0.312898 0.112675 0.112879 0.977129
0 0.0672609 0.561432 0.112061 0.113251 0.976048
1 0.066675 0.560848 0.11464 0.112901 0.0282509
3 0.68836 0.933525 0.11266 0.113844 0.00941148
5 0.935885 0.313516 0.113034 0.11222 0.0082788
2 0.439803 0.56125 0.112517 0.112886 0.00780138
3 0.812393 0.437538 0.112798 0.112321 0.00698904
2 0.31591 0.933906 0.112345 0.113231 0.00597793
1 0.81182 0.437894 0.109413 0.112068 0.00563541
6 0.56362 0.809611 0.11248 0.113239 0.00521657
12 0.811664 0.313235 0.112393 0.113325 0.00467232
3 0.564274 0.437545 0.112037 0.112825 0.00432257
1 0.688022 0.685235 0.11278 0.11237 0.00427353
1 0.688048 0.436542 0.112355 0.112655 0.00425223
12 0.4399 0.685148 0.110856 0.111649 0.00417082
3 0.688415 0.189635 0.112 0.112967 0.00385032
12 0.439448 0.809476 0.111902 0.112497 0.00376358
1 0.56348 0.43791 0.110237 0.111329 0.00375296
7 0.0672807 0.436574 0.111917 0.112656 0.00373601
4 0.688166 0.561167 0.112042 0.112392 0.00349806
6 0.936626 0.43729 0.112168 0.11296 0.00343152
6 0.315423 0.68552 0.112473 0.112912 0.00326633
0 0.936163 0.0641094 0.11238 0.11354 0.00308378
0 0.688009 0.312411 0.112362 0.112816 0.00307239
8 0.688607 0.933586 0.113475 0.113479 0.00306911
1 0.439114 0.313531 0.111723 0.112653 0.00306424
1 0.688181 0.188967 0.113488 0.114719 0.00303352
11 0.31591 0.933906 0.112345 0.113231 0.00302809
2 0.315507 0.561286 0.112874 0.113161 0.00298513
0 0.688192 0.809556 0.112756 0.111301 0.00297832
5 0.0664884 0.933899 0.113173 0.11351 0.00293523
12 0.936225 0.4373 0.113265 0.112804 0.00290683
10 0.811722 0.932887 0.110048 0.11112 0.00281065
8 0.811614 0.932729 0.110403 0.111513 0.0027677
6 0.439952 0.438038 0.114032 0.112864 0.00270837
3 0.812124 0.685387 0.112806 0.111698 0.00267265
11 0.314965 0.189188 0.111791 0.112025 0.00259655
6 0.440026 0.189127 0.112161 0.112489 0.00259258
5 0.811525 0.685411 0.113919 0.112421 0.00258849
10 0.812488 0.313341 0.113687 0.114037 0.00252383
1 0.936699 0.561219 0.113172 0.113077 0.00250603
11 0.811632 0.188924 0.112648 0.112078 0.00247588
10 0.936136 0.31297 0.112078 0.113784 0.00247427
1 0.811978 0.809352 0.112728 0.11281 0.00244719
6 0.191349 0.561513 0.113156 0.112677 0.00243997
6 0.0669028 0.18901 0.113458 0.112654 0.00240514
12 0.439693 0.189188 0.111796 0.11195 0.00239252
4 0.563683 0.189081 0.111434 0.113051 0.00237895
5 0.0666766 0.313512 0.112977 0.112666 0.00236864
11 0.563828 0.0652504 0.112192 0.112985 0.00235322
4 0.315413 0.437291 0.112059 0.112972 0.00234081
8 0.688192 0.809556 0.112756 0.111301 0.00231694
12 0.686862 0.561655 0.110447 0.112023 0.00230971
11 0.31561 0.561097 0.111359 0.113656 0.00228617
3 0.191223 0.809379 0.113315 0.112453 0.00228044
5 0.936144 0.561424 0.113722 0.114194 0.00226094
0 0.936776 0.809184 0.111908 0.112801 0.00223546
5 0.812648 0.933461 0.112773 0.112167 0.00219696
10 0.4399 0.685148 0.110856 0.111649 0.0021887
3 0.688388 0.0644379 0.111895 0.112962 0.00216511
6 0.811633 0.313073 0.1139 0.112535 0.00204268
12 0.0663311 0.437064 0.114211 0.111642 0.00201684
5 0.191342 0.80949 0.112404 0.112283 0.00199508
8 0.688196 0.18896 0.112809 0.114245 0.00197248
10 0.936099 0.933175 0.111838 0.111984 0.00196245
4 0.812476 0.561236 0.11299 0.112469 0.00195566
12 0.43981 0.437628 0.111728 0.111862 0.00194247
1 0.688275 0.0650695 0.111338 0.112536 0.00191638
4 0.812512 0.313301 0.11287 0.11339 0.00190924
3 0.93639 0.561114 0.112717 0.111802 0.00190881
7 0.4399 0.685148 0.110856 0.111649 0.00189932
4 0.440267 0.0646365 0.111973 0.11292 0.00189791
2 0.937311 0.43808 0.113531 0.11479 0.00185549
6 0.191581 0.437986 0.113867 0.112731 0.00182992
1 0.813066 0.6849 0.115117 0.1123 0.00182177
2 0.440508 0.438076 0.114672 0.112984 0.00181894
1 0.191491 0.18837 0.112241 0.112418 0.00181747
2 0.190556 0.437963 0.112577 0.112121 0.0018077
3 0.439938 0.313773 0.111903 0.113024 0.00180749
12 0.191827 0.437757 0.111428 0.111379 0.00177789
1 0.688525 0.933559 0.113864 0.114008 0.00176523
0 0.191253 0.0643626 0.112111 0.113572 0.00174579
1 0.31616 0.809308 0.112164 0.113028 0.00170956
9 0.811614 0.932729 0.110403 0.111513 0.00169472
10 0.0660483 0.437895 0.114672 0.111571 0.00166921
2 0.813017 0.188994 0.113611 0.113907 0.00165159
11 0.0660483 0.437895 0.114672 0.111571 0.00164169
8 0.813043 0.437267 0.110516 0.112771 0.00159013
2 0.688069 0.313312 0.111633 0.113183 0.00158775
12 0.563713 0.313632 0.112345 0.11152 0.00156387
6 0.688152 0.561143 0.111857 0.11364 0.00150617
9 0.936138 0.188951 0.112622 0.113403 0.00147931
2 0.813118 0.933178 0.1118 0.112902 0.00147895
6 0.315342 0.313299 0.112962 0.113289 0.001459
11 0.439632 0.561135 0.111691 0.11403 0.00145129
11 0.93608 0.933806 0.112798 0.113078 0.00144543
12 0.688192 0.809556 0.112756 0.111301 0.00144371
10 0.0663472 0.313251 0.112725 0.112242 0.0014135
10 0.191373 0.313235 0.111118 0.11152 0.00141048
12 0.563828 0.0652504 0.112192 0.112985 0.00139954
6 0.440031 0.809126 0.111096 0.111677 0.00139765
10 0.688152 0.561143 0.111857 0.11364 0.00139154
8 0.56348 0.43791 0.110237 0.111329 0.0013824
8 0.81305 0.685339 0.110676 0.112677 0.00138174
2 0.315975 0.809808 0.113607 0.113608 0.00137618
9 0.315818 0.561351 0.113173 0.112619 0.00133902
7 0.811668 0.561418 0.113375 0.113478 0.00132266
6 0.688069 0.313312 0.111633 0.113183 0.00132124
3 0.813017 0.188994 0.113611 0.113907 0.00131647
4 0.0673989 0.0647027 0.114742 0.113414 0.00131092
4 0.563977 0.933205 0.111526 0.112403 0.00130935
1 0.93655 0.43757 0.111551 0.111682 0.00129317
4 0.191157 0.313361 0.110947 0.111831 0.00128467
4 0.687782 0.313439 0.111982 0.112318 0.00127819
1 0.191154 0.809133 0.113045 0.11254 0.00127127
13 0.191234 0.685324 0.112315 0.11185 0.00125709
0 0.563621 0.313648 0.112423 0.111858 0.00123914
7 0.31571 0.438044 0.112661 0.113314 0.00122134
9 0.315617 0.933924 0.112028 0.11264 0.00119038
0 0.563612 0.68528 0.112112 0.11049 0.00117703
6 0.315119 0.809407 0.112568 0.113018 0.0011733
5 0.813016 0.561228 0.11253 0.113903 0.00116793
11 0.688038 0.9339 0.112504 0.11215 0.00116026
1 0.439597 0.437619 0.111621 0.112218 0.00115657
13 0.315209 0.437294 0.112164 0.112073 0.00115317
5 0.563351 0.189332 0.112379 0.112511 0.0011449
4 0.439448 0.809476 0.111902 0.112497 0.00114158
13 0.191505 0.933959 0.112823 0.112128 0.00113953
5 0.811407 0.437183 0.113529 0.112869 0.00113557
5 0.688181 0.188967 0.113488 0.114719 0.00110642
12 0.563963 0.685546 0.112733 0.112206 0.00110495
13 0.439988 0.064612 0.111982 0.112162 0.00108718
10 0.0669534 0.809428 0.111884 0.112264 0.00106268
13 0.439807 0.934084 0.112107 0.111857 0.00105361
12 0.314965 0.189188 0.111791 0.112025 0.00105047
10 0.0670508 0.933511 0.113353 0.112891 0.00103223
11 0.563736 0.561066 0.11104 0.112409 0.00102903
12 0.315228 0.0647685 0.113135 0.111316 0.0010029
