3 0.315396 0.93416 0.111952 0.112994 0.988688
3 0.315057 0.809781 0.112286 0.112593 0.988247
7 0.439712 0.934128 0.112012 0.112674 0.987323
9 0.439438 0.809702 0.111567 0.112378 0.986272
2 0.687818 0.933959 0.112588 0.113184 0.986124
3 0.067289 0.561375 0.113021 0.113911 0.986088
9 0.314985 0.064583 0.111515 0.11215 0.985485
2 0.315201 0.685307 0.11244 0.112401 0.985421
12 0.0673167 0.685694 0.112251 0.11217 0.98538
7 0.0670498 0.0651241 0.11294 0.111714 0.985002
3 0.0669933 0.189246 0.112248 0.113146 0.984911
6 0.935623 0.933871 0.113106 0.112612 0.984715
9 0.315487 0.188896 0.112022 0.112662 0.984449
8 0.563621 0.934215 0.111297 0.112679 0.983589
4 0.191734 0.809427 0.112249 0.112367 0.983493
7 0.315193 0.313565 0.112827 0.110812 0.983224
4 0.563468 0.0654624 0.110985 0.112408 0.983143
6 0.439314 0.064664 0.111863 0.113473 0.982642
11 0.066268 0.933974 0.11437 0.113845 0.982575
3 0.687536 0.0649583 0.111058 0.113085 0.982493
10 0.315162 0.436774 0.112404 0.111361 0.982459
7 0.191117 0.685189 0.112455 0.111641 0.982332
9 0.191466 0.561292 0.111247 0.112376 0.982144
8 0.812076 0.934019 0.111128 0.112604 0.982075
2 0.191797 0.437229 0.110933 0.112071 0.98207
13 0.0671949 0.809749 0.113137 0.113603 0.981956
6 0.563874 0.685323 0.111338 0.113181 0.981822
12 0.812628 0.809943 0.112374 0.113796 0.981675
0 0.19177 0.933478 0.111962 0.112759 0.981538
7 0.439237 0.437265 0.113295 0.111882 0.981522
2 0.191759 0.313301 0.110346 0.111859 0.98144
11 0.0664365 0.43679 0.113534 0.112557 0.981398
6 0.936681 0.809803 0.112747 0.112331 0.981265
2 0.0676942 0.313261 0.11164 0.11203 0.981145
13 0.43931 0.561544 0.112586 0.111845 0.980815
1 0.68787 0.809868 0.111941 0.113254 0.980737
0 0.191108 0.189033 0.112654 0.112782 0.980025
4 0.68804 0.43681 0.112444 0.113247 0.979663
8 0.191149 0.0649446 0.111584 0.111385 0.979513
13 0.68754 0.189148 0.111768 0.112052 0.979309
12 0.812357 0.312917 0.112628 0.112319 0.979132
5 0.563538 0.312714 0.11196 0.113726 0.979057
12 0.81221 0.188432 0.112522 0.112507 0.979049
8 0.812187 0.0652958 0.112229 0.113053 0.979023
0 0.563652 0.561157 0.112095 0.113444 0.978884
0 0.563957 0.809558 0.112227 0.113813 0.978817
1 0.687729 0.312907 0.112417 0.113037 0.97879
1 0.812306 0.437062 0.112969 0.112983 0.978761
12 0.936458 0.561431 0.113048 0.11162 0.978728
7 0.563704 0.188992 0.111733 0.112657 0.978587
0 0.812098 0.561407 0.112374 0.112587 0.978575
0 0.439336 0.685069 0.11234 0.113368 0.97844
8 0.936274 0.685261 0.112846 0.112569 0.97834
0 0.439302 0.188884 0.112476 0.113818 0.978318
11 0.9357 0.0652896 0.111802 0.112562 0.978158
2 0.563616 0.437495 0.112231 0.112194 0.978113
11 0.687673 0.685193 0.112094 0.113649 0.978022
2 0.812161 0.685479 0.112135 0.112598 0.978001
8 0.315266 0.561458 0.11252 0.111601 0.977776
8 0.688073 0.561156 0.112058 0.112262 0.977598
7 0.936584 0.437114 0.113201 0.113434 0.977557
8 0.439569 0.313064 0.111712 0.11249 0.977407
13 0.936158 0.188966 0.112959 0.113491 0.977365
13 0.936171 0.313541 0.110949 0.11187 0.976611
5 0.935675 0.0657474 0.111398 0.1119 0.024731
5 0.688208 0.6852 0.112304 0.113931 0.0176825
4 0.315831 0.437227 0.112156 0.112774 0.0137125
2 0.6882 0.560979 0.111916 0.111001 0.0132357
7 0.687794 0.189521 0.111702 0.112978 0.00891417
11 0.687969 0.561166 0.11237 0.111471 0.00859973
5 0.0670201 0.933507 0.114234 0.11327 0.00854431
3 0.439438 0.809702 0.111567 0.112378 0.00779322
2 0.315655 0.561403 0.113137 0.112766 0.00744587
1 0.68822 0.436892 0.112368 0.112988 0.00657949
3 0.191481 0.561347 0.110856 0.111705 0.00594981
2 0.0668794 0.561136 0.11413 0.11354 0.00579099
2 0.811879 0.934203 0.11125 0.111159 0.00569545
7 0.935999 0.313001 0.113622 0.113553 0.00542362
2 0.936558 0.685341 0.111914 0.113235 0.00541494
7 0.43972 0.56132 0.111847 0.113209 0.00515345
2 0.191002 0.0648142 0.111787 0.111645 0.00503426
5 0.0664365 0.43679 0.113534 0.112557 0.00502096
8 0.688453 0.933357 0.114027 0.112418 0.00478507
2 0.564005 0.93423 0.111319 0.112033 0.00478355
2 0.439822 0.313495 0.111474 0.11266 0.00430698
4 0.93623 0.436932 0.113276 0.112791 0.00380176
1 0.0672214 0.313632 0.111353 0.111609 0.00371886
12 0.936213 0.437159 0.113844 0.113527 0.0037047
12 0.439772 0.561251 0.111703 0.111986 0.00361019
1 0.563578 0.0650383 0.110861 0.112995 0.00352036
0 0.812563 0.809467 0.111409 0.112857 0.00339688
1 0.191106 0.313584 0.110425 0.111329 0.00333644
1 0.191551 0.809353 0.112376 0.112356 0.00324824
11 0.811969 0.0648171 0.111889 0.112542 0.00304758
0 0.93678 0.561731 0.111726 0.112191 0.00295718
11 0.191235 0.0646638 0.111402 0.112326 0.00289695
1 0.563782 0.436734 0.111499 0.112975 0.00283934
2 0.813011 0.0645207 0.110062 0.112024 0.0027877
11 0.936073 0.685417 0.113184 0.111958 0.00273175
12 0.439577 0.436539 0.111569 0.111395 0.00252611
0 0.687965 0.31229 0.112515 0.112638 0.00248511
1 0.439575 0.0649978 0.111256 0.111284 0.00248204
10 0.936045 0.0649226 0.112414 0.112202 0.00246929
4 0.0674797 0.0649537 0.113032 0.112195 0.00244785
0 0.812398 0.436509 0.112979 0.112631 0.00239573
3 0.191198 0.437114 0.113156 0.111795 0.00237007
10 0.935545 0.189184 0.114049 0.114596 0.00233217
2 0.688208 0.6852 0.112304 0.113931 0.00233184
10 0.0670191 0.436544 0.112476 0.11362 0.00229607
0 0.813157 0.933906 0.110125 0.113714 0.00227514
12 0.19102 0.560894 0.111536 0.112756 0.00227437
12 0.935545 0.189184 0.114049 0.114596 0.00224736
8 0.813062 0.685104 0.110273 0.112646 0.00222242
7 0.93646 0.189164 0.112239 0.114087 0.00220451
11 0.315249 0.561498 0.112141 0.112678 0.0021725
6 0.439755 0.436583 0.110715 0.112831 0.00216236
2 0.563468 0.0654624 0.110985 0.112408 0.00215762
3 0.812887 0.685196 0.11128 0.113074 0.00212888
11 0.439533 0.31302 0.111552 0.11216 0.00209424
1 0.812039 0.561011 0.112759 0.112489 0.00209319
12 0.315407 0.0646961 0.112908 0.112266 0.00207802
12 0.935486 0.313541 0.11375 0.113339 0.00205632
4 0.687758 0.313003 0.112331 0.112223 0.00204418
0 0.688039 0.809416 0.111541 0.1118 0.00203934
11 0.564005 0.93423 0.111319 0.112033 0.00203139
1 0.813069 0.684728 0.114836 0.112555 0.00196054
2 0.688039 0.313117 0.111187 0.112824 0.00195128
1 0.688328 0.9335 0.11342 0.112531 0.0019507
1 0.190991 0.436626 0.111099 0.112908 0.00193391
6 0.936711 0.437954 0.111102 0.11454 0.00191991
4 0.688039 0.809416 0.111541 0.1118 0.00191707
7 0.066792 0.809455 0.113804 0.113487 0.00191145
1 0.439417 0.685061 0.112014 0.112412 0.00190646
12 0.687428 0.188729 0.111583 0.111939 0.0018791
4 0.564098 0.188823 0.111601 0.112524 0.00184803
4 0.440173 0.933866 0.111483 0.11235 0.00183256
7 0.687936 0.437503 0.111228 0.111959 0.00181805
12 0.563874 0.685323 0.111338 0.113181 0.00181448
3 0.937053 0.809729 0.112751 0.113216 0.00179971
3 0.191337 0.313107 0.111294 0.111596 0.00179744
12 0.0669921 0.809317 0.111904 0.112279 0.00178024
12 0.315332 0.189137 0.112136 0.112042 0.00176417
3 0.0668468 0.313173 0.112118 0.110996 0.00173
2 0.68822 0.436892 0.112368 0.112988 0.00172008
6 0.0663192 0.561308 0.112733 0.112258 0.00169762
1 0.56371 0.56088 0.112148 0.112592 0.00168681
11 0.811879 0.934203 0.11125 0.111159 0.0016801
1 0.935726 0.933729 0.111559 0.113615 0.00167834
0 0.813026 0.0652314 0.110603 0.113207 0.0016388
6 0.191762 0.685574 0.111671 0.111634 0.0016376
13 0.315169 0.436808 0.111285 0.112361 0.00163271
10 0.686796 0.684823 0.113389 0.113091 0.00161239
2 0.688221 0.809702 0.112337 0.112636 0.00160901
2 0.0664686 0.189097 0.11279 0.11253 0.00158621
12 0.439743 0.809263 0.112355 0.113437 0.00157619
7 0.315359 0.436391 0.110605 0.11354 0.00156223
7 0.191597 0.809541 0.112159 0.112197 0.00156042
6 0.0668497 0.188142 0.112555 0.112777 0.00156005
1 0.563968 0.685169 0.111514 0.111639 0.00153056
7 0.93701 0.561179 0.112267 0.112334 0.0015005
1 0.315535 0.684869 0.112315 0.112021 0.00148867
3 0.315066 0.188921 0.111642 0.112381 0.00146599
4 0.440002 0.437025 0.112124 0.111927 0.00144466
1 0.563947 0.809578 0.111806 0.112945 0.00143664
3 0.93619 0.933883 0.112999 0.11349 0.00138213
3 0.314985 0.064583 0.111515 0.11215 0.0013629
12 0.687637 0.0647589 0.111172 0.111728 0.00135835
1 0.0663192 0.561308 0.112733 0.112258 0.00135297
0 0.81235 0.313589 0.112252 0.113196 0.00135109
4 0.812544 0.437399 0.111889 0.113279 0.00133009
2 0.315057 0.809781 0.112286 0.112593 0.00131555
1 0.439274 0.188385 0.112462 0.113324 0.00131062
6 0.811581 0.809562 0.112281 0.11486 0.0013002
6 0.687637 0.0647589 0.111172 0.111728 0.00129024
2 0.688239 0.0650423 0.111098 0.111594 0.00127072
4 0.688213 0.0649162 0.112156 0.112384 0.00126749
1 0.191207 0.188423 0.11261 0.112726 0.00126671
12 0.315519 0.437062 0.112199 0.112625 0.00125381
10 0.936069 0.313233 0.112839 0.113192 0.00125269
10 0.563204 0.312802 0.111567 0.112085 0.00125108
10 0.191531 0.809598 0.112792 0.112989 0.0012448
0 0.0673167 0.685694 0.112251 0.11217 0.00124467
1 0.936161 0.809869 0.111039 0.113781 0.00123788
10 0.0668315 0.933643 0.112659 0.112578 0.00123029
6 0.811549 0.312634 0.11223 0.114485 0.00121417
1 0.314911 0.809455 0.112266 0.11215 0.00121292
3 0.439314 0.064664 0.111863 0.113473 0.00120364
2 0.191551 0.809353 0.112376 0.112356 0.00119551
10 0.812563 0.809467 0.111409 0.112857 0.00119533
1 0.687881 0.064749 0.111516 0.112485 0.00119522
0 0.936058 0.684987 0.111162 0.11198 0.00117559
5 0.811637 0.685396 0.11534 0.112655 0.00117222
4 0.315648 0.313235 0.112121 0.111838 0.00116502
9 0.68778 0.685489 0.111895 0.112375 0.00116485
10 0.0669051 0.809805 0.112307 0.112568 0.00114851
9 0.811685 0.933334 0.111177 0.112024 0.00112853
6 0.688221 0.809702 0.112337 0.112636 0.00111901
2 0.315396 0.93416 0.111952 0.112994 0.00111544
3 0.936846 0.561174 0.111118 0.112805 0.0011126
10 0.315521 0.313736 0.112223 0.111832 0.00110394
2 0.812998 0.437067 0.110974 0.113407 0.00109882
5 0.688276 0.0646591 0.111751 0.111628 0.00108374
6 0.687936 0.437503 0.111228 0.111959 0.00107869
8 0.563782 0.436734 0.111499 0.112975 0.00107484
7 0.564139 0.0651186 0.111574 0.112186 0.00107226
12 0.0665122 0.188729 0.112342 0.113035 0.00106997
4 0.563526 0.313296 0.113381 0.113022 0.00106166
7 0.811454 0.313556 0.112322 0.113642 0.0010512
12 0.314911 0.809455 0.112266 0.11215 0.00105059
12 0.315376 0.313701 0.112054 0.110953 0.00103815
13 0.0667024 0.934366 0.113528 0.113257 0.00103233
3 0.811497 0.810384 0.112618 0.113597 0.00103081
6 0.811741 0.188978 0.112765 0.112715 0.00103013
