9 0.439677 0.934146 0.112463 0.113142 0.986538
5 0.315246 0.809566 0.110873 0.111216 0.986524
9 0.935649 0.933857 0.112752 0.112611 0.98561
3 0.687633 0.933941 0.113816 0.113416 0.98512
7 0.0674634 0.809502 0.112523 0.112203 0.9851
5 0.314599 0.0652756 0.110469 0.111288 0.985088
1 0.563887 0.933813 0.111056 0.112819 0.98507
3 0.687455 0.809798 0.112647 0.11265 0.984572
12 0.191705 0.685292 0.110807 0.111194 0.984546
9 0.31535 0.561902 0.111744 0.112311 0.984389
1 0.191588 0.809469 0.110979 0.111803 0.984236
3 0.440048 0.685504 0.111904 0.112799 0.984234
13 0.811779 0.933771 0.111569 0.111728 0.983974
9 0.191277 0.188865 0.111456 0.111785 0.983653
3 0.191149 0.313541 0.111374 0.112989 0.983569
10 0.315905 0.933578 0.111789 0.112205 0.98331
13 0.191143 0.933725 0.110993 0.11206 0.983157
13 0.0670421 0.561865 0.112082 0.112169 0.982888
13 0.1909 0.437893 0.111425 0.111552 0.982647
10 0.0677262 0.933942 0.112504 0.112273 0.982465
11 0.439272 0.0652028 0.110607 0.111833 0.982432
7 0.315444 0.189188 0.113697 0.112145 0.98242
10 0.0679772 0.685399 0.112093 0.110812 0.982357
12 0.812731 0.809608 0.111255 0.113356 0.982231
11 0.0665147 0.313734 0.113757 0.112785 0.982185
2 0.563972 0.685576 0.111171 0.111569 0.98217
1 0.0671182 0.437718 0.11271 0.112498 0.982153
11 0.0666769 0.189719 0.113376 0.112494 0.981919
13 0.315397 0.685461 0.110697 0.111184 0.981892
13 0.315212 0.313351 0.113873 0.11166 0.981881
13 0.191065 0.0650584 0.111917 0.11178 0.981499
11 0.315485 0.437077 0.112702 0.112538 0.981497
10 0.0681117 0.0650598 0.113344 0.112518 0.981162
9 0.439733 0.561588 0.11098 0.112155 0.980646
4 0.68817 0.064905 0.111269 0.112443 0.980396
13 0.439621 0.437293 0.112738 0.112227 0.980341
6 0.563372 0.0649166 0.111888 0.113587 0.980159
3 0.687554 0.685703 0.11258 0.112003 0.980125
0 0.564295 0.809414 0.111394 0.112553 0.980059
10 0.936766 0.809576 0.112644 0.112003 0.979903
9 0.439411 0.18899 0.111828 0.11287 0.97987
4 0.563987 0.312835 0.112929 0.112814 0.979848
1 0.563699 0.437099 0.112196 0.113182 0.979672
12 0.563938 0.561598 0.112259 0.112084 0.979479
8 0.191099 0.56143 0.111498 0.11169 0.979156
1 0.81234 0.188882 0.11186 0.112662 0.979116
3 0.687926 0.313575 0.111721 0.112094 0.979089
1 0.439439 0.312857 0.111982 0.113077 0.979083
1 0.563578 0.188902 0.11166 0.113001 0.979077
9 0.81153 0.313515 0.111873 0.111634 0.979076
4 0.812584 0.685443 0.112584 0.111879 0.978793
13 0.440044 0.809644 0.112404 0.112364 0.978771
13 0.936292 0.685414 0.112419 0.112362 0.978532
12 0.936297 0.436987 0.112711 0.112649 0.978462
11 0.812181 0.561655 0.112751 0.113098 0.978361
7 0.68802 0.437813 0.111514 0.11187 0.978282
8 0.687829 0.561607 0.111794 0.112927 0.978142
3 0.936258 0.313565 0.111332 0.111636 0.978043
8 0.935735 0.064707 0.111 0.112773 0.97795
6 0.9363 0.188897 0.112919 0.112742 0.977934
2 0.6878 0.188992 0.112674 0.113482 0.977762
0 0.81199 0.0646751 0.111942 0.113084 0.977328
7 0.812406 0.437219 0.112722 0.112637 0.977313
11 0.936542 0.561544 0.112544 0.112119 0.977144
2 0.191391 0.561364 0.112782 0.111976 0.0154445
10 0.937069 0.561208 0.112581 0.11157 0.00898747
12 0.439821 0.436706 0.110515 0.112367 0.00808525
2 0.93544 0.0650529 0.112271 0.112652 0.00625791
12 0.811555 0.437541 0.111045 0.113106 0.00624558
2 0.687582 0.561306 0.111606 0.111836 0.00604573
1 0.81241 0.0643162 0.111319 0.113519 0.00422743
12 0.439826 0.809757 0.111337 0.111639 0.00422177
12 0.811477 0.932971 0.110651 0.110096 0.00391161
5 0.688131 0.189179 0.114285 0.113413 0.00374414
0 0.812421 0.188971 0.110925 0.113002 0.00368044
1 0.688468 0.064361 0.112526 0.113742 0.00354888
10 0.811498 0.561725 0.11006 0.112061 0.00340011
1 0.564211 0.312781 0.112435 0.112444 0.00339767
4 0.937021 0.809317 0.111503 0.110928 0.00339195
5 0.936445 0.56136 0.112526 0.111294 0.00335165
1 0.812493 0.685608 0.111447 0.111496 0.00333447
9 0.688398 0.933426 0.114323 0.112729 0.00317182
12 0.812315 0.31349 0.110941 0.111822 0.0028958
5 0.0666476 0.312729 0.11377 0.112416 0.00281292
5 0.812188 0.561408 0.112357 0.112141 0.00280549
10 0.811639 0.933517 0.110122 0.11208 0.00277323
10 0.0662974 0.313627 0.113404 0.112012 0.00273643
3 0.688081 0.188608 0.111958 0.112547 0.00270729
0 0.813063 0.313597 0.112406 0.113168 0.00269935
4 0.0679772 0.685399 0.112093 0.110812 0.00268336
3 0.564539 0.685604 0.110789 0.111611 0.00258018
0 0.563629 0.188618 0.111431 0.113111 0.00257558
10 0.315524 0.436812 0.111324 0.111793 0.00257313
5 0.316364 0.437903 0.11405 0.112358 0.00251894
0 0.563923 0.436644 0.11174 0.113033 0.00250064
12 0.315179 0.685251 0.111205 0.111665 0.00241046
3 0.439817 0.561567 0.111354 0.112279 0.00235938
12 0.688582 0.436601 0.110583 0.110573 0.00230987
12 0.440101 0.56131 0.111599 0.113274 0.0022884
4 0.315905 0.933578 0.111789 0.112205 0.00227988
12 0.191007 0.436658 0.110893 0.111918 0.00219685
11 0.0667144 0.561107 0.113302 0.112436 0.00218534
4 0.0672128 0.933752 0.11309 0.112679 0.00218371
5 0.68841 0.933187 0.113767 0.112602 0.00213952
3 0.563537 0.0643281 0.111793 0.113207 0.00212073
12 0.936016 0.685646 0.111086 0.112189 0.00211728
9 0.935955 0.313096 0.111643 0.112942 0.00210788
10 0.812543 0.68533 0.110824 0.111702 0.00209599
7 0.688013 0.0647773 0.111137 0.111635 0.00209009
2 0.688398 0.933426 0.114323 0.112729 0.00208384
5 0.439376 0.064556 0.110251 0.112611 0.00207286
1 0.564297 0.68561 0.111592 0.112613 0.0020726
3 0.935945 0.189017 0.112743 0.113745 0.0020607
6 0.811659 0.437165 0.1115 0.113603 0.00205382
2 0.812946 0.188821 0.110668 0.11375 0.0020537
13 0.936585 0.436511 0.110725 0.113749 0.00203304
12 0.439606 0.189045 0.111819 0.1121 0.00201668
7 0.935511 0.18931 0.113058 0.113291 0.00200873
12 0.315876 0.561465 0.111194 0.112339 0.00200018
7 0.44007 0.436674 0.111061 0.112649 0.00198798
5 0.563957 0.685945 0.111872 0.111832 0.00195692
9 0.688221 0.685755 0.111988 0.111816 0.00191955
2 0.564189 0.312943 0.111589 0.112987 0.0018984
7 0.56371 0.0648803 0.111974 0.112425 0.00186061
10 0.439376 0.064556 0.110251 0.112611 0.0018589
10 0.936136 0.684983 0.111073 0.111802 0.00185778
12 0.935943 0.313148 0.111927 0.112636 0.0018498
0 0.439791 0.313222 0.110884 0.112942 0.0018446
0 0.56384 0.93364 0.109988 0.112075 0.00183498
4 0.81283 0.437977 0.109509 0.112485 0.0018149
4 0.066918 0.809181 0.111758 0.112628 0.0018072
7 0.811729 0.684888 0.112522 0.113958 0.0017908
2 0.688221 0.685755 0.111988 0.111816 0.00178596
5 0.688264 0.809651 0.112946 0.112507 0.00177498
4 0.688426 0.438012 0.109662 0.11257 0.00177304
12 0.0671633 0.561006 0.112222 0.115172 0.00176944
1 0.564378 0.809331 0.111223 0.112404 0.00176047
7 0.811572 0.810046 0.111899 0.113328 0.00174573
0 0.688116 0.561946 0.111082 0.11388 0.00173966
6 0.564088 0.561373 0.111288 0.111785 0.00168277
9 0.688198 0.313643 0.112486 0.111937 0.00168179
11 0.936485 0.685384 0.112596 0.111726 0.00165959
1 0.688131 0.189179 0.114285 0.113413 0.00165584
10 0.0667144 0.561107 0.113302 0.112436 0.00165306
3 0.813056 0.312953 0.11243 0.11224 0.00164522
2 0.688242 0.809748 0.112625 0.112427 0.0016448
12 0.191305 0.189117 0.111888 0.112649 0.00164209
6 0.68813 0.438045 0.111813 0.112085 0.00164158
10 0.0662997 0.189609 0.113325 0.111225 0.00163923
5 0.066812 0.188886 0.113148 0.11205 0.00161497
2 0.812543 0.68533 0.110824 0.111702 0.00159832
8 0.811447 0.313245 0.11238 0.113265 0.00154288
6 0.191705 0.685292 0.110807 0.111194 0.00151378
2 0.688198 0.313643 0.112486 0.111937 0.0015056
4 0.563801 0.437327 0.111829 0.112026 0.00150082
12 0.935656 0.934064 0.112359 0.113256 0.00149482
10 0.812899 0.809299 0.111064 0.112733 0.00149453
7 0.936289 0.809011 0.112719 0.113631 0.0014942
4 0.0671182 0.437718 0.11271 0.112498 0.00147484
12 0.93658 0.809843 0.112494 0.111097 0.00147214
4 0.56383 0.18927 0.111365 0.112912 0.00145189
0 0.191165 0.189161 0.11184 0.112712 0.00145031
10 0.688021 0.437943 0.110111 0.111657 0.00144139
12 0.687825 0.313247 0.110994 0.11171 0.00142888
5 0.68824 0.685549 0.112504 0.112142 0.00141622
13 0.93636 0.809634 0.111133 0.112478 0.00140623
5 0.936513 0.809567 0.111613 0.111851 0.00139233
0 0.315876 0.561465 0.111194 0.112339 0.00137957
13 0.0662997 0.189609 0.113325 0.111225 0.00135106
6 0.811682 0.6853 0.114198 0.11297 0.00134665
9 0.688242 0.809748 0.112625 0.112427 0.00134037
10 0.812348 0.437903 0.110228 0.111624 0.00132928
10 0.564189 0.312943 0.111589 0.112987 0.00132739
1 0.688106 0.809632 0.112402 0.112393 0.00132264
12 0.440286 0.934012 0.114046 0.112878 0.00132174
0 0.936058 0.0647118 0.111566 0.112208 0.00131408
9 0.811396 0.561592 0.110789 0.111474 0.00131037
13 0.811572 0.810046 0.111899 0.113328 0.00129582
8 0.811396 0.561592 0.110789 0.111474 0.00129431
4 0.439653 0.313388 0.111757 0.112682 0.00126458
4 0.812138 0.189599 0.111246 0.112141 0.00126144
1 0.439672 0.685542 0.111816 0.111961 0.00123155
0 0.191505 0.809564 0.111189 0.112186 0.0012254
12 0.687656 0.933605 0.11135 0.111807 0.00121517
0 0.439449 0.189091 0.111565 0.112084 0.00121428
2 0.563558 0.437272 0.111088 0.111481 0.00120289
5 0.688225 0.313471 0.11363 0.111822 0.00120109
1 0.687926 0.313196 0.111453 0.112088 0.00119603
11 0.191143 0.933725 0.110993 0.11206 0.00119435
11 0.811779 0.933771 0.111569 0.111728 0.00119043
1 0.936236 0.31325 0.110939 0.111301 0.0011769
7 0.936653 0.436484 0.111749 0.113235 0.00116941
4 0.315793 0.188973 0.11144 0.112079 0.00116391
4 0.688214 0.809521 0.113529 0.11261 0.00115462
0 0.440101 0.56131 0.111599 0.113274 0.0011529
4 0.564539 0.685604 0.110789 0.111611 0.00113475
12 0.687691 0.809665 0.111958 0.112553 0.00112658
3 0.31545 0.561808 0.112009 0.111782 0.00112508
0 0.0663672 0.436864 0.115203 0.111569 0.0011196
0 0.813082 0.809989 0.110326 0.111961 0.00107777
2 0.68817 0.064905 0.111269 0.112443 0.00106427
13 0.315068 0.189424 0.1119 0.111873 0.00106288
4 0.191588 0.809469 0.110979 0.111803 0.00105382
12 0.314836 0.313395 0.110978 0.111167 0.00104813
12 0.191679 0.0646689 0.110434 0.110898 0.00103977
7 0.0675525 0.933417 0.11318 0.112674 0.00103499
1 0.688021 0.685488 0.111732 0.111958 0.00102535
13 0.813288 0.436583 0.110077 0.111702 0.00102378
12 0.316399 0.933668 0.111492 0.111894 0.00101866
10 0.190981 0.933351 0.111187 0.111125 0.00101783
7 0.191293 0.0652591 0.111344 0.112162 0.00101297
12 0.68824 0.685549 0.112504 0.112142 0.00100963
1 0.68813 0.933619 0.112234 0.112691 0.00100943
