2 0.3156 0.934101 0.11317 0.113539 0.986489
9 0.315303 0.0646389 0.111339 0.11242 0.985395
12 0.439741 0.934187 0.111421 0.112947 0.985296
9 0.0672866 0.437411 0.112116 0.112494 0.985001
6 0.19142 0.933906 0.11146 0.112748 0.984812
12 0.067407 0.685831 0.112017 0.112641 0.984784
5 0.440222 0.68589 0.11078 0.112505 0.984755
5 0.68726 0.934335 0.111527 0.113749 0.984554
11 0.562857 0.93413 0.110521 0.112895 0.984093
2 0.0681544 0.809727 0.111131 0.111554 0.984066
13 0.0671107 0.562014 0.112747 0.112461 0.983896
7 0.315308 0.313296 0.112885 0.110818 0.983326
2 0.812214 0.933778 0.112713 0.113764 0.983284
4 0.315262 0.188973 0.113167 0.112391 0.98312
7 0.31506 0.561492 0.113065 0.111252 0.983094
9 0.191507 0.561411 0.111226 0.112163 0.98277
9 0.31577 0.437273 0.111779 0.112543 0.982591
4 0.191321 0.0650602 0.112742 0.112979 0.98232
12 0.0667127 0.0650184 0.11327 0.113855 0.982063
1 0.315672 0.685725 0.111828 0.11232 0.981929
7 0.93637 0.934059 0.112535 0.112997 0.981727
2 0.0675507 0.313342 0.110878 0.111386 0.981377
13 0.0673985 0.933921 0.113284 0.114444 0.981369
6 0.439588 0.312794 0.113205 0.111655 0.981362
4 0.439613 0.809947 0.112056 0.113029 0.981275
10 0.191156 0.684986 0.112371 0.111421 0.98118
11 0.562987 0.0653979 0.111145 0.112455 0.981144
10 0.812265 0.809702 0.112478 0.113661 0.981099
12 0.563865 0.6856 0.111069 0.11284 0.980867
10 0.81219 0.0653236 0.112267 0.113041 0.980683
1 0.439565 0.0648949 0.111745 0.113463 0.980652
8 0.0669043 0.189325 0.111546 0.112025 0.980635
13 0.687643 0.809537 0.111242 0.113342 0.980591
10 0.936705 0.809843 0.112983 0.113174 0.980518
0 0.190931 0.436833 0.112604 0.11292 0.980428
9 0.563612 0.189305 0.111129 0.11272 0.980228
1 0.439394 0.561266 0.112655 0.113175 0.97998
1 0.563455 0.437069 0.112514 0.113255 0.979301
10 0.563759 0.312891 0.111899 0.113132 0.979235
8 0.191848 0.809727 0.110943 0.111955 0.978988
1 0.936307 0.561354 0.114495 0.113812 0.978942
1 0.687884 0.0642554 0.112393 0.113616 0.97888
11 0.563644 0.560862 0.111958 0.114514 0.978869
11 0.315694 0.809716 0.112128 0.113019 0.978862
1 0.81192 0.685582 0.113516 0.112874 0.978828
1 0.936041 0.0643967 0.114191 0.114107 0.978822
0 0.563824 0.809237 0.112166 0.113754 0.978766
5 0.687819 0.188488 0.112037 0.113364 0.978636
12 0.936351 0.685496 0.112938 0.11136 0.978492
11 0.191061 0.312606 0.112224 0.112584 0.97845
4 0.937026 0.436822 0.113355 0.113503 0.97842
10 0.812426 0.561275 0.112666 0.113389 0.97842
13 0.68745 0.561412 0.112539 0.112503 0.978254
13 0.687578 0.313472 0.112191 0.112001 0.978199
0 0.43946 0.188862 0.111882 0.113283 0.978199
6 0.936818 0.312824 0.113297 0.110984 0.977973
11 0.812144 0.436932 0.112473 0.113959 0.977864
8 0.439792 0.437462 0.111617 0.111935 0.977813
0 0.935744 0.18885 0.110242 0.111109 0.977665
8 0.68796 0.43706 0.11214 0.112233 0.977482
8 0.687957 0.685365 0.112335 0.112229 0.977344
2 0.812232 0.312852 0.112167 0.111936 0.977058
11 0.19133 0.189171 0.111793 0.112054 0.976615
13 0.811894 0.189135 0.111815 0.111775 0.976175
7 0.811505 0.189552 0.112834 0.113005 0.0358712
5 0.19096 0.188712 0.111737 0.111692 0.0264823
7 0.687722 0.313737 0.112448 0.112918 0.0264129
2 0.19154 0.809848 0.112462 0.111939 0.0179927
3 0.315683 0.437442 0.111331 0.112565 0.0150268
2 0.688169 0.437068 0.11207 0.111852 0.0146511
7 0.68771 0.809691 0.112045 0.113057 0.0132159
5 0.190599 0.312713 0.112011 0.112124 0.0116644
0 0.688084 0.0636421 0.11201 0.113833 0.0105239
11 0.687889 0.685529 0.112414 0.111237 0.0104393
2 0.688158 0.685059 0.112374 0.111221 0.00982067
5 0.563238 0.93414 0.111162 0.112755 0.00935093
2 0.0666707 0.189342 0.113031 0.111082 0.0086205
2 0.43987 0.437512 0.112389 0.112873 0.00730819
5 0.563601 0.0653686 0.111423 0.112784 0.00718754
4 0.936202 0.809409 0.113383 0.114894 0.00691056
7 0.68778 0.561202 0.111721 0.113597 0.00666046
5 0.813094 0.437467 0.110734 0.111855 0.00625245
8 0.813192 0.933725 0.109617 0.111938 0.00625042
4 0.935755 0.933909 0.113749 0.112858 0.00581984
5 0.315943 0.809302 0.112182 0.112508 0.00558947
1 0.93689 0.436924 0.113137 0.11367 0.00494974
0 0.439521 0.0643977 0.110993 0.113932 0.00457072
12 0.936014 0.934038 0.113228 0.112758 0.00413782
7 0.0669754 0.933626 0.113202 0.114153 0.00389472
12 0.6867 0.809787 0.110656 0.111103 0.00385083
5 0.563391 0.561126 0.11092 0.112994 0.00376205
6 0.564085 0.6857 0.113437 0.112963 0.00374577
3 0.191493 0.561559 0.11081 0.111686 0.00358091
4 0.813008 0.809016 0.113104 0.112911 0.0035707
1 0.0669708 0.313649 0.111181 0.111202 0.00348655
0 0.812137 0.685248 0.112322 0.113177 0.00345091
1 0.81197 0.313424 0.110575 0.111862 0.00343169
0 0.936728 0.561661 0.112666 0.113389 0.00323464
5 0.811505 0.189552 0.112834 0.113005 0.00319656
0 0.935729 0.0649078 0.11282 0.113689 0.00318924
1 0.191673 0.0651231 0.111954 0.112996 0.00317021
10 0.811554 0.437086 0.110891 0.112907 0.00310717
13 0.936229 0.809889 0.111475 0.112692 0.00308678
1 0.563872 0.809237 0.111646 0.112863 0.00305895
11 0.68823 0.436911 0.112263 0.111894 0.00303554
7 0.936202 0.809409 0.113383 0.114894 0.0029807
7 0.811685 0.809227 0.11266 0.113376 0.00292925
12 0.0672642 0.436537 0.112064 0.114086 0.00292252
12 0.688101 0.561572 0.11144 0.112808 0.00291602
10 0.687625 0.934137 0.111576 0.111855 0.00290727
4 0.191379 0.685015 0.112508 0.11232 0.00287713
1 0.315638 0.189013 0.112017 0.112005 0.00280417
0 0.936607 0.685552 0.111521 0.112146 0.00274255
13 0.191535 0.685382 0.111709 0.112078 0.00269366
4 0.563884 0.436264 0.112355 0.112801 0.00264801
1 0.813174 0.93335 0.112803 0.112763 0.00262234
1 0.439613 0.809947 0.112056 0.113029 0.00259779
11 0.191506 0.80985 0.1118 0.112164 0.00259132
10 0.19139 0.313156 0.111959 0.112095 0.00256769
3 0.066715 0.436684 0.114278 0.112507 0.00255417
12 0.315657 0.0647617 0.112955 0.112331 0.00252423
4 0.563709 0.313901 0.111095 0.112751 0.00247785
4 0.315591 0.685406 0.112665 0.113 0.00243475
6 0.936401 0.436837 0.113348 0.113001 0.00243104
3 0.688135 0.188985 0.113046 0.112694 0.00243027
11 0.439642 0.437178 0.11238 0.112568 0.0024104
2 0.688113 0.0645161 0.111851 0.112306 0.00239787
8 0.81306 0.313252 0.110404 0.112196 0.00238511
5 0.811719 0.933301 0.115023 0.111317 0.00234526
3 0.563612 0.189305 0.111129 0.11272 0.00230784
12 0.563895 0.313134 0.11189 0.112811 0.00229337
9 0.935806 0.188988 0.112467 0.11221 0.00217821
7 0.191845 0.0648156 0.11147 0.11186 0.00215477
10 0.811441 0.188973 0.113316 0.112382 0.00214112
12 0.315764 0.4367 0.111443 0.112379 0.00213478
4 0.812613 0.0651578 0.11154 0.113399 0.0021142
7 0.811666 0.561132 0.112702 0.11376 0.00209817
6 0.0663538 0.0650036 0.113033 0.112915 0.00207885
5 0.68771 0.809691 0.112045 0.113057 0.00206937
4 0.811666 0.561132 0.112702 0.11376 0.00201379
12 0.811689 0.18859 0.111848 0.112075 0.00200452
12 0.191035 0.56108 0.111544 0.112619 0.00200363
5 0.93644 0.809902 0.111973 0.112352 0.00198107
1 0.439631 0.188433 0.111512 0.112889 0.00197966
12 0.688082 0.313298 0.11316 0.113124 0.00195783
0 0.439408 0.561112 0.11227 0.112799 0.00193211
5 0.811742 0.561495 0.112463 0.112188 0.00183893
5 0.811769 0.809708 0.112864 0.112495 0.00182649
13 0.563216 0.313028 0.111346 0.111933 0.00182519
1 0.316075 0.933619 0.112928 0.112949 0.0018065
7 0.439512 0.80967 0.111875 0.112296 0.00179524
3 0.812186 0.313653 0.11081 0.112763 0.00179097
12 0.563815 0.189285 0.111839 0.111935 0.00178846
4 0.688135 0.188985 0.113046 0.112694 0.00177411
11 0.688282 0.93401 0.113442 0.113184 0.00176057
6 0.936034 0.933771 0.112048 0.112769 0.00175691
7 0.811683 0.0644035 0.112435 0.112786 0.00175678
1 0.191963 0.933547 0.11302 0.112984 0.00174663
7 0.936255 0.437567 0.111876 0.112235 0.00174237
10 0.19133 0.189171 0.111793 0.112054 0.00174069
10 0.563984 0.56084 0.112141 0.11407 0.00173358
7 0.93669 0.685645 0.112607 0.112001 0.00173047
0 0.315581 0.438029 0.112707 0.114457 0.00172363
2 0.688304 0.933669 0.113457 0.113527 0.0017204
3 0.936699 0.312928 0.113484 0.112744 0.00171399
10 0.687663 0.188953 0.112225 0.113031 0.00170309
5 0.811451 0.313005 0.113285 0.111629 0.00163208
10 0.0672452 0.933617 0.112107 0.113389 0.00160032
2 0.93689 0.436924 0.113137 0.11367 0.00157741
2 0.315591 0.685406 0.112665 0.113 0.00157247
6 0.0666853 0.685482 0.113518 0.113116 0.00154186
5 0.687722 0.313737 0.112448 0.112918 0.00154056
3 0.0668974 0.809366 0.114192 0.112268 0.00150966
0 0.314886 0.685551 0.111343 0.112195 0.00149145
6 0.439674 0.934382 0.112428 0.113417 0.00146404
10 0.315612 0.809457 0.112277 0.112162 0.00145091
10 0.56355 0.065001 0.112974 0.111543 0.00143457
12 0.812613 0.0651578 0.11154 0.113399 0.00143348
7 0.439888 0.313498 0.112596 0.111548 0.00141821
3 0.0667058 0.313198 0.112041 0.110568 0.00141327
2 0.315323 0.189179 0.111138 0.111721 0.00139551
12 0.439631 0.188433 0.111512 0.112889 0.00138211
2 0.191271 0.0650721 0.110798 0.111793 0.00136729
1 0.936134 0.312768 0.111187 0.113824 0.00135711
3 0.564085 0.6857 0.113437 0.112963 0.00135686
11 0.066957 0.189292 0.111553 0.111416 0.00134642
3 0.191646 0.933959 0.11293 0.113937 0.00131818
3 0.315657 0.0647617 0.112955 0.112331 0.00131156
4 0.315781 0.313078 0.111956 0.111632 0.00131093
1 0.190919 0.437129 0.113105 0.113124 0.00129664
12 0.936354 0.436604 0.111541 0.111974 0.00129147
10 0.43975 0.80993 0.113327 0.113243 0.00127448
10 0.439593 0.685277 0.111761 0.112557 0.00127211
10 0.315625 0.313566 0.112646 0.112151 0.00126455
13 0.811835 0.561383 0.112264 0.112714 0.00125958
0 0.067407 0.685831 0.112017 0.112641 0.0012568
7 0.0672593 0.685476 0.113856 0.114406 0.00124879
1 0.0673789 0.809337 0.112961 0.110955 0.0012487
12 0.315638 0.189013 0.112017 0.112005 0.00123239
6 0.315483 0.561174 0.111193 0.112345 0.00123238
7 0.563624 0.313313 0.11135 0.112211 0.00121193
7 0.0666363 0.561294 0.114231 0.112727 0.00121084
4 0.812102 0.313428 0.111222 0.11137 0.00119828
13 0.562991 0.933906 0.110341 0.112906 0.00117928
4 0.439668 0.561073 0.112237 0.113282 0.00117233
4 0.811955 0.685268 0.113171 0.113569 0.00116356
0 0.563691 0.437251 0.11164 0.113574 0.00116332
4 0.936604 0.560767 0.113828 0.112587 0.00115096
0 0.0673558 0.437941 0.111083 0.112978 0.0011422
2 0.688135 0.188985 0.113046 0.112694 0.00114157
13 0.811637 0.0645771 0.111632 0.112485 0.00110031
9 0.19133 0.189171 0.111793 0.112054 0.00109653
1 0.439649 0.313068 0.112553 0.111955 0.00109455
4 0.315373 0.56119 0.111156 0.112935 0.00109089
13 0.811724 0.809586 0.111541 0.112522 0.00107216
2 0.813134 0.436997 0.11157 0.114388 0.00106269
6 0.191845 0.0648156 0.11147 0.11186 0.00104116
13 0.936244 0.685321 0.111183 0.111543 0.00102512
10 0.563712 0.9335 0.112077 0.11322 0.00102398
12 0.315502 0.313534 0.112361 0.111567 0.00101286
3 0.688282 0.93401 0.113442 0.113184 0.00100979
