9 0.315108 0.933868 0.111668 0.112068 0.987299
2 0.439131 0.933991 0.112648 0.113632 0.986316
5 0.191776 0.933697 0.111073 0.112807 0.986013
4 0.316034 0.561271 0.112182 0.113223 0.985572
9 0.191483 0.685486 0.111275 0.111645 0.985515
2 0.563415 0.80947 0.112054 0.112575 0.985427
5 0.314969 0.0650936 0.111228 0.111665 0.985155
5 0.439661 0.685365 0.111143 0.111762 0.984964
4 0.563455 0.934321 0.11235 0.11432 0.984874
3 0.563229 0.685396 0.111573 0.111581 0.984841
6 0.563452 0.0648394 0.112014 0.112773 0.9846
9 0.438888 0.0646911 0.111273 0.111905 0.98458
9 0.191386 0.561399 0.110962 0.111728 0.984195
11 0.687524 0.934032 0.112372 0.112751 0.984125
1 0.936257 0.80959 0.112354 0.111793 0.983981
4 0.811888 0.0654489 0.112351 0.113488 0.983903
9 0.315889 0.313423 0.11173 0.111366 0.983868
7 0.0671566 0.313529 0.113277 0.112111 0.983831
3 0.811875 0.934001 0.112014 0.113097 0.983715
1 0.43952 0.809553 0.112172 0.112825 0.983647
4 0.19159 0.0649587 0.112656 0.113244 0.983439
5 0.191387 0.437724 0.111392 0.112044 0.983438
5 0.687903 0.8101 0.111114 0.111365 0.98319
3 0.811908 0.809686 0.112197 0.112327 0.982989
3 0.191465 0.313255 0.111109 0.111151 0.982329
3 0.562908 0.189578 0.111137 0.112772 0.982043
6 0.315692 0.437561 0.111996 0.112495 0.982028
3 0.93639 0.93395 0.112856 0.113268 0.981984
13 0.439497 0.313617 0.112328 0.11173 0.981515
8 0.0676106 0.0655375 0.112589 0.113853 0.981214
11 0.315386 0.685258 0.110776 0.111313 0.981167
13 0.439544 0.437655 0.111886 0.111237 0.980963
7 0.687775 0.0653389 0.111225 0.112073 0.980953
12 0.191599 0.188876 0.11302 0.112352 0.980899
12 0.0675675 0.437181 0.113886 0.11251 0.980863
11 0.0670524 0.685589 0.112279 0.112101 0.980769
1 0.066847 0.189594 0.112267 0.112489 0.980539
3 0.315316 0.189583 0.11243 0.112877 0.980536
5 0.440051 0.189391 0.111644 0.112169 0.980401
13 0.439453 0.561619 0.112138 0.110942 0.980393
13 0.9362 0.685663 0.112199 0.111656 0.980177
9 0.687305 0.68558 0.111063 0.111547 0.979839
10 0.563811 0.561154 0.112576 0.113788 0.979808
9 0.687776 0.313431 0.111619 0.111453 0.979773
4 0.563609 0.437005 0.112815 0.11338 0.979673
3 0.93638 0.0649603 0.112491 0.113216 0.979137
11 0.68783 0.561148 0.111662 0.113304 0.979096
12 0.812022 0.43711 0.112356 0.113205 0.978988
8 0.315201 0.809432 0.111887 0.111453 0.978908
8 0.191116 0.809459 0.111464 0.111391 0.978878
12 0.811927 0.561582 0.113357 0.11316 0.978784
12 0.812099 0.685618 0.113201 0.112892 0.978739
7 0.563977 0.313132 0.112397 0.113289 0.978732
13 0.812193 0.313319 0.112693 0.112075 0.978672
2 0.687539 0.189072 0.112214 0.112423 0.978658
3 0.811689 0.189125 0.111927 0.112363 0.978637
8 0.0672041 0.934074 0.112969 0.113135 0.978507
2 0.935747 0.189024 0.110903 0.111816 0.978119
4 0.93651 0.561146 0.113913 0.113619 0.978062
13 0.936283 0.31327 0.113481 0.11227 0.977802
7 0.936594 0.437201 0.113104 0.113469 0.977746
8 0.0675368 0.809389 0.112028 0.112381 0.977518
8 0.687928 0.437438 0.110979 0.111714 0.976823
0 0.0674764 0.561509 0.112277 0.112874 0.976806
5 0.688018 0.561074 0.110788 0.111904 0.0431818
1 0.0668613 0.561068 0.114827 0.112752 0.0219978
5 0.315448 0.68553 0.111161 0.111612 0.0197838
2 0.0672444 0.809164 0.11364 0.112779 0.0170315
2 0.0667395 0.0653094 0.114122 0.112969 0.0141661
2 0.688208 0.43666 0.112236 0.112378 0.0131845
2 0.0671222 0.933782 0.113206 0.11326 0.0108581
5 0.687742 0.933566 0.111032 0.113446 0.00919855
9 0.811604 0.933417 0.112274 0.112181 0.00824868
12 0.811664 0.933414 0.112327 0.112446 0.00758671
10 0.191781 0.933652 0.111746 0.111687 0.00742534
11 0.191818 0.933561 0.111282 0.111427 0.0072279
5 0.0671185 0.685251 0.112972 0.112226 0.00713257
2 0.191413 0.809593 0.112001 0.112007 0.00652467
2 0.315386 0.809476 0.112191 0.11196 0.00645554
7 0.439886 0.561047 0.111148 0.111941 0.00601774
12 0.191967 0.313254 0.111175 0.111554 0.00587356
12 0.439889 0.437577 0.111709 0.111982 0.00566752
3 0.93551 0.189675 0.11197 0.11292 0.00498799
12 0.93618 0.0650485 0.114248 0.113342 0.00490774
12 0.81165 0.189231 0.113381 0.112902 0.00488432
3 0.564326 0.809504 0.11222 0.113272 0.00423856
9 0.190531 0.313358 0.111066 0.111827 0.0040608
7 0.439889 0.437577 0.111709 0.111982 0.00403775
9 0.811584 0.189352 0.113233 0.11337 0.00386932
7 0.811507 0.0647312 0.113497 0.114 0.00383211
11 0.31555 0.809544 0.112522 0.112651 0.00378336
2 0.688109 0.809504 0.111473 0.113112 0.00377634
3 0.688243 0.189718 0.111806 0.113006 0.00375229
7 0.191674 0.0647202 0.111906 0.112165 0.00367334
10 0.0675116 0.313455 0.114627 0.11402 0.00360687
3 0.440057 0.933831 0.112496 0.114141 0.00341366
0 0.68811 0.685693 0.111467 0.110475 0.003403
4 0.0668299 0.313484 0.113165 0.111365 0.00330805
1 0.688085 0.188962 0.11344 0.114438 0.00329328
12 0.686803 0.0652317 0.109874 0.111827 0.00323539
12 0.43948 0.313596 0.111859 0.112626 0.00318115
6 0.936697 0.933484 0.112777 0.113066 0.00306237
1 0.563627 0.933576 0.111282 0.11383 0.00304412
6 0.812497 0.808906 0.111869 0.112134 0.00299871
12 0.439886 0.561047 0.111148 0.111941 0.00295147
6 0.936234 0.0650132 0.112929 0.113532 0.00287285
6 0.811797 0.437022 0.112833 0.113155 0.00282342
2 0.688122 0.561333 0.110763 0.112668 0.00272193
0 0.688131 0.313397 0.11159 0.111413 0.0027198
6 0.812524 0.933479 0.111843 0.113057 0.00262441
4 0.564251 0.561484 0.111859 0.112195 0.00256446
1 0.563979 0.43714 0.112204 0.113486 0.00254094
11 0.191304 0.809558 0.111724 0.11227 0.00250628
8 0.68811 0.685693 0.111467 0.110475 0.00249081
10 0.563973 0.3134 0.113514 0.112959 0.00247274
6 0.811809 0.561245 0.112771 0.113412 0.00236978
8 0.688095 0.188991 0.112229 0.114246 0.00236953
1 0.812108 0.0654138 0.112578 0.11406 0.00236057
10 0.688061 0.0648083 0.111361 0.113125 0.00235879
4 0.688096 0.0649367 0.111603 0.111669 0.00234077
1 0.936518 0.561157 0.113274 0.112955 0.00221321
10 0.19159 0.0649587 0.112656 0.113244 0.00214893
12 0.687881 0.313489 0.111868 0.111745 0.00211454
1 0.315994 0.561369 0.113089 0.113259 0.00209696
1 0.935986 0.188813 0.112586 0.113039 0.00207106
1 0.811423 0.809547 0.11213 0.112077 0.00206549
12 0.936227 0.437445 0.112765 0.113197 0.00205505
12 0.81152 0.809695 0.112338 0.112488 0.00204685
11 0.0674101 0.809437 0.112673 0.112505 0.0020418
4 0.563836 0.313351 0.112993 0.11303 0.00198567
4 0.811527 0.437127 0.113374 0.11215 0.00197224
6 0.563921 0.189252 0.111701 0.112736 0.00196146
11 0.43948 0.313596 0.111859 0.112626 0.00191811
3 0.688082 0.809769 0.112033 0.112957 0.00190768
11 0.0672041 0.934074 0.112969 0.113135 0.00188147
10 0.687651 0.80978 0.111473 0.112328 0.00181816
0 0.688113 0.437293 0.111749 0.113988 0.00180248
4 0.936216 0.436858 0.113316 0.112464 0.00179274
2 0.563801 0.934338 0.113054 0.113977 0.00178704
11 0.68737 0.437175 0.111438 0.111977 0.00175913
9 0.191413 0.809593 0.112001 0.112007 0.00172886
10 0.439434 0.685336 0.111767 0.112016 0.00171726
2 0.813066 0.9338 0.110573 0.110519 0.00171233
12 0.68811 0.685693 0.111467 0.110475 0.00170267
10 0.0673087 0.685044 0.113822 0.113796 0.00170196
3 0.56408 0.0646861 0.111453 0.112848 0.00167664
2 0.936518 0.561157 0.113274 0.112955 0.00166158
4 0.811448 0.56127 0.113321 0.112591 0.00165124
1 0.439694 0.933561 0.114114 0.114503 0.00163366
4 0.688109 0.809504 0.111473 0.113112 0.00162708
1 0.191461 0.0650158 0.112036 0.113424 0.00162618
10 0.43948 0.313596 0.111859 0.112626 0.00157614
1 0.563895 0.809315 0.113435 0.113205 0.00155188
11 0.0671574 0.065212 0.112792 0.113248 0.00154402
4 0.439658 0.809448 0.111495 0.11225 0.00154235
10 0.439429 0.18927 0.111143 0.112173 0.00153215
10 0.439269 0.437784 0.112856 0.112599 0.00153137
4 0.936257 0.80959 0.112354 0.111793 0.00152646
10 0.315778 0.685308 0.112671 0.112024 0.0015235
12 0.812479 0.313354 0.111323 0.111184 0.0015218
11 0.686876 0.809451 0.110311 0.11008 0.00152065
4 0.563629 0.685246 0.111868 0.111354 0.00151057
10 0.936107 0.685267 0.111951 0.112694 0.00150515
1 0.936191 0.0651522 0.111998 0.112469 0.00150419
2 0.812092 0.0652844 0.112525 0.113739 0.00149666
10 0.688028 0.561069 0.111562 0.112359 0.00149285
6 0.936139 0.437145 0.1129 0.112666 0.00148327
4 0.563509 0.189486 0.112105 0.112111 0.00148051
7 0.935744 0.561441 0.11163 0.112128 0.00148039
5 0.935745 0.188919 0.113222 0.113712 0.00146738
6 0.0675675 0.437181 0.113886 0.11251 0.00146572
6 0.191179 0.189178 0.112547 0.112618 0.00145503
0 0.936181 0.809369 0.111559 0.111788 0.00142589
8 0.688131 0.313397 0.11159 0.111413 0.00142454
7 0.936107 0.685267 0.111951 0.112694 0.0014191
8 0.68822 0.933422 0.112429 0.113248 0.00141528
6 0.686832 0.0654185 0.112359 0.111367 0.00138753
4 0.811616 0.685436 0.112472 0.112139 0.00138328
10 0.191008 0.437796 0.111152 0.111613 0.00135347
0 0.0668809 0.188882 0.11222 0.111978 0.00134043
4 0.935961 0.933803 0.112279 0.112069 0.0013285
3 0.190605 0.436638 0.110559 0.109627 0.00131983
10 0.68684 0.933107 0.112 0.112733 0.00130832
0 0.315208 0.313728 0.112783 0.111179 0.0013006
6 0.811424 0.0651323 0.113606 0.112457 0.00130041
1 0.811671 0.933713 0.111745 0.112578 0.00129475
12 0.936031 0.933912 0.113274 0.113712 0.00128595
1 0.936215 0.9338 0.112443 0.112864 0.00128019
1 0.563807 0.0654335 0.111674 0.112224 0.0012766
2 0.688237 0.933439 0.112259 0.113875 0.00126499
6 0.811616 0.685436 0.112472 0.112139 0.00126277
10 0.936334 0.437857 0.110531 0.112809 0.0012548
12 0.315335 0.313708 0.112663 0.111151 0.00124696
4 0.191139 0.437874 0.111546 0.109657 0.00121065
6 0.563975 0.684909 0.111115 0.11167 0.00120341
5 0.563853 0.809821 0.112741 0.113212 0.00119615
5 0.688085 0.188962 0.11344 0.114438 0.00118619
1 0.563658 0.685376 0.111869 0.112099 0.00116613
4 0.066847 0.189594 0.112267 0.112489 0.00115673
11 0.439843 0.437305 0.112398 0.112739 0.00114889
12 0.31507 0.189362 0.111781 0.112632 0.00113426
3 0.81179 0.561222 0.111595 0.112664 0.00113413
2 0.564018 0.436892 0.113027 0.112992 0.00113107
0 0.0668023 0.0653604 0.112091 0.11183 0.00112249
11 0.439265 0.0651795 0.112115 0.111602 0.00111498
12 0.935673 0.685909 0.111262 0.112197 0.00111137
0 0.191208 0.561521 0.112171 0.111192 0.00111035
12 0.563019 0.189384 0.111426 0.112305 0.00109637
1 0.811857 0.189334 0.11259 0.113078 0.00107053
3 0.812147 0.436607 0.110644 0.112247 0.00106718
3 0.315937 0.437492 0.113613 0.112725 0.00106176
3 0.688172 0.313448 0.112294 0.111987 0.00105636
10 0.812108 0.0654138 0.112578 0.11406 0.00104579
10 0.315502 0.0649883 0.111432 0.111711 0.00103398
10 0.935956 0.313624 0.113033 0.111851 0.0010234
3 0.811447 0.685807 0.112111 0.11432 0.0010118
1 0.191434 0.313256 0.11113 0.111523 0.00100248
13 0.686909 0.0649662 0.111977 0.110758 0.00100036
