5 0.935601 0.933994 0.111743 0.111844 0.987254
3 0.191436 0.685479 0.111446 0.112895 0.986688
9 0.191869 0.934154 0.111193 0.112874 0.985421
6 0.439876 0.809391 0.11188 0.113301 0.985071
2 0.439476 0.68522 0.112286 0.112649 0.985043
3 0.191325 0.313517 0.111554 0.113859 0.984654
5 0.191665 0.561822 0.111 0.112129 0.98455
6 0.191593 0.809652 0.111339 0.111836 0.984482
11 0.563019 0.934159 0.111099 0.113603 0.984395
6 0.68748 0.934017 0.111511 0.114251 0.984265
5 0.0671385 0.561931 0.112585 0.112612 0.984121
2 0.439294 0.0647792 0.111533 0.112789 0.983649
1 0.0671014 0.685371 0.112779 0.112554 0.98327
13 0.315616 0.313768 0.111675 0.112694 0.982925
2 0.563497 0.0647159 0.110839 0.113078 0.982755
10 0.315635 0.93366 0.112045 0.113616 0.98268
1 0.315784 0.685598 0.111429 0.111851 0.982418
6 0.0666227 0.313593 0.113299 0.112886 0.98236
11 0.81109 0.933894 0.110958 0.112959 0.982066
10 0.315172 0.436795 0.112658 0.111171 0.98203
6 0.191619 0.188661 0.1124 0.112212 0.981939
13 0.315493 0.0650726 0.112186 0.11216 0.981893
2 0.191865 0.437323 0.110982 0.112092 0.981612
1 0.936495 0.809333 0.112054 0.111689 0.981609
3 0.439871 0.189325 0.112002 0.113651 0.981443
11 0.0661852 0.436997 0.113625 0.112684 0.981391
10 0.439279 0.436908 0.112394 0.111979 0.981296
3 0.935817 0.0647327 0.114058 0.114596 0.98123
8 0.563778 0.809941 0.111654 0.112426 0.98109
1 0.191374 0.0644767 0.111495 0.113266 0.98107
3 0.935635 0.189237 0.113183 0.1134 0.981004
13 0.812168 0.80947 0.111925 0.113551 0.980915
2 0.0673751 0.0645659 0.112593 0.112487 0.980627
1 0.0674059 0.188595 0.11298 0.112892 0.98062
11 0.439645 0.933915 0.112213 0.113549 0.980492
12 0.315434 0.189306 0.112272 0.112947 0.980298
0 0.315766 0.809427 0.111791 0.111996 0.980091
1 0.0666675 0.934254 0.112815 0.113565 0.980045
10 0.563825 0.685392 0.111628 0.112994 0.979802
1 0.43935 0.561723 0.11194 0.11346 0.979575
12 0.564185 0.560973 0.111888 0.11287 0.97931
12 0.439693 0.312814 0.112182 0.112204 0.979266
3 0.687617 0.188785 0.112046 0.11256 0.979262
10 0.563681 0.312837 0.111879 0.113337 0.979237
7 0.811827 0.0650162 0.112119 0.112147 0.978832
0 0.3154 0.561192 0.111791 0.113156 0.978815
12 0.936322 0.685486 0.112514 0.112265 0.978814
9 0.812313 0.437014 0.112597 0.113932 0.978797
6 0.812082 0.312885 0.112329 0.111181 0.978752
0 0.687743 0.43701 0.112118 0.11305 0.978572
0 0.811786 0.561493 0.112296 0.112432 0.978346
2 0.563674 0.437415 0.111724 0.111841 0.978299
10 0.936884 0.312779 0.113326 0.113384 0.978296
0 0.936122 0.436985 0.112802 0.112569 0.978282
12 0.563664 0.188872 0.112073 0.112556 0.977817
7 0.811786 0.68582 0.111764 0.112058 0.977789
11 0.687663 0.685179 0.112102 0.113762 0.977635
11 0.687432 0.31307 0.111484 0.113052 0.977503
2 0.687823 0.561101 0.112331 0.112792 0.977343
8 0.687828 0.809907 0.11171 0.112682 0.977329
8 0.687888 0.064216 0.111322 0.11289 0.97728
11 0.93644 0.561459 0.113021 0.113569 0.976924
13 0.811704 0.189163 0.111626 0.111878 0.976535
0 0.067642 0.809209 0.111924 0.113591 0.97616
6 0.563611 0.188915 0.111454 0.112785 0.0563912
7 0.811245 0.189536 0.112588 0.113199 0.0331286
1 0.0670312 0.809062 0.112994 0.112466 0.0198491
5 0.936085 0.560909 0.11226 0.111431 0.0174181
4 0.315771 0.43725 0.112484 0.112997 0.0162889
2 0.687999 0.80963 0.111453 0.112094 0.0148376
5 0.688169 0.68515 0.112816 0.113638 0.014393
12 0.811601 0.685578 0.112455 0.112796 0.0106494
5 0.563376 0.934166 0.111805 0.113568 0.00846404
4 0.440147 0.437597 0.112114 0.113607 0.00846385
5 0.688066 0.313424 0.112074 0.112692 0.00764611
6 0.43954 0.31307 0.111855 0.112589 0.00710444
7 0.315485 0.313439 0.11092 0.112372 0.00702842
3 0.812285 0.437059 0.112447 0.113428 0.00682518
2 0.564281 0.809954 0.111666 0.111719 0.00669464
2 0.688188 0.0642085 0.111203 0.111714 0.00647064
7 0.315294 0.0650419 0.111318 0.112603 0.00618487
6 0.315644 0.188899 0.112101 0.112498 0.00597475
1 0.811644 0.560985 0.113299 0.112477 0.00586886
11 0.564281 0.809954 0.111666 0.111719 0.00568912
6 0.935926 0.0650081 0.11368 0.113369 0.00562229
1 0.315526 0.561202 0.113141 0.112662 0.00533887
5 0.0661852 0.436997 0.113625 0.112684 0.00529777
5 0.811245 0.934033 0.110753 0.113216 0.00524393
6 0.439449 0.189103 0.112127 0.112223 0.00494265
12 0.811465 0.0648532 0.112317 0.112199 0.00469238
4 0.439449 0.189103 0.112127 0.112223 0.00467619
11 0.687985 0.809974 0.112755 0.11193 0.00441332
4 0.563611 0.188915 0.111454 0.112785 0.00434959
1 0.688266 0.933186 0.111829 0.113205 0.004022
6 0.191786 0.313088 0.112041 0.111964 0.00395859
10 0.811256 0.933518 0.110872 0.111475 0.00379066
12 0.81144 0.809673 0.111859 0.112612 0.00362671
5 0.811245 0.189536 0.112588 0.113199 0.00337746
6 0.811665 0.685294 0.11152 0.112582 0.00335465
6 0.191363 0.68533 0.112031 0.111966 0.00335015
10 0.686733 0.313226 0.112712 0.112955 0.00333387
0 0.0669371 0.188447 0.112903 0.112795 0.00327705
13 0.439507 0.43733 0.111341 0.112247 0.00324425
11 0.687838 0.0649949 0.111838 0.112291 0.00316145
1 0.190922 0.437953 0.109005 0.108939 0.00299914
1 0.688046 0.436721 0.112634 0.113116 0.00281753
6 0.563746 0.561355 0.112486 0.113243 0.00281721
0 0.93665 0.685367 0.111277 0.112496 0.00280424
0 0.191374 0.0644767 0.111495 0.113266 0.00273741
3 0.811969 0.312831 0.112796 0.112899 0.00269312
2 0.191127 0.685463 0.111918 0.112162 0.00268076
4 0.563825 0.685392 0.111628 0.112994 0.00266173
8 0.688186 0.56103 0.111374 0.112071 0.00253512
6 0.8114 0.0645514 0.112159 0.110692 0.00250304
0 0.936639 0.809273 0.111087 0.112065 0.00249236
4 0.563646 0.313887 0.1111 0.112854 0.00245781
3 0.191806 0.933685 0.111646 0.111656 0.00241579
7 0.811449 0.809187 0.11305 0.11233 0.00236752
1 0.688173 0.561005 0.112997 0.113066 0.00230114
12 0.563851 0.31311 0.111868 0.112906 0.0022846
3 0.191186 0.43745 0.112992 0.111939 0.00227299
10 0.68679 0.684858 0.112828 0.113228 0.00227043
10 0.936047 0.561419 0.111604 0.113227 0.002238
1 0.563631 0.43672 0.111582 0.11315 0.00221502
4 0.315663 0.685355 0.112521 0.112833 0.00220503
2 0.688169 0.68515 0.112816 0.113638 0.00220295
4 0.315635 0.93366 0.112045 0.113616 0.00217142
12 0.812783 0.436661 0.111446 0.112778 0.00214622
12 0.81142 0.18855 0.111856 0.112186 0.00214204
7 0.936755 0.685685 0.112549 0.112123 0.00213131
0 0.813076 0.437481 0.111915 0.113442 0.00205517
10 0.934996 0.933599 0.111873 0.112491 0.00197324
10 0.811307 0.188863 0.113215 0.112518 0.00196727
5 0.439643 0.934165 0.111835 0.113537 0.00195493
1 0.56363 0.0642981 0.111997 0.113011 0.00194422
0 0.0668759 0.934112 0.113782 0.114173 0.001915
1 0.0672269 0.0647627 0.112564 0.111936 0.00190019
13 0.936174 0.313182 0.110743 0.111707 0.00189457
10 0.0667816 0.43674 0.112791 0.113186 0.00187402
0 0.439629 0.561093 0.11153 0.11269 0.0018684
10 0.191365 0.560903 0.111259 0.111681 0.00186063
2 0.688089 0.189331 0.112297 0.112002 0.00182563
1 0.811319 0.312572 0.110327 0.113261 0.00181023
4 0.936727 0.313483 0.111529 0.114329 0.00179472
13 0.563126 0.312948 0.11125 0.111854 0.00178683
4 0.811834 0.685141 0.112999 0.112364 0.00177974
6 0.935733 0.189182 0.113128 0.11315 0.00174411
12 0.93542 0.188978 0.112226 0.112175 0.00172731
10 0.439251 0.933983 0.111339 0.111248 0.00171505
7 0.936269 0.312507 0.113364 0.114251 0.00170492
1 0.439704 0.0644093 0.111774 0.113496 0.00167285
1 0.439777 0.684747 0.112768 0.112259 0.00165572
12 0.563744 0.685506 0.112014 0.112848 0.00160751
6 0.686838 0.189028 0.113091 0.113383 0.00158136
4 0.687496 0.189055 0.112155 0.112807 0.0015548
0 0.314931 0.68546 0.111486 0.112176 0.00152327
12 0.439551 0.189117 0.111839 0.112744 0.00152115
3 0.439876 0.809391 0.11188 0.113301 0.00151818
13 0.315178 0.436809 0.111419 0.112496 0.00151709
4 0.191786 0.313088 0.112041 0.111964 0.00150802
3 0.191384 0.809625 0.112292 0.112738 0.00150333
12 0.315717 0.933894 0.111954 0.113783 0.00149905
9 0.687627 0.685474 0.111901 0.112531 0.00149587
0 0.688176 0.0645381 0.111646 0.113285 0.00149013
3 0.564362 0.437124 0.111172 0.112706 0.00148252
7 0.43934 0.436494 0.110842 0.114155 0.00146208
0 0.0668732 0.685194 0.112893 0.11269 0.00145552
13 0.315525 0.93373 0.111907 0.111676 0.00145263
9 0.688089 0.189331 0.112297 0.112002 0.00143523
7 0.315287 0.436389 0.110836 0.113612 0.00142962
4 0.811176 0.0650555 0.113323 0.112604 0.00141904
12 0.812099 0.561492 0.111942 0.11267 0.0014021
12 0.687617 0.188785 0.112046 0.11256 0.00138602
2 0.315663 0.685355 0.112521 0.112833 0.00138343
4 0.1912 0.561017 0.111655 0.112078 0.00136957
3 0.687708 0.933856 0.111051 0.112308 0.00136273
12 0.19186 0.933459 0.112791 0.113202 0.00135435
3 0.0665446 0.313341 0.113121 0.112858 0.00135022
12 0.191786 0.313088 0.112041 0.111964 0.00134984
1 0.440074 0.809434 0.111674 0.111957 0.0013331
3 0.935797 0.933685 0.112694 0.111198 0.00132484
1 0.191832 0.188729 0.112087 0.111987 0.00132235
12 0.315567 0.437105 0.112556 0.112798 0.00131803
1 0.191363 0.68533 0.112031 0.111966 0.0013179
4 0.935926 0.0650081 0.11368 0.113369 0.00131132
12 0.935404 0.0650503 0.111976 0.112094 0.00128995
13 0.563439 0.68549 0.111863 0.111999 0.00127642
5 0.688173 0.561005 0.112997 0.113066 0.00125139
12 0.439676 0.437154 0.112928 0.113225 0.00123997
1 0.315734 0.80927 0.111753 0.112542 0.00123964
2 0.688066 0.313424 0.112074 0.112692 0.00122615
1 0.935869 0.064929 0.112603 0.11296 0.001216
7 0.563571 0.313257 0.111376 0.11228 0.00120925
4 0.0671014 0.685371 0.112779 0.112554 0.0011625
4 0.93542 0.188978 0.112226 0.112175 0.00115949
3 0.19105 0.188814 0.111767 0.112325 0.00115888
8 0.190922 0.437953 0.109005 0.108939 0.00115438
3 0.0665623 0.0644724 0.113498 0.111969 0.00115428
4 0.19098 0.685381 0.111519 0.111825 0.00115157
4 0.439574 0.561156 0.112021 0.112915 0.0011446
3 0.687923 0.561006 0.11196 0.112702 0.00113989
12 0.315282 0.313479 0.111555 0.111801 0.00113306
7 0.31581 0.933166 0.112289 0.114315 0.00111362
7 0.0674516 0.313667 0.112929 0.112142 0.00110604
1 0.192018 0.809958 0.111616 0.112367 0.00108029
13 0.563122 0.933942 0.110891 0.113505 0.00107356
1 0.935575 0.189282 0.11255 0.11259 0.00106351
11 0.811754 0.809753 0.113312 0.113407 0.0010607
9 0.936194 0.437349 0.112364 0.112683 0.00105058
1 0.936138 0.436527 0.11267 0.112994 0.00102775
5 0.563284 0.685221 0.111413 0.111902 0.0010058
13 0.936562 0.685614 0.113269 0.112345 0.00100021
