7 0.439753 0.934284 0.112018 0.113382 0.986066
3 0.0677806 0.809668 0.112469 0.113694 0.985824
2 0.315325 0.933863 0.113359 0.113745 0.985413
5 0.563856 0.934081 0.111084 0.112973 0.98514
7 0.439575 0.809698 0.111732 0.112184 0.985137
2 0.563728 0.685419 0.112111 0.112468 0.984734
6 0.439528 0.685143 0.112229 0.112804 0.98461
3 0.191279 0.437416 0.111101 0.113155 0.984597
9 0.191374 0.809203 0.111899 0.112078 0.984538
2 0.4392 0.0648066 0.112005 0.113377 0.98443
13 0.191302 0.933685 0.112351 0.113562 0.984413
4 0.0672368 0.56148 0.11409 0.113916 0.984264
9 0.192014 0.0650588 0.111402 0.112558 0.983952
5 0.93677 0.809966 0.111716 0.110893 0.98376
3 0.0672278 0.313244 0.112059 0.11373 0.983609
3 0.811694 0.809726 0.11354 0.113842 0.983585
9 0.687757 0.809832 0.111643 0.112184 0.983373
6 0.315589 0.188715 0.111466 0.112189 0.983288
11 0.936143 0.933779 0.112304 0.11152 0.98322
13 0.191328 0.189388 0.112153 0.11249 0.982967
0 0.191363 0.685379 0.11199 0.111132 0.982882
4 0.563606 0.0648799 0.113097 0.114078 0.98274
4 0.439531 0.312958 0.112509 0.113087 0.982703
6 0.192134 0.561347 0.111325 0.112046 0.982628
6 0.191391 0.313326 0.111428 0.112196 0.982623
11 0.0673135 0.0645373 0.113308 0.112646 0.982217
12 0.315758 0.437292 0.111644 0.111652 0.981909
1 0.0671138 0.189288 0.112773 0.11266 0.981777
2 0.0672314 0.685592 0.113027 0.112644 0.98158
2 0.315258 0.561239 0.112593 0.112441 0.981493
11 0.811964 0.933917 0.111601 0.112752 0.981363
2 0.563334 0.189564 0.111805 0.113202 0.98125
13 0.0672582 0.934074 0.11382 0.11386 0.981201
12 0.563993 0.809462 0.111744 0.112992 0.980885
0 0.315162 0.312388 0.112519 0.112422 0.980568
13 0.935889 0.0651791 0.113799 0.113661 0.980339
3 0.439728 0.561453 0.111184 0.11298 0.980205
9 0.439547 0.437435 0.112004 0.113199 0.980205
2 0.439287 0.188889 0.112494 0.112717 0.980054
4 0.687856 0.561145 0.113187 0.113411 0.979812
10 0.0673985 0.437313 0.112953 0.111626 0.979673
12 0.5636 0.437213 0.112366 0.112161 0.979657
8 0.315242 0.0647615 0.111627 0.112591 0.97953
5 0.563573 0.312938 0.112084 0.112386 0.979154
6 0.812491 0.561625 0.113069 0.112449 0.979077
3 0.811931 0.437435 0.112196 0.112647 0.978829
2 0.563617 0.561222 0.112386 0.114466 0.978585
6 0.812606 0.685758 0.112675 0.111459 0.978575
10 0.688211 0.0642906 0.112124 0.113593 0.978566
1 0.936513 0.561207 0.113655 0.112702 0.978468
6 0.935878 0.188856 0.11184 0.112184 0.978279
5 0.687914 0.685534 0.112383 0.112025 0.978045
13 0.936519 0.437135 0.113919 0.113905 0.978036
3 0.812025 0.0646488 0.111156 0.113062 0.977989
8 0.688724 0.934292 0.111971 0.114607 0.977989
2 0.812422 0.312906 0.112664 0.113597 0.97778
8 0.93647 0.685041 0.110775 0.112246 0.9776
10 0.688307 0.437015 0.112537 0.112924 0.977528
8 0.316105 0.685182 0.110249 0.112513 0.977351
8 0.688398 0.189233 0.111273 0.112106 0.976977
8 0.688051 0.313398 0.111323 0.11206 0.97693
8 0.315928 0.809595 0.110855 0.113346 0.976841
10 0.937025 0.312916 0.112433 0.112468 0.976543
8 0.812033 0.189149 0.110976 0.112138 0.97418
4 0.0669661 0.437855 0.112279 0.108565 0.047234
2 0.315288 0.809381 0.113088 0.11291 0.0385519
2 0.315639 0.68526 0.111995 0.112024 0.0306225
2 0.688343 0.313074 0.111078 0.112116 0.0206437
4 0.93606 0.313772 0.112862 0.111625 0.0137472
2 0.813009 0.188768 0.109253 0.113118 0.0131533
2 0.936185 0.685255 0.113179 0.112348 0.0114221
2 0.688494 0.188731 0.112012 0.112759 0.0112688
2 0.315012 0.0644487 0.11252 0.113511 0.01103
4 0.688363 0.437487 0.112267 0.112365 0.0100671
2 0.688296 0.933783 0.111965 0.112678 0.00659496
5 0.812024 0.934069 0.111609 0.111612 0.00602177
13 0.687609 0.437282 0.111467 0.111424 0.00547425
5 0.93606 0.313772 0.112862 0.111625 0.00461654
1 0.812089 0.313364 0.111768 0.113125 0.00456462
1 0.688336 0.56127 0.113044 0.113347 0.00452567
4 0.688327 0.0649568 0.112622 0.113164 0.00441312
3 0.812998 0.68527 0.111046 0.112574 0.00427807
0 0.688121 0.80924 0.112781 0.112542 0.00418462
7 0.688357 0.437439 0.112926 0.113526 0.00415816
3 0.191804 0.809533 0.11038 0.111895 0.00403863
6 0.564253 0.437369 0.112121 0.11289 0.00400723
3 0.812855 0.561499 0.112082 0.113639 0.00389823
5 0.811608 0.313088 0.114097 0.112905 0.00380433
1 0.0668871 0.561142 0.115752 0.114727 0.00377109
5 0.936143 0.933779 0.112304 0.11152 0.00364586
10 0.935987 0.933537 0.110236 0.112707 0.00350592
3 0.440172 0.436653 0.111439 0.112732 0.00346821
8 0.813088 0.93362 0.110344 0.113355 0.00345987
7 0.0669544 0.436468 0.111192 0.111759 0.00335627
7 0.688384 0.0648349 0.112448 0.113531 0.00332479
8 0.813056 0.313327 0.110617 0.113957 0.00330569
6 0.315892 0.437171 0.112092 0.112619 0.00324213
3 0.315364 0.561239 0.113665 0.112883 0.00322821
2 0.813099 0.933378 0.110849 0.112439 0.00316407
12 0.688363 0.437487 0.112267 0.112365 0.00309414
9 0.811592 0.933183 0.110483 0.11134 0.0030055
3 0.68748 0.809568 0.111549 0.113033 0.00298381
10 0.8117 0.933268 0.109662 0.110718 0.0029386
12 0.191782 0.0647542 0.112243 0.112105 0.00290846
13 0.0666605 0.436695 0.110832 0.111258 0.00289853
12 0.688327 0.0649568 0.112622 0.113164 0.00282789
1 0.439952 0.313197 0.112132 0.113588 0.00277086
2 0.688222 0.685541 0.111968 0.112337 0.00275065
0 0.936618 0.560874 0.1131 0.11154 0.00256128
7 0.687268 0.560985 0.111755 0.112533 0.00253285
1 0.563904 0.0648191 0.11359 0.114005 0.00250045
3 0.0665213 0.685197 0.114775 0.112476 0.00242309
7 0.439423 0.312956 0.111561 0.111928 0.00236835
6 0.564164 0.809329 0.111513 0.11283 0.00236069
3 0.191622 0.560879 0.112502 0.112719 0.00235956
12 0.191675 0.93378 0.111472 0.111608 0.00235542
1 0.563669 0.561277 0.112507 0.113768 0.00233027
12 0.19177 0.43746 0.111199 0.111366 0.00227994
4 0.440067 0.933836 0.112071 0.113623 0.00225072
7 0.936553 0.436672 0.113989 0.113943 0.00224142
12 0.93614 0.437156 0.113189 0.114536 0.00222375
11 0.315195 0.809354 0.11167 0.111389 0.00221776
3 0.191276 0.313022 0.110216 0.112375 0.00219736
13 0.936721 0.312941 0.111471 0.111271 0.00219446
1 0.563932 0.685315 0.112455 0.112999 0.00218979
12 0.440172 0.436653 0.111439 0.112732 0.00217744
13 0.688371 0.0643931 0.11181 0.112101 0.00217519
6 0.811529 0.809951 0.110983 0.11353 0.00215762
6 0.067765 0.313309 0.113056 0.1147 0.00215432
11 0.688494 0.188731 0.112012 0.112759 0.00212295
11 0.315387 0.685075 0.111143 0.11113 0.00211017
3 0.191782 0.0647542 0.112243 0.112105 0.00209951
7 0.936205 0.312467 0.112515 0.114186 0.00208661
1 0.563424 0.189358 0.112122 0.112106 0.0020786
3 0.688202 0.685706 0.112564 0.112526 0.00201389
3 0.440244 0.685353 0.111668 0.112231 0.00197291
4 0.688222 0.685541 0.111968 0.112337 0.0019578
3 0.564301 0.685282 0.111406 0.112019 0.00187227
3 0.93597 0.188932 0.112589 0.113623 0.0018403
1 0.439243 0.189186 0.112207 0.112284 0.00181057
1 0.315578 0.561067 0.113026 0.113568 0.00175898
4 0.439902 0.809238 0.111786 0.112627 0.00175855
11 0.688256 0.934097 0.112508 0.1127 0.00171464
12 0.688121 0.80924 0.112781 0.112542 0.00170578
1 0.439256 0.0646705 0.112086 0.112146 0.0017013
10 0.0672072 0.934036 0.111828 0.112837 0.001699
3 0.564005 0.561258 0.112316 0.112939 0.00169684
4 0.564301 0.685282 0.111406 0.112019 0.00168047
8 0.688155 0.809431 0.113554 0.113567 0.00164849
2 0.688336 0.56127 0.113044 0.113347 0.00164249
1 0.315782 0.933466 0.112914 0.114063 0.00161941
12 0.192045 0.809409 0.111682 0.111838 0.00157213
5 0.0669682 0.0650213 0.114241 0.113402 0.00157092
6 0.19177 0.43746 0.111199 0.111366 0.00156736
12 0.93606 0.313772 0.112862 0.111625 0.00155262
6 0.811653 0.437249 0.110781 0.1132 0.00154225
13 0.0666345 0.0646931 0.113976 0.112158 0.0015283
1 0.811565 0.809756 0.112052 0.112718 0.00152266
10 0.936839 0.810085 0.112276 0.112347 0.00150269
6 0.811648 0.0648273 0.11102 0.113174 0.00150237
0 0.067151 0.188641 0.112816 0.112279 0.00149867
1 0.0670902 0.685404 0.113021 0.11188 0.00149701
1 0.315162 0.312388 0.112519 0.112422 0.0014952
11 0.812327 0.18933 0.110157 0.112315 0.00146591
5 0.563608 0.189379 0.113965 0.113167 0.00145152
2 0.688141 0.809686 0.111654 0.112451 0.0014444
12 0.439457 0.561242 0.111827 0.112419 0.00143811
9 0.812081 0.809436 0.112079 0.114664 0.00143699
12 0.811529 0.809951 0.110983 0.11353 0.00143674
0 0.439848 0.436751 0.111029 0.114626 0.00143497
4 0.563843 0.313319 0.111269 0.111642 0.00143096
5 0.688327 0.0649568 0.112622 0.113164 0.00142547
3 0.315297 0.189013 0.111145 0.112356 0.00140896
12 0.811648 0.0648273 0.11102 0.113174 0.00139389
11 0.688343 0.313074 0.111078 0.112116 0.0013919
1 0.0670469 0.809364 0.112739 0.112903 0.00137407
5 0.688364 0.437146 0.112569 0.112443 0.00136081
12 0.811653 0.437249 0.110781 0.1132 0.00134239
9 0.191172 0.436595 0.11098 0.113308 0.00133896
9 0.812428 0.436568 0.11126 0.11319 0.00133811
6 0.564139 0.0646907 0.111804 0.114067 0.00132495
5 0.563851 0.685638 0.112761 0.112483 0.00130392
5 0.0667959 0.684678 0.112287 0.111951 0.00129708
12 0.0671308 0.313229 0.11264 0.113799 0.0012914
3 0.563901 0.189576 0.112176 0.112775 0.00129009
0 0.811833 0.188721 0.111255 0.112566 0.00126505
7 0.56339 0.064488 0.112043 0.112921 0.00123204
0 0.936176 0.685754 0.111498 0.11319 0.00120175
4 0.564005 0.561258 0.112316 0.112939 0.00119445
4 0.0671138 0.189288 0.112773 0.11266 0.00119124
4 0.93671 0.561497 0.111562 0.112106 0.00117982
9 0.935772 0.933729 0.110496 0.111527 0.00116647
2 0.067765 0.313309 0.113056 0.1147 0.00115429
9 0.811576 0.0646999 0.111651 0.112735 0.00114379
10 0.56397 0.934233 0.111084 0.111932 0.00113348
2 0.811529 0.809951 0.110983 0.11353 0.00113127
6 0.0670469 0.809364 0.112739 0.112903 0.00112025
1 0.812998 0.68527 0.111046 0.112574 0.00111658
1 0.439572 0.561248 0.112111 0.112467 0.0011125
5 0.067057 0.437411 0.112372 0.111941 0.00109072
2 0.0669108 0.809108 0.115487 0.114181 0.00108198
5 0.315194 0.933484 0.11214 0.111693 0.00107526
3 0.315325 0.933863 0.113359 0.113745 0.00106847
1 0.811549 0.0649144 0.111726 0.11233 0.0010612
2 0.563519 0.313397 0.113283 0.112305 0.00106066
3 0.812059 0.313743 0.112678 0.112329 0.00105717
12 0.066712 0.934 0.112002 0.112052 0.00104443
1 0.811931 0.437435 0.112196 0.112647 0.00103648
9 0.067265 0.311943 0.109655 0.116292 0.00102535
10 0.0666345 0.0646931 0.113976 0.112158 0.00101932
10 0.687934 0.685809 0.11111 0.111462 0.00101847
1 0.0667836 0.312882 0.113112 0.113481 0.00100984
6 0.0665556 0.561134 0.112828 0.113133 0.00100656
3 0.563498 0.313281 0.113609 0.113151 0.00100625
10 0.936231 0.0650605 0.111593 0.112011 0.00100554
11 0.0668996 0.933816 0.113328 0.113551 0.00100223
