9 0.31545 0.809859 0.112717 0.112659 0.98864
9 0.935103 0.933856 0.113474 0.113949 0.988121
9 0.315219 0.685514 0.112009 0.112451 0.987169
9 0.191111 0.685414 0.112413 0.112317 0.987074
10 0.563587 0.933768 0.111831 0.114514 0.985593
1 0.315392 0.933862 0.11196 0.112874 0.985475
2 0.563493 0.809859 0.112339 0.112561 0.985151
2 0.439321 0.809892 0.112298 0.112858 0.984906
5 0.687544 0.93372 0.112049 0.113873 0.984303
4 0.93607 0.809632 0.112677 0.112286 0.984184
1 0.191254 0.809581 0.111665 0.112484 0.984026
9 0.0672715 0.189043 0.112685 0.112433 0.983986
0 0.439696 0.93372 0.112213 0.113001 0.983925
5 0.3159 0.561435 0.110901 0.112285 0.983921
4 0.315184 0.437021 0.112316 0.112614 0.983628
11 0.190935 0.561351 0.111448 0.112564 0.983566
13 0.93605 0.0657893 0.112458 0.114423 0.983535
4 0.191877 0.933836 0.111364 0.112374 0.983528
11 0.0665553 0.437219 0.112783 0.112392 0.983049
6 0.19131 0.43713 0.111591 0.112257 0.982904
4 0.191444 0.313039 0.112246 0.11228 0.982829
3 0.0671901 0.31376 0.112245 0.11314 0.982474
7 0.191204 0.189078 0.113713 0.112407 0.982413
11 0.562965 0.065132 0.111532 0.113343 0.982087
9 0.563514 0.685452 0.111633 0.113198 0.98204
2 0.191463 0.0646466 0.110876 0.111893 0.982023
11 0.811248 0.933695 0.112004 0.113847 0.981513
1 0.687743 0.808931 0.111947 0.113309 0.981512
12 0.0671099 0.561523 0.111826 0.112302 0.980705
6 0.812215 0.0649276 0.113099 0.11384 0.980214
9 0.439712 0.188912 0.111586 0.112791 0.980202
13 0.563349 0.437381 0.112642 0.113735 0.980123
0 0.315318 0.0641593 0.112159 0.112966 0.980006
12 0.0669388 0.809819 0.112426 0.112257 0.980006
6 0.439607 0.437486 0.111258 0.111928 0.979771
1 0.43931 0.561135 0.112753 0.113345 0.979731
3 0.439148 0.313331 0.11191 0.112452 0.97959
10 0.687955 0.561262 0.112348 0.113094 0.97929
0 0.811895 0.808802 0.112286 0.112757 0.979289
7 0.687434 0.437036 0.111888 0.112055 0.979285
9 0.687667 0.313399 0.111997 0.111906 0.979266
12 0.687953 0.0645217 0.111742 0.11283 0.979152
2 0.0670215 0.685282 0.112625 0.112128 0.979127
3 0.563485 0.189052 0.112951 0.113179 0.979098
12 0.936377 0.312788 0.112026 0.113113 0.979096
4 0.812141 0.188411 0.112632 0.112818 0.978776
0 0.439419 0.685172 0.112163 0.113417 0.978757
2 0.935718 0.685731 0.112516 0.111972 0.978726
0 0.314926 0.312934 0.113296 0.11177 0.978725
1 0.812026 0.684749 0.113026 0.112554 0.978499
11 0.812168 0.312909 0.11263 0.114209 0.978342
0 0.563306 0.561752 0.112023 0.112401 0.978312
11 0.68748 0.188753 0.112362 0.114118 0.978253
6 0.936624 0.561228 0.113593 0.112636 0.978241
0 0.563224 0.313147 0.111969 0.11369 0.978206
8 0.439631 0.0649507 0.110962 0.111308 0.978196
0 0.687705 0.684933 0.11198 0.112507 0.978178
9 0.812 0.436999 0.111831 0.113058 0.978042
0 0.0673259 0.0646553 0.111704 0.112597 0.977831
2 0.936014 0.436814 0.112958 0.113207 0.977728
0 0.935722 0.188648 0.112645 0.111387 0.977603
8 0.067136 0.933785 0.112152 0.112651 0.976765
8 0.315032 0.189082 0.112624 0.112687 0.976289
8 0.81165 0.561626 0.110857 0.111496 0.975811
2 0.811907 0.561351 0.111164 0.112512 0.0168301
1 0.0669438 0.0638772 0.113154 0.112926 0.0128211
1 0.563555 0.560808 0.111968 0.112704 0.00913444
11 0.688116 0.933222 0.112685 0.11408 0.00906801
7 0.191956 0.933526 0.111795 0.11196 0.00891456
2 0.688145 0.93285 0.113503 0.115129 0.00677808
10 0.811665 0.312678 0.111433 0.113534 0.00660983
10 0.686793 0.188718 0.113228 0.114014 0.0065751
2 0.439812 0.0647883 0.112018 0.112891 0.00613704
12 0.687628 0.313508 0.111652 0.112179 0.00588524
2 0.0669315 0.934081 0.113637 0.113734 0.00588366
6 0.0670886 0.561689 0.112187 0.11241 0.00582491
7 0.19126 0.312955 0.111107 0.111483 0.00542911
6 0.191956 0.933526 0.111795 0.11196 0.0054209
1 0.563412 0.312715 0.112363 0.113535 0.00495655
6 0.687951 0.0651794 0.111146 0.11354 0.0048427
1 0.687659 0.684807 0.112038 0.111535 0.00483467
5 0.687213 0.189244 0.112254 0.113197 0.00479714
2 0.315281 0.188957 0.112349 0.113272 0.00473467
6 0.0668726 0.809983 0.113205 0.113261 0.00458742
10 0.935462 0.0649073 0.11034 0.111846 0.00454855
0 0.68803 0.313109 0.111687 0.113267 0.00453758
11 0.0671574 0.93423 0.113234 0.11298 0.00424873
1 0.315593 0.437059 0.111991 0.112972 0.00390664
10 0.0664539 0.436734 0.114167 0.11307 0.00381263
12 0.812659 0.436685 0.111243 0.112547 0.00356421
3 0.936454 0.561194 0.112633 0.113205 0.00353236
1 0.315212 0.312781 0.112512 0.112887 0.00352158
1 0.439523 0.685165 0.111836 0.112779 0.00350611
10 0.687709 0.9336 0.111524 0.112211 0.00341063
5 0.935957 0.685413 0.11329 0.114349 0.00332808
13 0.687756 0.561365 0.111066 0.111849 0.00332288
11 0.315601 0.189039 0.111985 0.112585 0.00321987
12 0.439507 0.313 0.111786 0.112051 0.0031699
1 0.19157 0.312902 0.112764 0.112439 0.00316692
12 0.935681 0.933946 0.112293 0.114051 0.00309615
5 0.563397 0.0650905 0.111686 0.11312 0.00308413
11 0.811485 0.561431 0.110689 0.112769 0.00304321
3 0.812383 0.064695 0.113424 0.11411 0.00300949
6 0.936345 0.313196 0.112014 0.112971 0.00300896
1 0.811898 0.188675 0.112021 0.113482 0.00299035
3 0.811464 0.437586 0.110737 0.11204 0.00298653
3 0.191211 0.436748 0.113055 0.113152 0.00290142
2 0.811898 0.188675 0.112021 0.113482 0.00285693
8 0.811377 0.932972 0.111233 0.113172 0.00279375
2 0.315593 0.437059 0.111991 0.112972 0.00278152
12 0.0671814 0.189067 0.113473 0.113517 0.00270033
12 0.439232 0.189127 0.112691 0.112496 0.00266038
12 0.686847 0.437394 0.110997 0.113973 0.00264202
1 0.811895 0.808802 0.112286 0.112757 0.00254514
1 0.315318 0.0641593 0.112159 0.112966 0.00253438
10 0.811695 0.188756 0.111663 0.113532 0.00249242
4 0.688206 0.561774 0.111438 0.113098 0.00248072
3 0.935681 0.933946 0.112293 0.114051 0.00236596
3 0.439397 0.436951 0.112646 0.112961 0.00236572
1 0.191216 0.436682 0.109576 0.111003 0.00236399
5 0.935857 0.436803 0.113357 0.114613 0.00235168
1 0.191641 0.933916 0.112586 0.113836 0.00235076
5 0.812259 0.312822 0.110889 0.112936 0.00232355
3 0.688069 0.313325 0.113092 0.113353 0.00227689
0 0.688024 0.80882 0.1115 0.111667 0.00224532
11 0.439812 0.0647883 0.112018 0.112891 0.00223979
0 0.812275 0.684872 0.111052 0.111604 0.00214915
7 0.935616 0.809602 0.111594 0.112367 0.00212603
10 0.191124 0.561194 0.111954 0.113168 0.00212064
6 0.686882 0.437579 0.114349 0.113589 0.00204311
1 0.93609 0.436581 0.111293 0.112834 0.00203287
4 0.688123 0.437143 0.112052 0.113192 0.00202928
3 0.0665698 0.685435 0.114724 0.112852 0.00199571
0 0.688137 0.0649244 0.11056 0.113794 0.00196774
7 0.688206 0.561774 0.111438 0.113098 0.00196163
0 0.812347 0.437999 0.11238 0.113945 0.001846
1 0.936306 0.809445 0.112483 0.113565 0.00179888
6 0.0676813 0.313675 0.11275 0.112664 0.001766
13 0.811229 0.933788 0.11221 0.113198 0.00172819
4 0.688024 0.80882 0.1115 0.111667 0.00169885
5 0.439287 0.809705 0.113091 0.112298 0.00168292
1 0.811625 0.06454 0.110951 0.113429 0.00167162
1 0.439397 0.436951 0.112646 0.112961 0.001666
0 0.9361 0.313274 0.113323 0.112645 0.0016511
3 0.563832 0.80944 0.11085 0.112391 0.00162712
12 0.191094 0.685342 0.111843 0.112648 0.0016219
10 0.81145 0.933184 0.111227 0.112867 0.00161185
7 0.811542 0.187751 0.112744 0.114088 0.00160915
13 0.563397 0.0650905 0.111686 0.11312 0.0016065
13 0.0665553 0.437219 0.112783 0.112392 0.00158545
2 0.68812 0.808749 0.112982 0.113062 0.00155564
4 0.439403 0.561056 0.111929 0.112457 0.00154865
12 0.563305 0.188713 0.111813 0.112682 0.00153865
12 0.315535 0.809548 0.112506 0.112997 0.00153606
3 0.191116 0.685333 0.111757 0.111935 0.00152978
1 0.936536 0.561094 0.113704 0.114034 0.00152734
10 0.563392 0.0647701 0.110671 0.112332 0.00152159
4 0.811874 0.684847 0.112191 0.112026 0.00149846
5 0.811229 0.933788 0.11221 0.113198 0.00149396
0 0.563507 0.685057 0.111675 0.112654 0.00148525
3 0.439321 0.809892 0.112298 0.112858 0.00147141
5 0.688166 0.561548 0.111429 0.112425 0.0014663
9 0.811377 0.932972 0.111233 0.113172 0.00146362
12 0.315215 0.685343 0.111786 0.112952 0.00144587
12 0.563507 0.685057 0.111675 0.112654 0.00144291
5 0.563694 0.809888 0.112935 0.111816 0.00143038
12 0.563323 0.436579 0.110833 0.113461 0.00142786
3 0.0670058 0.561177 0.112246 0.114 0.0013964
13 0.687213 0.189244 0.112254 0.113197 0.00139563
10 0.936306 0.809445 0.112483 0.113565 0.00138087
5 0.190948 0.56124 0.11166 0.112487 0.0013654
1 0.936244 0.685236 0.112976 0.112171 0.00135857
5 0.0664539 0.436734 0.114167 0.11307 0.0013403
9 0.563663 0.436688 0.110848 0.112638 0.00133309
4 0.190943 0.189301 0.111688 0.112214 0.00131848
6 0.19126 0.312955 0.111107 0.111483 0.00129522
6 0.811469 0.18829 0.113186 0.112616 0.00129054
10 0.191437 0.312777 0.111012 0.11228 0.00127631
1 0.563738 0.80938 0.11283 0.1121 0.0012669
3 0.935999 0.43721 0.113295 0.113485 0.00126485
1 0.935832 0.188401 0.112268 0.11215 0.00125431
4 0.191206 0.809672 0.112222 0.113284 0.00125002
1 0.191337 0.0645283 0.111535 0.113089 0.00123042
3 0.0669741 0.809896 0.113671 0.113205 0.00122462
0 0.0671611 0.18911 0.11329 0.113823 0.00121688
3 0.936029 0.685485 0.112465 0.112723 0.00120795
3 0.315627 0.809972 0.112155 0.113386 0.00120406
1 0.439523 0.312949 0.111507 0.112072 0.00119298
13 0.190935 0.561351 0.111448 0.112564 0.00117492
9 0.1911 0.560853 0.111416 0.11191 0.001162
0 0.315512 0.93367 0.111453 0.11153 0.00115228
9 0.68747 0.189099 0.111984 0.112589 0.00113749
4 0.315563 0.933692 0.111448 0.113204 0.0011071
3 0.315259 0.56122 0.112311 0.112964 0.00109945
2 0.936306 0.809445 0.112483 0.113565 0.00108047
0 0.439395 0.560954 0.112195 0.11322 0.00107988
1 0.439557 0.809329 0.112941 0.113067 0.00107661
2 0.688026 0.188951 0.112591 0.114337 0.00106796
2 0.191156 0.313065 0.112096 0.11246 0.00106222
0 0.191206 0.809672 0.112222 0.113284 0.00105995
4 0.563587 0.933768 0.111831 0.114514 0.00105229
6 0.43966 0.313563 0.112086 0.111922 0.0010436
13 0.811521 0.313631 0.113165 0.113373 0.00103745
13 0.563653 0.933871 0.11176 0.111793 0.0010342
7 0.315386 0.437286 0.112874 0.112338 0.00103296
1 0.0669881 0.685099 0.113168 0.111785 0.00102045
10 0.688103 0.437059 0.111752 0.113655 0.00100138
