5 0.315162 0.933876 0.111123 0.112448 0.986396
3 0.316376 0.685635 0.11186 0.112402 0.986396
13 0.936358 0.933674 0.111905 0.111957 0.985431
11 0.43959 0.933836 0.111894 0.112909 0.985266
3 0.687563 0.933819 0.113591 0.11348 0.985175
6 0.440236 0.809363 0.111851 0.11197 0.985082
3 0.189341 0.0651166 0.113967 0.112581 0.984886
12 0.936378 0.809374 0.111331 0.110876 0.984833
6 0.0669532 0.68547 0.113269 0.112131 0.98471
4 0.0668216 0.933875 0.111319 0.112218 0.984076
12 0.439292 0.0650616 0.11099 0.111896 0.984022
10 0.191969 0.809143 0.112161 0.111284 0.983886
5 0.316433 0.562222 0.11124 0.111889 0.983844
9 0.0668828 0.437791 0.112077 0.112438 0.983559
7 0.563819 0.933798 0.111236 0.112605 0.983365
9 0.1911 0.313362 0.112384 0.112384 0.983337
4 0.192018 0.561703 0.111599 0.110987 0.983216
11 0.190343 0.9337 0.112214 0.112475 0.983141
6 0.31628 0.437724 0.111937 0.112293 0.983095
6 0.812157 0.933874 0.112372 0.112992 0.982906
10 0.191787 0.43773 0.11206 0.111596 0.98274
6 0.687724 0.809478 0.110945 0.112439 0.982695
7 0.93639 0.065397 0.111938 0.111861 0.982677
4 0.0670029 0.313562 0.111825 0.111434 0.982343
11 0.314087 0.0649995 0.111344 0.111722 0.982242
7 0.190188 0.189359 0.113717 0.111758 0.982181
12 0.0661726 0.0650664 0.111222 0.112176 0.982001
13 0.191459 0.685597 0.111456 0.110649 0.981535
7 0.314655 0.189127 0.114339 0.112657 0.981494
2 0.315052 0.313517 0.112604 0.111909 0.981461
13 0.315432 0.809363 0.111275 0.110907 0.98121
9 0.564406 0.809958 0.111518 0.112159 0.981187
1 0.0662055 0.189104 0.111064 0.112728 0.980992
10 0.812159 0.809814 0.112746 0.111018 0.980914
7 0.439399 0.313472 0.113598 0.112464 0.980357
10 0.56427 0.68576 0.110749 0.111035 0.980357
6 0.563083 0.0649611 0.111381 0.11261 0.980103
12 0.935985 0.685508 0.112184 0.111065 0.980096
9 0.812153 0.0648822 0.112782 0.112737 0.980057
4 0.563951 0.561298 0.112606 0.113 0.979901
8 0.0663077 0.561659 0.112377 0.112465 0.979873
11 0.439484 0.561358 0.111526 0.112177 0.979703
13 0.0667276 0.808981 0.111458 0.11096 0.979611
1 0.811476 0.437042 0.11323 0.112569 0.979369
13 0.687279 0.437143 0.112186 0.11205 0.979086
11 0.439355 0.437237 0.111094 0.111839 0.97907
13 0.563406 0.437448 0.11169 0.111948 0.979062
11 0.812034 0.68558 0.112414 0.111901 0.97886
10 0.812869 0.18791 0.113415 0.112984 0.978847
5 0.563136 0.312981 0.111523 0.112479 0.978777
8 0.440335 0.68571 0.111789 0.111686 0.978688
12 0.563551 0.188429 0.112138 0.112596 0.978644
12 0.687218 0.0651514 0.111956 0.111148 0.978608
11 0.687516 0.187874 0.11232 0.113525 0.978572
8 0.811781 0.561595 0.112326 0.112619 0.978447
2 0.6876 0.561761 0.111974 0.112224 0.978322
2 0.687853 0.685769 0.111306 0.111571 0.978277
13 0.936409 0.313125 0.112847 0.11261 0.978217
0 0.812091 0.312787 0.113232 0.113031 0.978208
2 0.68728 0.31322 0.112124 0.112285 0.978162
3 0.935918 0.561771 0.11217 0.112185 0.978081
3 0.936292 0.43706 0.112978 0.112943 0.977873
8 0.438991 0.188943 0.112139 0.112508 0.977802
5 0.936978 0.188232 0.111777 0.113052 0.977458
12 0.191684 0.685297 0.112101 0.111554 0.00736018
2 0.0669241 0.561315 0.112072 0.114126 0.00729496
12 0.563377 0.437281 0.111229 0.111627 0.00642103
2 0.440178 0.68577 0.111599 0.111877 0.00613769
3 0.812743 0.933545 0.111888 0.113889 0.00570506
1 0.564345 0.561528 0.111657 0.111857 0.00470164
2 0.439247 0.188763 0.111467 0.112712 0.00447111
2 0.811987 0.561247 0.111155 0.112368 0.00443366
5 0.686749 0.561961 0.114127 0.111185 0.00441551
3 0.688347 0.808958 0.110518 0.111427 0.00417402
8 0.688047 0.188114 0.112117 0.115226 0.00393924
12 0.936415 0.0652937 0.111146 0.112018 0.00389461
1 0.687191 0.313269 0.110859 0.112358 0.00388178
5 0.687996 0.18753 0.11198 0.112695 0.00387217
0 0.0671822 0.438072 0.111383 0.112198 0.00386781
12 0.687388 0.437974 0.112015 0.110046 0.00380185
12 0.0664247 0.808733 0.110772 0.111136 0.00366177
3 0.0669532 0.68547 0.113269 0.112131 0.00350409
10 0.93623 0.188467 0.11042 0.111637 0.00341628
1 0.191703 0.561942 0.113885 0.111942 0.00335881
3 0.440236 0.809363 0.111851 0.11197 0.00330808
0 0.813049 0.0649586 0.111414 0.111074 0.00325314
3 0.688232 0.685296 0.111155 0.111553 0.00319741
1 0.0671802 0.313406 0.111904 0.111733 0.0031945
7 0.688195 0.809089 0.112827 0.112331 0.00318352
9 0.688391 0.933256 0.114764 0.112736 0.00306696
5 0.686659 0.313119 0.114451 0.112059 0.00286792
10 0.811441 0.685771 0.109896 0.111018 0.00273315
1 0.066815 0.933957 0.112474 0.113007 0.00265563
4 0.813193 0.188393 0.112275 0.115008 0.0025346
10 0.686797 0.187838 0.11119 0.112068 0.00250864
10 0.936125 0.932733 0.111043 0.111299 0.00250095
7 0.813191 0.932784 0.111884 0.113377 0.00250029
3 0.563796 0.809926 0.110818 0.111464 0.00245792
1 0.688082 0.561444 0.113241 0.112638 0.0024137
7 0.191352 0.561712 0.112504 0.112058 0.00238394
4 0.191752 0.43808 0.111672 0.111781 0.00235817
3 0.563328 0.0642788 0.111105 0.112032 0.00234265
10 0.43949 0.436863 0.111415 0.111465 0.00233331
3 0.813081 0.0646399 0.111946 0.110595 0.00230636
3 0.687499 0.561542 0.111562 0.111596 0.00227044
5 0.688217 0.68577 0.111591 0.112408 0.00222503
12 0.31538 0.809008 0.11169 0.111543 0.00218752
12 0.935974 0.933424 0.111266 0.111763 0.00215809
10 0.440148 0.933954 0.112676 0.113536 0.00212122
12 0.812339 0.0647069 0.11272 0.1112 0.00210708
5 0.688401 0.93301 0.113936 0.112468 0.00209346
4 0.812573 0.809226 0.111027 0.111416 0.00208026
7 0.191675 0.438069 0.113927 0.112067 0.00204274
5 0.314528 0.0645613 0.112399 0.111617 0.00201864
12 0.0673371 0.438156 0.111893 0.112788 0.00200598
5 0.813157 0.188438 0.113087 0.114465 0.00197921
13 0.68653 0.0649179 0.111323 0.111174 0.00195991
1 0.688217 0.68577 0.111591 0.112408 0.00194093
1 0.315261 0.313803 0.111857 0.11095 0.00191486
2 0.688391 0.933256 0.114764 0.112736 0.00187316
8 0.811349 0.68559 0.110599 0.110401 0.00184671
9 0.439702 0.561568 0.111366 0.111965 0.00184152
3 0.687751 0.312664 0.111695 0.111637 0.0018365
10 0.439895 0.561328 0.111648 0.112318 0.00183356
2 0.688072 0.188151 0.112227 0.114442 0.00182033
5 0.439452 0.437111 0.111793 0.112289 0.00181966
0 0.19088 0.313843 0.112447 0.112071 0.00181117
12 0.191017 0.313806 0.112519 0.112162 0.00180267
9 0.439832 0.437684 0.11139 0.111572 0.00176702
4 0.563464 0.933488 0.112331 0.113298 0.00176614
1 0.812119 0.312444 0.112856 0.113595 0.00175227
2 0.563265 0.313322 0.112438 0.112265 0.00173442
12 0.564451 0.809929 0.112494 0.112205 0.00173049
12 0.935678 0.561887 0.11231 0.112792 0.00170922
9 0.935721 0.561798 0.111871 0.113097 0.00168872
9 0.686686 0.187768 0.111503 0.112897 0.0016855
6 0.93634 0.0649281 0.111096 0.111074 0.00168121
7 0.06667 0.313477 0.111565 0.111223 0.00166945
0 0.811742 0.436183 0.113661 0.112265 0.00163425
11 0.0664162 0.809032 0.111626 0.110991 0.00163075
10 0.190755 0.933787 0.113553 0.112819 0.00161725
7 0.56387 0.436674 0.111048 0.112388 0.0016049
7 0.563481 0.0648155 0.111526 0.112086 0.00160197
7 0.316348 0.438215 0.112234 0.112564 0.00158281
5 0.811847 0.685616 0.112358 0.110996 0.00156066
9 0.936661 0.438027 0.112958 0.114832 0.00156046
2 0.06667 0.313477 0.111565 0.111223 0.0015595
9 0.439626 0.933718 0.111163 0.111512 0.00155809
10 0.315323 0.933515 0.11218 0.112377 0.00155805
11 0.191153 0.685375 0.11172 0.110758 0.00151241
12 0.935816 0.437313 0.112484 0.112869 0.0014992
7 0.0664975 0.933767 0.11293 0.112957 0.00149247
9 0.811349 0.68559 0.110599 0.110401 0.00148878
8 0.0673371 0.438156 0.111893 0.112788 0.00146088
2 0.564345 0.561528 0.111657 0.111857 0.00143169
5 0.440148 0.933954 0.112676 0.113536 0.00140488
8 0.686775 0.312705 0.112553 0.113253 0.0013998
8 0.688081 0.561733 0.110609 0.112194 0.00139333
4 0.81148 0.437303 0.112524 0.112578 0.00136325
10 0.0664247 0.808733 0.110772 0.111136 0.00133944
6 0.936041 0.685819 0.111206 0.111994 0.00133365
7 0.440169 0.810141 0.113393 0.112147 0.00133139
7 0.813193 0.188393 0.112275 0.115008 0.00132536
13 0.189827 0.189611 0.111972 0.111497 0.00132073
5 0.439689 0.561532 0.11184 0.112248 0.00130083
7 0.68653 0.0649179 0.111323 0.111174 0.00129948
13 0.191082 0.437592 0.111902 0.111027 0.00129861
12 0.936153 0.313058 0.112338 0.112783 0.00128404
3 0.315052 0.31345 0.112124 0.112653 0.00128397
5 0.0659785 0.313689 0.112305 0.112326 0.00128374
11 0.936358 0.933674 0.111905 0.111957 0.00128165
7 0.936281 0.313645 0.111987 0.112445 0.00125995
4 0.56427 0.68576 0.110749 0.111035 0.00125914
0 0.0665592 0.561802 0.112313 0.112246 0.00125796
10 0.439677 0.313596 0.112325 0.111713 0.00124861
5 0.190343 0.9337 0.112214 0.112475 0.00123699
12 0.812159 0.809814 0.112746 0.111018 0.00122924
12 0.564698 0.685568 0.110954 0.110642 0.00122502
12 0.316181 0.438245 0.11297 0.112262 0.00121592
7 0.0665152 0.685577 0.114245 0.11291 0.00121549
1 0.935918 0.561771 0.11217 0.112185 0.00121407
8 0.688229 0.685743 0.110711 0.111526 0.00120941
5 0.811727 0.809618 0.112551 0.111853 0.00120386
12 0.687695 0.933529 0.111044 0.111189 0.00118261
8 0.439995 0.562091 0.11141 0.111901 0.00117583
11 0.0665034 0.561508 0.11504 0.112088 0.00116047
13 0.190343 0.9337 0.112214 0.112475 0.00115393
10 0.192018 0.561703 0.111599 0.110987 0.00113768
3 0.31628 0.437724 0.111937 0.112293 0.00113732
8 0.439937 0.933118 0.112937 0.112822 0.00112269
13 0.314306 0.189314 0.111976 0.112153 0.00110896
11 0.936483 0.188693 0.11144 0.112139 0.00110216
0 0.0660563 0.189686 0.111272 0.112169 0.00109568
1 0.316447 0.685762 0.112283 0.1124 0.00109411
11 0.440812 0.685756 0.111048 0.112593 0.00108044
4 0.0661583 0.189818 0.111362 0.112509 0.00107898
4 0.439558 0.313548 0.111813 0.111485 0.00107663
11 0.315432 0.809363 0.111275 0.110907 0.00107166
1 0.190036 0.0652096 0.111876 0.112087 0.00107145
3 0.315862 0.561261 0.111099 0.111089 0.00107141
7 0.811672 0.80915 0.11283 0.112513 0.00106892
1 0.688232 0.809313 0.11109 0.1128 0.00106331
10 0.31449 0.0650115 0.113182 0.111158 0.00106102
12 0.316012 0.685663 0.111947 0.112091 0.0010524
11 0.563247 0.313376 0.112566 0.113585 0.00105031
7 0.936153 0.685424 0.110021 0.114256 0.00104468
10 0.315654 0.809802 0.111445 0.111253 0.00103974
4 0.563252 0.313345 0.111354 0.111954 0.00103722
13 0.563971 0.685887 0.111392 0.111402 0.00103398
12 0.190223 0.0651496 0.112077 0.11183 0.00103225
7 0.687653 0.436494 0.110728 0.112371 0.00103053
10 0.191153 0.685375 0.11172 0.110758 0.00101239
8 0.811574 0.0650901 0.113064 0.111755 0.00100276
12 0.811863 0.932965 0.112411 0.112315 0.00100258
