3 0.563685 0.809401 0.112733 0.114197 0.988087
13 0.315321 0.933803 0.11305 0.113529 0.987875
12 0.192024 0.933649 0.110481 0.112914 0.986397
9 0.935566 0.933955 0.111957 0.113152 0.985663
2 0.439291 0.685114 0.112172 0.112704 0.984783
6 0.439452 0.933685 0.111457 0.113421 0.984774
7 0.0672146 0.313667 0.112833 0.112305 0.984569
6 0.687617 0.933599 0.110673 0.113145 0.984326
6 0.563493 0.933696 0.113149 0.114191 0.984311
9 0.439401 0.809458 0.111025 0.112921 0.984275
9 0.0668546 0.561302 0.11392 0.113058 0.984257
2 0.314678 0.0653705 0.111943 0.112677 0.984242
3 0.81142 0.934069 0.113775 0.1149 0.984156
3 0.936363 0.809428 0.113791 0.115078 0.98412
2 0.6877 0.809587 0.112803 0.113139 0.984046
5 0.0673778 0.437807 0.113808 0.113395 0.983679
5 0.31593 0.437546 0.1124 0.113045 0.983154
6 0.812078 0.80961 0.112098 0.113274 0.983058
10 0.439372 0.18959 0.110302 0.11194 0.98293
5 0.191804 0.313657 0.112197 0.112756 0.982911
9 0.563044 0.0647985 0.110513 0.113457 0.982695
6 0.0670571 0.0643432 0.112671 0.113589 0.982628
4 0.315858 0.189349 0.113 0.112497 0.982579
3 0.192056 0.437584 0.111144 0.11304 0.982474
11 0.315416 0.809626 0.111654 0.112386 0.982364
9 0.0670102 0.809206 0.113793 0.113103 0.982151
10 0.191707 0.685069 0.111253 0.112202 0.982131
8 0.0674458 0.189931 0.112539 0.112596 0.981935
4 0.315831 0.684972 0.112976 0.112399 0.981687
12 0.563231 0.18956 0.112143 0.113196 0.981306
11 0.191543 0.560973 0.111249 0.112087 0.981306
12 0.191738 0.0649195 0.1124 0.113803 0.981156
5 0.811703 0.0658866 0.111307 0.112163 0.981141
7 0.439486 0.437363 0.112585 0.111693 0.981099
12 0.191427 0.189395 0.111832 0.112912 0.981089
12 0.439605 0.0649494 0.111615 0.113146 0.980966
4 0.0675631 0.685022 0.113584 0.112995 0.98077
10 0.0675611 0.933316 0.113847 0.113968 0.98075
0 0.315556 0.312936 0.112373 0.112571 0.980641
1 0.563799 0.684748 0.111418 0.112198 0.980519
0 0.315642 0.56104 0.112151 0.112097 0.980457
10 0.439426 0.561033 0.111945 0.110965 0.980345
9 0.563483 0.312968 0.111828 0.111825 0.980036
2 0.191505 0.809277 0.111229 0.11198 0.979961
8 0.935986 0.685195 0.112762 0.112524 0.979803
9 0.563592 0.437561 0.111445 0.112174 0.979602
1 0.811556 0.437032 0.112304 0.111627 0.979206
11 0.439406 0.312999 0.112341 0.112677 0.978877
7 0.812056 0.684888 0.112784 0.112532 0.978785
5 0.687529 0.189163 0.111426 0.112867 0.978766
12 0.811715 0.5612 0.111796 0.112601 0.978766
11 0.687567 0.0656309 0.112099 0.113368 0.978679
1 0.68769 0.313009 0.111768 0.111839 0.978676
1 0.936129 0.0642586 0.114517 0.114085 0.978629
5 0.687463 0.436998 0.1112 0.112897 0.978628
1 0.811748 0.188799 0.112417 0.112174 0.978622
0 0.563574 0.561064 0.111299 0.112898 0.97841
1 0.936225 0.561196 0.114397 0.112954 0.978396
5 0.687519 0.561269 0.112071 0.112868 0.978253
0 0.811415 0.31337 0.111667 0.112142 0.978067
0 0.687099 0.684882 0.111125 0.111753 0.978033
8 0.935981 0.437145 0.112951 0.112175 0.977589
2 0.935805 0.188799 0.112539 0.112643 0.97742
3 0.936187 0.313285 0.111831 0.112822 0.9772
3 0.687935 0.809086 0.111937 0.113331 0.0146441
3 0.935438 0.189735 0.112946 0.112336 0.00927637
3 0.439759 0.685081 0.11175 0.112758 0.00837655
11 0.4397 0.809506 0.111221 0.111541 0.00781772
9 0.935561 0.437601 0.114582 0.112978 0.00701081
10 0.686771 0.0646683 0.111899 0.113412 0.00540017
12 0.811274 0.685285 0.11259 0.112049 0.00522119
0 0.811618 0.436327 0.112074 0.111004 0.00440856
11 0.936204 0.685256 0.11126 0.111892 0.00410887
1 0.56372 0.560773 0.111549 0.112556 0.00408098
1 0.688279 0.932737 0.11102 0.112686 0.00405728
2 0.0665875 0.685237 0.114317 0.113108 0.00367466
10 0.191477 0.560885 0.111466 0.113179 0.00357066
3 0.31564 0.0653966 0.11181 0.113063 0.00343231
3 0.191835 0.80939 0.111523 0.112492 0.00333482
0 0.936396 0.560632 0.113629 0.111481 0.00332242
11 0.936234 0.436639 0.11064 0.112183 0.0032762
10 0.439466 0.809377 0.111501 0.113575 0.00326441
1 0.0665875 0.685237 0.114317 0.113108 0.00325493
6 0.56361 0.189516 0.111535 0.113476 0.00324345
0 0.68803 0.312099 0.111051 0.11124 0.00311977
0 0.811547 0.188668 0.111801 0.1125 0.00310712
1 0.315545 0.189349 0.112028 0.112281 0.00296793
10 0.686939 0.43704 0.111095 0.112335 0.00290844
6 0.191535 0.189117 0.112132 0.113017 0.00278632
10 0.686951 0.189191 0.111683 0.112478 0.00275876
10 0.191815 0.313026 0.110618 0.111055 0.00271414
0 0.935872 0.0643954 0.112775 0.113456 0.00270633
1 0.315505 0.685531 0.113374 0.112849 0.00265622
2 0.811515 0.93345 0.111742 0.112746 0.00249678
2 0.936316 0.436787 0.111099 0.112498 0.0024591
4 0.811515 0.93345 0.111742 0.112746 0.00243511
3 0.812078 0.80961 0.112098 0.113274 0.00235101
5 0.688272 0.809756 0.112101 0.114108 0.00234324
6 0.93616 0.80956 0.111149 0.114047 0.00233731
3 0.688116 0.5613 0.112492 0.112064 0.00223435
1 0.687795 0.684808 0.111526 0.11164 0.00215007
6 0.192154 0.437632 0.111521 0.111961 0.00213215
6 0.811438 0.933265 0.112975 0.111417 0.00212184
2 0.688116 0.5613 0.112492 0.112064 0.00207191
10 0.315496 0.437088 0.113368 0.112111 0.00204832
2 0.315505 0.685531 0.113374 0.112849 0.00204567
9 0.935889 0.684934 0.113114 0.11333 0.00203606
0 0.93578 0.437306 0.113714 0.112119 0.002025
1 0.564205 0.933514 0.112789 0.112313 0.00200819
11 0.68676 0.436888 0.111053 0.11054 0.00198262
10 0.811372 0.0649111 0.111461 0.11233 0.00195009
10 0.687502 0.561331 0.111123 0.111755 0.0019236
12 0.93615 0.809358 0.111428 0.112738 0.0018657
12 0.56394 0.438135 0.109507 0.112667 0.00186517
1 0.811439 0.312855 0.111504 0.11213 0.00186203
6 0.811028 0.561348 0.112093 0.112586 0.0018606
0 0.563522 0.313686 0.11098 0.111723 0.00186023
7 0.0674077 0.685569 0.113454 0.112665 0.00184475
3 0.688008 0.18934 0.113665 0.112655 0.00183948
1 0.315628 0.560956 0.112117 0.112715 0.00183696
6 0.936053 0.312783 0.111692 0.113665 0.00181188
4 0.192346 0.437997 0.11183 0.113439 0.00177047
4 0.439372 0.18959 0.110302 0.11194 0.00175941
11 0.686718 0.561243 0.111499 0.109969 0.00173773
2 0.936644 0.313253 0.112577 0.11523 0.00172041
13 0.811329 0.684959 0.111879 0.112821 0.00171331
3 0.316263 0.685457 0.111606 0.112076 0.00171068
4 0.56361 0.189516 0.111535 0.113476 0.00170734
2 0.688043 0.437028 0.113273 0.112268 0.00170687
0 0.564026 0.684798 0.110707 0.111285 0.00167319
4 0.440192 0.437947 0.11189 0.113085 0.00165008
9 0.0665563 0.189863 0.113684 0.111836 0.00162275
4 0.688116 0.5613 0.112492 0.112064 0.00161086
7 0.439482 0.561156 0.111608 0.111644 0.00160905
2 0.935986 0.685195 0.112762 0.112524 0.00160357
7 0.191448 0.684751 0.111717 0.112076 0.00159966
10 0.0676326 0.313665 0.113663 0.113106 0.00159696
0 0.563499 0.0649969 0.109663 0.111842 0.00157182
11 0.0671123 0.80876 0.112709 0.112122 0.00156112
12 0.93592 0.313009 0.111305 0.112524 0.00155821
8 0.563522 0.313686 0.11098 0.111723 0.00154843
0 0.563317 0.437459 0.112264 0.112524 0.00154042
6 0.440192 0.437947 0.11189 0.113085 0.00153621
7 0.439113 0.189571 0.110877 0.112401 0.0015224
3 0.811564 0.560947 0.11165 0.112097 0.00151375
11 0.935698 0.933685 0.112632 0.11475 0.00151178
4 0.811318 0.189316 0.112052 0.111822 0.00150926
5 0.191634 0.684749 0.111995 0.112057 0.001501
4 0.066782 0.313526 0.113645 0.111867 0.00149897
7 0.316263 0.685457 0.111606 0.112076 0.0014961
2 0.315545 0.189349 0.112028 0.112281 0.00149267
4 0.564026 0.684798 0.110707 0.111285 0.00148429
8 0.688283 0.809777 0.111419 0.112915 0.00147915
4 0.191427 0.313435 0.111219 0.112403 0.00146751
13 0.19139 0.685073 0.112056 0.111723 0.00146225
4 0.687723 0.313383 0.111832 0.111176 0.00146198
12 0.935744 0.934057 0.112697 0.114147 0.00145306
4 0.564178 0.809181 0.110101 0.112841 0.00144957
3 0.316128 0.189533 0.112532 0.113208 0.00141556
10 0.0668649 0.43755 0.112009 0.112332 0.00140763
6 0.439955 0.0648815 0.110776 0.113671 0.00140436
4 0.0674662 0.437941 0.113184 0.111175 0.0014015
0 0.0678582 0.560924 0.111578 0.115571 0.00139476
2 0.68806 0.313305 0.110497 0.111685 0.00137676
8 0.563499 0.0649969 0.109663 0.111842 0.0013691
10 0.935671 0.933601 0.113019 0.114265 0.00136204
8 0.935613 0.188695 0.113344 0.114211 0.00135472
12 0.192154 0.437632 0.111521 0.111961 0.00134651
1 0.439537 0.684672 0.112473 0.113083 0.00133926
1 0.563888 0.809138 0.112121 0.11254 0.00133499
3 0.687617 0.933599 0.110673 0.113145 0.00133479
6 0.316128 0.189533 0.112532 0.113208 0.0013298
4 0.191448 0.684751 0.111717 0.112076 0.00132683
4 0.93616 0.80956 0.111149 0.114047 0.0013205
8 0.688254 0.06471 0.112174 0.114279 0.00131956
11 0.686769 0.189522 0.111461 0.111229 0.00131762
2 0.0665563 0.189863 0.113684 0.111836 0.00131462
5 0.191955 0.809009 0.111974 0.112091 0.00130494
0 0.0675477 0.189655 0.111482 0.113127 0.00130106
1 0.688272 0.809756 0.112101 0.114108 0.00129692
13 0.43913 0.189556 0.111405 0.111538 0.00128966
3 0.0674077 0.685569 0.113454 0.112665 0.00128551
2 0.192504 0.438031 0.111179 0.112413 0.00128499
12 0.563499 0.0649969 0.109663 0.111842 0.00128103
1 0.93649 0.809489 0.111573 0.112523 0.00127801
4 0.688008 0.18934 0.113665 0.112655 0.00127666
9 0.935871 0.312759 0.113661 0.114216 0.00126563
3 0.315183 0.436542 0.110691 0.110681 0.00126384
10 0.563317 0.437459 0.112264 0.112524 0.00125778
4 0.935499 0.0647654 0.113391 0.113314 0.00124286
7 0.0675611 0.933316 0.113847 0.113968 0.00123516
11 0.0668686 0.189918 0.113462 0.11291 0.00121904
1 0.936161 0.312851 0.111303 0.11213 0.0012178
5 0.315602 0.809174 0.111115 0.111822 0.00121692
5 0.813198 0.933374 0.111883 0.109777 0.0012135
3 0.687444 0.437857 0.1104 0.111117 0.00121015
6 0.316263 0.685457 0.111606 0.112076 0.00120358
2 0.688008 0.18934 0.113665 0.112655 0.00119771
9 0.936363 0.809428 0.113791 0.115078 0.00117533
4 0.687444 0.437857 0.1104 0.111117 0.00117312
12 0.563646 0.313649 0.111266 0.112375 0.00116901
3 0.811169 0.188954 0.111936 0.112454 0.00115774
0 0.935566 0.933955 0.111957 0.113152 0.00115725
0 0.439818 0.809653 0.111821 0.112954 0.00115059
10 0.811329 0.684959 0.111879 0.112821 0.00114454
6 0.811329 0.684959 0.111879 0.112821 0.00114442
3 0.0670571 0.0643432 0.112671 0.113589 0.00114065
8 0.56394 0.438135 0.109507 0.112667 0.00113883
1 0.935877 0.188754 0.112553 0.112495 0.00110206
3 0.0669602 0.436513 0.111734 0.111608 0.00110007
13 0.439367 0.561089 0.111493 0.111428 0.00109885
4 0.439955 0.0648815 0.110776 0.113671 0.00109784
11 0.563531 0.0647833 0.109851 0.111552 0.00108835
3 0.191727 0.313059 0.111485 0.111543 0.00107931
12 0.439434 0.189425 0.111083 0.111926 0.00107001
3 0.563431 0.93357 0.112892 0.113273 0.00106227
5 0.315159 0.684985 0.112737 0.11249 0.00104244
1 0.315556 0.312936 0.112373 0.112571 0.00104008
1 0.811731 0.933446 0.111284 0.112391 0.00103841
10 0.439197 0.31358 0.111167 0.112072 0.00102905
4 0.936396 0.560632 0.113629 0.111481 0.00102035
11 0.066853 0.561146 0.112743 0.111865 0.00101986
2 0.0674662 0.437941 0.113184 0.111175 0.0010157
12 0.439753 0.436575 0.110475 0.111373 0.00101548
8 0.0678582 0.560924 0.111578 0.115571 0.00100192
