9 0.563937 0.934117 0.111476 0.113213 0.987063
6 0.315534 0.933764 0.111777 0.112702 0.986835
9 0.563879 0.809464 0.111985 0.113343 0.986774
6 0.315902 0.809379 0.111766 0.112535 0.986621
9 0.688115 0.809536 0.111428 0.113093 0.986112
3 0.438925 0.0650405 0.11183 0.112939 0.985687
7 0.564161 0.68524 0.112159 0.113451 0.985066
13 0.687908 0.933878 0.112794 0.114677 0.984788
9 0.687868 0.06518 0.111061 0.113029 0.984401
13 0.191883 0.933839 0.110955 0.112824 0.98437
12 0.439678 0.934118 0.111977 0.114234 0.98431
10 0.440139 0.809869 0.112747 0.113817 0.984294
3 0.0668385 0.313614 0.112983 0.113713 0.983878
6 0.439626 0.685371 0.11204 0.113185 0.983548
7 0.0669164 0.189304 0.113644 0.113472 0.983442
7 0.191483 0.313561 0.112233 0.112873 0.983437
5 0.563307 0.0651966 0.109837 0.111922 0.983328
4 0.31548 0.561033 0.112967 0.112873 0.983122
5 0.0670671 0.934023 0.11349 0.114812 0.982811
10 0.315352 0.437152 0.113162 0.112625 0.982762
13 0.316221 0.064365 0.11228 0.113664 0.982506
1 0.315711 0.685374 0.111891 0.112037 0.982361
3 0.191698 0.561453 0.111189 0.113156 0.982289
5 0.191544 0.0651108 0.11087 0.112448 0.982266
4 0.191197 0.684983 0.113062 0.113108 0.982263
8 0.066397 0.0647615 0.113561 0.113526 0.981934
8 0.190903 0.189322 0.112093 0.112396 0.98192
1 0.812137 0.933766 0.111833 0.113251 0.981916
1 0.0667014 0.437523 0.112125 0.112022 0.98167
1 0.067026 0.685554 0.112173 0.111921 0.981547
8 0.936225 0.933855 0.113163 0.113776 0.981319
1 0.315236 0.189002 0.112218 0.111826 0.981194
0 0.191257 0.437241 0.112679 0.112621 0.981169
10 0.936495 0.0649951 0.112884 0.114873 0.980743
0 0.315221 0.312179 0.111995 0.112444 0.980432
12 0.191373 0.809681 0.111501 0.112632 0.980206
9 0.563012 0.314016 0.111623 0.111418 0.980022
11 0.439377 0.189083 0.111513 0.112243 0.97976
3 0.43966 0.437435 0.111531 0.112168 0.979686
2 0.9365 0.809461 0.112494 0.111923 0.979664
13 0.687507 0.437532 0.112633 0.112908 0.979574
3 0.563402 0.437622 0.112228 0.112428 0.979507
4 0.563506 0.188902 0.112585 0.114587 0.979418
5 0.563492 0.561465 0.111649 0.112517 0.979359
2 0.439371 0.560934 0.112336 0.112087 0.979356
13 0.812117 0.685786 0.112569 0.113418 0.978996
6 0.68768 0.189352 0.112334 0.11305 0.978961
0 0.811996 0.809455 0.112597 0.113376 0.978815
0 0.0671534 0.809487 0.113035 0.113585 0.978763
10 0.812504 0.312929 0.112664 0.113853 0.978713
10 0.68808 0.685012 0.112588 0.113378 0.978689
12 0.439809 0.312911 0.112516 0.112768 0.978592
3 0.811617 0.43747 0.112367 0.112802 0.978545
10 0.812396 0.188738 0.112728 0.114357 0.978544
6 0.687816 0.31311 0.112155 0.112604 0.978514
11 0.936284 0.685635 0.112702 0.113003 0.978506
10 0.936839 0.561309 0.113563 0.1145 0.978291
12 0.936389 0.437012 0.112727 0.113098 0.978179
7 0.812191 0.56173 0.112672 0.113622 0.978089
0 0.812053 0.0646763 0.112425 0.113461 0.977504
7 0.936656 0.313032 0.112694 0.113754 0.977462
8 0.687936 0.561478 0.111741 0.112496 0.977334
8 0.936005 0.18934 0.11273 0.112522 0.976542
0 0.0673579 0.560813 0.112164 0.112487 0.973871
1 0.0666387 0.560619 0.113757 0.112405 0.0789153
6 0.191409 0.809602 0.110674 0.110868 0.0784312
6 0.439471 0.933702 0.11124 0.112683 0.0299066
2 0.936066 0.189073 0.111894 0.111842 0.016747
2 0.687645 0.56127 0.111085 0.112917 0.00660935
11 0.936123 0.188999 0.111496 0.113637 0.00638704
6 0.93622 0.437377 0.112599 0.113293 0.00619074
6 0.439636 0.313662 0.110907 0.112658 0.00540395
12 0.811461 0.561622 0.111092 0.112441 0.005192
2 0.066123 0.0649011 0.114014 0.11172 0.00474973
12 0.688146 0.0649083 0.110736 0.112141 0.00442918
2 0.936099 0.934116 0.113772 0.113577 0.00422846
0 0.811712 0.933101 0.113331 0.113258 0.0039897
12 0.688111 0.437123 0.11148 0.112307 0.0037377
3 0.687677 0.313625 0.111088 0.113355 0.00357173
10 0.191229 0.0647382 0.111872 0.112471 0.00325256
1 0.0666147 0.809161 0.113863 0.112637 0.00324236
1 0.563822 0.188923 0.111917 0.114184 0.00321895
2 0.191175 0.188946 0.111649 0.111934 0.00319365
11 0.688214 0.68533 0.11174 0.111903 0.00311325
3 0.687543 0.189505 0.112262 0.11398 0.00308776
12 0.811405 0.685795 0.110491 0.112379 0.00294964
11 0.811751 0.188635 0.112539 0.11494 0.00289543
5 0.688214 0.68533 0.11174 0.111903 0.00284184
11 0.688063 0.561156 0.111564 0.112872 0.0028327
4 0.688237 0.685363 0.112492 0.114065 0.00282881
4 0.936126 0.31361 0.113913 0.113262 0.00282357
5 0.439653 0.560981 0.111315 0.111362 0.00274777
12 0.936242 0.313173 0.112194 0.113547 0.00272704
1 0.316021 0.561558 0.113605 0.113688 0.00268562
4 0.0666181 0.189164 0.114569 0.112776 0.00263379
7 0.316254 0.0646817 0.111747 0.113181 0.00258151
5 0.936063 0.809873 0.113333 0.113118 0.00256961
12 0.563543 0.313717 0.111568 0.111892 0.00255569
10 0.0661286 0.933977 0.113441 0.113295 0.0025197
12 0.688388 0.809679 0.112015 0.11219 0.00243591
1 0.811996 0.809455 0.112597 0.113376 0.00241199
7 0.93656 0.436428 0.112333 0.112289 0.00235767
1 0.439919 0.560951 0.112573 0.113249 0.00234327
0 0.688146 0.0649083 0.110736 0.112141 0.00226926
12 0.688214 0.68533 0.11174 0.111903 0.00219032
12 0.563999 0.809477 0.112527 0.112009 0.00217848
12 0.811487 0.437023 0.110991 0.112661 0.0021682
11 0.936002 0.933815 0.111322 0.112994 0.00215249
13 0.687861 0.685232 0.11137 0.112334 0.00207211
4 0.564456 0.685156 0.111907 0.113309 0.00205759
10 0.191428 0.313458 0.112716 0.114009 0.00204289
6 0.811399 0.56109 0.111658 0.112062 0.0020139
3 0.43968 0.560725 0.112199 0.112209 0.00192546
0 0.0667931 0.685096 0.112326 0.112461 0.00190862
1 0.936607 0.809657 0.112314 0.112091 0.00190112
11 0.563462 0.0650295 0.111859 0.111906 0.00189815
3 0.563879 0.809464 0.111985 0.113343 0.00189797
0 0.066277 0.436436 0.113135 0.111557 0.00189441
1 0.688109 0.313208 0.111969 0.113547 0.00188037
3 0.687868 0.06518 0.111061 0.113029 0.00186301
1 0.191477 0.685637 0.113347 0.113429 0.00181456
11 0.687788 0.933772 0.112706 0.114421 0.00180294
9 0.688334 0.933211 0.11416 0.113107 0.0017934
3 0.315534 0.933764 0.111777 0.112702 0.00179192
10 0.56349 0.0649223 0.112517 0.111286 0.00177503
5 0.439456 0.189648 0.11182 0.112984 0.00177099
12 0.43966 0.437435 0.111531 0.112168 0.00176623
5 0.440214 0.809643 0.112307 0.112427 0.00175495
9 0.811448 0.436975 0.111897 0.112717 0.00175248
7 0.192227 0.933605 0.111488 0.113627 0.00173233
11 0.563563 0.561083 0.111335 0.111273 0.00172427
10 0.687406 0.933607 0.111809 0.11195 0.0017168
3 0.315902 0.809379 0.111766 0.112535 0.00170077
1 0.688068 0.189506 0.112901 0.113593 0.00169805
6 0.439931 0.437989 0.113589 0.112943 0.00169352
12 0.440214 0.809643 0.112307 0.112427 0.00169269
4 0.191451 0.313237 0.112008 0.112483 0.00167544
0 0.315307 0.188812 0.112316 0.113063 0.00166804
12 0.439491 0.0643434 0.111632 0.11208 0.00166706
4 0.563538 0.437641 0.110738 0.111462 0.00165815
6 0.563857 0.437989 0.112484 0.112479 0.00162297
3 0.688115 0.809536 0.111428 0.113093 0.00159554
12 0.191702 0.560936 0.111271 0.111954 0.00158379
10 0.191617 0.933514 0.11251 0.113661 0.00156994
0 0.688158 0.561482 0.110696 0.113038 0.00156616
12 0.687664 0.934098 0.110771 0.111511 0.00154715
4 0.315405 0.437203 0.112744 0.113755 0.00153848
7 0.688237 0.685363 0.112492 0.114065 0.00152648
0 0.563449 0.313747 0.11137 0.111985 0.00150021
0 0.688388 0.809679 0.112015 0.11219 0.00149482
7 0.688016 0.188969 0.113724 0.114484 0.00148556
2 0.813108 0.932928 0.111762 0.113906 0.00143245
10 0.936358 0.313371 0.1124 0.115127 0.00142703
11 0.811724 0.312723 0.1123 0.114696 0.00141026
12 0.564106 0.934235 0.112185 0.111824 0.00140805
5 0.81166 0.188959 0.114272 0.112444 0.00137151
13 0.936444 0.0647295 0.112265 0.113146 0.00136371
1 0.315268 0.313169 0.112632 0.112857 0.00136061
12 0.812093 0.189443 0.113163 0.113519 0.00135919
1 0.812234 0.064344 0.11105 0.113671 0.00135792
13 0.936429 0.436455 0.111415 0.112781 0.00133686
12 0.564246 0.438025 0.112685 0.112599 0.00132458
3 0.936654 0.809557 0.111775 0.110656 0.00131243
7 0.191407 0.685241 0.112048 0.112647 0.00130701
11 0.440214 0.809643 0.112307 0.112427 0.0013049
12 0.812097 0.31371 0.112694 0.112864 0.00130361
8 0.564 0.933937 0.112513 0.112391 0.00129496
6 0.191407 0.685241 0.112048 0.112647 0.00129435
3 0.440046 0.6851 0.111705 0.111757 0.00128204
2 0.935898 0.68619 0.11226 0.112922 0.00127419
7 0.315872 0.43792 0.112832 0.112634 0.00126772
4 0.191409 0.809602 0.110674 0.110868 0.00126695
11 0.190903 0.189322 0.112093 0.112396 0.00126236
10 0.935972 0.685597 0.112203 0.113286 0.00126081
4 0.81212 0.31364 0.111713 0.113433 0.0012565
5 0.936666 0.685733 0.112265 0.111923 0.00124993
4 0.315676 0.685096 0.11212 0.112586 0.00124142
11 0.066397 0.0647615 0.113561 0.113526 0.00118251
5 0.811629 0.31314 0.114623 0.112081 0.00116803
4 0.439699 0.80955 0.112676 0.11384 0.00115135
9 0.936026 0.933729 0.111902 0.112425 0.00114416
10 0.563562 0.313373 0.112086 0.112878 0.00113863
0 0.314994 0.685192 0.11137 0.112172 0.00112512
10 0.315282 0.0645983 0.112363 0.11318 0.00112162
10 0.0669473 0.189114 0.113481 0.114945 0.00110913
7 0.688057 0.312876 0.112196 0.113794 0.00110345
13 0.936321 0.56144 0.111218 0.112352 0.00108012
1 0.439439 0.0646077 0.111615 0.112467 0.00107967
8 0.439215 0.188869 0.111464 0.112739 0.00107473
4 0.315556 0.189289 0.112074 0.113362 0.00106177
7 0.812127 0.68531 0.112876 0.114479 0.00104224
0 0.0674024 0.0645721 0.112517 0.112832 0.00103605
6 0.812282 0.437911 0.111981 0.11239 0.00103063
10 0.563632 0.561634 0.111633 0.111945 0.00102255
7 0.191476 0.809983 0.111824 0.111459 0.0010217
12 0.812234 0.064344 0.11105 0.113671 0.00100675
