3 0.56352 0.934071 0.112711 0.113431 0.986482
7 0.315646 0.809492 0.11085 0.111517 0.985745
7 0.440128 0.933652 0.111841 0.113044 0.985584
4 0.315788 0.933742 0.110944 0.111755 0.985348
4 0.439623 0.809698 0.111938 0.111613 0.985152
3 0.687521 0.809796 0.112549 0.112737 0.985026
12 0.19192 0.809498 0.110312 0.110912 0.984935
4 0.564034 0.809703 0.111724 0.111719 0.98457
3 0.315423 0.56149 0.111736 0.112961 0.984471
4 0.0675012 0.685544 0.111855 0.110677 0.984316
6 0.440203 0.685257 0.112067 0.112301 0.9843
3 0.93573 0.933733 0.113057 0.112878 0.984238
12 0.0672235 0.934108 0.112398 0.112636 0.984122
7 0.688576 0.93388 0.111356 0.112528 0.983955
1 0.936676 0.809645 0.112187 0.111986 0.983907
2 0.439127 0.0649243 0.111617 0.112927 0.983668
10 0.315174 0.0646688 0.111136 0.11195 0.983623
5 0.0670553 0.313809 0.112758 0.112552 0.983367
5 0.315118 0.437349 0.112519 0.112441 0.983157
1 0.315576 0.685518 0.11145 0.111795 0.983081
9 0.811773 0.934157 0.111497 0.112135 0.98302
6 0.191373 0.437618 0.112164 0.112537 0.982699
12 0.0673353 0.0646756 0.112696 0.112916 0.982642
10 0.192047 0.933591 0.11116 0.112347 0.982553
4 0.43956 0.437072 0.112917 0.112311 0.982306
2 0.190757 0.68529 0.112551 0.111971 0.982278
7 0.812638 0.809506 0.111703 0.112941 0.982009
7 0.439505 0.189466 0.111446 0.111593 0.981933
3 0.315274 0.189178 0.112681 0.112637 0.98193
4 0.564223 0.685595 0.111452 0.111297 0.981836
7 0.43966 0.313231 0.112571 0.111243 0.981829
1 0.0670381 0.189593 0.112825 0.113139 0.981775
13 0.191151 0.0649828 0.112014 0.111812 0.981328
11 0.0671422 0.562148 0.113042 0.112795 0.981312
7 0.563716 0.189213 0.111026 0.111934 0.981178
0 0.315136 0.312588 0.112342 0.112242 0.980557
2 0.191342 0.313378 0.111953 0.112539 0.98048
6 0.811964 0.0652084 0.112206 0.112763 0.980119
5 0.936536 0.685329 0.111683 0.110589 0.979974
8 0.0667108 0.437458 0.112026 0.111905 0.979893
10 0.688012 0.0649584 0.110448 0.111928 0.979855
13 0.439349 0.561632 0.112079 0.11142 0.979779
12 0.687626 0.188635 0.11193 0.111745 0.979602
6 0.688291 0.685665 0.112499 0.11215 0.979535
13 0.563832 0.561716 0.112312 0.112365 0.979272
1 0.687911 0.31327 0.112025 0.112687 0.979254
0 0.0672406 0.809378 0.112991 0.111897 0.979105
8 0.191356 0.189113 0.111405 0.112384 0.979013
3 0.935717 0.064745 0.113152 0.1135 0.978939
1 0.812218 0.188703 0.111958 0.112759 0.978918
8 0.191107 0.561528 0.111375 0.111632 0.978898
11 0.563759 0.43734 0.111671 0.113009 0.978754
1 0.93639 0.312794 0.113226 0.112272 0.978576
11 0.687822 0.561585 0.111947 0.112834 0.978523
12 0.935833 0.188465 0.112726 0.112098 0.9785
8 0.688271 0.437204 0.11201 0.112764 0.97835
2 0.563734 0.313346 0.111674 0.111606 0.978134
10 0.812516 0.685216 0.11206 0.112163 0.978043
5 0.936482 0.436923 0.113056 0.112988 0.978018
8 0.812405 0.437237 0.111706 0.112357 0.978001
3 0.811633 0.313182 0.111337 0.111755 0.977992
0 0.563289 0.0653864 0.111608 0.11176 0.977826
5 0.936642 0.561287 0.112655 0.111722 0.977561
7 0.812551 0.561808 0.112271 0.11255 0.977153
2 0.191419 0.561434 0.112778 0.112061 0.0172717
4 0.812662 0.685494 0.110336 0.111472 0.011875
2 0.688527 0.436888 0.111558 0.1127 0.00744669
10 0.935829 0.437032 0.111093 0.112172 0.00718668
4 0.688012 0.0649584 0.110448 0.111928 0.00686586
2 0.0661864 0.437574 0.114681 0.110858 0.00655643
2 0.813056 0.437207 0.109204 0.11223 0.00589168
12 0.811642 0.810218 0.111919 0.113603 0.00564468
12 0.811608 0.562218 0.110826 0.113171 0.00563085
1 0.440358 0.437257 0.112709 0.112392 0.00521197
5 0.564478 0.437969 0.113338 0.111095 0.00521161
5 0.687957 0.561489 0.111491 0.11158 0.00445796
9 0.811428 0.313503 0.112198 0.112179 0.00433222
0 0.813162 0.932855 0.110977 0.111244 0.00420356
0 0.812432 0.188738 0.111241 0.113225 0.00402114
12 0.439586 0.561452 0.111148 0.11171 0.0039984
10 0.0673472 0.561026 0.112958 0.114343 0.00395419
7 0.688232 0.685359 0.113151 0.1131 0.00361713
0 0.0669388 0.438191 0.111532 0.112536 0.00357111
1 0.564223 0.685595 0.111452 0.111297 0.00353426
7 0.439678 0.437445 0.111733 0.11234 0.00339263
12 0.563805 0.561563 0.112053 0.112333 0.00335459
1 0.0668647 0.685363 0.113616 0.111678 0.00329415
0 0.688072 0.312594 0.111961 0.11254 0.00327047
12 0.439847 0.189124 0.111786 0.111621 0.00325642
0 0.936343 0.31314 0.112234 0.111004 0.00315862
3 0.190757 0.68529 0.112551 0.111971 0.0030167
1 0.439957 0.809741 0.112391 0.112049 0.00299273
6 0.811591 0.56193 0.113066 0.112893 0.00295971
1 0.315881 0.933934 0.112272 0.112662 0.00286526
0 0.936714 0.80928 0.11181 0.112558 0.00286007
2 0.191297 0.188691 0.11122 0.11213 0.0028114
2 0.688117 0.313475 0.111787 0.112686 0.00278887
10 0.93706 0.561232 0.111043 0.111419 0.00267876
0 0.687633 0.438044 0.110886 0.112868 0.00256705
1 0.563592 0.313678 0.111752 0.111418 0.00255451
1 0.564376 0.809741 0.112645 0.112075 0.00254572
10 0.935954 0.684987 0.111523 0.112022 0.00252233
6 0.811742 0.809817 0.112038 0.114146 0.00247705
0 0.811985 0.438056 0.109963 0.112038 0.00246153
3 0.68873 0.68508 0.111306 0.111776 0.00244525
12 0.688438 0.0645284 0.111007 0.113289 0.00240207
4 0.688558 0.933205 0.113421 0.112408 0.00235962
10 0.686827 0.56147 0.113285 0.111434 0.00233792
1 0.191184 0.313645 0.110693 0.111397 0.002331
10 0.563944 0.436894 0.111391 0.11193 0.00231745
4 0.564198 0.188964 0.111429 0.11292 0.0022831
7 0.439506 0.685406 0.113875 0.113024 0.00228054
7 0.439355 0.809582 0.112053 0.112387 0.00220701
3 0.191291 0.43748 0.112662 0.112239 0.00213834
1 0.066806 0.80888 0.114094 0.11251 0.00210122
3 0.440203 0.685257 0.112067 0.112301 0.00209349
7 0.81159 0.0646918 0.110575 0.112982 0.00197741
12 0.19167 0.0645587 0.110846 0.111342 0.00188811
6 0.439678 0.437445 0.111733 0.11234 0.00182091
3 0.812106 0.0648549 0.1119 0.113314 0.0018195
3 0.811548 0.933758 0.111562 0.11219 0.00179738
9 0.687682 0.56166 0.110982 0.111421 0.00172782
8 0.813135 0.933699 0.111004 0.111941 0.00172114
1 0.563831 0.063733 0.111775 0.11349 0.0017138
13 0.191856 0.933684 0.111385 0.111628 0.00169807
12 0.812049 0.685869 0.112164 0.11106 0.00169248
7 0.191321 0.438132 0.111939 0.112543 0.00167848
12 0.811548 0.933758 0.111562 0.11219 0.0016755
5 0.811811 0.685558 0.111801 0.111998 0.00166022
12 0.935817 0.064869 0.112797 0.112459 0.00164347
3 0.563935 0.313769 0.112329 0.112665 0.00161298
12 0.687968 0.809643 0.111652 0.112317 0.00160906
13 0.936451 0.188973 0.111805 0.112913 0.00155689
1 0.439555 0.0644888 0.111545 0.113704 0.00155644
4 0.315174 0.0646688 0.111136 0.11195 0.00154722
4 0.315576 0.685518 0.11145 0.111795 0.00154678
5 0.0668702 0.561376 0.113968 0.112925 0.00152709
12 0.811509 0.313338 0.111884 0.112362 0.00152057
9 0.935837 0.0647237 0.112358 0.112852 0.00147874
4 0.687893 0.313594 0.111525 0.112049 0.00147194
1 0.315136 0.312588 0.112342 0.112242 0.00146849
13 0.688316 0.0647485 0.111669 0.111796 0.00146632
2 0.812922 0.1887 0.111043 0.113572 0.00144176
3 0.936273 0.436466 0.11233 0.111546 0.00143946
0 0.0670531 0.188937 0.112973 0.112653 0.00143468
5 0.439547 0.0646222 0.11112 0.111299 0.00143152
9 0.936054 0.933715 0.112608 0.112544 0.00141873
2 0.688319 0.809764 0.112683 0.112444 0.00140877
10 0.688616 0.93335 0.11446 0.113803 0.00138392
5 0.191598 0.313312 0.111037 0.110814 0.00136567
5 0.688342 0.809659 0.113111 0.112588 0.00135417
3 0.191217 0.313255 0.111728 0.112268 0.00134805
1 0.31493 0.561482 0.112342 0.11203 0.00134021
4 0.812097 0.189322 0.111343 0.112374 0.00132588
7 0.0668647 0.685363 0.113616 0.111678 0.00131448
7 0.688395 0.0650164 0.111187 0.112512 0.00131083
1 0.19102 0.685224 0.112488 0.112238 0.00130063
5 0.563599 0.313726 0.113508 0.112495 0.00127722
9 0.563489 0.437459 0.111261 0.111953 0.00127499
4 0.440128 0.933652 0.111841 0.113044 0.00127267
12 0.563976 0.189202 0.111757 0.111541 0.00126341
7 0.811693 0.684955 0.111779 0.112746 0.00124461
1 0.68832 0.809633 0.111816 0.111868 0.00123895
4 0.440242 0.188933 0.111229 0.111774 0.00123838
2 0.688171 0.561741 0.111548 0.11181 0.0012358
8 0.688165 0.561529 0.111267 0.112726 0.00122924
12 0.31496 0.18915 0.111653 0.112513 0.00122295
4 0.0670381 0.189593 0.112825 0.113139 0.00121395
10 0.439754 0.313498 0.111749 0.111697 0.00120872
3 0.315007 0.436608 0.111209 0.110623 0.0011847
4 0.0674215 0.313376 0.112982 0.112645 0.00118143
4 0.439669 0.31345 0.111137 0.111674 0.00117485
6 0.19192 0.809498 0.110312 0.110912 0.00116295
4 0.315226 0.809548 0.111728 0.11151 0.00115966
7 0.43986 0.561228 0.111493 0.11242 0.0011594
3 0.439799 0.0649711 0.111534 0.112944 0.00115178
12 0.81159 0.0646918 0.110575 0.112982 0.00114721
2 0.81309 0.313598 0.110601 0.111698 0.00114569
12 0.935337 0.933723 0.111049 0.112262 0.0011425
4 0.936367 0.313551 0.111469 0.112258 0.0011382
10 0.936451 0.188973 0.111805 0.112913 0.00113271
2 0.439994 0.437243 0.112243 0.111795 0.00112644
1 0.812286 0.31308 0.111972 0.112427 0.00111979
1 0.935954 0.064914 0.111429 0.111874 0.00111713
4 0.936676 0.809645 0.112187 0.111986 0.00110671
4 0.811608 0.562218 0.110826 0.113171 0.00110447
4 0.688284 0.80955 0.113694 0.112378 0.0011041
4 0.315392 0.437829 0.112349 0.109891 0.00108899
2 0.564337 0.685458 0.111072 0.110967 0.00108872
4 0.191632 0.933383 0.111914 0.112884 0.00108007
0 0.688152 0.188887 0.113053 0.112928 0.00106605
0 0.314774 0.685447 0.111331 0.112126 0.00106325
5 0.688338 0.0648266 0.111369 0.112385 0.00105774
10 0.0674215 0.313376 0.112982 0.112645 0.00104999
7 0.31542 0.0649234 0.111909 0.112749 0.00104287
11 0.315007 0.436608 0.111209 0.110623 0.00103832
13 0.811742 0.809817 0.112038 0.114146 0.0010168
13 0.811737 0.685617 0.111337 0.1114 0.00100622
4 0.811642 0.810218 0.111919 0.113603 0.00100562
2 0.439623 0.809698 0.111938 0.111613 0.00100034
