3 0.439186 0.934226 0.113526 0.11435 0.987606
7 0.315641 0.93384 0.112368 0.112906 0.987024
10 0.563737 0.933691 0.112131 0.113935 0.986503
7 0.935229 0.0653615 0.114194 0.113232 0.985561
3 0.81164 0.934238 0.112941 0.114619 0.98555
5 0.563663 0.80998 0.111087 0.112634 0.985373
6 0.315113 0.80944 0.112088 0.112963 0.985276
4 0.439485 0.809749 0.112894 0.112562 0.985229
13 0.191157 0.809393 0.112306 0.112043 0.98517
13 0.439257 0.685172 0.111692 0.112615 0.985154
10 0.688128 0.933666 0.111632 0.113384 0.984969
6 0.936076 0.933836 0.111909 0.112977 0.984925
7 0.0668825 0.313452 0.112852 0.113034 0.98455
13 0.190719 0.0651022 0.112139 0.112672 0.98452
7 0.19114 0.685691 0.111859 0.112345 0.984431
2 0.314887 0.685307 0.11308 0.112944 0.984397
9 0.0665721 0.561329 0.113727 0.113715 0.984148
12 0.687653 0.810029 0.111873 0.112596 0.983521
12 0.0671812 0.93384 0.112328 0.113941 0.983119
12 0.191582 0.561427 0.111316 0.112414 0.983116
13 0.0670197 0.685845 0.112303 0.112387 0.983016
4 0.315031 0.0647638 0.111763 0.112574 0.982881
10 0.315372 0.436981 0.112716 0.111392 0.982844
4 0.315582 0.188998 0.112743 0.112735 0.982843
3 0.191752 0.189185 0.111094 0.113228 0.982588
5 0.687803 0.0656319 0.111089 0.112451 0.982528
8 0.0668127 0.437439 0.113373 0.11375 0.982497
4 0.191576 0.436949 0.112192 0.111803 0.982497
8 0.0670546 0.809339 0.112992 0.113913 0.982111
5 0.812271 0.810255 0.111759 0.112506 0.982066
8 0.563224 0.189702 0.112284 0.113163 0.982022
10 0.191341 0.31313 0.112263 0.112786 0.981969
4 0.563884 0.0650866 0.111349 0.112685 0.981803
4 0.439556 0.0648659 0.111768 0.112758 0.981762
2 0.315079 0.561193 0.112095 0.112902 0.981534
8 0.0673436 0.189517 0.112393 0.112627 0.981359
4 0.439511 0.560922 0.112672 0.112832 0.981264
0 0.93566 0.685038 0.113174 0.111031 0.980994
4 0.936913 0.809324 0.113558 0.113869 0.980833
7 0.935986 0.189205 0.113247 0.114032 0.980796
8 0.315235 0.313087 0.112617 0.1129 0.980673
13 0.439352 0.436881 0.112443 0.111813 0.980471
4 0.192288 0.933036 0.11334 0.113338 0.980363
9 0.439237 0.189127 0.112187 0.113781 0.980188
1 0.563448 0.437054 0.112788 0.113747 0.97957
9 0.811067 0.0652445 0.11047 0.112469 0.97946
11 0.563562 0.685124 0.112048 0.11336 0.979395
1 0.812109 0.685089 0.113002 0.112971 0.979381
6 0.687979 0.437021 0.11264 0.113234 0.979297
8 0.439296 0.313064 0.113502 0.112823 0.979272
0 0.0672 0.064668 0.111598 0.112686 0.979232
4 0.688166 0.560867 0.112686 0.113507 0.97903
8 0.563982 0.561197 0.112361 0.114164 0.978929
13 0.935839 0.561796 0.113846 0.113615 0.978911
4 0.688239 0.685136 0.113461 0.114298 0.978874
12 0.811965 0.313051 0.112222 0.112864 0.978746
13 0.935718 0.313243 0.114011 0.113122 0.978696
7 0.935972 0.437438 0.113442 0.113762 0.978681
0 0.81154 0.561499 0.112133 0.112828 0.978654
3 0.811829 0.437408 0.112078 0.112569 0.978631
2 0.563182 0.313361 0.112142 0.112149 0.978498
3 0.811633 0.188508 0.111399 0.112649 0.978333
11 0.68757 0.312941 0.112054 0.113219 0.977883
11 0.687569 0.188977 0.112082 0.113596 0.977672
10 0.686754 0.189137 0.112678 0.113085 0.0148875
10 0.686807 0.313068 0.1112 0.112002 0.0135618
1 0.0669993 0.0639101 0.112851 0.113169 0.00904134
1 0.811545 0.561053 0.11266 0.11262 0.00807509
3 0.563877 0.313914 0.112769 0.113361 0.00713428
4 0.688447 0.0646373 0.110205 0.112386 0.00466346
12 0.439396 0.437152 0.11127 0.11165 0.00461072
12 0.43932 0.685245 0.111486 0.111904 0.00460924
2 0.564115 0.561122 0.112592 0.113222 0.00401755
10 0.688153 0.0646146 0.112849 0.112121 0.00372293
9 0.813171 0.933744 0.111397 0.112633 0.00364807
2 0.563783 0.188997 0.11208 0.113493 0.00345163
1 0.191301 0.437149 0.112742 0.112429 0.00333401
6 0.811623 0.437326 0.110268 0.113009 0.00329143
2 0.0672091 0.436537 0.111856 0.115116 0.0032428
9 0.0665796 0.1895 0.114232 0.112124 0.00319303
1 0.563884 0.0650866 0.111349 0.112685 0.00319149
2 0.191301 0.437149 0.112742 0.112429 0.00296394
1 0.688105 0.561143 0.113308 0.113052 0.00275812
6 0.192111 0.933454 0.112154 0.112391 0.0027416
1 0.315031 0.0647638 0.111763 0.112574 0.00266398
3 0.315554 0.56172 0.112549 0.113673 0.00263938
1 0.439556 0.0648659 0.111768 0.112758 0.00262325
0 0.812478 0.684997 0.111663 0.112491 0.00261463
5 0.688059 0.933855 0.11123 0.112668 0.00255712
12 0.191286 0.8093 0.11174 0.111849 0.00253553
7 0.0671543 0.685356 0.113074 0.113479 0.00250289
6 0.811769 0.313109 0.112189 0.113381 0.00248498
1 0.315426 0.18892 0.111645 0.112346 0.00246075
11 0.0671766 0.187987 0.113095 0.113737 0.00239695
11 0.0674857 0.43636 0.111576 0.115094 0.00237625
1 0.688086 0.685461 0.112912 0.112863 0.00237483
7 0.68841 0.933276 0.113931 0.114029 0.00232566
1 0.439767 0.561374 0.113382 0.113224 0.00232503
11 0.563855 0.561057 0.111313 0.114034 0.00231191
7 0.937181 0.809071 0.111669 0.112862 0.00230051
8 0.688063 0.313207 0.112649 0.114655 0.00229414
10 0.0672678 0.313498 0.114133 0.114556 0.00223849
12 0.935781 0.437088 0.113501 0.113597 0.00222084
6 0.56444 0.0651701 0.111915 0.113326 0.00221758
2 0.439767 0.561374 0.113382 0.113224 0.00220658
13 0.19147 0.312716 0.111553 0.111988 0.00220206
9 0.813108 0.437911 0.108688 0.110253 0.00215
1 0.439485 0.809749 0.112894 0.112562 0.00214971
2 0.813171 0.933744 0.111397 0.112633 0.00214037
6 0.191293 0.437167 0.111746 0.112427 0.00206485
3 0.315386 0.685719 0.112565 0.113159 0.00205026
1 0.191714 0.933749 0.112647 0.113314 0.00203754
6 0.811577 0.188954 0.110939 0.112974 0.00202551
7 0.688361 0.685125 0.111555 0.112398 0.00201702
9 0.439551 0.313614 0.113182 0.113183 0.00200434
9 0.56376 0.561063 0.112732 0.113685 0.0019944
3 0.688361 0.685125 0.111555 0.112398 0.0019863
2 0.688105 0.561143 0.113308 0.113052 0.00197575
8 0.563523 0.684831 0.111626 0.112252 0.00197112
3 0.688239 0.436592 0.112191 0.113037 0.00196234
0 0.5637 0.437212 0.111788 0.114024 0.00195965
6 0.191579 0.188996 0.112691 0.112813 0.00195439
7 0.563977 0.933264 0.112154 0.113067 0.00194132
7 0.439471 0.436568 0.111255 0.112589 0.00194089
2 0.688086 0.685461 0.112912 0.112863 0.00193057
7 0.935986 0.933543 0.112992 0.113817 0.00190162
11 0.0675789 0.809478 0.112456 0.11416 0.00188422
9 0.315278 0.313483 0.112591 0.112971 0.00187867
11 0.439395 0.312793 0.111835 0.111443 0.00186127
12 0.811623 0.437326 0.110268 0.113009 0.00185318
12 0.93566 0.189098 0.11385 0.113927 0.00184393
1 0.937065 0.809328 0.113157 0.113861 0.00183039
12 0.439523 0.934072 0.1116 0.11147 0.00182308
3 0.440109 0.56132 0.112096 0.113148 0.00177362
0 0.688195 0.80947 0.11271 0.11264 0.00176626
7 0.688408 0.560973 0.111917 0.112638 0.00176138
2 0.811535 0.80939 0.113696 0.11225 0.00175203
6 0.440274 0.0649532 0.11231 0.113763 0.00174277
8 0.688064 0.189029 0.113529 0.115197 0.00174
3 0.688408 0.560973 0.111917 0.112638 0.00172641
3 0.688153 0.0646146 0.112849 0.112121 0.00172356
2 0.563884 0.0650866 0.111349 0.112685 0.00171995
7 0.191124 0.436396 0.112242 0.112665 0.00168812
4 0.0671647 0.313457 0.113466 0.113704 0.00168788
9 0.686702 0.312867 0.111382 0.113148 0.00168757
12 0.935679 0.0649454 0.114328 0.113457 0.00166623
0 0.0675039 0.18928 0.111515 0.113478 0.00166406
6 0.686896 0.808929 0.112468 0.111902 0.00162764
2 0.439485 0.809749 0.112894 0.112562 0.00162631
2 0.0665796 0.1895 0.114232 0.112124 0.00162381
9 0.563644 0.189662 0.112652 0.113022 0.00160621
2 0.937065 0.809328 0.113157 0.113861 0.00157479
6 0.811658 0.933386 0.113539 0.113009 0.00155051
4 0.315663 0.933796 0.111765 0.11304 0.00154344
3 0.937181 0.809071 0.111669 0.112862 0.00151839
5 0.314793 0.0651102 0.112523 0.111908 0.00150051
2 0.0670468 0.809678 0.113276 0.113235 0.00149752
10 0.563686 0.685544 0.111963 0.113668 0.0014967
6 0.191535 0.561325 0.112108 0.113131 0.00148271
11 0.811267 0.0647296 0.110129 0.112379 0.0014771
2 0.439551 0.313614 0.113182 0.113183 0.00147521
1 0.56336 0.313467 0.111555 0.112674 0.00145166
3 0.440274 0.0649532 0.11231 0.113763 0.00144247
2 0.315031 0.0647638 0.111763 0.112574 0.00144082
2 0.315426 0.18892 0.111645 0.112346 0.00143769
8 0.563511 0.313091 0.112388 0.11359 0.00143462
10 0.563626 0.809288 0.111843 0.112699 0.00143439
0 0.0663275 0.438058 0.11204 0.114647 0.00142655
6 0.688361 0.685125 0.111555 0.112398 0.00142557
4 0.315422 0.436995 0.112121 0.112401 0.00141521
6 0.688408 0.560973 0.111917 0.112638 0.00140283
2 0.439556 0.0648659 0.111768 0.112758 0.00139724
3 0.56444 0.0651701 0.111915 0.113326 0.00139512
5 0.315341 0.561014 0.112153 0.113827 0.00139177
10 0.811583 0.809622 0.1116 0.112495 0.00139135
12 0.811264 0.0650615 0.110044 0.111414 0.00139029
7 0.192152 0.933705 0.110732 0.112637 0.0013855
3 0.315974 0.189197 0.112373 0.11323 0.00136827
2 0.315278 0.313483 0.112591 0.112971 0.00136574
2 0.812634 0.437997 0.112098 0.112826 0.00136503
5 0.813184 0.933345 0.111863 0.111882 0.00136462
9 0.0665459 0.436876 0.114843 0.11293 0.00135166
1 0.688189 0.436948 0.111595 0.113622 0.00135155
3 0.439986 0.809444 0.11101 0.112145 0.00135112
7 0.191341 0.31313 0.112263 0.112786 0.00133874
2 0.191714 0.933749 0.112647 0.113314 0.00133218
12 0.811577 0.188954 0.110939 0.112974 0.00132058
7 0.315422 0.436995 0.112121 0.112401 0.00132029
6 0.936316 0.43793 0.111597 0.115194 0.00131321
3 0.68821 0.809121 0.112551 0.112468 0.00128744
4 0.563726 0.437015 0.112708 0.112959 0.00128173
4 0.191904 0.189191 0.11244 0.113037 0.00128038
12 0.811745 0.933595 0.112362 0.114097 0.00127845
5 0.563423 0.0651155 0.112103 0.111646 0.00126861
7 0.439986 0.809444 0.11101 0.112145 0.00126655
4 0.68841 0.933276 0.113931 0.114029 0.00125836
4 0.811974 0.684826 0.11249 0.112199 0.00125133
6 0.936316 0.809189 0.113681 0.114714 0.00124042
0 0.439603 0.31366 0.111415 0.112126 0.00123472
11 0.811564 0.8098 0.113189 0.111799 0.00122439
6 0.439986 0.809444 0.11101 0.112145 0.00121921
6 0.315601 0.064932 0.112397 0.113784 0.00121656
12 0.191316 0.188322 0.111862 0.11244 0.00121127
7 0.439477 0.0641597 0.112 0.112273 0.0012103
5 0.563606 0.933832 0.111112 0.11284 0.00120939
7 0.439447 0.685455 0.11157 0.112812 0.00119673
1 0.315473 0.56102 0.112604 0.113704 0.0011962
0 0.0676482 0.560952 0.111972 0.115953 0.00119549
0 0.811067 0.0652445 0.11047 0.112469 0.00119016
5 0.439684 0.809219 0.112572 0.112878 0.0011632
0 0.315542 0.313675 0.111803 0.113347 0.001162
7 0.191229 0.0652367 0.112047 0.113984 0.00115573
13 0.314651 0.43685 0.112023 0.111986 0.00114968
2 0.563449 0.437177 0.111322 0.112083 0.00113476
7 0.439685 0.560854 0.113303 0.114206 0.00112736
13 0.936721 0.436492 0.112448 0.113108 0.00112515
5 0.191418 0.312599 0.111847 0.111446 0.0011197
9 0.563199 0.685514 0.111223 0.112041 0.00110581
9 0.191536 0.31331 0.111034 0.112131 0.00109764
11 0.688059 0.933855 0.11123 0.112668 0.00109745
8 0.439128 0.189195 0.11237 0.11233 0.00109013
4 0.563977 0.933264 0.112154 0.113067 0.00108609
12 0.688059 0.933855 0.11123 0.112668 0.0010832
9 0.066695 0.809413 0.113906 0.112873 0.00108084
11 0.93542 0.561576 0.113788 0.113165 0.00107025
10 0.93542 0.561576 0.113788 0.113165 0.00107019
12 0.688137 0.436717 0.111886 0.112905 0.00105611
10 0.935158 0.313345 0.111069 0.111924 0.00105265
11 0.563783 0.188997 0.11208 0.113493 0.00105116
3 0.811564 0.8098 0.113189 0.111799 0.00104799
8 0.811301 0.0649168 0.109821 0.111821 0.00104698
5 0.687322 0.189599 0.112695 0.113173 0.00104212
1 0.81186 0.933812 0.111477 0.112166 0.00104176
5 0.687241 0.31353 0.112278 0.112462 0.00103887
6 0.440109 0.56132 0.112096 0.113148 0.00103584
7 0.686816 0.810162 0.111494 0.111955 0.00103521
7 0.191355 0.809483 0.111976 0.112217 0.00103398
13 0.688285 0.933712 0.111899 0.111709 0.00102907
5 0.936343 0.809294 0.111924 0.112595 0.00102672
5 0.315343 0.685385 0.111814 0.113334 0.00102363
4 0.43977 0.933702 0.112313 0.113715 0.00102306
3 0.191687 0.561061 0.111259 0.112499 0.00101385
11 0.0665867 0.561385 0.112939 0.112377 0.00101263
5 0.439531 0.560936 0.112689 0.112875 0.00101169
5 0.191798 0.933452 0.112747 0.1125 0.00100996
6 0.315974 0.189197 0.112373 0.11323 0.00100791
3 0.315113 0.80944 0.112088 0.112963 0.0010078
9 0.935795 0.685187 0.112021 0.110748 0.00100506
4 0.811623 0.437326 0.110268 0.113009 0.00100224
7 0.688137 0.436717 0.111886 0.112905 0.00100086
