3 0.315016 0.809748 0.112499 0.112707 0.988385
9 0.563697 0.934048 0.111127 0.113109 0.988368
3 0.687498 0.934 0.112571 0.11393 0.98687
9 0.439626 0.809573 0.111651 0.112262 0.986334
3 0.191574 0.561202 0.111366 0.113475 0.986114
5 0.440051 0.934142 0.110771 0.113243 0.986113
12 0.31541 0.934077 0.111106 0.112739 0.986054
5 0.191868 0.685585 0.111072 0.112224 0.985291
5 0.936379 0.809557 0.110917 0.110547 0.985263
12 0.315894 0.685583 0.111337 0.112151 0.985168
7 0.191005 0.0652495 0.110838 0.110361 0.984849
3 0.191351 0.313485 0.111375 0.113838 0.984528
9 0.191446 0.80959 0.111852 0.111696 0.984433
7 0.191468 0.933807 0.111978 0.112452 0.984407
12 0.81168 0.933895 0.11203 0.113011 0.984315
2 0.439247 0.685457 0.112379 0.112568 0.984083
4 0.563823 0.809692 0.111765 0.112826 0.983692
6 0.315791 0.5615 0.111848 0.112354 0.983147
4 0.563472 0.0654459 0.110916 0.112521 0.982918
9 0.935403 0.0650731 0.113055 0.113688 0.982537
1 0.0671246 0.685452 0.112737 0.112308 0.982515
4 0.0669401 0.934032 0.113081 0.11368 0.982491
3 0.439969 0.561216 0.111687 0.113707 0.982162
7 0.936309 0.933913 0.112698 0.113297 0.982152
5 0.440013 0.0649723 0.110312 0.112287 0.982007
4 0.0671862 0.809602 0.113328 0.112653 0.9817
3 0.687578 0.0649024 0.111254 0.113354 0.981627
2 0.315136 0.188971 0.110816 0.112182 0.981386
2 0.191707 0.188899 0.110635 0.111604 0.981324
4 0.067823 0.188708 0.11351 0.113285 0.981204
9 0.812057 0.0650093 0.111196 0.112685 0.981128
0 0.191013 0.437264 0.112461 0.112252 0.981084
13 0.439394 0.189379 0.113043 0.112361 0.980951
2 0.0674861 0.0645726 0.112614 0.112364 0.980317
8 0.0673909 0.437317 0.112038 0.112037 0.980019
9 0.439568 0.437401 0.111456 0.111819 0.979824
11 0.56369 0.684896 0.112189 0.113892 0.979761
0 0.0674751 0.31304 0.112696 0.113587 0.979499
9 0.811766 0.313438 0.112153 0.111884 0.979494
4 0.687913 0.685201 0.112387 0.112944 0.9794
6 0.687885 0.437242 0.111946 0.111785 0.979313
5 0.563416 0.188758 0.111319 0.113186 0.979221
10 0.563888 0.436923 0.112213 0.113936 0.979139
8 0.31555 0.437503 0.111704 0.112331 0.979114
12 0.812256 0.685763 0.112983 0.112197 0.979063
10 0.688043 0.31271 0.112097 0.113531 0.978962
5 0.811956 0.561177 0.112314 0.113097 0.978935
4 0.812428 0.436889 0.112416 0.112549 0.97886
11 0.315135 0.0652831 0.111821 0.113136 0.978792
12 0.936522 0.561445 0.113102 0.111524 0.978762
4 0.936694 0.436828 0.113587 0.113458 0.978734
11 0.687508 0.561137 0.111464 0.113726 0.978708
8 0.811937 0.809941 0.112057 0.112613 0.978695
0 0.687664 0.188849 0.112178 0.113146 0.978442
8 0.439315 0.313175 0.11254 0.111705 0.978356
2 0.563607 0.561098 0.112191 0.112756 0.978118
8 0.688264 0.809849 0.112111 0.112536 0.977953
11 0.935561 0.685131 0.112197 0.113214 0.977634
8 0.936419 0.312733 0.112662 0.111593 0.977616
13 0.936149 0.189159 0.112834 0.112604 0.97715
11 0.0663341 0.560988 0.113878 0.112947 0.976703
11 0.563239 0.313016 0.111326 0.111469 0.976418
11 0.811595 0.188677 0.1124 0.112229 0.975795
11 0.31576 0.31299 0.112193 0.112457 0.9752
3 0.43991 0.437436 0.111588 0.113179 0.0265639
5 0.563454 0.313832 0.111685 0.112566 0.0208793
5 0.31537 0.312918 0.111871 0.11264 0.0199067
5 0.0663341 0.560988 0.113878 0.112947 0.0164395
2 0.0668315 0.436719 0.113875 0.110935 0.0121195
5 0.315231 0.0647516 0.111054 0.112303 0.0111612
3 0.811963 0.313629 0.111668 0.112675 0.00982012
5 0.688106 0.561113 0.111832 0.113341 0.00769795
3 0.439626 0.809573 0.111651 0.112262 0.00737952
2 0.812826 0.80955 0.111456 0.112624 0.00728084
1 0.812402 0.437048 0.112463 0.113017 0.00711949
11 0.688147 0.810185 0.112096 0.111374 0.0069315
2 0.688329 0.809652 0.112625 0.11116 0.00688577
2 0.315677 0.43766 0.112176 0.112182 0.00687026
3 0.812057 0.0650093 0.111196 0.112685 0.00642484
4 0.688138 0.313156 0.111681 0.114175 0.00576155
4 0.935707 0.933711 0.113941 0.113083 0.0057544
7 0.439353 0.189311 0.111483 0.112731 0.00528671
11 0.812011 0.810076 0.11223 0.111567 0.00514805
1 0.93654 0.436968 0.113339 0.113613 0.00502419
5 0.935901 0.685644 0.111887 0.1127 0.00489487
1 0.0668444 0.808886 0.113305 0.112343 0.00478996
2 0.936087 0.31343 0.112577 0.111131 0.00477171
5 0.811065 0.189219 0.110937 0.112787 0.00449463
1 0.066703 0.933543 0.113037 0.113156 0.0041585
4 0.564264 0.43768 0.111687 0.113291 0.00409405
0 0.812332 0.933746 0.110069 0.112917 0.00391626
6 0.81167 0.437064 0.113524 0.111662 0.00391591
1 0.687978 0.685695 0.111645 0.112641 0.00390756
3 0.191446 0.80959 0.111852 0.111696 0.0038374
1 0.563602 0.0649537 0.110957 0.113239 0.00372374
1 0.688313 0.436706 0.109193 0.110982 0.00362828
12 0.935949 0.933836 0.113525 0.113044 0.00348932
1 0.0671594 0.312607 0.113379 0.112867 0.00348159
2 0.439592 0.31355 0.111949 0.111799 0.00346808
1 0.0673729 0.188811 0.113039 0.112233 0.00346553
0 0.812543 0.685658 0.111088 0.112311 0.00344865
12 0.812388 0.313492 0.111703 0.112326 0.00327034
3 0.563697 0.934048 0.111127 0.113109 0.00313798
0 0.93676 0.561767 0.111591 0.112114 0.00308653
10 0.68678 0.560831 0.112468 0.112993 0.00304307
1 0.563901 0.80923 0.112184 0.112346 0.00300522
10 0.935575 0.189385 0.113844 0.113817 0.00289282
12 0.439831 0.4367 0.111624 0.112782 0.00288465
10 0.811531 0.188902 0.111999 0.112697 0.00285162
2 0.687978 0.685695 0.111645 0.112641 0.00271082
12 0.935575 0.189385 0.113844 0.113817 0.00269449
4 0.687649 0.933815 0.111624 0.112039 0.00246793
11 0.439629 0.312941 0.111596 0.112126 0.0024223
2 0.688347 0.933596 0.113472 0.112893 0.00239845
6 0.191367 0.560949 0.111875 0.111773 0.00239804
10 0.439452 0.934175 0.111208 0.111449 0.00239665
10 0.936033 0.685288 0.111624 0.113163 0.00231715
7 0.936482 0.189373 0.112319 0.113379 0.00229076
13 0.687797 0.313075 0.110788 0.111717 0.00222436
1 0.563851 0.560993 0.112393 0.112448 0.00221726
2 0.812402 0.437048 0.112463 0.113017 0.00221083
0 0.813004 0.313355 0.111316 0.113848 0.00219869
7 0.688138 0.313156 0.111681 0.114175 0.00214999
12 0.936099 0.0648322 0.112574 0.11272 0.00212759
5 0.563045 0.685153 0.110404 0.112052 0.00211947
4 0.191514 0.685155 0.112063 0.112055 0.00211626
12 0.812044 0.0647762 0.11196 0.112367 0.00210731
4 0.439524 0.561255 0.112063 0.112204 0.00210398
2 0.563472 0.0654459 0.110916 0.112521 0.00210163
10 0.439527 0.0644919 0.111543 0.111951 0.00208463
0 0.439865 0.438025 0.113243 0.114887 0.00207328
2 0.191336 0.561107 0.111884 0.112744 0.00206433
6 0.687649 0.933815 0.111624 0.112039 0.00206056
10 0.0672366 0.560688 0.113707 0.114176 0.00198284
10 0.315105 0.313339 0.112189 0.112436 0.0019627
1 0.0672356 0.0647831 0.112394 0.111248 0.00193967
1 0.316148 0.561052 0.111379 0.112443 0.00191691
6 0.439524 0.561255 0.112063 0.112204 0.00189784
12 0.439492 0.188875 0.111823 0.112144 0.00187633
1 0.687871 0.188269 0.112111 0.113092 0.00186863
6 0.0668522 0.809219 0.111722 0.11232 0.00182843
6 0.687933 0.685588 0.111538 0.112473 0.0018246
6 0.935967 0.933581 0.112335 0.113055 0.00175046
1 0.191037 0.189184 0.111429 0.111326 0.00174069
9 0.688347 0.933596 0.113472 0.112893 0.00172724
1 0.43952 0.685124 0.113005 0.112055 0.00171233
3 0.191514 0.685155 0.112063 0.112055 0.00170908
0 0.0669529 0.438112 0.112009 0.112771 0.00169892
3 0.687855 0.437155 0.112124 0.112863 0.00167649
2 0.688106 0.561113 0.111832 0.113341 0.00167241
11 0.0668315 0.436719 0.113875 0.110935 0.00164372
12 0.439829 0.809107 0.112417 0.11331 0.00164226
10 0.936521 0.809561 0.111851 0.112112 0.00162864
6 0.687545 0.0646124 0.111246 0.111897 0.00162785
1 0.315168 0.189332 0.111457 0.111327 0.00162266
7 0.687933 0.685588 0.111538 0.112473 0.00162204
11 0.315269 0.437272 0.112762 0.111558 0.00159295
13 0.191593 0.933832 0.112209 0.113302 0.00157377
2 0.93654 0.436968 0.113339 0.113613 0.00154268
6 0.191531 0.313035 0.11206 0.112277 0.00152559
12 0.191367 0.560949 0.111875 0.111773 0.00151756
7 0.811759 0.436517 0.111427 0.113709 0.00151496
12 0.191482 0.809764 0.113084 0.112562 0.00151455
12 0.439524 0.561255 0.112063 0.112204 0.00150898
3 0.315749 0.56124 0.112807 0.113453 0.00150619
6 0.936193 0.436996 0.113485 0.11339 0.00149827
10 0.811543 0.561166 0.111271 0.111798 0.00149093
1 0.314852 0.809375 0.112345 0.112002 0.00148917
4 0.687545 0.0646124 0.111246 0.111897 0.00148077
6 0.563779 0.809356 0.111779 0.112459 0.00147675
10 0.314826 0.0650817 0.111986 0.111793 0.00146481
5 0.688099 0.312979 0.112419 0.113484 0.00145481
2 0.563823 0.809692 0.111765 0.112826 0.00144419
10 0.563729 0.313382 0.112458 0.112352 0.00144237
12 0.563927 0.437158 0.112594 0.113242 0.00141206
4 0.19189 0.93375 0.111154 0.11227 0.00141178
4 0.191367 0.560949 0.111875 0.111773 0.00141072
3 0.936842 0.561179 0.111214 0.11245 0.00140838
7 0.937088 0.561184 0.112508 0.111901 0.00140272
10 0.563389 0.18871 0.111499 0.112319 0.00136346
2 0.688196 0.0650147 0.111361 0.11199 0.00135447
3 0.936036 0.80979 0.112679 0.11287 0.00134471
12 0.687545 0.0646124 0.111246 0.111897 0.00133996
10 0.812332 0.933746 0.110069 0.112917 0.00133906
3 0.936271 0.064793 0.112716 0.11308 0.00133899
7 0.0671944 0.18803 0.112288 0.112713 0.00133008
2 0.0668051 0.188969 0.111462 0.111097 0.00131531
13 0.563501 0.437268 0.111805 0.112122 0.00131206
0 0.0668782 0.68522 0.113154 0.112933 0.0013052
6 0.066744 0.933543 0.112236 0.112803 0.0013027
2 0.315016 0.809748 0.112499 0.112707 0.00129669
0 0.936107 0.312996 0.110381 0.111972 0.00127878
7 0.936023 0.437595 0.111607 0.112161 0.00127178
4 0.19165 0.0649979 0.111491 0.111971 0.00126427
2 0.0668444 0.808886 0.113305 0.112343 0.00125863
10 0.191211 0.685235 0.111876 0.112337 0.00125578
0 0.31537 0.438102 0.111654 0.112529 0.00123775
12 0.191531 0.313035 0.11206 0.112277 0.00121727
3 0.44008 0.685329 0.11125 0.11211 0.00121417
3 0.191043 0.188727 0.111555 0.111542 0.00121186
3 0.315136 0.188971 0.110816 0.112182 0.00121146
3 0.563901 0.561146 0.112538 0.112848 0.00121109
6 0.314852 0.809375 0.112345 0.112002 0.00120053
6 0.315626 0.685529 0.111308 0.112385 0.00119619
12 0.56394 0.933576 0.112258 0.112629 0.00119545
1 0.687815 0.0646807 0.111742 0.112812 0.00119245
12 0.688276 0.312962 0.112132 0.113319 0.00118079
3 0.0666925 0.0644498 0.113686 0.1118 0.00117872
1 0.439644 0.561091 0.112226 0.112441 0.00117403
1 0.688086 0.933708 0.111894 0.112696 0.00114854
4 0.935994 0.809572 0.112689 0.113408 0.00113296
4 0.191531 0.313035 0.11206 0.112277 0.00112492
6 0.811505 0.93334 0.111363 0.112993 0.0011229
4 0.81145 0.561187 0.112874 0.112319 0.00111754
9 0.811558 0.188619 0.112018 0.112587 0.00111171
12 0.936229 0.436766 0.111799 0.112225 0.00109777
3 0.812313 0.685785 0.113189 0.112828 0.00109367
9 0.314981 0.312735 0.112159 0.112184 0.00109108
7 0.563718 0.436567 0.110606 0.113648 0.00108733
7 0.564063 0.0649473 0.111532 0.112124 0.00108328
11 0.936087 0.31343 0.112577 0.111131 0.00106646
5 0.688368 0.933446 0.113453 0.113211 0.00106466
11 0.811563 0.0648959 0.111898 0.11326 0.00106437
3 0.811505 0.93334 0.111363 0.112993 0.00104528
10 0.563764 0.684851 0.112892 0.113447 0.00104
4 0.0671246 0.685452 0.112737 0.112308 0.00103551
1 0.19097 0.437148 0.11256 0.112405 0.00103195
10 0.563998 0.809673 0.11302 0.112768 0.00102787
0 0.812954 0.064763 0.109602 0.112557 0.0010272
5 0.688234 0.0646294 0.111987 0.111977 0.00101792
9 0.686767 0.560869 0.109904 0.112306 0.00101474
