9 0.191696 0.809467 0.111024 0.112129 0.98742
3 0.192116 0.933858 0.112125 0.113443 0.985846
7 0.315629 0.685578 0.111853 0.111776 0.985664
3 0.191353 0.561314 0.110983 0.112726 0.985656
4 0.316015 0.933832 0.110199 0.111208 0.985296
12 0.439992 0.809512 0.111362 0.112172 0.985087
9 0.0672227 0.561729 0.112314 0.112444 0.984874
0 0.936017 0.933279 0.113167 0.112122 0.984536
12 0.439866 0.685304 0.111411 0.111972 0.984175
1 0.563811 0.933874 0.112023 0.112837 0.98412
6 0.067266 0.809419 0.113489 0.112918 0.984078
5 0.188998 0.0653786 0.110578 0.111225 0.983889
11 0.563804 0.809792 0.11137 0.11195 0.983319
8 0.688012 0.933905 0.112396 0.112832 0.983254
5 0.066854 0.313891 0.112577 0.11242 0.983152
10 0.0678787 0.685274 0.112208 0.11116 0.982943
6 0.314373 0.0649133 0.113015 0.113141 0.982841
9 0.0656858 0.0647252 0.112244 0.11262 0.982607
13 0.315277 0.437478 0.113625 0.111549 0.982535
6 0.564147 0.685246 0.111537 0.112744 0.98253
12 0.190997 0.437277 0.11169 0.111681 0.982523
6 0.314813 0.188745 0.11325 0.113308 0.982249
8 0.439631 0.933955 0.112864 0.113403 0.982012
12 0.315246 0.313046 0.112327 0.112031 0.982008
11 0.315373 0.561173 0.113385 0.112156 0.981758
6 0.811975 0.933673 0.112087 0.112691 0.981446
11 0.0667091 0.934329 0.113716 0.113725 0.981219
4 0.687954 0.0651166 0.111159 0.112313 0.981196
2 0.0667353 0.437652 0.112805 0.112478 0.98109
11 0.0655545 0.188593 0.112428 0.11188 0.980974
2 0.191038 0.313328 0.112109 0.112448 0.980779
13 0.563644 0.0651046 0.111821 0.112833 0.980653
13 0.439379 0.0647233 0.111455 0.110917 0.980641
11 0.191236 0.684955 0.112471 0.112069 0.980593
6 0.189586 0.188664 0.112934 0.113027 0.980407
10 0.936812 0.809668 0.112487 0.111366 0.980173
13 0.439584 0.189068 0.113783 0.112572 0.980102
6 0.564176 0.437451 0.112119 0.113041 0.979696
9 0.439686 0.437375 0.112253 0.113025 0.979611
9 0.811932 0.0649349 0.112226 0.113681 0.979534
11 0.687832 0.809901 0.11255 0.112902 0.979394
11 0.439677 0.561051 0.111926 0.112848 0.979377
9 0.563678 0.561741 0.112113 0.111662 0.979282
8 0.31555 0.809605 0.112419 0.111542 0.979059
0 0.812145 0.809359 0.112411 0.112986 0.978957
11 0.563531 0.188615 0.111578 0.113258 0.978913
9 0.811905 0.561788 0.1121 0.111799 0.978857
4 0.812751 0.436905 0.11272 0.112523 0.978839
10 0.688133 0.312938 0.112037 0.11268 0.978805
13 0.439319 0.313314 0.113321 0.112052 0.978747
3 0.687824 0.437683 0.111201 0.111913 0.978436
13 0.936128 0.188728 0.11277 0.112763 0.978409
8 0.936411 0.685554 0.112498 0.112139 0.978361
5 0.688018 0.685549 0.112572 0.11185 0.978317
0 0.563192 0.313615 0.111817 0.11223 0.97826
5 0.687773 0.561383 0.112129 0.112292 0.978239
5 0.812426 0.188698 0.112554 0.112818 0.978177
2 0.687714 0.189158 0.111756 0.111996 0.97817
11 0.812248 0.685481 0.112612 0.112765 0.978143
1 0.936353 0.0642307 0.113867 0.113694 0.977958
8 0.936316 0.312797 0.112627 0.112467 0.977396
11 0.936282 0.437083 0.112906 0.113065 0.97728
7 0.812465 0.313084 0.112912 0.112656 0.977102
7 0.936451 0.561919 0.111979 0.112158 0.976493
4 0.688026 0.31374 0.110801 0.112076 0.0177871
10 0.936778 0.436668 0.110653 0.111927 0.0115895
2 0.935786 0.313248 0.112725 0.112142 0.00836465
12 0.811684 0.313539 0.11118 0.113715 0.0071987
3 0.812574 0.933394 0.112419 0.113876 0.00660108
2 0.315402 0.809711 0.113073 0.112381 0.00575351
3 0.067266 0.809419 0.113489 0.112918 0.00535696
12 0.936296 0.56168 0.112179 0.114006 0.00482738
1 0.812683 0.436834 0.112095 0.112679 0.00471784
10 0.688201 0.809587 0.110585 0.112176 0.0045339
9 0.936113 0.437312 0.110736 0.111632 0.00445522
1 0.0667254 0.438044 0.11107 0.111196 0.00422013
2 0.687992 0.933397 0.111642 0.112289 0.00414917
12 0.563795 0.064694 0.111744 0.113685 0.00377534
3 0.811773 0.561829 0.11271 0.112557 0.00352053
1 0.688228 0.0644679 0.112077 0.113585 0.00347718
2 0.936761 0.685614 0.112101 0.113527 0.00337158
0 0.439955 0.438059 0.112555 0.113146 0.00331185
0 0.93624 0.0640219 0.112602 0.113674 0.00322585
3 0.563967 0.561535 0.111805 0.112058 0.00307127
7 0.813135 0.932419 0.111636 0.112768 0.00302983
8 0.811459 0.685369 0.111262 0.111779 0.00295947
10 0.564392 0.809556 0.110232 0.111653 0.00295918
1 0.316019 0.933998 0.111608 0.112358 0.0029398
5 0.812198 0.685685 0.111663 0.111719 0.00290375
12 0.439669 0.188681 0.111781 0.112289 0.00285478
3 0.0660941 0.437248 0.114778 0.111038 0.00281683
12 0.564079 0.561381 0.111415 0.112685 0.00281164
5 0.687856 0.809905 0.111183 0.111566 0.00279875
12 0.812511 0.561261 0.111915 0.112428 0.00278736
2 0.43984 0.933953 0.112493 0.113342 0.0027073
12 0.315438 0.437245 0.111026 0.111564 0.0026173
2 0.688157 0.561516 0.112033 0.11282 0.00256805
3 0.314626 0.189059 0.112329 0.113089 0.00254372
0 0.81312 0.561941 0.112099 0.112274 0.00249478
12 0.439476 0.313289 0.110987 0.111523 0.00246844
4 0.937012 0.809287 0.11144 0.111076 0.00246393
5 0.563673 0.188427 0.110924 0.112705 0.00241453
7 0.687832 0.064936 0.110945 0.111028 0.00241041
6 0.936321 0.561438 0.111409 0.11372 0.00239361
2 0.813039 0.189215 0.113249 0.113457 0.00233986
1 0.190996 0.313615 0.110935 0.111376 0.00232971
7 0.564225 0.685595 0.11392 0.113251 0.00227242
3 0.189446 0.188998 0.111883 0.112637 0.00226009
5 0.0665956 0.933523 0.113255 0.112649 0.00225769
3 0.564602 0.685028 0.111912 0.112301 0.00222072
10 0.0672543 0.93404 0.114608 0.113618 0.0022189
12 0.439804 0.0649288 0.111104 0.113222 0.00219489
12 0.812045 0.06477 0.112158 0.111999 0.00217552
7 0.811783 0.436391 0.112218 0.114439 0.00217237
12 0.0675866 0.561224 0.111682 0.113967 0.00213773
12 0.439891 0.438053 0.111185 0.112652 0.0021301
5 0.688129 0.189197 0.114131 0.113634 0.0021149
3 0.688135 0.561621 0.112734 0.113544 0.00209126
3 0.688082 0.188646 0.112144 0.112807 0.00208878
9 0.811459 0.685369 0.111262 0.111779 0.00207643
6 0.440085 0.809771 0.111701 0.112403 0.00204643
10 0.811559 0.68543 0.110618 0.111951 0.00201785
1 0.563748 0.312308 0.112245 0.113082 0.00201749
10 0.0653652 0.18942 0.11212 0.111142 0.00199487
9 0.688248 0.437637 0.111256 0.111088 0.00198529
5 0.0655545 0.188593 0.112428 0.11188 0.00190731
10 0.315518 0.561065 0.112342 0.112351 0.00189871
7 0.0667024 0.809201 0.113456 0.112652 0.00189555
13 0.0665956 0.933523 0.113255 0.112649 0.00188275
3 0.314373 0.0649133 0.113015 0.113141 0.00187141
8 0.564392 0.809556 0.110232 0.111653 0.0018638
10 0.191217 0.685208 0.112483 0.112218 0.00185704
5 0.439661 0.561262 0.111788 0.112 0.00184187
9 0.687811 0.809848 0.111497 0.112101 0.00179201
2 0.688248 0.437637 0.111256 0.111088 0.00176684
5 0.935883 0.436916 0.113334 0.112934 0.00176056
3 0.68831 0.685771 0.112767 0.112797 0.00173074
10 0.439734 0.56107 0.111975 0.112647 0.00171297
6 0.811703 0.437026 0.114687 0.112914 0.00170143
9 0.564392 0.809556 0.110232 0.111653 0.00169835
2 0.688329 0.685582 0.112402 0.112603 0.00168662
13 0.811788 0.313136 0.112255 0.114016 0.00168532
3 0.813039 0.189215 0.113249 0.113457 0.00163481
4 0.688157 0.561516 0.112033 0.11282 0.00162296
4 0.0678787 0.685274 0.112208 0.11116 0.0016135
12 0.688776 0.438022 0.112745 0.111775 0.00159131
1 0.687918 0.188885 0.112664 0.112941 0.00158763
5 0.564408 0.809904 0.11137 0.111971 0.00158485
0 0.936518 0.313339 0.1116 0.113081 0.00157507
0 0.688725 0.933629 0.113642 0.112976 0.00156954
0 0.563896 0.933701 0.111744 0.112782 0.00156416
4 0.688329 0.685582 0.112402 0.112603 0.00156216
7 0.563916 0.437318 0.111871 0.11237 0.00156058
8 0.688134 0.189232 0.112947 0.113537 0.00155904
5 0.68783 0.31333 0.111472 0.111747 0.00154337
9 0.439483 0.561251 0.111272 0.111831 0.0015369
13 0.190903 0.43666 0.109942 0.11163 0.00153014
3 0.190957 0.313125 0.112193 0.112762 0.00150596
12 0.936571 0.809863 0.11259 0.111287 0.0014928
10 0.563673 0.188427 0.110924 0.112705 0.00147475
10 0.811685 0.189132 0.11381 0.112192 0.00147301
10 0.935639 0.189011 0.111102 0.112204 0.00147265
12 0.191718 0.809669 0.112304 0.111903 0.00145365
8 0.439427 0.561182 0.111441 0.111551 0.00143725
8 0.686777 0.809662 0.111031 0.112897 0.00143365
8 0.0667254 0.438044 0.11107 0.111196 0.00142864
12 0.0662478 0.0648798 0.111864 0.111588 0.00142468
0 0.813033 0.0653111 0.112692 0.111913 0.00142392
3 0.81304 0.064543 0.111396 0.110414 0.00139065
3 0.439554 0.437276 0.112162 0.112736 0.00138484
6 0.688439 0.437982 0.111956 0.110676 0.00135953
7 0.688274 0.313546 0.111694 0.113237 0.00135212
12 0.811775 0.932826 0.11175 0.111574 0.00134709
9 0.19137 0.685372 0.111772 0.111813 0.00134207
0 0.0661988 0.0649098 0.111816 0.112061 0.00132356
12 0.688206 0.313127 0.111564 0.112453 0.00131471
13 0.0653652 0.18942 0.11212 0.111142 0.00131141
7 0.314876 0.0648516 0.113901 0.114036 0.0013024
0 0.936051 0.685903 0.111333 0.112838 0.00129164
9 0.936135 0.933614 0.111652 0.112576 0.00127321
10 0.563795 0.064694 0.111744 0.113685 0.00126992
7 0.936221 0.809116 0.112666 0.113354 0.00125428
9 0.0659869 0.188402 0.111807 0.112516 0.00125362
7 0.439508 0.313578 0.111856 0.112253 0.00122803
13 0.936697 0.809561 0.111958 0.111141 0.0012227
6 0.811788 0.313136 0.112255 0.114016 0.0012175
2 0.563786 0.809575 0.111182 0.111581 0.00120756
6 0.315246 0.313046 0.112327 0.112031 0.00120195
10 0.189608 0.0648535 0.111317 0.111695 0.00119082
0 0.0675866 0.561224 0.111682 0.113967 0.00118959
1 0.19222 0.933813 0.111819 0.111423 0.00118738
7 0.315556 0.436675 0.111623 0.111982 0.0011815
6 0.191156 0.437637 0.111457 0.11126 0.00118006
10 0.688128 0.685769 0.111822 0.11214 0.00116203
0 0.563757 0.561716 0.111833 0.111538 0.00116107
3 0.564379 0.437539 0.112393 0.112726 0.00114499
1 0.812145 0.809359 0.112411 0.112986 0.00113188
6 0.440124 0.685357 0.11131 0.111633 0.00112975
5 0.191077 0.685448 0.112354 0.11217 0.00112577
13 0.687979 0.31306 0.111557 0.111538 0.00112072
2 0.812719 0.436958 0.111964 0.112501 0.0011166
12 0.564015 0.438141 0.113301 0.113154 0.00111421
2 0.68792 0.809658 0.111733 0.112098 0.0011004
5 0.688269 0.437403 0.112563 0.111734 0.00109767
12 0.191435 0.561156 0.111403 0.111573 0.00106903
4 0.0672519 0.313561 0.11243 0.112319 0.00104204
10 0.687645 0.56154 0.111311 0.111856 0.00103488
9 0.563613 0.188633 0.111638 0.112536 0.00103288
2 0.811898 0.685786 0.112259 0.112665 0.00103132
4 0.563667 0.933778 0.110845 0.111945 0.0010294
3 0.0675866 0.561224 0.111682 0.113967 0.001029
8 0.439891 0.438053 0.111185 0.112652 0.00101963
8 0.936289 0.932955 0.111856 0.111807 0.00101528
5 0.191349 0.313214 0.111379 0.111033 0.00101021
2 0.687954 0.0651166 0.111159 0.112313 0.00100695
8 0.813058 0.80941 0.113005 0.113798 0.00100064
