9 0.935346 0.934036 0.111913 0.113012 0.986562
7 0.563666 0.933578 0.112004 0.113043 0.986381
7 0.935382 0.0653719 0.114328 0.113423 0.98605
4 0.439686 0.809864 0.112191 0.112432 0.985699
2 0.563335 0.0653497 0.111846 0.113261 0.98552
6 0.439532 0.933824 0.112242 0.113713 0.98505
7 0.191394 0.809555 0.112371 0.111831 0.98502
8 0.315169 0.809747 0.112406 0.112126 0.984639
9 0.935982 0.809692 0.111629 0.112309 0.984493
4 0.688044 0.934096 0.112538 0.11357 0.984226
4 0.439423 0.0652347 0.111295 0.112389 0.984039
8 0.315352 0.934274 0.112058 0.112161 0.983902
9 0.066916 0.685656 0.11294 0.11284 0.983727
12 0.439879 0.685532 0.111486 0.112253 0.983418
7 0.811751 0.809838 0.112827 0.112238 0.983362
3 0.811644 0.0654326 0.112258 0.113666 0.983305
5 0.0669117 0.189735 0.112732 0.11258 0.983289
12 0.315151 0.0648788 0.111332 0.112815 0.983151
8 0.687629 0.809711 0.111143 0.111723 0.983093
3 0.192208 0.561618 0.111299 0.113083 0.983055
6 0.315777 0.437363 0.11174 0.112997 0.982756
9 0.0668967 0.0645596 0.113989 0.114739 0.9826
10 0.812348 0.933706 0.112017 0.113763 0.982273
2 0.563584 0.685446 0.112105 0.113103 0.982005
12 0.315356 0.313724 0.112454 0.113182 0.981948
1 0.0670987 0.437343 0.111938 0.111598 0.98191
11 0.31527 0.68575 0.111198 0.112372 0.981679
1 0.191062 0.0643694 0.111747 0.113546 0.981553
0 0.191367 0.685345 0.111983 0.111691 0.9813
11 0.191037 0.312939 0.111186 0.112502 0.981297
12 0.43969 0.56124 0.111784 0.112851 0.981229
3 0.440255 0.437685 0.111911 0.113321 0.981087
12 0.315286 0.189381 0.112124 0.113234 0.981086
6 0.439467 0.313234 0.112625 0.112577 0.980921
13 0.93587 0.685678 0.11272 0.113159 0.980825
11 0.190991 0.18879 0.1119 0.11252 0.980764
4 0.439361 0.18926 0.112815 0.112838 0.980572
1 0.0667624 0.934132 0.113088 0.113152 0.980455
0 0.190968 0.437515 0.112039 0.111648 0.98027
4 0.687905 0.0653312 0.111266 0.112803 0.980205
12 0.563309 0.189424 0.111101 0.113037 0.980168
12 0.0671134 0.313545 0.112784 0.113222 0.980138
0 0.314966 0.561314 0.112724 0.111656 0.979902
8 0.68772 0.685418 0.112029 0.112236 0.979612
2 0.191428 0.93373 0.112503 0.112979 0.979473
9 0.811675 0.685843 0.111718 0.112464 0.979382
13 0.811872 0.561683 0.113076 0.113095 0.979325
10 0.936094 0.188776 0.112342 0.113254 0.979183
0 0.563768 0.809326 0.111985 0.11343 0.97899
12 0.687871 0.437184 0.111894 0.113286 0.978956
4 0.687885 0.188809 0.112195 0.113164 0.978946
12 0.563792 0.437023 0.112162 0.113583 0.978935
2 0.563832 0.561086 0.112181 0.113366 0.978838
3 0.687756 0.313258 0.111167 0.111919 0.978817
5 0.6875 0.561224 0.112099 0.113324 0.9787
5 0.936475 0.56126 0.113506 0.11367 0.978591
11 0.56344 0.312956 0.111944 0.113741 0.978588
0 0.811751 0.312986 0.112277 0.112373 0.978237
0 0.935967 0.437202 0.113159 0.112139 0.978143
2 0.812512 0.436944 0.112289 0.113516 0.978108
2 0.811904 0.188766 0.112316 0.113805 0.977979
2 0.936406 0.313109 0.11275 0.113591 0.977747
0 0.0674113 0.561171 0.111954 0.113402 0.97711
0 0.067255 0.809674 0.112017 0.112315 0.974853
1 0.0667823 0.560572 0.114153 0.11338 0.0417332
1 0.0668276 0.80947 0.113503 0.113027 0.0326538
3 0.811519 0.189901 0.11245 0.112793 0.0177403
3 0.563918 0.68543 0.112066 0.11315 0.0115756
3 0.811993 0.43782 0.112914 0.112988 0.0113626
3 0.56395 0.561544 0.112382 0.113223 0.0091311
3 0.935695 0.31413 0.113076 0.11279 0.00851949
9 0.68801 0.685137 0.112753 0.112873 0.0082561
3 0.564144 0.0654655 0.112562 0.113539 0.00788923
5 0.935482 0.189741 0.11325 0.113342 0.00679526
9 0.687744 0.809143 0.112065 0.112589 0.00634449
12 0.81141 0.809539 0.112511 0.112936 0.00554897
11 0.687892 0.68548 0.111154 0.112652 0.00503644
10 0.191009 0.188724 0.11183 0.111293 0.00497863
8 0.191845 0.933656 0.111071 0.111332 0.00373102
1 0.687723 0.189588 0.111703 0.112784 0.00341685
5 0.811412 0.189023 0.112802 0.113493 0.00320484
3 0.191565 0.933858 0.111942 0.113247 0.00308201
1 0.687905 0.0653312 0.111266 0.112803 0.00304318
6 0.563614 0.189257 0.111277 0.113601 0.00298575
0 0.688122 0.809717 0.111459 0.113527 0.00294772
1 0.439327 0.189557 0.111578 0.112134 0.002911
2 0.687955 0.685564 0.112437 0.111837 0.00288825
1 0.81183 0.312691 0.112183 0.113161 0.0028113
11 0.68788 0.809753 0.111051 0.113189 0.0027897
8 0.813057 0.437616 0.1098 0.112731 0.00274847
6 0.687867 0.189615 0.111989 0.112749 0.00266998
11 0.315802 0.809694 0.111107 0.11237 0.0026464
1 0.563895 0.809377 0.112045 0.113004 0.00258383
5 0.811536 0.437252 0.113087 0.112825 0.00257814
9 0.315472 0.933768 0.111419 0.113038 0.00255297
8 0.811446 0.685862 0.110519 0.112654 0.00251501
1 0.439423 0.0652347 0.111295 0.112389 0.00251433
2 0.688039 0.561263 0.112635 0.112627 0.00245563
7 0.687974 0.933667 0.111455 0.112756 0.00244233
1 0.688044 0.934096 0.112538 0.11357 0.00233824
1 0.811959 0.437904 0.109966 0.112302 0.00230632
8 0.935695 0.31413 0.113076 0.11279 0.00225255
6 0.439925 0.189686 0.112154 0.112889 0.00221859
12 0.687791 0.312945 0.111089 0.111884 0.00220072
0 0.813171 0.685803 0.110476 0.111322 0.00217231
10 0.563565 0.313181 0.113514 0.11359 0.00216451
6 0.0672746 0.313022 0.113246 0.113314 0.0021405
2 0.688111 0.808995 0.111759 0.111813 0.00214042
6 0.811347 0.809044 0.112316 0.112589 0.00210423
6 0.688035 0.0654726 0.111727 0.11291 0.00209105
0 0.688145 0.437584 0.110456 0.112537 0.00207088
4 0.440475 0.438047 0.112175 0.113167 0.00205821
10 0.687528 0.561382 0.110899 0.111632 0.00205282
6 0.687974 0.933667 0.111455 0.112756 0.00205083
6 0.440475 0.438047 0.112175 0.113167 0.00202053
7 0.687431 0.0643851 0.111424 0.112302 0.00201474
8 0.812986 0.189327 0.111217 0.112788 0.00200817
1 0.315601 0.561295 0.112752 0.112786 0.00198396
8 0.563617 0.0647775 0.112157 0.113445 0.00198315
12 0.811233 0.561402 0.111756 0.112613 0.00197412
2 0.688145 0.313528 0.110187 0.112134 0.00194442
1 0.19119 0.437018 0.112144 0.112288 0.00194307
2 0.315706 0.809859 0.112469 0.112883 0.00193562
3 0.688039 0.561263 0.112635 0.112627 0.00192073
0 0.688197 0.68551 0.112809 0.113708 0.00189808
4 0.56314 0.933479 0.11252 0.113335 0.00188894
1 0.439686 0.809864 0.112191 0.112432 0.00188404
6 0.686855 0.436648 0.110235 0.111687 0.00185003
12 0.936028 0.810387 0.110517 0.114245 0.00181603
11 0.315792 0.93435 0.112289 0.112966 0.00179811
2 0.440743 0.438082 0.112484 0.112576 0.00179714
6 0.31525 0.188963 0.111772 0.113109 0.00178764
12 0.935803 0.0650655 0.113713 0.113501 0.00178436
5 0.812513 0.934079 0.110623 0.113494 0.00172345
12 0.935257 0.685591 0.111859 0.112937 0.00167172
10 0.936965 0.561177 0.111864 0.11267 0.00166756
7 0.813159 0.933385 0.111552 0.114928 0.00163572
8 0.190643 0.313408 0.111766 0.113525 0.00163488
3 0.687867 0.189615 0.111989 0.112749 0.00163376
7 0.439642 0.0643553 0.111946 0.112507 0.00162374
9 0.812432 0.934008 0.110271 0.112594 0.00162043
11 0.936607 0.561099 0.112702 0.112383 0.00160668
11 0.811664 0.933219 0.113259 0.111298 0.00159039
10 0.0665622 0.189128 0.111737 0.112416 0.00158269
11 0.686801 0.561237 0.111215 0.110586 0.00155174
4 0.688124 0.313313 0.111145 0.113807 0.00154954
12 0.811565 0.065194 0.111076 0.112486 0.00154724
10 0.93563 0.68486 0.111386 0.112112 0.00152816
1 0.191265 0.685271 0.11193 0.112463 0.00151882
6 0.4401 0.0652895 0.112155 0.113563 0.00151643
11 0.935703 0.93386 0.11172 0.114515 0.0015025
12 0.192077 0.56126 0.111551 0.112099 0.0015017
7 0.44009 0.809444 0.110801 0.112044 0.00148947
1 0.563832 0.561086 0.112181 0.113366 0.00148861
0 0.191062 0.0643694 0.111747 0.113546 0.00147531
2 0.439686 0.809864 0.112191 0.112432 0.0014741
5 0.688176 0.313224 0.111465 0.112627 0.00146095
6 0.315391 0.313205 0.112381 0.113081 0.00145042
12 0.935743 0.934184 0.111511 0.113922 0.00144671
9 0.315466 0.809373 0.112181 0.113249 0.00142564
11 0.811401 0.68584 0.111812 0.112825 0.00141038
5 0.936 0.313156 0.113199 0.114191 0.00140873
4 0.688039 0.561263 0.112635 0.112627 0.00140613
2 0.439327 0.189557 0.111578 0.112134 0.00136867
11 0.935692 0.685528 0.113389 0.112791 0.00136137
3 0.315663 0.437291 0.112599 0.112796 0.00135853
2 0.687723 0.189588 0.111703 0.112784 0.00135341
4 0.935482 0.189741 0.11325 0.113342 0.00134963
2 0.687905 0.0653312 0.111266 0.112803 0.00134238
1 0.563904 0.685141 0.112802 0.113605 0.00133965
3 0.439925 0.189686 0.112154 0.112889 0.00133189
0 0.0666827 0.0644713 0.113092 0.113352 0.00131269
1 0.812014 0.188659 0.112014 0.11375 0.00129658
11 0.0665169 0.065048 0.112591 0.111588 0.00128634
3 0.43946 0.313103 0.110963 0.113463 0.00128583
13 0.811675 0.93356 0.11099 0.112316 0.00128537
2 0.439423 0.0652347 0.111295 0.112389 0.00127271
6 0.31547 0.0645602 0.111376 0.113658 0.00126804
7 0.687867 0.189615 0.111989 0.112749 0.00126628
3 0.687974 0.933667 0.111455 0.112756 0.00125707
1 0.563547 0.0645431 0.111693 0.114194 0.00125511
0 0.0665306 0.436385 0.113297 0.111233 0.00123893
8 0.563629 0.561328 0.111603 0.112633 0.00123658
2 0.315792 0.93435 0.112289 0.112966 0.00122988
3 0.936028 0.810387 0.110517 0.114245 0.00119229
3 0.44009 0.809444 0.110801 0.112044 0.00119207
4 0.812036 0.809244 0.112693 0.112691 0.00118157
6 0.439927 0.561281 0.111827 0.113145 0.00117816
6 0.811565 0.065194 0.111076 0.112486 0.0011736
10 0.935491 0.933657 0.112966 0.114074 0.00117316
3 0.688035 0.0654726 0.111727 0.11291 0.00116357
13 0.935477 0.189012 0.111657 0.1117 0.00115785
1 0.936515 0.313031 0.112739 0.113326 0.00115
10 0.190751 0.313205 0.111708 0.112552 0.00114013
2 0.688044 0.934096 0.112538 0.11357 0.00113387
4 0.563614 0.189257 0.111277 0.113601 0.00112748
9 0.191109 0.189122 0.111589 0.111899 0.00112165
1 0.687826 0.312774 0.110998 0.111911 0.00112009
4 0.0670987 0.437343 0.111938 0.111598 0.00111772
0 0.935346 0.934036 0.111913 0.113012 0.00111049
4 0.0667926 0.93418 0.11206 0.112484 0.00110577
4 0.192077 0.56126 0.111551 0.112099 0.00109493
3 0.563619 0.436634 0.110875 0.113297 0.00108872
0 0.0667624 0.934132 0.113088 0.113152 0.00106788
9 0.935914 0.437501 0.112541 0.112507 0.00105346
6 0.563865 0.437103 0.111663 0.112998 0.00105343
2 0.191825 0.561235 0.112527 0.113769 0.00105268
5 0.563694 0.561205 0.11193 0.11375 0.00105111
10 0.31549 0.685269 0.112178 0.113481 0.0010442
1 0.811203 0.0651506 0.111221 0.111772 0.00104376
3 0.439779 0.561014 0.112307 0.114005 0.00104014
3 0.4401 0.0652895 0.112155 0.113563 0.00103917
6 0.44009 0.809444 0.110801 0.112044 0.00101219
