3 0.563276 0.809761 0.112882 0.113098 0.987285
6 0.935534 0.93319 0.11355 0.112894 0.987003
9 0.191131 0.685388 0.11309 0.11209 0.986722
3 0.190007 0.0652543 0.113921 0.113447 0.986176
13 0.439302 0.933806 0.112259 0.114587 0.986176
6 0.439636 0.809353 0.111652 0.112062 0.985588
5 0.563776 0.933801 0.111786 0.113727 0.985494
1 0.81158 0.933379 0.112083 0.112865 0.985107
6 0.314446 0.0649207 0.112221 0.112804 0.984754
4 0.191382 0.809385 0.112196 0.111532 0.984568
5 0.687843 0.809372 0.111604 0.112662 0.984398
13 0.190922 0.31369 0.113255 0.113775 0.984096
13 0.0669403 0.437558 0.113626 0.113557 0.983938
10 0.191345 0.437905 0.112981 0.112455 0.983504
11 0.315443 0.561529 0.111412 0.112484 0.983242
4 0.687635 0.933662 0.112223 0.114137 0.983151
10 0.0668304 0.313946 0.112857 0.112832 0.983044
1 0.936217 0.809518 0.112462 0.111354 0.982998
11 0.315088 0.933747 0.112075 0.113957 0.982751
6 0.0669168 0.809409 0.111177 0.111076 0.982745
7 0.1904 0.189467 0.113998 0.112665 0.982733
5 0.314766 0.313241 0.111649 0.112156 0.982464
6 0.0670216 0.561709 0.112356 0.111839 0.98245
3 0.0666349 0.18969 0.111421 0.112732 0.982392
13 0.439628 0.561057 0.112512 0.112125 0.982302
5 0.191444 0.93341 0.111352 0.113171 0.982294
7 0.687695 0.0653053 0.111744 0.11275 0.982274
11 0.314864 0.188975 0.111433 0.112534 0.98222
10 0.0666348 0.0648549 0.112809 0.112657 0.982085
2 0.315554 0.437738 0.111582 0.112566 0.982073
11 0.0661915 0.933747 0.112399 0.11412 0.981523
3 0.563522 0.685757 0.112156 0.112228 0.981355
10 0.562946 0.0648073 0.111281 0.112849 0.981036
2 0.315731 0.685611 0.113091 0.11251 0.980963
10 0.935911 0.0654785 0.113051 0.11338 0.980883
12 0.066614 0.685496 0.112683 0.112396 0.980713
3 0.439392 0.437555 0.112042 0.112105 0.980705
0 0.440326 0.685459 0.111951 0.1118 0.980325
13 0.438814 0.189233 0.112637 0.113734 0.980116
4 0.439133 0.312927 0.1125 0.11326 0.979914
3 0.812119 0.685781 0.112221 0.112612 0.979491
1 0.438778 0.0648427 0.112261 0.113244 0.979424
11 0.563419 0.561272 0.111499 0.11443 0.979366
13 0.81207 0.313131 0.113428 0.113521 0.97932
4 0.81206 0.561435 0.113039 0.112562 0.979181
10 0.687698 0.312501 0.112748 0.113829 0.97905
6 0.687705 0.43684 0.112823 0.112041 0.978689
11 0.563185 0.188576 0.111817 0.114216 0.978631
2 0.563314 0.437327 0.111186 0.112001 0.978574
4 0.936868 0.685551 0.112667 0.112876 0.978509
4 0.936685 0.437154 0.113476 0.113078 0.978473
6 0.812367 0.437027 0.113046 0.111866 0.978463
0 0.68804 0.685298 0.111855 0.112486 0.978416
4 0.812336 0.064329 0.113105 0.112152 0.978409
3 0.812129 0.187926 0.112652 0.112967 0.978401
5 0.687558 0.561054 0.111687 0.113534 0.977994
4 0.93707 0.188445 0.111931 0.113398 0.977846
2 0.936272 0.561499 0.113268 0.113338 0.977602
8 0.812056 0.809489 0.11256 0.112618 0.97728
8 0.56302 0.313425 0.110933 0.111428 0.977173
2 0.936732 0.313001 0.11275 0.113605 0.977083
8 0.687686 0.188592 0.111506 0.112057 0.976765
8 0.191514 0.561488 0.112577 0.113325 0.97511
8 0.316138 0.809586 0.111004 0.112427 0.974684
2 0.688067 0.188194 0.112901 0.113556 0.0222745
2 0.56343 0.313637 0.112138 0.112797 0.0177517
2 0.315613 0.80963 0.112627 0.112245 0.0137067
2 0.191369 0.561603 0.11377 0.112787 0.00799821
2 0.688056 0.561144 0.111249 0.112932 0.00766649
2 0.811555 0.809839 0.112539 0.112069 0.00745659
2 0.688177 0.808868 0.112109 0.113821 0.0067785
7 0.190918 0.809248 0.112513 0.112371 0.00490002
4 0.687428 0.313505 0.110647 0.114102 0.00425535
7 0.687977 0.933616 0.111512 0.111944 0.00425503
12 0.686773 0.0652205 0.110762 0.112828 0.00418052
12 0.190722 0.0649139 0.112364 0.112282 0.004168
11 0.190847 0.933174 0.11228 0.112119 0.00396931
1 0.812248 0.0643836 0.112204 0.112873 0.00390877
11 0.811899 0.809726 0.11204 0.111934 0.00382808
3 0.687438 0.436463 0.113083 0.113163 0.00377142
11 0.315768 0.80969 0.112424 0.111971 0.00371986
7 0.936625 0.188461 0.110374 0.111576 0.00360403
4 0.191091 0.437927 0.111054 0.11301 0.00356856
1 0.439175 0.312969 0.112768 0.112972 0.00348261
7 0.439029 0.313164 0.11156 0.11178 0.00343616
1 0.811477 0.436919 0.110886 0.113706 0.00342169
4 0.563298 0.0650754 0.112565 0.112895 0.0034002
3 0.935494 0.933478 0.112403 0.112972 0.0033964
3 0.812236 0.436827 0.11365 0.113338 0.00323379
9 0.813168 0.188459 0.111654 0.113322 0.00318583
1 0.811529 0.561463 0.112864 0.112875 0.00317181
1 0.315648 0.43801 0.110241 0.111501 0.00314009
1 0.936697 0.188698 0.111706 0.113755 0.00312261
4 0.0666042 0.313706 0.111897 0.112259 0.00305405
11 0.686852 0.561198 0.110635 0.111443 0.00296161
4 0.0661118 0.0647466 0.112569 0.112323 0.00288507
1 0.191065 0.809321 0.113472 0.113157 0.0028785
3 0.439931 0.809326 0.11086 0.111471 0.00287505
1 0.688132 0.685027 0.112291 0.112114 0.00285798
0 0.812127 0.933548 0.111354 0.113342 0.0028547
5 0.936346 0.313084 0.113239 0.114617 0.0028024
12 0.811613 0.685869 0.111191 0.112225 0.00278846
10 0.812046 0.561667 0.111745 0.113426 0.00274013
1 0.936461 0.313474 0.111045 0.11398 0.00270446
11 0.191241 0.561521 0.112526 0.112306 0.00266889
1 0.563516 0.437911 0.109304 0.1106 0.00252284
1 0.936205 0.437238 0.113172 0.113559 0.00248108
13 0.191221 0.438011 0.111214 0.11151 0.00243865
7 0.935869 0.437616 0.111791 0.11226 0.00242729
10 0.687518 0.561188 0.111601 0.112175 0.00233932
7 0.686833 0.312311 0.113286 0.113366 0.00229408
2 0.936697 0.188698 0.111706 0.113755 0.00228181
5 0.936017 0.561716 0.113765 0.114596 0.00226502
3 0.0669168 0.809409 0.111177 0.111076 0.00224173
10 0.315578 0.561312 0.111815 0.112959 0.00218645
3 0.0670216 0.561709 0.112356 0.111839 0.00218123
7 0.811642 0.063626 0.113413 0.112895 0.00217274
13 0.563243 0.18899 0.11194 0.112749 0.00215672
2 0.812248 0.0643836 0.112204 0.112873 0.00215598
7 0.563334 0.0650252 0.111367 0.112252 0.00212076
4 0.688139 0.0646813 0.111334 0.111476 0.00210155
3 0.315731 0.685611 0.113091 0.11251 0.00209633
1 0.936404 0.685661 0.112398 0.113716 0.00207232
6 0.439872 0.438057 0.112859 0.112593 0.00203057
3 0.688056 0.561144 0.111249 0.112932 0.00202485
1 0.4403 0.685394 0.111962 0.11253 0.00202237
6 0.811613 0.685869 0.111191 0.112225 0.0020013
13 0.0661915 0.933747 0.112399 0.11412 0.00199276
1 0.686632 0.4371 0.112577 0.111292 0.0019513
7 0.93599 0.685965 0.111758 0.112502 0.00193464
7 0.191554 0.438112 0.113068 0.112659 0.00193463
6 0.811558 0.0643327 0.114252 0.111597 0.00192177
13 0.315373 0.933765 0.11249 0.113596 0.00191294
13 0.314689 0.189076 0.112102 0.112473 0.00191032
0 0.438953 0.0643542 0.111937 0.113767 0.00190598
1 0.0668984 0.561234 0.111191 0.112617 0.00189366
12 0.8132 0.188306 0.11371 0.113368 0.00188608
13 0.687215 0.31282 0.111403 0.112133 0.00188032
2 0.813168 0.188459 0.111654 0.113322 0.00187321
10 0.563098 0.189099 0.112059 0.113351 0.00186595
2 0.563947 0.933068 0.112216 0.113247 0.00186454
5 0.563429 0.561438 0.111152 0.113179 0.00182629
11 0.688151 0.809066 0.112412 0.113584 0.00182546
3 0.315072 0.0648097 0.112399 0.113007 0.00172081
5 0.688035 0.31283 0.112951 0.113293 0.00172009
9 0.813095 0.686217 0.110978 0.110037 0.00171365
7 0.93633 0.0643027 0.112502 0.113232 0.00169891
10 0.439338 0.313228 0.111018 0.113479 0.00169622
11 0.5639 0.93321 0.111821 0.113143 0.00169413
12 0.440285 0.438096 0.1126 0.112512 0.00165328
8 0.315648 0.43801 0.110241 0.111501 0.00163652
7 0.811497 0.560713 0.112648 0.113375 0.0016323
4 0.936297 0.0648449 0.111662 0.11341 0.00162246
10 0.563429 0.561438 0.111152 0.113179 0.00161902
12 0.191188 0.685335 0.112382 0.112329 0.00159476
4 0.688056 0.561144 0.111249 0.112932 0.00159053
10 0.812108 0.0646628 0.112398 0.112686 0.00158466
1 0.687802 0.933524 0.111741 0.112535 0.00157492
5 0.563243 0.18899 0.11194 0.112749 0.00156471
10 0.936404 0.685661 0.112398 0.113716 0.00156023
7 0.0671067 0.313896 0.112502 0.113024 0.00152778
1 0.936448 0.561415 0.113528 0.113063 0.00150269
2 0.811618 0.561412 0.112728 0.113398 0.00149443
3 0.0667054 0.685406 0.113704 0.113805 0.00149286
0 0.936217 0.809518 0.112462 0.111354 0.0014902
13 0.936764 0.0646114 0.110685 0.111518 0.00148151
3 0.191201 0.685539 0.11255 0.11294 0.00147803
11 0.687786 0.188874 0.1128 0.113667 0.00147707
10 0.68811 0.0646111 0.111711 0.112541 0.00146392
6 0.0666767 0.685631 0.113036 0.112954 0.00145383
7 0.935494 0.933478 0.112403 0.112972 0.00143607
10 0.936491 0.188863 0.111253 0.114096 0.00142628
0 0.688073 0.188605 0.113467 0.114462 0.00142248
10 0.687635 0.933662 0.112223 0.114137 0.00142028
6 0.936449 0.188132 0.11229 0.11304 0.00140935
8 0.936121 0.313588 0.112087 0.113023 0.00140893
3 0.936281 0.561696 0.113292 0.11359 0.0013957
11 0.0662975 0.438013 0.112833 0.112177 0.0013943
7 0.0663483 0.0651138 0.110395 0.113641 0.00138733
10 0.314697 0.189013 0.110549 0.112086 0.00138595
5 0.315541 0.561386 0.111569 0.112312 0.0013793
12 0.439641 0.561194 0.111821 0.112376 0.00136337
4 0.19028 0.189653 0.11232 0.112644 0.00134742
7 0.811982 0.313819 0.113168 0.113899 0.00132982
2 0.190847 0.933174 0.11228 0.112119 0.00129381
10 0.811546 0.313436 0.114313 0.11469 0.0012822
2 0.936205 0.437238 0.113172 0.113559 0.00128012
4 0.936118 0.809466 0.111876 0.111315 0.00127378
6 0.68811 0.0646111 0.111711 0.112541 0.00127147
12 0.0663177 0.188581 0.112022 0.112887 0.00126984
8 0.563425 0.437126 0.111293 0.112358 0.0012644
1 0.812119 0.685781 0.112221 0.112612 0.00125995
2 0.936404 0.685661 0.112398 0.113716 0.00125641
6 0.811414 0.561079 0.113454 0.112132 0.00125524
5 0.0663063 0.933609 0.112813 0.114182 0.0012531
4 0.315223 0.313417 0.111318 0.112067 0.00123955
1 0.935413 0.933282 0.111818 0.1134 0.00123877
1 0.315267 0.0646366 0.111949 0.113073 0.00122489
1 0.563769 0.809206 0.111643 0.111775 0.00120766
10 0.439313 0.933455 0.112031 0.111996 0.00120716
4 0.81158 0.933379 0.112083 0.112865 0.00119932
13 0.563749 0.56138 0.1109 0.112129 0.00118841
1 0.564139 0.68559 0.112029 0.11219 0.00118225
3 0.56393 0.437433 0.11078 0.112617 0.00117752
3 0.315227 0.437772 0.111992 0.112069 0.00117024
8 0.314485 0.189113 0.112315 0.112985 0.00116924
1 0.190419 0.0648145 0.112021 0.112491 0.00115311
10 0.315088 0.933747 0.112075 0.113957 0.00114613
2 0.813095 0.686217 0.110978 0.110037 0.00114133
13 0.562619 0.0645853 0.111462 0.111932 0.00111982
1 0.0668196 0.809372 0.112436 0.112095 0.00110029
6 0.936241 0.685353 0.112665 0.113436 0.00108744
5 0.563408 0.43741 0.112168 0.112675 0.00108221
4 0.688177 0.808868 0.112109 0.113821 0.00108104
10 0.0663303 0.933578 0.11288 0.114377 0.00106108
7 0.0669168 0.809409 0.111177 0.111076 0.00105954
1 0.440303 0.809693 0.111878 0.111979 0.00105946
9 0.439872 0.438057 0.112859 0.112593 0.0010462
8 0.563405 0.560827 0.111009 0.113267 0.00104121
2 0.440285 0.438096 0.1126 0.112512 0.0010385
1 0.316069 0.685187 0.112472 0.112174 0.00103624
2 0.191065 0.809321 0.113472 0.113157 0.00103221
10 0.190633 0.933497 0.112483 0.112769 0.00102511
10 0.563869 0.933796 0.111403 0.112282 0.00102214
11 0.190569 0.314076 0.111505 0.113 0.00101685
3 0.688151 0.809066 0.112412 0.113584 0.00101201
12 0.563413 0.0643891 0.111976 0.113458 0.00101077
