5 0.316251 0.809912 0.111022 0.112352 0.986586
13 0.315467 0.934023 0.11163 0.113282 0.985704
9 0.439506 0.809855 0.111655 0.112105 0.985274
9 0.0673922 0.934295 0.113013 0.113824 0.98524
12 0.563951 0.934007 0.111353 0.113402 0.985219
13 0.563719 0.809653 0.111803 0.113424 0.984948
3 0.811766 0.934064 0.112798 0.114199 0.984931
9 0.315357 0.685301 0.111564 0.111641 0.984913
3 0.191266 0.189204 0.111967 0.113708 0.984268
1 0.191296 0.809438 0.111607 0.112269 0.983782
8 0.439448 0.934335 0.11286 0.113393 0.983524
5 0.314763 0.0655696 0.110519 0.111251 0.983203
10 0.68816 0.809674 0.112065 0.113151 0.983181
12 0.564011 0.685499 0.111093 0.112773 0.98305
2 0.191937 0.561219 0.110466 0.112103 0.983035
7 0.31505 0.437357 0.112359 0.110613 0.983032
7 0.315182 0.189176 0.113358 0.111826 0.982907
2 0.935872 0.934076 0.112148 0.111869 0.982766
0 0.687966 0.933479 0.112229 0.113206 0.982592
10 0.191577 0.933174 0.112718 0.113832 0.982422
12 0.19119 0.437846 0.112118 0.112577 0.98226
13 0.0674139 0.809494 0.112402 0.112865 0.98226
12 0.191508 0.0645642 0.111813 0.11253 0.981887
1 0.439302 0.0651647 0.111695 0.112933 0.981858
10 0.935733 0.0654758 0.11318 0.113886 0.981553
11 0.0663783 0.43699 0.113541 0.112671 0.981291
8 0.191194 0.313362 0.111259 0.112138 0.98104
10 0.0671203 0.56161 0.113753 0.112902 0.981039
12 0.687886 0.0650559 0.110925 0.112607 0.981016
2 0.0673539 0.189066 0.111463 0.111906 0.980953
8 0.563589 0.0651878 0.111589 0.112515 0.980826
0 0.0670261 0.0639992 0.113451 0.112943 0.980033
7 0.936571 0.809737 0.112415 0.112872 0.979881
4 0.687992 0.436787 0.112364 0.112993 0.979582
12 0.564083 0.561063 0.112002 0.11288 0.979274
12 0.812188 0.43698 0.111946 0.112365 0.979252
11 0.81153 0.0655611 0.111665 0.11272 0.979091
3 0.811558 0.188782 0.112341 0.112726 0.978943
10 0.936792 0.436687 0.113555 0.114232 0.978933
10 0.687995 0.685437 0.111954 0.112409 0.978911
4 0.812352 0.685082 0.11258 0.112718 0.97883
3 0.687703 0.561422 0.111833 0.112034 0.978796
9 0.811959 0.561606 0.11212 0.111784 0.978534
0 0.563242 0.313733 0.111416 0.111958 0.978501
2 0.563525 0.437183 0.110576 0.111311 0.978425
7 0.563542 0.189089 0.111582 0.112551 0.978346
13 0.936161 0.685529 0.113128 0.113114 0.978328
0 0.687612 0.188844 0.112162 0.112894 0.978301
0 0.812074 0.312997 0.112203 0.112584 0.978177
8 0.812373 0.809623 0.112842 0.112918 0.977953
2 0.687724 0.313164 0.110625 0.11134 0.977808
7 0.936269 0.189277 0.112713 0.112397 0.977675
8 0.439886 0.437535 0.111498 0.111824 0.9776
8 0.439842 0.189049 0.111068 0.111808 0.977222
2 0.9362 0.561588 0.111261 0.111873 0.977117
11 0.439256 0.312624 0.11216 0.113351 0.97705
11 0.439479 0.68507 0.112751 0.11341 0.976985
8 0.191318 0.685168 0.112159 0.112416 0.976792
8 0.439895 0.561154 0.112107 0.113046 0.976497
8 0.0670623 0.68542 0.111966 0.112871 0.97637
2 0.936609 0.312646 0.1129 0.112564 0.976307
8 0.315826 0.561069 0.112041 0.112797 0.975226
11 0.315733 0.312998 0.112132 0.112353 0.974509
11 0.0666688 0.313566 0.112805 0.112383 0.974476
5 0.0666784 0.312764 0.113212 0.112406 0.0257695
5 0.315242 0.312919 0.111834 0.112528 0.023297
2 0.315739 0.561203 0.113122 0.112457 0.0135413
3 0.81227 0.561538 0.112075 0.112989 0.0116408
2 0.191335 0.685458 0.112581 0.112312 0.0110121
3 0.439506 0.809855 0.111655 0.112105 0.0105312
2 0.813057 0.809618 0.111712 0.112889 0.010325
5 0.439523 0.685423 0.111884 0.112678 0.0099124
4 0.935376 0.189224 0.113837 0.11277 0.00957158
2 0.0670319 0.685232 0.113502 0.112087 0.00867093
5 0.811254 0.0654401 0.110353 0.112785 0.00782972
12 0.936243 0.80991 0.113047 0.113552 0.00715716
2 0.439728 0.437472 0.112422 0.112772 0.00687179
1 0.688183 0.436862 0.112289 0.11284 0.00679286
4 0.0668464 0.560966 0.115375 0.112419 0.00670907
6 0.564035 0.561073 0.112379 0.11307 0.00638046
4 0.688191 0.685276 0.111534 0.112794 0.00576979
6 0.81266 0.436547 0.110758 0.11192 0.00534682
2 0.439521 0.561176 0.111422 0.112673 0.00521575
2 0.439865 0.189067 0.111883 0.112089 0.00507678
5 0.439369 0.312779 0.111486 0.11273 0.0050365
5 0.0664574 0.436573 0.112384 0.11439 0.00495396
3 0.315357 0.685301 0.111564 0.111641 0.00490818
4 0.936032 0.809529 0.113476 0.112494 0.00481783
1 0.936219 0.31331 0.110159 0.113716 0.00468832
6 0.191255 0.189048 0.112375 0.112364 0.0046719
10 0.935849 0.685623 0.113548 0.113441 0.00444495
2 0.564049 0.0650615 0.111487 0.112053 0.00441783
4 0.688349 0.809472 0.112264 0.113373 0.00441483
2 0.191389 0.313222 0.111218 0.111481 0.00424362
11 0.439859 0.188673 0.111703 0.111731 0.00407674
2 0.440019 0.934332 0.11264 0.113235 0.0037755
6 0.811569 0.933599 0.113913 0.112333 0.00368603
11 0.812249 0.810035 0.112341 0.111756 0.00367371
11 0.563904 0.0645344 0.111032 0.11222 0.00356604
10 0.811477 0.064886 0.111542 0.1117 0.00353545
12 0.936042 0.685714 0.111495 0.112595 0.00336985
1 0.687632 0.313424 0.110216 0.111837 0.0033046
13 0.687919 0.685499 0.11105 0.111765 0.00328971
6 0.191161 0.437832 0.112208 0.112344 0.00328159
2 0.812319 0.685529 0.112043 0.112942 0.00323093
5 0.936002 0.933687 0.114387 0.114153 0.00322364
12 0.81222 0.561187 0.112021 0.112782 0.00319044
6 0.811654 0.685249 0.11361 0.111854 0.00299071
13 0.936516 0.43679 0.111976 0.111655 0.00291184
12 0.563847 0.809492 0.111351 0.112035 0.00286684
1 0.812319 0.685529 0.112043 0.112942 0.00286553
8 0.688132 0.312943 0.111994 0.112841 0.00277398
10 0.315084 0.313347 0.111837 0.112072 0.00275454
11 0.19125 0.685532 0.112268 0.112425 0.00273995
7 0.688191 0.685276 0.111534 0.112794 0.00272502
6 0.936252 0.809679 0.1118 0.112873 0.00271639
13 0.688077 0.809538 0.111534 0.112419 0.00271085
3 0.936544 0.561459 0.111369 0.113118 0.00269249
2 0.688093 0.561723 0.111783 0.111287 0.00250254
6 0.686828 0.561443 0.112625 0.112429 0.00249746
10 0.0666334 0.313167 0.112936 0.112573 0.00248748
11 0.43962 0.561271 0.112132 0.112367 0.00246413
1 0.936134 0.561267 0.114165 0.114161 0.00242022
1 0.563507 0.437926 0.109062 0.10975 0.00241585
7 0.68788 0.437434 0.111095 0.111847 0.00240887
11 0.440019 0.934332 0.11264 0.113235 0.00239941
7 0.688349 0.809472 0.112264 0.113373 0.00239241
12 0.315348 0.685151 0.112521 0.112654 0.00238537
3 0.812689 0.436631 0.110664 0.112537 0.0023796
10 0.0669644 0.436731 0.112496 0.113399 0.0023412
4 0.936257 0.436386 0.113162 0.114604 0.00228778
12 0.936099 0.189086 0.113523 0.113045 0.00228114
1 0.0670985 0.189261 0.111917 0.11151 0.0021955
11 0.315415 0.561332 0.112137 0.112496 0.00218971
3 0.0676318 0.933987 0.112776 0.113581 0.00218067
11 0.191226 0.313215 0.110951 0.111479 0.00216984
3 0.191355 0.561152 0.113104 0.112352 0.00215113
13 0.0671199 0.561341 0.11255 0.112608 0.00213551
12 0.687684 0.561361 0.111409 0.112032 0.00204222
0 0.439298 0.0646428 0.111577 0.113781 0.00204087
11 0.0672179 0.685531 0.112668 0.111967 0.00203781
1 0.0670261 0.0639992 0.113451 0.112943 0.00202215
0 0.812287 0.437565 0.111548 0.11245 0.00199402
7 0.936257 0.436386 0.113162 0.114604 0.00198741
11 0.439632 0.437253 0.112488 0.112616 0.00195847
13 0.191821 0.933592 0.111157 0.111756 0.00192102
12 0.0671499 0.809129 0.111938 0.112157 0.0019076
6 0.811552 0.18899 0.111899 0.112873 0.00187953
1 0.936239 0.933636 0.112894 0.113104 0.00183581
4 0.564017 0.188878 0.111762 0.112508 0.00182062
6 0.93602 0.188883 0.113487 0.111929 0.00178547
4 0.688068 0.561297 0.111922 0.1126 0.00175171
12 0.315739 0.438009 0.110951 0.112024 0.00173118
12 0.439698 0.809906 0.113255 0.113039 0.00172631
11 0.935849 0.685623 0.113548 0.113441 0.00172241
2 0.688183 0.436862 0.112289 0.11284 0.00172128
9 0.813034 0.933996 0.112243 0.111065 0.00171671
13 0.936522 0.0646423 0.111637 0.112186 0.00171322
2 0.813034 0.933996 0.112243 0.111065 0.00169424
1 0.563662 0.312542 0.112165 0.113109 0.00168599
12 0.0675798 0.933928 0.114647 0.113605 0.00168008
7 0.315467 0.934023 0.11163 0.113282 0.00166073
7 0.0671507 0.560886 0.11315 0.114043 0.00165433
6 0.315366 0.436624 0.110161 0.112433 0.00164571
7 0.936158 0.0643536 0.113057 0.11365 0.00163586
3 0.688126 0.313636 0.109966 0.112359 0.00161732
5 0.936134 0.561267 0.114165 0.114161 0.00157376
1 0.191315 0.560918 0.112023 0.11208 0.00156811
12 0.191025 0.188987 0.112294 0.112844 0.0015531
5 0.68829 0.80932 0.11185 0.112773 0.00154773
6 0.68788 0.437434 0.111095 0.111847 0.00153731
9 0.439297 0.685111 0.112138 0.112482 0.00152074
4 0.811635 0.933811 0.111918 0.113203 0.00151465
7 0.811745 0.68498 0.111625 0.113771 0.00151155
1 0.812142 0.312584 0.112082 0.112773 0.00150041
4 0.936452 0.313111 0.111406 0.111466 0.00148774
1 0.687891 0.188211 0.111858 0.112941 0.00148027
10 0.439352 0.684926 0.111783 0.112246 0.00147058
11 0.0669115 0.809194 0.113678 0.11296 0.00144731
7 0.563719 0.809653 0.111803 0.113424 0.00144081
0 0.563484 0.933775 0.110864 0.112728 0.00141569
12 0.811341 0.189184 0.112095 0.112898 0.00140749
4 0.191255 0.189048 0.112375 0.112364 0.00140663
5 0.688147 0.685017 0.111188 0.112015 0.00137543
4 0.935872 0.934076 0.112148 0.111869 0.00136552
3 0.0666276 0.189013 0.112755 0.111263 0.00136168
10 0.315377 0.933579 0.111704 0.111817 0.00135291
4 0.812088 0.437042 0.111977 0.112092 0.00132967
7 0.936097 0.685272 0.111348 0.113445 0.00130455
0 0.688125 0.0651447 0.110659 0.113052 0.00129332
0 0.813044 0.561731 0.112653 0.112212 0.00129277
1 0.811769 0.933692 0.112101 0.112644 0.00127423
10 0.315254 0.437923 0.109734 0.111578 0.0012725
10 0.439994 0.313192 0.112949 0.112833 0.00125944
4 0.315486 0.43724 0.111568 0.111682 0.00123476
10 0.314712 0.0647861 0.111506 0.11198 0.0012229
10 0.812383 0.685284 0.111877 0.112955 0.00119914
1 0.687703 0.561422 0.111833 0.112034 0.00118993
4 0.191296 0.809438 0.111607 0.112269 0.0011871
5 0.936162 0.312672 0.113899 0.113662 0.00116871
4 0.315853 0.188988 0.111906 0.111917 0.00116727
7 0.812817 0.4365 0.111526 0.112212 0.00115766
7 0.0669115 0.809194 0.113678 0.11296 0.00115124
12 0.687995 0.809418 0.112733 0.112666 0.00113179
12 0.811635 0.933811 0.111918 0.113203 0.00112905
8 0.563881 0.436719 0.11143 0.112593 0.00112285
8 0.936219 0.31331 0.110159 0.113716 0.00109203
0 0.439606 0.438133 0.112248 0.112584 0.00107665
3 0.936424 0.313266 0.111144 0.112779 0.00107453
0 0.191215 0.809414 0.112172 0.113003 0.0010737
0 0.563524 0.0648459 0.111108 0.111827 0.00104715
10 0.315194 0.809352 0.112241 0.112319 0.00103984
0 0.813059 0.810128 0.112473 0.113256 0.00103567
4 0.936158 0.0643536 0.113057 0.11365 0.00103525
2 0.439324 0.685127 0.111591 0.112383 0.00103451
5 0.688121 0.312836 0.11356 0.112976 0.00102338
7 0.564151 0.561089 0.111744 0.113505 0.00102071
6 0.56453 0.933882 0.113178 0.111736 0.00101187
