7 0.439294 0.0657109 0.112488 0.112036 0.986065
7 0.190478 0.808301 0.111802 0.111404 0.985608
10 0.439399 0.934008 0.111138 0.112825 0.985276
12 0.811998 0.933697 0.114182 0.114379 0.985207
10 0.44004 0.808771 0.111715 0.113112 0.984883
10 0.315203 0.933247 0.114338 0.113693 0.984384
13 0.563203 0.0661134 0.112418 0.113337 0.984345
13 0.191815 0.313382 0.113687 0.114045 0.984321
12 0.315206 0.808421 0.112037 0.112482 0.984235
2 0.562994 0.93375 0.11328 0.112955 0.984056
13 0.191052 0.188814 0.112417 0.11334 0.983934
2 0.563499 0.68478 0.111846 0.110955 0.983709
3 0.935527 0.809071 0.111705 0.110559 0.98354
9 0.0667891 0.0649448 0.112227 0.111165 0.983497
13 0.935967 0.0661821 0.112666 0.113648 0.983404
7 0.687349 0.933602 0.113595 0.113119 0.983382
2 0.439763 0.68544 0.111458 0.110429 0.983182
12 0.0667127 0.190175 0.113073 0.114564 0.983048
11 0.19097 0.0648599 0.112233 0.111824 0.982977
11 0.0662132 0.437933 0.113162 0.113983 0.982855
4 0.315487 0.313279 0.112616 0.114053 0.982781
0 0.812974 0.808231 0.112407 0.111677 0.982422
4 0.439938 0.561736 0.111683 0.11278 0.982209
0 0.0666116 0.562103 0.112737 0.112034 0.982057
3 0.191191 0.562548 0.109932 0.112138 0.982013
2 0.315682 0.438089 0.111985 0.110598 0.981674
6 0.811887 0.065295 0.114074 0.112563 0.981618
5 0.315241 0.064833 0.110743 0.111616 0.981562
13 0.0668216 0.933657 0.113506 0.113866 0.98153
5 0.687228 0.684772 0.110632 0.111493 0.981479
12 0.315207 0.561541 0.112393 0.114148 0.981408
13 0.439399 0.436754 0.110802 0.113174 0.981163
5 0.935336 0.933116 0.111899 0.113677 0.981062
2 0.0666598 0.314057 0.111366 0.110752 0.980985
5 0.0661718 0.808517 0.110217 0.111901 0.980929
2 0.315159 0.685017 0.114365 0.110764 0.980801
13 0.563751 0.560687 0.111971 0.113522 0.980464
5 0.190126 0.933504 0.112276 0.114228 0.979965
4 0.687043 0.0653097 0.112353 0.112125 0.979322
5 0.439278 0.189076 0.113081 0.113034 0.979295
4 0.564095 0.437221 0.112988 0.112168 0.97925
10 0.936949 0.561522 0.111145 0.113495 0.978899
10 0.937078 0.686141 0.110855 0.112333 0.978876
10 0.688359 0.561352 0.112954 0.111881 0.978776
6 0.812894 0.560786 0.112325 0.112094 0.97844
12 0.688286 0.312936 0.111745 0.112032 0.978431
11 0.812132 0.312803 0.112387 0.115155 0.978399
0 0.563873 0.808597 0.111187 0.113582 0.97839
9 0.811768 0.188606 0.112579 0.111339 0.978232
5 0.563058 0.312702 0.112558 0.112933 0.978146
2 0.812292 0.685058 0.11298 0.1116 0.978127
0 0.687507 0.188756 0.111752 0.112278 0.977925
3 0.563635 0.188958 0.110998 0.111631 0.977874
7 0.936572 0.312816 0.112297 0.112907 0.977796
5 0.936797 0.436756 0.111074 0.112748 0.977728
8 0.191369 0.437794 0.11208 0.111931 0.977638
3 0.93633 0.188535 0.111314 0.111758 0.977622
1 0.812956 0.436641 0.111248 0.110751 0.977453
3 0.688574 0.437384 0.111663 0.111839 0.977436
8 0.439455 0.312673 0.110967 0.111966 0.977108
1 0.313806 0.188607 0.111629 0.11224 0.977056
8 0.190777 0.685214 0.110616 0.110591 0.976768
1 0.688013 0.808242 0.11268 0.113366 0.976755
8 0.0673336 0.685273 0.110392 0.110996 0.976714
2 0.191758 0.438421 0.112363 0.113064 0.0910384
2 0.190955 0.685776 0.110425 0.110886 0.0148722
2 0.0664539 0.685051 0.112882 0.111165 0.00887888
10 0.811672 0.312611 0.109701 0.113602 0.00723158
7 0.440154 0.561629 0.111328 0.112246 0.00714441
1 0.813217 0.560369 0.112656 0.113405 0.00576057
2 0.439074 0.313412 0.111347 0.111567 0.00539151
11 0.0664222 0.933342 0.112594 0.11294 0.00504586
6 0.688152 0.314054 0.110785 0.111729 0.00476418
10 0.936847 0.436594 0.110227 0.111555 0.00466435
11 0.190272 0.933551 0.11171 0.111665 0.00453918
7 0.68735 0.06535 0.111227 0.110757 0.00446924
13 0.93694 0.68603 0.111376 0.111592 0.00446708
6 0.812451 0.933509 0.112507 0.114338 0.00410998
7 0.936442 0.560815 0.109804 0.111797 0.00386282
11 0.0666531 0.685592 0.111586 0.110277 0.00370456
2 0.688158 0.684273 0.112363 0.113252 0.00355783
6 0.936234 0.80927 0.106967 0.10815 0.00353716
7 0.936457 0.685585 0.109455 0.110951 0.00353137
1 0.687074 0.0649628 0.111608 0.112604 0.00350093
11 0.190962 0.685341 0.110744 0.110646 0.00340038
8 0.0666003 0.438294 0.112943 0.115513 0.00333071
13 0.936831 0.561606 0.110586 0.1123 0.00323647
10 0.439469 0.188906 0.112431 0.112408 0.00321447
12 0.686588 0.933906 0.111138 0.111397 0.00320384
12 0.936253 0.312751 0.112249 0.113976 0.00318287
11 0.688131 0.684436 0.111703 0.112727 0.00314951
12 0.811309 0.188542 0.112551 0.111649 0.0031418
1 0.563589 0.437002 0.113456 0.112902 0.00305715
11 0.563298 0.31304 0.112934 0.114078 0.00305182
2 0.688299 0.437765 0.111775 0.112087 0.00301212
13 0.439671 0.934023 0.111168 0.110795 0.00299633
12 0.191505 0.562574 0.110877 0.111284 0.0029605
10 0.191415 0.18886 0.111304 0.112566 0.00290858
0 0.688514 0.809628 0.113464 0.114307 0.00286447
1 0.439579 0.56144 0.112493 0.113432 0.00283388
3 0.812172 0.0644865 0.113192 0.11284 0.00269372
13 0.440384 0.809189 0.110743 0.111926 0.00267376
3 0.811309 0.188542 0.112551 0.111649 0.00262183
8 0.811452 0.684733 0.113515 0.112986 0.00252742
0 0.81355 0.436221 0.111013 0.111747 0.00250608
2 0.563846 0.437073 0.112264 0.112608 0.00244095
6 0.936174 0.312393 0.112268 0.113027 0.00236108
10 0.687958 0.684814 0.110986 0.111419 0.00235694
1 0.315889 0.438111 0.111253 0.109825 0.00233939
11 0.190975 0.189158 0.111183 0.11265 0.00232607
1 0.315599 0.313597 0.11284 0.114134 0.00228346
9 0.688299 0.437765 0.111775 0.112087 0.00226542
3 0.812747 0.560341 0.112726 0.113127 0.00222575
13 0.688374 0.561156 0.110934 0.111132 0.00221954
2 0.563317 0.312989 0.113123 0.113258 0.00217256
11 0.191387 0.313693 0.112405 0.112803 0.00213825
10 0.0661754 0.437626 0.114767 0.114125 0.00213741
11 0.06608 0.808438 0.111763 0.112752 0.00211706
12 0.687546 0.438176 0.110998 0.111487 0.00210469
10 0.935865 0.0652191 0.110163 0.11149 0.00207726
10 0.190847 0.0648014 0.111739 0.111707 0.0020457
13 0.190647 0.0647902 0.112447 0.111629 0.0020161
12 0.935888 0.188435 0.111246 0.112154 0.00200381
6 0.68658 0.93371 0.1123 0.111631 0.00194879
2 0.190272 0.933551 0.11171 0.111665 0.00194607
5 0.811606 0.312532 0.109933 0.113535 0.00194498
11 0.191369 0.437794 0.11208 0.111931 0.00192929
8 0.0663038 0.314074 0.113396 0.111468 0.00191241
8 0.315889 0.438111 0.111253 0.109825 0.00188756
4 0.687724 0.933411 0.110164 0.111241 0.00186095
0 0.313693 0.187099 0.111687 0.112668 0.00186087
12 0.936675 0.809243 0.110076 0.110824 0.00180513
11 0.936007 0.932894 0.109185 0.111477 0.00178946
6 0.688238 0.438274 0.111134 0.112605 0.00177662
10 0.0661357 0.933616 0.113349 0.113637 0.00175393
2 0.687074 0.0649628 0.111608 0.112604 0.00173636
5 0.811343 0.68485 0.11424 0.112565 0.0017211
8 0.563606 0.9334 0.1146 0.112065 0.00171907
8 0.190554 0.0648316 0.113865 0.111862 0.001714
2 0.439991 0.561387 0.111457 0.113053 0.00171281
6 0.686665 0.0647806 0.113967 0.111697 0.00167669
10 0.0661478 0.80887 0.111732 0.1123 0.00167609
13 0.0662132 0.437933 0.113162 0.113983 0.00165763
6 0.191455 0.563077 0.11281 0.113489 0.00165381
2 0.314534 0.0646518 0.111678 0.111618 0.00164424
11 0.563203 0.0661134 0.112418 0.113337 0.00163054
0 0.439419 0.313609 0.110579 0.111441 0.00162983
4 0.936234 0.80927 0.106967 0.10815 0.00162926
10 0.563123 0.0660461 0.111114 0.111412 0.00161346
9 0.563022 0.065434 0.113114 0.114091 0.00160649
4 0.936442 0.560815 0.109804 0.111797 0.00158819
10 0.688161 0.933231 0.115089 0.114283 0.00158283
3 0.562895 0.933638 0.11284 0.11298 0.0015663
7 0.3155 0.313413 0.112501 0.113156 0.0015494
0 0.688064 0.312959 0.112799 0.112499 0.00152944
1 0.563673 0.808514 0.111492 0.113684 0.00150547
4 0.936457 0.685585 0.109455 0.110951 0.00149429
5 0.563711 0.684667 0.112978 0.111916 0.00149312
12 0.0668931 0.0647772 0.113326 0.113782 0.00147978
9 0.935974 0.188612 0.110667 0.112184 0.00147973
10 0.564027 0.437813 0.111072 0.113842 0.00147412
10 0.315916 0.313328 0.111077 0.114037 0.00147377
1 0.813172 0.0646451 0.111866 0.111198 0.00145776
10 0.936015 0.932569 0.111929 0.112411 0.00143165
9 0.563508 0.189399 0.110762 0.111805 0.00142652
2 0.563508 0.189399 0.110762 0.111805 0.00141204
0 0.191642 0.438535 0.11264 0.114314 0.00139071
13 0.314894 0.933321 0.113921 0.112824 0.00139032
2 0.935944 0.932534 0.108866 0.11129 0.00138637
7 0.564586 0.438106 0.115131 0.113184 0.00138589
6 0.0667127 0.190175 0.113073 0.114564 0.00138108
1 0.0671651 0.313784 0.111372 0.111281 0.0013767
8 0.812035 0.313366 0.111615 0.115487 0.00137259
2 0.191786 0.56312 0.110916 0.113876 0.00135727
0 0.813254 0.93318 0.112903 0.112559 0.0013377
4 0.190641 0.809032 0.111149 0.111976 0.00131774
4 0.936527 0.313444 0.111177 0.113273 0.00126427
1 0.813188 0.684536 0.116158 0.111021 0.00124693
10 0.191387 0.313693 0.112405 0.112803 0.00124264
1 0.191609 0.562208 0.111122 0.111903 0.00123875
11 0.936514 0.0659773 0.113276 0.113641 0.00123756
3 0.315601 0.56106 0.112788 0.11518 0.00123416
7 0.812461 0.0647905 0.112555 0.111999 0.00122734
1 0.936856 0.809072 0.110015 0.110841 0.00122475
3 0.811521 0.933949 0.112337 0.111294 0.00122456
6 0.440154 0.561629 0.111328 0.112246 0.00121873
1 0.440362 0.685169 0.111083 0.11033 0.00116906
5 0.0665482 0.313853 0.111838 0.110996 0.0011686
1 0.563853 0.684571 0.112047 0.111127 0.00115872
1 0.315818 0.684994 0.113007 0.110091 0.00115683
6 0.563353 0.189035 0.110451 0.111354 0.00114924
3 0.688131 0.684436 0.111703 0.112727 0.00114326
4 0.936847 0.436594 0.110227 0.111555 0.00114271
10 0.936098 0.313479 0.110976 0.114142 0.00113962
6 0.315322 0.561163 0.112904 0.114503 0.00112934
11 0.439168 0.188985 0.112705 0.112945 0.0011192
12 0.562976 0.189226 0.11045 0.111359 0.00111811
9 0.0666003 0.438294 0.112943 0.115513 0.00111454
1 0.68828 0.437607 0.111724 0.111957 0.00111433
1 0.563384 0.933363 0.113742 0.112551 0.00111211
11 0.811452 0.684733 0.113515 0.112986 0.00110615
6 0.315374 0.808628 0.112504 0.113219 0.00110404
9 0.439663 0.436447 0.108858 0.113371 0.00110386
3 0.936553 0.436245 0.111144 0.112873 0.00109011
3 0.688393 0.312838 0.112027 0.113129 0.00108416
10 0.687043 0.0653097 0.112353 0.112125 0.00107599
5 0.688519 0.561857 0.113561 0.112013 0.00106277
6 0.688514 0.809628 0.113464 0.114307 0.00105453
3 0.315831 0.808717 0.113636 0.113036 0.00104962
5 0.563588 0.933449 0.114032 0.112782 0.00104683
13 0.811104 0.313285 0.11346 0.114807 0.00104249
8 0.688233 0.188525 0.110716 0.113754 0.00103199
9 0.68714 0.189589 0.112174 0.112831 0.00102869
1 0.93591 0.188676 0.111574 0.112003 0.00100768
