5 0.935782 0.934266 0.113373 0.113211 0.986748
6 0.315939 0.933872 0.111736 0.113307 0.98601
6 0.315922 0.809507 0.111977 0.112652 0.985869
2 0.56376 0.809615 0.11196 0.112908 0.985446
3 0.0666959 0.56129 0.112377 0.113037 0.98539
5 0.191901 0.686125 0.111357 0.112215 0.985196
6 0.439964 0.809236 0.111803 0.113268 0.984988
6 0.191599 0.809225 0.111874 0.112864 0.984188
11 0.81081 0.0657937 0.112135 0.112644 0.984007
1 0.563463 0.933923 0.111909 0.114 0.983899
13 0.315298 0.561634 0.11176 0.11205 0.983553
5 0.315536 0.43818 0.112374 0.112819 0.983546
7 0.439391 0.934041 0.111805 0.11242 0.983292
5 0.191359 0.314004 0.111336 0.112353 0.983134
7 0.190859 0.06516 0.111481 0.111413 0.98305
4 0.0669136 0.31336 0.112962 0.112855 0.982971
2 0.314983 0.0646447 0.112374 0.113281 0.98286
11 0.936629 0.809456 0.113437 0.112322 0.982807
7 0.191278 0.561524 0.112016 0.111548 0.98277
11 0.811665 0.934009 0.112546 0.11294 0.982538
12 0.0671345 0.809345 0.112119 0.113162 0.982265
7 0.31534 0.685471 0.112882 0.111594 0.982183
3 0.31522 0.313477 0.112944 0.112162 0.982033
7 0.812276 0.809758 0.111795 0.111679 0.981986
10 0.5638 0.685179 0.112536 0.113249 0.981891
1 0.0665509 0.437488 0.112515 0.112628 0.98182
13 0.0668397 0.0650039 0.113499 0.113697 0.981642
8 0.191157 0.189239 0.111919 0.113331 0.981396
10 0.688156 0.809435 0.112607 0.113095 0.98131
2 0.191028 0.437086 0.11168 0.112558 0.981207
2 0.314904 0.189225 0.11303 0.112716 0.981191
12 0.935713 0.0646117 0.112139 0.11329 0.980859
1 0.0671361 0.188674 0.112895 0.11241 0.980774
0 0.191708 0.933639 0.111428 0.112642 0.980691
0 0.561741 0.0649176 0.11356 0.113086 0.980501
2 0.935912 0.685352 0.112405 0.11149 0.980138
1 0.0667447 0.934003 0.113494 0.114026 0.980028
3 0.439392 0.437465 0.112214 0.112189 0.980021
1 0.687712 0.561207 0.111754 0.11252 0.979811
2 0.0671931 0.685152 0.112767 0.112673 0.979806
11 0.562316 0.188727 0.112601 0.113685 0.979737
0 0.687568 0.933438 0.111679 0.112679 0.979724
13 0.438427 0.189383 0.110709 0.112149 0.979676
0 0.439082 0.685473 0.111884 0.111943 0.979354
13 0.563505 0.313496 0.112326 0.112473 0.979295
13 0.687414 0.189128 0.11187 0.112327 0.979271
1 0.811679 0.188514 0.112636 0.112808 0.979124
13 0.812034 0.437261 0.112607 0.11267 0.97904
3 0.439646 0.561402 0.112501 0.11234 0.979007
12 0.812244 0.312917 0.112122 0.11263 0.978815
6 0.688227 0.313077 0.11219 0.112247 0.978761
9 0.811991 0.561705 0.112222 0.112507 0.978684
1 0.936384 0.312828 0.11383 0.112539 0.978653
0 0.687929 0.685195 0.111884 0.112792 0.978632
9 0.93578 0.188814 0.112934 0.112494 0.9786
6 0.687156 0.0644553 0.112793 0.113279 0.978544
0 0.563679 0.561185 0.111338 0.112791 0.978496
6 0.43852 0.0643633 0.110366 0.113525 0.978433
8 0.439301 0.313293 0.111679 0.112785 0.978422
12 0.812169 0.68536 0.111252 0.112324 0.978406
2 0.563574 0.436767 0.111546 0.11298 0.978338
0 0.687702 0.437074 0.11179 0.112845 0.978285
11 0.93658 0.436976 0.112944 0.113232 0.978267
10 0.93698 0.561377 0.113432 0.113439 0.977849
12 0.811561 0.80987 0.111913 0.113159 0.00905803
10 0.937179 0.436556 0.110965 0.11288 0.00743196
2 0.190806 0.189191 0.111905 0.112372 0.00545583
9 0.439674 0.436605 0.112133 0.112466 0.00522495
4 0.936312 0.561253 0.113361 0.11414 0.00473441
10 0.935665 0.933517 0.112743 0.112604 0.00445277
0 0.68817 0.56111 0.110695 0.11113 0.00445212
12 0.812341 0.437932 0.113229 0.11138 0.00434933
0 0.563363 0.933809 0.110493 0.113127 0.00433229
2 0.439351 0.313747 0.110801 0.112922 0.00427133
4 0.68835 0.809783 0.11288 0.112927 0.004252
3 0.191599 0.809225 0.111874 0.112864 0.00423045
10 0.811456 0.933131 0.110109 0.110319 0.00413216
3 0.315922 0.809507 0.111977 0.112652 0.00407072
12 0.563924 0.313514 0.110665 0.111311 0.0040392
0 0.811801 0.188507 0.112434 0.113901 0.00397001
12 0.687013 0.189046 0.111993 0.112188 0.00395852
0 0.936441 0.313216 0.112525 0.111486 0.0037505
11 0.935728 0.93411 0.113208 0.114508 0.00366501
0 0.813105 0.561994 0.11015 0.111407 0.00365874
5 0.562883 0.188709 0.112473 0.113564 0.00357032
1 0.687946 0.436521 0.112118 0.112526 0.00355285
3 0.315939 0.933872 0.111736 0.113307 0.00340893
0 0.0660958 0.436777 0.114477 0.11236 0.00338115
3 0.687172 0.0645199 0.111815 0.113322 0.00334983
0 0.0669246 0.188608 0.112217 0.112413 0.00325559
3 0.439964 0.809236 0.111803 0.113268 0.00312666
1 0.190884 0.437891 0.110529 0.109427 0.00310161
5 0.936506 0.809242 0.113253 0.113202 0.00299782
6 0.811463 0.685675 0.112014 0.112981 0.00296217
9 0.067299 0.560949 0.113918 0.114095 0.00290679
1 0.563392 0.436986 0.111598 0.112457 0.00274716
12 0.935904 0.188861 0.113081 0.113216 0.0027016
7 0.0668318 0.313148 0.112152 0.112528 0.00267223
10 0.191308 0.313236 0.111264 0.111456 0.00267194
13 0.687881 0.809818 0.111297 0.112146 0.00263801
4 0.315562 0.437907 0.112081 0.111704 0.00261173
3 0.812657 0.561277 0.111474 0.111538 0.0026062
6 0.811525 0.809484 0.112074 0.112941 0.00258554
2 0.0668318 0.313148 0.112152 0.112528 0.00255775
9 0.811352 0.932875 0.111196 0.109828 0.00251806
1 0.687931 0.685055 0.112254 0.112142 0.00250288
6 0.0671345 0.809345 0.112119 0.113162 0.00244901
10 0.81081 0.0646031 0.112411 0.112291 0.00241951
12 0.812657 0.561277 0.111474 0.111538 0.0023773
1 0.56197 0.0642481 0.111979 0.113199 0.00236613
4 0.564125 0.437299 0.11116 0.112502 0.00233847
3 0.688158 0.313362 0.111859 0.111952 0.00230595
1 0.0672928 0.313086 0.113493 0.112768 0.00230562
4 0.564158 0.685167 0.111679 0.112127 0.00226997
1 0.936065 0.685323 0.11222 0.112348 0.00226272
5 0.811665 0.934009 0.112546 0.11294 0.00222749
12 0.438528 0.189094 0.110887 0.111809 0.00220058
8 0.811703 0.933731 0.112194 0.114231 0.00220044
2 0.688034 0.561194 0.11084 0.112214 0.00220008
3 0.438497 0.064652 0.109612 0.11296 0.00216633
7 0.811463 0.685675 0.112014 0.112981 0.00215191
1 0.563976 0.809613 0.112227 0.112792 0.00214777
1 0.687568 0.933438 0.111679 0.112679 0.00212805
7 0.936312 0.561253 0.113361 0.11414 0.00210819
10 0.561682 0.188999 0.114085 0.112994 0.00202498
10 0.936524 0.809686 0.113064 0.111909 0.00200565
8 0.935883 0.809213 0.113039 0.111878 0.00199887
13 0.936362 0.561522 0.111236 0.112114 0.00188893
5 0.687913 0.809769 0.111466 0.111661 0.00182257
3 0.564125 0.437299 0.11116 0.112502 0.00179963
4 0.439626 0.933673 0.111412 0.112756 0.00179295
1 0.315004 0.189081 0.112426 0.1132 0.00178968
7 0.812564 0.436518 0.110952 0.112698 0.00177786
5 0.935779 0.685276 0.11308 0.113146 0.00177583
3 0.0665746 0.685136 0.114296 0.112418 0.00176815
1 0.315339 0.0644678 0.111804 0.11349 0.00175914
1 0.0669087 0.68505 0.11309 0.112103 0.00175657
0 0.0667447 0.934003 0.113494 0.114026 0.00174556
4 0.811453 0.188879 0.112849 0.113087 0.00169452
12 0.191401 0.561277 0.110963 0.112569 0.00163512
1 0.564029 0.560893 0.111742 0.11244 0.00158738
5 0.81081 0.0657937 0.112135 0.112644 0.00155618
5 0.936341 0.436875 0.113029 0.113762 0.00154638
3 0.564325 0.809367 0.111474 0.113114 0.00153719
12 0.315166 0.561481 0.112066 0.112191 0.00153642
3 0.191148 0.43752 0.112346 0.111817 0.00153047
1 0.688318 0.313348 0.11128 0.113478 0.0015256
1 0.438591 0.0645349 0.109338 0.112719 0.00151193
12 0.439415 0.436533 0.11186 0.111256 0.0014886
8 0.811339 0.562003 0.111569 0.111886 0.00146745
10 0.563562 0.313798 0.112067 0.11332 0.00146591
3 0.315562 0.437907 0.112081 0.111704 0.00146188
8 0.56167 0.188688 0.112369 0.112922 0.0014321
7 0.688158 0.313362 0.111859 0.111952 0.00142573
5 0.936216 0.561653 0.11558 0.112167 0.00140566
8 0.936049 0.436842 0.111344 0.111117 0.00138547
4 0.19147 0.56166 0.112495 0.111527 0.00137847
10 0.191383 0.685777 0.112244 0.112391 0.00137713
1 0.191688 0.933525 0.111695 0.112992 0.00137439
6 0.811869 0.3136 0.111518 0.111749 0.00137298
12 0.191688 0.933525 0.111695 0.112992 0.00137216
7 0.686654 0.0646874 0.11299 0.113714 0.00135703
4 0.0665831 0.436961 0.113328 0.112755 0.00132446
7 0.688054 0.189264 0.113361 0.112987 0.0013222
1 0.439579 0.561351 0.112007 0.112217 0.00130849
4 0.19128 0.31361 0.11063 0.111481 0.00129102
4 0.812466 0.808909 0.112338 0.11226 0.00126721
1 0.439552 0.685269 0.111886 0.112326 0.00126312
12 0.56377 0.560905 0.11239 0.112277 0.00125615
1 0.0663946 0.561533 0.112545 0.111854 0.00124046
5 0.0665948 0.684531 0.112145 0.112008 0.00122982
11 0.93732 0.561133 0.112151 0.112644 0.00122765
5 0.0664509 0.313234 0.113032 0.113023 0.00121679
9 0.56167 0.188688 0.112369 0.112922 0.00120386
5 0.190885 0.436811 0.110602 0.112697 0.00119354
13 0.811626 0.809521 0.111246 0.112973 0.00117345
10 0.438331 0.189532 0.110561 0.112093 0.00116979
4 0.811847 0.685412 0.111083 0.111543 0.00116645
7 0.81139 0.313222 0.111676 0.112958 0.00114684
9 0.936049 0.436842 0.111344 0.111117 0.00114333
11 0.0661316 0.0649255 0.114028 0.113023 0.00112415
8 0.190884 0.437891 0.110529 0.109427 0.0011177
12 0.439441 0.561185 0.11118 0.11178 0.00111435
4 0.315453 0.685413 0.111459 0.111677 0.00111199
7 0.191368 0.809413 0.111648 0.112877 0.00109247
0 0.812261 0.3137 0.110456 0.112675 0.00107273
11 0.314904 0.436709 0.111108 0.109666 0.00106244
9 0.935883 0.809213 0.113039 0.111878 0.00105206
7 0.315298 0.561634 0.11176 0.11205 0.00104438
3 0.935648 0.188883 0.112933 0.113042 0.00103356
7 0.0670267 0.064802 0.112944 0.113766 0.00102171
3 0.935912 0.685352 0.112405 0.11149 0.00101779
12 0.688149 0.809254 0.112162 0.112225 0.00101336
12 0.56197 0.0642481 0.111979 0.113199 0.00101228
10 0.315562 0.437907 0.112081 0.111704 0.00100368
8 0.688184 0.68485 0.112578 0.112111 0.00100151
