9 0.19106 0.685276 0.112287 0.112173 0.987772
3 0.191212 0.80995 0.114027 0.1132 0.985972
7 0.439278 0.0654322 0.111476 0.112982 0.985534
6 0.936333 0.80976 0.113318 0.112548 0.985169
7 0.0671256 0.933968 0.112906 0.113408 0.984899
2 0.315185 0.93426 0.112629 0.113565 0.984887
2 0.687758 0.934054 0.112893 0.113334 0.984694
0 0.935837 0.933364 0.112515 0.11137 0.984396
11 0.563435 0.934069 0.111169 0.113559 0.984244
9 0.0674243 0.313423 0.113366 0.112978 0.984144
10 0.31588 0.561429 0.112659 0.112626 0.984131
6 0.191873 0.933795 0.111704 0.112672 0.98402
10 0.563796 0.685027 0.111913 0.113886 0.984001
11 0.0669733 0.685677 0.112779 0.11318 0.983697
0 0.439662 0.93375 0.112625 0.113633 0.983487
1 0.315406 0.685219 0.111904 0.112517 0.983339
12 0.439479 0.810063 0.111288 0.112813 0.983218
7 0.31531 0.189209 0.113356 0.112478 0.983101
4 0.315416 0.064913 0.112714 0.112772 0.982936
11 0.191304 0.18905 0.112187 0.112479 0.982746
4 0.687675 0.809565 0.111959 0.113578 0.982716
4 0.066986 0.188859 0.112981 0.113171 0.982622
3 0.191269 0.437656 0.111805 0.113125 0.982503
1 0.191349 0.561348 0.112289 0.112844 0.982392
11 0.562853 0.0651901 0.111826 0.113426 0.982307
6 0.066986 0.0645752 0.113196 0.11311 0.982146
1 0.812131 0.93379 0.111847 0.113284 0.982
13 0.439375 0.31294 0.111832 0.112352 0.981993
7 0.439321 0.189308 0.113555 0.112336 0.981901
11 0.439304 0.68527 0.111578 0.113029 0.98119
2 0.19128 0.313194 0.111227 0.111932 0.981175
9 0.935858 0.18911 0.113298 0.113261 0.980744
1 0.314833 0.437211 0.111923 0.112236 0.980602
2 0.687872 0.0649704 0.111412 0.112928 0.980567
2 0.0670269 0.437222 0.112101 0.111883 0.980275
3 0.439245 0.437539 0.112341 0.11219 0.979974
9 0.687633 0.437214 0.11226 0.112096 0.979737
1 0.439234 0.561079 0.112654 0.113362 0.979706
1 0.687636 0.56125 0.112763 0.112543 0.979257
7 0.563744 0.31312 0.112443 0.11359 0.979212
9 0.811612 0.685655 0.112381 0.112672 0.979114
11 0.56337 0.437084 0.111718 0.114364 0.97899
3 0.935747 0.685626 0.114044 0.113228 0.978944
0 0.687647 0.685109 0.112229 0.113482 0.978902
10 0.812482 0.436868 0.1127 0.113444 0.978856
2 0.0674709 0.809553 0.112225 0.111216 0.978829
0 0.315626 0.809268 0.112202 0.113384 0.978678
0 0.563925 0.809517 0.111978 0.113378 0.978671
4 0.812455 0.312812 0.112927 0.112641 0.978636
6 0.812534 0.561215 0.113336 0.112284 0.978631
7 0.68797 0.313081 0.112499 0.113444 0.978558
5 0.68768 0.188457 0.112391 0.113791 0.978466
11 0.935676 0.0646877 0.113375 0.113649 0.978443
11 0.811732 0.188612 0.112457 0.114111 0.978376
8 0.191337 0.0649381 0.111469 0.113228 0.977971
3 0.936395 0.313637 0.111616 0.112096 0.977859
0 0.563161 0.561173 0.111203 0.112899 0.977785
5 0.936509 0.436691 0.112718 0.113905 0.977597
0 0.811921 0.0647619 0.112197 0.113006 0.977302
8 0.315246 0.313389 0.111733 0.111827 0.97728
5 0.936731 0.560949 0.11269 0.113625 0.977164
8 0.811702 0.809848 0.111201 0.11212 0.975878
8 0.563562 0.189477 0.110315 0.111244 0.975666
8 0.0674059 0.561103 0.11213 0.112646 0.975213
2 0.315663 0.313167 0.112164 0.11339 0.0143588
1 0.563443 0.560742 0.111801 0.112111 0.0129014
2 0.563462 0.189307 0.112866 0.112447 0.012839
2 0.066895 0.561216 0.114145 0.112803 0.0122772
2 0.811627 0.810075 0.112842 0.113036 0.010274
8 0.688406 0.933612 0.112779 0.112279 0.00550055
0 0.688102 0.437094 0.110933 0.112683 0.00537192
12 0.0673856 0.31359 0.113183 0.113447 0.00480159
1 0.687668 0.684965 0.112509 0.112691 0.00464151
11 0.191488 0.064597 0.111807 0.112761 0.00423758
7 0.687735 0.809495 0.111802 0.112431 0.00404991
1 0.31562 0.809323 0.111949 0.113108 0.00402424
11 0.811916 0.809935 0.112085 0.112842 0.00401041
12 0.935887 0.189063 0.113295 0.112635 0.00392616
12 0.688102 0.437094 0.110933 0.112683 0.00374857
3 0.936363 0.809279 0.112049 0.112463 0.00359936
1 0.812137 0.312947 0.112353 0.113232 0.00341556
3 0.935768 0.188964 0.112913 0.113309 0.00340921
10 0.935297 0.0652106 0.113794 0.114137 0.00340052
1 0.56395 0.809432 0.111723 0.112688 0.00339864
1 0.0672807 0.18865 0.113523 0.113009 0.00334671
10 0.811421 0.18857 0.11177 0.113569 0.00327978
5 0.563272 0.0651375 0.111877 0.11317 0.00325513
2 0.191082 0.0647036 0.112493 0.113014 0.00306842
8 0.688189 0.0648161 0.111012 0.112593 0.00299961
3 0.191873 0.933795 0.111704 0.112672 0.002968
3 0.812282 0.560935 0.113832 0.113731 0.0029362
3 0.687722 0.93356 0.111236 0.113208 0.00293139
1 0.315517 0.0646523 0.112526 0.113173 0.00292581
3 0.688145 0.437269 0.112225 0.112809 0.00291287
12 0.811415 0.685802 0.11079 0.112593 0.00289638
8 0.56382 0.932937 0.112275 0.113818 0.00272125
2 0.812137 0.312947 0.112353 0.113232 0.00262808
7 0.811702 0.436512 0.112679 0.113341 0.00262807
12 0.936125 0.313428 0.112545 0.11313 0.00262472
3 0.191122 0.313164 0.112027 0.113058 0.00256966
4 0.812187 0.437722 0.110881 0.113796 0.00252
5 0.811022 0.189217 0.112539 0.113521 0.00248968
1 0.812091 0.064235 0.111357 0.113472 0.00246926
10 0.0669112 0.685083 0.112662 0.11434 0.00243379
2 0.688052 0.188805 0.113666 0.113821 0.00242338
0 0.81247 0.933773 0.110942 0.112537 0.00239903
3 0.811415 0.685802 0.11079 0.112593 0.0023975
7 0.0667304 0.187972 0.112119 0.112747 0.00236008
12 0.191577 0.809448 0.112463 0.11253 0.00229068
4 0.31588 0.561429 0.112659 0.112626 0.00227652
1 0.688175 0.064587 0.112388 0.112935 0.00227453
11 0.0670855 0.561228 0.112531 0.112157 0.00224054
10 0.19108 0.18899 0.111331 0.112765 0.00221439
0 0.688126 0.560765 0.112039 0.111163 0.00219158
6 0.439903 0.810398 0.111954 0.112965 0.00216204
7 0.811742 0.31215 0.112702 0.114124 0.00214205
1 0.811557 0.561107 0.111244 0.113807 0.00211025
10 0.812087 0.313403 0.111534 0.113545 0.00211008
10 0.563397 0.437529 0.112168 0.113619 0.0020864
1 0.687738 0.809722 0.112672 0.112883 0.00206944
6 0.191491 0.437994 0.113222 0.113214 0.00206372
10 0.687569 0.188853 0.112175 0.112747 0.00206078
1 0.191186 0.313556 0.111175 0.112495 0.00201003
5 0.563813 0.934115 0.111772 0.113043 0.00197692
11 0.686874 0.189013 0.111367 0.112487 0.00197174
6 0.439734 0.438059 0.113173 0.112662 0.00194874
4 0.688168 0.313138 0.112411 0.112969 0.00187676
5 0.0667217 0.80934 0.112122 0.111715 0.00187558
5 0.190963 0.188998 0.111863 0.112296 0.00186006
12 0.936021 0.685812 0.112543 0.113484 0.00185826
10 0.687675 0.809565 0.111959 0.113578 0.00184558
2 0.688058 0.56117 0.112289 0.112697 0.00183353
13 0.935297 0.0652106 0.113794 0.114137 0.0018325
7 0.315 0.0646804 0.11175 0.112429 0.00182327
12 0.439577 0.43752 0.11195 0.11214 0.00181976
13 0.190963 0.188998 0.111863 0.112296 0.00181274
3 0.0667387 0.809568 0.114052 0.112608 0.00178808
11 0.315156 0.313239 0.112724 0.111882 0.00173534
5 0.935297 0.0652106 0.113794 0.114137 0.00173521
13 0.563813 0.934115 0.111772 0.113043 0.00173402
6 0.811662 0.312776 0.11419 0.112331 0.00172368
11 0.563421 0.189239 0.113164 0.112914 0.00171917
5 0.563322 0.437337 0.111642 0.112695 0.00168644
1 0.0672083 0.437934 0.110358 0.109033 0.00168182
3 0.315185 0.93426 0.112629 0.113565 0.00162985
4 0.564022 0.685159 0.112939 0.113591 0.00162513
12 0.686832 0.313527 0.110553 0.113545 0.00161574
0 0.0674068 0.313625 0.112975 0.113241 0.00161565
4 0.315206 0.437467 0.112531 0.113199 0.00158511
4 0.4394 0.560989 0.112112 0.112585 0.00158358
13 0.563272 0.0651375 0.111877 0.11317 0.00158215
3 0.066986 0.0645752 0.113196 0.11311 0.00157758
3 0.0663163 0.43718 0.114278 0.111674 0.00155319
3 0.688052 0.188805 0.113666 0.113821 0.00152156
10 0.563385 0.0649524 0.112315 0.112293 0.00151586
4 0.0671256 0.933968 0.112906 0.113408 0.0014956
2 0.813146 0.932946 0.111836 0.112893 0.00147562
4 0.315406 0.685219 0.111904 0.112517 0.00145544
10 0.439151 0.685321 0.111404 0.113204 0.00144661
13 0.0669733 0.685677 0.112779 0.11318 0.00141754
5 0.439151 0.685321 0.111404 0.113204 0.00140581
5 0.0668241 0.685467 0.113 0.113078 0.00140421
6 0.688151 0.313113 0.112312 0.113654 0.00140227
4 0.687737 0.560803 0.112672 0.112585 0.00139683
13 0.563588 0.437038 0.11091 0.112287 0.00134352
12 0.191011 0.685034 0.112109 0.112803 0.00134299
4 0.191349 0.561348 0.112289 0.112844 0.00131827
1 0.936306 0.313284 0.111449 0.111952 0.00131471
2 0.0672807 0.18865 0.113523 0.113009 0.00130301
9 0.935988 0.933657 0.111169 0.111721 0.00127735
4 0.936069 0.436967 0.113026 0.113205 0.00127341
13 0.811022 0.189217 0.112539 0.113521 0.0012571
10 0.936156 0.437325 0.110935 0.111785 0.00125654
4 0.688052 0.188805 0.113666 0.113821 0.00125375
5 0.688175 0.064587 0.112388 0.112935 0.00124526
13 0.314856 0.561095 0.111815 0.112197 0.00123954
1 0.191794 0.809299 0.112076 0.111912 0.00122017
1 0.688163 0.933476 0.113706 0.113156 0.00121784
6 0.936549 0.31359 0.111154 0.112722 0.00121369
8 0.563397 0.437529 0.112168 0.113619 0.001197
1 0.192077 0.934225 0.111983 0.112611 0.00119552
9 0.439265 0.685063 0.1119 0.112505 0.00119417
11 0.936405 0.436423 0.111903 0.113173 0.00118497
12 0.19144 0.437575 0.111757 0.111912 0.00118167
1 0.0673737 0.0643214 0.113844 0.113496 0.00117077
6 0.936021 0.685812 0.112543 0.113484 0.00115628
3 0.191009 0.685191 0.111962 0.112098 0.00114434
4 0.563735 0.313457 0.111764 0.112329 0.00114179
13 0.811622 0.4369 0.113194 0.113057 0.00113186
0 0.191196 0.561204 0.11226 0.113215 0.0011281
6 0.0668255 0.188545 0.112043 0.112203 0.00110656
2 0.440171 0.438096 0.113156 0.112545 0.0011046
1 0.935929 0.809783 0.111747 0.113932 0.00109536
7 0.936363 0.809279 0.112049 0.112463 0.00109403
0 0.315211 0.437206 0.11256 0.113244 0.00108783
7 0.315372 0.561123 0.112059 0.112303 0.00108195
4 0.315202 0.189469 0.111793 0.112776 0.00107338
10 0.563338 0.933576 0.110473 0.11368 0.0010666
1 0.315634 0.933433 0.113046 0.113539 0.00105391
7 0.563806 0.685019 0.111609 0.112774 0.00103002
9 0.439734 0.438059 0.113173 0.112662 0.00102636
2 0.191847 0.438026 0.112677 0.112336 0.00102624
1 0.0672429 0.809335 0.113046 0.111088 0.00102496
7 0.191873 0.933795 0.111704 0.112672 0.00102465
0 0.439392 0.560824 0.11236 0.113244 0.00102349
1 0.19144 0.437575 0.111757 0.111912 0.00101954
0 0.811415 0.685802 0.11079 0.112593 0.00101688
5 0.81307 0.43721 0.111225 0.113641 0.00101207
3 0.936373 0.56122 0.112159 0.113249 0.00101172
3 0.439814 0.810091 0.112915 0.112655 0.00100897
10 0.563724 0.313504 0.111825 0.112516 0.00100682
4 0.936477 0.561183 0.112803 0.112881 0.00100601
13 0.439553 0.685468 0.112137 0.112646 0.00100345
11 0.688407 0.9335 0.113964 0.112529 0.00100169
