9 0.439106 0.933783 0.11252 0.113867 0.986753
9 0.563486 0.933888 0.111617 0.113699 0.986376
7 0.936443 0.933943 0.112915 0.112579 0.98538
3 0.189883 0.065011 0.114202 0.11357 0.985264
2 0.315337 0.809359 0.113406 0.112699 0.985102
13 0.439624 0.809396 0.112017 0.112283 0.98494
5 0.314266 0.0652932 0.110805 0.110861 0.984644
2 0.812029 0.933702 0.112399 0.113321 0.983784
9 0.0674817 0.685745 0.111361 0.112218 0.983743
4 0.316578 0.561448 0.112609 0.113021 0.983719
7 0.314752 0.189352 0.111742 0.112259 0.983627
2 0.564148 0.68564 0.111297 0.111668 0.983557
11 0.190358 0.933602 0.112417 0.112094 0.983517
9 0.190824 0.189353 0.111896 0.112217 0.983457
4 0.440327 0.561772 0.11284 0.112776 0.983453
4 0.315781 0.437399 0.113343 0.11275 0.983349
13 0.439992 0.68543 0.111877 0.112574 0.983287
9 0.315096 0.313785 0.111366 0.113053 0.983278
4 0.191807 0.561658 0.11291 0.112686 0.983182
7 0.936179 0.0655282 0.112629 0.112088 0.983129
6 0.066727 0.43797 0.113079 0.112262 0.983124
5 0.0670252 0.562516 0.111683 0.111828 0.982966
5 0.936851 0.809979 0.111368 0.110176 0.982722
5 0.0666797 0.189263 0.111245 0.110979 0.982632
10 0.0667262 0.93413 0.112 0.113816 0.982559
4 0.191035 0.313709 0.113695 0.113165 0.982549
7 0.812557 0.809667 0.112526 0.111468 0.98225
12 0.688517 0.933515 0.111664 0.113554 0.982145
6 0.438712 0.064747 0.111691 0.113207 0.981849
6 0.0661156 0.0646692 0.111857 0.113107 0.981788
1 0.687918 0.80913 0.112303 0.112601 0.981529
10 0.191307 0.437646 0.113627 0.110961 0.981482
13 0.0671469 0.809429 0.11159 0.112042 0.981326
9 0.811752 0.685745 0.112116 0.111715 0.98097
7 0.439237 0.313394 0.113377 0.112893 0.980543
0 0.066031 0.31311 0.112647 0.112431 0.980487
12 0.439678 0.437796 0.111682 0.111791 0.980234
2 0.191416 0.685475 0.113643 0.11196 0.980152
10 0.563128 0.0647306 0.110509 0.112472 0.980122
9 0.68761 0.313144 0.112238 0.112328 0.979837
6 0.688094 0.685165 0.112051 0.112559 0.979792
6 0.687722 0.561583 0.11211 0.112268 0.979456
13 0.687449 0.188219 0.113021 0.113137 0.979209
2 0.438993 0.188913 0.111947 0.112186 0.979135
12 0.81213 0.437183 0.112321 0.112793 0.978885
10 0.563627 0.188203 0.11253 0.112964 0.978878
7 0.563558 0.313238 0.112489 0.113622 0.978796
6 0.687803 0.0643498 0.112101 0.111665 0.978688
12 0.812661 0.187934 0.11333 0.112777 0.978672
10 0.936636 0.561451 0.113603 0.113104 0.978532
6 0.936332 0.685369 0.113324 0.112592 0.978398
3 0.811437 0.313039 0.112479 0.113102 0.97821
8 0.564463 0.809614 0.110345 0.11319 0.978194
5 0.812454 0.0653399 0.11199 0.110879 0.978165
8 0.191348 0.809517 0.111733 0.112479 0.978059
5 0.936451 0.437264 0.113026 0.112611 0.977912
2 0.811782 0.561585 0.112946 0.113924 0.977897
8 0.316058 0.933854 0.111628 0.113411 0.97778
8 0.316037 0.68541 0.112064 0.110957 0.977706
13 0.93648 0.313289 0.11344 0.11354 0.977619
8 0.563614 0.437284 0.111648 0.113251 0.977613
0 0.936673 0.188483 0.112017 0.112533 0.977545
8 0.563677 0.561857 0.111784 0.112419 0.977397
8 0.687472 0.437441 0.111107 0.111527 0.977335
2 0.687764 0.4367 0.11201 0.112054 0.0220714
2 0.563984 0.561368 0.1112 0.112004 0.0200212
2 0.315837 0.685689 0.111804 0.111845 0.0186275
2 0.563755 0.437036 0.111446 0.112238 0.0173695
2 0.190752 0.809364 0.113817 0.112584 0.0121223
3 0.811462 0.685873 0.110691 0.112225 0.0117894
2 0.315315 0.933706 0.112875 0.113753 0.0114817
5 0.190805 0.934025 0.111838 0.112014 0.0108097
12 0.811684 0.81009 0.112454 0.112777 0.00819098
13 0.190951 0.437573 0.112146 0.111277 0.00606766
8 0.81314 0.933503 0.108718 0.113029 0.00584774
2 0.564206 0.809552 0.11137 0.111384 0.00555801
5 0.936062 0.561588 0.114293 0.112565 0.00494196
4 0.563904 0.188729 0.112453 0.112774 0.00491775
12 0.811462 0.685873 0.110691 0.112225 0.00484325
12 0.44015 0.685522 0.111662 0.111719 0.00481684
4 0.191591 0.438097 0.111828 0.111575 0.00468856
3 0.936671 0.685408 0.112246 0.113704 0.00456568
12 0.936175 0.933913 0.113352 0.113568 0.0044257
7 0.191572 0.438089 0.113581 0.112261 0.00430431
0 0.688016 0.312953 0.111256 0.113006 0.0041774
7 0.439802 0.561219 0.111845 0.112359 0.00411155
4 0.0663777 0.933439 0.112588 0.113702 0.00410447
5 0.811336 0.561411 0.11323 0.113496 0.00388088
6 0.439953 0.437502 0.111845 0.112547 0.00379983
12 0.687733 0.313281 0.110612 0.112416 0.00362665
10 0.935942 0.437408 0.111004 0.11188 0.00360971
3 0.0669077 0.685185 0.114071 0.112533 0.00345671
4 0.563814 0.0647856 0.112427 0.112576 0.00336148
12 0.0665631 0.809215 0.111179 0.111698 0.0032957
4 0.936062 0.561588 0.114293 0.112565 0.00325819
3 0.688717 0.685247 0.111484 0.111676 0.00319653
7 0.190537 0.313609 0.112203 0.112297 0.00310335
12 0.439761 0.809703 0.11177 0.111689 0.00304884
7 0.19105 0.561169 0.112171 0.112008 0.00301936
6 0.811676 0.809697 0.114057 0.112739 0.00288612
12 0.315351 0.313671 0.112141 0.11239 0.00283247
3 0.191171 0.685353 0.114133 0.112648 0.00280938
12 0.936281 0.0652035 0.112272 0.112347 0.00278818
1 0.316166 0.437623 0.113477 0.112998 0.00278209
1 0.191716 0.561736 0.114555 0.113578 0.00269744
3 0.686773 0.313181 0.110774 0.113032 0.00267474
1 0.191548 0.313641 0.113641 0.112684 0.00264921
7 0.563616 0.0647774 0.112588 0.111817 0.00262096
3 0.688089 0.561399 0.110871 0.112649 0.00259878
12 0.190624 0.18935 0.112974 0.112622 0.0025915
12 0.563886 0.0644883 0.111716 0.113067 0.00252983
1 0.44073 0.561648 0.11308 0.113023 0.00244113
4 0.936714 0.933652 0.112619 0.113832 0.00240081
1 0.316467 0.561365 0.113491 0.113151 0.00230938
13 0.563098 0.188095 0.111355 0.112168 0.00229725
3 0.439106 0.933783 0.11252 0.113867 0.00227506
2 0.688236 0.809332 0.112291 0.112065 0.00225768
1 0.564334 0.685702 0.111568 0.112553 0.00225231
5 0.811665 0.933032 0.114031 0.112022 0.00221396
12 0.19107 0.064798 0.112108 0.112172 0.00220275
7 0.936204 0.313736 0.113368 0.113503 0.00215169
12 0.563904 0.188729 0.112453 0.112774 0.00213076
1 0.066031 0.31311 0.112647 0.112431 0.0021036
12 0.315014 0.189181 0.112518 0.111886 0.00206746
2 0.813096 0.0647027 0.113101 0.112234 0.0020571
6 0.19107 0.064798 0.112108 0.112172 0.00197799
7 0.563595 0.188745 0.113531 0.11268 0.00196269
11 0.563462 0.43739 0.112052 0.112617 0.00194436
11 0.811579 0.0649513 0.113428 0.110299 0.00193604
3 0.0661322 0.437425 0.113894 0.111775 0.00192895
1 0.688303 0.685629 0.111963 0.113229 0.00189815
1 0.811778 0.561586 0.112794 0.113703 0.00188984
11 0.563614 0.561587 0.111327 0.112503 0.00188266
0 0.688208 0.809027 0.111772 0.110913 0.00186547
6 0.811661 0.312966 0.112658 0.114018 0.0018652
1 0.812393 0.933193 0.113244 0.11416 0.00185173
13 0.562955 0.0645624 0.111148 0.111554 0.0018427
8 0.688016 0.312953 0.111256 0.113006 0.00182856
12 0.0674604 0.685153 0.112191 0.113403 0.00182775
7 0.937025 0.561108 0.112486 0.11192 0.00181906
1 0.439037 0.188725 0.112698 0.11341 0.00178663
3 0.688148 0.0635174 0.110588 0.111304 0.00177887
11 0.316037 0.68541 0.112064 0.110957 0.00177622
13 0.935917 0.5614 0.111273 0.112047 0.0017699
3 0.439016 0.0643284 0.111639 0.112649 0.00174097
3 0.564709 0.685743 0.111114 0.111492 0.00169143
12 0.687236 0.187886 0.111731 0.112172 0.0016864
12 0.439461 0.313474 0.112153 0.111803 0.00167458
4 0.688208 0.809027 0.111772 0.110913 0.00166865
13 0.812331 0.436652 0.110745 0.112704 0.00166211
9 0.813057 0.313645 0.11065 0.111708 0.00166083
3 0.190624 0.18935 0.112974 0.112622 0.00162395
3 0.315216 0.313715 0.111586 0.112579 0.00159351
4 0.936427 0.437939 0.11197 0.112232 0.00158925
10 0.936868 0.810136 0.112255 0.111434 0.0015803
6 0.936195 0.933619 0.112323 0.113596 0.00151756
11 0.315344 0.933522 0.112677 0.112704 0.00151312
3 0.813096 0.0647027 0.113101 0.112234 0.0015112
11 0.564038 0.809329 0.111719 0.111463 0.00149739
3 0.315337 0.809359 0.113406 0.112699 0.00149005
0 0.813185 0.18822 0.111515 0.112832 0.00148656
1 0.31571 0.809047 0.11328 0.112257 0.00146643
12 0.563658 0.313446 0.111653 0.112457 0.00145867
7 0.315538 0.436591 0.111839 0.111551 0.00145811
11 0.687484 0.437039 0.112101 0.11249 0.00145127
8 0.563953 0.933637 0.11273 0.113242 0.00143932
6 0.687924 0.93351 0.111822 0.113249 0.00141242
7 0.687698 0.188668 0.112999 0.11334 0.00140269
12 0.811661 0.312966 0.112658 0.114018 0.00140216
5 0.563239 0.188608 0.112738 0.112342 0.00140031
3 0.811402 0.561672 0.112446 0.112169 0.00139111
13 0.0662002 0.933297 0.111801 0.111534 0.00138084
1 0.688242 0.0644414 0.110335 0.112096 0.00137451
3 0.0666782 0.561275 0.111902 0.111355 0.00131444
10 0.19064 0.933286 0.112465 0.111413 0.00130655
0 0.813053 0.686009 0.112275 0.111025 0.00130055
11 0.190842 0.809392 0.112476 0.11098 0.00129479
0 0.688061 0.43753 0.111579 0.113977 0.0012654
1 0.191375 0.68524 0.113776 0.112241 0.00126124
0 0.563118 0.438059 0.111274 0.113636 0.00125986
12 0.440152 0.933943 0.112977 0.112501 0.00125451
7 0.687924 0.93351 0.111822 0.113249 0.00125075
12 0.0670396 0.438322 0.112965 0.111346 0.00124005
1 0.190544 0.0648475 0.111738 0.112268 0.00122433
13 0.81178 0.809661 0.112625 0.113371 0.00122357
3 0.0661156 0.0646692 0.111857 0.113107 0.00122349
1 0.688122 0.561385 0.111409 0.112622 0.00120191
0 0.315216 0.313715 0.111586 0.112579 0.00117605
7 0.0667496 0.933007 0.112171 0.113174 0.0011741
13 0.936293 0.0649514 0.111814 0.112543 0.00117002
11 0.811782 0.933154 0.112318 0.113841 0.00116848
12 0.936209 0.313391 0.112792 0.113973 0.00115299
6 0.812454 0.437659 0.112076 0.112877 0.00114677
7 0.0670396 0.438322 0.112965 0.111346 0.00114656
3 0.813194 0.187947 0.111776 0.113103 0.00113475
1 0.811437 0.313039 0.112479 0.113102 0.00110607
5 0.315534 0.809503 0.111597 0.111214 0.00110445
7 0.440561 0.685627 0.111416 0.112439 0.00109749
2 0.93658 0.438023 0.112251 0.113126 0.00109243
11 0.93621 0.810089 0.11207 0.111348 0.00108174
9 0.813163 0.188537 0.111458 0.114451 0.00107331
10 0.0669045 0.561439 0.110927 0.112463 0.00107311
9 0.936549 0.189144 0.111701 0.113369 0.00106648
2 0.813057 0.313645 0.11065 0.111708 0.00104836
3 0.563486 0.933888 0.111617 0.113699 0.00104387
5 0.564097 0.686093 0.11228 0.112238 0.00102589
4 0.563852 0.312868 0.112422 0.113408 0.00101456
1 0.936748 0.188214 0.111706 0.112922 0.00100847
10 0.439461 0.313474 0.112153 0.111803 0.00100292
