9 0.439761 0.934093 0.112358 0.113279 0.987045
9 0.564125 0.809618 0.111295 0.112353 0.986845
13 0.563815 0.934059 0.111559 0.114141 0.986591
9 0.191219 0.933954 0.112033 0.113853 0.986505
6 0.316124 0.685363 0.11103 0.111628 0.984873
1 0.315789 0.933939 0.112604 0.112862 0.984313
7 0.43949 0.189454 0.112526 0.113019 0.983975
11 0.563136 0.0652884 0.111618 0.113229 0.98383
6 0.935985 0.933717 0.1132 0.114066 0.983767
11 0.687954 0.933771 0.112401 0.113591 0.983741
1 0.191505 0.809487 0.111327 0.112065 0.983553
5 0.067206 0.685561 0.111781 0.112616 0.98355
6 0.439596 0.685532 0.112709 0.113706 0.983261
13 0.0676166 0.189205 0.111852 0.111718 0.98308
13 0.688154 0.809551 0.112612 0.114156 0.983079
13 0.0675952 0.933899 0.112591 0.113428 0.98304
6 0.0672034 0.561388 0.113571 0.113312 0.982876
13 0.811706 0.933756 0.112249 0.113034 0.982772
6 0.439922 0.809266 0.111839 0.112646 0.982756
8 0.190941 0.18902 0.111944 0.112203 0.982554
4 0.191492 0.560975 0.1124 0.112731 0.982415
1 0.19143 0.0641451 0.111841 0.113246 0.982334
10 0.0678155 0.31304 0.113528 0.113473 0.982239
10 0.315314 0.561265 0.11284 0.112104 0.982198
1 0.0670725 0.437644 0.112831 0.112515 0.982071
11 0.191373 0.436743 0.111702 0.112626 0.982044
4 0.439489 0.0645558 0.112598 0.11412 0.981268
10 0.191171 0.685166 0.113038 0.112311 0.98124
5 0.687767 0.065246 0.110435 0.112284 0.981119
8 0.936545 0.809422 0.111677 0.112742 0.981073
1 0.191304 0.313125 0.111601 0.112354 0.981031
4 0.0673797 0.809583 0.113325 0.113117 0.980963
2 0.315111 0.188689 0.112913 0.11293 0.98095
12 0.315277 0.313469 0.113709 0.112208 0.980943
12 0.315292 0.437598 0.112732 0.111882 0.9809
8 0.812209 0.0651883 0.112347 0.112756 0.980637
5 0.439362 0.437288 0.11222 0.112535 0.980433
5 0.440109 0.561352 0.110985 0.113058 0.980172
8 0.315509 0.80962 0.112658 0.112297 0.980102
12 0.315042 0.0648272 0.112674 0.112822 0.980059
12 0.0673588 0.064539 0.112608 0.112991 0.980025
13 0.687772 0.189196 0.112839 0.112985 0.979903
9 0.563655 0.437423 0.112367 0.11264 0.97961
6 0.687976 0.561339 0.112132 0.113281 0.979548
13 0.688064 0.685837 0.112924 0.112305 0.979287
13 0.936638 0.0646522 0.11388 0.114836 0.97918
10 0.564073 0.561627 0.112806 0.114368 0.979099
10 0.563936 0.18896 0.111885 0.114583 0.979023
3 0.812038 0.437523 0.112382 0.112715 0.978581
0 0.812115 0.809624 0.112471 0.112991 0.978526
0 0.687781 0.437099 0.11189 0.11308 0.978489
0 0.563156 0.313818 0.111296 0.11163 0.978343
11 0.812256 0.188864 0.111841 0.113849 0.978221
0 0.936124 0.685312 0.112727 0.112409 0.978155
10 0.812621 0.561431 0.113042 0.113952 0.978037
2 0.687978 0.313481 0.111621 0.111593 0.978011
0 0.812232 0.313022 0.112331 0.113016 0.977998
8 0.43951 0.31297 0.112215 0.112099 0.97789
10 0.937096 0.312674 0.112784 0.114228 0.977856
0 0.936156 0.188597 0.112728 0.111575 0.977682
8 0.936595 0.561688 0.111218 0.11183 0.977632
8 0.93649 0.437119 0.11298 0.112783 0.977622
2 0.563677 0.685532 0.111164 0.111672 0.977519
8 0.812535 0.685797 0.112705 0.112695 0.976675
2 0.936622 0.56111 0.113378 0.1112 0.015329
6 0.0670068 0.0647193 0.113287 0.114633 0.0121447
2 0.812418 0.685517 0.112494 0.111301 0.0105111
6 0.315569 0.437808 0.112268 0.113001 0.00980249
5 0.812073 0.189789 0.111624 0.113226 0.00969129
2 0.936603 0.80937 0.112185 0.112291 0.00808825
12 0.81142 0.933138 0.110416 0.110646 0.00750522
2 0.191175 0.188404 0.111441 0.111882 0.00601263
8 0.688421 0.933226 0.112683 0.112905 0.00560154
4 0.563742 0.189242 0.111874 0.113274 0.0051579
2 0.936862 0.436733 0.111834 0.11348 0.00513327
6 0.315417 0.31372 0.113205 0.113478 0.00503868
5 0.936562 0.313505 0.112852 0.112971 0.00446874
1 0.688095 0.436843 0.111795 0.11272 0.00437911
2 0.439737 0.3126 0.111356 0.112154 0.00412581
2 0.315258 0.809448 0.112446 0.111669 0.00389873
2 0.811489 0.0640909 0.109475 0.111692 0.00380319
7 0.0678694 0.933762 0.113286 0.114173 0.00368786
12 0.564031 0.436684 0.11078 0.112676 0.00362858
11 0.811489 0.0640909 0.109475 0.111692 0.00350399
1 0.687614 0.313486 0.110791 0.111811 0.00338236
7 0.0679504 0.188964 0.11211 0.112223 0.00322235
12 0.56419 0.561753 0.112597 0.112496 0.00319066
1 0.19178 0.561665 0.113322 0.11377 0.00288775
12 0.811655 0.437357 0.110349 0.113106 0.00283336
12 0.688056 0.685663 0.111201 0.111731 0.00275192
11 0.439282 0.436468 0.111084 0.110707 0.00249748
10 0.0671779 0.933376 0.114921 0.114685 0.00247377
10 0.687612 0.0646656 0.111342 0.111919 0.00244794
5 0.811632 0.561441 0.111951 0.112522 0.00240415
6 0.315424 0.0648623 0.112812 0.114643 0.00238273
3 0.439922 0.809266 0.111839 0.112646 0.00237178
11 0.811682 0.685199 0.110544 0.110929 0.00234311
12 0.563885 0.188849 0.112235 0.113844 0.00232868
4 0.813074 0.561854 0.111642 0.115383 0.00232151
1 0.439911 0.0645735 0.11138 0.114074 0.00231233
1 0.563692 0.312549 0.11205 0.11274 0.00224266
4 0.936624 0.31343 0.111571 0.113391 0.002204
1 0.564135 0.68567 0.11175 0.112399 0.00215369
12 0.564117 0.809613 0.111964 0.111699 0.00213137
10 0.439284 0.561394 0.111767 0.112207 0.00205414
3 0.564125 0.809618 0.111295 0.112353 0.00199655
7 0.439726 0.0643186 0.111616 0.112706 0.00199344
10 0.0668012 0.188943 0.114309 0.112425 0.0019818
4 0.563796 0.561957 0.11204 0.113389 0.00197311
11 0.0668012 0.188943 0.114309 0.112425 0.00190896
12 0.315982 0.561506 0.112048 0.112248 0.00190504
5 0.563742 0.065522 0.111894 0.113898 0.00190204
3 0.936069 0.933473 0.11219 0.114066 0.00189594
7 0.0670481 0.809549 0.114932 0.114336 0.00188287
11 0.936331 0.561471 0.110268 0.113209 0.00181828
9 0.811586 0.437486 0.111673 0.113172 0.0018156
11 0.688202 0.0650516 0.112782 0.113281 0.00180616
3 0.688099 0.313688 0.11122 0.1114 0.00180331
12 0.688184 0.809949 0.111885 0.112501 0.0017859
7 0.688087 0.560893 0.112774 0.113853 0.00178573
12 0.191711 0.685281 0.111854 0.111551 0.00176122
1 0.812044 0.809453 0.111582 0.112289 0.00175167
4 0.31538 0.561331 0.112557 0.1134 0.0017364
5 0.563927 0.685818 0.111311 0.113283 0.00170045
10 0.43965 0.437431 0.111747 0.112406 0.00168204
7 0.564398 0.934061 0.111596 0.113695 0.0016788
0 0.563978 0.438027 0.112903 0.114471 0.00167671
13 0.191248 0.685247 0.11245 0.112021 0.00167541
7 0.935901 0.933572 0.112585 0.113814 0.00165163
1 0.81261 0.312703 0.112254 0.113175 0.00164382
0 0.19143 0.0641451 0.111841 0.113246 0.00164272
5 0.315038 0.188786 0.111697 0.111747 0.00162663
12 0.812476 0.561527 0.113491 0.113225 0.00161205
1 0.31517 0.188999 0.112018 0.111542 0.00160509
11 0.316046 0.809862 0.111979 0.113128 0.00159104
12 0.687781 0.188801 0.111814 0.112287 0.00158999
5 0.688141 0.313247 0.113043 0.112918 0.00158446
3 0.564488 0.685668 0.111042 0.111595 0.00157449
4 0.191574 0.313537 0.111318 0.11249 0.0015729
10 0.811631 0.188815 0.110962 0.113007 0.00154789
2 0.688224 0.0648169 0.112562 0.111638 0.00152393
11 0.936203 0.436967 0.111011 0.113873 0.00152281
9 0.936322 0.188877 0.113017 0.113224 0.00151527
1 0.688123 0.561159 0.111853 0.114377 0.00149846
7 0.067789 0.3134 0.112997 0.113173 0.00149736
0 0.439874 0.313435 0.111473 0.111446 0.00149598
4 0.0670725 0.437644 0.112831 0.112515 0.00149487
10 0.0663893 0.685535 0.111474 0.111806 0.00148065
10 0.687927 0.933868 0.111607 0.114115 0.00147716
10 0.935514 0.0648537 0.110729 0.111829 0.00145062
4 0.315895 0.933702 0.11165 0.112961 0.00142719
5 0.563749 0.189214 0.112632 0.112716 0.00142602
12 0.936562 0.313505 0.112852 0.112971 0.00141925
7 0.811719 0.561051 0.112008 0.114242 0.00138019
8 0.688153 0.313226 0.112072 0.112939 0.00137948
7 0.936386 0.312262 0.112413 0.115501 0.00135749
0 0.93639 0.436624 0.113986 0.111645 0.00134234
3 0.439999 0.685141 0.112059 0.112272 0.00133939
7 0.191506 0.561005 0.111678 0.112231 0.00133847
4 0.688099 0.313688 0.11122 0.1114 0.00133221
6 0.811655 0.437357 0.110349 0.113106 0.00133216
1 0.0670481 0.809549 0.114932 0.114336 0.00129771
12 0.440091 0.934276 0.113096 0.111985 0.00128759
3 0.0672034 0.561388 0.113571 0.113312 0.00127367
2 0.813072 0.437491 0.109437 0.110658 0.0012562
10 0.811728 0.933756 0.111339 0.11371 0.00125084
0 0.191301 0.313241 0.110277 0.112196 0.00121934
11 0.936562 0.313505 0.112852 0.112971 0.00121476
11 0.56419 0.561753 0.112597 0.112496 0.00121347
0 0.936356 0.809409 0.111317 0.111786 0.00121254
4 0.0678381 0.312945 0.112974 0.114629 0.00119653
13 0.811814 0.561351 0.111588 0.112169 0.0011635
0 0.191613 0.188948 0.111177 0.112223 0.00116178
4 0.191505 0.809487 0.111327 0.112065 0.0011592
0 0.315596 0.933831 0.11199 0.112196 0.00115523
8 0.811512 0.188857 0.110743 0.11251 0.00115477
5 0.31488 0.561106 0.112015 0.11207 0.00115454
9 0.935771 0.0648774 0.114208 0.114767 0.00114895
5 0.191484 0.685038 0.111818 0.111707 0.00114235
0 0.813008 0.0648399 0.1094 0.113814 0.00114091
5 0.56419 0.561753 0.112597 0.112496 0.0011338
0 0.0663339 0.436569 0.114577 0.111654 0.00112558
3 0.688615 0.56088 0.11063 0.111903 0.00111967
5 0.688152 0.934116 0.112506 0.113663 0.00111052
0 0.936618 0.561694 0.111577 0.112816 0.00110762
7 0.688351 0.685651 0.113012 0.112382 0.00110407
5 0.0669481 0.809094 0.112916 0.113796 0.00109287
11 0.066837 0.313194 0.113898 0.11317 0.00108759
4 0.564488 0.685668 0.111042 0.111595 0.0010863
13 0.936801 0.312822 0.111569 0.111747 0.00108445
7 0.315371 0.436666 0.111503 0.112092 0.0010842
3 0.563919 0.43751 0.111001 0.113143 0.00108273
0 0.191458 0.809571 0.111507 0.11232 0.00106875
13 0.563498 0.561582 0.111625 0.112364 0.00106639
9 0.936378 0.685441 0.111715 0.111613 0.0010568
3 0.316124 0.685363 0.11103 0.111628 0.00104503
11 0.935771 0.0648774 0.114208 0.114767 0.00102717
11 0.190941 0.18902 0.111944 0.112203 0.001017
4 0.191228 0.685148 0.112953 0.113274 0.00100448
7 0.811539 0.932592 0.110212 0.111439 0.00100319
11 0.936065 0.809591 0.110778 0.11316 0.00100132
