4 0.936125 0.933912 0.112932 0.113503 0.987119
4 0.191936 0.933632 0.111709 0.114002 0.986431
9 0.563346 0.933885 0.111162 0.112497 0.986382
6 0.315541 0.933954 0.111618 0.11313 0.986283
12 0.315161 0.80978 0.112963 0.112925 0.98553
2 0.439073 0.0650551 0.111224 0.112426 0.984721
7 0.811987 0.80978 0.113143 0.111871 0.98468
10 0.0668634 0.561477 0.113626 0.113056 0.984077
1 0.315153 0.685242 0.112387 0.112218 0.983873
10 0.0674197 0.313058 0.114504 0.113001 0.983851
10 0.316068 0.0644735 0.112751 0.112821 0.983779
1 0.936385 0.809465 0.112758 0.112136 0.983755
7 0.315563 0.437207 0.113261 0.112205 0.983464
10 0.19176 0.437219 0.113272 0.112694 0.983245
4 0.191745 0.188798 0.113687 0.113096 0.983226
8 0.812071 0.933624 0.111842 0.112893 0.98273
3 0.191442 0.313211 0.111395 0.111374 0.98267
13 0.687761 0.809686 0.112029 0.112875 0.982391
1 0.0666361 0.934139 0.112434 0.113239 0.982362
10 0.687792 0.0650661 0.111482 0.11285 0.98232
13 0.0667673 0.0652842 0.11374 0.11368 0.982119
12 0.439384 0.809625 0.111931 0.11275 0.982099
1 0.0672368 0.437497 0.112427 0.112317 0.981639
12 0.315388 0.561626 0.112304 0.111941 0.981606
0 0.191132 0.68504 0.111846 0.111797 0.981357
11 0.191259 0.561129 0.110785 0.111594 0.981335
11 0.0669692 0.685571 0.11235 0.111967 0.981294
13 0.439575 0.188996 0.112214 0.111617 0.98104
10 0.439184 0.561071 0.111215 0.111623 0.981019
8 0.687817 0.933657 0.112023 0.112955 0.980925
13 0.9362 0.685581 0.112306 0.111864 0.980855
1 0.314977 0.189058 0.111868 0.111739 0.980582
0 0.315214 0.313326 0.112646 0.112261 0.980299
9 0.56325 0.561632 0.112297 0.111925 0.980103
2 0.191063 0.809392 0.111849 0.112115 0.979984
11 0.191091 0.0650806 0.110728 0.111962 0.979952
13 0.687876 0.189024 0.112543 0.112562 0.979803
9 0.811152 0.0651018 0.112467 0.111888 0.979444
8 0.936211 0.0650537 0.113031 0.113137 0.979431
2 0.439134 0.313169 0.112 0.111748 0.979376
7 0.563895 0.685305 0.111132 0.111107 0.979246
3 0.439683 0.437809 0.111317 0.111423 0.979206
4 0.687759 0.312905 0.112647 0.113342 0.979153
4 0.812328 0.685588 0.112943 0.112421 0.979125
11 0.0667253 0.189278 0.112643 0.11231 0.979117
8 0.564037 0.809618 0.111435 0.113828 0.97906
0 0.563454 0.0648662 0.11203 0.113389 0.978965
2 0.563416 0.437323 0.111514 0.112133 0.978806
0 0.687881 0.685341 0.112546 0.112982 0.978747
3 0.687849 0.437668 0.111622 0.112035 0.978718
0 0.438831 0.685481 0.111655 0.111803 0.978676
7 0.688066 0.561529 0.112175 0.112929 0.978586
0 0.563397 0.313062 0.112063 0.113552 0.978571
10 0.936529 0.312627 0.113139 0.113513 0.978478
8 0.439823 0.933979 0.112883 0.114105 0.978423
5 0.812221 0.188441 0.112181 0.112759 0.978402
0 0.936073 0.436927 0.113075 0.112475 0.978398
5 0.812464 0.436974 0.111916 0.112253 0.97838
6 0.936427 0.188724 0.113715 0.11281 0.977753
8 0.0674615 0.809411 0.111826 0.112217 0.977599
8 0.936443 0.561365 0.112717 0.113583 0.977553
8 0.812157 0.56146 0.112919 0.113594 0.977266
8 0.563095 0.189592 0.110937 0.11273 0.977213
8 0.811962 0.312925 0.112807 0.113912 0.976848
2 0.936183 0.560931 0.113542 0.112483 0.0329882
2 0.811987 0.561128 0.113401 0.112572 0.0228359
2 0.935944 0.0654059 0.1128 0.112796 0.0190482
5 0.191133 0.561456 0.110674 0.111778 0.0173834
2 0.563505 0.809376 0.111581 0.112291 0.0120981
2 0.0671383 0.809091 0.113909 0.113 0.0116823
2 0.811509 0.312968 0.111418 0.11386 0.00976304
2 0.439962 0.934125 0.112895 0.113542 0.00847311
2 0.811989 0.933783 0.111779 0.111897 0.0084072
5 0.0670346 0.685282 0.113295 0.112341 0.00792695
2 0.563095 0.189592 0.110937 0.11273 0.00697789
2 0.687817 0.933657 0.112023 0.112955 0.00688671
9 0.190572 0.313241 0.111247 0.112099 0.00656006
12 0.81157 0.810019 0.112989 0.11308 0.00553985
12 0.191717 0.313227 0.111542 0.111897 0.0052677
3 0.564153 0.437462 0.111628 0.112702 0.00492953
7 0.191798 0.933626 0.112137 0.112392 0.00469866
10 0.6876 0.809018 0.111334 0.112247 0.00429308
9 0.687938 0.933284 0.112292 0.113144 0.0040305
4 0.688169 0.0651267 0.110684 0.113119 0.0039841
5 0.191067 0.0645949 0.111519 0.112369 0.00358843
6 0.439384 0.809625 0.111931 0.11275 0.00349465
5 0.0669862 0.188737 0.112733 0.111965 0.00338774
1 0.563436 0.437859 0.110468 0.111077 0.00335254
1 0.438946 0.313414 0.111793 0.113078 0.0033026
4 0.688193 0.561283 0.112292 0.112451 0.00314574
10 0.315712 0.437844 0.111041 0.11201 0.00305954
6 0.811518 0.809543 0.112908 0.112311 0.00291408
11 0.811706 0.43732 0.111436 0.111119 0.00276739
1 0.687849 0.313319 0.111936 0.112954 0.00274777
6 0.315415 0.561362 0.113026 0.112972 0.00271346
10 0.191385 0.560965 0.112315 0.113045 0.00270904
11 0.439962 0.934125 0.112895 0.113542 0.00270442
4 0.93629 0.313546 0.112729 0.113083 0.00267463
2 0.813075 0.437425 0.112148 0.112806 0.00265163
6 0.439791 0.438014 0.113692 0.112453 0.00261437
7 0.687493 0.313126 0.111613 0.111978 0.00246395
0 0.688354 0.93339 0.113336 0.113017 0.00240312
7 0.811718 0.684935 0.112562 0.11426 0.00237339
2 0.812328 0.685588 0.112943 0.112421 0.00234364
0 0.936194 0.0645158 0.11147 0.112527 0.00233299
11 0.439325 0.189315 0.112031 0.112374 0.00231799
12 0.686896 0.561713 0.110526 0.111952 0.00227222
4 0.439732 0.561437 0.112661 0.113138 0.00224946
4 0.316221 0.437915 0.111918 0.11257 0.00216367
8 0.811404 0.0651188 0.112893 0.11301 0.00213968
7 0.191315 0.189082 0.11227 0.112923 0.00213588
3 0.191277 0.809457 0.113127 0.112443 0.00211642
1 0.812466 0.685575 0.11278 0.113474 0.00207763
7 0.935782 0.933708 0.112452 0.114482 0.00206512
0 0.813064 0.933887 0.110605 0.113712 0.00205451
5 0.688141 0.0647453 0.111084 0.112634 0.00203182
4 0.315423 0.189222 0.112271 0.113653 0.00198849
7 0.191424 0.43803 0.112154 0.112918 0.00198763
4 0.0674704 0.313048 0.112892 0.114365 0.00198698
11 0.811509 0.312968 0.111418 0.11386 0.00195619
4 0.191492 0.437179 0.112007 0.113111 0.0019426
4 0.56411 0.685389 0.111716 0.111445 0.00192095
10 0.067181 0.685153 0.113724 0.113406 0.00191799
11 0.811505 0.561296 0.110908 0.112734 0.00191697
9 0.81166 0.933266 0.111086 0.112731 0.00190583
3 0.813075 0.437425 0.112148 0.112806 0.00189666
1 0.191857 0.934148 0.113247 0.114776 0.0018748
12 0.439325 0.189315 0.112031 0.112374 0.00182682
1 0.191745 0.188798 0.113687 0.113096 0.00180346
7 0.0661446 0.0650515 0.113802 0.112145 0.00179934
6 0.688356 0.438027 0.112959 0.111929 0.00179403
9 0.439873 0.933666 0.111887 0.113329 0.00178376
3 0.936458 0.188913 0.112933 0.113392 0.00176386
7 0.687858 0.808965 0.110912 0.111927 0.00175322
1 0.563511 0.312614 0.11213 0.113151 0.001745
11 0.563984 0.809606 0.112163 0.112318 0.00170718
6 0.68818 0.561262 0.112088 0.113363 0.00168844
12 0.687858 0.808965 0.110912 0.111927 0.0016516
1 0.936125 0.933912 0.112932 0.113503 0.00163032
11 0.0672063 0.80938 0.112799 0.112619 0.00162994
2 0.440338 0.438052 0.114413 0.11265 0.00162301
1 0.687848 0.685201 0.112635 0.112216 0.001623
2 0.688874 0.438063 0.113713 0.112892 0.00162089
4 0.315264 0.685106 0.111943 0.11246 0.00161543
7 0.688169 0.0651267 0.110684 0.113119 0.00160789
13 0.191369 0.437153 0.112257 0.111812 0.00160734
6 0.315161 0.80978 0.112963 0.112925 0.00160269
10 0.936136 0.685129 0.112233 0.112857 0.00159221
12 0.439683 0.437809 0.111317 0.111423 0.00158916
12 0.687849 0.437668 0.111622 0.112035 0.00157187
1 0.315405 0.312829 0.112256 0.112587 0.00155817
6 0.191798 0.933626 0.112137 0.112392 0.00155735
1 0.439426 0.064605 0.111279 0.113879 0.00154583
0 0.936455 0.561238 0.111833 0.112096 0.00153863
7 0.0672722 0.313681 0.112894 0.112935 0.00149718
3 0.439686 0.313644 0.111666 0.11298 0.00149179
11 0.688175 0.933838 0.112439 0.112512 0.00148919
4 0.812488 0.809501 0.112852 0.111854 0.00148895
4 0.31523 0.0650333 0.111784 0.113228 0.00148562
4 0.936385 0.809465 0.112758 0.112136 0.00147846
2 0.936345 0.934135 0.113352 0.115032 0.00145847
6 0.191315 0.189082 0.11227 0.112923 0.00145294
11 0.811989 0.933783 0.111779 0.111897 0.00145106
9 0.56387 0.809161 0.111554 0.112451 0.00144799
9 0.93601 0.437257 0.112588 0.112647 0.00143885
11 0.811378 0.0649479 0.112765 0.113485 0.00143803
4 0.0673749 0.560968 0.11253 0.113954 0.0014266
5 0.191301 0.809505 0.11256 0.112608 0.0014261
0 0.936403 0.809216 0.111941 0.112246 0.00142047
6 0.811675 0.685323 0.113929 0.113473 0.00140021
8 0.688188 0.684964 0.11302 0.112572 0.0013999
2 0.68787 0.313548 0.111833 0.113619 0.00138943
0 0.812962 0.064832 0.111341 0.112172 0.00137302
10 0.812757 0.685326 0.112143 0.11363 0.00136258
11 0.811632 0.188885 0.112502 0.11209 0.00134923
7 0.936136 0.685129 0.112233 0.112857 0.00134319
1 0.563554 0.0638992 0.111742 0.113522 0.00132933
11 0.0661446 0.0650515 0.113802 0.112145 0.00131716
2 0.191857 0.934148 0.113247 0.114776 0.00128928
0 0.563611 0.56152 0.111858 0.110376 0.00127756
13 0.688035 0.0645023 0.111713 0.112349 0.00125282
4 0.0672368 0.437497 0.112427 0.112317 0.00124547
0 0.0670562 0.436888 0.112673 0.112255 0.00123303
13 0.439437 0.561519 0.111387 0.11222 0.00120804
12 0.935653 0.685832 0.111284 0.112239 0.00119593
0 0.812956 0.313837 0.112697 0.115271 0.00119178
7 0.936242 0.189109 0.112899 0.112698 0.00119046
11 0.687875 0.189397 0.112779 0.113432 0.00118504
11 0.563776 0.188968 0.111531 0.113236 0.00118092
6 0.316002 0.436646 0.110434 0.112453 0.00117938
1 0.191074 0.684975 0.111786 0.112448 0.00117482
10 0.191151 0.0653467 0.111274 0.111405 0.00117426
8 0.563961 0.933428 0.11213 0.111086 0.00115018
10 0.191745 0.188798 0.113687 0.113096 0.00114589
1 0.439375 0.685185 0.111972 0.112294 0.00114317
2 0.811627 0.188816 0.11312 0.112395 0.00114166
1 0.191205 0.809119 0.112751 0.112577 0.00113599
12 0.811979 0.0646211 0.113106 0.112068 0.00113193
12 0.564046 0.561281 0.112044 0.112182 0.00110778
4 0.8126 0.437831 0.110592 0.110896 0.00110357
10 0.68818 0.561262 0.112088 0.113363 0.00109248
4 0.0666114 0.934037 0.113426 0.113613 0.00109045
1 0.688169 0.437577 0.111836 0.112024 0.00108684
1 0.191281 0.313104 0.11147 0.111825 0.00108669
4 0.688283 0.437689 0.112823 0.112602 0.00107108
3 0.439992 0.0653084 0.111024 0.113094 0.00106748
9 0.688874 0.438063 0.113713 0.112892 0.00106461
13 0.811378 0.0649479 0.112765 0.113485 0.00106325
10 0.812895 0.436735 0.109719 0.111265 0.00104724
1 0.439746 0.437687 0.111628 0.112156 0.00104684
10 0.0672835 0.0652898 0.111711 0.111904 0.00103102
0 0.0666114 0.934037 0.113426 0.113613 0.00103006
11 0.936211 0.0650537 0.113031 0.113137 0.00102924
13 0.0670585 0.561181 0.11298 0.112596 0.00101177
11 0.564021 0.933496 0.112129 0.11129 0.00100493
9 0.811592 0.313872 0.113029 0.113005 0.00100249
