5 0.315268 0.934099 0.111011 0.112194 0.986516
2 0.687828 0.934029 0.112686 0.113103 0.985526
7 0.315233 0.809721 0.111204 0.111836 0.985482
5 0.190769 0.933853 0.110805 0.111829 0.985482
5 0.563818 0.809795 0.111197 0.112054 0.985291
4 0.439845 0.934155 0.11276 0.112989 0.98525
12 0.191771 0.809412 0.110138 0.11112 0.985193
3 0.0672815 0.561642 0.11218 0.113402 0.985174
4 0.0676918 0.809515 0.112137 0.111663 0.98485
13 0.93603 0.933799 0.112428 0.112223 0.984825
9 0.315399 0.561798 0.111407 0.112301 0.984527
6 0.440056 0.809283 0.112194 0.112597 0.984142
12 0.812841 0.933393 0.110781 0.113191 0.983902
2 0.439307 0.685395 0.112084 0.111919 0.983796
7 0.315449 0.437792 0.11194 0.112228 0.983476
2 0.315199 0.685497 0.112101 0.111471 0.983476
5 0.191268 0.438096 0.111449 0.11204 0.983379
7 0.066698 0.189903 0.112745 0.112234 0.983204
5 0.0666181 0.0653181 0.113557 0.113333 0.982793
1 0.0664441 0.934206 0.111871 0.112869 0.98278
5 0.687982 0.809814 0.110865 0.11181 0.982669
13 0.563932 0.933856 0.110678 0.112676 0.982634
10 0.0680025 0.685474 0.111951 0.110726 0.982276
5 0.439729 0.313397 0.11269 0.112741 0.982172
13 0.315591 0.313362 0.113718 0.111993 0.982167
12 0.812822 0.809527 0.111083 0.112923 0.982104
4 0.191716 0.188884 0.11179 0.111769 0.981917
13 0.315559 0.189291 0.113544 0.112457 0.981799
7 0.439861 0.561494 0.112916 0.111877 0.98163
12 0.066931 0.437639 0.111687 0.110852 0.981626
13 0.315297 0.0647925 0.112882 0.112327 0.9816
11 0.191496 0.56137 0.111803 0.112107 0.981393
13 0.439746 0.189027 0.113917 0.112741 0.980964
11 0.191543 0.313082 0.111585 0.112192 0.980782
13 0.439638 0.437533 0.113219 0.111893 0.980119
12 0.93599 0.685349 0.112317 0.111567 0.980014
1 0.439717 0.0647347 0.111532 0.113219 0.97989
0 0.0671859 0.312918 0.112257 0.113438 0.979588
8 0.191401 0.0648305 0.110608 0.112643 0.979522
11 0.936387 0.809555 0.111814 0.110846 0.9795
1 0.564018 0.685399 0.112385 0.112887 0.979441
13 0.563967 0.189541 0.110918 0.111807 0.979408
8 0.687806 0.0649921 0.111627 0.112982 0.979373
1 0.812179 0.436982 0.112654 0.112703 0.979357
12 0.563653 0.313449 0.111654 0.111453 0.979308
12 0.563668 0.437173 0.111925 0.112085 0.979247
13 0.81196 0.189126 0.110387 0.111807 0.979194
13 0.811924 0.561534 0.112381 0.112565 0.979091
3 0.687919 0.313468 0.112365 0.112334 0.979007
3 0.563206 0.561532 0.111656 0.112261 0.97899
10 0.687917 0.561382 0.112181 0.112456 0.97892
8 0.190957 0.685383 0.112165 0.111252 0.97885
10 0.936558 0.0645947 0.113049 0.113534 0.978798
3 0.687746 0.437281 0.11146 0.111954 0.978536
8 0.936387 0.436891 0.113045 0.112933 0.978425
0 0.687993 0.188844 0.112194 0.112763 0.978174
6 0.936336 0.188899 0.112845 0.112681 0.978001
12 0.936271 0.561363 0.112861 0.111977 0.977981
7 0.811977 0.685858 0.111581 0.112069 0.97797
8 0.812116 0.0650368 0.112307 0.113076 0.977967
0 0.563449 0.0654454 0.111567 0.111769 0.977949
5 0.812442 0.312772 0.11265 0.112349 0.977748
8 0.688272 0.685563 0.112357 0.112529 0.977642
11 0.936449 0.312849 0.112266 0.111902 0.976512
12 0.56416 0.189026 0.111072 0.111493 0.0131314
12 0.812091 0.188877 0.111648 0.11205 0.00892069
12 0.439932 0.188764 0.111911 0.112117 0.00762797
2 0.688295 0.0644944 0.110757 0.111931 0.00733941
2 0.190977 0.685412 0.112592 0.111849 0.00644064
12 0.811667 0.685908 0.111161 0.113257 0.00570282
2 0.687859 0.685456 0.112139 0.111629 0.00566021
6 0.0664589 0.437212 0.112712 0.110427 0.00562856
12 0.439788 0.437401 0.111869 0.112335 0.00550924
10 0.936553 0.809705 0.112928 0.111996 0.00514731
2 0.190878 0.0648926 0.112413 0.111962 0.00455204
1 0.0663222 0.313372 0.112602 0.112242 0.00436071
7 0.440047 0.934038 0.1118 0.112119 0.00425001
2 0.81203 0.0646922 0.111096 0.113476 0.00423357
4 0.688183 0.561887 0.111377 0.112761 0.00382556
2 0.936525 0.436658 0.111224 0.112749 0.003735
8 0.688593 0.933619 0.112737 0.113174 0.00353714
3 0.440056 0.809283 0.112194 0.112597 0.00341886
0 0.812286 0.436266 0.112588 0.11201 0.00332494
10 0.191386 0.933334 0.111451 0.111838 0.00316903
3 0.315199 0.685497 0.112101 0.111471 0.00302878
1 0.191918 0.188813 0.112394 0.111891 0.00297726
5 0.936095 0.313716 0.112508 0.111085 0.00284959
10 0.936095 0.313716 0.112508 0.111085 0.00284773
1 0.440208 0.934162 0.112945 0.113365 0.00280318
5 0.19166 0.313456 0.112357 0.110918 0.00279219
1 0.688279 0.188159 0.111688 0.112573 0.00273385
1 0.0671176 0.809315 0.114201 0.112826 0.00268232
1 0.564126 0.0638217 0.11137 0.113424 0.00258355
4 0.0680025 0.685474 0.111951 0.110726 0.00253379
10 0.812607 0.933735 0.110247 0.11272 0.00234835
10 0.191576 0.561191 0.111709 0.112653 0.00234717
12 0.315369 0.188716 0.11153 0.112067 0.00234232
9 0.191675 0.561424 0.111147 0.111683 0.00232239
3 0.687936 0.933657 0.111709 0.113344 0.00228429
6 0.811673 0.685587 0.11355 0.113377 0.00221686
0 0.936228 0.437099 0.11134 0.111935 0.00220219
10 0.936166 0.932892 0.11137 0.11154 0.00218832
2 0.813087 0.313336 0.112801 0.113652 0.00218512
7 0.191557 0.18907 0.111993 0.11266 0.00210325
3 0.935996 0.188969 0.112648 0.113909 0.00207579
5 0.936387 0.809555 0.111814 0.110846 0.00207098
11 0.688329 0.685553 0.112437 0.112765 0.00204386
12 0.935795 0.933703 0.111758 0.112333 0.00199501
0 0.43955 0.0642739 0.111255 0.113571 0.00198251
12 0.811952 0.561211 0.112115 0.112205 0.00198166
12 0.563933 0.933931 0.110761 0.11178 0.00197812
12 0.315823 0.56137 0.111269 0.112644 0.00196717
3 0.813146 0.932231 0.110516 0.111359 0.00194915
5 0.191149 0.561501 0.11199 0.112123 0.00193024
3 0.439307 0.685395 0.112084 0.111919 0.00192614
11 0.81153 0.313281 0.11292 0.111773 0.00190928
2 0.688322 0.809735 0.111965 0.113304 0.00188616
9 0.687949 0.436594 0.111572 0.111611 0.00187095
0 0.813047 0.0651528 0.109587 0.113978 0.00184221
2 0.688192 0.437583 0.111998 0.110838 0.00183781
7 0.9356 0.189288 0.113017 0.113438 0.00181722
7 0.439559 0.809936 0.113745 0.112669 0.00181339
10 0.191204 0.313658 0.11093 0.1113 0.00180696
12 0.935796 0.065558 0.112562 0.112798 0.00180287
1 0.68851 0.933573 0.113697 0.11354 0.00178802
9 0.688238 0.313447 0.111957 0.112186 0.00176707
3 0.813087 0.313336 0.112801 0.113652 0.00176122
4 0.316151 0.437934 0.111068 0.113332 0.0017559
3 0.688303 0.809939 0.112495 0.113262 0.00168299
1 0.439787 0.685275 0.112928 0.112513 0.00167492
4 0.812469 0.313201 0.111893 0.111736 0.00166167
7 0.688183 0.561887 0.111377 0.112761 0.00164979
7 0.811568 0.810379 0.111924 0.113049 0.00164555
4 0.191104 0.43789 0.112061 0.109855 0.0016029
4 0.564179 0.685505 0.111103 0.111641 0.0016001
11 0.93603 0.933799 0.112428 0.112223 0.00159286
12 0.315575 0.064683 0.111278 0.112711 0.00156695
12 0.687734 0.561625 0.112011 0.11158 0.00155711
4 0.688322 0.809735 0.111965 0.113304 0.00155539
1 0.563425 0.56158 0.112035 0.112108 0.0015496
7 0.0671176 0.809315 0.114201 0.112826 0.0015171
6 0.191557 0.18907 0.111993 0.11266 0.00150849
5 0.688143 0.561647 0.111438 0.112096 0.00149209
10 0.315138 0.93386 0.111693 0.112087 0.00148145
12 0.315936 0.436645 0.110652 0.111519 0.00147513
11 0.688281 0.0647312 0.111407 0.113542 0.00147186
6 0.0670106 0.809261 0.112059 0.112774 0.00145044
6 0.56402 0.437544 0.110288 0.111764 0.00144165
10 0.812916 0.809336 0.110763 0.112186 0.00143976
1 0.315754 0.685338 0.112679 0.112429 0.00142195
12 0.688472 0.438051 0.113139 0.11188 0.00141235
2 0.191326 0.188802 0.111856 0.111585 0.00140771
7 0.811743 0.933367 0.110499 0.111109 0.00139753
7 0.439916 0.436719 0.111757 0.11273 0.00138552
2 0.688238 0.313447 0.111957 0.112186 0.00138483
13 0.811568 0.810379 0.111924 0.113049 0.00136375
4 0.936376 0.0648903 0.111469 0.112708 0.00135997
3 0.190631 0.436693 0.111117 0.109603 0.00134617
6 0.68814 0.438015 0.111987 0.110355 0.00133467
13 0.936536 0.0648584 0.111522 0.111527 0.00133307
6 0.440047 0.934038 0.1118 0.112119 0.00133019
0 0.564237 0.685271 0.111264 0.112174 0.00130407
10 0.315579 0.437861 0.111149 0.11283 0.00129623
7 0.936544 0.561101 0.11204 0.112449 0.00127556
1 0.687946 0.313123 0.111436 0.112015 0.00124098
6 0.935921 0.561254 0.112535 0.111177 0.00122333
13 0.811743 0.933367 0.110499 0.111109 0.0012206
3 0.315474 0.561697 0.111791 0.111804 0.00121947
0 0.315823 0.56137 0.111269 0.112644 0.00120066
3 0.936405 0.561072 0.112419 0.112456 0.00119999
6 0.316151 0.437934 0.111068 0.113332 0.00119538
13 0.0663241 0.190021 0.113517 0.111359 0.00119107
12 0.688006 0.313339 0.111428 0.111644 0.00118822
1 0.0665825 0.561454 0.112852 0.112382 0.00118813
6 0.191771 0.809412 0.110138 0.11112 0.00118494
5 0.688264 0.313175 0.113196 0.112415 0.0011732
4 0.439999 0.0647188 0.112019 0.113648 0.00117204
5 0.688215 0.43729 0.113163 0.11115 0.00117015
12 0.315166 0.313322 0.111099 0.111249 0.00116777
9 0.81313 0.933011 0.109957 0.111818 0.00115192
4 0.440089 0.313371 0.112125 0.112184 0.00115139
4 0.31484 0.80989 0.111867 0.111581 0.00114884
13 0.687725 0.561591 0.111174 0.111933 0.00111967
7 0.812409 0.189718 0.111853 0.112506 0.00111607
10 0.0663909 0.0651659 0.112436 0.111615 0.00110957
2 0.439845 0.934155 0.11276 0.112989 0.00110548
4 0.812365 0.437434 0.111597 0.112655 0.00109351
9 0.191754 0.313255 0.111696 0.112038 0.00108647
0 0.0663355 0.934164 0.112757 0.113118 0.00108101
13 0.811777 0.68547 0.11144 0.113695 0.0010769
4 0.687936 0.933657 0.111709 0.113344 0.0010761
5 0.43941 0.685725 0.113726 0.11237 0.0010755
0 0.813141 0.809964 0.110104 0.111662 0.00107168
8 0.93597 0.809429 0.111719 0.111462 0.0010676
12 0.440363 0.561278 0.110901 0.112936 0.0010526
3 0.439906 0.313092 0.112209 0.11217 0.00104781
7 0.439895 0.189503 0.112219 0.111972 0.00104201
0 0.191122 0.685385 0.110662 0.111552 0.00104074
3 0.811568 0.810379 0.111924 0.113049 0.00104029
13 0.563711 0.43664 0.111101 0.112522 0.00103233
11 0.811575 0.0642355 0.110615 0.111725 0.0010165
10 0.191025 0.437718 0.111834 0.112006 0.00100668
