7 0.315454 0.933801 0.112339 0.112458 0.987568
2 0.439037 0.934272 0.113194 0.113458 0.98583
8 0.563547 0.934154 0.111845 0.112477 0.985775
9 0.439331 0.809638 0.111254 0.113062 0.985744
13 0.687887 0.933788 0.112278 0.114025 0.985505
10 0.315396 0.0648713 0.11116 0.112591 0.985216
5 0.0673947 0.809435 0.111923 0.112639 0.985171
12 0.936349 0.809362 0.112274 0.113066 0.984907
5 0.192095 0.68548 0.111087 0.112601 0.984891
6 0.191585 0.933734 0.111618 0.113102 0.984776
13 0.439313 0.685144 0.112182 0.112912 0.984578
2 0.563227 0.0652614 0.111984 0.113376 0.984273
9 0.811367 0.93385 0.11167 0.113054 0.98402
3 0.439328 0.189396 0.112289 0.113171 0.983984
13 0.935695 0.065489 0.113926 0.114308 0.983943
12 0.0671754 0.933773 0.11254 0.113643 0.983729
8 0.439176 0.0654126 0.112635 0.112625 0.983626
10 0.315418 0.189383 0.110884 0.111918 0.983515
7 0.191714 0.561762 0.111573 0.112073 0.983494
3 0.563868 0.68549 0.112626 0.113761 0.983264
6 0.315703 0.561561 0.111492 0.112634 0.983143
1 0.191424 0.80955 0.111766 0.112269 0.983053
5 0.315599 0.437619 0.111855 0.112885 0.982991
5 0.0669396 0.0654438 0.113391 0.113299 0.982969
2 0.811917 0.809656 0.113074 0.113658 0.982953
13 0.0671587 0.437847 0.11294 0.112858 0.982934
11 0.315402 0.809854 0.111792 0.112428 0.982455
6 0.191865 0.18864 0.111957 0.113058 0.982403
2 0.19137 0.065125 0.111894 0.113143 0.982324
6 0.0669537 0.313477 0.112583 0.112968 0.982133
1 0.0673211 0.685552 0.112253 0.111964 0.981904
11 0.315267 0.68577 0.110879 0.112153 0.981741
11 0.315294 0.312987 0.111744 0.112409 0.981522
1 0.191362 0.313238 0.112063 0.111693 0.981149
2 0.191135 0.437129 0.112097 0.113098 0.981067
0 0.564022 0.809383 0.111865 0.11318 0.98101
13 0.687121 0.0647261 0.112085 0.11284 0.980584
10 0.0673449 0.189244 0.112439 0.114003 0.980384
4 0.936461 0.933723 0.111986 0.111852 0.980211
5 0.936435 0.685815 0.112034 0.111962 0.980198
10 0.56356 0.313121 0.111836 0.113412 0.980181
13 0.43913 0.561432 0.112545 0.1135 0.980117
6 0.439773 0.437354 0.112769 0.11367 0.980101
9 0.563291 0.18921 0.111134 0.113883 0.980038
13 0.563478 0.437452 0.112593 0.113797 0.979994
11 0.687675 0.809947 0.111401 0.112843 0.979745
10 0.812153 0.188966 0.112066 0.113212 0.979397
6 0.688279 0.685468 0.112774 0.113007 0.979396
13 0.687499 0.313208 0.112462 0.113613 0.979359
8 0.439149 0.31313 0.112734 0.113218 0.979326
5 0.563326 0.561352 0.112165 0.113228 0.979281
13 0.812055 0.437358 0.113147 0.113478 0.979266
10 0.812239 0.312924 0.112263 0.113065 0.979175
1 0.812264 0.68507 0.113342 0.112857 0.978958
9 0.936042 0.188881 0.112769 0.113225 0.978909
5 0.687669 0.188727 0.112252 0.113516 0.978894
9 0.812132 0.561607 0.112268 0.113631 0.978889
13 0.936032 0.31326 0.113778 0.113575 0.978685
0 0.0674763 0.561548 0.112166 0.112591 0.978583
4 0.812211 0.0645146 0.11283 0.113877 0.978553
0 0.687661 0.437098 0.111883 0.11287 0.978285
2 0.688093 0.561042 0.112842 0.113586 0.978146
0 0.936052 0.436896 0.113199 0.112146 0.978027
2 0.936525 0.561447 0.112585 0.113907 0.977661
3 0.688136 0.561263 0.112624 0.113471 0.0227482
1 0.0666827 0.560979 0.114326 0.112327 0.0114792
10 0.935942 0.685025 0.111376 0.11208 0.00817458
3 0.812276 0.809976 0.112533 0.112917 0.00676985
3 0.563983 0.0654057 0.112825 0.113553 0.00666905
3 0.439455 0.933925 0.112533 0.113262 0.00635032
9 0.563326 0.933571 0.111451 0.112855 0.00554134
5 0.811735 0.313922 0.112256 0.112026 0.0053611
12 0.686703 0.313119 0.109282 0.112036 0.00490243
1 0.812155 0.0648624 0.112715 0.114132 0.00468338
8 0.81157 0.933278 0.111991 0.112684 0.00433142
5 0.811934 0.190017 0.112472 0.112603 0.00407586
6 0.81174 0.0655235 0.112362 0.113405 0.00406553
0 0.81326 0.933226 0.111988 0.111675 0.00365333
12 0.439392 0.685235 0.111939 0.112329 0.00355832
8 0.688179 0.809404 0.112551 0.11349 0.00355779
0 0.813157 0.561941 0.110148 0.111821 0.00303514
2 0.439593 0.0651437 0.112326 0.113991 0.00298065
12 0.686638 0.0647873 0.109611 0.111597 0.00293683
10 0.68716 0.188704 0.111599 0.112423 0.00291573
4 0.811735 0.313922 0.112256 0.112026 0.00285133
1 0.687826 0.436553 0.112289 0.112615 0.00282757
10 0.190906 0.685165 0.111489 0.111974 0.00270307
5 0.811569 0.809861 0.114256 0.113258 0.00270013
8 0.688192 0.561437 0.111508 0.113534 0.00266723
3 0.936392 0.561246 0.1128 0.112636 0.00256741
7 0.936562 0.933966 0.111249 0.112953 0.0024818
12 0.439251 0.561046 0.111497 0.112022 0.00247661
12 0.563638 0.437002 0.111489 0.112487 0.00241538
11 0.935933 0.685045 0.111644 0.111734 0.00240095
11 0.564388 0.933962 0.112101 0.112803 0.00238659
3 0.688016 0.188978 0.114046 0.113266 0.00237788
4 0.563654 0.314015 0.110527 0.112876 0.0023713
4 0.0673449 0.189244 0.112439 0.114003 0.00236441
8 0.563536 0.064821 0.111424 0.113183 0.00234424
3 0.190727 0.0652576 0.112548 0.112638 0.00233846
12 0.811326 0.437185 0.111674 0.113003 0.00230608
9 0.439514 0.313705 0.112912 0.11347 0.00219839
7 0.0670632 0.436584 0.112351 0.113896 0.00217272
0 0.812744 0.68491 0.111902 0.112472 0.00215994
4 0.688016 0.188978 0.114046 0.113266 0.0021598
5 0.936145 0.561475 0.112842 0.11432 0.00214295
3 0.688337 0.685473 0.112531 0.112933 0.00212461
7 0.687497 0.0653095 0.111625 0.114005 0.00210969
8 0.439435 0.93391 0.113327 0.113873 0.00209008
2 0.688016 0.188978 0.114046 0.113266 0.00208262
12 0.439678 0.189138 0.11171 0.11244 0.00199607
7 0.563557 0.31355 0.111338 0.112512 0.00199198
0 0.563419 0.189238 0.111269 0.112622 0.00198054
10 0.439345 0.809307 0.111753 0.113497 0.00191985
7 0.68738 0.314113 0.111687 0.11365 0.0018703
10 0.315421 0.685351 0.11233 0.11359 0.00186586
1 0.936585 0.934134 0.112857 0.11394 0.00186366
4 0.812154 0.189612 0.111782 0.1128 0.00185028
10 0.6868 0.809152 0.11189 0.114036 0.00179641
12 0.935982 0.189161 0.111588 0.113551 0.00176873
8 0.813053 0.809792 0.109997 0.113544 0.00175395
2 0.812155 0.0648624 0.112715 0.114132 0.00173071
6 0.936024 0.809409 0.112778 0.11518 0.00171698
1 0.688176 0.561333 0.113168 0.114599 0.00170502
8 0.811531 0.561733 0.111252 0.112685 0.00169863
10 0.0663749 0.437623 0.114335 0.112245 0.00168212
7 0.0673449 0.189244 0.112439 0.114003 0.00167701
3 0.191416 0.437862 0.112284 0.113293 0.00167436
7 0.315322 0.065063 0.111642 0.113262 0.0016647
10 0.314986 0.437267 0.112704 0.111881 0.00164971
1 0.68831 0.685219 0.111941 0.113662 0.00162393
5 0.688138 0.809148 0.110778 0.112292 0.00161162
2 0.43933 0.313761 0.112374 0.113472 0.00161125
12 0.687439 0.933888 0.111075 0.111902 0.00159926
10 0.687615 0.933698 0.11268 0.113963 0.00159189
11 0.439548 0.0643132 0.111452 0.111748 0.00155086
1 0.191208 0.437919 0.110699 0.110429 0.00154242
10 0.56364 0.561251 0.111697 0.112954 0.00151853
7 0.439313 0.685144 0.112182 0.112912 0.00151047
4 0.315553 0.933847 0.111743 0.112583 0.00149592
1 0.936707 0.561305 0.113084 0.113441 0.00149548
5 0.688176 0.561333 0.113168 0.114599 0.00149009
7 0.439188 0.560915 0.111804 0.112723 0.00147939
11 0.811515 0.933095 0.112056 0.11175 0.00147591
5 0.19191 0.0645999 0.111202 0.111523 0.00147119
11 0.439369 0.809612 0.11181 0.111747 0.00144985
9 0.688233 0.932904 0.113295 0.113474 0.00144562
10 0.0674139 0.0652125 0.112284 0.112816 0.00144181
0 0.0671011 0.685244 0.112607 0.112608 0.0014402
3 0.81174 0.0655235 0.112362 0.113405 0.00142673
0 0.935352 0.189011 0.113244 0.113624 0.00142066
0 0.191281 0.313304 0.111129 0.112571 0.0014194
6 0.0671754 0.933773 0.11254 0.113643 0.00141734
4 0.812175 0.684965 0.112742 0.112617 0.00141169
7 0.315259 0.189416 0.111834 0.113027 0.00141145
9 0.936053 0.437161 0.112399 0.112415 0.00141004
10 0.811838 0.933549 0.112787 0.113938 0.00138424
7 0.811734 0.436993 0.112876 0.113669 0.00138161
4 0.315322 0.065063 0.111642 0.113262 0.00138063
8 0.563419 0.189238 0.111269 0.112622 0.00136905
3 0.315621 0.561201 0.112416 0.112954 0.001365
13 0.562879 0.312966 0.11148 0.111955 0.00135581
7 0.811561 0.312863 0.111994 0.113057 0.0013149
7 0.81174 0.0655235 0.112362 0.113405 0.00129503
9 0.6868 0.809152 0.11189 0.114036 0.00129037
7 0.563622 0.436629 0.111187 0.112962 0.00128943
3 0.191865 0.18864 0.111957 0.113058 0.00128076
11 0.811481 0.561862 0.11279 0.113024 0.00127832
4 0.315352 0.437845 0.111968 0.109925 0.00127779
1 0.81232 0.809349 0.113403 0.113875 0.00127689
2 0.812997 0.684838 0.112587 0.112738 0.00127404
13 0.811525 0.189129 0.112172 0.112389 0.00126831
11 0.439218 0.312994 0.111412 0.111121 0.00126719
6 0.936243 0.934409 0.112811 0.113088 0.00124004
11 0.686837 0.189254 0.112132 0.112193 0.00123675
4 0.191424 0.80955 0.111766 0.112269 0.00123436
7 0.688273 0.68511 0.113112 0.112727 0.00122688
5 0.315685 0.809423 0.111378 0.112097 0.0012127
11 0.314696 0.43661 0.110559 0.110416 0.00118739
12 0.812553 0.561261 0.11098 0.114183 0.00118518
4 0.191378 0.313612 0.112081 0.113166 0.0011765
1 0.563466 0.0644084 0.111554 0.113997 0.00117522
12 0.0670891 0.436612 0.111922 0.114355 0.00117226
3 0.935982 0.189161 0.111588 0.113551 0.00116571
7 0.0676181 0.313777 0.113218 0.11338 0.00115065
0 0.191332 0.809585 0.112254 0.113045 0.00114406
4 0.563433 0.561494 0.112629 0.112369 0.00114305
5 0.936244 0.93375 0.112681 0.112582 0.00114169
3 0.0665353 0.313163 0.111838 0.112481 0.00114129
7 0.936388 0.0650952 0.113407 0.114722 0.00114043
10 0.315242 0.313351 0.112029 0.112875 0.00113691
3 0.439401 0.437351 0.112574 0.112903 0.00113581
1 0.564195 0.809327 0.111844 0.113114 0.00113289
2 0.563979 0.934257 0.112176 0.112337 0.00112246
4 0.564108 0.685642 0.109945 0.112763 0.00111544
12 0.563419 0.189238 0.111269 0.112622 0.00111097
8 0.93602 0.561747 0.112584 0.114391 0.00110652
5 0.315417 0.685653 0.111269 0.111949 0.00109014
8 0.31511 0.313457 0.112046 0.113562 0.00107165
10 0.0667649 0.809206 0.112104 0.112383 0.00106714
0 0.564046 0.933609 0.113507 0.11314 0.00104529
4 0.315259 0.189416 0.111834 0.113027 0.00104186
11 0.688261 0.932907 0.114567 0.113664 0.00104148
1 0.439644 0.933764 0.113599 0.113604 0.00103777
13 0.314693 0.0645794 0.111842 0.112429 0.00103512
4 0.439678 0.189138 0.11171 0.11244 0.00102674
0 0.439518 0.313703 0.111323 0.112917 0.00102432
12 0.315736 0.0648624 0.111772 0.112568 0.00102303
11 0.811574 0.18902 0.112248 0.113176 0.0010165
7 0.936035 0.80927 0.11159 0.114806 0.0010147
5 0.190903 0.436801 0.111338 0.113669 0.00101325
6 0.439678 0.189138 0.11171 0.11244 0.00100302
12 0.935914 0.313124 0.113021 0.114231 0.00100239
