4 0.439516 0.93402 0.1129 0.11389 0.985901
3 0.935627 0.934056 0.113807 0.113532 0.984936
6 0.191776 0.933555 0.112056 0.113741 0.984762
7 0.0666735 0.313793 0.113186 0.112918 0.984673
2 0.563325 0.934003 0.112772 0.113582 0.984516
5 0.811684 0.934259 0.112414 0.112634 0.984426
7 0.191073 0.685219 0.111553 0.111832 0.98428
5 0.439625 0.809834 0.110939 0.111283 0.984187
11 0.315783 0.81004 0.110853 0.111474 0.983933
10 0.315688 0.933539 0.111996 0.113523 0.983777
9 0.191512 0.065118 0.111268 0.112529 0.983708
13 0.0668724 0.189364 0.113328 0.112421 0.983476
1 0.315576 0.685367 0.111941 0.112522 0.983427
3 0.191101 0.313109 0.111272 0.113424 0.983376
0 0.687316 0.933368 0.111868 0.112522 0.983162
13 0.315345 0.313352 0.112673 0.111825 0.983072
11 0.563755 0.809927 0.111057 0.111735 0.983024
7 0.315056 0.189316 0.111559 0.111967 0.982914
1 0.0670825 0.685724 0.112349 0.111864 0.982891
6 0.0673698 0.561672 0.113192 0.112798 0.982621
11 0.315309 0.436861 0.112563 0.111846 0.982506
7 0.6878 0.065215 0.111847 0.112844 0.982309
7 0.811966 0.809872 0.112745 0.112511 0.982301
12 0.439635 0.0647133 0.111205 0.112666 0.982104
13 0.687542 0.80979 0.112644 0.112393 0.981692
11 0.190773 0.189436 0.11213 0.111768 0.981551
13 0.439381 0.561872 0.113126 0.111705 0.981132
12 0.19118 0.809641 0.112396 0.111214 0.980733
5 0.440001 0.68592 0.110529 0.111537 0.980547
0 0.190909 0.437119 0.112034 0.111704 0.980415
10 0.0673512 0.934192 0.113207 0.113702 0.980389
0 0.315006 0.0640843 0.111713 0.113213 0.98015
0 0.315015 0.56122 0.112762 0.11149 0.98003
13 0.563221 0.189162 0.112185 0.112912 0.979851
1 0.687619 0.561328 0.113305 0.113812 0.979683
9 0.563639 0.561653 0.112536 0.112434 0.979592
1 0.563351 0.437154 0.112589 0.113548 0.979508
9 0.687266 0.685627 0.111723 0.111836 0.97948
13 0.687492 0.313143 0.11267 0.112689 0.979417
5 0.563494 0.685826 0.111757 0.112224 0.979405
8 0.0670686 0.0649486 0.111951 0.113199 0.979311
8 0.067053 0.436842 0.111481 0.112028 0.979259
11 0.687747 0.437028 0.11231 0.113117 0.979164
3 0.439274 0.189013 0.111913 0.112328 0.978991
0 0.439069 0.437082 0.111628 0.113662 0.978688
1 0.93623 0.0643841 0.114447 0.113939 0.978649
12 0.563243 0.0656221 0.111514 0.110962 0.978586
12 0.936336 0.809979 0.112159 0.112156 0.978512
12 0.936342 0.56152 0.112869 0.113717 0.978477
6 0.812215 0.0646932 0.112614 0.113127 0.978397
0 0.563177 0.313785 0.111546 0.112005 0.978329
0 0.687648 0.188918 0.112033 0.113006 0.978312
1 0.936318 0.312895 0.113725 0.112768 0.978286
3 0.811867 0.561575 0.112735 0.114241 0.978269
6 0.936164 0.685435 0.112998 0.111996 0.978238
3 0.811407 0.312756 0.111455 0.112087 0.978215
12 0.936264 0.188745 0.112667 0.112235 0.978134
8 0.190951 0.560703 0.111588 0.111163 0.978064
7 0.811337 0.686021 0.112446 0.111709 0.977743
7 0.812163 0.43714 0.112795 0.113176 0.977532
10 0.936746 0.436762 0.113051 0.113368 0.97736
8 0.0673711 0.809341 0.111618 0.112619 0.977196
7 0.812183 0.188928 0.112599 0.112866 0.977091
8 0.439732 0.313059 0.111354 0.111521 0.97706
2 0.439554 0.313085 0.111318 0.111867 0.0342085
2 0.190899 0.56102 0.111084 0.112257 0.0193465
4 0.0668953 0.933469 0.113146 0.113517 0.0168081
2 0.0664974 0.0645264 0.114185 0.11356 0.0137963
2 0.0668156 0.809049 0.114078 0.113503 0.0132166
4 0.316336 0.933804 0.111957 0.113343 0.0130678
5 0.688317 0.437518 0.111956 0.11216 0.0119884
12 0.686673 0.810255 0.110963 0.111069 0.00910185
12 0.811518 0.189183 0.111691 0.112918 0.00897991
4 0.936046 0.436978 0.114108 0.112941 0.00888981
12 0.811479 0.685923 0.112637 0.112931 0.00850089
12 0.811493 0.810094 0.11262 0.112774 0.00773741
6 0.93584 0.561225 0.11282 0.112673 0.00717947
1 0.563613 0.312644 0.111722 0.11315 0.00701201
12 0.811479 0.437184 0.112164 0.113284 0.00662317
5 0.564231 0.809983 0.111707 0.11173 0.00589138
2 0.0666304 0.436592 0.115724 0.11315 0.00581464
0 0.936075 0.0644926 0.112765 0.113792 0.0056646
13 0.936164 0.437054 0.111744 0.111277 0.0048288
12 0.686744 0.685708 0.11005 0.112465 0.0045918
1 0.190732 0.436683 0.11113 0.112353 0.00437442
1 0.687923 0.188301 0.111683 0.112637 0.00426714
7 0.439428 0.933602 0.111731 0.112146 0.00414202
5 0.936046 0.436978 0.114108 0.112941 0.0041044
1 0.315255 0.561213 0.11203 0.112891 0.00393312
3 0.936452 0.685411 0.112044 0.113153 0.00392954
3 0.686744 0.685708 0.11005 0.112465 0.00391825
0 0.936163 0.313093 0.112819 0.111543 0.0038465
0 0.688047 0.685283 0.110784 0.111662 0.00370391
11 0.811451 0.933905 0.113625 0.110723 0.00366555
1 0.439147 0.436686 0.111971 0.112958 0.00301314
0 0.563581 0.437443 0.11152 0.113499 0.00283015
3 0.191776 0.933555 0.112056 0.113741 0.00281374
6 0.191345 0.809551 0.111802 0.11265 0.00275689
0 0.687709 0.560723 0.113184 0.113611 0.00275166
12 0.439369 0.188543 0.1118 0.112452 0.00267203
3 0.0667336 0.561123 0.114259 0.113017 0.00266554
6 0.563633 0.0648067 0.110629 0.112831 0.00262898
6 0.811418 0.685515 0.112866 0.11259 0.00262862
12 0.563441 0.188703 0.11168 0.11236 0.00262513
7 0.937162 0.436366 0.111865 0.112906 0.00259076
1 0.315006 0.0640843 0.111713 0.113213 0.00257139
1 0.439813 0.933879 0.113228 0.113673 0.00239508
7 0.439756 0.561548 0.111652 0.113292 0.00236085
4 0.688329 0.0647231 0.112026 0.113309 0.00235041
12 0.191789 0.312703 0.112006 0.112183 0.00232427
3 0.811926 0.0644303 0.111415 0.11338 0.00225273
6 0.191789 0.312703 0.112006 0.112183 0.00225098
6 0.811439 0.809658 0.112608 0.112627 0.00223128
12 0.191347 0.0648388 0.112524 0.112762 0.00218228
6 0.811415 0.561874 0.1115 0.112349 0.0021639
6 0.936216 0.809644 0.111735 0.11129 0.00209817
7 0.315917 0.933259 0.113833 0.114 0.00205698
12 0.686782 0.0652778 0.109355 0.111269 0.00197145
3 0.190959 0.0647896 0.112361 0.112763 0.00196836
6 0.935931 0.934213 0.111508 0.113507 0.00196426
6 0.81142 0.436822 0.112858 0.112873 0.00194613
13 0.31558 0.933557 0.112154 0.111752 0.00192658
5 0.190797 0.188719 0.111546 0.111374 0.00191546
6 0.439274 0.189013 0.111913 0.112328 0.00191263
10 0.686847 0.436882 0.110731 0.111262 0.00188656
3 0.56342 0.933741 0.11183 0.112898 0.00184902
6 0.811543 0.31297 0.110949 0.112483 0.00182528
9 0.687613 0.437555 0.111274 0.111678 0.00182226
10 0.439506 0.561147 0.112626 0.11381 0.00181216
3 0.564106 0.561146 0.111747 0.113579 0.00179165
12 0.315168 0.189156 0.112188 0.111734 0.00177261
12 0.316268 0.933643 0.112952 0.114409 0.00176079
11 0.0664084 0.189149 0.113538 0.112019 0.00173861
2 0.688137 0.437056 0.112676 0.112601 0.00171975
5 0.315452 0.809649 0.112442 0.112334 0.00171757
12 0.936046 0.436978 0.114108 0.112941 0.0017053
7 0.936216 0.809644 0.111735 0.11129 0.00168478
0 0.0668208 0.685616 0.112697 0.112599 0.00166782
2 0.688041 0.56124 0.112509 0.113562 0.0016465
6 0.81147 0.189004 0.112926 0.112421 0.0016349
13 0.0668729 0.933552 0.112327 0.111562 0.00162517
1 0.563658 0.933695 0.113384 0.113926 0.00159728
13 0.813007 0.436536 0.111445 0.113009 0.00158081
12 0.811837 0.313143 0.111229 0.112201 0.00156034
11 0.43921 0.313155 0.112562 0.111828 0.00154412
8 0.688047 0.685283 0.110784 0.111662 0.00154356
7 0.686814 0.809641 0.112026 0.112356 0.00154127
12 0.564106 0.561146 0.111747 0.113579 0.0015388
4 0.0665178 0.313667 0.113175 0.112527 0.00153737
10 0.687573 0.80929 0.111129 0.111904 0.0015337
7 0.0675674 0.933217 0.112946 0.113357 0.00152193
10 0.811502 0.933653 0.11311 0.111286 0.00148861
9 0.812041 0.311662 0.110913 0.112987 0.00140734
8 0.56373 0.933775 0.112785 0.113014 0.00139384
4 0.812279 0.685442 0.112572 0.112752 0.00136315
0 0.315464 0.685342 0.112107 0.113145 0.00135294
7 0.93584 0.561225 0.11282 0.112673 0.00132478
1 0.811204 0.561657 0.112173 0.112615 0.00131826
4 0.811974 0.436591 0.11297 0.112713 0.0012838
12 0.686646 0.313265 0.110684 0.111502 0.00128252
13 0.688201 0.0650684 0.111583 0.112699 0.00128083
13 0.811575 0.188863 0.111693 0.112972 0.00128079
13 0.811546 0.809783 0.112052 0.112838 0.00126449
10 0.315388 0.43669 0.111181 0.111223 0.00126315
11 0.0666304 0.436592 0.115724 0.11315 0.00125625
12 0.0668528 0.188561 0.111782 0.112262 0.00124624
9 0.0667576 0.189188 0.112759 0.111758 0.00124343
4 0.812406 0.809192 0.113036 0.113281 0.00123973
10 0.0670992 0.313684 0.113187 0.113231 0.00123351
8 0.688141 0.93301 0.112722 0.112112 0.00123128
12 0.439416 0.561534 0.111927 0.112138 0.00123023
0 0.56352 0.561263 0.111844 0.112358 0.00120948
4 0.56342 0.933741 0.11183 0.112898 0.00119606
1 0.811856 0.31273 0.112275 0.112868 0.00117924
12 0.935461 0.934022 0.1116 0.112294 0.00116126
8 0.563582 0.561428 0.112544 0.112542 0.00115055
10 0.688201 0.0650684 0.111583 0.112699 0.00114971
2 0.563615 0.685748 0.111915 0.112512 0.00114896
7 0.315453 0.313522 0.112155 0.113252 0.00114116
3 0.936363 0.561237 0.110613 0.113685 0.0011337
4 0.563666 0.437248 0.11235 0.112418 0.00113026
5 0.314991 0.436675 0.11199 0.112237 0.00112209
11 0.190951 0.560703 0.111588 0.111163 0.00112035
2 0.191634 0.31319 0.112508 0.113333 0.00111479
7 0.563717 0.18915 0.112288 0.113408 0.0011027
10 0.439527 0.685887 0.111455 0.11194 0.00109852
4 0.93584 0.561225 0.11282 0.112673 0.0010918
4 0.315515 0.188816 0.11223 0.112912 0.00108289
2 0.812317 0.313222 0.111302 0.112346 0.00107239
4 0.687709 0.560723 0.113184 0.113611 0.00107137
7 0.936148 0.188732 0.111202 0.11337 0.00106139
10 0.0670936 0.18931 0.112482 0.112798 0.00106017
4 0.315576 0.685367 0.111941 0.112522 0.00105893
1 0.936101 0.934091 0.112187 0.112831 0.00104307
9 0.191246 0.189087 0.111689 0.111478 0.00104132
3 0.439497 0.685617 0.110993 0.111761 0.00103205
7 0.687756 0.313361 0.11253 0.11308 0.00101635
