6 0.315839 0.933667 0.1122 0.113689 0.985762
0 0.935882 0.933365 0.112782 0.111495 0.985468
4 0.0670304 0.809095 0.112531 0.11291 0.984697
6 0.56359 0.93371 0.111475 0.113513 0.984675
5 0.0668235 0.934703 0.113574 0.115347 0.984362
7 0.0671013 0.56163 0.112792 0.112461 0.984265
6 0.439519 0.809708 0.111776 0.112871 0.983997
0 0.439339 0.933841 0.111754 0.112842 0.983619
7 0.191302 0.68549 0.111271 0.111479 0.983597
11 0.315006 0.809775 0.11155 0.111882 0.983525
4 0.0664315 0.189246 0.112399 0.112149 0.983405
10 0.314773 0.0650725 0.112541 0.112327 0.983079
7 0.936671 0.809541 0.11187 0.111532 0.982613
7 0.315063 0.189302 0.113497 0.112723 0.98256
6 0.191272 0.313237 0.111862 0.112648 0.982523
11 0.0668968 0.685762 0.113255 0.112778 0.982479
1 0.31544 0.685678 0.112136 0.112363 0.982467
5 0.811878 0.934357 0.112674 0.113465 0.982389
9 0.190923 0.437365 0.11191 0.112244 0.982383
0 0.687618 0.933439 0.111735 0.112298 0.982349
12 0.191656 0.808956 0.110663 0.11222 0.982275
7 0.936266 0.685348 0.112257 0.111771 0.982155
2 0.191468 0.933697 0.112926 0.113348 0.982085
8 0.0666381 0.313633 0.112125 0.113519 0.981988
1 0.0667876 0.437465 0.112662 0.112967 0.981959
8 0.191211 0.0646669 0.110935 0.113591 0.981817
8 0.439509 0.685465 0.111396 0.112497 0.981758
2 0.31519 0.561449 0.112037 0.112458 0.981547
1 0.315008 0.437311 0.112421 0.111911 0.981153
2 0.191167 0.561306 0.111615 0.112022 0.980977
12 0.812302 0.809642 0.111387 0.113048 0.980877
12 0.314868 0.313358 0.11224 0.111693 0.980502
4 0.936066 0.0649602 0.1121 0.112999 0.980449
1 0.439344 0.0650836 0.112057 0.113385 0.980321
2 0.0672699 0.0648603 0.111353 0.113152 0.980078
0 0.191158 0.189117 0.112781 0.11236 0.979862
2 0.439025 0.437749 0.111547 0.111881 0.979809
13 0.439366 0.561895 0.112753 0.113251 0.979637
0 0.563547 0.80945 0.111258 0.112765 0.979567
11 0.563374 0.437202 0.111767 0.113387 0.979564
9 0.687658 0.313395 0.111527 0.111392 0.979402
1 0.6878 0.809755 0.112954 0.113182 0.97933
10 0.56373 0.685411 0.112509 0.112517 0.979207
3 0.563108 0.0649386 0.111405 0.112665 0.979189
2 0.439293 0.313204 0.111653 0.111163 0.979176
4 0.688038 0.561245 0.112662 0.112925 0.979145
6 0.56411 0.189072 0.11262 0.113053 0.979032
10 0.563978 0.561419 0.112714 0.113652 0.97897
1 0.687614 0.0649089 0.112124 0.113248 0.978942
6 0.688078 0.437288 0.112889 0.112681 0.97885
11 0.687696 0.188789 0.11206 0.113178 0.978843
9 0.811999 0.437011 0.11189 0.11257 0.978743
1 0.93613 0.561539 0.114687 0.113752 0.978735
0 0.439182 0.188922 0.112071 0.112843 0.978418
0 0.811834 0.313081 0.111943 0.112841 0.978353
2 0.563585 0.313165 0.111829 0.113875 0.978348
8 0.81201 0.189608 0.112046 0.113809 0.978184
13 0.936041 0.313194 0.113459 0.111965 0.978171
2 0.687646 0.685798 0.111124 0.11198 0.978157
3 0.811879 0.0645555 0.112125 0.112999 0.978128
2 0.812025 0.561783 0.112652 0.114012 0.978043
10 0.936827 0.436802 0.113243 0.113368 0.977992
6 0.812564 0.685667 0.113297 0.112066 0.97776
2 0.935986 0.188997 0.112983 0.11382 0.977678
2 0.190844 0.0648637 0.112603 0.112945 0.0518241
2 0.0663936 0.313617 0.112871 0.112569 0.0288605
2 0.439729 0.685487 0.11202 0.112652 0.0160256
2 0.811765 0.189698 0.112216 0.112909 0.0119181
4 0.936193 0.436631 0.11363 0.113994 0.00914619
3 0.563965 0.188945 0.112097 0.112642 0.00663179
5 0.688036 0.188545 0.11162 0.112762 0.00619597
0 0.688028 0.0640165 0.11199 0.113353 0.00593317
0 0.688117 0.313396 0.111111 0.111908 0.00531428
9 0.811324 0.0647889 0.112198 0.112361 0.00491009
3 0.812428 0.68535 0.111776 0.112421 0.00489483
11 0.811437 0.933869 0.113339 0.110947 0.00475942
3 0.439768 0.809396 0.112048 0.11266 0.00468959
1 0.438951 0.437966 0.110957 0.112177 0.00464306
3 0.315839 0.933667 0.1122 0.113689 0.00371223
3 0.563715 0.933511 0.111925 0.113154 0.00366824
1 0.6881 0.5614 0.11226 0.112638 0.00366165
7 0.0666744 0.809066 0.11346 0.112474 0.00364969
0 0.936288 0.561007 0.114345 0.112616 0.0035842
4 0.563807 0.561767 0.112206 0.112724 0.00356613
11 0.0668235 0.934703 0.113574 0.115347 0.00337788
12 0.936076 0.809762 0.112464 0.113457 0.00333216
3 0.68848 0.685436 0.111305 0.11258 0.00321902
12 0.439387 0.561697 0.11157 0.112002 0.00321127
1 0.8119 0.312648 0.111583 0.112946 0.00317803
12 0.687811 0.313397 0.110977 0.111444 0.00316456
7 0.066375 0.189001 0.11181 0.111598 0.00310898
3 0.191244 0.312987 0.110655 0.1124 0.00310628
1 0.936007 0.0652563 0.112514 0.11326 0.00309133
0 0.688248 0.809489 0.111665 0.111548 0.00309028
5 0.315393 0.809748 0.113169 0.112992 0.00308864
5 0.563581 0.437157 0.11171 0.112765 0.0030829
0 0.813102 0.437341 0.110473 0.111367 0.00293786
3 0.812802 0.43652 0.11109 0.111269 0.00291665
3 0.688159 0.31342 0.111969 0.11241 0.00289461
7 0.439627 0.56139 0.111591 0.11277 0.00286938
1 0.439065 0.313404 0.111714 0.112035 0.00284483
1 0.0668335 0.188926 0.11288 0.112052 0.0027614
13 0.936183 0.437327 0.111783 0.112166 0.00270561
12 0.935869 0.685639 0.112465 0.113006 0.00266165
4 0.564119 0.685446 0.111643 0.111248 0.00256799
12 0.315206 0.189195 0.112504 0.112081 0.00256167
0 0.43925 0.0645097 0.111755 0.113945 0.00255894
1 0.563478 0.313526 0.111323 0.111504 0.00252304
1 0.191261 0.188539 0.111938 0.112088 0.00240042
7 0.935616 0.0653449 0.11251 0.112117 0.00239136
7 0.936193 0.436631 0.11363 0.113994 0.00231207
12 0.811367 0.0648208 0.111947 0.112625 0.00226788
2 0.688066 0.0650486 0.1118 0.112267 0.00226395
1 0.688003 0.685717 0.112285 0.112465 0.00225773
12 0.812802 0.43652 0.11109 0.111269 0.00222143
4 0.68848 0.685436 0.111305 0.11258 0.00215532
5 0.811355 0.561754 0.112788 0.112333 0.00214658
6 0.191656 0.808956 0.110663 0.11222 0.00207717
1 0.811963 0.561698 0.112492 0.113375 0.00207171
8 0.688302 0.685623 0.111634 0.112292 0.00204518
1 0.315465 0.561331 0.112454 0.11314 0.00204354
1 0.439204 0.188527 0.111669 0.112458 0.00203442
6 0.936077 0.809537 0.111545 0.113069 0.00203139
0 0.0663721 0.436524 0.114082 0.112379 0.00192523
5 0.0666328 0.685509 0.114317 0.113543 0.00192302
2 0.688152 0.809715 0.112887 0.112584 0.00192012
3 0.191392 0.561512 0.112935 0.112051 0.0019152
0 0.191207 0.437929 0.110796 0.111184 0.00190921
2 0.813157 0.93306 0.113628 0.114629 0.0018562
3 0.688222 0.437502 0.111803 0.111899 0.00185414
13 0.563361 0.561548 0.111844 0.112505 0.00184295
10 0.688136 0.189012 0.113008 0.113023 0.0018152
1 0.688205 0.437382 0.11166 0.113157 0.0017821
1 0.19127 0.561188 0.112029 0.112804 0.00177617
2 0.066375 0.189001 0.11181 0.111598 0.00177102
12 0.19149 0.436689 0.111057 0.111168 0.00176064
6 0.935863 0.685389 0.111656 0.112876 0.00166124
2 0.6881 0.5614 0.11226 0.112638 0.00162388
5 0.936136 0.437385 0.112552 0.111828 0.00162051
9 0.936027 0.933694 0.111142 0.111624 0.00162042
10 0.563595 0.436809 0.111713 0.112349 0.00161577
7 0.811409 0.810113 0.113009 0.113369 0.00161006
1 0.936134 0.188889 0.112926 0.113021 0.00160467
6 0.812571 0.809336 0.11108 0.112353 0.00160345
0 0.315398 0.436673 0.111602 0.111758 0.00158346
4 0.936773 0.809005 0.112005 0.112179 0.00157327
5 0.0666617 0.809229 0.113044 0.113342 0.00156098
8 0.315489 0.809678 0.111562 0.112135 0.00153138
3 0.315518 0.561587 0.112489 0.11227 0.00152003
6 0.191484 0.685345 0.111791 0.111402 0.00151183
9 0.686722 0.188762 0.111399 0.112981 0.00150185
4 0.066706 0.561412 0.114205 0.111867 0.00149654
1 0.0671687 0.80946 0.113162 0.112565 0.00147017
11 0.937017 0.436351 0.111328 0.112753 0.00146384
8 0.0668837 0.0647847 0.112619 0.113623 0.0014387
5 0.935736 0.188961 0.113662 0.113483 0.00143388
11 0.811329 0.188895 0.111404 0.11294 0.00142573
2 0.0666744 0.809066 0.11346 0.112474 0.00141961
10 0.0664954 0.934411 0.113942 0.113693 0.0014111
7 0.687721 0.561461 0.111673 0.111905 0.00140374
7 0.564003 0.189173 0.112004 0.113101 0.00139448
1 0.0668607 0.0648396 0.112384 0.112119 0.00138431
3 0.935601 0.189509 0.112222 0.113442 0.00137383
3 0.811929 0.561715 0.111642 0.111952 0.00136683
10 0.0669451 0.685034 0.113456 0.113091 0.00136046
2 0.936066 0.0649602 0.1121 0.112999 0.00135986
5 0.563369 0.561693 0.112137 0.112041 0.0013409
0 0.315346 0.685594 0.112236 0.112903 0.00133313
6 0.314951 0.31297 0.111412 0.112275 0.00131533
3 0.564192 0.313653 0.111811 0.113046 0.00131387
8 0.192007 0.933769 0.111395 0.111841 0.00130966
1 0.191484 0.933367 0.112903 0.112909 0.00129513
7 0.688161 0.43725 0.11216 0.112569 0.00128356
4 0.936266 0.685348 0.112257 0.111771 0.00127871
10 0.811421 0.93336 0.115296 0.112083 0.00125652
3 0.191468 0.933697 0.112926 0.113348 0.00125587
11 0.439592 0.685638 0.111474 0.112833 0.00124071
8 0.686722 0.188762 0.111399 0.112981 0.00123293
7 0.191646 0.313417 0.112693 0.113723 0.00121653
1 0.563739 0.809452 0.111481 0.112402 0.00119635
4 0.687899 0.809834 0.11235 0.112806 0.00118176
0 0.0672432 0.313784 0.112131 0.113699 0.00116567
8 0.688262 0.932851 0.112908 0.112134 0.00116459
9 0.563098 0.437719 0.111143 0.111714 0.00114577
8 0.811468 0.561654 0.11152 0.11323 0.00112472
5 0.688281 0.685624 0.112329 0.113194 0.00112277
4 0.31544 0.685678 0.112136 0.112363 0.00112153
4 0.31539 0.437473 0.112518 0.113405 0.00111931
8 0.191139 0.437998 0.112251 0.112609 0.00110781
4 0.315091 0.0650923 0.11252 0.113217 0.00110592
8 0.438951 0.437966 0.110957 0.112177 0.00108774
3 0.191657 0.809351 0.111769 0.110843 0.00108556
11 0.935624 0.3134 0.113108 0.111729 0.00108513
4 0.564192 0.313653 0.111811 0.113046 0.00108376
9 0.563621 0.0648425 0.111071 0.11187 0.00107395
12 0.936323 0.313368 0.111137 0.111203 0.0010727
8 0.688159 0.31342 0.111969 0.11241 0.00106724
5 0.315495 0.561325 0.111639 0.112861 0.00106487
10 0.315489 0.809678 0.111562 0.112135 0.00105998
0 0.811385 0.188887 0.112021 0.112941 0.00105982
5 0.191373 0.561202 0.111337 0.112998 0.00104625
0 0.191464 0.0646481 0.111913 0.112106 0.00102917
10 0.935742 0.313432 0.110428 0.111344 0.00102437
5 0.563436 0.68585 0.111882 0.111976 0.00101749
1 0.811074 0.0651014 0.112094 0.112374 0.00100121
3 0.19149 0.436689 0.111057 0.111168 0.0010008
