9 0.315171 0.93386 0.111808 0.112081 0.987146
3 0.5635 0.809767 0.111843 0.111933 0.986589
9 0.191388 0.809416 0.111498 0.111884 0.986516
4 0.191973 0.685094 0.11187 0.112781 0.986039
5 0.439408 0.934103 0.11153 0.11315 0.985863
0 0.935743 0.933341 0.112846 0.111883 0.985737
5 0.316035 0.685497 0.110578 0.111676 0.985697
3 0.687667 0.934077 0.111946 0.112992 0.985688
4 0.439951 0.809311 0.111837 0.113316 0.985532
5 0.439425 0.0652279 0.110592 0.111593 0.985007
7 0.811964 0.809756 0.113184 0.112035 0.984701
10 0.0675557 0.0649222 0.114531 0.113519 0.98446
4 0.935999 0.0652232 0.112309 0.113577 0.984424
6 0.314935 0.0647863 0.112938 0.112813 0.984124
1 0.936397 0.809613 0.112282 0.111939 0.983473
10 0.191402 0.561497 0.112108 0.11185 0.983444
9 0.687246 0.809718 0.111661 0.112393 0.983361
10 0.191534 0.43709 0.113488 0.112863 0.983358
7 0.191401 0.189263 0.111732 0.111359 0.983312
6 0.812289 0.933595 0.112034 0.113198 0.983247
12 0.067496 0.685861 0.112939 0.112439 0.982728
13 0.563967 0.934188 0.112044 0.11316 0.982621
5 0.0669945 0.189579 0.112058 0.111845 0.982584
5 0.563542 0.0652109 0.110849 0.112086 0.982548
3 0.0674538 0.313404 0.112175 0.111633 0.982314
12 0.190982 0.0650588 0.111586 0.11212 0.982204
12 0.315584 0.18885 0.112937 0.112456 0.981703
6 0.439889 0.437569 0.112269 0.112576 0.98166
1 0.315382 0.437233 0.112339 0.112453 0.981556
1 0.066735 0.934125 0.111985 0.112413 0.981523
13 0.563904 0.685401 0.111919 0.112234 0.981482
2 0.31503 0.561137 0.111412 0.111904 0.981334
3 0.0673171 0.561695 0.112229 0.111771 0.981311
7 0.439364 0.56125 0.113843 0.112617 0.981194
12 0.191475 0.313259 0.111791 0.111549 0.980728
13 0.191376 0.933733 0.111961 0.112314 0.980717
13 0.0674814 0.437215 0.112244 0.111411 0.980633
9 0.563266 0.189296 0.111556 0.112283 0.979968
2 0.439161 0.313054 0.11199 0.11275 0.97974
6 0.812154 0.0647237 0.113068 0.11341 0.979728
4 0.563667 0.313035 0.112561 0.113389 0.979678
10 0.56376 0.437058 0.112319 0.113688 0.9796
1 0.812018 0.436874 0.113056 0.112709 0.979377
10 0.812298 0.312881 0.112911 0.113302 0.979064
6 0.687887 0.188839 0.11261 0.112582 0.979057
13 0.811903 0.18926 0.112486 0.112108 0.979052
10 0.812142 0.561118 0.113126 0.113753 0.979042
5 0.688266 0.685678 0.111381 0.111026 0.97902
8 0.31523 0.809437 0.112123 0.111519 0.978962
12 0.68751 0.56146 0.112338 0.112218 0.978908
12 0.687741 0.312714 0.112305 0.113244 0.978846
1 0.687591 0.0645018 0.111788 0.113398 0.978701
10 0.936488 0.560949 0.113626 0.11391 0.978601
0 0.439404 0.685215 0.112158 0.113221 0.978555
12 0.812022 0.685665 0.113328 0.112825 0.978542
2 0.563641 0.561088 0.11294 0.113374 0.978521
12 0.936343 0.685635 0.11307 0.112818 0.978456
2 0.687369 0.437275 0.111512 0.111782 0.978327
8 0.439187 0.189076 0.112448 0.112476 0.978324
5 0.936553 0.436765 0.112813 0.112582 0.9782
0 0.315082 0.313683 0.111422 0.111683 0.97751
7 0.936645 0.312995 0.112755 0.113089 0.9774
11 0.935918 0.189755 0.111279 0.111615 0.976343
0 0.0672006 0.809711 0.112138 0.112522 0.974594
1 0.0667608 0.809288 0.113815 0.112601 0.0444689
2 0.439255 0.189565 0.111237 0.112249 0.012304
10 0.564269 0.93378 0.109652 0.112547 0.00820005
5 0.935223 0.189595 0.113055 0.112748 0.00754974
2 0.315486 0.809538 0.112366 0.112172 0.00686434
1 0.315515 0.312753 0.112206 0.112677 0.00675098
3 0.688326 0.437276 0.111925 0.112944 0.00616037
12 0.81154 0.809964 0.112953 0.113128 0.00586306
12 0.564273 0.684905 0.110311 0.111303 0.00576634
7 0.0669631 0.436578 0.111881 0.112905 0.00516859
10 0.936017 0.189182 0.111462 0.111193 0.00505395
10 0.936053 0.436897 0.111136 0.111921 0.00501031
10 0.439459 0.93388 0.111231 0.111326 0.00487956
3 0.564155 0.561331 0.111882 0.113143 0.00460129
3 0.315596 0.561233 0.112351 0.112273 0.00429774
0 0.688113 0.0636159 0.111387 0.113023 0.00394449
11 0.439492 0.933731 0.111147 0.111106 0.0038245
4 0.812203 0.313779 0.112098 0.112577 0.00377971
2 0.68838 0.933605 0.113076 0.112447 0.00363215
6 0.68757 0.56121 0.11217 0.11287 0.00360511
2 0.688161 0.685296 0.111553 0.112652 0.00350011
11 0.315622 0.809606 0.112713 0.112858 0.00348846
9 0.0660689 0.313469 0.11323 0.112571 0.00342397
0 0.688117 0.80957 0.111642 0.110839 0.00333878
2 0.0663654 0.561633 0.114589 0.11277 0.0033045
8 0.688119 0.436947 0.11035 0.113126 0.00323896
4 0.563642 0.437334 0.111197 0.112719 0.00317406
7 0.19195 0.933736 0.109905 0.112313 0.0031395
1 0.688105 0.436803 0.112475 0.113675 0.00301204
2 0.688024 0.0646744 0.110764 0.112736 0.00301128
1 0.439217 0.313478 0.11181 0.112527 0.00292005
0 0.81202 0.436232 0.113048 0.112483 0.00290531
12 0.564269 0.93378 0.109652 0.112547 0.00285521
6 0.687828 0.313019 0.111644 0.112508 0.00278763
8 0.688117 0.80957 0.111642 0.110839 0.00274747
4 0.936165 0.313836 0.113645 0.111904 0.00270386
6 0.811485 0.809456 0.112776 0.112489 0.00268398
4 0.68835 0.933472 0.113486 0.113203 0.00251754
1 0.564003 0.312904 0.112741 0.113144 0.00250875
7 0.93531 0.0652293 0.111037 0.111933 0.0024241
12 0.936308 0.313307 0.112885 0.113431 0.00242102
7 0.439335 0.80972 0.112474 0.112905 0.00236628
6 0.0677055 0.561252 0.112501 0.112214 0.00221411
1 0.935999 0.0652232 0.112309 0.113577 0.0021567
11 0.439738 0.189601 0.11194 0.112474 0.00213144
10 0.936391 0.313385 0.112696 0.114308 0.00201441
4 0.812142 0.561131 0.113102 0.112589 0.0020086
1 0.439951 0.809311 0.111837 0.113316 0.00198158
0 0.688038 0.313258 0.111646 0.113887 0.00195444
4 0.191142 0.189195 0.111407 0.110678 0.00194824
4 0.563862 0.809444 0.112142 0.111449 0.0019322
1 0.68811 0.189051 0.112303 0.113011 0.00191334
10 0.19195 0.933736 0.109905 0.112313 0.00189012
10 0.191285 0.189053 0.112931 0.113491 0.00185453
1 0.0667356 0.561498 0.112661 0.111955 0.00184937
6 0.191253 0.0647086 0.112146 0.112998 0.00183643
2 0.439978 0.810009 0.113432 0.113551 0.00182874
5 0.688407 0.933388 0.113047 0.112645 0.00182111
11 0.0661178 0.437888 0.114319 0.111565 0.0018075
7 0.191435 0.685532 0.112247 0.112768 0.00178879
3 0.68814 0.685585 0.111949 0.112489 0.00178549
7 0.439889 0.437569 0.112269 0.112576 0.00177725
4 0.439994 0.561471 0.112665 0.112269 0.00175382
1 0.563641 0.561088 0.11294 0.113374 0.00173294
13 0.191168 0.437166 0.111904 0.111743 0.0017275
10 0.439757 0.0648383 0.111203 0.111839 0.00171263
1 0.439502 0.685253 0.111975 0.112385 0.00164843
11 0.936498 0.436463 0.112618 0.11136 0.00164564
7 0.687987 0.189023 0.112322 0.111824 0.0016272
0 0.936419 0.809347 0.111342 0.112018 0.00160086
10 0.564273 0.684905 0.110311 0.111303 0.00158906
0 0.688047 0.56174 0.111167 0.112856 0.00157708
1 0.191812 0.685501 0.112793 0.113116 0.0015705
4 0.687374 0.561122 0.112749 0.112692 0.00157004
6 0.19125 0.313196 0.112173 0.112239 0.00155948
12 0.688117 0.80957 0.111642 0.110839 0.00155275
1 0.563581 0.80945 0.112305 0.112337 0.00154943
1 0.315424 0.560989 0.112442 0.11329 0.00154527
1 0.811585 0.933435 0.111891 0.111308 0.00154127
10 0.687799 0.685634 0.111347 0.111948 0.00152912
4 0.191155 0.437093 0.112128 0.113158 0.0015284
6 0.0672852 0.685723 0.113626 0.112771 0.00150055
4 0.936397 0.809613 0.112282 0.111939 0.00150039
3 0.315845 0.0644835 0.11264 0.112716 0.00149147
2 0.936296 0.0649997 0.112744 0.113949 0.00149007
3 0.81236 0.0647688 0.112436 0.113525 0.00147408
10 0.0661178 0.437888 0.114319 0.111565 0.00145479
7 0.564269 0.93378 0.109652 0.112547 0.00144462
7 0.191139 0.437999 0.112583 0.113227 0.00144443
6 0.191435 0.685532 0.112247 0.112768 0.00144098
4 0.688161 0.685296 0.111553 0.112652 0.00143474
3 0.439949 0.313837 0.111521 0.112702 0.00142871
4 0.315602 0.437502 0.112187 0.113151 0.00142493
4 0.811544 0.685436 0.112804 0.112229 0.00142057
5 0.68684 0.437347 0.114671 0.111867 0.00141375
4 0.81244 0.809536 0.112934 0.111984 0.00139129
12 0.0671747 0.437976 0.112527 0.113332 0.0013682
6 0.067179 0.313595 0.111973 0.112204 0.00136732
6 0.811544 0.685436 0.112804 0.112229 0.00136479
4 0.935939 0.685438 0.112935 0.112014 0.00135088
4 0.936304 0.561012 0.113504 0.11238 0.00133297
3 0.688511 0.188377 0.111871 0.112012 0.00132568
6 0.688171 0.933909 0.112611 0.112978 0.00132523
11 0.191376 0.933733 0.111961 0.112314 0.00132248
4 0.067379 0.561183 0.114337 0.113292 0.0013198
4 0.191263 0.561149 0.111912 0.112645 0.00131663
7 0.686736 0.561739 0.111036 0.113321 0.00130513
12 0.563506 0.18918 0.112002 0.111022 0.00130394
2 0.563861 0.313598 0.111866 0.113425 0.00129604
6 0.935939 0.685438 0.112935 0.112014 0.00129596
1 0.688041 0.933734 0.11197 0.112595 0.00129424
11 0.68814 0.685585 0.111949 0.112489 0.0012698
7 0.811506 0.5612 0.112993 0.113296 0.00126912
11 0.563967 0.934188 0.112044 0.11316 0.00126326
4 0.0675557 0.0649222 0.114531 0.113519 0.00125988
8 0.191065 0.809214 0.1129 0.111494 0.00125885
3 0.440172 0.437379 0.113026 0.112837 0.0012565
5 0.315382 0.561065 0.112093 0.113484 0.00124522
7 0.564273 0.684905 0.110311 0.111303 0.00123143
7 0.315502 0.064675 0.113278 0.113239 0.00122481
5 0.563498 0.56158 0.112341 0.112703 0.00122122
6 0.440053 0.561112 0.111377 0.112427 0.00120992
0 0.31564 0.437204 0.112949 0.112982 0.0012095
0 0.0666786 0.934127 0.113061 0.113256 0.00119014
6 0.936316 0.313139 0.112397 0.113384 0.00117405
10 0.066686 0.18917 0.111728 0.112381 0.00116412
10 0.563562 0.0649269 0.112968 0.111355 0.0011478
12 0.19195 0.933736 0.109905 0.112313 0.00114444
1 0.811483 0.0646889 0.111659 0.113284 0.00113885
2 0.191812 0.685501 0.112793 0.113116 0.00113235
12 0.811553 0.188927 0.112039 0.112172 0.00112721
7 0.811971 0.0650974 0.11285 0.112768 0.00112258
9 0.935796 0.933532 0.111714 0.112014 0.00112149
3 0.687564 0.561086 0.111504 0.112844 0.00110918
5 0.563559 0.437255 0.111309 0.111637 0.00110226
12 0.687738 0.933901 0.111537 0.111711 0.00110026
12 0.811678 0.933486 0.11033 0.112488 0.00108551
5 0.439547 0.809766 0.112603 0.11239 0.00107856
5 0.81133 0.561221 0.112428 0.112164 0.00107345
1 0.0665449 0.313572 0.112662 0.112568 0.0010724
4 0.687756 0.0648987 0.111629 0.112973 0.00105868
4 0.812052 0.437268 0.111825 0.113037 0.00104296
6 0.564327 0.809224 0.111249 0.112198 0.00103913
10 0.314916 0.685332 0.111803 0.112184 0.00102603
12 0.0673176 0.313728 0.113292 0.112444 0.00102385
3 0.936429 0.685733 0.112953 0.112696 0.00101967
7 0.811621 0.31298 0.11359 0.114069 0.00101583
10 0.936145 0.0654689 0.112886 0.114012 0.00101522
11 0.688148 0.809295 0.111842 0.111292 0.00101172
7 0.936572 0.685789 0.11241 0.112862 0.00100308
12 0.191083 0.437528 0.11253 0.113303 0.00100114
