13 0.315404 0.809326 0.112376 0.112682 0.98718
13 0.56342 0.933766 0.113009 0.114159 0.986585
2 0.563661 0.809517 0.112289 0.112712 0.986029
13 0.315064 0.0651004 0.111651 0.112841 0.985892
2 0.439223 0.934099 0.112342 0.113216 0.985819
7 0.315342 0.685 0.112244 0.111285 0.984958
0 0.935968 0.933483 0.112535 0.111286 0.984812
7 0.191573 0.685443 0.11176 0.111845 0.984709
7 0.811622 0.809482 0.112903 0.112151 0.984351
6 0.0669928 0.685591 0.113231 0.112837 0.984106
1 0.191778 0.809597 0.111001 0.11137 0.983683
5 0.0672821 0.437749 0.11353 0.113113 0.98365
5 0.31594 0.437688 0.112463 0.112944 0.983059
11 0.936267 0.810023 0.114394 0.114221 0.983035
8 0.563592 0.685313 0.111493 0.112147 0.982942
1 0.191598 0.56162 0.111397 0.111079 0.982765
13 0.190902 0.0651057 0.112167 0.112686 0.982637
6 0.440009 0.809572 0.112084 0.112359 0.98262
8 0.0670191 0.561435 0.113384 0.112779 0.982522
11 0.935652 0.0659417 0.114364 0.114923 0.982293
4 0.439515 0.0652304 0.11192 0.113016 0.982287
6 0.0670288 0.313338 0.112592 0.112401 0.982212
11 0.315389 0.561025 0.111381 0.111666 0.982129
7 0.439312 0.18931 0.111984 0.112287 0.982071
9 0.315453 0.313265 0.110943 0.111339 0.982013
0 0.687694 0.933149 0.111168 0.112355 0.982012
10 0.1914 0.189396 0.111557 0.11282 0.981726
6 0.56333 0.189246 0.11213 0.113129 0.981623
3 0.440106 0.437402 0.111732 0.113568 0.981473
2 0.315503 0.189757 0.111829 0.112463 0.981402
1 0.066571 0.189629 0.112883 0.112341 0.981381
2 0.687676 0.065338 0.112448 0.113121 0.981338
7 0.439694 0.561312 0.112495 0.111592 0.981197
11 0.315712 0.934083 0.111601 0.113458 0.981055
4 0.812109 0.93342 0.113433 0.112981 0.981007
0 0.192047 0.933536 0.111272 0.112701 0.980886
1 0.191764 0.313337 0.111513 0.111404 0.980867
4 0.0680008 0.0651956 0.112623 0.113021 0.980843
11 0.439275 0.685681 0.110689 0.112149 0.980675
8 0.191685 0.437131 0.111697 0.112571 0.980254
11 0.0678116 0.933151 0.112516 0.11371 0.979892
6 0.687942 0.561406 0.112359 0.112926 0.979461
4 0.563718 0.313062 0.111897 0.113157 0.979404
11 0.563528 0.561112 0.111493 0.113075 0.979355
6 0.687883 0.437145 0.111897 0.112796 0.979346
2 0.0676204 0.809492 0.112284 0.112001 0.979345
11 0.687807 0.809289 0.112292 0.113432 0.979154
5 0.563673 0.437611 0.1122 0.112289 0.979149
1 0.811786 0.685052 0.112667 0.111748 0.979115
13 0.811722 0.313236 0.112962 0.112919 0.979051
9 0.811861 0.437203 0.111603 0.113194 0.97892
11 0.811626 0.561278 0.112364 0.112927 0.978895
13 0.936035 0.5616 0.11419 0.113647 0.978731
1 0.439478 0.313308 0.111541 0.112217 0.978662
3 0.811863 0.188671 0.111718 0.11259 0.978624
12 0.935998 0.43679 0.113491 0.112973 0.978524
4 0.936657 0.685188 0.113245 0.113236 0.978407
0 0.687662 0.685101 0.111474 0.112323 0.978203
1 0.936214 0.31245 0.11402 0.112771 0.978183
5 0.687905 0.312733 0.111898 0.112782 0.977921
0 0.687534 0.189151 0.111474 0.112618 0.977642
0 0.563266 0.0648792 0.110813 0.11373 0.977246
0 0.811955 0.0648295 0.111915 0.113145 0.976787
11 0.93612 0.189614 0.111095 0.111464 0.976293
10 0.936097 0.189163 0.11142 0.110848 0.0177628
3 0.563983 0.809069 0.110945 0.11252 0.00879136
6 0.811655 0.188969 0.110919 0.113144 0.00782853
10 0.936074 0.0652811 0.114427 0.114243 0.00782077
8 0.688218 0.809433 0.111554 0.113951 0.00635445
8 0.688232 0.0649922 0.111037 0.113844 0.00554539
3 0.439517 0.933768 0.111405 0.112891 0.0055048
10 0.811145 0.561338 0.111519 0.112066 0.0049751
1 0.563465 0.0642957 0.110327 0.113663 0.00464231
12 0.811271 0.809323 0.113138 0.112811 0.00426904
10 0.563692 0.561224 0.111245 0.11334 0.00410945
3 0.688049 0.0654134 0.112884 0.113153 0.00405935
1 0.563744 0.313719 0.111467 0.112698 0.00390024
0 0.190875 0.438047 0.110657 0.113666 0.00367983
1 0.439515 0.0652304 0.11192 0.113016 0.00345996
8 0.439155 0.933955 0.110881 0.111344 0.00337069
3 0.315758 0.190144 0.112646 0.112942 0.00335128
0 0.936427 0.312756 0.113383 0.111617 0.00329535
9 0.563822 0.685005 0.111765 0.112477 0.00326941
6 0.563975 0.313729 0.111493 0.112674 0.00325136
11 0.563921 0.685431 0.111065 0.113227 0.00310488
1 0.687536 0.684927 0.111749 0.11166 0.00310253
4 0.688121 0.312972 0.113043 0.112245 0.00302565
1 0.687815 0.188401 0.110817 0.112471 0.00297366
10 0.0667877 0.933774 0.113933 0.115144 0.00284503
0 0.811454 0.436866 0.110456 0.111901 0.00284147
10 0.315581 0.560975 0.111544 0.113084 0.00283162
4 0.811655 0.188969 0.110919 0.113144 0.00275334
1 0.0668461 0.0650846 0.111995 0.112217 0.00270881
10 0.93595 0.809636 0.113744 0.114601 0.00260028
0 0.811808 0.68521 0.111822 0.111201 0.00258211
2 0.0668461 0.0650846 0.111995 0.112217 0.00257226
1 0.811979 0.933917 0.114009 0.114695 0.00252483
12 0.439752 0.43739 0.111709 0.11227 0.00246624
9 0.191429 0.437583 0.112417 0.112855 0.0024426
5 0.314934 0.18882 0.112165 0.112529 0.00238341
12 0.315605 0.0646664 0.110987 0.113388 0.00232677
3 0.687611 0.561033 0.113072 0.113368 0.00227232
3 0.688121 0.312972 0.113043 0.112245 0.00224367
2 0.191559 0.436781 0.110251 0.113358 0.00223321
1 0.812172 0.0642444 0.111055 0.113497 0.00217386
10 0.68756 0.313085 0.110775 0.111367 0.0021728
1 0.936477 0.6853 0.113195 0.113267 0.00215752
10 0.686717 0.809271 0.111518 0.113354 0.00215706
2 0.936477 0.6853 0.113195 0.113267 0.00214547
3 0.0667461 0.809236 0.114727 0.112799 0.00214199
6 0.440133 0.0652668 0.112523 0.113907 0.00209408
3 0.688088 0.436816 0.111809 0.11277 0.002055
2 0.564125 0.685416 0.111934 0.111804 0.00203648
10 0.315514 0.437229 0.113267 0.11202 0.0020033
10 0.439479 0.685386 0.111819 0.113618 0.00199042
11 0.0677326 0.560916 0.110983 0.113382 0.00196658
11 0.191374 0.437546 0.112544 0.112654 0.0019595
5 0.0669096 0.933946 0.113833 0.114321 0.00194997
2 0.0667102 0.561092 0.114575 0.112018 0.0018978
0 0.439749 0.313509 0.111418 0.112209 0.00189763
0 0.191456 0.313376 0.110681 0.111916 0.00189619
9 0.936081 0.933704 0.111121 0.111799 0.00186058
10 0.563554 0.437504 0.112927 0.111522 0.00184353
6 0.811779 0.934217 0.11343 0.113844 0.00183206
4 0.1914 0.189396 0.111557 0.11282 0.00183081
3 0.563975 0.313729 0.111493 0.112674 0.00182237
7 0.812289 0.933795 0.112341 0.113715 0.00178394
7 0.1914 0.189396 0.111557 0.11282 0.00177104
7 0.936445 0.685114 0.111996 0.112479 0.00175304
9 0.686717 0.809271 0.111518 0.113354 0.00174837
0 0.191405 0.561076 0.111934 0.111654 0.00174427
0 0.0664939 0.18947 0.11198 0.111997 0.00172122
13 0.0669096 0.933946 0.113833 0.114321 0.00171491
2 0.439515 0.0652304 0.11192 0.113016 0.00169894
1 0.688215 0.0646843 0.112622 0.113906 0.00167658
3 0.564205 0.189286 0.111399 0.112737 0.0016356
3 0.440133 0.0652668 0.112523 0.113907 0.00163527
4 0.563579 0.437942 0.111304 0.111593 0.00162782
7 0.811583 0.314013 0.112625 0.113507 0.00161525
5 0.563137 0.313442 0.112036 0.111993 0.00161269
5 0.0666918 0.0655311 0.112337 0.111933 0.00160748
12 0.315574 0.809483 0.11098 0.112259 0.00157573
11 0.811332 0.437392 0.110735 0.112903 0.00156194
3 0.440662 0.809916 0.112454 0.113027 0.00147873
3 0.936445 0.685114 0.111996 0.112479 0.00146517
4 0.315618 0.437903 0.111382 0.110119 0.00146112
10 0.0667366 0.43764 0.111976 0.112398 0.00144515
4 0.935888 0.436834 0.113256 0.112917 0.00142929
13 0.191089 0.189508 0.111946 0.111807 0.00142486
1 0.68825 0.561338 0.110945 0.113155 0.00141805
8 0.56352 0.560943 0.111864 0.112351 0.00141416
12 0.811199 0.312935 0.112059 0.112787 0.00141096
2 0.688121 0.312972 0.113043 0.112245 0.00141079
3 0.0666545 0.188722 0.112308 0.112309 0.0014089
4 0.811448 0.684841 0.112307 0.11129 0.00139681
4 0.81183 0.808814 0.113047 0.112749 0.00139517
12 0.811782 0.43804 0.109093 0.112316 0.00138567
2 0.563744 0.313719 0.111467 0.112698 0.00137345
2 0.811979 0.933917 0.114009 0.114695 0.00137315
2 0.813033 0.189235 0.109444 0.110208 0.00137302
10 0.812289 0.933795 0.112341 0.113715 0.00137144
7 0.688201 0.56102 0.111637 0.11248 0.00135727
13 0.811307 0.809109 0.112345 0.11302 0.00135376
4 0.439724 0.312821 0.111161 0.111874 0.00133347
12 0.93572 0.561432 0.1126 0.114004 0.00133163
2 0.564194 0.438023 0.112444 0.112569 0.00132783
1 0.688162 0.437235 0.111394 0.113233 0.00132133
10 0.563196 0.93371 0.112511 0.113682 0.00131902
3 0.563579 0.437942 0.111304 0.111593 0.00131496
9 0.811085 0.56089 0.111962 0.111181 0.0013012
3 0.0663976 0.684976 0.11397 0.113883 0.00129768
5 0.811444 0.933316 0.112269 0.112065 0.0012785
5 0.439386 0.685257 0.11101 0.111894 0.0012678
0 0.191798 0.809733 0.111273 0.111841 0.00126116
7 0.0677788 0.313584 0.113626 0.112934 0.0012563
6 0.811204 0.808867 0.112291 0.112889 0.00125284
1 0.563975 0.809028 0.11242 0.11283 0.00124673
7 0.936342 0.436369 0.11181 0.113566 0.00124442
9 0.935745 0.189348 0.111886 0.112567 0.00124072
9 0.439705 0.685244 0.111166 0.112029 0.00122889
8 0.811377 0.437249 0.109476 0.111906 0.00122608
10 0.935651 0.56138 0.114227 0.113352 0.00122466
8 0.688323 0.932415 0.112433 0.112233 0.00122185
6 0.440135 0.437953 0.111739 0.113057 0.00121786
3 0.936217 0.43638 0.111465 0.113617 0.0012
0 0.315183 0.313286 0.110928 0.111999 0.00119792
3 0.812289 0.933795 0.112341 0.113715 0.00118072
5 0.315865 0.933828 0.110941 0.112815 0.00117099
6 0.0674938 0.0652795 0.112858 0.113334 0.00114447
3 0.0668883 0.436477 0.111586 0.111525 0.00114278
13 0.315865 0.933828 0.110941 0.112815 0.00113092
5 0.067481 0.809276 0.11344 0.113552 0.00112603
0 0.0668126 0.561385 0.112396 0.112274 0.00112526
12 0.315724 0.313785 0.111152 0.111642 0.00111651
1 0.687935 0.933438 0.10994 0.111841 0.00110393
4 0.191778 0.809597 0.111001 0.11137 0.00110198
7 0.315064 0.0651004 0.111651 0.112841 0.00110147
11 0.315574 0.809483 0.11098 0.112259 0.00110061
6 0.936239 0.685414 0.112969 0.112629 0.00108751
3 0.066674 0.31308 0.111783 0.111904 0.00108693
4 0.191668 0.561332 0.110904 0.111 0.00108674
11 0.562971 0.436624 0.110905 0.11055 0.00108229
3 0.315618 0.437903 0.111382 0.110119 0.00106757
4 0.067287 0.437918 0.112991 0.110088 0.00106008
8 0.315216 0.313612 0.111173 0.110972 0.00104271
1 0.563891 0.189509 0.111886 0.112593 0.00104229
12 0.563465 0.0642957 0.110327 0.113663 0.00102397
1 0.439742 0.933483 0.1124 0.113421 0.00102052
7 0.439655 0.0644343 0.111907 0.111935 0.00100889
5 0.93607 0.685076 0.112274 0.112478 0.0010073
11 0.563196 0.93371 0.112511 0.113682 0.00100434
