6 0.316033 0.809405 0.111699 0.112292 0.98608
2 0.563455 0.933903 0.112127 0.113118 0.985908
6 0.439679 0.933772 0.112096 0.11375 0.985597
0 0.936038 0.933044 0.112945 0.111903 0.985524
1 0.315368 0.933499 0.112332 0.112207 0.985377
3 0.0667165 0.561658 0.111985 0.112655 0.985137
9 0.68802 0.933687 0.112125 0.112951 0.985037
13 0.191453 0.685686 0.11159 0.111296 0.98468
8 0.0664598 0.809557 0.11177 0.112892 0.984446
10 0.564067 0.809527 0.112331 0.112604 0.984107
9 0.0670298 0.685495 0.112352 0.112405 0.983552
1 0.936489 0.809434 0.112481 0.111658 0.983544
0 0.190373 0.933211 0.112708 0.112424 0.98354
4 0.190707 0.189195 0.113019 0.112487 0.983488
11 0.935841 0.0657721 0.112187 0.112296 0.983429
8 0.315897 0.561438 0.112003 0.112974 0.983259
4 0.191166 0.313524 0.112741 0.112123 0.983259
1 0.316446 0.685803 0.111892 0.11151 0.98318
12 0.314544 0.0648717 0.110975 0.112213 0.983087
2 0.191368 0.809816 0.111854 0.112075 0.983039
6 0.191285 0.438146 0.112808 0.112884 0.982889
8 0.812288 0.93352 0.111955 0.113873 0.982718
9 0.0661256 0.933403 0.113103 0.112743 0.982699
7 0.191539 0.561844 0.112686 0.111243 0.982467
7 0.439969 0.561991 0.112789 0.111898 0.982237
8 0.189792 0.0648377 0.113279 0.113526 0.981819
7 0.688164 0.809669 0.112282 0.111478 0.981764
7 0.439758 0.80972 0.111319 0.111295 0.981665
13 0.0662242 0.189699 0.112187 0.112575 0.981506
1 0.315621 0.437512 0.112589 0.112206 0.981472
1 0.0665758 0.437651 0.112031 0.111707 0.981366
10 0.812419 0.809315 0.113057 0.112576 0.981113
3 0.56284 0.0650422 0.111543 0.112105 0.980454
1 0.438859 0.0650243 0.112319 0.113009 0.980407
0 0.314952 0.31304 0.112814 0.11212 0.980217
3 0.563908 0.686007 0.111011 0.110787 0.979921
12 0.44011 0.685757 0.110805 0.111964 0.979839
1 0.31468 0.18905 0.112264 0.111975 0.979835
0 0.0667362 0.31382 0.111282 0.113058 0.979607
9 0.687527 0.188201 0.111963 0.111528 0.979265
9 0.811841 0.0650281 0.11176 0.110627 0.97924
12 0.439819 0.437487 0.112169 0.111869 0.979205
1 0.563328 0.437363 0.112049 0.112825 0.979201
6 0.439062 0.188972 0.112534 0.112835 0.979153
13 0.687558 0.561942 0.112542 0.112351 0.979017
3 0.439318 0.313274 0.112345 0.1122 0.979013
5 0.563179 0.312917 0.11156 0.112613 0.97894
1 0.687214 0.312576 0.113224 0.112994 0.978908
0 0.0656378 0.0653666 0.109775 0.112169 0.978891
3 0.687331 0.0651898 0.111891 0.11142 0.978737
0 0.563358 0.562347 0.111643 0.112235 0.978726
12 0.935958 0.56193 0.113276 0.112235 0.978632
12 0.812011 0.561628 0.112202 0.11289 0.978542
12 0.687422 0.437376 0.112173 0.111737 0.978491
3 0.687511 0.685439 0.110826 0.111356 0.978447
12 0.93643 0.68584 0.112368 0.111973 0.978254
13 0.936468 0.188841 0.11248 0.113455 0.978251
2 0.563345 0.188633 0.111782 0.113554 0.978232
6 0.812347 0.437206 0.112761 0.112208 0.978225
4 0.813035 0.188039 0.113573 0.113066 0.978092
2 0.81233 0.685898 0.112565 0.112435 0.977998
0 0.812124 0.312923 0.113029 0.113441 0.977865
1 0.936795 0.31309 0.113453 0.112851 0.977835
7 0.93633 0.437452 0.112965 0.113298 0.977487
1 0.0663245 0.313391 0.11208 0.112296 0.00827723
9 0.686584 0.0648107 0.112122 0.111647 0.00745089
2 0.0664127 0.809479 0.112214 0.112958 0.00613382
0 0.688077 0.188425 0.111236 0.113011 0.00561829
10 0.936298 0.0653229 0.111111 0.112487 0.005423
2 0.315669 0.561118 0.112362 0.112923 0.00525726
2 0.812043 0.933766 0.112629 0.113017 0.00432468
3 0.316033 0.809405 0.111699 0.112292 0.00424067
4 0.813077 0.809595 0.113091 0.11394 0.00401288
6 0.936371 0.438032 0.111079 0.114706 0.00393093
0 0.813075 0.0649975 0.110834 0.111135 0.00372906
1 0.065453 0.0644049 0.111968 0.112858 0.00359003
12 0.688084 0.561822 0.111614 0.111994 0.00358637
9 0.0672799 0.561152 0.112886 0.113787 0.00335189
3 0.191263 0.437996 0.112461 0.112741 0.00325758
12 0.687697 0.188479 0.111844 0.112633 0.00313124
0 0.687632 0.311733 0.11313 0.112655 0.00294365
2 0.189792 0.0648377 0.113279 0.113526 0.00276783
3 0.439952 0.933711 0.111919 0.113075 0.00274469
1 0.190707 0.189195 0.113019 0.112487 0.00269771
5 0.813057 0.809135 0.113295 0.112858 0.00264648
8 0.813084 0.68591 0.109701 0.111723 0.00262085
0 0.936851 0.313515 0.113078 0.1118 0.00261522
12 0.191587 0.56148 0.111382 0.112182 0.00260867
1 0.191166 0.313524 0.112741 0.112123 0.00252711
12 0.935968 0.437555 0.112975 0.113447 0.0025266
12 0.440379 0.561505 0.111233 0.113507 0.00249045
6 0.440154 0.685758 0.111011 0.111976 0.00243726
0 0.688644 0.933055 0.113281 0.112271 0.00243525
5 0.811479 0.685897 0.113846 0.111453 0.00240577
9 0.688329 0.685977 0.111016 0.110365 0.00235849
3 0.439133 0.189101 0.111607 0.113082 0.00229966
12 0.686673 0.0647955 0.11205 0.111369 0.00229465
7 0.190638 0.189533 0.112433 0.11257 0.00224741
3 0.688114 0.188468 0.111996 0.113639 0.00221163
8 0.688616 0.933333 0.113309 0.112083 0.00219415
1 0.563378 0.188467 0.112073 0.112703 0.00218089
12 0.191344 0.68559 0.111699 0.111541 0.00215196
4 0.936371 0.438032 0.111079 0.114706 0.00213921
1 0.315238 0.312725 0.112214 0.112542 0.00211391
1 0.56372 0.561176 0.111429 0.112658 0.00207785
1 0.813034 0.188498 0.113219 0.113967 0.00206924
9 0.564689 0.685728 0.111831 0.111586 0.00204083
4 0.688013 0.808884 0.111376 0.111501 0.001996
3 0.812421 0.437623 0.112254 0.112609 0.00198175
1 0.811479 0.685897 0.113846 0.111453 0.00197939
7 0.686624 0.437511 0.111322 0.112531 0.00196872
1 0.563963 0.933484 0.113163 0.11347 0.00191654
2 0.812709 0.188746 0.112574 0.113571 0.00187999
3 0.813114 0.0650363 0.112217 0.111717 0.00187627
0 0.439022 0.0646075 0.111769 0.113406 0.00187551
6 0.811632 0.561554 0.111412 0.111676 0.00186466
7 0.687885 0.561334 0.111094 0.112019 0.00186378
6 0.688298 0.809303 0.113149 0.11316 0.00184212
7 0.936157 0.685937 0.110779 0.113312 0.0017683
12 0.813075 0.0649975 0.110834 0.111135 0.00176416
0 0.813173 0.933817 0.111392 0.114568 0.00175752
7 0.191638 0.438316 0.112972 0.112544 0.00173321
4 0.564196 0.809512 0.112117 0.111913 0.00169798
3 0.190755 0.809757 0.114581 0.11227 0.00168936
2 0.191053 0.313421 0.111822 0.112441 0.00168622
13 0.937342 0.436668 0.111221 0.11285 0.00167643
4 0.316446 0.685803 0.111892 0.11151 0.00167184
11 0.811725 0.932754 0.112192 0.110655 0.00166146
9 0.563437 0.0649905 0.110896 0.111214 0.00164902
4 0.43998 0.80918 0.111151 0.11168 0.00160589
2 0.688329 0.685977 0.111016 0.110365 0.00160432
12 0.687883 0.685632 0.111252 0.111737 0.00160286
0 0.0663559 0.438234 0.111618 0.111407 0.00159807
6 0.936138 0.686079 0.111796 0.113792 0.00155472
4 0.31556 0.933227 0.111937 0.112498 0.00152372
12 0.0674328 0.685498 0.112858 0.11321 0.00150238
0 0.56331 0.43703 0.111784 0.113385 0.00149479
9 0.936166 0.933408 0.111343 0.112062 0.00147273
0 0.688111 0.437449 0.110342 0.11213 0.00147237
4 0.314981 0.189069 0.112031 0.112825 0.00146998
3 0.811755 0.561222 0.111006 0.112513 0.00146995
12 0.0664106 0.189124 0.111785 0.112409 0.00146533
6 0.43898 0.438128 0.113646 0.111952 0.00142917
8 0.563985 0.933591 0.112508 0.112797 0.00142314
0 0.315964 0.438123 0.111531 0.112813 0.00142254
7 0.811236 0.561798 0.111773 0.112985 0.00141991
8 0.93614 0.0646446 0.110738 0.109832 0.00139654
6 0.440309 0.561513 0.110705 0.112502 0.00139563
12 0.439283 0.3133 0.112007 0.111744 0.00137761
7 0.812487 0.188789 0.113293 0.112944 0.00136895
4 0.31574 0.437791 0.112039 0.112429 0.00136807
8 0.688077 0.188425 0.111236 0.113011 0.00136553
2 0.688133 0.0650001 0.110009 0.110492 0.00136223
6 0.686529 0.438086 0.112991 0.112319 0.00136106
10 0.563297 0.313201 0.112529 0.112548 0.00135705
4 0.563513 0.437319 0.111913 0.112202 0.00135181
0 0.936489 0.809434 0.112481 0.111658 0.00133846
1 0.190886 0.809617 0.113803 0.111894 0.00133844
4 0.936574 0.809328 0.111896 0.11162 0.00133594
3 0.687532 0.436509 0.110629 0.11279 0.00133585
1 0.812217 0.31233 0.112674 0.113056 0.00132676
12 0.686843 0.809844 0.110901 0.112029 0.00131827
7 0.191053 0.313421 0.111822 0.112441 0.00131789
7 0.936304 0.561376 0.111821 0.111947 0.00131091
5 0.688166 0.0647463 0.111375 0.109223 0.00127596
12 0.936286 0.188866 0.111381 0.113023 0.00126931
9 0.93614 0.0646446 0.110738 0.109832 0.00126189
10 0.936354 0.189138 0.110773 0.112127 0.00125053
7 0.811696 0.809518 0.113095 0.112059 0.0012503
2 0.190309 0.189256 0.112498 0.112544 0.00122763
1 0.0664691 0.561904 0.112369 0.111997 0.00120956
13 0.811602 0.809851 0.112974 0.111528 0.00120832
5 0.563469 0.0645162 0.111533 0.111119 0.00115823
11 0.0657716 0.189624 0.112832 0.112204 0.00115416
1 0.439305 0.312959 0.111512 0.111993 0.00115381
6 0.190638 0.189533 0.112433 0.11257 0.00114605
2 0.562598 0.313278 0.111626 0.111996 0.00114557
5 0.935975 0.0653919 0.112798 0.112717 0.00114186
1 0.687346 0.0647255 0.111456 0.111695 0.00113529
1 0.564244 0.685914 0.111712 0.112097 0.00113135
4 0.0665019 0.438356 0.112033 0.1118 0.00111525
11 0.316199 0.561114 0.11075 0.111922 0.00111179
3 0.936189 0.561391 0.111133 0.112345 0.00110722
3 0.564012 0.189202 0.11164 0.112349 0.00109071
0 0.812167 0.561925 0.110704 0.112106 0.00107698
3 0.563793 0.933704 0.111816 0.113326 0.00107323
6 0.191475 0.561484 0.111093 0.111267 0.00106936
4 0.811632 0.561554 0.111412 0.111676 0.00106713
7 0.0664106 0.189124 0.111785 0.112409 0.00106428
0 0.315649 0.685877 0.111 0.111634 0.00106385
10 0.0657716 0.189624 0.112832 0.112204 0.00105191
5 0.688349 0.685636 0.111756 0.110967 0.001037
0 0.315549 0.933375 0.111478 0.111329 0.00103565
2 0.563584 0.438146 0.111523 0.113395 0.0010271
4 0.191399 0.561979 0.113032 0.111156 0.00102035
4 0.440215 0.561912 0.111716 0.112167 0.0010201
8 0.811614 0.0649668 0.113219 0.111759 0.00101732
4 0.563418 0.313315 0.111384 0.112238 0.00101342
13 0.936189 0.561391 0.111133 0.112345 0.00101207
4 0.68713 0.313039 0.112317 0.113462 0.00100896
1 0.688244 0.685594 0.111107 0.11137 0.00100787
