12 0.315283 0.933695 0.111141 0.112622 0.985861
11 0.191129 0.933966 0.112309 0.113567 0.985028
5 0.563182 0.0658634 0.110962 0.1125 0.984976
10 0.439424 0.933985 0.113329 0.114186 0.984886
8 0.191168 0.809628 0.111796 0.112867 0.984825
13 0.93625 0.809466 0.112293 0.111979 0.984586
11 0.438776 0.0656532 0.111699 0.112194 0.98457
0 0.936055 0.933548 0.112822 0.11177 0.984567
9 0.066901 0.685417 0.113301 0.113449 0.984417
13 0.439181 0.809694 0.111992 0.112672 0.984357
2 0.315273 0.685399 0.11258 0.112412 0.984296
11 0.314502 0.0655172 0.111133 0.111356 0.984085
9 0.0669624 0.809403 0.113212 0.113312 0.98385
13 0.563496 0.809699 0.112054 0.112767 0.983822
5 0.687668 0.934635 0.11256 0.1134 0.98367
5 0.315554 0.313907 0.112153 0.112981 0.98334
3 0.438945 0.685762 0.111893 0.111413 0.982865
9 0.066864 0.561463 0.113419 0.11346 0.982849
8 0.563776 0.685253 0.111792 0.112945 0.982805
10 0.812143 0.933772 0.112987 0.112382 0.982677
7 0.563434 0.933754 0.111506 0.112636 0.982576
13 0.0666332 0.933616 0.112291 0.113036 0.982563
12 0.191652 0.0646283 0.111615 0.113031 0.982054
8 0.0666742 0.189194 0.113137 0.114029 0.981955
12 0.0669871 0.437432 0.112827 0.112544 0.98189
4 0.439303 0.313011 0.113365 0.113041 0.98178
13 0.0667148 0.0650318 0.113887 0.113534 0.981746
12 0.687934 0.0651092 0.110956 0.113217 0.981599
11 0.191466 0.561136 0.11211 0.112179 0.981559
12 0.191208 0.313274 0.111944 0.111997 0.981515
12 0.935936 0.0652399 0.111634 0.112961 0.981477
2 0.315073 0.437086 0.113049 0.113209 0.981472
4 0.812141 0.0651689 0.112182 0.113396 0.981314
12 0.314954 0.189077 0.112676 0.112647 0.980987
8 0.687797 0.809786 0.11193 0.113282 0.98091
2 0.190983 0.189008 0.111929 0.11269 0.980805
2 0.191173 0.685555 0.111683 0.111728 0.980708
0 0.31536 0.561448 0.112205 0.11215 0.980633
0 0.190939 0.43733 0.111647 0.111544 0.980513
0 0.93603 0.684978 0.113208 0.112028 0.980472
2 0.0669885 0.313108 0.112767 0.113437 0.980283
0 0.314946 0.809549 0.111623 0.111899 0.980043
8 0.687711 0.189594 0.111493 0.113528 0.980039
2 0.439219 0.437681 0.111218 0.111539 0.979718
4 0.564022 0.312843 0.112871 0.113254 0.979674
11 0.563495 0.188826 0.111876 0.113512 0.979651
8 0.439801 0.561409 0.112546 0.113316 0.979431
9 0.687555 0.685714 0.111447 0.112154 0.979344
1 0.687753 0.561486 0.112748 0.11275 0.979111
11 0.812113 0.312768 0.112537 0.113622 0.979045
0 0.563467 0.561289 0.11151 0.113126 0.978752
12 0.812401 0.436954 0.112007 0.112775 0.978725
1 0.812169 0.685532 0.112998 0.113152 0.978667
0 0.81184 0.809387 0.111881 0.112358 0.978658
1 0.81215 0.188804 0.112948 0.112866 0.97864
2 0.687436 0.437376 0.110554 0.111618 0.978636
8 0.936145 0.437166 0.112799 0.112662 0.978576
8 0.439192 0.188991 0.112497 0.112465 0.978486
7 0.563851 0.437509 0.112131 0.112672 0.978372
1 0.936202 0.561278 0.114067 0.113085 0.978242
2 0.687519 0.313219 0.111347 0.111193 0.978166
8 0.936051 0.312958 0.113006 0.112849 0.978001
6 0.936428 0.18884 0.112696 0.112348 0.977771
3 0.811561 0.561727 0.111801 0.112016 0.977533
2 0.0662124 0.189168 0.114366 0.11304 0.0202452
2 0.688145 0.188888 0.112487 0.112793 0.00995989
2 0.688133 0.809624 0.112665 0.112358 0.00906989
5 0.315076 0.0648181 0.111204 0.112339 0.00671854
9 0.811383 0.562227 0.111413 0.111699 0.00650868
5 0.563466 0.188849 0.111693 0.113238 0.00578598
6 0.564131 0.438015 0.110021 0.112968 0.00566408
1 0.687633 0.437973 0.110085 0.112364 0.0056332
2 0.936229 0.436951 0.112411 0.111677 0.00467625
12 0.564287 0.436674 0.110891 0.109935 0.00448448
1 0.315028 0.437918 0.110926 0.111038 0.00427887
0 0.688247 0.685727 0.111709 0.111244 0.0041458
1 0.688154 0.313274 0.113139 0.11364 0.00405788
2 0.191137 0.809685 0.112452 0.113174 0.00367001
2 0.688291 0.933309 0.112142 0.113841 0.00366514
11 0.688269 0.933772 0.112186 0.112936 0.00359001
1 0.439357 0.313048 0.112494 0.112632 0.00351998
1 0.439053 0.4379 0.110443 0.110707 0.00350027
3 0.688348 0.313719 0.111744 0.11263 0.00324201
2 0.563948 0.685259 0.11237 0.112757 0.00316944
5 0.812708 0.312793 0.111494 0.112681 0.00310176
3 0.688297 0.685764 0.11245 0.112057 0.00307016
2 0.935818 0.312925 0.111836 0.114382 0.0030694
2 0.439205 0.189105 0.111472 0.113343 0.00299508
3 0.68829 0.437794 0.111867 0.112319 0.00297618
1 0.563803 0.312976 0.112109 0.11258 0.00292314
8 0.688176 0.437489 0.111428 0.112871 0.00292302
12 0.439374 0.809861 0.111844 0.112039 0.00278592
4 0.563243 0.933268 0.111364 0.112639 0.00276001
12 0.563716 0.809627 0.111397 0.11196 0.00273197
1 0.812455 0.0652596 0.11281 0.114051 0.00267276
0 0.936486 0.560873 0.113343 0.112082 0.00265048
7 0.811853 0.0654071 0.112898 0.112473 0.00261792
1 0.563667 0.56088 0.111754 0.112313 0.00259405
4 0.813154 0.933375 0.112027 0.114366 0.00255426
1 0.0666936 0.313556 0.112017 0.111722 0.00253001
12 0.688247 0.685727 0.111709 0.111244 0.00248831
8 0.811322 0.312449 0.112052 0.111852 0.0024526
0 0.688171 0.0647797 0.110561 0.111774 0.00242548
4 0.564131 0.438015 0.110021 0.112968 0.00241057
2 0.439588 0.561046 0.112336 0.112957 0.00239621
2 0.688097 0.561409 0.112004 0.112722 0.00237408
5 0.191009 0.56155 0.112783 0.113181 0.00230925
3 0.935696 0.189181 0.112198 0.112828 0.00229838
3 0.315273 0.685399 0.11258 0.112412 0.00225877
0 0.688113 0.561265 0.111927 0.111289 0.00222239
0 0.935898 0.437274 0.111275 0.111691 0.00222159
0 0.812332 0.188786 0.112967 0.113745 0.00219608
13 0.811705 0.933344 0.112589 0.111716 0.00216115
2 0.564018 0.313294 0.111651 0.113788 0.00214535
7 0.439416 0.313088 0.111627 0.111733 0.00213742
0 0.812613 0.685462 0.111768 0.112633 0.00212975
12 0.81145 0.562088 0.110923 0.111983 0.00208204
9 0.439853 0.685544 0.112869 0.112606 0.0020513
2 0.439672 0.3131 0.111995 0.113557 0.00199266
10 0.81142 0.312657 0.111349 0.112877 0.00197797
10 0.191335 0.560992 0.111918 0.112444 0.00194969
9 0.811322 0.312449 0.112052 0.111852 0.00192567
1 0.315485 0.685208 0.113001 0.112748 0.00187229
12 0.935796 0.809897 0.112131 0.113392 0.0018525
5 0.813127 0.932895 0.112258 0.113749 0.00181149
3 0.191209 0.685578 0.112904 0.11197 0.00180195
8 0.68817 0.313258 0.112513 0.113556 0.00173934
12 0.0674241 0.561202 0.112603 0.11385 0.00166684
4 0.811931 0.189233 0.112505 0.11277 0.00165922
2 0.812141 0.0651689 0.112182 0.113396 0.00164393
8 0.191221 0.933645 0.111834 0.111016 0.00163219
1 0.191017 0.436918 0.111981 0.11236 0.00163091
1 0.190953 0.188802 0.111803 0.112927 0.00162533
1 0.191238 0.685371 0.112301 0.112066 0.00161068
1 0.81184 0.809387 0.111881 0.112358 0.00159354
10 0.315118 0.0647464 0.112111 0.111672 0.00157833
1 0.811561 0.561727 0.111801 0.112016 0.00155845
6 0.812148 0.436927 0.111511 0.111775 0.00149067
6 0.315484 0.933598 0.110455 0.113256 0.00147844
5 0.439533 0.0653846 0.112329 0.113054 0.00147295
3 0.812347 0.436488 0.110858 0.112292 0.00145618
0 0.812552 0.437455 0.110587 0.112375 0.00144867
7 0.935696 0.189181 0.112198 0.112828 0.00144309
1 0.315029 0.809633 0.111833 0.112692 0.0014285
0 0.688143 0.810106 0.112962 0.113514 0.00142069
12 0.067316 0.685512 0.113343 0.11397 0.00141738
5 0.191122 0.934076 0.113771 0.114124 0.0014004
1 0.315582 0.561394 0.112686 0.112576 0.00139978
4 0.68829 0.437794 0.111867 0.112319 0.00139207
4 0.812054 0.685311 0.112222 0.112305 0.00138853
0 0.936282 0.313549 0.111955 0.113314 0.00137756
7 0.813154 0.933375 0.112027 0.114366 0.00136089
7 0.935847 0.80947 0.111479 0.112934 0.00133312
10 0.0666471 0.933561 0.111897 0.112847 0.00130284
10 0.563624 0.189168 0.112922 0.111748 0.00128879
4 0.687922 0.560966 0.112584 0.11242 0.00127766
10 0.563507 0.0651646 0.111977 0.111993 0.00126329
0 0.688143 0.189179 0.113108 0.113855 0.00125928
3 0.190839 0.188861 0.112149 0.112721 0.0012585
6 0.811656 0.0649808 0.11438 0.112321 0.00125373
11 0.0660149 0.0649261 0.114624 0.112746 0.00123889
0 0.0674241 0.561202 0.112603 0.11385 0.00122889
10 0.439321 0.0647265 0.112103 0.111899 0.00122732
4 0.688348 0.313719 0.111744 0.11263 0.00120466
2 0.812931 0.188757 0.112685 0.113468 0.00118268
5 0.43937 0.436855 0.11056 0.112927 0.00117176
11 0.93625 0.809466 0.112293 0.111979 0.00115623
9 0.688147 0.0649024 0.11024 0.112868 0.00115058
11 0.81171 0.933074 0.11459 0.111251 0.00114803
9 0.936214 0.93377 0.111435 0.11231 0.00114397
3 0.0663657 0.31318 0.113573 0.112888 0.00113142
10 0.687755 0.933915 0.112785 0.112812 0.0011191
4 0.936473 0.561505 0.11205 0.112789 0.00111615
4 0.315588 0.313412 0.112008 0.112466 0.00111563
7 0.811374 0.437561 0.111806 0.113007 0.00109987
13 0.439841 0.934024 0.112215 0.111757 0.00109052
1 0.439167 0.685372 0.111619 0.112088 0.00108716
3 0.0664416 0.685366 0.114324 0.111932 0.00108403
9 0.936065 0.685201 0.111946 0.112172 0.00108328
5 0.688154 0.313274 0.113139 0.11364 0.00108037
7 0.563607 0.809084 0.110759 0.112094 0.00107356
5 0.563486 0.313467 0.112315 0.112318 0.00107314
2 0.0664511 0.809411 0.112073 0.111602 0.00106295
3 0.439755 0.437604 0.112525 0.113093 0.00106279
8 0.315028 0.437918 0.110926 0.111038 0.00105988
2 0.813133 0.562193 0.108858 0.110271 0.00105001
8 0.688297 0.685764 0.11245 0.112057 0.00100572
