10 0.191601 0.685045 0.111745 0.111658 0.985417
8 0.31563 0.809296 0.112963 0.112969 0.985061
10 0.439571 0.933887 0.112459 0.113909 0.985022
5 0.811546 0.0660589 0.110907 0.111554 0.984942
9 0.936188 0.80956 0.11289 0.112406 0.984774
5 0.563531 0.934266 0.112188 0.114144 0.984481
10 0.564334 0.809245 0.112333 0.112836 0.984433
11 0.935426 0.0659987 0.11349 0.113608 0.984386
11 0.687564 0.934048 0.111535 0.113005 0.98421
11 0.0671368 0.809433 0.113797 0.112444 0.984002
4 0.439443 0.68546 0.111777 0.112072 0.983854
10 0.0670991 0.561237 0.113478 0.111869 0.9838
11 0.191562 0.809481 0.111488 0.111778 0.983724
2 0.315669 0.933787 0.114086 0.11346 0.983701
13 0.439566 0.8094 0.112734 0.112682 0.983651
3 0.315459 0.561215 0.111364 0.112499 0.983498
8 0.19145 0.933494 0.11231 0.114114 0.98331
12 0.067396 0.685475 0.113086 0.112646 0.983151
10 0.315371 0.313074 0.112979 0.111824 0.983101
8 0.563609 0.18974 0.111805 0.113148 0.982833
4 0.439582 0.313067 0.113287 0.112697 0.982692
7 0.0670229 0.313507 0.112853 0.112206 0.982596
5 0.19159 0.189268 0.111838 0.111935 0.982595
4 0.0667993 0.933635 0.113727 0.114692 0.982549
7 0.191663 0.561453 0.111523 0.111487 0.982496
6 0.0669838 0.0646769 0.11289 0.11341 0.982417
12 0.315293 0.0648981 0.110359 0.112258 0.982414
1 0.0671157 0.437909 0.113106 0.11196 0.982361
7 0.191767 0.313335 0.111596 0.111985 0.982275
9 0.439314 0.0647626 0.11096 0.11272 0.982272
9 0.811872 0.809941 0.111484 0.111877 0.982179
4 0.191653 0.0650038 0.113429 0.113083 0.982127
6 0.191692 0.437708 0.111735 0.112235 0.982096
11 0.315332 0.68521 0.111307 0.111229 0.981872
1 0.0664955 0.189546 0.112916 0.11244 0.98156
6 0.56429 0.685322 0.111862 0.11256 0.981553
8 0.688088 0.809419 0.112096 0.113338 0.981441
0 0.935741 0.684973 0.113174 0.111218 0.981356
1 0.812156 0.933729 0.11247 0.113241 0.981287
1 0.315671 0.189303 0.111441 0.110909 0.981097
12 0.315373 0.437419 0.111964 0.111961 0.980742
8 0.936295 0.933911 0.113121 0.113707 0.980614
6 0.440002 0.561676 0.112426 0.111984 0.98003
8 0.439183 0.189342 0.111241 0.112628 0.980026
4 0.563949 0.313076 0.111981 0.112391 0.979604
8 0.43934 0.43764 0.111319 0.111699 0.978902
12 0.563574 0.561371 0.111808 0.111735 0.978695
9 0.936323 0.561866 0.110897 0.111268 0.978631
3 0.687773 0.313278 0.111759 0.111904 0.978528
0 0.563804 0.0653804 0.110699 0.112792 0.978521
12 0.812137 0.561193 0.112088 0.112583 0.978468
8 0.935769 0.437057 0.11318 0.112333 0.978468
12 0.56418 0.436969 0.112269 0.112579 0.978468
3 0.687719 0.188922 0.111011 0.111584 0.978453
2 0.687413 0.685337 0.11056 0.111751 0.978408
5 0.811746 0.685532 0.112066 0.112622 0.978327
1 0.687659 0.0645915 0.112133 0.11335 0.978103
7 0.687577 0.43757 0.111888 0.111155 0.978064
2 0.811834 0.31306 0.112318 0.112848 0.97806
2 0.935607 0.189006 0.110937 0.111186 0.977922
8 0.811588 0.188917 0.112612 0.112593 0.977664
7 0.687882 0.561697 0.112394 0.112263 0.977384
7 0.812019 0.437181 0.113064 0.112476 0.976835
7 0.936298 0.312808 0.113206 0.113769 0.976645
8 0.688392 0.93295 0.111483 0.112677 0.0149689
12 0.812783 0.436535 0.111175 0.111594 0.0107316
5 0.315589 0.685345 0.1127 0.112494 0.00929776
6 0.688347 0.438016 0.109067 0.112044 0.00797874
2 0.688337 0.809436 0.112342 0.111747 0.00706056
12 0.6867 0.561622 0.111389 0.112776 0.00683097
12 0.688463 0.436613 0.110629 0.110256 0.0068011
12 0.191912 0.561152 0.110586 0.112434 0.00642294
2 0.811688 0.189593 0.111823 0.112343 0.00634828
2 0.315911 0.809393 0.112887 0.113747 0.00596485
6 0.563724 0.561087 0.110484 0.111548 0.00591462
2 0.936014 0.933948 0.113487 0.112577 0.00488128
6 0.812605 0.437969 0.109497 0.112051 0.00472463
10 0.935903 0.0655503 0.112602 0.113447 0.00470133
0 0.688334 0.0635818 0.111142 0.112476 0.00439168
2 0.564091 0.189651 0.11166 0.112723 0.00390645
3 0.811872 0.809941 0.111484 0.111877 0.00383133
5 0.0670673 0.809331 0.115137 0.112983 0.00374598
12 0.439849 0.809557 0.112093 0.112236 0.00367955
11 0.811293 0.685703 0.112963 0.111164 0.0036727
9 0.688168 0.189334 0.111538 0.111627 0.0036322
12 0.935984 0.312895 0.114197 0.114467 0.00353302
3 0.191644 0.437447 0.112575 0.112201 0.00336229
0 0.812225 0.934123 0.111905 0.11267 0.003338
1 0.439708 0.313091 0.11247 0.112348 0.00325264
6 0.56384 0.437166 0.11094 0.111577 0.0032021
3 0.688387 0.685057 0.110989 0.112241 0.00319084
1 0.563779 0.0644562 0.109897 0.113271 0.00318687
1 0.191546 0.0649488 0.112802 0.113416 0.00309116
2 0.935917 0.436823 0.113274 0.111734 0.00306453
10 0.687915 0.933719 0.110523 0.113008 0.0030429
2 0.439183 0.189342 0.111241 0.112628 0.00303038
1 0.811554 0.313461 0.110963 0.111314 0.00299265
12 0.936723 0.561278 0.112076 0.112336 0.00295888
3 0.0664851 0.0648133 0.112822 0.113077 0.00288541
2 0.439565 0.436924 0.111055 0.112757 0.00284568
1 0.563781 0.313195 0.111302 0.111848 0.00280077
0 0.935563 0.437199 0.111189 0.111549 0.00276305
2 0.191386 0.933422 0.112495 0.113848 0.00274743
1 0.688287 0.685401 0.111892 0.112478 0.00274566
0 0.813143 0.810132 0.112491 0.111025 0.00272586
2 0.439989 0.313015 0.112419 0.113296 0.00270049
11 0.811315 0.0650905 0.112903 0.111502 0.00269558
7 0.191119 0.0649271 0.112758 0.113052 0.00269297
9 0.315823 0.561093 0.111482 0.111561 0.00265922
4 0.688347 0.438016 0.109067 0.112044 0.00263822
6 0.6867 0.561622 0.111389 0.112776 0.00261304
2 0.563986 0.313456 0.110907 0.112759 0.00260636
3 0.440066 0.561348 0.112728 0.112383 0.00249066
12 0.936042 0.810108 0.111395 0.113481 0.00247728
3 0.811827 0.313751 0.111285 0.111958 0.00247346
0 0.438858 0.438074 0.111845 0.113619 0.00246963
4 0.812605 0.437969 0.109497 0.112051 0.00239706
6 0.811815 0.561322 0.111059 0.111744 0.00239617
8 0.811191 0.31274 0.112489 0.113363 0.00234185
2 0.6881 0.0647359 0.11057 0.112157 0.00231887
3 0.564451 0.685355 0.111608 0.111848 0.00230383
12 0.687693 0.313052 0.110899 0.111643 0.00226183
7 0.066846 0.933578 0.11434 0.1149 0.00211594
1 0.439779 0.685395 0.112294 0.111469 0.00210915
10 0.191226 0.189453 0.112421 0.112482 0.00209743
4 0.688387 0.685057 0.110989 0.112241 0.00207254
2 0.811254 0.685359 0.114167 0.111955 0.0020163
12 0.687491 0.189231 0.111334 0.112042 0.00199198
6 0.935996 0.313341 0.112735 0.114795 0.001952
4 0.93617 0.313301 0.112423 0.114702 0.00194738
5 0.191564 0.809376 0.113018 0.112734 0.00192111
3 0.0666533 0.188635 0.112294 0.112473 0.00191616
4 0.315402 0.313139 0.112607 0.112929 0.00187635
12 0.191709 0.313711 0.112197 0.111836 0.00187395
8 0.68831 0.685395 0.111287 0.111699 0.00183395
10 0.31566 0.685161 0.112257 0.11154 0.00182818
7 0.564451 0.685355 0.111608 0.111848 0.00181483
4 0.191664 0.561411 0.112657 0.111494 0.00178296
2 0.688213 0.313522 0.111735 0.11106 0.00173603
1 0.316046 0.933602 0.113379 0.113138 0.00172607
4 0.811827 0.313751 0.111285 0.111958 0.00170058
4 0.564299 0.809234 0.112097 0.112297 0.00168339
1 0.935842 0.188638 0.112733 0.112032 0.00167012
0 0.0664376 0.189401 0.112128 0.112026 0.00165511
12 0.43979 0.0646384 0.112913 0.112329 0.00163223
4 0.0666623 0.313451 0.113219 0.111367 0.00154279
0 0.0665282 0.436679 0.114575 0.11143 0.00154161
13 0.439208 0.934046 0.111612 0.111555 0.00152912
4 0.688186 0.313297 0.112138 0.112854 0.00151983
2 0.066846 0.933578 0.11434 0.1149 0.00150662
6 0.6881 0.0647359 0.11057 0.112157 0.00150183
7 0.439518 0.685186 0.112048 0.112424 0.00149002
8 0.811323 0.810052 0.112322 0.113182 0.00148957
1 0.066846 0.933578 0.11434 0.1149 0.00148555
3 0.315236 0.188966 0.110912 0.11166 0.00143042
10 0.564077 0.933624 0.112937 0.113029 0.00143036
6 0.315445 0.43772 0.111924 0.112312 0.00141526
13 0.812921 0.43657 0.110633 0.11209 0.00138815
0 0.316003 0.189186 0.110714 0.111221 0.00138513
12 0.811304 0.810248 0.112261 0.112447 0.00138502
10 0.0674232 0.809173 0.114026 0.113088 0.00137346
2 0.811626 0.809538 0.111761 0.112095 0.00136469
6 0.688213 0.313522 0.111735 0.11106 0.00135332
2 0.191026 0.0649293 0.112027 0.112785 0.00134926
7 0.439636 0.313238 0.111876 0.111692 0.00134721
6 0.439518 0.685186 0.112048 0.112424 0.00133769
3 0.813175 0.685168 0.113552 0.113517 0.00131973
8 0.191679 0.809278 0.11258 0.111914 0.00131112
10 0.811014 0.0649565 0.111719 0.1123 0.0013048
8 0.315864 0.685412 0.111618 0.111402 0.00129981
7 0.440002 0.561676 0.112426 0.111984 0.00129866
2 0.688168 0.189334 0.111538 0.111627 0.0012938
7 0.811247 0.561574 0.112239 0.112773 0.00128854
2 0.439443 0.68546 0.111777 0.112072 0.0012763
1 0.31515 0.561254 0.112181 0.111994 0.00127415
5 0.688198 0.18908 0.112728 0.111045 0.00126271
13 0.19133 0.685248 0.112441 0.111949 0.0012359
4 0.688208 0.561665 0.111219 0.112837 0.00123112
9 0.935803 0.684988 0.112034 0.111155 0.00122808
5 0.687678 0.934099 0.112023 0.112484 0.001219
3 0.936723 0.561278 0.112076 0.112336 0.00120058
4 0.811815 0.561322 0.111059 0.111744 0.00120002
3 0.81185 0.560976 0.111675 0.111834 0.00116746
0 0.935849 0.93332 0.112275 0.112066 0.00116691
3 0.935453 0.18923 0.111876 0.112336 0.00116583
13 0.687915 0.933719 0.110523 0.113008 0.00115907
11 0.439444 0.189003 0.110969 0.112051 0.00115342
7 0.191531 0.438101 0.112285 0.111287 0.00114343
13 0.0669711 0.808967 0.113778 0.111751 0.00113727
5 0.56403 0.809552 0.111914 0.112424 0.00113434
4 0.0676489 0.561068 0.112723 0.112717 0.00112384
6 0.067396 0.685475 0.113086 0.112646 0.00111278
5 0.688287 0.685401 0.111892 0.112478 0.00109339
0 0.688329 0.809701 0.112814 0.112664 0.00108804
2 0.936562 0.809651 0.111056 0.111863 0.001081
0 0.935961 0.561465 0.113732 0.111875 0.00107953
3 0.315453 0.436682 0.110106 0.112297 0.00107944
4 0.56384 0.437166 0.11094 0.111577 0.00106284
10 0.0675285 0.313703 0.113366 0.112868 0.0010628
6 0.0675285 0.313703 0.113366 0.112868 0.00105248
12 0.0674155 0.313658 0.113035 0.112436 0.0010515
8 0.316138 0.93416 0.113396 0.113399 0.00104277
5 0.935715 0.0655487 0.114058 0.113968 0.0010382
13 0.688555 0.436653 0.109634 0.111345 0.00102506
3 0.563955 0.436637 0.110379 0.112137 0.00102321
1 0.687734 0.312925 0.11106 0.111746 0.0010225
0 0.811098 0.188855 0.111864 0.112734 0.00101895
7 0.0674711 0.685271 0.113339 0.114343 0.00101646
6 0.191805 0.313754 0.112342 0.112207 0.00101345
3 0.56376 0.561069 0.111382 0.112441 0.0010121
5 0.563477 0.313604 0.112016 0.112001 0.00100963
4 0.191473 0.313615 0.11199 0.112087 0.00100544
13 0.314843 0.312897 0.111526 0.111862 0.00100477
