7 0.439525 0.933734 0.112547 0.112869 0.987126
13 0.563408 0.93375 0.111979 0.114093 0.986757
10 0.31587 0.809365 0.112222 0.112797 0.986125
12 0.315699 0.685405 0.111048 0.112127 0.985874
5 0.439678 0.810067 0.111351 0.1125 0.985686
5 0.563648 0.809908 0.111254 0.112684 0.985618
3 0.315243 0.0648219 0.112196 0.11282 0.985235
6 0.0673054 0.809588 0.112835 0.113296 0.985043
2 0.31517 0.934159 0.112517 0.112934 0.984857
11 0.935784 0.934326 0.113554 0.113797 0.984689
6 0.812303 0.933501 0.112173 0.11407 0.984504
4 0.688019 0.934103 0.112593 0.113527 0.98434
3 0.192313 0.809653 0.111402 0.113019 0.984263
8 0.563285 0.0652909 0.112268 0.112816 0.983838
7 0.1912 0.189306 0.111771 0.11231 0.983633
4 0.315718 0.561118 0.112436 0.11218 0.982961
8 0.0672519 0.685324 0.112852 0.113402 0.98284
4 0.439616 0.685487 0.112645 0.112708 0.982687
6 0.0671362 0.0641576 0.112955 0.113792 0.982672
2 0.191068 0.685104 0.112936 0.113001 0.982459
0 0.935974 0.684958 0.113362 0.111701 0.982322
3 0.316127 0.43748 0.111655 0.113247 0.982265
8 0.811991 0.809768 0.112602 0.112776 0.982065
6 0.191695 0.437425 0.111572 0.112986 0.982034
8 0.19074 0.0653629 0.112689 0.111816 0.981919
9 0.315257 0.313137 0.111104 0.111883 0.981888
7 0.439437 0.189237 0.11333 0.112725 0.981577
1 0.191592 0.561531 0.111754 0.112157 0.981535
12 0.0672825 0.437357 0.112804 0.113273 0.981367
1 0.191185 0.313266 0.112258 0.111956 0.981252
8 0.93642 0.809637 0.112432 0.112898 0.981117
11 0.0667778 0.18894 0.112057 0.112051 0.981031
1 0.687813 0.809377 0.112287 0.113493 0.980989
8 0.936135 0.0654741 0.113443 0.113519 0.980726
0 0.191593 0.933567 0.111481 0.11238 0.980614
10 0.0673578 0.313143 0.11224 0.113177 0.980502
6 0.43936 0.437216 0.112804 0.112263 0.980334
11 0.314912 0.188879 0.112258 0.112566 0.98016
1 0.563706 0.68506 0.112039 0.113056 0.980151
12 0.439398 0.06473 0.111013 0.113289 0.98015
5 0.43989 0.561441 0.111507 0.112879 0.979843
1 0.0669748 0.932914 0.11343 0.112215 0.979747
6 0.563861 0.313361 0.11246 0.113277 0.979713
4 0.563937 0.560959 0.112597 0.113933 0.979666
13 0.563078 0.189069 0.111837 0.112899 0.979606
5 0.438992 0.313037 0.111994 0.113361 0.979551
5 0.563229 0.437581 0.11226 0.112309 0.979471
1 0.687838 0.56122 0.112768 0.113166 0.979405
7 0.6874 0.436945 0.111996 0.111884 0.979323
12 0.687769 0.685012 0.111667 0.111706 0.979077
1 0.812162 0.437086 0.113258 0.113157 0.978911
5 0.812113 0.561394 0.112921 0.113809 0.978887
11 0.811975 0.685207 0.112884 0.113266 0.978876
10 0.936723 0.561428 0.112983 0.114046 0.978819
1 0.687663 0.312996 0.11237 0.112671 0.978797
0 0.0673224 0.561226 0.111768 0.111972 0.978779
5 0.812025 0.312816 0.113 0.113324 0.978765
5 0.936443 0.436891 0.113444 0.113614 0.978608
7 0.68749 0.189041 0.112066 0.112916 0.97845
2 0.811673 0.188317 0.112209 0.112736 0.978176
4 0.936881 0.312662 0.113254 0.11355 0.977777
0 0.936044 0.188697 0.113154 0.111698 0.977606
0 0.811918 0.064591 0.112008 0.112805 0.977324
11 0.687476 0.0645445 0.112759 0.112494 0.976882
10 0.686784 0.0645745 0.111781 0.11374 0.016464
10 0.935965 0.43691 0.111724 0.112604 0.0159441
3 0.811764 0.189878 0.112225 0.112207 0.0135911
1 0.0667503 0.560797 0.114005 0.111969 0.00932489
10 0.935844 0.933856 0.112582 0.112951 0.00667432
10 0.314777 0.188959 0.111902 0.111827 0.0062733
10 0.811404 0.685411 0.111041 0.112155 0.00597204
3 0.315457 0.934054 0.111732 0.112915 0.00577271
12 0.686793 0.188852 0.110292 0.113429 0.00471357
9 0.935715 0.0657816 0.113434 0.11316 0.00450375
8 0.812998 0.189216 0.110324 0.112841 0.00375859
1 0.936656 0.312841 0.113455 0.113751 0.00366651
11 0.935923 0.436996 0.111787 0.112148 0.00363692
10 0.439097 0.313199 0.111606 0.111805 0.00353057
4 0.0673578 0.313143 0.11224 0.113177 0.00331346
0 0.687978 0.312266 0.112289 0.11251 0.00316278
1 0.564077 0.561387 0.11306 0.113053 0.0031146
12 0.686808 0.437352 0.110148 0.113106 0.00306151
2 0.563736 0.0646821 0.112269 0.114083 0.00300683
0 0.812242 0.436447 0.113169 0.112845 0.00300135
10 0.43935 0.561164 0.111365 0.112058 0.00291927
1 0.315786 0.561521 0.113006 0.112641 0.00268131
11 0.563736 0.0646821 0.112269 0.114083 0.00266472
9 0.812444 0.809139 0.11317 0.113943 0.00263168
11 0.812303 0.809847 0.111765 0.113673 0.00261297
9 0.19074 0.0653629 0.112689 0.111816 0.00258464
7 0.563131 0.189624 0.111879 0.113877 0.00252985
7 0.936398 0.313309 0.113262 0.112929 0.00252435
1 0.688019 0.934103 0.112593 0.113527 0.00251873
10 0.439405 0.809494 0.111487 0.112173 0.00246633
0 0.688017 0.809077 0.11174 0.111985 0.00244644
6 0.439629 0.0647052 0.110686 0.114167 0.00234734
1 0.439616 0.685487 0.112645 0.112708 0.00233955
6 0.936398 0.313309 0.113262 0.112929 0.00227366
2 0.315786 0.561521 0.113006 0.112641 0.00227081
0 0.688253 0.685228 0.11209 0.113171 0.00226556
6 0.687938 0.933686 0.111327 0.112713 0.00225797
0 0.688227 0.560907 0.112035 0.111847 0.00223502
11 0.811476 0.313007 0.113277 0.112622 0.00222561
11 0.811578 0.561466 0.112719 0.111939 0.00219512
7 0.0673578 0.313143 0.11224 0.113177 0.00218858
7 0.315647 0.809051 0.111958 0.112477 0.00216614
7 0.687938 0.933686 0.111327 0.112713 0.00215763
11 0.0676009 0.685005 0.112494 0.11466 0.00213839
2 0.564077 0.561387 0.11306 0.113053 0.00210153
5 0.811532 0.188892 0.11309 0.112937 0.00206538
10 0.0666366 0.188487 0.112417 0.11235 0.00205338
2 0.812006 0.809971 0.112616 0.112174 0.00202532
3 0.564174 0.561332 0.111725 0.112791 0.00201437
9 0.936337 0.809685 0.112877 0.112017 0.00199136
4 0.315647 0.809051 0.111958 0.112477 0.00195603
1 0.813155 0.932733 0.111378 0.112854 0.00190937
3 0.191686 0.685346 0.111836 0.11331 0.00189032
2 0.936656 0.312841 0.113455 0.113751 0.00187358
6 0.564174 0.561332 0.111725 0.112791 0.0018537
12 0.56336 0.188544 0.111822 0.112466 0.00182523
9 0.811334 0.684965 0.111738 0.111589 0.0018178
2 0.0671869 0.685439 0.113071 0.112946 0.0018159
2 0.688083 0.561171 0.112196 0.112822 0.00178052
4 0.563843 0.68499 0.111758 0.11212 0.0017413
9 0.563736 0.0652694 0.112575 0.113321 0.00173558
13 0.935978 0.561246 0.110894 0.112113 0.00173095
2 0.439616 0.685487 0.112645 0.112708 0.00172919
11 0.93669 0.809866 0.111633 0.113223 0.00170112
6 0.688006 0.685174 0.11173 0.112282 0.00168555
4 0.563422 0.437899 0.111958 0.112166 0.00168446
6 0.0672825 0.437357 0.112804 0.113273 0.00166686
6 0.686822 0.189039 0.114072 0.113331 0.00161161
4 0.439454 0.933715 0.112757 0.113255 0.00160472
3 0.564166 0.31309 0.112313 0.113317 0.00160126
6 0.688265 0.437944 0.110941 0.11388 0.0015855
10 0.563375 0.437571 0.112313 0.111923 0.00156975
4 0.688017 0.809077 0.11174 0.111985 0.00156424
3 0.4401 0.685349 0.111314 0.112296 0.00153253
6 0.439553 0.685167 0.111862 0.112762 0.00152594
2 0.688183 0.809108 0.113066 0.112605 0.00152305
5 0.315229 0.56112 0.112428 0.1125 0.00152183
2 0.688018 0.313042 0.111978 0.113173 0.00147931
5 0.315326 0.809249 0.11219 0.1122 0.00147066
10 0.811422 0.312846 0.111333 0.111873 0.00146488
10 0.812485 0.561208 0.111666 0.112599 0.00145847
2 0.813058 0.561437 0.114111 0.114815 0.00143618
3 0.316159 0.561535 0.111531 0.11243 0.00142772
10 0.563682 0.809124 0.11242 0.113089 0.00142246
4 0.439899 0.809364 0.111926 0.112118 0.0014041
3 0.936398 0.313309 0.113262 0.112929 0.00140403
9 0.935984 0.189004 0.112842 0.112744 0.00139877
7 0.564174 0.561332 0.111725 0.112791 0.00139652
5 0.935775 0.93379 0.111901 0.113371 0.00138652
1 0.812163 0.0641255 0.110971 0.113122 0.0013702
11 0.562751 0.436628 0.111178 0.110519 0.00135886
0 0.191132 0.313322 0.111277 0.112699 0.00135712
4 0.687953 0.560806 0.112645 0.113001 0.00135498
2 0.315882 0.437437 0.111698 0.112594 0.00134949
7 0.4401 0.685349 0.111314 0.112296 0.00134331
13 0.935775 0.93379 0.111901 0.113371 0.00134225
2 0.811161 0.313088 0.112032 0.11232 0.00132951
6 0.316159 0.561535 0.111531 0.11243 0.00132718
4 0.68768 0.313155 0.111994 0.112088 0.00132639
3 0.191367 0.437127 0.112826 0.112934 0.00130878
12 0.315483 0.313657 0.111647 0.112574 0.00130656
3 0.687938 0.933686 0.111327 0.112713 0.0013014
11 0.191522 0.0644875 0.111595 0.112046 0.00129824
2 0.564019 0.437982 0.112981 0.113305 0.00129607
0 0.191427 0.561205 0.112152 0.112674 0.00129594
5 0.0661551 0.31286 0.112141 0.112139 0.00129005
0 0.813048 0.810283 0.112309 0.114479 0.00128494
5 0.563505 0.561205 0.112412 0.112605 0.00125971
8 0.811334 0.684965 0.111738 0.111589 0.00125451
11 0.935958 0.0649869 0.111561 0.113264 0.00125407
0 0.0666014 0.933917 0.113448 0.113306 0.00125029
0 0.936408 0.809691 0.112233 0.113339 0.00124279
9 0.935986 0.684987 0.11209 0.111657 0.00123075
5 0.936155 0.313309 0.112142 0.112832 0.00122967
1 0.812298 0.188607 0.111814 0.113342 0.00122391
13 0.686916 0.436996 0.112222 0.112672 0.00122005
4 0.191168 0.313606 0.112362 0.113278 0.00121767
3 0.563422 0.437899 0.111958 0.112166 0.00121528
2 0.688019 0.934103 0.112593 0.113527 0.0011991
4 0.191592 0.561531 0.111754 0.112157 0.00119906
3 0.812303 0.933501 0.112173 0.11407 0.00118623
13 0.686897 0.188489 0.112959 0.112576 0.00118552
0 0.563843 0.68499 0.111758 0.11212 0.00117973
6 0.316308 0.437948 0.112507 0.113565 0.00117821
9 0.0668357 0.685213 0.113913 0.112835 0.0011773
3 0.439503 0.437315 0.112474 0.112836 0.00116502
5 0.688142 0.064628 0.111978 0.111973 0.0011498
13 0.0670427 0.313117 0.112517 0.112362 0.00114692
5 0.936998 0.562187 0.111979 0.113673 0.00114062
7 0.936203 0.561243 0.111419 0.113614 0.00113141
4 0.811899 0.313326 0.11254 0.112814 0.00113109
4 0.316308 0.437948 0.112507 0.113565 0.00112234
7 0.316159 0.561535 0.111531 0.11243 0.00111694
9 0.936509 0.561643 0.112434 0.113011 0.00110621
5 0.811876 0.685371 0.111886 0.112696 0.00110065
2 0.93642 0.809637 0.112432 0.112898 0.00109684
1 0.192015 0.80944 0.11188 0.112238 0.00108771
9 0.812025 0.0649771 0.111598 0.113079 0.00108392
10 0.563136 0.933553 0.111546 0.113615 0.00108324
4 0.688437 0.436539 0.110696 0.113045 0.00108312
3 0.0667694 0.809419 0.113949 0.113923 0.00108175
7 0.811804 0.932951 0.112288 0.112906 0.00108172
12 0.563136 0.933553 0.111546 0.113615 0.00107181
0 0.191466 0.0650225 0.111036 0.112282 0.00105044
9 0.935493 0.93375 0.11109 0.11183 0.0010501
5 0.191256 0.684874 0.111488 0.112352 0.00104442
13 0.315439 0.809785 0.112203 0.111816 0.00103427
11 0.936892 0.561158 0.111491 0.113529 0.0010339
3 0.0671362 0.0641576 0.112955 0.113792 0.00103041
4 0.43905 0.313465 0.111794 0.112697 0.00102475
2 0.936548 0.437939 0.113221 0.1147 0.00101596
8 0.688146 0.06438 0.112547 0.114374 0.00101173
0 0.315004 0.313343 0.111117 0.112479 0.00101166
4 0.68815 0.189179 0.112636 0.11435 0.00101067
5 0.315198 0.933421 0.112041 0.111449 0.00100909
6 0.191111 0.188978 0.112259 0.112073 0.00100012
