13 0.31496 0.809606 0.112666 0.113174 0.987429
2 0.563473 0.933925 0.112333 0.113487 0.986519
9 0.56324 0.809395 0.112265 0.113887 0.986305
13 0.439376 0.684964 0.111959 0.112996 0.986202
7 0.0671662 0.809648 0.112879 0.112834 0.985833
3 0.687207 0.809799 0.112497 0.11414 0.98575
12 0.936116 0.933846 0.112144 0.113158 0.985593
4 0.439408 0.809863 0.11217 0.112429 0.985342
5 0.688278 0.934321 0.112 0.113421 0.985221
6 0.439664 0.933841 0.112688 0.113892 0.985067
3 0.31525 0.0649047 0.11261 0.112769 0.984956
3 0.31588 0.93414 0.112931 0.113632 0.984878
12 0.191884 0.685445 0.111598 0.112616 0.984612
3 0.31569 0.685232 0.113431 0.113834 0.98425
8 0.439205 0.0653208 0.112365 0.112346 0.983811
3 0.191835 0.561655 0.111234 0.112832 0.98348
13 0.0663566 0.933664 0.114331 0.113701 0.983078
11 0.936286 0.810162 0.11345 0.112869 0.983027
3 0.191623 0.189524 0.111378 0.113532 0.982913
10 0.191177 0.0649773 0.1106 0.11211 0.982797
9 0.0667802 0.0645412 0.114338 0.115325 0.982704
9 0.315213 0.437289 0.113128 0.113544 0.982658
3 0.315994 0.313486 0.112305 0.114224 0.982618
5 0.812149 0.810317 0.112222 0.112535 0.982508
12 0.067422 0.685454 0.112705 0.112731 0.98247
2 0.563595 0.685363 0.112029 0.112856 0.982413
10 0.812406 0.933533 0.111931 0.113556 0.982148
10 0.191175 0.43723 0.112529 0.111266 0.981981
4 0.0676207 0.43702 0.112848 0.113083 0.981611
11 0.191124 0.313049 0.11135 0.112907 0.981158
11 0.19109 0.809147 0.111818 0.11294 0.981053
1 0.315173 0.188987 0.111817 0.111488 0.981019
11 0.0673881 0.561256 0.111323 0.11297 0.98073
10 0.0674034 0.189123 0.112173 0.114043 0.980451
0 0.191712 0.933638 0.112332 0.112837 0.98008
11 0.56312 0.0654737 0.111919 0.113122 0.98005
2 0.439068 0.312714 0.111853 0.111715 0.979862
10 0.687795 0.189031 0.111934 0.113372 0.979828
5 0.439239 0.437257 0.112495 0.113745 0.979532
7 0.812623 0.685332 0.11225 0.112137 0.979524
4 0.56357 0.188858 0.11189 0.113403 0.979322
7 0.68708 0.685283 0.111721 0.111491 0.979144
5 0.563405 0.561488 0.112288 0.11322 0.979133
0 0.314886 0.560949 0.112818 0.111399 0.97909
13 0.93601 0.437346 0.113833 0.113589 0.97894
9 0.936276 0.685909 0.111614 0.11272 0.978904
10 0.936525 0.0646368 0.11304 0.114171 0.978863
1 0.439316 0.561232 0.112861 0.113039 0.978791
12 0.687807 0.313161 0.112197 0.113223 0.978787
12 0.687591 0.437239 0.111523 0.111945 0.978776
3 0.812027 0.43753 0.112047 0.112541 0.978557
8 0.564007 0.437046 0.112009 0.113968 0.978493
13 0.811629 0.188981 0.112608 0.113369 0.97849
7 0.687816 0.561419 0.112291 0.113442 0.978364
0 0.811689 0.561403 0.112584 0.112502 0.977964
0 0.563162 0.313701 0.111402 0.111826 0.977942
0 0.439036 0.18889 0.111928 0.111932 0.977938
6 0.936526 0.312763 0.113587 0.113191 0.977926
0 0.067488 0.313179 0.112556 0.113294 0.977785
3 0.936371 0.561705 0.111759 0.112552 0.977619
7 0.812059 0.313078 0.112988 0.113753 0.977607
0 0.935888 0.188426 0.113514 0.112695 0.977497
11 0.687321 0.0655244 0.111364 0.11299 0.977491
0 0.811495 0.0652498 0.111939 0.111892 0.97683
10 0.686785 0.0648613 0.111455 0.113205 0.0194357
3 0.563959 0.685356 0.112131 0.112985 0.0146036
1 0.0667445 0.313394 0.112248 0.112384 0.0106214
3 0.563482 0.933523 0.112077 0.11321 0.00905376
10 0.0670442 0.561086 0.113255 0.114912 0.00716626
9 0.563787 0.437495 0.112994 0.113354 0.00710745
3 0.439671 0.313765 0.112933 0.113551 0.00670384
12 0.811508 0.685662 0.111515 0.112941 0.0064516
12 0.8114 0.312892 0.112114 0.113186 0.0054923
12 0.686726 0.561416 0.109763 0.111977 0.0047142
12 0.68671 0.685675 0.110822 0.112003 0.00440453
2 0.0665928 0.436983 0.113892 0.112162 0.00428283
10 0.43914 0.437358 0.112064 0.112813 0.00415442
10 0.936094 0.80987 0.112373 0.113335 0.00413229
12 0.811546 0.188526 0.112033 0.112069 0.00405886
1 0.811786 0.560861 0.112686 0.112355 0.00391887
1 0.0665928 0.436983 0.113892 0.112162 0.00378426
4 0.687765 0.189738 0.111418 0.112645 0.00365362
2 0.563839 0.436825 0.110739 0.113958 0.00339676
1 0.563474 0.189486 0.11135 0.112749 0.00337597
7 0.688091 0.189602 0.112469 0.11448 0.00332494
10 0.688031 0.934219 0.111213 0.111483 0.00332392
7 0.811741 0.18955 0.112062 0.113789 0.00318729
5 0.935991 0.0656502 0.113396 0.113718 0.00313414
6 0.19196 0.685454 0.112114 0.112331 0.0029956
12 0.43938 0.685033 0.111973 0.112463 0.00290615
10 0.56365 0.0651377 0.112553 0.113357 0.00288091
1 0.563718 0.312553 0.112495 0.113245 0.00285564
8 0.564011 0.933548 0.112702 0.1134 0.00283243
4 0.191206 0.437167 0.111788 0.112376 0.0025109
12 0.936124 0.686176 0.111308 0.114696 0.00245349
11 0.563786 0.436665 0.111053 0.112788 0.00239465
4 0.0674034 0.189123 0.112173 0.114043 0.0023858
1 0.315178 0.560861 0.112545 0.11294 0.00238293
4 0.688217 0.809276 0.111616 0.113325 0.00233507
13 0.686833 0.561011 0.110955 0.112197 0.00233075
12 0.191839 0.561147 0.111422 0.111785 0.00227422
1 0.812282 0.0639919 0.112002 0.113906 0.00225355
6 0.811459 0.685106 0.112159 0.112327 0.00223435
11 0.688457 0.933498 0.113703 0.113044 0.00220835
5 0.688072 0.189443 0.113459 0.113563 0.00215534
9 0.813111 0.437885 0.10801 0.111235 0.00215002
1 0.439408 0.809863 0.11217 0.112429 0.00213635
6 0.067422 0.685454 0.112705 0.112731 0.00212922
2 0.688477 0.933168 0.113453 0.113758 0.00211103
3 0.936335 0.313031 0.111881 0.112293 0.00208955
10 0.563259 0.809061 0.111675 0.113727 0.00204774
6 0.563901 0.189545 0.111642 0.113027 0.00202233
2 0.688242 0.809611 0.111223 0.11275 0.00201024
6 0.686839 0.436826 0.111549 0.112345 0.0020099
5 0.688269 0.809311 0.111505 0.112829 0.00199047
5 0.812511 0.934068 0.110666 0.113481 0.00196199
7 0.191206 0.437167 0.111788 0.112376 0.00195443
12 0.936069 0.561465 0.110968 0.112241 0.00195203
7 0.935997 0.313372 0.112033 0.112796 0.00192936
2 0.439682 0.065 0.111422 0.113619 0.00192847
13 0.191271 0.0645832 0.111601 0.111704 0.00190881
7 0.813167 0.933189 0.111941 0.114712 0.00186605
13 0.686827 0.685237 0.112278 0.112609 0.00184312
2 0.811384 0.809367 0.114107 0.112711 0.00184036
0 0.563026 0.438016 0.110554 0.113617 0.00183709
3 0.563901 0.189545 0.111642 0.113027 0.00178138
5 0.191105 0.809388 0.111193 0.112134 0.00177435
0 0.688204 0.4376 0.110953 0.112612 0.00175501
12 0.315266 0.809826 0.111277 0.112682 0.00174111
6 0.687797 0.3132 0.111813 0.112816 0.00172232
2 0.439408 0.809863 0.11217 0.112429 0.00171604
3 0.936124 0.686176 0.111308 0.114696 0.00170661
4 0.316412 0.313651 0.112292 0.112665 0.00167548
0 0.316087 0.436833 0.109308 0.113061 0.00166516
7 0.0674034 0.189123 0.112173 0.114043 0.00165571
12 0.687801 0.809602 0.11186 0.112748 0.00164548
5 0.688131 0.0648243 0.110957 0.111369 0.00162143
7 0.191181 0.0651013 0.110886 0.112847 0.00161281
4 0.191181 0.0651013 0.110886 0.112847 0.00159953
13 0.191007 0.437487 0.112117 0.111634 0.00158484
2 0.812797 0.438024 0.111794 0.112849 0.00157821
10 0.93564 0.436904 0.111087 0.111917 0.00157208
1 0.56382 0.685128 0.112555 0.113081 0.00156661
2 0.563474 0.189486 0.11135 0.112749 0.00156534
12 0.191321 0.188762 0.111427 0.1122 0.00154723
10 0.0666073 0.933707 0.112133 0.112906 0.00153868
9 0.812366 0.93396 0.110515 0.112626 0.00153742
6 0.688199 0.685753 0.111529 0.113147 0.00152191
6 0.688148 0.561535 0.111578 0.113519 0.00150241
10 0.563707 0.561281 0.111202 0.112623 0.00150011
7 0.439794 0.809419 0.110809 0.112063 0.0014952
11 0.811755 0.932997 0.112012 0.111979 0.00149303
4 0.439311 0.437905 0.112536 0.111826 0.00146498
12 0.811612 0.437458 0.110365 0.112818 0.00146281
1 0.564044 0.933328 0.113219 0.113724 0.00145147
0 0.935796 0.685575 0.112845 0.113495 0.00143217
11 0.439682 0.065 0.111422 0.113619 0.00142761
1 0.191762 0.933464 0.112488 0.113406 0.00142018
3 0.439794 0.809419 0.110809 0.112063 0.00141883
6 0.936111 0.561829 0.110995 0.113439 0.00138612
1 0.936388 0.561538 0.111375 0.111766 0.00138312
3 0.935966 0.933567 0.112669 0.11452 0.00136755
1 0.439014 0.31341 0.111797 0.112908 0.00136751
6 0.811333 0.312652 0.112705 0.112876 0.00135989
6 0.811612 0.437458 0.110365 0.112818 0.0013404
11 0.438547 0.436642 0.111474 0.110857 0.00132842
0 0.439534 0.56098 0.112181 0.112828 0.00131887
4 0.439515 0.561336 0.112094 0.112365 0.00131397
10 0.811368 0.809828 0.111792 0.11243 0.00131258
3 0.688115 0.313227 0.111723 0.113024 0.00129496
9 0.439751 0.0652114 0.112464 0.113331 0.00128867
10 0.190765 0.313329 0.111865 0.112746 0.00123098
1 0.439397 0.188271 0.11232 0.112953 0.0012014
13 0.811565 0.685325 0.110946 0.113089 0.00119945
4 0.315502 0.189166 0.112227 0.113303 0.00119763
6 0.316412 0.313651 0.112292 0.112665 0.00118214
0 0.688081 0.313821 0.110985 0.114896 0.00118017
7 0.0673373 0.437495 0.112969 0.112576 0.00117512
13 0.936454 0.0644548 0.111761 0.112301 0.00114738
0 0.315301 0.188679 0.112226 0.113002 0.00114535
13 0.687477 0.189246 0.111862 0.111888 0.00114294
8 0.439013 0.312844 0.112565 0.114197 0.00112968
7 0.0667684 0.933892 0.114153 0.114665 0.0011245
9 0.93593 0.188866 0.113018 0.113623 0.00111859
10 0.93624 0.933604 0.111289 0.113695 0.00111491
6 0.439794 0.809419 0.110809 0.112063 0.00111352
4 0.812018 0.313391 0.111963 0.113334 0.0011107
1 0.687979 0.809684 0.111402 0.112434 0.00109244
11 0.0665189 0.0653144 0.112463 0.111669 0.00108912
0 0.563814 0.809649 0.111897 0.112136 0.001085
6 0.191765 0.18929 0.111975 0.112371 0.00107795
2 0.563284 0.561614 0.111692 0.112156 0.00106956
5 0.93625 0.809388 0.112006 0.112374 0.00106849
11 0.811423 0.809753 0.114239 0.112456 0.00106395
4 0.812321 0.685408 0.112302 0.112706 0.00105847
3 0.811423 0.809753 0.114239 0.112456 0.00105158
13 0.812063 0.933596 0.111208 0.1113 0.0010503
10 0.190962 0.809864 0.111336 0.112731 0.00104331
7 0.439376 0.684964 0.111959 0.112996 0.00104219
6 0.0673373 0.437495 0.112969 0.112576 0.0010228
3 0.439311 0.437905 0.112536 0.111826 0.00102245
12 0.315745 0.438033 0.110587 0.113122 0.00101828
8 0.190698 0.313447 0.11206 0.113629 0.00101411
7 0.563901 0.189545 0.111642 0.113027 0.00101309
12 0.563814 0.809649 0.111897 0.112136 0.0010107
8 0.563814 0.809649 0.111897 0.112136 0.00100645
4 0.812406 0.933533 0.111931 0.113556 0.00100276
