3 0.315444 0.933939 0.112892 0.112059 0.987976
2 0.439189 0.809784 0.11206 0.112604 0.986425
4 0.067007 0.934443 0.112762 0.112164 0.986272
12 0.192251 0.933549 0.110404 0.112338 0.985368
11 0.438753 0.0650261 0.111398 0.112312 0.984929
11 0.812113 0.93373 0.112705 0.113752 0.984835
0 0.936189 0.933409 0.112595 0.111294 0.984603
6 0.190963 0.685457 0.110868 0.11126 0.984433
12 0.688524 0.933757 0.111895 0.113697 0.984329
4 0.0672437 0.561449 0.112988 0.11139 0.983874
9 0.31556 0.312927 0.112334 0.112034 0.983655
9 0.191903 0.56135 0.111078 0.112319 0.983645
11 0.191493 0.809349 0.112053 0.112741 0.983544
4 0.315373 0.437143 0.113073 0.112846 0.983269
13 0.191833 0.188787 0.111121 0.11112 0.983162
1 0.315479 0.685293 0.111981 0.112031 0.983006
1 0.0673191 0.685548 0.11249 0.112344 0.982741
4 0.191502 0.313418 0.112746 0.112267 0.982705
4 0.315461 0.0651342 0.112656 0.112856 0.982477
4 0.563793 0.933987 0.112303 0.113251 0.982343
0 0.439653 0.933984 0.112307 0.113145 0.982199
4 0.066981 0.189218 0.113232 0.112174 0.98208
12 0.563737 0.809425 0.110919 0.112175 0.982069
10 0.0676247 0.31321 0.112889 0.111504 0.98173
3 0.0672591 0.064768 0.112533 0.112346 0.981704
12 0.191331 0.437599 0.111803 0.111416 0.981697
7 0.936296 0.685416 0.112044 0.111074 0.981493
13 0.936369 0.80963 0.112636 0.111917 0.98144
7 0.563078 0.0650883 0.111476 0.1125 0.98144
1 0.0673018 0.43742 0.112605 0.11268 0.981355
9 0.687843 0.68558 0.111675 0.111264 0.981166
1 0.19146 0.0645472 0.112179 0.112856 0.981081
4 0.812657 0.809754 0.11386 0.114114 0.980962
10 0.687977 0.809411 0.111631 0.111946 0.980745
13 0.687469 0.0647525 0.112349 0.111371 0.980667
6 0.315883 0.188491 0.111404 0.112065 0.980636
3 0.439118 0.188964 0.11177 0.112423 0.980569
1 0.564009 0.685285 0.112193 0.113109 0.98041
11 0.439427 0.436837 0.113093 0.112129 0.980313
12 0.563335 0.313816 0.112293 0.111889 0.9797
0 0.315504 0.80954 0.111684 0.112028 0.979679
4 0.563695 0.188752 0.112665 0.113356 0.97954
6 0.688131 0.561601 0.112676 0.112335 0.979392
8 0.315507 0.561374 0.112253 0.111371 0.979387
1 0.439498 0.561274 0.113247 0.113469 0.97937
11 0.812179 0.561205 0.112528 0.113376 0.979291
2 0.439078 0.313226 0.113118 0.112854 0.97928
5 0.56355 0.561112 0.111963 0.113513 0.97925
12 0.687737 0.313623 0.11234 0.112127 0.979218
1 0.563507 0.437289 0.112643 0.11329 0.9791
4 0.812521 0.685093 0.113287 0.11261 0.978925
13 0.68765 0.437452 0.112543 0.112591 0.978893
1 0.812211 0.437147 0.1134 0.112911 0.978765
4 0.812469 0.312796 0.113253 0.113003 0.978635
4 0.812328 0.188724 0.113108 0.11299 0.978539
0 0.687559 0.188921 0.112123 0.113453 0.978358
1 0.936253 0.0642166 0.114164 0.113435 0.97823
0 0.439511 0.685303 0.111861 0.11333 0.978023
3 0.812186 0.064823 0.112589 0.112549 0.977884
4 0.936478 0.188297 0.113062 0.113088 0.977784
3 0.936419 0.31345 0.111456 0.112316 0.97769
3 0.936672 0.436957 0.112103 0.112647 0.977595
7 0.936539 0.561563 0.112627 0.112638 0.9775
0 0.0673924 0.809206 0.112128 0.113459 0.97709
4 0.688194 0.809073 0.112607 0.113082 0.0145402
1 0.0672417 0.809224 0.112619 0.112483 0.00683666
12 0.687792 0.437914 0.108402 0.112663 0.00668148
8 0.813184 0.933311 0.110951 0.114191 0.00628113
3 0.687684 0.561243 0.112419 0.112121 0.00572458
10 0.811674 0.933041 0.110636 0.111401 0.00562557
2 0.315733 0.561285 0.110723 0.112482 0.00522341
5 0.688194 0.809073 0.112607 0.113082 0.0051028
12 0.935998 0.809962 0.112153 0.113911 0.00488538
1 0.0670249 0.934489 0.113964 0.113577 0.00484308
1 0.191261 0.313276 0.111048 0.111853 0.00478236
0 0.688194 0.68536 0.11059 0.11104 0.00474108
1 0.066668 0.189063 0.111958 0.111284 0.0043964
10 0.811541 0.561434 0.110006 0.112142 0.00416956
1 0.0666707 0.560973 0.113466 0.111645 0.00400307
1 0.936467 0.188816 0.113112 0.113278 0.00395997
1 0.315638 0.437537 0.112777 0.112451 0.00391506
1 0.812136 0.313561 0.113065 0.113181 0.00389608
1 0.563398 0.189206 0.112006 0.11266 0.00385283
1 0.812445 0.685377 0.113264 0.1129 0.00379001
1 0.314992 0.0651188 0.111323 0.111475 0.00359298
1 0.812167 0.189291 0.113075 0.11327 0.00354274
0 0.315599 0.313459 0.111748 0.112008 0.00345645
1 0.563793 0.933987 0.112303 0.113251 0.0034403
3 0.190973 0.684948 0.110731 0.111489 0.00338395
10 0.812611 0.809532 0.112475 0.112424 0.00337888
7 0.68824 0.809332 0.112575 0.113983 0.00310293
1 0.812356 0.809642 0.113089 0.113054 0.00308039
8 0.811943 0.56114 0.112824 0.11332 0.00299988
8 0.688237 0.685381 0.111703 0.111656 0.00294769
8 0.439873 0.437308 0.111964 0.112395 0.00289272
10 0.439423 0.436598 0.112022 0.112761 0.00283679
3 0.315183 0.188206 0.110782 0.112092 0.00272159
0 0.812368 0.436588 0.113273 0.112455 0.00262267
6 0.93603 0.561564 0.112236 0.113297 0.00260332
9 0.811674 0.933041 0.110636 0.111401 0.00248023
12 0.68759 0.064907 0.111279 0.111157 0.0023482
0 0.935967 0.0641764 0.112867 0.113346 0.00234477
12 0.191555 0.189184 0.111378 0.111555 0.00233818
11 0.0667921 0.313047 0.112509 0.1115 0.00230275
11 0.315913 0.561193 0.11067 0.112729 0.00227731
1 0.687848 0.188371 0.111809 0.11312 0.00226648
1 0.439298 0.313172 0.112678 0.113204 0.00224016
11 0.68777 0.437859 0.113306 0.112186 0.00221976
1 0.439601 0.685276 0.111522 0.11212 0.00219472
7 0.190963 0.685457 0.110868 0.11126 0.00214531
7 0.68691 0.561394 0.111619 0.112458 0.00204291
12 0.936063 0.313068 0.110695 0.11208 0.00202687
12 0.439661 0.188957 0.111277 0.112238 0.0020133
5 0.812086 0.933974 0.112884 0.113225 0.00201105
6 0.935999 0.685585 0.112001 0.113625 0.00194824
12 0.936121 0.561871 0.111978 0.1138 0.00191471
12 0.936007 0.685759 0.112535 0.113869 0.00191255
10 0.812651 0.685434 0.112574 0.113 0.00188416
5 0.191456 0.809492 0.112808 0.112508 0.00187147
9 0.813005 0.0650959 0.108776 0.109345 0.00186055
0 0.19146 0.0645472 0.112179 0.112856 0.00182957
1 0.315593 0.809596 0.111763 0.112739 0.00181241
2 0.0666707 0.560973 0.113466 0.111645 0.00179548
0 0.563756 0.436902 0.112392 0.11315 0.00178418
4 0.315183 0.188206 0.110782 0.112092 0.00174455
8 0.315674 0.31344 0.111188 0.112081 0.00172947
2 0.066668 0.189063 0.111958 0.111284 0.00172619
2 0.0666478 0.934022 0.1132 0.112958 0.00170178
4 0.686863 0.561752 0.11289 0.111424 0.00169252
12 0.936331 0.437586 0.110957 0.112248 0.00168549
7 0.93617 0.188807 0.113073 0.112673 0.00163293
6 0.68758 0.313593 0.112741 0.112645 0.00161174
2 0.813005 0.0650959 0.108776 0.109345 0.00159882
4 0.439708 0.561425 0.112295 0.112417 0.00158059
13 0.191493 0.809349 0.112053 0.112741 0.00156883
1 0.43972 0.809343 0.113081 0.112963 0.00152962
2 0.191261 0.313276 0.111048 0.111853 0.00151921
6 0.563494 0.313361 0.111372 0.112866 0.00151393
7 0.066668 0.189063 0.111958 0.111284 0.00151311
4 0.564059 0.685241 0.111704 0.112124 0.00150815
6 0.812191 0.313429 0.113119 0.112013 0.00149736
9 0.936187 0.437503 0.110834 0.111446 0.00147434
7 0.0673947 0.313437 0.11289 0.112808 0.00146192
10 0.687643 0.437932 0.11243 0.112528 0.00145324
3 0.439496 0.313923 0.112461 0.113186 0.00144735
8 0.439145 0.934011 0.111963 0.111917 0.00141651
12 0.315674 0.31344 0.111188 0.112081 0.00141235
4 0.315479 0.685293 0.111981 0.112031 0.0014115
13 0.811943 0.56114 0.112824 0.11332 0.00140802
12 0.688194 0.68536 0.11059 0.11104 0.00139981
4 0.563729 0.437493 0.112296 0.112554 0.00139751
6 0.811648 0.0649233 0.110211 0.112019 0.00135874
5 0.811912 0.809704 0.11283 0.112269 0.00134629
12 0.811648 0.0649233 0.110211 0.112019 0.00132669
11 0.191047 0.188927 0.112057 0.1117 0.0013253
6 0.936806 0.313344 0.111255 0.11356 0.00132485
2 0.812611 0.809532 0.112475 0.112424 0.00131089
6 0.190638 0.438179 0.113481 0.110784 0.00129958
0 0.688094 0.313432 0.112271 0.114589 0.00129949
1 0.936307 0.313056 0.110968 0.111786 0.00129393
10 0.688175 0.9335 0.111355 0.112801 0.00127881
4 0.688175 0.9335 0.111355 0.112801 0.00127429
7 0.563869 0.188971 0.112151 0.113181 0.00127361
4 0.936342 0.561224 0.112105 0.111477 0.0012727
2 0.812167 0.189291 0.113075 0.11327 0.00126061
13 0.0673257 0.313434 0.112116 0.113474 0.00124873
13 0.812112 0.933509 0.112686 0.114357 0.00124255
4 0.56356 0.313311 0.112597 0.112977 0.00123578
4 0.936242 0.685379 0.112374 0.112718 0.00123001
7 0.315727 0.0650769 0.111622 0.112777 0.00122412
9 0.811447 0.561196 0.110863 0.111341 0.00121204
12 0.191769 0.560849 0.111073 0.11205 0.00120447
7 0.811637 0.809091 0.112936 0.115299 0.00119536
5 0.314973 0.0653998 0.112214 0.111489 0.00119035
0 0.0672546 0.436694 0.112958 0.112819 0.00117743
2 0.812445 0.685377 0.113264 0.1129 0.00117635
9 0.936337 0.933699 0.11125 0.111963 0.00117366
7 0.812441 0.685604 0.112562 0.111911 0.00116629
1 0.315183 0.188206 0.110782 0.112092 0.00115824
9 0.0670012 0.31318 0.113313 0.111469 0.00115034
3 0.439968 0.80946 0.111481 0.112407 0.00115023
4 0.812383 0.437598 0.112268 0.113096 0.0011484
0 0.564179 0.685159 0.112014 0.112881 0.00114729
4 0.439661 0.188957 0.111277 0.112238 0.00113606
2 0.936467 0.188816 0.113112 0.113278 0.0011316
2 0.812136 0.313561 0.113065 0.113181 0.0011257
4 0.935701 0.0647077 0.113243 0.112824 0.00112468
4 0.067132 0.685167 0.113118 0.112959 0.00112144
2 0.81298 0.437135 0.11208 0.113359 0.00112086
4 0.936331 0.437586 0.110957 0.112248 0.00112062
7 0.315388 0.188557 0.111713 0.112203 0.00111237
8 0.191493 0.809349 0.112053 0.112741 0.00111127
3 0.688124 0.313008 0.112444 0.113313 0.00110475
2 0.0665042 0.0646824 0.113598 0.111687 0.00110066
12 0.935814 0.188549 0.111327 0.111669 0.00109275
7 0.81166 0.312446 0.112658 0.115175 0.00108639
11 0.936369 0.80963 0.112636 0.111917 0.00107736
5 0.439304 0.0650918 0.110876 0.112439 0.00107607
0 0.0669135 0.685223 0.111871 0.112839 0.00107015
0 0.439744 0.56125 0.112905 0.112963 0.00106714
1 0.688228 0.561229 0.111222 0.11317 0.00106471
2 0.56343 0.561361 0.112369 0.112711 0.00106045
6 0.936214 0.437266 0.110706 0.112186 0.00105736
5 0.0668376 0.561182 0.11229 0.112508 0.00105437
9 0.191627 0.809755 0.112328 0.112716 0.00105334
1 0.0666472 0.0650934 0.112513 0.112263 0.00105323
6 0.563737 0.809425 0.110919 0.112175 0.00104174
9 0.439349 0.436753 0.111581 0.112164 0.00103937
5 0.811343 0.313228 0.112156 0.112458 0.00102259
5 0.0676308 0.0646059 0.112473 0.111952 0.00102
13 0.687939 0.809704 0.111976 0.112067 0.00101139
4 0.191485 0.0650095 0.112137 0.113003 0.00101102
0 0.191769 0.560849 0.111073 0.11205 0.00100942
7 0.812099 0.189314 0.112922 0.112425 0.00100867
9 0.0665042 0.0646824 0.113598 0.111687 0.00100841
