3 0.315273 0.934277 0.113615 0.114378 0.988067
9 0.811434 0.934014 0.112081 0.113076 0.98616
13 0.315126 0.809363 0.111699 0.112709 0.9855
2 0.439182 0.934148 0.11279 0.113701 0.98493
10 0.191921 0.809416 0.112158 0.111922 0.984878
10 0.439519 0.80965 0.112275 0.112899 0.984323
3 0.93581 0.809888 0.113834 0.112845 0.984299
5 0.935882 0.933941 0.11267 0.113512 0.984158
1 0.563361 0.933962 0.1122 0.113783 0.983939
10 0.0675656 0.685589 0.11347 0.112571 0.983934
4 0.439022 0.0647889 0.111537 0.113158 0.983708
13 0.687557 0.810005 0.112101 0.11293 0.983535
6 0.0671855 0.809661 0.111935 0.111492 0.983105
10 0.0674855 0.934055 0.113591 0.114072 0.983084
7 0.0667462 0.189534 0.11256 0.112253 0.983075
11 0.067009 0.0648006 0.113089 0.113614 0.982859
6 0.191678 0.561184 0.11093 0.111952 0.98279
13 0.3147 0.0651918 0.111889 0.113774 0.982697
6 0.439211 0.685288 0.111685 0.112738 0.982297
6 0.0666627 0.313437 0.112099 0.111988 0.982251
10 0.191163 0.064786 0.112041 0.113638 0.982204
0 0.687807 0.93334 0.111621 0.11299 0.982091
3 0.0675704 0.56154 0.112054 0.113072 0.981977
3 0.315308 0.189131 0.112352 0.112997 0.981624
12 0.190857 0.43701 0.111524 0.111705 0.98142
1 0.190626 0.312932 0.112397 0.112266 0.981144
4 0.439133 0.560989 0.112682 0.112771 0.980898
1 0.314928 0.436912 0.112312 0.112186 0.980838
5 0.81163 0.685619 0.112122 0.112462 0.980579
6 0.936179 0.685423 0.114182 0.112974 0.980558
1 0.563336 0.685032 0.111923 0.113273 0.980465
11 0.19114 0.933126 0.112261 0.113116 0.98003
2 0.190676 0.685118 0.11223 0.11162 0.979784
13 0.687409 0.189284 0.112591 0.113557 0.979714
10 0.563631 0.312796 0.112155 0.11379 0.979627
12 0.563547 0.188724 0.111613 0.112779 0.979621
0 0.811558 0.809439 0.112495 0.112639 0.979492
10 0.563507 0.436959 0.112077 0.11354 0.979336
0 0.563753 0.809392 0.112104 0.113646 0.979183
12 0.563957 0.0643764 0.111707 0.113324 0.979148
2 0.439186 0.188908 0.112042 0.112065 0.979138
12 0.812527 0.312688 0.111983 0.112338 0.979049
8 0.0669129 0.436919 0.112404 0.112294 0.979029
3 0.439271 0.313286 0.112275 0.112094 0.978959
9 0.811931 0.188635 0.112221 0.113099 0.978937
7 0.687941 0.313145 0.112183 0.113279 0.978743
0 0.314648 0.31371 0.111678 0.111988 0.978591
13 0.935923 0.189191 0.113218 0.113915 0.978416
7 0.812206 0.436937 0.112407 0.113165 0.978334
0 0.438958 0.437177 0.111694 0.113674 0.978305
5 0.687763 0.560985 0.111819 0.113555 0.978273
5 0.687825 0.685297 0.112046 0.113439 0.978061
10 0.812294 0.561387 0.112175 0.113396 0.977973
5 0.936475 0.56098 0.113475 0.113919 0.9779
8 0.687846 0.0647954 0.111126 0.111944 0.977745
0 0.811899 0.0646291 0.112086 0.112952 0.977322
2 0.936049 0.0648793 0.111137 0.111122 0.977121
8 0.315038 0.561265 0.112216 0.112247 0.977013
2 0.936306 0.313488 0.111067 0.111889 0.976831
8 0.191036 0.189049 0.11181 0.112083 0.976794
8 0.687873 0.437602 0.111062 0.111433 0.976611
8 0.315152 0.685246 0.112208 0.111615 0.976398
8 0.56381 0.561483 0.112286 0.112854 0.975811
8 0.936417 0.437267 0.111383 0.1119 0.975385
2 0.688029 0.437433 0.112112 0.112474 0.0280779
2 0.0668022 0.436806 0.114479 0.112331 0.020496
2 0.935669 0.436754 0.114215 0.113421 0.0198679
2 0.563821 0.561158 0.112155 0.113086 0.0189899
4 0.0675656 0.685589 0.11347 0.112571 0.0140581
2 0.190915 0.188949 0.112531 0.112856 0.0134283
2 0.315462 0.685552 0.112339 0.112458 0.0134066
4 0.066919 0.933219 0.114525 0.114364 0.0131386
4 0.191228 0.0644869 0.11278 0.112776 0.012258
2 0.315464 0.561311 0.113052 0.113264 0.0118981
6 0.812258 0.313578 0.111359 0.113053 0.0106816
4 0.812005 0.561959 0.110459 0.113263 0.00887854
6 0.563783 0.0651629 0.110905 0.113713 0.00776098
2 0.688172 0.064558 0.11169 0.112503 0.00764813
4 0.563493 0.313771 0.110236 0.113861 0.0067913
1 0.314902 0.312771 0.112193 0.112818 0.00673661
4 0.563463 0.438086 0.109702 0.114158 0.00565126
4 0.439519 0.80965 0.112275 0.112899 0.00555355
6 0.5635 0.189647 0.11076 0.113387 0.00553551
6 0.191003 0.437232 0.111248 0.112252 0.00551279
12 0.81154 0.436976 0.112506 0.114111 0.00522006
12 0.439296 0.313048 0.111839 0.112095 0.00520434
2 0.688125 0.561108 0.111856 0.11281 0.00489677
13 0.191235 0.80923 0.111569 0.112214 0.00484225
4 0.191419 0.808854 0.113046 0.112645 0.0048014
1 0.438996 0.436752 0.111902 0.113566 0.00398891
1 0.439261 0.0647024 0.112264 0.1137 0.00389019
1 0.191839 0.561069 0.110568 0.111848 0.00388857
1 0.439408 0.561114 0.113011 0.113517 0.00385642
1 0.812123 0.0642794 0.111067 0.113368 0.00381664
2 0.68808 0.685005 0.11279 0.113016 0.00367278
1 0.936186 0.313351 0.111109 0.11412 0.00349347
6 0.811487 0.436724 0.113294 0.113091 0.00337129
7 0.811558 0.560916 0.112178 0.113152 0.00333084
11 0.315509 0.685626 0.112453 0.112081 0.00310957
12 0.811952 0.188976 0.112113 0.11249 0.00302353
5 0.936066 0.312981 0.114005 0.114722 0.00294112
3 0.191678 0.561184 0.11093 0.111952 0.00291066
7 0.439228 0.0646129 0.111542 0.111928 0.00277726
12 0.811525 0.933824 0.111939 0.113079 0.00276533
1 0.563828 0.809381 0.111616 0.113153 0.00266583
13 0.439346 0.809568 0.11133 0.112086 0.00263656
3 0.439604 0.685393 0.111106 0.111763 0.00258858
10 0.066541 0.0645772 0.114176 0.113467 0.00252318
1 0.811558 0.809439 0.112495 0.112639 0.00247463
0 0.190784 0.313068 0.111729 0.113013 0.00243695
3 0.936276 0.68528 0.112562 0.112757 0.00238569
0 0.563412 0.933657 0.111054 0.112305 0.0023826
10 0.935696 0.189226 0.111946 0.11308 0.00237597
6 0.93608 0.810116 0.11223 0.113254 0.00232284
11 0.315311 0.5613 0.112608 0.112907 0.00229729
0 0.563684 0.684851 0.111446 0.111939 0.00227003
11 0.688053 0.685061 0.112254 0.113218 0.00224929
11 0.688102 0.561104 0.111285 0.113423 0.00222512
7 0.439238 0.561194 0.112218 0.112409 0.0022002
12 0.315102 0.809386 0.112368 0.112508 0.00215106
2 0.439553 0.561228 0.112146 0.113432 0.00213637
5 0.936181 0.0648009 0.11399 0.114236 0.00213498
10 0.687684 0.685356 0.111616 0.112175 0.00210516
11 0.191135 0.189124 0.112039 0.112461 0.00210182
13 0.0666908 0.0645739 0.113136 0.113527 0.00209588
11 0.811581 0.685293 0.112656 0.112046 0.0020863
1 0.936388 0.685337 0.113786 0.11378 0.00206216
3 0.190844 0.685406 0.1132 0.112806 0.00200485
7 0.0669833 0.31352 0.112186 0.112208 0.00196487
12 0.686843 0.313623 0.110287 0.113675 0.00194059
11 0.564055 0.561193 0.112318 0.113783 0.00193964
4 0.688152 0.313277 0.112875 0.113288 0.00186552
1 0.439851 0.685582 0.111944 0.112543 0.0018115
3 0.811496 0.189209 0.111679 0.112243 0.00179748
12 0.936055 0.80975 0.111862 0.112542 0.00179454
3 0.0671855 0.809661 0.111935 0.111492 0.00179102
13 0.191427 0.933455 0.112246 0.113979 0.00178328
1 0.936569 0.0644119 0.113182 0.113731 0.00176591
7 0.93589 0.189721 0.112637 0.11468 0.00174044
6 0.0666988 0.561205 0.11297 0.112534 0.00172983
11 0.687697 0.0651513 0.112638 0.113328 0.00171459
10 0.315158 0.0649332 0.111917 0.112205 0.00171271
13 0.191429 0.064374 0.112105 0.112111 0.00169962
10 0.687775 0.561184 0.111397 0.112096 0.00169426
5 0.81154 0.561455 0.112122 0.111737 0.00164143
3 0.811525 0.933824 0.111939 0.113079 0.00163099
5 0.439316 0.933913 0.111823 0.111202 0.00161648
9 0.191561 0.933442 0.111666 0.112116 0.00161104
3 0.191035 0.436545 0.110547 0.112596 0.00160793
3 0.439816 0.933809 0.111522 0.113172 0.00159491
12 0.314756 0.188635 0.111664 0.112337 0.00159338
4 0.812697 0.436322 0.111122 0.113662 0.0015923
7 0.067126 0.933159 0.113426 0.11385 0.00159154
0 0.688165 0.0648878 0.111977 0.113667 0.00156444
7 0.191163 0.064786 0.112041 0.113638 0.00155324
3 0.0666627 0.313437 0.112099 0.111988 0.00154827
0 0.31541 0.436486 0.11164 0.111458 0.00153076
1 0.936416 0.809869 0.11199 0.112091 0.00146451
3 0.439031 0.189239 0.111968 0.113303 0.00146382
0 0.812977 0.189053 0.11226 0.112321 0.00146121
0 0.813122 0.933321 0.113255 0.111052 0.00142373
7 0.687869 0.189713 0.112012 0.113751 0.00142201
4 0.563684 0.684851 0.111446 0.111939 0.00142095
1 0.439176 0.188933 0.112044 0.113354 0.00142041
11 0.936022 0.436754 0.111678 0.114651 0.00141768
2 0.811542 0.685102 0.113309 0.112516 0.00140692
13 0.563015 0.312866 0.111562 0.112173 0.00140638
10 0.191384 0.933415 0.112197 0.114417 0.00138814
11 0.3147 0.0651918 0.111889 0.113774 0.00138537
8 0.935881 0.313268 0.112581 0.11271 0.00137512
13 0.0668841 0.933688 0.112644 0.112593 0.00136866
1 0.0671273 0.80971 0.113109 0.112437 0.00134251
10 0.315061 0.809666 0.1116 0.111789 0.0013249
12 0.68807 0.189102 0.112818 0.113822 0.00132452
1 0.439284 0.312933 0.111625 0.112124 0.00132248
0 0.812314 0.313082 0.112973 0.112377 0.00132024
1 0.0666988 0.561205 0.11297 0.112534 0.00131419
1 0.0669963 0.312891 0.112747 0.11257 0.00130644
3 0.688053 0.685061 0.112254 0.113218 0.00128299
7 0.0670075 0.684907 0.112995 0.113759 0.0012704
6 0.43936 0.313518 0.112567 0.112225 0.00125463
13 0.811391 0.561363 0.111366 0.111911 0.0012526
13 0.562948 0.437177 0.111703 0.111939 0.00124699
1 0.687805 0.933291 0.111779 0.112732 0.00124349
0 0.5638 0.188885 0.112064 0.113575 0.00122286
7 0.439385 0.809676 0.112184 0.112225 0.00121081
13 0.0664989 0.685123 0.112073 0.111883 0.00119166
4 0.0663495 0.189398 0.112583 0.112013 0.00118817
7 0.563477 0.437387 0.111821 0.112736 0.00118549
6 0.688133 0.313166 0.112642 0.113849 0.0011774
0 0.687327 0.43804 0.110236 0.112555 0.00117109
8 0.813088 0.933271 0.111736 0.113058 0.00116482
11 0.811531 0.933352 0.11261 0.113091 0.00116018
7 0.563542 0.313318 0.111878 0.112954 0.00115712
7 0.191149 0.809047 0.11275 0.112406 0.00115055
5 0.0666908 0.0645739 0.113136 0.113527 0.00113419
5 0.191453 0.809268 0.111811 0.111728 0.00112773
10 0.688133 0.313166 0.112642 0.113849 0.00112143
10 0.936068 0.933848 0.111867 0.112596 0.00111246
10 0.687377 0.18914 0.111756 0.112704 0.00111019
4 0.68808 0.685005 0.11279 0.113016 0.00110552
3 0.688102 0.561104 0.111285 0.113423 0.00109112
1 0.315396 0.933847 0.111769 0.112424 0.0010739
4 0.315203 0.437164 0.112325 0.113009 0.00107309
11 0.0668022 0.436806 0.114479 0.112331 0.00106051
6 0.439228 0.0646129 0.111542 0.111928 0.00105305
2 0.439022 0.0647889 0.111537 0.113158 0.00104106
12 0.688066 0.80959 0.112095 0.112262 0.00103422
11 0.688188 0.437802 0.11181 0.113341 0.00103052
9 0.066541 0.0645772 0.114176 0.113467 0.00100055
4 0.688125 0.561108 0.111856 0.11281 0.00100045
