3 0.439006 0.934121 0.112539 0.112355 0.98702
4 0.315824 0.809116 0.111956 0.112466 0.986699
5 0.440123 0.809574 0.110911 0.11265 0.985817
7 0.314855 0.0651687 0.111536 0.111493 0.985287
12 0.936129 0.934006 0.111739 0.112702 0.985072
11 0.191511 0.933903 0.112689 0.11405 0.984914
5 0.191791 0.686191 0.111501 0.112424 0.984856
5 0.563766 0.809921 0.111268 0.113101 0.984655
6 0.067497 0.809373 0.11283 0.112784 0.984565
9 0.191637 0.809311 0.111804 0.113157 0.984304
1 0.563389 0.933879 0.112105 0.114103 0.9843
4 0.315662 0.561288 0.112328 0.112219 0.984163
1 0.316157 0.933887 0.110551 0.112248 0.9841
11 0.563018 0.0655608 0.111555 0.112591 0.983985
8 0.0669904 0.561541 0.112448 0.113315 0.983607
4 0.0670538 0.437348 0.112907 0.112965 0.98353
1 0.0670671 0.685491 0.112592 0.112363 0.983509
4 0.687807 0.809653 0.111866 0.113111 0.983378
6 0.439596 0.685525 0.111699 0.112688 0.982956
9 0.191171 0.437309 0.112434 0.112849 0.982725
4 0.439131 0.0648229 0.111832 0.113354 0.982688
6 0.315661 0.437535 0.112032 0.112914 0.98264
7 0.315535 0.685564 0.112444 0.111631 0.982513
10 0.439435 0.437221 0.112992 0.112251 0.982331
10 0.439464 0.561554 0.112906 0.111638 0.982273
10 0.812041 0.933947 0.112659 0.112721 0.981927
10 0.563792 0.68526 0.112454 0.11275 0.981904
7 0.0670315 0.0648577 0.113568 0.113285 0.98186
2 0.936667 0.809704 0.112649 0.111679 0.981784
11 0.191263 0.312858 0.112764 0.112888 0.981409
12 0.0669739 0.189242 0.112469 0.112541 0.98129
0 0.811455 0.808982 0.112459 0.113027 0.98121
2 0.191284 0.561245 0.111537 0.112023 0.980998
0 0.191366 0.188527 0.112745 0.112705 0.980968
12 0.191856 0.0647625 0.110826 0.113199 0.98085
9 0.935417 0.0651488 0.112573 0.113419 0.980848
1 0.066734 0.934031 0.112468 0.113574 0.980822
10 0.936409 0.685265 0.113055 0.111455 0.980575
8 0.314828 0.189357 0.112452 0.113594 0.980404
0 0.688236 0.933451 0.112146 0.113046 0.980061
3 0.438646 0.189464 0.111572 0.112178 0.979964
1 0.68768 0.561269 0.111828 0.112369 0.979815
11 0.439334 0.313006 0.112465 0.112329 0.979744
0 0.314983 0.312717 0.112488 0.11248 0.979658
1 0.563539 0.437049 0.11207 0.113191 0.979586
9 0.687874 0.189 0.112287 0.112936 0.979474
4 0.563589 0.188792 0.112065 0.113617 0.979318
11 0.687683 0.437061 0.112395 0.113161 0.979259
1 0.687735 0.313009 0.112209 0.112177 0.97908
9 0.81191 0.313213 0.111801 0.111847 0.97899
3 0.563595 0.561399 0.112528 0.112377 0.978834
0 0.687753 0.685123 0.111919 0.112725 0.978776
12 0.811377 0.0652977 0.112474 0.111935 0.978663
1 0.687772 0.0645307 0.1121 0.113152 0.978629
5 0.811629 0.685371 0.112099 0.112268 0.978522
9 0.935871 0.43769 0.111304 0.112168 0.978519
6 0.812632 0.436998 0.112533 0.112561 0.978393
6 0.812337 0.561626 0.112776 0.112395 0.978341
2 0.563512 0.313161 0.111697 0.11345 0.978295
12 0.936409 0.312784 0.113076 0.112066 0.978233
9 0.936518 0.561766 0.111587 0.111833 0.978164
11 0.935693 0.188935 0.111123 0.111631 0.977587
8 0.811873 0.188876 0.112301 0.112938 0.977464
0 0.067496 0.312667 0.113363 0.111356 0.945443
1 0.066689 0.313165 0.111949 0.112053 0.128412
5 0.439188 0.313316 0.111259 0.11225 0.0165369
2 0.812003 0.189565 0.112109 0.11257 0.0141085
6 0.0668825 0.188916 0.112689 0.111993 0.0115114
0 0.688019 0.063868 0.111592 0.113625 0.0106818
10 0.935839 0.189028 0.111578 0.111051 0.0104751
2 0.0667124 0.561018 0.114239 0.112478 0.00703332
2 0.314828 0.189357 0.112452 0.113594 0.00606148
0 0.563337 0.933746 0.110759 0.113213 0.00450894
5 0.688086 0.436928 0.112315 0.112506 0.00425525
0 0.688143 0.561114 0.110882 0.111205 0.00417252
3 0.688231 0.189232 0.114 0.113166 0.00389942
3 0.067497 0.809373 0.11283 0.112784 0.00370044
5 0.936159 0.80942 0.113938 0.113625 0.00363792
12 0.812077 0.313457 0.111092 0.111334 0.00358139
1 0.43938 0.0646824 0.111407 0.113583 0.00344347
10 0.439461 0.809651 0.112025 0.112273 0.0033306
2 0.688049 0.313179 0.112096 0.112521 0.00324307
0 0.687876 0.313669 0.110937 0.11285 0.00310337
0 0.688189 0.189136 0.113276 0.112365 0.00305916
9 0.564239 0.560907 0.112116 0.112424 0.00300663
1 0.563503 0.18883 0.111362 0.113234 0.00300034
5 0.191036 0.31308 0.112049 0.112386 0.00297207
3 0.812351 0.561686 0.112203 0.112901 0.0029303
12 0.43964 0.933588 0.111064 0.111256 0.00272319
4 0.56395 0.436273 0.111804 0.112553 0.00272194
4 0.812183 0.933826 0.112106 0.113607 0.00269253
3 0.315707 0.43729 0.112272 0.112788 0.00263963
12 0.936104 0.562136 0.110106 0.112656 0.00259015
3 0.439888 0.685504 0.111731 0.111981 0.0025856
2 0.688087 0.0648387 0.111631 0.111861 0.00258195
1 0.56352 0.313038 0.111966 0.112308 0.00254732
1 0.315628 0.561454 0.112325 0.112272 0.00253136
12 0.688189 0.189136 0.113276 0.112365 0.00251874
7 0.811786 0.933341 0.112993 0.112104 0.00243632
10 0.563681 0.064967 0.11203 0.111138 0.00242303
3 0.937035 0.561263 0.111842 0.112298 0.00242026
1 0.687935 0.808891 0.111659 0.11412 0.0023991
10 0.688027 0.436679 0.111946 0.112108 0.00232204
8 0.686614 0.436908 0.111931 0.112883 0.00231976
13 0.439567 0.437658 0.111604 0.112206 0.00231638
4 0.564194 0.685248 0.111609 0.111465 0.00231413
1 0.687741 0.684969 0.11238 0.112099 0.00230669
1 0.0672048 0.437226 0.113258 0.112786 0.00225819
5 0.563474 0.0647493 0.110732 0.11327 0.00216768
1 0.688325 0.932824 0.112385 0.112256 0.00209742
7 0.066725 0.437009 0.115048 0.112734 0.00205681
9 0.686614 0.436908 0.111931 0.112883 0.00205552
1 0.936619 0.809457 0.11281 0.112363 0.00203537
2 0.687807 0.809653 0.111866 0.113111 0.00201991
12 0.936057 0.0645471 0.112878 0.113034 0.00201723
1 0.191247 0.56108 0.112119 0.112774 0.00200167
13 0.439561 0.561474 0.111433 0.112027 0.00199908
3 0.812793 0.43728 0.112032 0.11205 0.00199474
0 0.813053 0.313776 0.11117 0.111298 0.00192674
13 0.935994 0.685571 0.112422 0.111952 0.00192569
12 0.315724 0.0647025 0.111473 0.113329 0.00191914
12 0.936998 0.436569 0.110911 0.111055 0.00189952
0 0.0669222 0.933914 0.113371 0.114136 0.00184745
2 0.688034 0.561318 0.1107 0.111878 0.0018331
2 0.563451 0.189224 0.111236 0.113743 0.00178668
7 0.687664 0.809584 0.111592 0.112038 0.00175149
8 0.191699 0.933465 0.112272 0.111489 0.00174921
1 0.314983 0.312717 0.112488 0.11248 0.00172041
1 0.316047 0.809778 0.112564 0.112233 0.0017173
4 0.439486 0.437415 0.112692 0.113265 0.00168716
0 0.191374 0.436794 0.111367 0.113239 0.00164478
12 0.19159 0.436691 0.111453 0.111943 0.00162654
7 0.439612 0.0646102 0.111546 0.111682 0.00161046
5 0.935396 0.18976 0.113157 0.112988 0.00156808
1 0.191366 0.188527 0.112745 0.112705 0.00155863
4 0.439522 0.561733 0.112943 0.112698 0.00155071
5 0.81315 0.933371 0.111077 0.114276 0.001527
4 0.0664218 0.0650059 0.114095 0.111627 0.00150685
0 0.0669343 0.685296 0.112605 0.112355 0.00145386
3 0.564134 0.313598 0.111824 0.112706 0.00144904
5 0.936436 0.685382 0.111763 0.111789 0.00142241
4 0.936174 0.685192 0.112236 0.112578 0.00141602
10 0.191496 0.313427 0.111992 0.111116 0.00141216
10 0.191384 0.685771 0.112517 0.112612 0.00140241
5 0.19156 0.933831 0.113816 0.114313 0.00139671
3 0.936667 0.809704 0.112649 0.111679 0.00138536
2 0.066725 0.437009 0.115048 0.112734 0.0013788
8 0.811283 0.313387 0.111082 0.112016 0.00137131
9 0.43964 0.933588 0.111064 0.111256 0.00136767
7 0.811517 0.0641548 0.110903 0.11262 0.00136624
6 0.191806 0.064519 0.110861 0.112802 0.00136614
4 0.687939 0.313183 0.111825 0.111745 0.00136362
4 0.316157 0.933887 0.110551 0.112248 0.00135138
3 0.811624 0.313494 0.110973 0.1122 0.00134421
4 0.315692 0.685449 0.111562 0.111725 0.0013103
6 0.315518 0.809339 0.11206 0.112157 0.00130934
10 0.439337 0.313446 0.113513 0.111845 0.00130884
2 0.439131 0.0648229 0.111832 0.113354 0.00130573
11 0.81139 0.188849 0.110751 0.112583 0.00127078
2 0.315687 0.809784 0.112724 0.112598 0.00126387
12 0.439198 0.189279 0.111819 0.112418 0.00125803
8 0.93571 0.188582 0.112994 0.112075 0.00123086
1 0.811455 0.808982 0.112459 0.113027 0.00122834
7 0.935913 0.933944 0.112222 0.114475 0.00121771
7 0.936095 0.685051 0.112837 0.113026 0.00120743
3 0.936998 0.436569 0.110911 0.111055 0.00119967
1 0.56353 0.561379 0.112319 0.1122 0.0011929
4 0.0670671 0.685491 0.112592 0.112363 0.00119119
2 0.563613 0.809427 0.11175 0.112114 0.00118986
11 0.0673373 0.561028 0.113106 0.113794 0.00118323
2 0.811458 0.685086 0.113682 0.111409 0.001177
12 0.191903 0.809742 0.112384 0.111599 0.00115647
11 0.936157 0.68519 0.111957 0.111164 0.00114809
0 0.316182 0.934041 0.111652 0.113091 0.00114263
4 0.564134 0.313598 0.111824 0.112706 0.00113633
8 0.688115 0.684686 0.112649 0.112055 0.00113121
0 0.563848 0.437225 0.111289 0.11336 0.00111621
7 0.439888 0.685504 0.111731 0.111981 0.00110932
0 0.936496 0.31349 0.11092 0.112445 0.00110717
2 0.315703 0.561661 0.113109 0.112757 0.0010977
6 0.935988 0.313476 0.112867 0.113795 0.00108663
13 0.935396 0.18976 0.113157 0.112988 0.00107083
10 0.687864 0.808892 0.111436 0.113059 0.00107054
2 0.936518 0.561766 0.111587 0.111833 0.00105615
12 0.56399 0.560872 0.111992 0.112086 0.00103052
7 0.563446 0.189178 0.112315 0.112904 0.00101126
