12 0.315638 0.933829 0.110747 0.112612 0.986829
2 0.563832 0.809624 0.111926 0.112354 0.986528
5 0.316048 0.809533 0.110859 0.112093 0.986202
8 0.439448 0.933985 0.112995 0.113141 0.985593
8 0.43967 0.809622 0.112143 0.111684 0.985196
7 0.0667038 0.313849 0.112519 0.112829 0.985012
8 0.687925 0.933799 0.112278 0.112369 0.985001
5 0.0673089 0.685629 0.111768 0.11222 0.984878
7 0.0664955 0.189524 0.112215 0.112836 0.984872
5 0.438709 0.0655339 0.111263 0.112115 0.984781
7 0.688117 0.809049 0.111819 0.112433 0.984397
1 0.936365 0.80933 0.112649 0.111972 0.983982
11 0.563572 0.934078 0.111535 0.113596 0.983804
3 0.192198 0.685809 0.112002 0.112417 0.983796
4 0.314875 0.06499 0.111632 0.111949 0.983727
5 0.936315 0.934392 0.112116 0.112813 0.983216
6 0.316496 0.68578 0.111565 0.111999 0.983157
5 0.315651 0.43767 0.112187 0.112754 0.98315
6 0.812561 0.809354 0.111983 0.113255 0.982897
2 0.190696 0.809491 0.1142 0.11281 0.982871
4 0.315296 0.313149 0.112725 0.113031 0.982819
13 0.191238 0.562282 0.111984 0.11222 0.982757
8 0.438873 0.189883 0.112919 0.112732 0.982231
8 0.440116 0.685651 0.111567 0.112191 0.98221
5 0.190516 0.18965 0.112509 0.113018 0.982172
1 0.812468 0.933308 0.112366 0.113433 0.982104
1 0.189899 0.0650695 0.11321 0.11324 0.981834
12 0.439965 0.561694 0.11178 0.112709 0.981773
8 0.0663266 0.065511 0.111856 0.113113 0.98173
2 0.190817 0.313871 0.111962 0.112625 0.98161
2 0.190464 0.933694 0.114606 0.113986 0.981591
10 0.0667099 0.932928 0.111536 0.113742 0.981475
12 0.0670581 0.437845 0.112279 0.112489 0.98124
10 0.0673135 0.561556 0.111588 0.112828 0.981208
8 0.315749 0.561449 0.112383 0.112063 0.980772
13 0.067031 0.809387 0.112207 0.113221 0.980694
0 0.190999 0.437375 0.112967 0.11248 0.980668
6 0.439468 0.43721 0.112594 0.112818 0.980617
9 0.564086 0.685785 0.110979 0.111819 0.980139
5 0.688104 0.685587 0.111135 0.112074 0.979943
8 0.93632 0.0653244 0.112625 0.112861 0.979664
10 0.687641 0.188256 0.112273 0.113466 0.979498
13 0.811649 0.561851 0.113523 0.113252 0.979285
2 0.687348 0.0649469 0.111986 0.112557 0.979256
4 0.563563 0.436996 0.111939 0.113613 0.979254
9 0.562853 0.0647387 0.111318 0.113236 0.97919
3 0.563671 0.561732 0.111253 0.11221 0.979093
1 0.687313 0.561394 0.112695 0.11293 0.979065
1 0.314524 0.188878 0.112507 0.113109 0.979025
5 0.563001 0.188363 0.111841 0.113541 0.978946
1 0.438971 0.313078 0.112869 0.11352 0.978942
11 0.812025 0.685327 0.11301 0.112827 0.978886
2 0.812183 0.0651439 0.11257 0.112093 0.978788
12 0.812432 0.31278 0.112885 0.113191 0.978527
2 0.68709 0.43727 0.111518 0.111833 0.978333
2 0.563342 0.312742 0.111906 0.114208 0.97813
5 0.936786 0.312857 0.112918 0.113785 0.978065
0 0.936096 0.685606 0.112844 0.112259 0.977974
2 0.812647 0.188075 0.113808 0.114295 0.977902
2 0.812216 0.436978 0.113092 0.113647 0.977756
2 0.936311 0.437371 0.1128 0.113953 0.977749
7 0.936231 0.561815 0.113031 0.11376 0.977563
3 0.936766 0.18893 0.111052 0.112586 0.977479
8 0.687557 0.312919 0.11194 0.112582 0.97717
3 0.687645 0.437657 0.112704 0.113122 0.0306923
9 0.687796 0.933364 0.11206 0.113193 0.0149194
3 0.811886 0.437868 0.113298 0.113154 0.0148291
9 0.687418 0.313695 0.112986 0.112584 0.0137387
3 0.812498 0.189346 0.114419 0.113397 0.0130073
3 0.5635 0.313896 0.112618 0.113266 0.0110095
3 0.812361 0.0653295 0.113157 0.111944 0.0105415
3 0.935795 0.438059 0.113594 0.113418 0.0097602
3 0.56422 0.809412 0.110985 0.11224 0.00874772
8 0.688163 0.0645089 0.110163 0.11241 0.00818341
8 0.190874 0.933556 0.1119 0.112076 0.00769927
8 0.813133 0.188815 0.112472 0.114808 0.0063029
3 0.687756 0.0651361 0.112226 0.112315 0.00519672
10 0.936304 0.933065 0.111967 0.112158 0.00514048
9 0.935937 0.0656907 0.112788 0.112548 0.00508106
5 0.68667 0.437233 0.11358 0.111975 0.0048012
10 0.811382 0.685458 0.110729 0.112036 0.00441125
0 0.688546 0.933251 0.114211 0.113793 0.00434588
8 0.813117 0.064921 0.111329 0.112536 0.00426988
4 0.687485 0.189265 0.111011 0.112599 0.00401946
10 0.438857 0.0648921 0.112737 0.11152 0.00391356
2 0.688053 0.312496 0.111823 0.113898 0.00377044
1 0.563486 0.437284 0.11183 0.113072 0.00362686
10 0.1901 0.188763 0.111656 0.112217 0.00354656
8 0.563251 0.0648206 0.109646 0.111306 0.00350875
11 0.4389 0.188724 0.112345 0.112523 0.003433
2 0.440575 0.685827 0.112248 0.112469 0.00318857
12 0.936472 0.188612 0.110276 0.111638 0.00316925
0 0.563251 0.0648206 0.109646 0.111306 0.00302197
0 0.811758 0.933115 0.113184 0.113162 0.00296668
11 0.440421 0.685602 0.110904 0.113179 0.00296585
1 0.81156 0.437929 0.109867 0.112581 0.00296299
8 0.563322 0.313106 0.111646 0.114052 0.00294057
1 0.315408 0.313271 0.111808 0.112769 0.00291497
2 0.439407 0.189806 0.11294 0.113102 0.00276953
3 0.191247 0.809432 0.112163 0.112552 0.00276129
8 0.688064 0.437519 0.111228 0.112969 0.00274595
6 0.936596 0.188992 0.109843 0.112888 0.00274137
12 0.935942 0.561732 0.11292 0.113277 0.00262621
11 0.316001 0.561093 0.110228 0.112923 0.00262495
2 0.688172 0.685077 0.112026 0.112895 0.00258708
9 0.811304 0.685147 0.111531 0.1113 0.00252255
7 0.68805 0.188843 0.112599 0.114887 0.00248841
1 0.314875 0.06499 0.111632 0.111949 0.00243995
6 0.812238 0.312911 0.113143 0.113627 0.00236984
3 0.190362 0.31412 0.113432 0.113026 0.00232858
8 0.564118 0.933057 0.112576 0.113071 0.00232267
3 0.812565 0.809746 0.11195 0.112611 0.00230948
9 0.439682 0.933464 0.112128 0.113482 0.00230259
3 0.190946 0.933564 0.112691 0.113706 0.00227062
2 0.440238 0.809814 0.112492 0.112177 0.00227014
4 0.0673135 0.561556 0.111588 0.112828 0.00226229
2 0.315868 0.561409 0.112644 0.113142 0.00223467
10 0.687255 0.685257 0.111294 0.112363 0.00219266
0 0.688064 0.31307 0.11252 0.115355 0.00215637
12 0.811115 0.561599 0.111818 0.112884 0.00212479
1 0.936019 0.438017 0.111245 0.114649 0.00209864
10 0.563181 0.188526 0.113145 0.112268 0.00209845
9 0.0657512 0.0654067 0.113626 0.112571 0.00209497
8 0.811304 0.685147 0.111531 0.1113 0.00209082
8 0.811378 0.437079 0.112736 0.114153 0.00202138
1 0.813125 0.1884 0.114624 0.114974 0.00196664
11 0.440174 0.809747 0.111159 0.112472 0.00190599
2 0.563486 0.437284 0.11183 0.113072 0.00190508
0 0.189932 0.064544 0.112855 0.113924 0.00186982
5 0.314748 0.313443 0.112333 0.11215 0.00184936
4 0.439352 0.313308 0.113075 0.113522 0.00180257
5 0.811505 0.0643518 0.112999 0.111335 0.00179489
1 0.688148 0.0640177 0.11252 0.112573 0.00173746
1 0.688064 0.437024 0.114373 0.113614 0.00168233
6 0.563959 0.437383 0.111474 0.112552 0.00167076
5 0.811263 0.437242 0.113428 0.113237 0.00166265
3 0.563959 0.437383 0.111474 0.112552 0.00164504
1 0.190999 0.437375 0.112967 0.11248 0.00163738
7 0.0673135 0.561556 0.111588 0.112828 0.00163527
5 0.687682 0.189291 0.112307 0.112409 0.00162044
2 0.813212 0.932824 0.110973 0.112865 0.00161328
0 0.687463 0.560777 0.112557 0.112534 0.00161219
3 0.688152 0.685244 0.112319 0.112877 0.00160053
13 0.687264 0.188452 0.111815 0.11201 0.00159923
1 0.811505 0.0643518 0.112999 0.111335 0.00157414
11 0.314753 0.436624 0.11098 0.110613 0.00157322
11 0.936226 0.0647087 0.110517 0.112113 0.00157046
3 0.439993 0.561341 0.111823 0.113696 0.00156515
5 0.811643 0.188487 0.115044 0.113087 0.00154318
7 0.0669447 0.809299 0.112332 0.1134 0.0015285
4 0.688172 0.685077 0.112026 0.112895 0.00151273
4 0.563786 0.562091 0.109769 0.112269 0.001505
11 0.0660861 0.0655552 0.112683 0.113215 0.00149674
5 0.935985 0.437305 0.113127 0.114432 0.001495
6 0.0671122 0.437395 0.112509 0.112549 0.00149317
0 0.936365 0.80933 0.112649 0.111972 0.00145946
2 0.315408 0.313271 0.111808 0.112769 0.00143649
10 0.936613 0.313295 0.110321 0.111415 0.00143271
11 0.686839 0.312327 0.111208 0.112157 0.00143214
2 0.314875 0.06499 0.111632 0.111949 0.00142849
11 0.440273 0.933724 0.112304 0.113151 0.0014108
11 0.688458 0.933599 0.11265 0.112577 0.00141022
10 0.0670213 0.313884 0.11317 0.11378 0.00140777
0 0.564127 0.685624 0.11047 0.112179 0.00140384
11 0.563282 0.0643943 0.110618 0.110437 0.0014016
4 0.314747 0.189087 0.112808 0.113587 0.00139977
4 0.563181 0.188526 0.113145 0.112268 0.00139571
4 0.687463 0.560777 0.112557 0.112534 0.00138811
10 0.315129 0.437342 0.11341 0.112213 0.00137939
9 0.936179 0.685622 0.111695 0.112022 0.00137895
8 0.935795 0.438059 0.113594 0.113418 0.00137514
7 0.0667099 0.932928 0.111536 0.113742 0.0013596
10 0.0664994 0.685525 0.111606 0.112146 0.00135362
9 0.439407 0.189806 0.11294 0.113102 0.00134808
0 0.0667855 0.438377 0.113454 0.112801 0.00134753
11 0.936121 0.933832 0.113235 0.112287 0.00133505
7 0.563959 0.437383 0.111474 0.112552 0.00133348
5 0.0662509 0.561358 0.112002 0.111927 0.00132923
11 0.686825 0.685423 0.110012 0.109543 0.00129793
4 0.936336 0.809185 0.112054 0.111766 0.00128559
0 0.43925 0.312815 0.112875 0.11378 0.00126777
12 0.563251 0.0648206 0.109646 0.111306 0.00124017
10 0.0663888 0.809041 0.111015 0.111662 0.00123701
0 0.0668504 0.0654242 0.110254 0.112438 0.001234
10 0.563779 0.685342 0.110963 0.112886 0.00123394
1 0.564233 0.809192 0.112095 0.112563 0.00123312
0 0.813086 0.313091 0.110018 0.112504 0.00122815
2 0.440109 0.934037 0.113219 0.113547 0.00122639
2 0.191516 0.685375 0.11343 0.113236 0.00122563
2 0.936226 0.0647087 0.110517 0.112113 0.00122349
5 0.686755 0.0642741 0.1133 0.112303 0.00122065
3 0.439584 0.437227 0.112136 0.112957 0.00121901
9 0.440313 0.685577 0.112208 0.112917 0.00121184
5 0.190656 0.313489 0.11238 0.111746 0.00118854
13 0.0669073 0.561769 0.11191 0.112026 0.00117884
4 0.812272 0.933367 0.11244 0.112865 0.00117338
4 0.0663354 0.313698 0.113383 0.112382 0.00116484
6 0.315642 0.313518 0.112405 0.113208 0.00115796
5 0.563041 0.313397 0.111779 0.113199 0.00115598
5 0.314487 0.0652212 0.112488 0.111712 0.00115222
5 0.19119 0.80923 0.1125 0.112232 0.00114256
3 0.316725 0.685721 0.112 0.112864 0.00113949
5 0.563846 0.809599 0.111476 0.111565 0.00113713
2 0.936556 0.313683 0.111442 0.112323 0.00113187
12 0.686823 0.809511 0.111091 0.112146 0.00112449
11 0.936407 0.312977 0.113211 0.113356 0.00112376
1 0.563342 0.312742 0.111906 0.114208 0.00110293
10 0.315503 0.809304 0.113045 0.111806 0.00109866
4 0.936766 0.18893 0.111052 0.112586 0.00108398
1 0.563861 0.561988 0.111578 0.112231 0.00108326
1 0.191313 0.68532 0.111326 0.111781 0.00106631
2 0.563181 0.188526 0.113145 0.112268 0.0010657
6 0.688403 0.809201 0.112977 0.113432 0.00106478
8 0.564445 0.685782 0.11072 0.114155 0.00105724
3 0.316492 0.933942 0.113253 0.111984 0.00103913
4 0.0660843 0.1895 0.113441 0.112218 0.00103877
9 0.439884 0.809211 0.111818 0.112709 0.00103296
2 0.687975 0.561336 0.110954 0.112387 0.00102821
4 0.68769 0.808839 0.112922 0.112333 0.00100715
4 0.315445 0.437878 0.112518 0.110434 0.00100647
5 0.563502 0.933388 0.110143 0.113175 0.0010042
