7 0.314991 0.0650072 0.112484 0.112721 0.986743
3 0.56366 0.809893 0.112888 0.1133 0.986514
6 0.315915 0.809355 0.112061 0.112685 0.986338
13 0.439647 0.809831 0.112557 0.113884 0.986204
3 0.0673763 0.685646 0.112786 0.113652 0.985082
13 0.688176 0.933853 0.113078 0.114229 0.984974
5 0.191838 0.68556 0.111143 0.112968 0.984831
8 0.0666028 0.561571 0.114096 0.113099 0.984712
9 0.0667794 0.313362 0.112833 0.113238 0.984631
8 0.191031 0.561241 0.11216 0.112137 0.984508
0 0.936108 0.933244 0.112826 0.111498 0.984422
13 0.439507 0.68541 0.11242 0.113636 0.983914
1 0.563955 0.933831 0.111821 0.112464 0.983461
8 0.191822 0.933741 0.112946 0.113377 0.982977
6 0.439427 0.0649573 0.11225 0.114138 0.982969
5 0.191546 0.189347 0.111183 0.112729 0.982903
1 0.812251 0.933453 0.112163 0.112818 0.982833
2 0.0667096 0.437629 0.113537 0.112214 0.982704
5 0.31557 0.189529 0.111311 0.112481 0.982453
6 0.687945 0.809759 0.112165 0.114055 0.982197
10 0.315412 0.437091 0.113209 0.112638 0.982193
11 0.0667015 0.933922 0.114653 0.114718 0.982035
0 0.440088 0.933777 0.112636 0.113113 0.981906
12 0.315843 0.685524 0.111666 0.112966 0.981207
2 0.19107 0.313011 0.111849 0.112494 0.98098
4 0.0674748 0.809404 0.113854 0.113951 0.980956
11 0.563208 0.189839 0.111676 0.113145 0.980911
1 0.0674742 0.188372 0.111558 0.11332 0.980879
10 0.19135 0.809459 0.11065 0.112122 0.980684
13 0.439935 0.561792 0.111835 0.113215 0.980669
0 0.191411 0.437425 0.112753 0.112555 0.980647
0 0.315407 0.561268 0.112606 0.112316 0.980602
1 0.190924 0.0648044 0.110968 0.112038 0.980483
8 0.315258 0.313011 0.112879 0.112031 0.980412
9 0.563132 0.313845 0.111597 0.111368 0.980071
12 0.31599 0.934037 0.111054 0.113254 0.979989
2 0.936503 0.809465 0.112441 0.111923 0.97989
5 0.563566 0.437522 0.111852 0.112057 0.979631
9 0.688015 0.561475 0.112211 0.112362 0.979614
11 0.812299 0.561353 0.112519 0.114269 0.979436
2 0.439524 0.437181 0.111645 0.111917 0.979408
13 0.936108 0.188578 0.113669 0.115125 0.979396
0 0.812252 0.80941 0.11287 0.113222 0.979188
10 0.563982 0.561222 0.112843 0.114697 0.979147
2 0.563642 0.0649108 0.111953 0.112495 0.979098
12 0.687533 0.685544 0.111644 0.111486 0.978979
4 0.812676 0.685361 0.113322 0.114014 0.978505
1 0.439394 0.313207 0.112426 0.112613 0.978465
1 0.812097 0.437148 0.112809 0.112346 0.978174
10 0.56386 0.685483 0.11121 0.113536 0.978125
5 0.936533 0.313322 0.113006 0.113311 0.978038
0 0.439389 0.189403 0.11243 0.11369 0.978026
0 0.687848 0.188914 0.112695 0.113886 0.978026
6 0.812395 0.313127 0.112963 0.112766 0.977878
8 0.936568 0.561798 0.111183 0.111621 0.977815
2 0.936457 0.685419 0.112625 0.113368 0.977709
2 0.687798 0.0650564 0.111973 0.11162 0.977685
10 0.812602 0.18832 0.112671 0.11482 0.977549
6 0.936433 0.437189 0.113248 0.112599 0.977495
8 0.687812 0.313384 0.111377 0.112032 0.977299
12 0.936263 0.0652027 0.11187 0.111821 0.97718
8 0.688096 0.437187 0.112292 0.112569 0.977148
0 0.811931 0.0645135 0.112391 0.112719 0.976826
0 0.0674069 0.0644508 0.110625 0.112493 0.976297
6 0.315765 0.933707 0.110228 0.112002 0.0826384
6 0.315816 0.685346 0.111294 0.111959 0.0310121
6 0.935466 0.0646783 0.113139 0.113537 0.0267029
6 0.688262 0.685301 0.111593 0.11163 0.025124
2 0.688281 0.312403 0.111626 0.111724 0.0238814
2 0.0665557 0.560859 0.115298 0.111694 0.0228581
1 0.0665205 0.0640913 0.112734 0.113598 0.0216274
2 0.936718 0.561097 0.1136 0.110957 0.0108563
4 0.315538 0.437514 0.112455 0.113356 0.00785269
4 0.564276 0.685515 0.112095 0.112945 0.00739067
2 0.191342 0.560923 0.112329 0.111022 0.0066802
2 0.688043 0.436752 0.11223 0.113243 0.0061414
7 0.936167 0.0644421 0.111083 0.112142 0.0061248
4 0.81225 0.189058 0.11235 0.113903 0.00611274
5 0.564225 0.68541 0.111709 0.111746 0.00563067
1 0.0668011 0.438024 0.110477 0.109678 0.00415032
12 0.688145 0.561439 0.111352 0.112499 0.00405968
3 0.687952 0.561329 0.111495 0.113357 0.00402445
12 0.564225 0.68541 0.111709 0.111746 0.00396949
8 0.688143 0.0644324 0.109493 0.112377 0.00368043
5 0.811674 0.188596 0.114572 0.111932 0.00364721
0 0.811759 0.932759 0.113381 0.11357 0.0035996
0 0.812431 0.436307 0.112693 0.112058 0.00354045
3 0.812039 0.313526 0.112553 0.113834 0.003476
7 0.811805 0.685135 0.112927 0.115182 0.00335453
3 0.688218 0.808985 0.111208 0.112246 0.00331114
1 0.68813 0.0641098 0.111712 0.111851 0.00328277
1 0.190798 0.313431 0.111066 0.111345 0.0031618
11 0.563344 0.436553 0.110697 0.109508 0.00300602
5 0.936171 0.685578 0.11306 0.114123 0.00299374
5 0.315538 0.437514 0.112455 0.113356 0.0028419
0 0.0674122 0.313637 0.112571 0.114643 0.0027729
0 0.688145 0.561439 0.111352 0.112499 0.00276719
1 0.439023 0.437878 0.110144 0.109242 0.00276231
3 0.0659056 0.436441 0.114224 0.110705 0.00273939
12 0.56408 0.561266 0.11281 0.11312 0.00266513
4 0.191946 0.809619 0.112437 0.112898 0.00262129
5 0.563831 0.190017 0.112007 0.113611 0.00256129
7 0.440194 0.561301 0.112118 0.113634 0.00254465
2 0.315323 0.313428 0.111872 0.111737 0.00251718
1 0.688039 0.188169 0.112319 0.1135 0.00245434
1 0.812087 0.0639368 0.111625 0.113281 0.00244058
4 0.563795 0.561553 0.112209 0.113676 0.00242679
10 0.811625 0.561408 0.110716 0.112666 0.0024232
11 0.191342 0.560923 0.112329 0.111022 0.00238958
5 0.936176 0.809574 0.113275 0.113165 0.00233638
0 0.315509 0.313439 0.11202 0.111165 0.00233214
12 0.439684 0.685476 0.111711 0.112093 0.0023116
12 0.563849 0.31372 0.111673 0.111472 0.00227985
12 0.812121 0.189218 0.113176 0.113697 0.00223174
1 0.936623 0.809569 0.112284 0.11221 0.00221325
11 0.687959 0.933781 0.112806 0.114109 0.00210204
10 0.191155 0.189133 0.112195 0.112871 0.0020855
2 0.191738 0.93363 0.112734 0.11288 0.0020823
1 0.936491 0.685512 0.112463 0.11315 0.00208087
10 0.687497 0.933567 0.111525 0.111376 0.00207654
5 0.0666407 0.933787 0.115164 0.114935 0.00206923
1 0.439417 0.188848 0.112464 0.113388 0.00205301
1 0.812653 0.685525 0.113389 0.113838 0.00203153
3 0.439339 0.436827 0.112238 0.112716 0.00201118
3 0.315915 0.809355 0.112061 0.112685 0.00199598
10 0.191357 0.685448 0.112219 0.112594 0.00197829
7 0.066947 0.809855 0.11506 0.114245 0.00195257
12 0.191813 0.809255 0.111548 0.11164 0.00193734
0 0.936652 0.56181 0.111659 0.11272 0.0019135
1 0.563763 0.0642871 0.111318 0.113505 0.00191094
10 0.93635 0.31362 0.111065 0.111969 0.00187954
0 0.687639 0.437975 0.113035 0.112907 0.00185534
0 0.191164 0.0641931 0.112033 0.113573 0.00185343
7 0.44063 0.809793 0.112275 0.113628 0.00183246
8 0.0668011 0.438024 0.110477 0.109678 0.0017787
10 0.935659 0.189083 0.111607 0.112712 0.0017764
5 0.0675269 0.436736 0.111869 0.113765 0.00177398
12 0.439909 0.809919 0.112085 0.112297 0.00177204
12 0.0674679 0.313616 0.11251 0.113529 0.00176752
7 0.440498 0.685402 0.112118 0.113431 0.00173342
9 0.68843 0.933131 0.114962 0.112128 0.00172755
1 0.812252 0.80941 0.11287 0.113222 0.00168403
9 0.935328 0.188794 0.114461 0.114917 0.00161794
0 0.56374 0.31375 0.111355 0.111686 0.00161176
0 0.0665755 0.188721 0.111217 0.112573 0.00160344
1 0.563818 0.809771 0.111826 0.111887 0.00160007
12 0.315905 0.437376 0.112475 0.113105 0.00159317
11 0.688051 0.43654 0.111965 0.112538 0.00157455
0 0.563998 0.933657 0.111567 0.112432 0.00156795
3 0.190805 0.313331 0.111912 0.111509 0.00156619
5 0.56408 0.561266 0.11281 0.11312 0.00156378
3 0.439427 0.0649573 0.11225 0.114138 0.00155713
8 0.936305 0.685132 0.112609 0.111584 0.00152519
11 0.0675933 0.560973 0.113193 0.115101 0.00152432
0 0.439514 0.313553 0.110923 0.112298 0.00148871
1 0.315511 0.561018 0.113192 0.112746 0.00148791
5 0.0668972 0.8093 0.112957 0.113721 0.00147713
2 0.813189 0.93261 0.112174 0.113772 0.00147465
5 0.439619 0.43679 0.112334 0.114657 0.00147399
13 0.563681 0.685659 0.111579 0.111791 0.00146423
11 0.936163 0.313365 0.112264 0.113364 0.00146368
8 0.813054 0.561648 0.111983 0.114361 0.00145393
5 0.686807 0.0644401 0.112851 0.111403 0.00144962
0 0.687747 0.313491 0.111144 0.111704 0.0014423
9 0.936228 0.933703 0.1113 0.111926 0.00144125
1 0.688328 0.809473 0.112094 0.11397 0.00143839
3 0.936237 0.437373 0.112617 0.11355 0.00143445
7 0.688297 0.809278 0.113543 0.113391 0.00142098
7 0.811555 0.312989 0.112055 0.113549 0.00140004
10 0.314703 0.189293 0.111568 0.112406 0.00138491
5 0.812131 0.561737 0.112201 0.114246 0.00136604
11 0.687868 0.314055 0.111672 0.112466 0.001354
0 0.0669287 0.561416 0.112237 0.111995 0.00134301
1 0.0672544 0.809953 0.11495 0.113996 0.00134046
11 0.192518 0.934143 0.113231 0.113113 0.00131256
4 0.315765 0.933707 0.110228 0.112002 0.00128534
4 0.439617 0.313592 0.111936 0.112264 0.00127078
8 0.0674679 0.313616 0.11251 0.113529 0.00125511
7 0.811765 0.188192 0.112494 0.115601 0.00125117
4 0.688218 0.808985 0.111208 0.112246 0.0012442
10 0.563555 0.437554 0.111803 0.111383 0.00121783
13 0.191306 0.809507 0.111453 0.111383 0.00120865
11 0.56408 0.561266 0.11281 0.11312 0.00120395
1 0.191442 0.436819 0.111386 0.113474 0.00119638
5 0.191551 0.809351 0.111724 0.111687 0.00117066
11 0.936218 0.561609 0.110605 0.113575 0.0011686
7 0.315984 0.43789 0.112673 0.112998 0.00115834
13 0.563392 0.561297 0.111527 0.112297 0.0011388
8 0.936623 0.809536 0.111823 0.112033 0.00112039
11 0.315323 0.313428 0.111872 0.111737 0.00111496
7 0.936356 0.437105 0.113114 0.112906 0.00108568
12 0.439914 0.561429 0.111867 0.11216 0.00108085
6 0.811741 0.685525 0.114045 0.11369 0.00106274
7 0.563821 0.685509 0.111765 0.112963 0.0010506
3 0.936757 0.809553 0.111847 0.110764 0.00104415
8 0.936406 0.932745 0.111666 0.11159 0.00103108
4 0.563788 0.933824 0.110708 0.111671 0.00102508
7 0.563795 0.561553 0.112209 0.113676 0.00100457
