9 0.439519 0.934061 0.112278 0.113921 0.98714
13 0.315442 0.809402 0.112558 0.113045 0.98575
2 0.563673 0.809384 0.112944 0.113479 0.984571
8 0.315309 0.685509 0.112037 0.111509 0.984385
2 0.563502 0.933815 0.113181 0.113907 0.984331
5 0.811915 0.934121 0.112001 0.113322 0.983961
8 0.0667213 0.31348 0.113169 0.112854 0.98364
8 0.688128 0.809582 0.111867 0.112922 0.983614
11 0.191413 0.0650782 0.112173 0.113014 0.983512
10 0.43996 0.809492 0.112684 0.113526 0.983506
4 0.315331 0.313265 0.113146 0.113386 0.983123
12 0.439783 0.685283 0.111384 0.112449 0.983062
6 0.315505 0.188929 0.112011 0.113039 0.98294
7 0.0675255 0.561566 0.113155 0.113025 0.982526
10 0.315271 0.561077 0.112906 0.112051 0.982405
2 0.191349 0.561427 0.111515 0.111998 0.982121
6 0.687737 0.933958 0.112199 0.114334 0.982095
4 0.936769 0.809871 0.112829 0.113153 0.982034
0 0.191523 0.685074 0.11213 0.111669 0.981982
11 0.19098 0.313029 0.112277 0.113064 0.981981
5 0.812374 0.810203 0.111482 0.113171 0.981803
13 0.439884 0.437167 0.112478 0.111503 0.981773
8 0.315 0.437534 0.112009 0.111976 0.981626
12 0.191472 0.809643 0.111488 0.112869 0.981589
4 0.067277 0.685686 0.113439 0.112676 0.981553
11 0.0664953 0.437152 0.113569 0.113331 0.981529
13 0.439667 0.188451 0.112825 0.112521 0.981308
10 0.315661 0.933502 0.113611 0.114799 0.981075
12 0.190941 0.189137 0.112647 0.111502 0.981024
0 0.191658 0.93354 0.111697 0.112 0.980941
0 0.191186 0.43702 0.112621 0.112875 0.980893
4 0.563732 0.0650574 0.112249 0.113489 0.980767
2 0.93598 0.933722 0.114254 0.113811 0.980725
8 0.687809 0.0650307 0.111546 0.112395 0.980686
2 0.0667116 0.189062 0.112777 0.111585 0.98066
12 0.315227 0.0649321 0.112982 0.112652 0.980479
1 0.0668968 0.932897 0.113727 0.112714 0.979805
5 0.563605 0.561596 0.111947 0.113288 0.979737
9 0.563197 0.189133 0.111699 0.113473 0.979695
1 0.439481 0.561145 0.11271 0.113407 0.97963
0 0.0673202 0.0650381 0.111688 0.112813 0.979594
11 0.687857 0.561364 0.111957 0.113748 0.979458
1 0.439459 0.064791 0.111478 0.113386 0.979411
12 0.0672946 0.810053 0.11382 0.113693 0.979373
3 0.439613 0.313355 0.112352 0.112321 0.979174
13 0.811958 0.561826 0.11272 0.112778 0.979043
13 0.811834 0.685708 0.112438 0.112929 0.979034
10 0.688159 0.43694 0.112666 0.114517 0.979004
13 0.936136 0.685215 0.11272 0.113362 0.978969
4 0.812405 0.312885 0.113696 0.114221 0.978879
1 0.687691 0.313135 0.112458 0.112577 0.978776
9 0.936441 0.561875 0.111589 0.111993 0.978735
11 0.936562 0.436969 0.11316 0.113849 0.97864
6 0.812536 0.437137 0.112312 0.112546 0.978537
0 0.563069 0.313844 0.111345 0.111785 0.978436
0 0.687721 0.189062 0.112382 0.113537 0.978374
1 0.936408 0.312977 0.113472 0.112434 0.978294
0 0.687676 0.685408 0.111993 0.11215 0.978261
8 0.563941 0.43707 0.111773 0.113242 0.978231
7 0.81227 0.188799 0.112764 0.113772 0.977993
12 0.93624 0.064283 0.112951 0.113564 0.977976
2 0.563876 0.685601 0.111445 0.111815 0.977975
7 0.936365 0.18873 0.113183 0.113961 0.977535
0 0.811841 0.0645361 0.111865 0.112613 0.977301
6 0.191462 0.809544 0.110565 0.11126 0.0745991
6 0.0671708 0.809671 0.112163 0.11159 0.0501967
6 0.439782 0.685038 0.11125 0.111606 0.0171384
2 0.0666231 0.313626 0.113609 0.111592 0.00880186
6 0.935518 0.0649239 0.113109 0.113795 0.00778348
2 0.688355 0.809412 0.112322 0.11201 0.0069532
2 0.563795 0.43679 0.11194 0.114206 0.00628503
12 0.81155 0.188974 0.111508 0.113149 0.00486019
2 0.688039 0.0638454 0.11154 0.112563 0.00480547
3 0.687872 0.933472 0.111929 0.113142 0.00451334
3 0.191121 0.560759 0.112363 0.11139 0.00414272
5 0.935891 0.933802 0.113546 0.112864 0.00406934
6 0.191098 0.189179 0.112615 0.113298 0.00375789
11 0.811408 0.933691 0.112833 0.111232 0.00368984
7 0.936134 0.809438 0.11297 0.115057 0.00355396
1 0.812297 0.312996 0.113345 0.114288 0.00351302
2 0.315614 0.436901 0.111791 0.113363 0.00347822
12 0.315944 0.933731 0.111679 0.112667 0.00346194
12 0.9369 0.561256 0.111671 0.112343 0.00334044
0 0.688081 0.312301 0.112231 0.112274 0.00327067
1 0.0670268 0.0642241 0.113324 0.113373 0.00326666
5 0.688413 0.561856 0.111797 0.112956 0.00315989
8 0.688194 0.561402 0.11102 0.113434 0.00305559
11 0.687366 0.0641921 0.11061 0.111319 0.00298849
7 0.811645 0.31231 0.113506 0.116047 0.00296206
0 0.936232 0.31324 0.11244 0.111579 0.00294579
1 0.564048 0.0644699 0.111409 0.114446 0.00288992
7 0.935961 0.0643742 0.112201 0.113148 0.00287647
12 0.439725 0.312937 0.111512 0.112254 0.00286
4 0.935838 0.189203 0.114639 0.114184 0.00267707
1 0.688261 0.933072 0.111862 0.113606 0.00267231
0 0.314917 0.438031 0.111813 0.112068 0.00264117
11 0.315798 0.685446 0.111683 0.112971 0.0025055
11 0.811423 0.809996 0.112914 0.112268 0.00246341
6 0.315609 0.0649719 0.112638 0.114316 0.00239801
5 0.44009 0.809355 0.112167 0.112478 0.00232755
12 0.44009 0.809355 0.112167 0.112478 0.00232298
10 0.936114 0.436782 0.111631 0.112944 0.0023216
4 0.688213 0.437382 0.111969 0.114706 0.00230417
12 0.936068 0.188878 0.113017 0.113256 0.00227054
1 0.563982 0.685503 0.111798 0.112171 0.0022596
3 0.315224 0.189081 0.111511 0.113178 0.00217489
0 0.0674361 0.313576 0.112262 0.113025 0.00216742
0 0.439389 0.0641606 0.111472 0.113954 0.00216009
1 0.564107 0.809471 0.11274 0.11341 0.00210057
1 0.56363 0.312529 0.11211 0.112673 0.00206927
2 0.811387 0.809546 0.113329 0.1126 0.00206814
1 0.687914 0.188335 0.11203 0.113207 0.00205922
5 0.936553 0.436449 0.111317 0.111543 0.00204037
12 0.688273 0.437352 0.11203 0.113059 0.0020178
1 0.687706 0.685123 0.112378 0.111955 0.00201638
12 0.811254 0.561477 0.110591 0.111827 0.00201527
12 0.811093 0.68571 0.11074 0.111897 0.00198883
5 0.0668578 0.188363 0.112373 0.112385 0.0019779
1 0.564036 0.933578 0.113369 0.113726 0.00196465
11 0.688338 0.809534 0.113043 0.112812 0.00196175
1 0.066909 0.188982 0.112159 0.111532 0.00196129
4 0.0671016 0.561213 0.114658 0.112803 0.00195991
4 0.315837 0.933731 0.112736 0.113939 0.00194419
6 0.811506 0.188685 0.11263 0.112592 0.00193669
1 0.315645 0.313555 0.112917 0.112947 0.00192772
0 0.688168 0.0644945 0.111815 0.113418 0.00190908
3 0.812468 0.437332 0.111878 0.113498 0.00190879
2 0.315551 0.685526 0.111792 0.112976 0.00190169
3 0.564178 0.685337 0.111317 0.111571 0.00187889
5 0.191071 0.0653137 0.112433 0.113915 0.00187836
1 0.0669158 0.685652 0.115168 0.114147 0.00187496
13 0.68746 0.437087 0.111673 0.111829 0.00181321
5 0.191408 0.561025 0.111532 0.112462 0.00181248
12 0.935693 0.685747 0.111536 0.112233 0.00177983
3 0.564405 0.809322 0.111833 0.112971 0.00177445
4 0.191462 0.809544 0.110565 0.11126 0.00176683
11 0.563676 0.561151 0.111707 0.111743 0.00176632
4 0.439582 0.809201 0.112788 0.113872 0.00171827
11 0.935988 0.934017 0.112396 0.113743 0.00170676
10 0.935733 0.684943 0.111288 0.111948 0.00168272
4 0.687872 0.933472 0.111929 0.113142 0.0016689
0 0.562942 0.43797 0.111706 0.112827 0.00161135
7 0.688232 0.93296 0.113622 0.113225 0.00160927
12 0.315878 0.561332 0.112098 0.112212 0.00160189
2 0.688017 0.313089 0.111924 0.11328 0.00159745
4 0.811828 0.189419 0.114032 0.113256 0.00159582
1 0.812078 0.064007 0.11103 0.113005 0.00159252
2 0.81137 0.933033 0.113176 0.11164 0.00159037
1 0.191486 0.56114 0.112063 0.112614 0.00157925
3 0.0663311 0.189025 0.113224 0.110728 0.00157914
8 0.936032 0.561776 0.110587 0.11332 0.00156633
5 0.688166 0.437145 0.112288 0.113996 0.00155237
5 0.564003 0.685712 0.111461 0.112931 0.00155082
12 0.315524 0.809289 0.11206 0.11238 0.00153817
7 0.811939 0.685206 0.11275 0.114281 0.00152644
11 0.563876 0.436966 0.111257 0.112851 0.00152393
4 0.315339 0.561147 0.112645 0.113258 0.00152051
12 0.563452 0.189148 0.112374 0.112417 0.00151592
4 0.439588 0.561249 0.112337 0.113031 0.00151133
10 0.315409 0.809831 0.111988 0.112012 0.00150749
5 0.56359 0.933673 0.112459 0.112063 0.00147683
7 0.811617 0.437174 0.110827 0.113364 0.0014687
13 0.937035 0.561271 0.112558 0.111721 0.00145539
13 0.315539 0.933546 0.111697 0.111497 0.00144806
4 0.564178 0.685337 0.111317 0.111571 0.00141014
1 0.936766 0.809472 0.11235 0.113401 0.00139696
5 0.0667489 0.436409 0.111047 0.113233 0.00139174
0 0.0665786 0.933836 0.113367 0.113226 0.00138913
7 0.563568 0.064492 0.112288 0.113299 0.00138014
0 0.563452 0.189148 0.112374 0.112417 0.00136293
10 0.811465 0.933836 0.111532 0.112115 0.00135912
6 0.935983 0.18857 0.113023 0.112953 0.00134748
8 0.190987 0.313337 0.111656 0.113981 0.00133888
12 0.440143 0.437448 0.111576 0.111665 0.00133886
7 0.688213 0.437382 0.111969 0.114706 0.00133409
4 0.0671708 0.809671 0.112163 0.11159 0.00133332
12 0.439828 0.934284 0.112674 0.112501 0.00131635
8 0.563885 0.933607 0.112812 0.113014 0.00131394
8 0.935814 0.933917 0.113867 0.114103 0.00131317
10 0.0670271 0.436555 0.111875 0.112059 0.00130747
11 0.688273 0.437352 0.11203 0.113059 0.00129972
7 0.0669158 0.685652 0.115168 0.114147 0.0012922
11 0.315035 0.437318 0.111289 0.111542 0.00127335
4 0.687707 0.313411 0.112131 0.111857 0.00125635
12 0.439818 0.18891 0.111722 0.111981 0.00120318
7 0.440306 0.437028 0.112667 0.113109 0.00118496
0 0.439602 0.560991 0.112357 0.113439 0.00118143
13 0.439843 0.809505 0.111612 0.112004 0.00117293
4 0.564405 0.809322 0.111833 0.112971 0.00117278
12 0.0672548 0.560984 0.112263 0.114285 0.00114949
7 0.0672798 0.809926 0.114138 0.113105 0.00113167
7 0.439745 0.68486 0.11176 0.112193 0.00112103
3 0.563904 0.933854 0.111926 0.113337 0.00111933
10 0.936766 0.809472 0.11235 0.113401 0.00111357
13 0.93592 0.0645647 0.11312 0.113812 0.00111294
7 0.440157 0.189003 0.112316 0.11304 0.00111034
5 0.564019 0.809884 0.112578 0.113766 0.00109778
6 0.439808 0.313471 0.112642 0.112356 0.00108777
1 0.936232 0.933619 0.113702 0.113222 0.0010843
0 0.936222 0.561249 0.112661 0.113702 0.00108333
7 0.811799 0.561254 0.113377 0.113911 0.00107363
10 0.191745 0.31329 0.112507 0.112465 0.00107292
3 0.935973 0.933744 0.113092 0.112455 0.00105787
10 0.688194 0.561558 0.110437 0.112183 0.00105737
5 0.315017 0.31351 0.112726 0.112581 0.00104071
4 0.936232 0.31324 0.11244 0.111579 0.00103979
5 0.314911 0.561013 0.112043 0.1121 0.00103847
11 0.0666231 0.313626 0.113609 0.111592 0.0010369
1 0.191424 0.685019 0.112027 0.112514 0.00103474
6 0.811607 0.312825 0.114425 0.115568 0.00102765
1 0.439573 0.312946 0.111681 0.11238 0.00102332
