9 0.563726 0.809596 0.112177 0.112744 0.987549
9 0.93587 0.9341 0.11241 0.111677 0.98727
9 0.43957 0.685271 0.111943 0.111591 0.987032
12 0.316311 0.933571 0.110071 0.112078 0.985889
5 0.191786 0.685346 0.111477 0.112437 0.985681
4 0.0672483 0.685522 0.11288 0.111031 0.98543
13 0.439786 0.933975 0.112784 0.113657 0.985367
8 0.68761 0.809622 0.11215 0.112519 0.985363
8 0.31554 0.685429 0.112597 0.111799 0.985116
9 0.811955 0.809837 0.111847 0.111244 0.985048
1 0.563592 0.933941 0.111792 0.113041 0.985013
3 0.315612 0.561591 0.111159 0.112063 0.984621
9 0.0677038 0.809368 0.113283 0.113501 0.984595
8 0.315353 0.809806 0.112899 0.111948 0.984436
10 0.439674 0.809421 0.111082 0.111794 0.98437
7 0.19143 0.933869 0.112216 0.112411 0.984074
10 0.191723 0.809263 0.111917 0.111436 0.983859
9 0.315739 0.188693 0.112095 0.111855 0.983803
9 0.067223 0.188832 0.112963 0.111466 0.98315
7 0.935928 0.685325 0.112444 0.111639 0.983119
13 0.56373 0.0652701 0.111916 0.112953 0.983015
12 0.191629 0.561309 0.110962 0.111415 0.982789
10 0.688102 0.933795 0.111663 0.112698 0.982733
11 0.0667878 0.437385 0.113658 0.11244 0.982389
3 0.439881 0.561277 0.110728 0.111873 0.982334
8 0.439142 0.1895 0.112119 0.112249 0.982268
2 0.0670466 0.933956 0.113443 0.113585 0.982137
11 0.315474 0.437044 0.11261 0.112537 0.982117
8 0.191325 0.437855 0.112443 0.112365 0.982026
8 0.191179 0.0651746 0.112537 0.113045 0.981926
12 0.0670339 0.313443 0.112314 0.112104 0.981545
1 0.56377 0.685246 0.11185 0.112513 0.981379
4 0.812497 0.934042 0.112725 0.11375 0.98131
13 0.43955 0.437628 0.111883 0.111347 0.981307
1 0.439129 0.0651575 0.111542 0.112775 0.981133
1 0.191159 0.313271 0.111929 0.112247 0.981015
2 0.0673877 0.56185 0.112391 0.112813 0.980762
7 0.439358 0.313552 0.113033 0.113302 0.980623
6 0.191702 0.18847 0.111598 0.111874 0.980529
6 0.316006 0.0643936 0.111198 0.112187 0.980509
5 0.687471 0.0653353 0.110855 0.11295 0.98031
12 0.936927 0.809444 0.111134 0.111712 0.979904
6 0.0666067 0.0643403 0.113173 0.11273 0.979837
4 0.563835 0.43712 0.112533 0.112996 0.979642
11 0.563545 0.312893 0.111735 0.113511 0.979489
8 0.315352 0.313694 0.112604 0.112183 0.979474
4 0.563745 0.188741 0.112176 0.113182 0.979388
6 0.688315 0.685566 0.112998 0.111964 0.979332
6 0.812564 0.685662 0.112564 0.111776 0.979315
4 0.688032 0.188564 0.113258 0.113245 0.979245
12 0.687915 0.56147 0.112492 0.112154 0.979061
13 0.687701 0.437396 0.112664 0.112505 0.978869
12 0.812475 0.0647819 0.111831 0.112892 0.978838
4 0.936193 0.0651891 0.112335 0.112716 0.978826
3 0.812111 0.437565 0.112024 0.112452 0.978659
4 0.812482 0.188582 0.112659 0.112956 0.978616
6 0.937023 0.437095 0.113494 0.111782 0.978285
11 0.936558 0.561205 0.112467 0.112953 0.978255
3 0.811815 0.561611 0.111341 0.111888 0.978097
8 0.563991 0.561526 0.112439 0.113025 0.978046
8 0.936044 0.189304 0.113648 0.11375 0.977845
6 0.937204 0.312901 0.112961 0.111539 0.977757
8 0.81192 0.313249 0.110974 0.11187 0.976745
8 0.687767 0.313539 0.111454 0.111848 0.976601
12 0.439643 0.437656 0.111135 0.111283 0.0138296
2 0.688078 0.313102 0.112637 0.112333 0.0136898
4 0.811581 0.68569 0.11257 0.111994 0.00948011
10 0.937017 0.561092 0.112326 0.112023 0.00747559
12 0.687908 0.437898 0.108254 0.112245 0.00633267
12 0.439755 0.934136 0.111088 0.111348 0.00598313
7 0.811612 0.685548 0.111178 0.112829 0.00573682
2 0.563706 0.56143 0.110975 0.113603 0.00462557
3 0.936689 0.4367 0.112319 0.111943 0.00452585
3 0.687689 0.685454 0.112556 0.111593 0.00446364
1 0.936647 0.0649388 0.112802 0.11331 0.00435949
1 0.564021 0.437335 0.11207 0.112598 0.00417952
1 0.687816 0.189161 0.112905 0.113168 0.00417111
4 0.688458 0.933359 0.112958 0.114308 0.00414621
9 0.811861 0.314056 0.113483 0.111998 0.0041354
2 0.315656 0.81002 0.111939 0.112829 0.00407532
1 0.0671527 0.68564 0.113367 0.111839 0.00403609
11 0.439947 0.933825 0.111428 0.113348 0.00400014
1 0.563518 0.189235 0.111396 0.1125 0.00396541
3 0.190972 0.188202 0.110136 0.11134 0.00391623
2 0.688246 0.809151 0.112336 0.111939 0.00383475
2 0.191361 0.0649163 0.111989 0.112597 0.00383396
3 0.315115 0.0641203 0.111196 0.112114 0.00360714
10 0.06715 0.436474 0.112093 0.112719 0.00339483
2 0.315976 0.685492 0.111606 0.113219 0.00337585
2 0.812497 0.31316 0.112739 0.112209 0.00328591
1 0.812332 0.189221 0.112462 0.113245 0.00322232
11 0.563824 0.561333 0.111219 0.113328 0.00316227
0 0.81312 0.809631 0.111874 0.111387 0.00311653
10 0.812644 0.934049 0.111959 0.113194 0.00296341
0 0.191139 0.43816 0.110961 0.113297 0.00295036
1 0.812497 0.934042 0.112725 0.11375 0.00289535
2 0.439675 0.188787 0.1119 0.11222 0.00281186
2 0.935926 0.189356 0.112769 0.112985 0.00275014
3 0.0668393 0.561537 0.115434 0.112474 0.00274252
3 0.936666 0.312836 0.111632 0.112062 0.00273778
3 0.811829 0.685466 0.112244 0.111038 0.00264978
2 0.191251 0.437854 0.112481 0.111509 0.00264804
4 0.9363 0.313004 0.113276 0.112902 0.00260139
3 0.0663415 0.0642759 0.112035 0.111787 0.00242221
7 0.936036 0.809537 0.111034 0.113967 0.00238702
11 0.688108 0.313386 0.112425 0.113921 0.00235806
11 0.688117 0.809784 0.112008 0.113161 0.00233081
10 0.936771 0.80899 0.110762 0.11079 0.00230383
9 0.93564 0.189537 0.113484 0.112548 0.00229273
7 0.688458 0.933359 0.112958 0.114308 0.00228658
4 0.191794 0.933741 0.11229 0.113027 0.00225741
2 0.31554 0.31326 0.112635 0.112075 0.00223767
12 0.811552 0.809733 0.11111 0.11249 0.00222473
4 0.936165 0.437002 0.113365 0.113059 0.00221198
5 0.688392 0.933214 0.112515 0.113664 0.00215716
6 0.316021 0.933899 0.11161 0.11295 0.00209754
11 0.68786 0.437742 0.113258 0.112204 0.00208434
2 0.813094 0.56198 0.109177 0.110009 0.00208315
4 0.563878 0.685145 0.111443 0.111444 0.00206583
11 0.43989 0.437844 0.111812 0.112542 0.00205669
11 0.688098 0.0650254 0.110999 0.112773 0.00205518
7 0.688261 0.685219 0.112532 0.113529 0.00205133
6 0.688136 0.561592 0.111478 0.112455 0.00196115
0 0.439055 0.0644215 0.111438 0.113398 0.00194648
2 0.813099 0.437651 0.108326 0.109996 0.00193265
9 0.687831 0.808975 0.11154 0.111417 0.00192471
9 0.813094 0.56198 0.109177 0.110009 0.00192075
4 0.68689 0.685629 0.113743 0.111723 0.00189044
7 0.936862 0.313431 0.111822 0.111411 0.00185982
9 0.687576 0.31391 0.11263 0.111742 0.00184617
0 0.0673464 0.189017 0.112492 0.112737 0.00182671
2 0.688126 0.0648011 0.111048 0.111202 0.00181838
8 0.315629 0.437547 0.112016 0.112347 0.00180145
9 0.813099 0.437651 0.108326 0.109996 0.00178416
2 0.0666043 0.685061 0.113154 0.111324 0.00177356
3 0.811552 0.809733 0.11111 0.11249 0.00174721
5 0.0673529 0.561136 0.112865 0.11586 0.00174547
7 0.936193 0.0651891 0.112335 0.112716 0.00172541
6 0.935733 0.685498 0.112475 0.11375 0.00172143
4 0.44006 0.809379 0.111928 0.111725 0.0017207
10 0.439666 0.933819 0.111444 0.111358 0.00171588
13 0.687884 0.93396 0.111644 0.111536 0.00171262
9 0.0670457 0.436659 0.111847 0.111699 0.00169973
7 0.19202 0.188921 0.113372 0.11271 0.00168195
6 0.811559 0.0651018 0.111612 0.113268 0.00167255
11 0.935829 0.93367 0.111335 0.113507 0.00166911
8 0.935849 0.934113 0.11062 0.113272 0.00166565
10 0.439439 0.31352 0.112515 0.111894 0.00165641
13 0.936324 0.561252 0.112665 0.113122 0.00165419
10 0.315434 0.436618 0.110924 0.111484 0.00164859
10 0.688126 0.0648011 0.111048 0.111202 0.00160811
13 0.0667878 0.437385 0.113658 0.11244 0.00160223
8 0.0667302 0.93413 0.113197 0.113297 0.00159614
11 0.315855 0.80996 0.111917 0.113079 0.00159489
11 0.315882 0.685475 0.111531 0.113137 0.00157953
7 0.811559 0.0651018 0.111612 0.113268 0.00157942
4 0.563508 0.933654 0.110762 0.111926 0.0015725
4 0.191217 0.313687 0.112151 0.113486 0.00156855
11 0.191251 0.437854 0.112481 0.111509 0.00155068
1 0.811788 0.561552 0.111732 0.11195 0.00151688
8 0.56363 0.31277 0.112515 0.112659 0.00151148
0 0.315621 0.189108 0.111822 0.112255 0.00150222
3 0.687854 0.561129 0.110852 0.113065 0.00149961
1 0.937225 0.436559 0.10955 0.112414 0.00148596
1 0.31502 0.561557 0.111921 0.111901 0.00148457
11 0.811674 0.312833 0.111278 0.112556 0.00147694
7 0.688336 0.188657 0.112789 0.113381 0.00144938
1 0.0663415 0.0642759 0.112035 0.111787 0.00142208
3 0.0665321 0.933876 0.114591 0.113098 0.00141303
8 0.936324 0.561252 0.112665 0.113122 0.00141173
6 0.811735 0.561813 0.11109 0.112414 0.00140677
12 0.935744 0.685683 0.113043 0.113944 0.00138439
0 0.812376 0.313605 0.111487 0.112621 0.00137583
10 0.687753 0.437787 0.112554 0.112437 0.00135578
12 0.81299 0.437995 0.112126 0.112814 0.0013407
5 0.0669608 0.933596 0.112811 0.112057 0.00133852
12 0.440064 0.80964 0.112124 0.112091 0.0013324
1 0.0673053 0.561341 0.112997 0.112862 0.00130458
12 0.688232 0.933736 0.11211 0.112827 0.00129415
7 0.563909 0.188947 0.111572 0.113023 0.00128938
5 0.0669502 0.437047 0.113418 0.112142 0.00128613
9 0.315343 0.436811 0.110667 0.110773 0.00127258
12 0.563417 0.0653961 0.111372 0.110968 0.00127007
6 0.564012 0.437449 0.112556 0.111739 0.00125783
6 0.936021 0.809657 0.112219 0.114465 0.00124325
2 0.936647 0.0649388 0.112802 0.11331 0.00123722
3 0.688098 0.0650254 0.110999 0.112773 0.00123114
7 0.811837 0.933101 0.112814 0.116198 0.0012268
5 0.812507 0.93393 0.112032 0.111917 0.00121787
2 0.812332 0.189221 0.112462 0.113245 0.00121585
4 0.439486 0.0650141 0.111974 0.113235 0.00121115
8 0.0670433 0.561492 0.112703 0.112773 0.00119683
1 0.439711 0.561291 0.112 0.112353 0.00119457
1 0.315115 0.0641203 0.111196 0.112114 0.00118652
4 0.191723 0.809263 0.111917 0.111436 0.00118198
2 0.0670093 0.808905 0.112583 0.112541 0.00117967
8 0.067468 0.18898 0.112119 0.112223 0.00114175
12 0.688261 0.685219 0.112532 0.113529 0.0011399
7 0.936249 0.436976 0.112361 0.113663 0.0011392
5 0.191425 0.80922 0.11209 0.111833 0.00113466
2 0.687816 0.189161 0.112905 0.113168 0.00113109
2 0.812497 0.934042 0.112725 0.11375 0.00112617
3 0.19128 0.561131 0.111196 0.111821 0.00112579
0 0.191078 0.313429 0.111602 0.112863 0.00112523
4 0.935895 0.685356 0.113048 0.113258 0.00112248
9 0.315676 0.561125 0.111197 0.111792 0.00111507
12 0.067468 0.18898 0.112119 0.112223 0.00110664
12 0.315742 0.189066 0.111612 0.111924 0.00110274
7 0.564021 0.437335 0.11207 0.112598 0.00109887
7 0.812297 0.189229 0.112497 0.112288 0.00109213
11 0.439675 0.188787 0.1119 0.11222 0.00109184
10 0.191292 0.6853 0.112265 0.112594 0.00108518
10 0.563855 0.313474 0.111879 0.112597 0.0010834
5 0.439723 0.809308 0.111874 0.111916 0.00107461
0 0.688108 0.313386 0.112425 0.113921 0.00107138
9 0.563799 0.561178 0.112446 0.112337 0.00106996
7 0.439485 0.809082 0.111894 0.112584 0.00106976
8 0.0667878 0.437385 0.113658 0.11244 0.0010695
7 0.0677647 0.0647129 0.11344 0.112227 0.00106913
5 0.68772 0.18921 0.112084 0.112338 0.00105578
5 0.812168 0.189074 0.112732 0.112642 0.00105389
12 0.813117 0.56177 0.111876 0.110286 0.00104645
7 0.688141 0.561501 0.111447 0.11236 0.00104269
11 0.936044 0.189304 0.113648 0.11375 0.00104
6 0.812678 0.437956 0.11164 0.112147 0.00103596
1 0.812111 0.437565 0.112024 0.112452 0.00103537
1 0.0671432 0.933671 0.11415 0.112883 0.00103413
2 0.811928 0.809476 0.11158 0.111838 0.00103341
2 0.563518 0.189235 0.111396 0.1125 0.00102855
8 0.439547 0.684827 0.11208 0.111899 0.00102218
0 0.563818 0.933676 0.111563 0.111863 0.00101831
10 0.812332 0.189221 0.112462 0.113245 0.00100917
