6 0.316046 0.933875 0.112252 0.113172 0.986272
5 0.191843 0.809941 0.110531 0.111899 0.98584
4 0.316165 0.80942 0.110937 0.110658 0.985709
3 0.315636 0.561508 0.111793 0.113163 0.984631
5 0.563879 0.809688 0.110934 0.111823 0.984597
12 0.189487 0.0651121 0.110897 0.111559 0.984462
9 0.563092 0.0653583 0.110866 0.11272 0.984083
2 0.315317 0.685457 0.112363 0.111927 0.983955
3 0.438935 0.0649548 0.112437 0.112531 0.983769
7 0.0664243 0.189519 0.11341 0.112962 0.983551
5 0.0672205 0.934544 0.112939 0.114328 0.98336
5 0.315301 0.188716 0.111472 0.111684 0.983263
9 0.315254 0.437542 0.111976 0.112837 0.983253
13 0.56389 0.933927 0.111388 0.112562 0.983184
6 0.0670076 0.437547 0.113332 0.112655 0.983168
5 0.191544 0.3139 0.111111 0.111897 0.982932
0 0.440146 0.933863 0.112299 0.113139 0.982913
5 0.0667266 0.314009 0.112754 0.112273 0.982881
13 0.191317 0.561812 0.111033 0.111254 0.982717
6 0.315463 0.312997 0.112204 0.112814 0.982692
3 0.563464 0.685622 0.112407 0.111681 0.98267
7 0.0648072 0.0653193 0.112513 0.111567 0.982554
5 0.44026 0.685783 0.111155 0.111454 0.981984
1 0.440045 0.809529 0.111379 0.112357 0.981907
1 0.936604 0.809549 0.112607 0.112594 0.981785
10 0.439616 0.561266 0.11233 0.110782 0.981748
13 0.0670933 0.685545 0.11169 0.111375 0.981641
10 0.687967 0.0650398 0.110693 0.112186 0.98155
13 0.314147 0.0652836 0.112307 0.11215 0.981545
2 0.935905 0.934062 0.111922 0.111977 0.981423
1 0.812386 0.933865 0.111765 0.112994 0.98138
1 0.688095 0.80938 0.112129 0.113364 0.981245
0 0.191778 0.933649 0.111516 0.112283 0.981232
6 0.688088 0.933836 0.111931 0.113273 0.981181
11 0.190974 0.188704 0.112792 0.112444 0.981067
6 0.439782 0.188796 0.111432 0.112284 0.981052
10 0.936318 0.685552 0.112746 0.111052 0.980632
11 0.191398 0.685106 0.111712 0.111557 0.980536
11 0.4395 0.436912 0.111957 0.11195 0.980082
4 0.812535 0.0649892 0.112289 0.112503 0.979786
9 0.563461 0.189277 0.111361 0.112927 0.979567
8 0.191193 0.437484 0.111792 0.111846 0.979456
9 0.811604 0.313389 0.112221 0.112091 0.97933
5 0.563737 0.561421 0.112209 0.112614 0.979084
13 0.687557 0.437267 0.111973 0.112092 0.979065
3 0.563039 0.313317 0.11128 0.11181 0.979059
6 0.812525 0.437388 0.112415 0.112208 0.978916
5 0.687771 0.1887 0.112299 0.112807 0.97887
5 0.563596 0.437528 0.112063 0.112181 0.978811
1 0.439354 0.313069 0.112412 0.11321 0.978769
7 0.688132 0.685093 0.111308 0.112149 0.978743
4 0.812436 0.561377 0.113089 0.111634 0.978698
1 0.936255 0.0643162 0.113515 0.113424 0.978694
10 0.812374 0.188515 0.112141 0.112554 0.978674
12 0.811722 0.685585 0.112523 0.111924 0.978358
0 0.812389 0.809523 0.112872 0.113956 0.978293
7 0.687905 0.56144 0.112199 0.112665 0.978201
12 0.936389 0.561426 0.112773 0.111891 0.978162
7 0.688005 0.313208 0.112163 0.112584 0.977829
2 0.936345 0.437195 0.113137 0.113363 0.977796
2 0.936112 0.188915 0.110276 0.111202 0.977369
2 0.936494 0.313501 0.111039 0.112003 0.977287
0 0.0671672 0.809445 0.112257 0.112491 0.97675
0 0.0671801 0.561245 0.112211 0.112415 0.969366
1 0.0667075 0.561083 0.114639 0.112673 0.112898
1 0.0672235 0.809451 0.112669 0.11253 0.0147379
2 0.191629 0.436945 0.111575 0.112472 0.00668578
3 0.688181 0.933516 0.112134 0.113081 0.00557212
12 0.687741 0.437882 0.108058 0.112061 0.00462836
1 0.812279 0.561363 0.112321 0.111835 0.00425448
7 0.688429 0.933016 0.11459 0.113 0.00401889
3 0.316046 0.933875 0.112252 0.113172 0.00397509
2 0.688092 0.189168 0.1131 0.112658 0.00373364
5 0.936068 0.188896 0.113262 0.113449 0.00371251
10 0.439839 0.436769 0.111686 0.111963 0.00357339
5 0.936005 0.933836 0.112996 0.112703 0.0035297
1 0.935929 0.437921 0.110004 0.113008 0.00336291
1 0.936312 0.313322 0.110866 0.113782 0.0033396
12 0.686765 0.561733 0.111165 0.112865 0.00310699
1 0.813051 0.80929 0.113706 0.114659 0.00298601
3 0.563509 0.0653101 0.111822 0.1119 0.00295646
12 0.812458 0.313444 0.111305 0.112501 0.00294214
7 0.811767 0.0647896 0.113925 0.114497 0.00292306
12 0.686764 0.313529 0.110666 0.113125 0.00290865
0 0.813056 0.313594 0.112163 0.113625 0.00290442
0 0.190925 0.438096 0.111314 0.113327 0.00287592
3 0.439571 0.189122 0.111119 0.112539 0.00281469
0 0.812908 0.934058 0.111109 0.110956 0.00276174
1 0.316067 0.809713 0.112385 0.111542 0.00271083
0 0.315548 0.437943 0.111261 0.112021 0.00267743
9 0.191564 0.685536 0.112176 0.112097 0.00243638
3 0.563551 0.189282 0.112645 0.112849 0.00240692
5 0.936202 0.312778 0.11297 0.113524 0.00237246
4 0.56369 0.437912 0.110912 0.111246 0.00237108
3 0.812528 0.437641 0.111908 0.113238 0.00236906
0 0.936141 0.0643875 0.112179 0.113554 0.00233716
12 0.563452 0.065142 0.111499 0.111661 0.00232519
11 0.688063 0.189301 0.113673 0.114044 0.00231692
7 0.811566 0.560764 0.112851 0.113275 0.00224748
1 0.812534 0.0649552 0.111918 0.113436 0.00222683
3 0.315317 0.685457 0.112363 0.111927 0.00217253
12 0.563617 0.189155 0.111576 0.112088 0.00208699
12 0.688391 0.0646226 0.111516 0.113002 0.00204683
9 0.439824 0.437675 0.111574 0.111874 0.00204478
4 0.439828 0.685463 0.112271 0.112208 0.00204006
5 0.439619 0.436943 0.111973 0.112415 0.00203119
3 0.56369 0.437912 0.110912 0.111246 0.00202654
3 0.936108 0.43712 0.113162 0.111799 0.00201771
12 0.19148 0.561393 0.111067 0.111384 0.0019859
4 0.688367 0.0653009 0.112146 0.112359 0.00198304
0 0.688218 0.809155 0.111332 0.111893 0.00197061
3 0.315485 0.313255 0.110827 0.112511 0.0019676
0 0.439604 0.313408 0.110982 0.113331 0.00196449
4 0.688183 0.561552 0.111893 0.11274 0.00193621
5 0.935995 0.437192 0.113283 0.113522 0.00189688
2 0.191672 0.809331 0.112126 0.112126 0.00188442
10 0.191392 0.685255 0.112182 0.111907 0.00188253
2 0.812321 0.561265 0.111659 0.111998 0.00187424
4 0.688218 0.809155 0.111332 0.111893 0.00183441
0 0.936735 0.809476 0.111729 0.113018 0.00182853
7 0.0672671 0.438179 0.113025 0.112977 0.00177545
10 0.0667558 0.933924 0.113358 0.112892 0.00176929
10 0.812321 0.561265 0.111659 0.111998 0.0017397
5 0.190974 0.188704 0.112792 0.112444 0.00172014
3 0.813049 0.312979 0.112556 0.112476 0.00169012
10 0.439828 0.685463 0.112271 0.112208 0.00168969
3 0.0665501 0.437288 0.114191 0.112001 0.00168666
11 0.0666162 0.685218 0.112663 0.111601 0.00164546
6 0.686765 0.561733 0.111165 0.112865 0.00162975
13 0.811613 0.188757 0.112148 0.112742 0.00158593
1 0.936484 0.188622 0.112615 0.11267 0.00155836
0 0.563452 0.065142 0.111499 0.111661 0.00155594
6 0.811473 0.561233 0.114327 0.111783 0.00155096
7 0.0675571 0.685336 0.113195 0.113338 0.00153742
12 0.563943 0.93388 0.111293 0.111849 0.00153695
1 0.315138 0.561479 0.112436 0.112185 0.0015127
12 0.31584 0.436787 0.11093 0.111483 0.00150445
4 0.936604 0.809549 0.112607 0.112594 0.00149074
7 0.688367 0.0653009 0.112146 0.112359 0.00147868
2 0.813194 0.933193 0.111517 0.112986 0.0014518
13 0.936423 0.685455 0.11155 0.112378 0.00142675
1 0.936369 0.933603 0.113043 0.112963 0.00142396
4 0.440214 0.809608 0.111884 0.112916 0.00140914
13 0.688268 0.0650125 0.111856 0.11157 0.00138977
11 0.811689 0.188572 0.112358 0.113106 0.00138842
1 0.315819 0.685316 0.112525 0.112341 0.00138107
5 0.936623 0.68516 0.111519 0.111667 0.00137715
4 0.812172 0.189075 0.110694 0.112662 0.00135719
12 0.0669028 0.685478 0.111512 0.112029 0.00134467
3 0.688092 0.189168 0.1131 0.112658 0.00132424
3 0.935812 0.189307 0.112626 0.112747 0.00131581
2 0.688299 0.809373 0.112418 0.112025 0.00131266
12 0.811939 0.189384 0.112112 0.112296 0.00130607
4 0.439647 0.3134 0.112065 0.113095 0.00129752
8 0.811528 0.313134 0.112135 0.113032 0.00129704
0 0.563493 0.189119 0.112473 0.112747 0.00129225
4 0.936669 0.685225 0.110878 0.111437 0.00126441
7 0.688153 0.437484 0.110868 0.111892 0.00126076
7 0.811489 0.685619 0.111914 0.113142 0.00124921
1 0.688429 0.933016 0.11459 0.113 0.0012483
6 0.811838 0.685584 0.112138 0.111966 0.00122188
3 0.936185 0.313499 0.112531 0.11208 0.00121186
4 0.935922 0.0648 0.11261 0.113011 0.00120952
5 0.811862 0.18862 0.111833 0.111336 0.00120787
6 0.315309 0.809199 0.112076 0.112057 0.00120586
11 0.563253 0.436666 0.111286 0.109893 0.00120219
1 0.439391 0.0649271 0.111536 0.111958 0.00119132
3 0.936495 0.561107 0.112149 0.112733 0.00118888
4 0.688181 0.933516 0.112134 0.113081 0.00118786
6 0.68823 0.31326 0.112001 0.114061 0.00118589
7 0.811525 0.437482 0.110262 0.113525 0.00118006
6 0.688373 0.685316 0.112492 0.113552 0.00117498
4 0.688354 0.685487 0.111544 0.112569 0.00117085
8 0.936798 0.436697 0.110884 0.112096 0.00116411
9 0.19122 0.189143 0.112055 0.112175 0.00111679
11 0.564152 0.934072 0.112407 0.112623 0.00111529
7 0.315859 0.313718 0.112822 0.112501 0.00111474
12 0.936318 0.685552 0.112746 0.111052 0.00111415
10 0.191123 0.313222 0.111225 0.111583 0.00110466
12 0.812091 0.438178 0.113142 0.113062 0.00110465
1 0.191784 0.933516 0.111694 0.112768 0.00109601
4 0.439987 0.561447 0.111723 0.111491 0.00107147
10 0.688171 0.56144 0.111617 0.113705 0.00107135
10 0.190887 0.18926 0.111964 0.11162 0.00106499
12 0.563685 0.685548 0.11121 0.111734 0.00105665
11 0.190962 0.437735 0.112491 0.111679 0.00104901
12 0.686776 0.685896 0.112193 0.112695 0.0010432
6 0.936035 0.561375 0.112473 0.111402 0.00104303
10 0.687662 0.189093 0.112166 0.112367 0.00103363
0 0.440214 0.809608 0.111884 0.112916 0.00103096
3 0.811489 0.685619 0.111914 0.113142 0.00102895
1 0.564072 0.685577 0.11202 0.112247 0.00102702
7 0.191569 0.561165 0.111478 0.112059 0.00102413
5 0.191506 0.68598 0.111454 0.111743 0.00102128
11 0.0672205 0.934544 0.112939 0.114328 0.0010165
5 0.688316 0.0651265 0.112182 0.112209 0.00101609
11 0.936253 0.685181 0.1115 0.110765 0.00101144
13 0.0660819 0.189596 0.113781 0.111998 0.00101091
10 0.0666763 0.189321 0.11292 0.113212 0.00100596
2 0.315733 0.809551 0.112538 0.111158 0.00100543
9 0.687741 0.437882 0.108058 0.112061 0.00100244
4 0.0658282 0.0648979 0.111585 0.112659 0.00100217
