9 0.19119 0.685483 0.111778 0.112953 0.987008
9 0.936018 0.933859 0.113075 0.113637 0.985755
13 0.563524 0.0652324 0.112554 0.11441 0.985707
8 0.0669076 0.809677 0.113276 0.112739 0.985646
3 0.190868 0.809768 0.113622 0.112769 0.984458
7 0.0669381 0.313445 0.113713 0.114142 0.984172
1 0.563811 0.933802 0.111844 0.112545 0.984111
9 0.563198 0.189386 0.111461 0.113108 0.983972
13 0.0674827 0.685671 0.112353 0.113098 0.983663
8 0.191433 0.933824 0.112436 0.112982 0.983467
1 0.31561 0.685541 0.111899 0.111933 0.983171
2 0.688062 0.809532 0.112763 0.113281 0.983071
12 0.440017 0.810034 0.11168 0.113498 0.983039
5 0.190697 0.0648043 0.110559 0.111187 0.982888
6 0.812005 0.933752 0.112382 0.113828 0.982846
10 0.315201 0.312913 0.113409 0.112901 0.982675
10 0.1918 0.188863 0.112382 0.113223 0.982643
2 0.315018 0.809355 0.113014 0.112526 0.982564
12 0.688357 0.933916 0.11177 0.114228 0.982439
6 0.564093 0.8098 0.112274 0.11408 0.98236
5 0.0669323 0.18929 0.112337 0.112834 0.982336
3 0.315854 0.561356 0.112005 0.113769 0.982269
13 0.0672212 0.933842 0.112621 0.113616 0.982198
13 0.440061 0.561406 0.112243 0.113689 0.982007
11 0.191495 0.437017 0.11145 0.112572 0.981956
12 0.315688 0.93404 0.111404 0.1133 0.981938
10 0.19125 0.561175 0.112552 0.111858 0.981913
4 0.439505 0.0650304 0.112751 0.113502 0.981874
8 0.31486 0.0648779 0.111491 0.111695 0.981816
1 0.0668356 0.437582 0.112897 0.112143 0.981722
10 0.439305 0.313151 0.113177 0.113167 0.981508
1 0.315141 0.188821 0.111487 0.111523 0.981279
0 0.43975 0.933824 0.112028 0.112849 0.981279
10 0.688104 0.0651294 0.112111 0.114346 0.98127
2 0.315085 0.437 0.113074 0.112374 0.981179
6 0.935721 0.0650205 0.113305 0.114053 0.981134
2 0.191102 0.313156 0.112719 0.112698 0.98078
8 0.68744 0.18978 0.111835 0.112458 0.980583
2 0.0661499 0.0648123 0.11396 0.113262 0.980443
12 0.0671892 0.561408 0.112743 0.112238 0.980358
11 0.56373 0.561274 0.111597 0.113622 0.980184
2 0.812368 0.809433 0.113201 0.113288 0.980064
5 0.43931 0.437408 0.112043 0.112135 0.979859
11 0.936485 0.809607 0.111876 0.112018 0.979728
7 0.936108 0.189251 0.113907 0.114884 0.97954
1 0.56416 0.685401 0.1119 0.112576 0.979513
11 0.687799 0.437166 0.112147 0.113953 0.979507
4 0.688047 0.312808 0.113354 0.114427 0.979151
9 0.811754 0.561879 0.112093 0.11196 0.979086
1 0.687721 0.561552 0.112519 0.112871 0.979078
11 0.936364 0.437219 0.112865 0.113921 0.979032
1 0.812186 0.437159 0.113216 0.11304 0.978792
0 0.439275 0.685487 0.111567 0.111848 0.97877
11 0.812031 0.189041 0.112388 0.11384 0.978706
12 0.439934 0.188777 0.11281 0.11259 0.978486
12 0.812222 0.0649927 0.111321 0.111245 0.978316
8 0.56391 0.437258 0.11205 0.113075 0.978206
4 0.936772 0.561398 0.11398 0.114556 0.978154
2 0.687861 0.685664 0.111663 0.111856 0.978095
2 0.56364 0.312901 0.111956 0.113992 0.97797
12 0.936244 0.313 0.112296 0.112522 0.977802
2 0.812091 0.685764 0.111739 0.112216 0.977452
12 0.936488 0.685247 0.110839 0.111274 0.977336
8 0.812063 0.313005 0.112088 0.112703 0.976888
6 0.439737 0.809301 0.110935 0.11183 0.0848338
6 0.315407 0.933662 0.110466 0.112136 0.0609227
2 0.687933 0.188485 0.111764 0.111781 0.037555
6 0.687789 0.933601 0.111746 0.112624 0.0292009
2 0.812612 0.312575 0.111813 0.111471 0.0216147
6 0.936794 0.685395 0.111302 0.112637 0.0190253
6 0.0669268 0.561517 0.112732 0.112527 0.0165441
6 0.439591 0.189268 0.111446 0.112954 0.0113054
6 0.811669 0.0654631 0.112288 0.113653 0.009974
6 0.935577 0.313613 0.1127 0.112036 0.00880084
2 0.0666906 0.809469 0.113747 0.11169 0.00584948
2 0.563946 0.436889 0.112398 0.114212 0.00555061
5 0.811956 0.189794 0.112641 0.113644 0.00548464
2 0.191433 0.933701 0.11232 0.11245 0.00480935
11 0.811477 0.312692 0.109647 0.112345 0.00445801
7 0.067607 0.933715 0.113458 0.114401 0.00438617
1 0.563403 0.313384 0.111505 0.112735 0.00429602
8 0.688179 0.437261 0.1115 0.114454 0.00425725
12 0.812369 0.561141 0.111211 0.11312 0.00415668
3 0.564219 0.809054 0.111526 0.112851 0.00374676
5 0.811605 0.809986 0.114852 0.112418 0.00359452
1 0.314912 0.437922 0.110245 0.109946 0.00332041
10 0.811486 0.189179 0.110538 0.112348 0.00331072
5 0.81154 0.685934 0.114413 0.11186 0.00325987
1 0.813077 0.809569 0.113573 0.113441 0.00304112
10 0.191204 0.0645879 0.111472 0.111697 0.0029615
0 0.812374 0.436589 0.112928 0.112225 0.00294232
3 0.314916 0.436975 0.112415 0.112039 0.00291667
1 0.68835 0.312679 0.112512 0.114156 0.00289604
11 0.439078 0.436552 0.111058 0.11 0.00288488
8 0.811493 0.561655 0.11137 0.112542 0.00281327
3 0.812343 0.933312 0.111856 0.113914 0.00270191
3 0.812032 0.561372 0.11199 0.113633 0.00269655
1 0.19091 0.313527 0.111573 0.111391 0.00267194
10 0.0673241 0.313453 0.113902 0.115156 0.00263419
12 0.688157 0.0644323 0.112644 0.114708 0.00261822
2 0.688095 0.561518 0.111718 0.112734 0.00261005
0 0.813065 0.561645 0.110766 0.112551 0.00260887
7 0.81148 0.0653204 0.110638 0.112548 0.00258469
3 0.688459 0.809431 0.111384 0.112716 0.00251772
1 0.813098 0.685255 0.113281 0.112648 0.00250157
1 0.43988 0.0647721 0.112195 0.114222 0.00249944
1 0.688353 0.81011 0.112359 0.113187 0.00248631
4 0.93553 0.189275 0.114381 0.114619 0.00247764
1 0.936738 0.56141 0.114208 0.114805 0.00245255
0 0.56317 0.438007 0.111397 0.11293 0.00241584
1 0.688328 0.685819 0.111951 0.112837 0.00238735
7 0.936171 0.685548 0.110986 0.114008 0.00229168
10 0.0669489 0.933387 0.115118 0.114915 0.0022224
0 0.688119 0.561218 0.111928 0.111687 0.0022098
7 0.440368 0.561151 0.112842 0.11422 0.00219498
7 0.687606 0.312929 0.111737 0.112355 0.00219079
4 0.0667267 0.313271 0.114052 0.113613 0.00218223
4 0.688459 0.809431 0.111384 0.112716 0.00214335
11 0.686885 0.1884 0.11087 0.110476 0.00211771
7 0.067573 0.685462 0.113122 0.114039 0.00210854
7 0.439536 0.0644622 0.112027 0.112405 0.00209523
4 0.688312 0.0652577 0.112035 0.11437 0.00209159
0 0.811949 0.313453 0.110997 0.111641 0.00204931
5 0.315666 0.43683 0.111472 0.113727 0.00204073
10 0.439582 0.437593 0.111302 0.111721 0.00197598
5 0.688353 0.81011 0.112359 0.113187 0.00193545
5 0.688328 0.685819 0.111951 0.112837 0.00192911
3 0.688534 0.685536 0.111181 0.11162 0.00189998
3 0.936145 0.0648614 0.113142 0.114508 0.00185135
5 0.688145 0.43795 0.112634 0.113336 0.00184908
7 0.688312 0.0652577 0.112035 0.11437 0.00180619
4 0.315252 0.313015 0.11279 0.114241 0.0017715
10 0.0668901 0.685132 0.114769 0.114128 0.00175769
1 0.81313 0.932662 0.111119 0.112127 0.0017481
5 0.563906 0.561749 0.11146 0.112581 0.00171506
7 0.936093 0.561165 0.112998 0.115409 0.00171422
3 0.688395 0.933102 0.113144 0.111736 0.0016325
4 0.688534 0.685536 0.111181 0.11162 0.0016277
7 0.0672375 0.560919 0.113465 0.113964 0.00162502
12 0.563584 0.189247 0.112173 0.112418 0.00161825
13 0.688298 0.0645814 0.1124 0.112838 0.00161513
12 0.935737 0.188955 0.113497 0.113543 0.00160612
11 0.0666906 0.809469 0.113747 0.11169 0.0015931
8 0.93587 0.934328 0.111366 0.114146 0.00158572
7 0.935721 0.0650205 0.113305 0.114053 0.00154653
4 0.315608 0.189274 0.112124 0.113414 0.00152941
1 0.439791 0.685215 0.111693 0.112249 0.00152846
11 0.563579 0.437151 0.112854 0.11278 0.00148645
7 0.315732 0.313312 0.112303 0.112859 0.00148316
4 0.564181 0.685382 0.11138 0.111538 0.00147407
4 0.439737 0.809301 0.110935 0.11183 0.0014699
5 0.936442 0.436603 0.110536 0.111933 0.00146665
2 0.31486 0.0648779 0.111491 0.111695 0.00144727
5 0.936365 0.809455 0.112139 0.113563 0.00143168
4 0.31561 0.685541 0.111899 0.111933 0.00142804
1 0.315296 0.561296 0.112651 0.112662 0.00142663
4 0.563566 0.933675 0.110975 0.111804 0.00140891
3 0.190863 0.313369 0.112247 0.111829 0.00136982
10 0.937284 0.437867 0.111511 0.113713 0.00135695
12 0.439783 0.56145 0.111908 0.112328 0.00133808
1 0.315626 0.809448 0.112977 0.112825 0.00131449
11 0.192354 0.934072 0.112632 0.112644 0.00131407
3 0.0658187 0.0648349 0.114402 0.112222 0.0013117
3 0.563971 0.313437 0.112186 0.112532 0.00130351
7 0.564334 0.0653152 0.112431 0.114255 0.00129932
0 0.563584 0.189247 0.112173 0.112418 0.00129092
1 0.0666877 0.0646285 0.113219 0.112408 0.0012789
10 0.0664635 0.189027 0.112467 0.113104 0.00127281
0 0.066255 0.436652 0.114143 0.111774 0.00126449
4 0.687902 0.561011 0.112563 0.112886 0.00126195
3 0.315018 0.809355 0.113014 0.112526 0.00126118
8 0.563662 0.561212 0.111937 0.112602 0.00124491
12 0.31555 0.312943 0.112766 0.113854 0.00124021
5 0.688263 0.065 0.112101 0.114063 0.00122576
13 0.0672453 0.313407 0.112756 0.114791 0.00121151
10 0.935939 0.809487 0.111075 0.113423 0.00119512
8 0.811664 0.685653 0.111735 0.113016 0.00118631
4 0.439364 0.3134 0.112726 0.114333 0.00118133
4 0.564219 0.809054 0.111526 0.112851 0.00117772
8 0.190881 0.437944 0.111951 0.113112 0.0011593
7 0.935875 0.313069 0.112081 0.113479 0.00115296
13 0.191398 0.561317 0.111692 0.111688 0.00114629
11 0.935842 0.933839 0.112137 0.114119 0.00114585
5 0.066173 0.0650508 0.112437 0.110824 0.00114223
12 0.191319 0.809775 0.111958 0.112437 0.00113856
4 0.687789 0.933601 0.111746 0.112624 0.00113624
0 0.564262 0.685284 0.111657 0.112348 0.00112396
0 0.688416 0.93323 0.113241 0.11188 0.00112104
0 0.563566 0.933675 0.110975 0.111804 0.00111483
4 0.315407 0.933662 0.110466 0.112136 0.00110777
8 0.563539 0.312951 0.11215 0.112757 0.00109927
12 0.935889 0.934426 0.111927 0.113545 0.00109626
0 0.315185 0.0646199 0.111397 0.110863 0.00108995
13 0.439605 0.313262 0.111942 0.112374 0.00107335
4 0.812265 0.437684 0.112086 0.113156 0.00106616
0 0.68809 0.189131 0.112048 0.113636 0.00106211
13 0.191182 0.18881 0.112545 0.112317 0.00106137
1 0.191757 0.809676 0.112112 0.112311 0.00105866
4 0.191341 0.188741 0.113031 0.114234 0.00105633
12 0.439886 0.313477 0.113187 0.113739 0.00105357
4 0.191288 0.561141 0.112329 0.112751 0.0010451
12 0.191225 0.685321 0.110903 0.112008 0.00103314
0 0.315433 0.189131 0.111915 0.113112 0.00103303
8 0.93588 0.809433 0.111851 0.112609 0.00102661
5 0.315716 0.809836 0.112384 0.112928 0.00102089
8 0.0664199 0.0644911 0.11316 0.113062 0.00101472
5 0.191796 0.313172 0.111547 0.111104 0.00101449
