7 0.43933 0.0651568 0.111428 0.112072 0.98633
10 0.439516 0.933796 0.111685 0.113187 0.985563
4 0.563634 0.933999 0.112444 0.113935 0.985
5 0.440193 0.809978 0.110456 0.112087 0.984885
11 0.315564 0.933887 0.110942 0.111765 0.984793
6 0.192101 0.685271 0.111598 0.112009 0.984489
2 0.439345 0.685255 0.112769 0.112713 0.984432
9 0.191637 0.561538 0.110137 0.111975 0.984405
5 0.0672698 0.934578 0.112245 0.113612 0.984385
7 0.0668751 0.0651331 0.114435 0.11387 0.984291
9 0.191373 0.80926 0.111884 0.112045 0.984177
2 0.563504 0.0650478 0.111909 0.11311 0.984131
9 0.0678378 0.685629 0.111364 0.112054 0.983958
7 0.935844 0.0654125 0.113447 0.112641 0.983878
11 0.687595 0.93386 0.111571 0.112144 0.983796
11 0.935791 0.933732 0.112774 0.111362 0.983583
13 0.1915 0.933669 0.112024 0.113162 0.983487
2 0.314865 0.0648731 0.1126 0.113105 0.983196
6 0.191411 0.437548 0.112031 0.112385 0.98301
4 0.315526 0.189158 0.113387 0.112978 0.982755
13 0.315305 0.561611 0.112431 0.111401 0.982744
5 0.191469 0.189062 0.11166 0.111105 0.982727
4 0.0670999 0.313392 0.113687 0.113197 0.982711
5 0.812052 0.0657342 0.111292 0.11143 0.982358
12 0.564017 0.809478 0.111519 0.112704 0.982315
5 0.315462 0.313826 0.111552 0.112004 0.982255
13 0.439509 0.313558 0.113233 0.112291 0.982181
12 0.315646 0.437432 0.111571 0.111612 0.982089
11 0.0673277 0.562204 0.11281 0.111969 0.982069
4 0.687924 0.0649822 0.112337 0.113972 0.982026
4 0.439498 0.189021 0.113344 0.113205 0.981977
10 0.191542 0.064641 0.112644 0.112111 0.981518
11 0.191495 0.313047 0.111373 0.112172 0.981259
2 0.067672 0.809537 0.113601 0.113796 0.981185
12 0.812542 0.933539 0.110758 0.113285 0.980961
11 0.936459 0.809786 0.111986 0.110584 0.980891
12 0.0674156 0.188806 0.112106 0.111438 0.980758
12 0.0675595 0.437456 0.112008 0.111974 0.980751
11 0.563974 0.685319 0.112124 0.112532 0.980333
6 0.563929 0.561535 0.112598 0.112782 0.980035
11 0.439757 0.437094 0.111715 0.112738 0.979842
6 0.563926 0.313309 0.112191 0.112338 0.979748
12 0.812177 0.810155 0.112606 0.112581 0.979635
2 0.439253 0.561091 0.112897 0.112687 0.979622
13 0.811741 0.685512 0.113059 0.112491 0.97951
6 0.687388 0.188984 0.111573 0.111882 0.979436
4 0.687952 0.312904 0.113022 0.113462 0.979387
9 0.811793 0.18875 0.112537 0.11217 0.979086
7 0.563752 0.437479 0.112723 0.113676 0.978867
6 0.936472 0.436993 0.113653 0.112626 0.978777
9 0.811948 0.43717 0.111653 0.113317 0.978643
7 0.687763 0.561623 0.112708 0.113723 0.978493
9 0.811886 0.561803 0.11224 0.111968 0.978425
2 0.687425 0.685499 0.110737 0.111943 0.978247
3 0.936019 0.686028 0.111865 0.112993 0.978162
8 0.688075 0.809821 0.111389 0.1143 0.97809
3 0.936486 0.561325 0.112992 0.11392 0.977985
0 0.935831 0.188759 0.112868 0.11215 0.977812
5 0.936507 0.312826 0.112866 0.112218 0.977691
7 0.812433 0.313215 0.112422 0.113091 0.977652
10 0.688059 0.437013 0.112378 0.113111 0.977592
8 0.315096 0.685246 0.111879 0.112494 0.976873
8 0.563636 0.189086 0.111437 0.113092 0.976746
8 0.315802 0.809648 0.111095 0.113054 0.976031
2 0.315305 0.685564 0.111429 0.111971 0.0288861
2 0.315273 0.809458 0.112768 0.112763 0.0246304
4 0.191456 0.0646192 0.112141 0.113717 0.0214963
5 0.688065 0.933965 0.112035 0.111701 0.0213374
2 0.688285 0.809026 0.111671 0.111978 0.0150542
2 0.563734 0.189067 0.110865 0.112536 0.0118528
4 0.688115 0.437549 0.111956 0.112549 0.0098925
12 0.811647 0.313516 0.111519 0.113549 0.00827412
12 0.686797 0.561704 0.110699 0.112787 0.00629873
3 0.811509 0.561943 0.110595 0.112404 0.00588492
12 0.811341 0.685758 0.111569 0.112443 0.00559836
5 0.315808 0.934307 0.110588 0.111737 0.00552623
5 0.439623 0.436919 0.111788 0.111809 0.00544684
5 0.935791 0.933732 0.112774 0.111362 0.0051089
7 0.688215 0.437455 0.112635 0.113889 0.00474595
13 0.687391 0.437233 0.111814 0.111562 0.00471803
8 0.688356 0.933051 0.112916 0.112952 0.00446377
6 0.067474 0.437742 0.112826 0.112189 0.0043728
12 0.811509 0.561943 0.110595 0.112404 0.00432307
12 0.564151 0.436669 0.110659 0.110885 0.00408079
5 0.936459 0.809786 0.111986 0.110584 0.00367711
3 0.0671764 0.685157 0.114051 0.112546 0.00344628
10 0.935776 0.933475 0.111597 0.111922 0.00343451
7 0.687722 0.0644552 0.111339 0.111951 0.00330073
5 0.439498 0.5611 0.11188 0.111653 0.0031022
1 0.563463 0.933598 0.11184 0.112677 0.00304067
12 0.19191 0.933674 0.111569 0.111575 0.00300504
3 0.191183 0.437029 0.11272 0.112536 0.0029575
12 0.811467 0.437281 0.110115 0.11259 0.00289647
3 0.191815 0.809555 0.110345 0.111803 0.00288735
1 0.0675941 0.313133 0.114121 0.113411 0.00286592
7 0.43932 0.189194 0.112105 0.112702 0.0028637
5 0.564298 0.685779 0.110627 0.110972 0.00286274
1 0.687964 0.3133 0.113115 0.112677 0.0028298
3 0.439501 0.561165 0.113254 0.113133 0.00272177
3 0.811467 0.437281 0.110115 0.11259 0.00268646
12 0.936061 0.0651378 0.113502 0.113233 0.00258191
1 0.688224 0.685498 0.112163 0.113224 0.00256752
6 0.936183 0.561699 0.111565 0.113484 0.00255346
13 0.439596 0.933852 0.111002 0.111331 0.00250951
7 0.687528 0.312923 0.111374 0.111963 0.00247441
6 0.68681 0.561677 0.113708 0.11217 0.00243592
3 0.192101 0.685271 0.111598 0.112009 0.0024299
1 0.316188 0.189136 0.112567 0.112327 0.00240749
13 0.191681 0.0643922 0.111864 0.111795 0.00237649
11 0.315164 0.68519 0.111651 0.111111 0.00235174
7 0.191456 0.0646192 0.112141 0.113717 0.00233523
12 0.688115 0.437549 0.111956 0.112549 0.00233462
10 0.0673023 0.561167 0.113326 0.113392 0.00232876
11 0.315198 0.809394 0.111811 0.111257 0.00227433
10 0.812795 0.933595 0.11036 0.112766 0.00227255
1 0.688319 0.0645395 0.111865 0.114063 0.00221941
1 0.439863 0.189184 0.113048 0.112768 0.00219493
1 0.439537 0.561209 0.113031 0.113947 0.0021568
12 0.811563 0.189246 0.111043 0.112664 0.00215112
3 0.0668281 0.809312 0.11536 0.113639 0.00213131
13 0.811727 0.313097 0.111864 0.113794 0.00206401
6 0.936168 0.685961 0.11121 0.113874 0.00203397
5 0.0673277 0.562204 0.11281 0.111969 0.00202043
5 0.688224 0.685498 0.112163 0.113224 0.00201926
1 0.439616 0.685201 0.11277 0.113008 0.00194404
11 0.688172 0.809619 0.111339 0.113209 0.00194114
1 0.563742 0.064435 0.112015 0.113641 0.00193617
10 0.688093 0.933833 0.110731 0.112132 0.00192071
7 0.439857 0.313576 0.112298 0.113526 0.00191695
3 0.688235 0.685332 0.111495 0.112041 0.00190551
12 0.0677119 0.685116 0.112211 0.113073 0.00187091
11 0.811567 0.0651272 0.112557 0.111324 0.0018216
0 0.812939 0.18892 0.110398 0.113273 0.00181409
6 0.564224 0.809424 0.111488 0.11254 0.00181318
10 0.0666522 0.93423 0.113628 0.113196 0.00179616
7 0.439896 0.933414 0.113547 0.113161 0.00176951
13 0.812127 0.933948 0.111889 0.111907 0.00175938
10 0.315328 0.561269 0.111961 0.113138 0.00170665
3 0.564036 0.312837 0.111939 0.112692 0.00169372
0 0.813046 0.562099 0.111435 0.11156 0.00168529
3 0.936228 0.437168 0.11327 0.11406 0.00168205
7 0.811656 0.933645 0.110427 0.1118 0.0016783
6 0.0673687 0.189342 0.112124 0.111835 0.0016609
12 0.315328 0.561269 0.111961 0.113138 0.00164542
6 0.315986 0.437533 0.11251 0.113018 0.00164443
7 0.811573 0.810167 0.112635 0.11347 0.00163978
12 0.191821 0.56096 0.110552 0.112334 0.00161016
1 0.688208 0.189175 0.112617 0.113515 0.00160167
10 0.190959 0.189375 0.11165 0.111786 0.00160147
13 0.564301 0.43671 0.11022 0.112759 0.00159697
3 0.811563 0.189246 0.111043 0.112664 0.00157942
3 0.564059 0.560981 0.11241 0.113014 0.00155744
12 0.1919 0.809542 0.111353 0.111859 0.00155321
10 0.439588 0.436786 0.110748 0.111016 0.00155275
2 0.688367 0.933273 0.113014 0.113297 0.00154685
9 0.439744 0.437557 0.111145 0.111545 0.00153624
3 0.439345 0.685255 0.112769 0.112713 0.00153606
8 0.936079 0.809558 0.111307 0.111708 0.00152439
6 0.564282 0.437962 0.11098 0.113305 0.00152245
3 0.688219 0.18846 0.112036 0.112364 0.00150849
2 0.0668449 0.313174 0.113123 0.113419 0.00150729
12 0.936184 0.561441 0.111316 0.112434 0.00148278
1 0.315148 0.0648679 0.112505 0.112256 0.00146236
4 0.688235 0.685332 0.111495 0.112041 0.00142626
1 0.93636 0.561535 0.111696 0.11191 0.00141364
6 0.811622 0.31336 0.11392 0.113234 0.00141344
10 0.936144 0.313241 0.11063 0.111266 0.00140982
11 0.56356 0.189206 0.112306 0.112709 0.00138632
12 0.440096 0.93401 0.111915 0.112964 0.00137461
5 0.688174 0.437313 0.113139 0.112594 0.00137419
12 0.43983 0.313185 0.11124 0.111441 0.00137209
10 0.813011 0.809404 0.112272 0.112714 0.00136548
7 0.811741 0.685512 0.113059 0.112491 0.00136091
1 0.0672504 0.809423 0.114093 0.11283 0.00132682
10 0.439457 0.809711 0.111886 0.112277 0.00130326
12 0.936168 0.685961 0.11121 0.113874 0.00129716
0 0.813038 0.43777 0.110266 0.110986 0.00129679
10 0.936138 0.809734 0.110688 0.112402 0.00128361
10 0.191268 0.31349 0.110853 0.111712 0.00124877
13 0.191268 0.31349 0.110853 0.111712 0.00123252
7 0.067096 0.438141 0.114014 0.11193 0.00123138
4 0.440004 0.0648411 0.111473 0.113314 0.0012269
7 0.066172 0.312751 0.112707 0.113285 0.00120875
3 0.314914 0.0645103 0.11213 0.111958 0.00120174
1 0.936243 0.68589 0.111884 0.1125 0.00119975
5 0.563984 0.0646512 0.111658 0.111702 0.00119845
5 0.191483 0.313519 0.112026 0.111227 0.00115638
3 0.191517 0.561208 0.111991 0.112361 0.00114459
5 0.315025 0.0650684 0.112358 0.111551 0.00114155
10 0.687991 0.313499 0.112228 0.11413 0.00113464
12 0.439414 0.0648227 0.11258 0.11139 0.00113375
5 0.0667859 0.809504 0.113183 0.112752 0.00112696
4 0.564282 0.437962 0.11098 0.113305 0.00112499
12 0.191723 0.0646861 0.111504 0.113146 0.00111442
9 0.935318 0.933842 0.111095 0.111732 0.0010872
8 0.688235 0.685522 0.111299 0.112236 0.00108691
9 0.812271 0.934065 0.111489 0.111161 0.00108253
2 0.687991 0.313499 0.112228 0.11413 0.00107428
4 0.688122 0.56171 0.112327 0.113844 0.00107232
3 0.811573 0.810167 0.112635 0.11347 0.00107173
5 0.439379 0.685148 0.112137 0.112205 0.00107058
0 0.191821 0.56096 0.110552 0.112334 0.00105879
10 0.811547 0.0649387 0.113097 0.111794 0.00105113
2 0.811547 0.0649387 0.113097 0.111794 0.00104981
7 0.315076 0.188655 0.111543 0.111887 0.00104653
7 0.936228 0.437168 0.11327 0.11406 0.00103878
4 0.812103 0.31382 0.113034 0.112318 0.00103654
1 0.935547 0.18895 0.112648 0.112311 0.00102042
10 0.812466 0.313495 0.112278 0.113191 0.00101991
