3 0.314795 0.80961 0.113569 0.112751 0.98728
9 0.314732 0.0648337 0.111974 0.112735 0.986656
9 0.190344 0.06492 0.112744 0.112788 0.985888
5 0.439446 0.809411 0.110524 0.112322 0.985468
7 0.936141 0.933622 0.113992 0.114239 0.985367
11 0.563375 0.93385 0.110884 0.113361 0.985189
7 0.191559 0.809659 0.112367 0.1124 0.984706
5 0.315731 0.561732 0.111472 0.112797 0.984277
8 0.0665499 0.43747 0.112876 0.112292 0.984258
7 0.688205 0.809661 0.112338 0.113845 0.984251
13 0.191839 0.933922 0.110776 0.113139 0.98422
5 0.0674152 0.809548 0.112587 0.114099 0.984031
2 0.563648 0.8096 0.112649 0.113022 0.983962
8 0.0664677 0.313688 0.113097 0.112745 0.983835
10 0.439727 0.934023 0.113024 0.114723 0.983779
8 0.439183 0.0650956 0.111433 0.112358 0.983747
8 0.190848 0.437515 0.112265 0.112255 0.983653
11 0.191194 0.685459 0.111501 0.11222 0.983458
12 0.315348 0.934078 0.111264 0.11355 0.983454
7 0.0670697 0.189281 0.113469 0.113437 0.983328
3 0.191293 0.18949 0.111576 0.113234 0.983263
11 0.687667 0.933743 0.111777 0.113499 0.98319
6 0.315413 0.189137 0.112569 0.113339 0.983108
13 0.439411 0.685405 0.112516 0.113074 0.983077
5 0.191498 0.313643 0.110624 0.112295 0.983
5 0.936067 0.0658893 0.112098 0.112908 0.982987
13 0.0661922 0.0646217 0.112214 0.113561 0.982894
7 0.0674373 0.685594 0.113106 0.113199 0.982515
10 0.0672382 0.561258 0.113479 0.113261 0.982301
11 0.315091 0.313292 0.112593 0.113052 0.982298
2 0.191123 0.561388 0.111699 0.112203 0.982135
1 0.812121 0.933757 0.111981 0.11326 0.981466
5 0.56385 0.685278 0.110191 0.111932 0.981203
5 0.687499 0.0653802 0.110507 0.112329 0.98099
8 0.314871 0.437572 0.112371 0.112201 0.980956
3 0.438691 0.189261 0.111982 0.112996 0.980597
2 0.315255 0.685547 0.111966 0.111832 0.980556
8 0.812008 0.0651556 0.112143 0.112935 0.980421
9 0.812315 0.685362 0.111835 0.113479 0.980418
2 0.812179 0.809623 0.113312 0.113698 0.980239
13 0.43953 0.437456 0.112514 0.113663 0.980236
11 0.563679 0.561137 0.111708 0.113334 0.979892
1 0.0670587 0.933131 0.113727 0.112665 0.979837
5 0.438946 0.313177 0.11162 0.113287 0.979614
11 0.936597 0.809768 0.112082 0.111732 0.979612
4 0.563716 0.312782 0.113449 0.114951 0.979595
9 0.439435 0.561486 0.111763 0.1135 0.979539
11 0.563381 0.437115 0.111545 0.113958 0.979478
12 0.687595 0.18866 0.111915 0.111525 0.979454
10 0.688046 0.436973 0.112677 0.114554 0.979097
9 0.811809 0.56198 0.111949 0.111722 0.979087
1 0.687716 0.561412 0.112816 0.113162 0.979082
11 0.812021 0.437081 0.112486 0.114662 0.97882
12 0.563208 0.0653068 0.111913 0.111353 0.978792
1 0.563318 0.188869 0.111854 0.11252 0.978684
10 0.936759 0.43688 0.113511 0.114372 0.978621
13 0.935941 0.313187 0.113564 0.113155 0.978475
0 0.687836 0.685344 0.11204 0.112688 0.978431
9 0.935568 0.189274 0.111353 0.112568 0.978406
10 0.936611 0.685344 0.112565 0.11442 0.978374
1 0.936326 0.561284 0.114191 0.113129 0.978345
3 0.812275 0.312764 0.112273 0.113063 0.978048
2 0.811351 0.188539 0.11206 0.112244 0.977598
8 0.687864 0.312964 0.111355 0.111887 0.977278
6 0.315066 0.933689 0.110508 0.112717 0.0371995
6 0.687527 0.188957 0.113041 0.113115 0.00990944
8 0.688273 0.93318 0.11264 0.113108 0.00810524
2 0.0664395 0.313796 0.113409 0.111487 0.00799942
2 0.68828 0.312212 0.111652 0.111838 0.00783327
2 0.19089 0.437303 0.112138 0.111045 0.007135
5 0.81259 0.437968 0.113312 0.11418 0.00696479
12 0.439744 0.933758 0.11202 0.113401 0.00579743
6 0.563682 0.064911 0.110958 0.114072 0.00544765
11 0.686748 0.0653161 0.11009 0.110898 0.00525318
10 0.0653112 0.0645042 0.114018 0.113802 0.00474659
0 0.813059 0.685662 0.109834 0.113447 0.00434934
2 0.0671602 0.436699 0.113317 0.114554 0.00419028
3 0.190975 0.560662 0.112565 0.111523 0.0041466
3 0.439533 0.561428 0.111018 0.112594 0.00401173
12 0.812353 0.561307 0.111325 0.112368 0.00382428
5 0.811574 0.809997 0.115054 0.112444 0.00363756
12 0.439582 0.561198 0.111225 0.113424 0.00346937
10 0.935855 0.0654082 0.111718 0.112366 0.00335785
2 0.811391 0.064302 0.110021 0.111948 0.00330057
8 0.811549 0.685601 0.111578 0.112997 0.00329597
4 0.688218 0.809365 0.112692 0.113614 0.00328611
12 0.811556 0.313049 0.110986 0.113176 0.00312944
11 0.811391 0.064302 0.110021 0.111948 0.00308661
0 0.314849 0.438064 0.111773 0.112314 0.00308204
10 0.811466 0.437022 0.110962 0.112727 0.00304427
0 0.811702 0.933051 0.114031 0.112589 0.00301242
7 0.0661922 0.0646217 0.112214 0.113561 0.00298208
0 0.06649 0.438047 0.112405 0.112784 0.00291263
5 0.811364 0.188461 0.113072 0.112625 0.00289324
3 0.81186 0.561536 0.11257 0.113437 0.00279178
0 0.190826 0.438064 0.111474 0.112313 0.00277703
1 0.564068 0.312705 0.112891 0.114176 0.00276577
2 0.315599 0.436929 0.111939 0.11342 0.0027027
11 0.68749 0.312519 0.111058 0.11121 0.00267312
1 0.813098 0.809498 0.11407 0.113303 0.00260532
0 0.936422 0.560923 0.113635 0.112427 0.00257002
0 0.563523 0.188366 0.111998 0.113118 0.00255162
5 0.563714 0.437826 0.112044 0.113222 0.00254394
5 0.191117 0.560975 0.111634 0.112739 0.00243926
4 0.0667293 0.189148 0.114506 0.11286 0.00243508
9 0.935573 0.313271 0.1141 0.113509 0.00240816
4 0.688156 0.437447 0.111839 0.114927 0.00240804
0 0.688123 0.561155 0.112103 0.111927 0.00232427
0 0.687726 0.313341 0.111302 0.111885 0.00225814
12 0.935844 0.933559 0.11188 0.112492 0.00224266
9 0.0653112 0.0645042 0.114018 0.113802 0.00223629
1 0.563994 0.809788 0.112335 0.112842 0.00222686
1 0.811693 0.188747 0.11187 0.11215 0.00221152
3 0.315079 0.189235 0.112033 0.113469 0.0021474
12 0.439568 0.437415 0.111523 0.111821 0.00212799
2 0.439398 0.0645206 0.111083 0.113113 0.00210233
1 0.687872 0.685051 0.112213 0.11229 0.00205757
4 0.0669762 0.685265 0.114469 0.112986 0.00204593
3 0.812315 0.685362 0.111835 0.113479 0.00201868
11 0.0663782 0.436639 0.114411 0.111111 0.00200552
12 0.81242 0.685476 0.111665 0.112696 0.00196708
5 0.936046 0.685447 0.112416 0.112346 0.0019303
8 0.935901 0.18897 0.111314 0.113764 0.00189533
2 0.688107 0.0650087 0.112708 0.112195 0.0018924
11 0.935936 0.0653165 0.113013 0.113072 0.00188879
4 0.936141 0.933622 0.113992 0.114239 0.00186784
0 0.0673817 0.313753 0.112036 0.11275 0.00185054
12 0.936234 0.189126 0.111659 0.112454 0.00184561
10 0.687175 0.0648428 0.11145 0.11197 0.00184182
13 0.687332 0.437045 0.111809 0.111946 0.00181807
13 0.936121 0.437378 0.111766 0.112523 0.00181113
0 0.813116 0.561843 0.111165 0.112008 0.00180175
12 0.688137 0.437468 0.111873 0.112927 0.0017896
3 0.564317 0.809537 0.111574 0.112466 0.00178036
8 0.811561 0.561595 0.111023 0.111695 0.00177198
7 0.192236 0.933693 0.111476 0.113752 0.00176952
5 0.936301 0.809578 0.111667 0.11304 0.00175742
13 0.43988 0.93372 0.111907 0.111794 0.00170209
13 0.936103 0.685408 0.111597 0.112813 0.001655
5 0.688118 0.437205 0.11263 0.114081 0.00164154
10 0.687752 0.933769 0.111781 0.114422 0.00163068
2 0.68805 0.561356 0.112019 0.112779 0.00161496
10 0.191642 0.933619 0.112464 0.11382 0.00159586
5 0.315278 0.313841 0.11265 0.113319 0.00159526
5 0.315237 0.68556 0.111675 0.112382 0.00159163
12 0.191185 0.189395 0.111868 0.112498 0.0015828
4 0.936137 0.684869 0.112339 0.114946 0.00158118
10 0.190907 0.313263 0.111178 0.1116 0.00157941
11 0.43887 0.313336 0.111939 0.112681 0.00157594
9 0.81151 0.313148 0.111863 0.113436 0.00157394
12 0.439537 0.685343 0.111487 0.111792 0.00155025
1 0.315236 0.685267 0.112412 0.112038 0.0015302
8 0.563466 0.437009 0.111522 0.112975 0.00148509
2 0.813091 0.932934 0.112014 0.112833 0.00148308
7 0.936137 0.684869 0.112339 0.114946 0.00148268
7 0.440366 0.685388 0.112485 0.11294 0.00147079
11 0.315343 0.56096 0.111267 0.111645 0.00146963
4 0.439671 0.93351 0.113872 0.115067 0.00146686
1 0.191215 0.56101 0.111942 0.112507 0.00144796
12 0.936587 0.437013 0.113582 0.113807 0.00143259
7 0.686688 0.189443 0.11105 0.111554 0.00141862
5 0.563812 0.561601 0.111829 0.112739 0.00141555
3 0.314717 0.685069 0.11211 0.111562 0.00140445
7 0.688156 0.437447 0.111839 0.114927 0.00139317
5 0.190895 0.685409 0.111807 0.112855 0.00138647
11 0.19089 0.437303 0.112138 0.111045 0.0013788
4 0.315066 0.933689 0.110508 0.112717 0.00134992
5 0.56365 0.810072 0.111896 0.111633 0.00134789
4 0.563611 0.18915 0.11197 0.112824 0.00134492
8 0.563823 0.933244 0.112957 0.113138 0.00131539
3 0.811789 0.189173 0.111635 0.111793 0.00131087
4 0.0674556 0.560993 0.112659 0.113681 0.00130562
10 0.439079 0.313206 0.111163 0.111689 0.00129442
5 0.687919 0.934052 0.112508 0.113677 0.00128159
4 0.687818 0.560949 0.112678 0.113079 0.00127879
6 0.811556 0.313049 0.110986 0.113176 0.00126449
5 0.563706 0.934125 0.111784 0.113724 0.00126265
8 0.811473 0.188313 0.11202 0.113669 0.00125919
4 0.936422 0.560923 0.113635 0.112427 0.00125688
4 0.191559 0.809659 0.112367 0.1124 0.00125591
0 0.0666846 0.934027 0.11363 0.113668 0.00125458
0 0.688131 0.189111 0.112991 0.113591 0.00124262
10 0.935974 0.809541 0.111387 0.112725 0.00123459
12 0.439277 0.188988 0.11202 0.112974 0.00123362
1 0.31508 0.809552 0.112442 0.112404 0.00122316
10 0.935594 0.313267 0.11084 0.111981 0.00122303
12 0.93643 0.68541 0.113399 0.113432 0.00121802
4 0.564317 0.809537 0.111574 0.112466 0.00119107
12 0.0653112 0.0645042 0.114018 0.113802 0.00118122
0 0.190718 0.0651755 0.113221 0.113117 0.00116526
0 0.315098 0.0650146 0.112567 0.112652 0.00116314
5 0.0664984 0.560882 0.112402 0.112246 0.00115632
11 0.688137 0.437468 0.111873 0.112927 0.00114307
6 0.68805 0.561356 0.112019 0.112779 0.00113377
11 0.314886 0.437401 0.111503 0.111679 0.00112567
10 0.0672078 0.189148 0.113394 0.114896 0.00111458
0 0.935923 0.189061 0.111685 0.113172 0.0011093
11 0.811526 0.561566 0.112082 0.112599 0.00110411
4 0.811909 0.93371 0.111846 0.112643 0.00110099
11 0.563816 0.685439 0.111587 0.111992 0.00108347
4 0.439381 0.313375 0.111742 0.112752 0.00108183
3 0.688107 0.0650087 0.112708 0.112195 0.00108142
8 0.56363 0.560931 0.11224 0.11256 0.00106753
7 0.440046 0.43689 0.112803 0.113947 0.00106735
10 0.439481 0.809724 0.111547 0.112364 0.00106356
9 0.191366 0.560771 0.110653 0.111507 0.00105941
5 0.563332 0.313202 0.11273 0.112741 0.00104531
7 0.439671 0.93351 0.113872 0.115067 0.00102445
10 0.56331 0.68577 0.111288 0.111972 0.0010238
6 0.68839 0.809894 0.112377 0.113597 0.00101912
7 0.936158 0.436439 0.112943 0.114882 0.00101899
11 0.0653112 0.0645042 0.114018 0.113802 0.00100812
10 0.31515 0.313569 0.111472 0.113316 0.00100443
