5 0.440116 0.934258 0.110676 0.113093 0.986408
12 0.191801 0.933874 0.11074 0.113145 0.986134
7 0.439771 0.809612 0.111734 0.11201 0.9858
0 0.935794 0.93373 0.113281 0.111645 0.985762
7 0.0672061 0.0652805 0.113255 0.112122 0.985085
13 0.687672 0.933966 0.111782 0.114106 0.984712
3 0.811368 0.934088 0.113666 0.114602 0.984502
6 0.0669576 0.809747 0.112318 0.111921 0.984391
12 0.0669963 0.561772 0.112054 0.11217 0.984368
2 0.192167 0.809566 0.110437 0.11207 0.9843
13 0.315504 0.933983 0.110777 0.112734 0.984295
10 0.563786 0.809634 0.111787 0.113057 0.984042
4 0.563476 0.934329 0.111317 0.114158 0.984031
5 0.0666306 0.18953 0.112494 0.111694 0.983858
12 0.191294 0.561729 0.111495 0.112262 0.983679
6 0.0669338 0.685741 0.112402 0.112031 0.983509
13 0.191417 0.685953 0.111124 0.112203 0.98339
13 0.0668592 0.437713 0.112566 0.112257 0.983245
6 0.315566 0.685693 0.111967 0.111786 0.983245
9 0.563658 0.685343 0.111005 0.112048 0.983235
5 0.687401 0.0656039 0.111329 0.112406 0.982941
13 0.563457 0.0651236 0.111337 0.113213 0.982894
4 0.191378 0.31317 0.112829 0.112686 0.982742
9 0.3159 0.313208 0.112218 0.112634 0.982646
4 0.315568 0.809178 0.112214 0.112097 0.982396
6 0.315821 0.18884 0.112407 0.112563 0.98239
6 0.687573 0.809689 0.111263 0.113488 0.982321
12 0.439396 0.0648033 0.111116 0.112722 0.982188
12 0.191525 0.188743 0.112224 0.112101 0.982151
13 0.315339 0.0651692 0.112034 0.112291 0.982112
2 0.191855 0.437298 0.110989 0.111938 0.981789
1 0.191185 0.0645342 0.11165 0.113468 0.981418
3 0.439847 0.189314 0.111989 0.113596 0.98141
2 0.315133 0.43689 0.112945 0.111993 0.981334
9 0.93617 0.0646318 0.113301 0.113355 0.981328
6 0.936723 0.809788 0.11332 0.112312 0.981319
10 0.81215 0.809604 0.112579 0.113362 0.981249
10 0.0672064 0.933187 0.113424 0.114429 0.980794
9 0.563318 0.313495 0.111469 0.111261 0.980386
13 0.563102 0.18917 0.111502 0.112562 0.980229
9 0.687544 0.685451 0.111355 0.112023 0.97971
4 0.687681 0.18874 0.112394 0.112887 0.979542
12 0.563774 0.436916 0.111796 0.112668 0.979439
2 0.439226 0.56117 0.112786 0.111933 0.979409
12 0.687759 0.312894 0.111964 0.112157 0.979392
3 0.563341 0.561262 0.112702 0.112532 0.979291
12 0.812247 0.436964 0.112313 0.112463 0.979246
4 0.812293 0.561286 0.112744 0.112762 0.978924
2 0.439152 0.313138 0.113035 0.11194 0.978775
12 0.936006 0.188641 0.11306 0.111476 0.978768
0 0.439488 0.68503 0.111948 0.11311 0.978701
13 0.687721 0.437319 0.112753 0.112893 0.978639
10 0.812471 0.312772 0.112383 0.112854 0.978605
12 0.936483 0.685551 0.113009 0.11166 0.978541
12 0.936506 0.312854 0.113348 0.11178 0.978443
5 0.812188 0.188659 0.112125 0.113072 0.978432
13 0.687467 0.561296 0.112586 0.112364 0.978229
8 0.812047 0.0651824 0.11209 0.113377 0.977989
10 0.812306 0.685024 0.112576 0.113168 0.977787
11 0.439888 0.437377 0.111714 0.112158 0.976975
7 0.936878 0.561601 0.113387 0.113569 0.976839
11 0.936559 0.437141 0.112866 0.113781 0.976494
11 0.315354 0.560837 0.112057 0.112002 0.975899
0 0.066908 0.312869 0.11375 0.114075 0.966713
1 0.0669954 0.311939 0.112465 0.113367 0.0698219
7 0.563272 0.189526 0.110909 0.113184 0.0291329
3 0.68758 0.685348 0.111204 0.111969 0.0212271
5 0.315249 0.561124 0.112105 0.113064 0.0161251
6 0.812679 0.436559 0.11018 0.11243 0.014901
6 0.191268 0.561596 0.111913 0.112114 0.00842358
5 0.935835 0.437687 0.111753 0.113323 0.00831747
12 0.191293 0.68541 0.111889 0.111824 0.00814845
6 0.439543 0.0645298 0.11138 0.11319 0.0077255
7 0.687788 0.561136 0.111724 0.113423 0.00683858
7 0.0668496 0.436478 0.113147 0.115168 0.00588981
3 0.563658 0.685343 0.111005 0.112048 0.00587871
7 0.315129 0.0651085 0.111126 0.112543 0.00572591
1 0.812221 0.561464 0.112593 0.113116 0.00534556
5 0.439575 0.437205 0.111568 0.11296 0.00531821
12 0.936353 0.5618 0.113102 0.114101 0.00500625
6 0.811597 0.561396 0.113473 0.111713 0.00467817
9 0.936012 0.933881 0.111741 0.111903 0.00467659
12 0.563734 0.188927 0.11204 0.114192 0.00448541
1 0.687849 0.188984 0.111908 0.113319 0.00443666
4 0.936441 0.561294 0.113806 0.113302 0.00434529
6 0.811498 0.933732 0.114206 0.11292 0.00431808
4 0.439391 0.189223 0.112218 0.112335 0.00429303
3 0.56364 0.313504 0.111089 0.112476 0.00425185
1 0.563266 0.933722 0.112072 0.113543 0.00423389
1 0.191481 0.31323 0.112559 0.112485 0.00401997
12 0.688124 0.685306 0.112319 0.111778 0.00398976
7 0.315504 0.933983 0.110777 0.112734 0.00396757
6 0.563525 0.437134 0.112194 0.113118 0.00392149
12 0.688109 0.437189 0.112496 0.112335 0.0038113
6 0.439391 0.189223 0.112218 0.112335 0.00374953
4 0.811639 0.685007 0.112959 0.113593 0.00367526
12 0.315803 0.313611 0.112987 0.112851 0.00365194
10 0.937184 0.436683 0.110992 0.112592 0.00364398
1 0.315887 0.80953 0.112579 0.112378 0.00339277
1 0.688165 0.809291 0.112165 0.112421 0.00336513
11 0.81184 0.0647623 0.111929 0.112935 0.00334543
4 0.813004 0.313238 0.110465 0.114189 0.00330277
3 0.315799 0.313541 0.111315 0.112594 0.00329589
2 0.811503 0.0645059 0.110977 0.1114 0.00320672
2 0.812221 0.561464 0.112593 0.113116 0.00308958
0 0.936768 0.685576 0.111562 0.112251 0.003036
0 0.688124 0.685306 0.112319 0.111778 0.00302772
2 0.687411 0.189457 0.111424 0.112929 0.00295836
7 0.563457 0.0651236 0.111337 0.113213 0.00295632
12 0.688058 0.561319 0.111906 0.112136 0.00288372
7 0.811639 0.685007 0.112959 0.113593 0.00287833
7 0.811668 0.809035 0.112937 0.113299 0.00282957
7 0.688128 0.437264 0.111904 0.112262 0.00279625
4 0.0675917 0.0651472 0.113437 0.1127 0.00273304
10 0.687497 0.0647882 0.111361 0.111757 0.00268869
3 0.439754 0.313602 0.109963 0.112356 0.00267245
12 0.563964 0.313605 0.111879 0.111892 0.00265907
6 0.687949 0.313011 0.111586 0.112279 0.00265432
10 0.439461 0.934299 0.111106 0.11126 0.00263951
1 0.190895 0.437943 0.109081 0.108422 0.00261633
4 0.811925 0.437094 0.112718 0.112523 0.00255818
0 0.191185 0.0645342 0.11165 0.113468 0.00254827
1 0.439248 0.313686 0.111031 0.111394 0.00250903
6 0.93637 0.561617 0.112158 0.113632 0.00245115
1 0.315357 0.436709 0.111642 0.113232 0.00244249
4 0.811668 0.809035 0.112937 0.113299 0.00243461
6 0.563266 0.933722 0.112072 0.113543 0.00241062
10 0.439637 0.436818 0.111222 0.112667 0.00235957
3 0.191205 0.437421 0.113096 0.111883 0.00229938
3 0.0666869 0.809483 0.114086 0.11326 0.00225024
1 0.439552 0.685112 0.111919 0.112398 0.0022485
10 0.31525 0.56123 0.112417 0.112557 0.00215279
5 0.811685 0.809669 0.112734 0.11237 0.00207829
12 0.563756 0.685357 0.112891 0.113536 0.00207725
1 0.439644 0.561239 0.112872 0.113282 0.00205197
3 0.315424 0.437156 0.112417 0.112394 0.00202163
7 0.811697 0.312469 0.112439 0.113452 0.00200345
12 0.935974 0.0647342 0.113054 0.112872 0.00187
2 0.563476 0.934329 0.111317 0.114158 0.00185737
4 0.563804 0.809343 0.111171 0.11227 0.00185121
7 0.812791 0.436504 0.111099 0.112331 0.00183995
6 0.0664887 0.561408 0.113832 0.112235 0.00183954
12 0.0667856 0.436506 0.112834 0.115024 0.00183368
3 0.688117 0.0650168 0.112959 0.111125 0.00183176
3 0.0666026 0.68536 0.114441 0.113367 0.00182333
0 0.812173 0.437586 0.112067 0.112892 0.00181113
3 0.812723 0.436643 0.109629 0.113336 0.00172647
1 0.315711 0.189082 0.112313 0.111345 0.00171356
6 0.191368 0.313327 0.110994 0.111786 0.00170341
5 0.811597 0.685591 0.112227 0.112646 0.00162708
4 0.81156 0.934 0.112276 0.113869 0.00161101
7 0.93689 0.685741 0.112647 0.112258 0.00159317
6 0.191552 0.933933 0.111994 0.113399 0.00158372
1 0.316034 0.685735 0.111451 0.112047 0.00157948
3 0.439745 0.561463 0.112618 0.11308 0.00154475
3 0.563783 0.436622 0.111035 0.113146 0.00154151
6 0.687703 0.189146 0.111812 0.11248 0.00153956
0 0.936755 0.313484 0.112134 0.112632 0.00147565
3 0.936963 0.809679 0.113059 0.113238 0.0014716
3 0.191376 0.809768 0.113339 0.112389 0.00144273
6 0.315301 0.809335 0.111918 0.112188 0.00142961
12 0.686709 0.933976 0.111041 0.111205 0.00141855
12 0.439515 0.189184 0.112008 0.112895 0.00141506
5 0.811984 0.312785 0.112039 0.11191 0.00141322
7 0.811691 0.560967 0.111959 0.113544 0.00140206
7 0.191204 0.685614 0.111552 0.112457 0.00139763
0 0.688075 0.31329 0.111213 0.11364 0.00139608
4 0.0668775 0.934165 0.113858 0.114923 0.00139001
7 0.687703 0.189146 0.111812 0.11248 0.00136982
10 0.0665669 0.189053 0.112087 0.112633 0.00134947
11 0.686805 0.0653188 0.11132 0.111198 0.00134874
0 0.315683 0.313652 0.112212 0.113063 0.00134209
1 0.811639 0.933823 0.112218 0.112832 0.00131656
3 0.688004 0.809321 0.111281 0.111484 0.00130673
1 0.563229 0.56124 0.112409 0.112377 0.00130347
10 0.811591 0.189178 0.111494 0.112315 0.00130138
12 0.563864 0.0648072 0.111803 0.114345 0.00129998
7 0.191577 0.561151 0.111934 0.1125 0.00129276
7 0.191453 0.313092 0.111505 0.111693 0.00129271
13 0.811518 0.685691 0.111923 0.111929 0.00129042
0 0.0669963 0.561772 0.112054 0.11217 0.00128234
1 0.191367 0.809302 0.112937 0.11134 0.00127796
12 0.935794 0.93373 0.113281 0.111645 0.00126884
13 0.811755 0.31276 0.111291 0.111913 0.00126707
0 0.56381 0.31364 0.111287 0.112273 0.00126444
3 0.315456 0.685577 0.112013 0.112914 0.0012611
6 0.563229 0.56124 0.112409 0.112377 0.00125987
10 0.687081 0.933563 0.111771 0.112164 0.00125223
4 0.688117 0.0650168 0.112959 0.111125 0.00125072
7 0.0672836 0.561103 0.112994 0.113503 0.00123415
1 0.936183 0.809835 0.111831 0.114445 0.00121031
2 0.813068 0.93416 0.1122 0.110776 0.00119873
13 0.563408 0.809557 0.111443 0.112495 0.00119414
7 0.563804 0.809343 0.111171 0.11227 0.00118091
4 0.563597 0.561373 0.111478 0.111442 0.00118045
7 0.0670859 0.933223 0.113627 0.114429 0.00117534
11 0.811597 0.189327 0.112996 0.111993 0.0011749
6 0.439927 0.809646 0.112323 0.112667 0.00116894
9 0.315064 0.560945 0.111912 0.11205 0.00116697
4 0.44025 0.809472 0.111185 0.111917 0.00116498
1 0.0666026 0.68536 0.114441 0.113367 0.00116414
8 0.935794 0.93373 0.113281 0.111645 0.00113936
7 0.687672 0.933966 0.111782 0.114106 0.00112418
3 0.813058 0.189418 0.113202 0.114082 0.00110705
10 0.0666264 0.437478 0.113753 0.112237 0.00109736
8 0.190895 0.437943 0.109081 0.108422 0.00108498
4 0.439543 0.0645298 0.11138 0.11319 0.00108323
12 0.315599 0.934028 0.111131 0.111684 0.00107921
10 0.315881 0.809656 0.113073 0.112991 0.00107418
2 0.688117 0.0650168 0.112959 0.111125 0.00107128
7 0.686729 0.31357 0.111554 0.113137 0.00106798
0 0.811544 0.0645294 0.110692 0.111683 0.00104398
13 0.0667067 0.93358 0.112505 0.112208 0.00103265
12 0.81156 0.934 0.112276 0.113869 0.00102957
3 0.0672138 0.561067 0.113121 0.113249 0.00101745
10 0.563375 0.189231 0.112475 0.11187 0.00101634
5 0.56363 0.809519 0.111614 0.112082 0.00101331
12 0.563253 0.561287 0.112426 0.112466 0.00101302
3 0.191565 0.561137 0.112308 0.112302 0.00100279
