5 0.811961 0.934248 0.113518 0.112501 0.985482
9 0.314699 0.93319 0.114502 0.112594 0.98526
9 0.935049 0.933498 0.111719 0.112153 0.985084
3 0.190956 0.685565 0.109956 0.110746 0.984701
5 0.439011 0.934245 0.110769 0.112 0.9846
5 0.190121 0.934371 0.112431 0.11297 0.984313
13 0.688011 0.933853 0.113619 0.113101 0.984223
9 0.439477 0.685035 0.110969 0.109272 0.984172
8 0.190592 0.561861 0.111024 0.112807 0.984072
6 0.56322 0.934139 0.112884 0.1126 0.983433
9 0.935217 0.808773 0.110149 0.109163 0.983164
8 0.315026 0.685727 0.112202 0.111047 0.982822
7 0.191017 0.188767 0.112646 0.113294 0.982799
10 0.191498 0.0639348 0.113184 0.110056 0.982651
11 0.563173 0.809001 0.11127 0.112605 0.982424
9 0.314992 0.063815 0.109698 0.109507 0.982288
3 0.0663952 0.313827 0.112829 0.111695 0.982215
13 0.065576 0.809616 0.112331 0.11413 0.982003
9 0.68707 0.809219 0.111537 0.109995 0.981987
13 0.0651389 0.933667 0.112405 0.111593 0.981979
7 0.0667204 0.0646671 0.112411 0.111589 0.981975
1 0.43967 0.808767 0.111686 0.113201 0.98139
12 0.0665416 0.685691 0.11247 0.112637 0.981367
8 0.812208 0.809313 0.112246 0.112011 0.981292
2 0.0665351 0.438073 0.112657 0.113159 0.98097
10 0.563483 0.0651931 0.111437 0.111057 0.980908
8 0.563676 0.684846 0.111428 0.110978 0.980783
6 0.315088 0.313868 0.112273 0.113345 0.980683
2 0.19119 0.436981 0.111946 0.114075 0.980439
0 0.0659783 0.560957 0.113286 0.112393 0.980422
8 0.687607 0.0652469 0.112806 0.11263 0.98028
0 0.31487 0.80838 0.112984 0.113326 0.980264
1 0.190686 0.31243 0.112657 0.110909 0.979884
11 0.315145 0.437928 0.112888 0.111214 0.979692
3 0.439137 0.0647922 0.113938 0.11079 0.979623
10 0.563843 0.56159 0.112352 0.113062 0.979364
13 0.439195 0.313269 0.112149 0.111605 0.979177
10 0.439133 0.43685 0.111187 0.112106 0.978793
4 0.43944 0.188513 0.114297 0.113364 0.978756
6 0.688001 0.684988 0.111192 0.112086 0.978655
5 0.563692 0.312813 0.112891 0.112007 0.978653
5 0.563531 0.18838 0.111673 0.113027 0.978604
5 0.563579 0.43714 0.113494 0.112589 0.978528
12 0.936356 0.436885 0.112108 0.11198 0.978366
0 0.314946 0.561566 0.114527 0.115096 0.978306
12 0.936409 0.685842 0.110426 0.110523 0.978201
12 0.936517 0.561439 0.110964 0.111923 0.978149
5 0.93636 0.312575 0.113062 0.112915 0.978131
4 0.68763 0.188733 0.112242 0.113133 0.978093
1 0.440072 0.561408 0.112337 0.114916 0.977971
6 0.688529 0.313078 0.112999 0.112622 0.977834
2 0.314102 0.187619 0.112003 0.114049 0.977722
9 0.811562 0.188625 0.11211 0.111097 0.977718
1 0.0664357 0.187927 0.112138 0.115985 0.977639
7 0.812326 0.562093 0.111706 0.110791 0.977629
6 0.688654 0.56127 0.112944 0.110915 0.977596
1 0.190705 0.809163 0.112575 0.11124 0.977585
0 0.688933 0.437235 0.112199 0.113184 0.97721
2 0.812389 0.437647 0.111443 0.111939 0.977199
0 0.812794 0.312757 0.11099 0.113802 0.977186
3 0.936362 0.18823 0.111017 0.110982 0.976519
1 0.812901 0.686024 0.112222 0.111634 0.976368
0 0.81303 0.0641814 0.111548 0.112165 0.975977
1 0.936255 0.0650171 0.111968 0.112531 0.975447
2 0.686658 0.0640689 0.114778 0.11174 0.0102105
11 0.811926 0.934173 0.112165 0.112381 0.00703186
9 0.0658869 0.314109 0.113392 0.110766 0.00573366
12 0.811404 0.562086 0.109597 0.110939 0.0054565
0 0.68829 0.809229 0.113174 0.111176 0.00534368
7 0.68681 0.18823 0.112362 0.11401 0.00457689
9 0.935809 0.188699 0.108744 0.110611 0.00452939
1 0.0667149 0.438143 0.112127 0.112372 0.00418812
1 0.688574 0.313028 0.112525 0.113891 0.0038174
1 0.688322 0.684812 0.112367 0.113844 0.00381452
0 0.93611 0.0627032 0.112064 0.112339 0.00375701
1 0.190894 0.438022 0.111131 0.111425 0.00356006
1 0.31382 0.188446 0.111436 0.113027 0.00354593
1 0.811583 0.43847 0.111542 0.112533 0.00353286
2 0.315054 0.685135 0.112324 0.11015 0.00323732
6 0.812919 0.562975 0.112224 0.112553 0.00315551
0 0.813678 0.685931 0.111423 0.111108 0.00307611
12 0.935927 0.188363 0.110017 0.110822 0.00305904
1 0.563857 0.933784 0.115223 0.111051 0.00301541
0 0.81319 0.809894 0.113688 0.113368 0.0029778
3 0.811068 0.188904 0.111892 0.110688 0.00295805
3 0.563299 0.934064 0.113701 0.112194 0.0029537
3 0.688273 0.80868 0.113134 0.110566 0.00294875
1 0.686997 0.188952 0.112452 0.113386 0.00293594
2 0.811341 0.933299 0.113723 0.110191 0.00291952
10 0.563242 0.809169 0.110905 0.113516 0.00289226
0 0.688253 0.0649064 0.115438 0.11319 0.00285275
5 0.314977 0.437179 0.112707 0.11143 0.00282083
1 0.438729 0.188793 0.11324 0.113337 0.00279146
1 0.688724 0.561167 0.112097 0.111578 0.00274299
7 0.438672 0.189253 0.114199 0.113182 0.0027043
10 0.936245 0.561941 0.109577 0.111793 0.00267862
3 0.688003 0.685183 0.111498 0.111933 0.00261566
2 0.811951 0.80938 0.111954 0.111703 0.0026029
12 0.811068 0.188904 0.111892 0.110688 0.00247901
8 0.190894 0.438022 0.111131 0.111425 0.00245426
8 0.811417 0.437543 0.11123 0.112588 0.00243968
13 0.439463 0.437248 0.109966 0.110241 0.00242594
10 0.936117 0.312599 0.111784 0.112483 0.00238252
0 0.0664871 0.188877 0.112348 0.116365 0.00229306
8 0.0667149 0.438143 0.112127 0.112372 0.00229239
3 0.315509 0.313724 0.111563 0.11343 0.00228213
2 0.563748 0.684856 0.112241 0.111145 0.00227104
10 0.936184 0.437604 0.109643 0.111227 0.00219272
9 0.812869 0.0650846 0.11111 0.111301 0.00216815
10 0.31583 0.436433 0.111311 0.110822 0.00216135
5 0.563167 0.80904 0.112269 0.112657 0.00215392
3 0.688517 0.561189 0.112175 0.111294 0.00210664
1 0.68873 0.436871 0.111544 0.112258 0.0020799
9 0.191443 0.685206 0.111046 0.110884 0.0020585
0 0.190496 0.313778 0.112552 0.11071 0.00202237
10 0.190221 0.934083 0.11185 0.11083 0.00194174
10 0.687644 0.933392 0.111848 0.112577 0.00194119
8 0.563242 0.809169 0.110905 0.113516 0.00192533
12 0.935608 0.809401 0.106125 0.108469 0.00189036
3 0.688351 0.3136 0.113262 0.112823 0.00186738
12 0.68825 0.809335 0.112471 0.109596 0.00185856
2 0.687652 0.809182 0.111854 0.111794 0.00184544
8 0.314959 0.438112 0.113905 0.111636 0.00183505
4 0.06633 0.0647144 0.113419 0.110221 0.00180054
12 0.439866 0.0642163 0.111736 0.110754 0.00179072
2 0.190846 0.56129 0.110269 0.113413 0.00176317
8 0.813545 0.0640893 0.1108 0.111467 0.00174168
11 0.563556 0.18864 0.11197 0.113756 0.00173843
3 0.935217 0.808773 0.110149 0.109163 0.00170331
4 0.56375 0.437942 0.113201 0.11178 0.00169219
9 0.315654 0.436624 0.112248 0.11084 0.001687
7 0.688517 0.561189 0.112175 0.111294 0.00167392
10 0.936065 0.68619 0.10945 0.110824 0.00165772
10 0.43893 0.313647 0.112186 0.112455 0.00161573
3 0.563107 0.43651 0.114108 0.111639 0.00157637
7 0.936142 0.436787 0.10991 0.113038 0.00155982
11 0.190121 0.934371 0.112431 0.11297 0.0015268
3 0.811763 0.438647 0.112293 0.112141 0.00152006
0 0.439763 0.561471 0.113045 0.115998 0.00150659
1 0.812474 0.311815 0.111426 0.113269 0.00150393
8 0.935444 0.93372 0.109224 0.111293 0.00150385
13 0.191614 0.0643768 0.111726 0.109617 0.0015001
9 0.439137 0.0647922 0.113938 0.11079 0.00148791
10 0.439309 0.93418 0.111329 0.110749 0.00147913
2 0.687042 0.189383 0.111434 0.113271 0.00144937
11 0.439112 0.436327 0.109526 0.112625 0.00142227
11 0.439677 0.933973 0.11117 0.111121 0.00142195
4 0.56366 0.0652675 0.111373 0.111525 0.00141136
10 0.0656785 0.934026 0.112694 0.11239 0.00140391
11 0.0651892 0.808875 0.11296 0.112731 0.00140109
11 0.936123 0.312506 0.11219 0.113483 0.00135824
7 0.936042 0.685829 0.108714 0.110541 0.00135783
0 0.811604 0.188976 0.111683 0.110278 0.00133568
6 0.813011 0.686131 0.113823 0.112075 0.00133444
4 0.812919 0.562975 0.112224 0.112553 0.00132783
6 0.936633 0.436299 0.110943 0.113149 0.00131857
9 0.31487 0.80838 0.112984 0.113326 0.00130598
5 0.811288 0.437649 0.111122 0.111726 0.00130119
0 0.191053 0.561654 0.111594 0.11218 0.00128734
1 0.0662513 0.313356 0.111818 0.111413 0.00127922
7 0.688003 0.685183 0.111498 0.111933 0.00127478
0 0.315165 0.0641275 0.112277 0.11087 0.00126631
7 0.688351 0.3136 0.113262 0.112823 0.00126213
11 0.563107 0.43651 0.114108 0.111639 0.00125989
1 0.191134 0.685713 0.110488 0.110745 0.00125819
2 0.563574 0.188452 0.111893 0.113209 0.00125637
4 0.563889 0.561651 0.111857 0.113007 0.00125568
2 0.43906 0.189136 0.113298 0.113533 0.00124282
12 0.315269 0.0640969 0.112265 0.110283 0.0012377
12 0.439296 0.313468 0.111421 0.11183 0.00122359
3 0.936633 0.436299 0.110943 0.113149 0.00122006
13 0.56354 0.561886 0.112066 0.112434 0.00121814
6 0.686768 0.188523 0.112586 0.113598 0.00121224
10 0.563354 0.188608 0.111083 0.112023 0.00120628
8 0.68825 0.809335 0.112471 0.109596 0.00120617
8 0.313973 0.187558 0.112002 0.11434 0.00120609
10 0.0659782 0.809715 0.113363 0.113215 0.001192
3 0.936427 0.56081 0.110209 0.113049 0.00118651
0 0.189561 0.809728 0.113911 0.11387 0.00118482
7 0.56366 0.0652675 0.111373 0.111525 0.00117806
2 0.56375 0.437942 0.113201 0.11178 0.00116443
4 0.936333 0.313218 0.113315 0.113558 0.00115507
11 0.0651389 0.933667 0.112405 0.111593 0.00114935
10 0.1914 0.188918 0.112661 0.115107 0.0011464
7 0.067267 0.684954 0.112462 0.113248 0.00114306
0 0.563819 0.685067 0.113319 0.111885 0.00113348
7 0.31556 0.313844 0.113314 0.114261 0.00112835
10 0.811872 0.933759 0.112103 0.112076 0.00112086
10 0.563723 0.437387 0.114381 0.113395 0.00111978
2 0.066952 0.313924 0.113044 0.113558 0.00111932
1 0.439713 0.0645371 0.111849 0.111165 0.00111586
0 0.935577 0.809238 0.10639 0.10831 0.00110217
13 0.936122 0.438042 0.109636 0.111464 0.00110126
6 0.439418 0.188707 0.112868 0.113357 0.00109727
10 0.563833 0.313249 0.113518 0.111864 0.00109369
6 0.936265 0.0643495 0.113694 0.112232 0.0010926
4 0.439446 0.809817 0.112194 0.113969 0.00109115
7 0.936101 0.561248 0.109185 0.112836 0.00108584
1 0.0655724 0.560372 0.113529 0.111646 0.00108458
8 0.813201 0.312758 0.111542 0.115354 0.00107682
13 0.936045 0.561539 0.10959 0.112788 0.00106965
11 0.563715 0.313131 0.113496 0.112993 0.00106243
11 0.812407 0.809672 0.11319 0.113074 0.00105242
12 0.935444 0.93372 0.109224 0.111293 0.00104933
0 0.439446 0.809817 0.112194 0.113969 0.00103965
4 0.563833 0.313249 0.113518 0.111864 0.00102952
9 0.31504 0.561099 0.114389 0.114023 0.0010108
0 0.440675 0.68538 0.112476 0.111129 0.00100549
