2 0.563899 0.809478 0.111733 0.112524 0.985446
5 0.936601 0.809463 0.113094 0.112634 0.985422
10 0.191608 0.685188 0.111552 0.111397 0.985186
5 0.0670059 0.685981 0.113728 0.113518 0.984791
5 0.811722 0.934283 0.112867 0.113735 0.984382
9 0.315573 0.933873 0.112027 0.112389 0.984366
6 0.0675031 0.809378 0.113012 0.111912 0.984356
6 0.316027 0.68557 0.11156 0.11152 0.984341
11 0.687072 0.934019 0.112208 0.112909 0.983753
3 0.687262 0.809516 0.112993 0.112288 0.9837
5 0.0667365 0.438255 0.113768 0.112937 0.983677
8 0.315738 0.809266 0.112718 0.112926 0.983603
6 0.315842 0.561639 0.111543 0.1119 0.983534
1 0.5634 0.933759 0.11181 0.112476 0.983529
10 0.0669139 0.934147 0.114797 0.114371 0.983214
0 0.439666 0.933524 0.11126 0.112642 0.983166
13 0.0668813 0.561571 0.112903 0.111523 0.983076
8 0.191492 0.933546 0.111992 0.114396 0.983032
8 0.190979 0.437647 0.111742 0.112918 0.982854
7 0.438648 0.0649303 0.114164 0.112914 0.982853
2 0.936 0.93434 0.112646 0.112253 0.98285
5 0.440004 0.685704 0.111075 0.112056 0.982704
8 0.0666172 0.313742 0.11253 0.112992 0.982333
8 0.191066 0.31363 0.111364 0.112992 0.982196
6 0.315643 0.437681 0.112574 0.112321 0.981902
11 0.439474 0.809741 0.11147 0.112289 0.981871
7 0.191821 0.80932 0.11192 0.111925 0.981609
10 0.812022 0.809357 0.112397 0.111098 0.981559
6 0.190078 0.188884 0.111535 0.112204 0.980987
2 0.191666 0.561393 0.111189 0.111999 0.980845
0 0.315078 0.312765 0.111957 0.1123 0.980491
3 0.0662132 0.189012 0.111102 0.113481 0.980211
9 0.313976 0.189172 0.111488 0.111405 0.979885
8 0.43828 0.189374 0.112554 0.113199 0.97985
10 0.811748 0.0649548 0.111175 0.111628 0.979719
1 0.687603 0.561228 0.111784 0.111962 0.979287
13 0.563486 0.313632 0.111756 0.111842 0.979155
13 0.564092 0.685534 0.112496 0.112488 0.979138
13 0.563844 0.189403 0.111662 0.111675 0.979063
5 0.563677 0.561173 0.11125 0.111734 0.979032
3 0.687489 0.188906 0.111434 0.111883 0.978947
13 0.936109 0.68491 0.112119 0.111657 0.978855
1 0.439402 0.313546 0.112173 0.112164 0.978851
0 0.43922 0.437712 0.1115 0.111575 0.978813
11 0.687661 0.312797 0.111971 0.112695 0.978776
3 0.440011 0.561117 0.112383 0.112312 0.978769
12 0.812116 0.436848 0.11237 0.112436 0.978733
1 0.189932 0.0647437 0.111338 0.112774 0.978598
3 0.935835 0.0648607 0.114017 0.113762 0.978552
12 0.564013 0.436981 0.111996 0.112566 0.978386
6 0.812276 0.561425 0.112501 0.112024 0.97835
0 0.687692 0.685044 0.11154 0.112615 0.978306
8 0.936319 0.561597 0.113433 0.112671 0.978274
4 0.812391 0.312923 0.112581 0.112035 0.978249
6 0.688041 0.0645827 0.112588 0.1135 0.978131
0 0.687565 0.437146 0.111402 0.112586 0.97812
10 0.812092 0.18889 0.112818 0.112806 0.978119
10 0.812013 0.685349 0.112952 0.112587 0.978086
0 0.563836 0.065225 0.110652 0.112653 0.977994
2 0.936443 0.312605 0.113208 0.113985 0.977859
0 0.313084 0.0656134 0.111184 0.111358 0.977771
0 0.0659992 0.0650334 0.110526 0.112722 0.977208
3 0.936462 0.43695 0.112465 0.111621 0.977008
7 0.936271 0.188835 0.112074 0.112276 0.976837
2 0.0663785 0.313727 0.11311 0.112118 0.0127473
12 0.563735 0.189434 0.11141 0.111837 0.00932937
9 0.686618 0.189532 0.111073 0.111856 0.00788279
1 0.0656275 0.0640908 0.111776 0.11306 0.00635939
2 0.316059 0.809386 0.112951 0.113628 0.0058534
5 0.688181 0.312756 0.111581 0.11211 0.00573566
8 0.688206 0.932996 0.111618 0.113601 0.00572948
2 0.936228 0.560979 0.113445 0.112083 0.00550591
11 0.811332 0.934081 0.113621 0.111144 0.00494824
9 0.936671 0.43646 0.111749 0.111184 0.00456285
1 0.936047 0.313166 0.111806 0.114588 0.00398421
12 0.563838 0.313612 0.110495 0.110967 0.00375537
12 0.936043 0.189189 0.11261 0.112816 0.00370292
2 0.190944 0.437632 0.111357 0.112726 0.00364788
1 0.812233 0.313289 0.112535 0.112606 0.00361743
3 0.315895 0.561408 0.112029 0.112428 0.0035176
2 0.438716 0.18932 0.112787 0.113228 0.00339924
2 0.191067 0.313569 0.111276 0.112328 0.00329349
1 0.687736 0.436605 0.111492 0.112215 0.00321401
5 0.440164 0.809731 0.112777 0.112763 0.00321065
3 0.316027 0.68557 0.11156 0.11152 0.00320963
3 0.0675031 0.809378 0.113012 0.111912 0.00317154
1 0.563775 0.0642676 0.109936 0.113185 0.00315783
2 0.191451 0.933484 0.112134 0.11393 0.00306164
3 0.18982 0.18914 0.111352 0.112266 0.00298367
9 0.686596 0.932951 0.110894 0.111383 0.00296643
0 0.190818 0.438104 0.111248 0.113611 0.00289996
1 0.688234 0.0647828 0.110384 0.113564 0.00289507
3 0.81231 0.561427 0.112223 0.112618 0.00283839
0 0.56353 0.93395 0.110818 0.111399 0.00283611
12 0.935811 0.43727 0.111633 0.112367 0.00283178
0 0.688191 0.560975 0.111505 0.110821 0.00274822
2 0.688247 0.809596 0.111352 0.110959 0.00254115
3 0.315558 0.437304 0.112854 0.112163 0.00248735
12 0.935721 0.68552 0.111362 0.112184 0.00243298
12 0.563646 0.685555 0.111348 0.11194 0.00239539
4 0.811489 0.188745 0.113839 0.113623 0.00239506
2 0.811986 0.313484 0.111768 0.112697 0.00235574
3 0.687613 0.0649343 0.113093 0.113739 0.00235402
5 0.935807 0.933697 0.11295 0.113095 0.00233515
0 0.189875 0.0645268 0.111415 0.113063 0.00231501
6 0.811687 0.436981 0.111857 0.111346 0.00222956
4 0.812118 0.808946 0.111864 0.112114 0.00216203
1 0.564079 0.809468 0.111722 0.112295 0.0021328
8 0.440122 0.809457 0.111022 0.112393 0.00212971
6 0.563901 0.437106 0.110537 0.111441 0.00204367
4 0.0671977 0.437995 0.113083 0.111473 0.00202851
12 0.935726 0.0651661 0.111266 0.111931 0.00201461
1 0.191726 0.561275 0.111136 0.1123 0.00198926
1 0.687583 0.684864 0.111664 0.111902 0.00196901
5 0.811436 0.809675 0.11278 0.112058 0.00195565
10 0.687002 0.93355 0.11139 0.114035 0.00190014
10 0.440122 0.809457 0.111022 0.112393 0.00186208
8 0.68664 0.312912 0.111333 0.112839 0.00184793
12 0.066175 0.188898 0.112223 0.113046 0.00181671
10 0.936395 0.809517 0.112253 0.112648 0.00177539
5 0.68827 0.809351 0.111397 0.111754 0.0017672
11 0.936077 0.68532 0.112208 0.111056 0.00174043
2 0.811294 0.933459 0.114837 0.112215 0.00173643
3 0.56431 0.809202 0.110993 0.112913 0.00171975
3 0.811998 0.436409 0.110617 0.111549 0.00171956
12 0.314072 0.189118 0.111998 0.111044 0.00170041
10 0.935834 0.684824 0.110776 0.111187 0.00169809
6 0.936102 0.0652439 0.112332 0.113334 0.00169758
0 0.439566 0.31337 0.1113 0.112081 0.00168108
10 0.0664952 0.561192 0.11407 0.111632 0.00166737
5 0.811323 0.685695 0.112599 0.112554 0.00166594
8 0.688142 0.684503 0.111984 0.112565 0.00165248
11 0.438671 0.189283 0.112312 0.112702 0.00164646
4 0.688218 0.809275 0.111374 0.11204 0.00163564
1 0.439511 0.436866 0.111312 0.111927 0.00162512
1 0.936173 0.933855 0.11265 0.113176 0.00162359
12 0.686707 0.189416 0.111635 0.111203 0.00161775
7 0.811562 0.312345 0.112897 0.113201 0.00160005
1 0.313679 0.0643489 0.111371 0.113663 0.00158713
10 0.563618 0.313941 0.111543 0.112603 0.00157207
4 0.191807 0.809344 0.111279 0.111449 0.00155346
8 0.936079 0.934169 0.112975 0.112958 0.001551
9 0.68664 0.312912 0.111333 0.112839 0.00152232
4 0.811687 0.436981 0.111857 0.111346 0.00147693
2 0.688101 0.561327 0.110467 0.112169 0.00147246
10 0.0671977 0.437995 0.113083 0.111473 0.00146102
6 0.935955 0.189019 0.112697 0.112465 0.00143451
5 0.811394 0.18929 0.115106 0.111239 0.00142493
5 0.936011 0.312561 0.113463 0.114212 0.00142487
0 0.936477 0.561679 0.112143 0.113341 0.00142439
10 0.439705 0.685558 0.11228 0.112569 0.00139415
13 0.191343 0.68532 0.112245 0.111773 0.00137497
4 0.811814 0.685357 0.112741 0.112768 0.00136882
6 0.811478 0.31287 0.113737 0.111696 0.00135705
7 0.811489 0.188745 0.113839 0.113623 0.00133915
7 0.811391 0.685149 0.113077 0.112491 0.00133815
10 0.688144 0.313032 0.111952 0.112352 0.00133266
12 0.192104 0.809754 0.111361 0.11188 0.00132899
4 0.439566 0.31337 0.1113 0.112081 0.00132402
2 0.688096 0.189376 0.110588 0.111877 0.00132386
12 0.316508 0.93416 0.113437 0.111719 0.00132176
0 0.0672583 0.313888 0.111924 0.112907 0.00131795
3 0.19158 0.561442 0.112836 0.111683 0.00131041
7 0.688188 0.0646814 0.111161 0.113059 0.00130949
10 0.811404 0.934017 0.112 0.112398 0.00129378
4 0.93582 0.189269 0.112648 0.111806 0.00128867
9 0.0651834 0.189523 0.11344 0.111741 0.00128799
3 0.936259 0.31315 0.11263 0.112705 0.00128788
7 0.811265 0.436927 0.112389 0.112695 0.00125823
6 0.192153 0.809431 0.112447 0.111824 0.00125636
1 0.687944 0.809393 0.111588 0.111806 0.00124585
5 0.687072 0.934019 0.112208 0.112909 0.0012411
0 0.811979 0.437506 0.111376 0.112468 0.00123548
13 0.811365 0.0648094 0.112415 0.111723 0.00123498
7 0.81145 0.80926 0.112725 0.112375 0.00123184
4 0.936259 0.31315 0.11263 0.112705 0.00122355
7 0.315842 0.561639 0.111543 0.1119 0.00121628
0 0.191455 0.313827 0.110609 0.112314 0.00121408
9 0.439643 0.933633 0.109817 0.111796 0.00120008
10 0.0663056 0.685582 0.112757 0.112944 0.00118729
5 0.688126 0.189277 0.112219 0.110582 0.00118615
4 0.56431 0.809202 0.110993 0.112913 0.00118095
1 0.936206 0.0651797 0.111732 0.112323 0.0011615
10 0.563595 0.189736 0.112104 0.112658 0.00116018
1 0.315565 0.436856 0.110373 0.113004 0.001155
3 0.563816 0.436616 0.110739 0.111999 0.00112952
10 0.563737 0.561345 0.111538 0.111852 0.00112156
4 0.812271 0.0652392 0.111121 0.113068 0.00111618
7 0.563972 0.68528 0.111114 0.112176 0.00110861
3 0.936 0.93434 0.112646 0.112253 0.00110524
8 0.936162 0.313239 0.112562 0.113637 0.0010602
3 0.0671977 0.437995 0.113083 0.111473 0.00105485
2 0.440082 0.809276 0.11175 0.112094 0.00104962
11 0.0664952 0.561192 0.11407 0.111632 0.00104915
4 0.439265 0.0649938 0.113594 0.114646 0.00104171
7 0.0671937 0.561031 0.112683 0.112436 0.00104043
9 0.688247 0.809596 0.111352 0.110959 0.0010337
12 0.687678 0.809458 0.111515 0.112396 0.00102682
4 0.56353 0.93395 0.110818 0.111399 0.00102392
11 0.81134 0.188953 0.112512 0.112065 0.00101392
4 0.687702 0.560702 0.111417 0.111664 0.00101058
4 0.315704 0.437195 0.111767 0.112042 0.00100168
