3 0.439329 0.934398 0.113683 0.114576 0.988612
3 0.935034 0.933843 0.114085 0.113882 0.986927
7 0.315634 0.933952 0.111369 0.112643 0.986664
9 0.811252 0.933944 0.111603 0.113044 0.986559
5 0.192202 0.809459 0.110176 0.111885 0.985869
3 0.315114 0.0650381 0.112825 0.113479 0.985722
5 0.191915 0.685359 0.110294 0.111636 0.985679
1 0.563937 0.93374 0.111543 0.113314 0.98557
10 0.315982 0.809778 0.112254 0.112378 0.985448
2 0.687737 0.933945 0.112939 0.113621 0.985442
2 0.439279 0.809842 0.112488 0.112579 0.985368
1 0.936297 0.80932 0.112361 0.112198 0.985036
11 0.0670343 0.809518 0.112513 0.11296 0.984832
2 0.43926 0.0647749 0.111137 0.112902 0.984541
10 0.0672834 0.934122 0.113024 0.113006 0.98453
5 0.192027 0.561354 0.109871 0.111537 0.98437
5 0.811857 0.809673 0.111326 0.11233 0.984302
5 0.316009 0.561483 0.110907 0.112222 0.984111
11 0.0669188 0.685748 0.11225 0.112579 0.983638
4 0.315886 0.68564 0.111599 0.111192 0.983534
7 0.935909 0.065494 0.113477 0.113447 0.983531
4 0.3153 0.189022 0.112866 0.112649 0.983289
4 0.0671843 0.437594 0.112889 0.111999 0.983009
7 0.439458 0.313284 0.1126 0.112208 0.982994
3 0.315892 0.31334 0.11296 0.113118 0.982601
6 0.563615 0.0647743 0.112171 0.113679 0.982598
7 0.439363 0.437166 0.11328 0.112458 0.982522
3 0.191756 0.3133 0.112317 0.11291 0.982479
0 0.936012 0.68483 0.11289 0.111479 0.982422
6 0.0671189 0.0646122 0.113292 0.113762 0.982304
4 0.563672 0.685574 0.11142 0.113027 0.982275
12 0.688014 0.810175 0.112703 0.11315 0.981997
1 0.0669582 0.189456 0.112374 0.112371 0.981942
10 0.19149 0.0647499 0.11183 0.113548 0.981868
5 0.811806 0.0652366 0.11188 0.112956 0.981124
0 0.190919 0.188263 0.112392 0.112217 0.98103
12 0.439356 0.685515 0.111631 0.113151 0.980946
0 0.191209 0.933375 0.112449 0.112753 0.980681
3 0.439817 0.189408 0.112079 0.113634 0.980667
0 0.191036 0.437252 0.112206 0.112104 0.980306
2 0.0672437 0.561328 0.112841 0.11258 0.980072
6 0.439759 0.561278 0.112291 0.112546 0.980001
10 0.687933 0.685356 0.112261 0.112989 0.979831
13 0.687869 0.437295 0.112654 0.113203 0.97975
9 0.563359 0.188823 0.111221 0.113197 0.9797
9 0.563581 0.437561 0.112459 0.112788 0.979366
4 0.68794 0.312995 0.112238 0.112637 0.979346
1 0.812325 0.685096 0.112834 0.11279 0.979275
0 0.563905 0.80948 0.1118 0.112817 0.979275
8 0.0670271 0.312761 0.112603 0.112596 0.979134
6 0.688094 0.188742 0.112412 0.112364 0.9791
3 0.563601 0.561347 0.112162 0.112226 0.979058
13 0.936346 0.18963 0.113787 0.114805 0.979035
4 0.812255 0.188699 0.112074 0.112709 0.978832
1 0.936429 0.56098 0.113558 0.112972 0.978779
6 0.688168 0.0643863 0.111902 0.113093 0.97874
7 0.812519 0.436873 0.112105 0.113188 0.97835
0 0.936116 0.436827 0.112872 0.112251 0.978225
0 0.563398 0.313057 0.111971 0.113628 0.978171
8 0.315331 0.43714 0.112288 0.112148 0.978109
3 0.936501 0.313657 0.111252 0.111711 0.977946
3 0.811541 0.561484 0.111491 0.111751 0.977931
2 0.812402 0.312793 0.112494 0.113029 0.977764
8 0.687849 0.561593 0.111805 0.112659 0.976634
4 0.191379 0.0644068 0.112369 0.112219 0.0275025
2 0.688091 0.561248 0.111343 0.112362 0.0223729
2 0.315559 0.436863 0.110799 0.113015 0.0110669
2 0.06679 0.313027 0.113476 0.113382 0.00707017
12 0.811709 0.437142 0.111248 0.114036 0.00638968
4 0.0667922 0.93333 0.114066 0.113364 0.00600883
12 0.811482 0.933495 0.110712 0.112497 0.00472145
12 0.191737 0.313101 0.111581 0.112144 0.00447189
1 0.563608 0.312527 0.112348 0.113323 0.00445546
3 0.811482 0.933495 0.110712 0.112497 0.00419872
6 0.439743 0.685791 0.112185 0.113108 0.00379165
1 0.0667607 0.436859 0.113941 0.112008 0.00356827
8 0.688357 0.933554 0.111854 0.112753 0.00351822
7 0.687805 0.313175 0.111297 0.111697 0.00344093
8 0.813044 0.313295 0.110669 0.113673 0.00337372
12 0.936207 0.0652004 0.113524 0.114092 0.00333398
1 0.563828 0.685545 0.112285 0.112778 0.003321
10 0.687814 0.313494 0.11034 0.1131 0.00331194
2 0.19143 0.809318 0.11189 0.112253 0.00327413
6 0.688014 0.810175 0.112703 0.11315 0.00325837
1 0.315557 0.685539 0.112533 0.112479 0.00316179
13 0.687862 0.685557 0.111391 0.112125 0.00314728
12 0.563538 0.189166 0.111664 0.112069 0.00309636
4 0.688279 0.685596 0.112425 0.113195 0.00309419
12 0.563774 0.438006 0.111644 0.114009 0.00306215
2 0.191281 0.68511 0.111855 0.112314 0.00305503
10 0.811854 0.189056 0.110944 0.113154 0.00299903
6 0.811692 0.436993 0.113664 0.113336 0.00299854
1 0.31553 0.188789 0.112845 0.11242 0.00296562
10 0.935498 0.189438 0.111935 0.112932 0.00294765
2 0.812037 0.188984 0.111259 0.11322 0.00291582
1 0.812215 0.313347 0.111052 0.112591 0.00290771
1 0.812037 0.188984 0.111259 0.11322 0.00289501
3 0.687596 0.93355 0.110873 0.113461 0.00277446
0 0.0672783 0.313483 0.111301 0.114307 0.0027098
12 0.811579 0.561825 0.111099 0.112561 0.0026964
1 0.191044 0.436807 0.110657 0.112912 0.00263233
2 0.811473 0.809046 0.112346 0.112641 0.00256957
5 0.811602 0.313301 0.114006 0.113167 0.00255538
3 0.439875 0.561173 0.111212 0.111745 0.00254101
1 0.687894 0.313278 0.112154 0.111805 0.00251652
0 0.936441 0.560722 0.113154 0.111878 0.00250757
10 0.0666957 0.685272 0.113041 0.11282 0.00247818
0 0.93616 0.809044 0.111907 0.112517 0.00243091
2 0.687828 0.313128 0.110857 0.112806 0.00242978
6 0.811579 0.561825 0.111099 0.112561 0.00242044
2 0.0667607 0.436859 0.113941 0.112008 0.00241905
3 0.687993 0.189184 0.111937 0.113267 0.00240252
3 0.688117 0.064703 0.11196 0.113829 0.00230245
12 0.936195 0.313317 0.112208 0.113175 0.00229569
1 0.688258 0.188682 0.111907 0.113743 0.00229429
1 0.68833 0.0644151 0.110599 0.113655 0.00229299
1 0.564044 0.809432 0.1117 0.112745 0.00228142
10 0.0670077 0.809483 0.112111 0.113902 0.0022111
7 0.688279 0.685596 0.112425 0.113195 0.00212078
4 0.935909 0.065494 0.113477 0.113447 0.00206632
13 0.191746 0.0643581 0.111685 0.11193 0.00204295
4 0.812232 0.685072 0.112063 0.111919 0.00198009
11 0.811646 0.0649033 0.11221 0.112532 0.00195286
4 0.315709 0.809618 0.113812 0.113433 0.0019062
0 0.563964 0.438016 0.113159 0.11448 0.00189342
5 0.439717 0.809563 0.11221 0.112322 0.00184435
10 0.191583 0.560992 0.111347 0.111851 0.00180924
11 0.811543 0.809049 0.111077 0.112655 0.00180756
12 0.439783 0.93412 0.111915 0.112052 0.0018058
7 0.811676 0.187995 0.111906 0.113924 0.00178723
2 0.813014 0.684912 0.112304 0.113046 0.00177356
1 0.44012 0.561237 0.112063 0.112743 0.00176997
11 0.315229 0.437105 0.111943 0.111774 0.00175047
7 0.19149 0.0647499 0.11183 0.113548 0.00174738
12 0.687812 0.436549 0.110817 0.113423 0.00167281
1 0.811617 0.561506 0.111915 0.111755 0.00167016
6 0.439848 0.436608 0.110129 0.113293 0.00166166
4 0.439891 0.437657 0.112554 0.112726 0.00164957
7 0.0665153 0.436648 0.111199 0.111789 0.00164949
4 0.315712 0.933783 0.111082 0.112535 0.00164758
7 0.935667 0.189676 0.112971 0.114708 0.00163078
3 0.191355 0.809651 0.112093 0.11282 0.00161182
9 0.688167 0.436647 0.110464 0.112505 0.00160082
3 0.191016 0.685261 0.112104 0.112801 0.00159286
0 0.563889 0.933498 0.110321 0.112539 0.001591
1 0.564182 0.0644658 0.112403 0.113858 0.00157981
0 0.81282 0.685039 0.111641 0.112096 0.00157217
3 0.563615 0.0647743 0.112171 0.113679 0.00157037
11 0.191612 0.560969 0.110735 0.111743 0.00156859
3 0.439279 0.809842 0.112488 0.112579 0.00156489
13 0.315139 0.809522 0.112055 0.112 0.00156239
6 0.936121 0.0650263 0.113011 0.11304 0.00154179
1 0.0674644 0.0643942 0.114083 0.114108 0.00153424
12 0.439505 0.189132 0.111788 0.112314 0.00153042
13 0.0670343 0.809518 0.112513 0.11296 0.00151657
0 0.0669276 0.188654 0.11238 0.111937 0.00151242
1 0.439561 0.0644412 0.111245 0.114054 0.00147946
4 0.813061 0.437067 0.111381 0.114279 0.00147316
7 0.0670452 0.933284 0.113027 0.1128 0.0014643
5 0.0666957 0.685272 0.113041 0.11282 0.00144749
3 0.0671189 0.0646122 0.113292 0.113762 0.00144434
6 0.315958 0.313625 0.112567 0.111911 0.00143227
6 0.439783 0.93412 0.111915 0.112052 0.00141702
5 0.0669245 0.809493 0.113012 0.112887 0.00140274
1 0.936413 0.31332 0.111019 0.111501 0.00138098
0 0.688309 0.809481 0.112426 0.112866 0.00138061
5 0.68823 0.685388 0.111819 0.11257 0.00137831
2 0.811623 0.0647567 0.112792 0.113041 0.00134216
0 0.563498 0.188972 0.11214 0.112308 0.00131929
1 0.0674172 0.561015 0.112417 0.112788 0.0013123
13 0.0668753 0.933692 0.112055 0.112034 0.00131127
6 0.191795 0.313523 0.112072 0.112589 0.00128192
11 0.68788 0.56123 0.11215 0.113275 0.00127279
1 0.688097 0.933446 0.113184 0.113462 0.00126422
9 0.81308 0.561967 0.111103 0.109912 0.00125712
6 0.563601 0.561347 0.112162 0.112226 0.00125326
7 0.315393 0.809415 0.112417 0.112523 0.00123731
1 0.563601 0.561347 0.112162 0.112226 0.00123061
1 0.190919 0.188263 0.112392 0.112217 0.00122104
4 0.936441 0.560722 0.113154 0.111878 0.00120662
9 0.191737 0.313101 0.111581 0.112144 0.00120312
0 0.314993 0.43804 0.11082 0.113375 0.00118719
13 0.0666957 0.685272 0.113041 0.11282 0.00117702
3 0.0667248 0.561161 0.11503 0.113022 0.00117034
9 0.936024 0.437101 0.112547 0.112255 0.00117003
10 0.439639 0.313558 0.111528 0.112491 0.00115363
4 0.0669582 0.189456 0.112374 0.112371 0.00115302
10 0.563672 0.685574 0.11142 0.113027 0.0011461
4 0.439603 0.313507 0.111429 0.112115 0.00114561
4 0.439783 0.93412 0.111915 0.112052 0.00114234
3 0.563646 0.437627 0.111735 0.113548 0.00113712
6 0.811606 0.188618 0.112823 0.112402 0.00113635
5 0.688334 0.93351 0.112854 0.113719 0.00113329
4 0.936297 0.80932 0.112361 0.112198 0.00113251
6 0.936195 0.313317 0.112208 0.113175 0.00112416
1 0.315104 0.313457 0.112097 0.112265 0.00111104
1 0.439565 0.809312 0.112904 0.1128 0.00110019
1 0.935727 0.93373 0.112507 0.113225 0.00109641
10 0.315367 0.188731 0.111146 0.112022 0.00109142
7 0.688126 0.437592 0.112451 0.11325 0.00108277
8 0.0667248 0.561161 0.11503 0.113022 0.00107889
7 0.56375 0.685651 0.11258 0.112352 0.00107053
9 0.936206 0.684977 0.111655 0.11176 0.00106142
3 0.315389 0.561375 0.112654 0.11308 0.00106059
0 0.688097 0.561612 0.111929 0.113305 0.00105668
10 0.813037 0.436633 0.110017 0.113934 0.00105485
11 0.191219 0.809351 0.111976 0.112351 0.00105056
11 0.191276 0.685258 0.112411 0.112272 0.00104984
6 0.439505 0.189132 0.111788 0.112314 0.00104853
1 0.440104 0.93409 0.111927 0.11291 0.00104605
5 0.314847 0.809605 0.111922 0.11173 0.00103885
3 0.191421 0.561208 0.112114 0.113005 0.00102469
7 0.688115 0.188973 0.111741 0.111922 0.00101766
2 0.191544 0.5608 0.110105 0.112237 0.00100689
12 0.439682 0.436472 0.110799 0.112119 0.00100622
4 0.564076 0.933545 0.111206 0.113199 0.00100398
