9 0.56372 0.809417 0.111488 0.112095 0.987432
2 0.439456 0.809485 0.11257 0.112659 0.987202
3 0.192024 0.809568 0.111267 0.112565 0.986199
8 0.439639 0.685445 0.112098 0.111834 0.985828
8 0.687381 0.934281 0.112621 0.113338 0.985523
9 0.935934 0.685442 0.113075 0.110798 0.985424
3 0.191922 0.68552 0.110852 0.111911 0.98539
13 0.439992 0.934076 0.112274 0.113491 0.984795
5 0.3156 0.685508 0.111636 0.112538 0.984786
11 0.811837 0.933874 0.112802 0.114014 0.984295
10 0.56367 0.933792 0.111638 0.113325 0.983671
3 0.563574 0.685123 0.111884 0.111493 0.983609
1 0.0672062 0.685501 0.11244 0.112392 0.983422
3 0.19118 0.437692 0.111205 0.112163 0.983402
5 0.315196 0.437442 0.113682 0.113028 0.982773
8 0.6875 0.0652766 0.111902 0.112744 0.982745
8 0.0668752 0.313984 0.11336 0.112875 0.982728
8 0.935904 0.93421 0.114026 0.113605 0.982646
7 0.0667071 0.561576 0.112687 0.112274 0.982543
12 0.315422 0.0647102 0.111222 0.112174 0.98215
10 0.315894 0.933841 0.111421 0.112989 0.982127
5 0.19143 0.189565 0.111687 0.112445 0.982122
4 0.191603 0.0651306 0.113346 0.113297 0.982021
11 0.315272 0.561046 0.113255 0.111907 0.981778
6 0.0664921 0.934147 0.112379 0.113138 0.98172
6 0.066439 0.437255 0.112134 0.111534 0.98168
8 0.315052 0.189733 0.112794 0.111798 0.981604
5 0.439501 0.189315 0.112942 0.113987 0.981463
2 0.0667551 0.189399 0.111707 0.112551 0.981372
5 0.439538 0.313506 0.113017 0.113572 0.98128
5 0.439716 0.561568 0.113172 0.113382 0.98098
4 0.936837 0.809726 0.113018 0.112002 0.980867
8 0.191083 0.561268 0.11254 0.112584 0.98073
1 0.439613 0.0650437 0.111721 0.113579 0.980687
0 0.315758 0.809338 0.111719 0.111883 0.980664
12 0.191051 0.31331 0.111458 0.11166 0.980608
4 0.6881 0.809769 0.113261 0.113558 0.980591
13 0.191585 0.933881 0.112662 0.113432 0.980526
12 0.812225 0.809608 0.111851 0.112686 0.98028
5 0.563133 0.189686 0.111369 0.113656 0.980247
6 0.0666673 0.0642675 0.113361 0.11305 0.979747
0 0.314739 0.313272 0.113077 0.111438 0.979671
7 0.81213 0.0648502 0.11325 0.112048 0.979483
11 0.563622 0.312762 0.111567 0.113168 0.979366
6 0.812472 0.685708 0.112719 0.111593 0.979281
6 0.56388 0.0644195 0.112217 0.113197 0.979166
1 0.563511 0.43711 0.112117 0.113167 0.979158
4 0.936469 0.0649003 0.113618 0.113881 0.979145
4 0.687847 0.188875 0.112909 0.112902 0.979078
13 0.68764 0.685773 0.112467 0.112094 0.978943
5 0.687761 0.312931 0.112075 0.113013 0.978626
0 0.439772 0.437261 0.111951 0.113808 0.978603
5 0.812427 0.436955 0.113014 0.113709 0.978537
7 0.687801 0.561563 0.112568 0.112633 0.978504
0 0.687675 0.437055 0.112138 0.112897 0.978454
4 0.81243 0.188657 0.112898 0.112999 0.978432
2 0.564005 0.561058 0.112279 0.113491 0.978431
6 0.812757 0.312886 0.112479 0.111575 0.978328
13 0.936524 0.437285 0.113138 0.112976 0.978297
2 0.812229 0.56166 0.112217 0.113506 0.978004
0 0.936049 0.188674 0.112514 0.11152 0.977984
10 0.93683 0.561256 0.113436 0.114073 0.977873
6 0.937235 0.312794 0.113734 0.111817 0.977574
0 0.0676085 0.80934 0.11193 0.113263 0.977167
12 0.687682 0.685728 0.111359 0.111696 0.0127089
4 0.81152 0.685707 0.113353 0.111685 0.00882405
1 0.0671427 0.809154 0.112726 0.112374 0.00853746
2 0.687236 0.0650864 0.109899 0.112959 0.00685679
3 0.56383 0.0640657 0.111772 0.113637 0.00672213
2 0.191309 0.561196 0.110744 0.112197 0.00594274
4 0.316063 0.933983 0.112201 0.112779 0.00462464
10 0.811595 0.933124 0.110876 0.111566 0.00449226
1 0.687825 0.809726 0.112722 0.112714 0.0044529
0 0.439577 0.0644172 0.110818 0.113837 0.00443878
1 0.6876 0.189395 0.112666 0.112915 0.0044335
3 0.812639 0.312399 0.11048 0.111484 0.0044067
2 0.0665545 0.313875 0.114015 0.111858 0.00435051
1 0.936469 0.0649003 0.113618 0.113881 0.00411802
11 0.440047 0.933874 0.110834 0.113238 0.00405085
3 0.811654 0.685564 0.112831 0.111614 0.00401225
2 0.315714 0.18906 0.111962 0.111897 0.00397318
11 0.811595 0.437264 0.112904 0.112158 0.00380154
12 0.81159 0.0652089 0.111376 0.112727 0.0034651
3 0.0664122 0.0641221 0.112327 0.112145 0.003394
1 0.93707 0.80964 0.113983 0.113384 0.00336245
1 0.0674008 0.436746 0.108371 0.111484 0.0033229
12 0.191762 0.933915 0.111742 0.113549 0.00322115
2 0.440293 0.685686 0.111642 0.112983 0.00317882
7 0.811547 0.685649 0.111997 0.112678 0.00317219
3 0.564066 0.561419 0.112171 0.112852 0.00305226
12 0.93634 0.437849 0.110803 0.111503 0.0030448
1 0.812393 0.189224 0.113006 0.113567 0.00304071
5 0.191858 0.809278 0.111521 0.110994 0.00299292
1 0.191242 0.0648587 0.111434 0.11196 0.00298097
3 0.93673 0.312726 0.112574 0.112615 0.00297015
8 0.813083 0.561824 0.109056 0.112891 0.0029554
5 0.811468 0.561865 0.113637 0.112166 0.00292018
11 0.191762 0.933915 0.111742 0.113549 0.00288494
4 0.563902 0.933382 0.112243 0.113881 0.00278146
3 0.0661582 0.437003 0.113272 0.111352 0.00276931
4 0.936267 0.312934 0.11346 0.112822 0.00275419
9 0.687742 0.933611 0.112239 0.112823 0.00275106
5 0.0667341 0.188795 0.113263 0.112987 0.00271753
6 0.686752 0.561774 0.114916 0.113161 0.00263196
0 0.688099 0.0649606 0.110718 0.113748 0.00260696
12 0.440047 0.933874 0.110834 0.113238 0.00258363
3 0.0666774 0.933655 0.112503 0.113157 0.00256278
12 0.686731 0.561699 0.111538 0.113227 0.00249838
8 0.811908 0.933526 0.112984 0.114603 0.00240355
4 0.811611 0.313098 0.113333 0.111692 0.00238596
5 0.811912 0.934138 0.112843 0.113406 0.00237987
10 0.937087 0.809356 0.113279 0.11225 0.00237215
6 0.811557 0.064957 0.112628 0.111895 0.00236334
8 0.315445 0.561382 0.11257 0.112901 0.00232738
1 0.315004 0.312784 0.112542 0.112652 0.00230664
11 0.686847 0.313368 0.110425 0.110716 0.00230241
4 0.564035 0.436275 0.111755 0.112568 0.00225228
0 0.688382 0.934217 0.112266 0.113361 0.00212903
1 0.563869 0.561237 0.111843 0.113508 0.00212393
4 0.315523 0.43786 0.111986 0.111565 0.00208931
10 0.191401 0.933957 0.111425 0.111116 0.00207241
3 0.813174 0.437729 0.111613 0.114671 0.00200534
11 0.440186 0.68567 0.111692 0.112807 0.00193707
8 0.563972 0.313376 0.111608 0.112415 0.00193127
10 0.812519 0.809136 0.11179 0.112228 0.00188925
1 0.687897 0.436461 0.112469 0.112649 0.00186938
3 0.688136 0.313508 0.112321 0.112517 0.00186831
12 0.936004 0.685826 0.110699 0.112748 0.00186711
7 0.811471 0.809881 0.112854 0.113841 0.00184412
11 0.688074 0.93437 0.112738 0.113441 0.00183137
1 0.812208 0.561529 0.112207 0.113341 0.00181793
10 0.439435 0.933975 0.111591 0.111302 0.0018126
2 0.688136 0.313508 0.112321 0.112517 0.00179998
11 0.191544 0.561106 0.110659 0.112382 0.00177921
9 0.93593 0.934087 0.111674 0.111846 0.00177866
1 0.440033 0.437225 0.112143 0.113237 0.00175631
7 0.937028 0.4365 0.110517 0.112167 0.00174346
13 0.811908 0.933526 0.112984 0.114603 0.00166204
1 0.0664122 0.0641221 0.112327 0.112145 0.00165664
7 0.0672904 0.438118 0.113153 0.11044 0.00163863
5 0.563767 0.933668 0.112276 0.112705 0.0016318
10 0.19106 0.189475 0.11194 0.11233 0.00163033
9 0.935849 0.188988 0.112815 0.112627 0.00162552
4 0.43989 0.313442 0.111833 0.113419 0.00161443
1 0.439911 0.808984 0.113486 0.112836 0.00158494
11 0.936182 0.933767 0.113562 0.113254 0.00157571
7 0.93593 0.065205 0.11298 0.113166 0.00155679
2 0.937087 0.809356 0.113279 0.11225 0.00153937
7 0.8117 0.31273 0.111305 0.1132 0.00151937
0 0.0670436 0.685325 0.112533 0.112417 0.00151506
2 0.811597 0.437073 0.114361 0.112947 0.00150682
5 0.93625 0.561665 0.11218 0.112684 0.00150442
0 0.563902 0.80921 0.111418 0.111159 0.00147987
10 0.687488 0.685393 0.111986 0.111506 0.00147877
8 0.563924 0.809054 0.111199 0.111511 0.00146353
10 0.439672 0.189311 0.112144 0.112926 0.00144834
6 0.315854 0.0646949 0.111612 0.113132 0.00142602
4 0.688083 0.313379 0.112047 0.113837 0.00142546
9 0.811595 0.933124 0.110876 0.111566 0.00141123
5 0.439468 0.809448 0.112029 0.111815 0.00141091
9 0.191403 0.43801 0.113199 0.112724 0.00140858
0 0.067571 0.313991 0.11177 0.112974 0.00139886
11 0.687713 0.68551 0.112742 0.111587 0.00139836
10 0.563432 0.189315 0.112521 0.113208 0.00138047
5 0.936714 0.809642 0.112957 0.112068 0.001373
6 0.191221 0.312888 0.110242 0.111225 0.00135782
10 0.812393 0.189224 0.113006 0.113567 0.00135675
12 0.439793 0.436882 0.111852 0.112619 0.00135471
2 0.936292 0.934197 0.112108 0.112918 0.00134941
11 0.314896 0.436665 0.111001 0.109964 0.00133622
7 0.563902 0.933382 0.112243 0.113881 0.00133296
4 0.0666774 0.933655 0.112503 0.113157 0.00133046
2 0.812393 0.189224 0.113006 0.113567 0.00132173
2 0.687928 0.934427 0.112591 0.114386 0.00130247
10 0.688136 0.313508 0.112321 0.112517 0.00130038
0 0.564035 0.436275 0.111755 0.112568 0.00128474
7 0.936913 0.313434 0.112248 0.111955 0.00128262
5 0.563683 0.685399 0.110877 0.111761 0.00125491
7 0.191978 0.0649955 0.112585 0.113183 0.00125457
13 0.315445 0.561382 0.11257 0.112901 0.0012532
12 0.563894 0.933919 0.112581 0.113305 0.00124293
7 0.68813 0.188964 0.11222 0.113016 0.00123521
5 0.811983 0.188983 0.112924 0.112716 0.00123358
7 0.0666774 0.933655 0.112503 0.113157 0.0012272
2 0.191531 0.809286 0.112648 0.111393 0.00121566
2 0.6876 0.189395 0.112666 0.112915 0.00121447
3 0.315523 0.43786 0.111986 0.111565 0.00121401
2 0.439797 0.313465 0.112349 0.112487 0.0012111
9 0.936627 0.436931 0.112926 0.111811 0.00118008
7 0.936837 0.809726 0.113018 0.112002 0.00115994
3 0.811471 0.809881 0.112854 0.113841 0.00115679
10 0.315367 0.560993 0.11206 0.112696 0.00115653
1 0.56383 0.0640657 0.111772 0.113637 0.00114935
5 0.563704 0.561606 0.11222 0.112842 0.00114729
10 0.439618 0.313355 0.111683 0.112234 0.00113887
10 0.687912 0.809485 0.111133 0.112884 0.00113833
1 0.0668226 0.189057 0.113082 0.112706 0.0011325
10 0.314648 0.685594 0.112464 0.112593 0.00112652
3 0.44038 0.809192 0.111931 0.112632 0.00112585
4 0.0672062 0.685501 0.11244 0.112392 0.0011234
2 0.687825 0.809726 0.112722 0.112714 0.00112015
6 0.191403 0.43801 0.113199 0.112724 0.00111917
5 0.68781 0.80967 0.112375 0.112575 0.00111644
13 0.563447 0.313488 0.111611 0.11293 0.00111406
2 0.191242 0.0648587 0.111434 0.11196 0.00111271
9 0.93652 0.561516 0.112805 0.112464 0.00110919
11 0.687648 0.0644563 0.111584 0.112701 0.00110073
2 0.936469 0.0649003 0.113618 0.113881 0.00109978
10 0.563762 0.312871 0.1125 0.113062 0.00109528
12 0.936451 0.56138 0.114374 0.112973 0.00109463
1 0.191472 0.685396 0.11136 0.111803 0.00108855
4 0.563594 0.685489 0.110706 0.111473 0.00108446
2 0.191575 0.438045 0.111736 0.112342 0.00107492
4 0.81159 0.0652089 0.111376 0.112727 0.00107393
13 0.811471 0.809881 0.112854 0.113841 0.00107225
7 0.812194 0.189252 0.112678 0.112362 0.00106635
12 0.191575 0.438045 0.111736 0.112342 0.00105914
5 0.191702 0.685145 0.111275 0.110745 0.0010438
10 0.314834 0.437718 0.112031 0.112346 0.00103346
12 0.316157 0.934024 0.112387 0.113379 0.00102749
13 0.563715 0.933992 0.111732 0.11181 0.00102505
3 0.812474 0.561835 0.112383 0.112455 0.00101769
7 0.316024 0.93343 0.113101 0.114162 0.00101256
11 0.315405 0.189562 0.112788 0.111984 0.00101024
4 0.0667071 0.561576 0.112687 0.112274 0.00100413
