9 0.0673783 0.809688 0.112206 0.112528 0.986878
9 0.43931 0.934362 0.111861 0.1127 0.986211
7 0.315652 0.809519 0.111594 0.111828 0.985998
3 0.067051 0.934325 0.11336 0.113873 0.985557
3 0.439227 0.810004 0.113381 0.112522 0.98534
2 0.563613 0.80987 0.111697 0.112232 0.985114
7 0.315445 0.685758 0.111773 0.111889 0.984967
1 0.315408 0.933925 0.111706 0.112247 0.984879
6 0.935076 0.0652363 0.113196 0.113266 0.984737
3 0.935522 0.933819 0.113625 0.113127 0.984583
6 0.936448 0.809509 0.11244 0.112868 0.984433
6 0.563585 0.933863 0.111458 0.113268 0.983771
10 0.0680467 0.68525 0.112176 0.111507 0.983375
5 0.191332 0.438087 0.111153 0.112071 0.983221
7 0.315298 0.43789 0.112234 0.112435 0.983148
7 0.190755 0.0651996 0.11108 0.111318 0.983056
12 0.191236 0.188693 0.11173 0.111351 0.98303
6 0.0667476 0.0646374 0.112702 0.113629 0.982892
12 0.191427 0.312883 0.111759 0.11176 0.982739
5 0.0669129 0.189754 0.111558 0.111445 0.982685
12 0.19156 0.561377 0.110737 0.111009 0.982647
1 0.811817 0.933813 0.111551 0.112483 0.982287
6 0.563775 0.685463 0.111394 0.112585 0.98228
13 0.811132 0.0658078 0.112131 0.112287 0.982278
2 0.439238 0.685555 0.111915 0.111839 0.982155
10 0.0676285 0.313484 0.112486 0.111605 0.982027
9 0.438412 0.0651602 0.109614 0.112284 0.981855
5 0.686698 0.0654388 0.111333 0.111797 0.981837
3 0.315086 0.189207 0.113514 0.112785 0.98171
4 0.43986 0.561205 0.111717 0.11178 0.981598
1 0.0671793 0.43761 0.112404 0.112483 0.981571
2 0.314984 0.561597 0.111879 0.111957 0.981571
12 0.812668 0.809718 0.110968 0.112914 0.981194
2 0.314888 0.313506 0.112938 0.112269 0.981151
6 0.687984 0.934096 0.112576 0.113102 0.980951
2 0.561939 0.0651095 0.112261 0.112891 0.980941
11 0.191114 0.685245 0.112172 0.111329 0.980624
2 0.19107 0.809619 0.112636 0.111934 0.980528
9 0.563442 0.313704 0.111601 0.111449 0.980182
6 0.439522 0.313383 0.113792 0.113214 0.980125
0 0.314933 0.0642855 0.112244 0.113017 0.979965
2 0.19137 0.933919 0.112379 0.112301 0.979924
6 0.812138 0.685572 0.11223 0.112438 0.979839
3 0.439317 0.189332 0.112766 0.112531 0.97976
11 0.68767 0.809668 0.11092 0.111873 0.979576
6 0.564152 0.437551 0.112693 0.112789 0.979479
6 0.563887 0.189257 0.111862 0.112347 0.979423
9 0.811584 0.561804 0.112007 0.111702 0.97923
3 0.563289 0.56147 0.111831 0.112272 0.97911
1 0.687833 0.313072 0.112147 0.112572 0.978994
12 0.687568 0.685349 0.111685 0.111472 0.978987
13 0.687819 0.437333 0.111715 0.111914 0.978978
7 0.936375 0.685329 0.112448 0.112239 0.978828
4 0.936539 0.56116 0.113624 0.112937 0.978736
1 0.936167 0.312793 0.113616 0.112459 0.978519
0 0.067345 0.561033 0.111829 0.112569 0.978488
3 0.811913 0.437545 0.112051 0.112423 0.978387
0 0.935868 0.437119 0.113113 0.112242 0.978334
0 0.439118 0.437128 0.111558 0.113115 0.978129
5 0.812181 0.312935 0.112305 0.111991 0.978019
5 0.936139 0.18849 0.112743 0.112479 0.977962
0 0.687703 0.189082 0.111953 0.112713 0.977947
2 0.687869 0.561628 0.111841 0.112054 0.97785
2 0.811273 0.188814 0.112045 0.112108 0.977642
1 0.0669437 0.5607 0.113643 0.112399 0.0132294
3 0.936882 0.808851 0.112203 0.113725 0.00736973
5 0.561576 0.0652076 0.113552 0.112881 0.00711953
3 0.81287 0.684975 0.111956 0.113455 0.00688325
3 0.563737 0.933535 0.111806 0.113089 0.005683
3 0.688103 0.933577 0.112175 0.113259 0.00557227
1 0.439994 0.561345 0.112262 0.112057 0.00495179
7 0.688311 0.933151 0.114552 0.113357 0.00466937
12 0.688184 0.436587 0.110808 0.11241 0.00440767
1 0.687942 0.188357 0.11163 0.112757 0.00431943
10 0.935216 0.188719 0.111413 0.111699 0.004184
5 0.688178 0.809626 0.112 0.113152 0.00393416
5 0.688181 0.561437 0.111717 0.112849 0.00355496
0 0.688213 0.312372 0.111698 0.112277 0.00351294
12 0.812469 0.561351 0.111506 0.11217 0.00339602
1 0.936375 0.56121 0.112536 0.112819 0.00329558
10 0.688196 0.809558 0.11066 0.112244 0.00319566
0 0.936121 0.313062 0.112477 0.111392 0.00315978
9 0.811405 0.437366 0.112151 0.11201 0.003091
3 0.564396 0.685062 0.111702 0.112262 0.00303197
1 0.314933 0.0642855 0.112244 0.113017 0.00291761
3 0.688221 0.561262 0.111034 0.111726 0.00291083
3 0.315116 0.561424 0.112707 0.111923 0.00282931
7 0.439347 0.561356 0.112151 0.112438 0.00280286
12 0.936002 0.685567 0.112821 0.114129 0.00270915
3 0.812469 0.561351 0.111506 0.11217 0.00269653
0 0.812334 0.93379 0.110599 0.112522 0.00251388
3 0.563508 0.189277 0.11131 0.113185 0.00246288
12 0.564093 0.313595 0.111543 0.111758 0.00245288
1 0.688181 0.561437 0.111717 0.112849 0.0024419
5 0.811404 0.18886 0.112667 0.11244 0.00241028
12 0.438416 0.0648985 0.109953 0.111996 0.00239574
1 0.439077 0.437375 0.110763 0.111151 0.00231278
3 0.439238 0.685555 0.111915 0.111839 0.00230042
3 0.19107 0.809619 0.112636 0.111934 0.00229317
10 0.191071 0.685277 0.112275 0.112149 0.00225831
3 0.564175 0.809427 0.111118 0.112401 0.00211274
3 0.439566 0.313476 0.111097 0.113161 0.00209106
4 0.31569 0.437972 0.111054 0.113137 0.00204802
5 0.191544 0.80964 0.112444 0.112287 0.00202143
1 0.315057 0.313759 0.111801 0.111356 0.00200462
2 0.68808 0.313134 0.111686 0.11305 0.00198344
0 0.813075 0.562071 0.110698 0.11115 0.00194437
7 0.935076 0.0652363 0.113196 0.113266 0.00194401
9 0.68765 0.809872 0.111347 0.112058 0.00186235
11 0.811434 0.313361 0.112509 0.111276 0.00184093
1 0.564057 0.809798 0.11201 0.112534 0.00182924
2 0.936276 0.561054 0.11169 0.112114 0.00182161
0 0.56394 0.31363 0.111349 0.111408 0.00181632
3 0.811688 0.189552 0.111882 0.112195 0.00178862
9 0.935174 0.933656 0.111297 0.111939 0.00177681
10 0.315212 0.4379 0.111009 0.112712 0.00177298
12 0.811462 0.437345 0.1115 0.112121 0.00177234
3 0.935337 0.0649852 0.111687 0.112931 0.00176914
1 0.439652 0.68543 0.112781 0.112562 0.00176836
10 0.191277 0.437633 0.111337 0.111737 0.00176331
3 0.191082 0.933938 0.112967 0.11265 0.00173005
10 0.812809 0.80942 0.110769 0.112249 0.00172233
7 0.688255 0.437299 0.111393 0.112075 0.0017115
1 0.315412 0.561397 0.112564 0.112998 0.00165684
1 0.81184 0.18898 0.111835 0.112074 0.00164908
7 0.811486 0.810334 0.112018 0.11293 0.00164347
3 0.438416 0.0648985 0.109953 0.111996 0.00159659
8 0.811505 0.188638 0.111692 0.11347 0.00159495
10 0.936276 0.561054 0.11169 0.112114 0.00157995
4 0.191066 0.437876 0.111965 0.109725 0.00157722
6 0.936002 0.685364 0.111951 0.113832 0.00156209
3 0.190416 0.436608 0.111222 0.109552 0.00156041
5 0.563921 0.810217 0.112473 0.1118 0.00154122
6 0.19156 0.561377 0.110737 0.111009 0.00150458
0 0.438416 0.0648985 0.109953 0.111996 0.00150248
7 0.935744 0.561451 0.111197 0.111613 0.0014973
3 0.0664094 0.0649847 0.112942 0.113079 0.00146894
5 0.439277 0.685833 0.113357 0.112294 0.00146036
13 0.811486 0.810334 0.112018 0.11293 0.00145892
8 0.68677 0.809565 0.110843 0.112566 0.00142949
4 0.0668983 0.313431 0.111804 0.111265 0.00141577
7 0.0664094 0.0649847 0.112942 0.113079 0.00140856
9 0.191379 0.685415 0.111589 0.111825 0.00140462
7 0.811548 0.6855 0.111566 0.113238 0.00139199
2 0.688178 0.809626 0.112 0.113152 0.00138327
12 0.0675117 0.809734 0.113997 0.113721 0.00137069
3 0.561751 0.0649482 0.112428 0.112741 0.00136279
1 0.562207 0.0647212 0.112826 0.112904 0.00135617
7 0.0677614 0.313618 0.113168 0.111811 0.00131762
3 0.315006 0.313496 0.11206 0.112819 0.00130731
4 0.81224 0.31333 0.11153 0.111252 0.00129709
7 0.564299 0.438195 0.111977 0.112225 0.00129519
2 0.813067 0.933015 0.111651 0.113156 0.00129357
12 0.564177 0.438224 0.113693 0.11296 0.00128474
10 0.686685 0.0650057 0.111607 0.11226 0.00128121
4 0.687973 0.313421 0.111543 0.111869 0.0012704
6 0.687988 0.68557 0.111725 0.111156 0.00126003
1 0.688337 0.933212 0.112244 0.113793 0.00125772
10 0.0666123 0.18922 0.111988 0.112323 0.00125625
4 0.811817 0.933813 0.111551 0.112483 0.00125181
12 0.440172 0.934249 0.113794 0.112104 0.0012485
2 0.439994 0.561345 0.112262 0.112057 0.00124381
5 0.191042 0.685538 0.112094 0.112054 0.0012413
1 0.563556 0.561482 0.112083 0.111941 0.00124067
0 0.0665411 0.436643 0.114026 0.111828 0.00123957
7 0.935933 0.809647 0.112134 0.11369 0.00123493
1 0.811913 0.437545 0.112051 0.112423 0.00123203
9 0.935831 0.437273 0.112712 0.112508 0.00123074
6 0.31569 0.437972 0.111054 0.113137 0.00122471
3 0.81224 0.31333 0.11153 0.111252 0.00121899
1 0.563947 0.933458 0.112689 0.112188 0.00121403
1 0.191335 0.809527 0.112781 0.112061 0.00120102
3 0.564356 0.43756 0.112478 0.112678 0.001199
7 0.811672 0.0652749 0.112147 0.112358 0.00119114
7 0.563947 0.933458 0.112689 0.112188 0.00119075
12 0.314752 0.189143 0.111684 0.112526 0.00118846
12 0.935174 0.933656 0.111297 0.111939 0.00117543
4 0.564175 0.809427 0.111118 0.112401 0.00116799
4 0.315544 0.933786 0.111152 0.11272 0.00116522
3 0.563663 0.313421 0.112445 0.112073 0.00116098
11 0.686524 0.0646982 0.112829 0.111227 0.0011604
0 0.315544 0.933786 0.111152 0.11272 0.00115883
1 0.191379 0.933714 0.113064 0.112442 0.00115032
12 0.439564 0.189117 0.112205 0.112972 0.00113825
4 0.315041 0.809737 0.112117 0.111679 0.00110131
8 0.811346 0.561856 0.111544 0.11253 0.00108706
4 0.0671793 0.43761 0.112404 0.112483 0.00108469
6 0.812547 0.43794 0.11193 0.11137 0.00107294
4 0.688103 0.933577 0.112175 0.113259 0.00107215
3 0.811486 0.810334 0.112018 0.11293 0.00106373
4 0.0680467 0.68525 0.112176 0.111507 0.00104966
12 0.315563 0.436627 0.110274 0.109928 0.00104527
1 0.439967 0.809841 0.112418 0.112569 0.00103365
