9 0.315808 0.933831 0.111117 0.11303 0.987527
12 0.564235 0.933667 0.110995 0.113133 0.986187
7 0.315353 0.809434 0.111892 0.112274 0.985644
4 0.439705 0.934077 0.113057 0.113224 0.985561
7 0.0669012 0.562079 0.113051 0.112401 0.985353
12 0.315732 0.684953 0.111182 0.111421 0.985204
4 0.936157 0.934021 0.113575 0.112328 0.984761
7 0.191329 0.561849 0.111788 0.111973 0.984715
7 0.0668594 0.438011 0.113381 0.112217 0.984686
9 0.687852 0.934185 0.112288 0.11313 0.984206
12 0.564023 0.685104 0.110578 0.111649 0.983744
3 0.190962 0.313629 0.111995 0.113393 0.9836
12 0.191516 0.0647609 0.111402 0.112267 0.983314
6 0.812013 0.809762 0.112838 0.1129 0.983272
5 0.191315 0.188723 0.111876 0.111823 0.983242
10 0.0678268 0.809539 0.112632 0.111874 0.98323
7 0.563542 0.0651169 0.111722 0.112202 0.983204
1 0.439407 0.809243 0.11218 0.112627 0.982942
6 0.0665809 0.0646013 0.113303 0.113644 0.982832
6 0.563752 0.80943 0.111998 0.113083 0.982826
5 0.315299 0.188598 0.111122 0.111815 0.98274
13 0.31524 0.561559 0.111759 0.111701 0.982647
6 0.315198 0.3131 0.112427 0.113138 0.98246
6 0.19174 0.43777 0.112374 0.112623 0.982424
6 0.812253 0.933728 0.112018 0.112758 0.982342
2 0.0672089 0.685436 0.112624 0.112555 0.982094
11 0.191226 0.933527 0.111597 0.112196 0.981736
4 0.43954 0.189118 0.112958 0.112383 0.981721
12 0.936134 0.809324 0.111641 0.111243 0.98172
11 0.0665988 0.189501 0.113872 0.112687 0.981635
4 0.687844 0.809784 0.111638 0.111841 0.98152
6 0.439331 0.0649526 0.111246 0.112923 0.981507
7 0.812423 0.0651365 0.112756 0.112755 0.98149
10 0.0674539 0.933852 0.112893 0.112703 0.981455
4 0.935647 0.0652486 0.112776 0.112583 0.981326
11 0.315533 0.43719 0.112891 0.112332 0.981106
2 0.0667008 0.313552 0.11322 0.113097 0.980879
0 0.315 0.0639828 0.112125 0.113045 0.980515
7 0.563745 0.189243 0.111093 0.111126 0.980475
13 0.191129 0.80935 0.112943 0.111682 0.980469
3 0.811755 0.685539 0.113202 0.112635 0.980361
12 0.439978 0.56129 0.111628 0.111824 0.980357
3 0.439464 0.43753 0.112091 0.111965 0.980324
3 0.93616 0.685328 0.113509 0.112658 0.980007
6 0.439625 0.313421 0.112414 0.113107 0.979683
9 0.563656 0.561741 0.111944 0.111648 0.979452
9 0.687541 0.437802 0.110762 0.111575 0.979235
6 0.687993 0.064824 0.111763 0.112992 0.978991
12 0.564241 0.437171 0.111862 0.112259 0.978936
6 0.812393 0.561633 0.112725 0.112486 0.978933
6 0.688135 0.313237 0.112125 0.112585 0.978909
6 0.812679 0.437356 0.111846 0.112096 0.978827
0 0.439095 0.685367 0.11181 0.11218 0.978784
9 0.81197 0.188885 0.111646 0.113268 0.978672
11 0.687755 0.188829 0.112362 0.112972 0.978632
4 0.936658 0.561347 0.113675 0.112665 0.978356
8 0.191077 0.685323 0.112031 0.111037 0.978339
2 0.563696 0.313394 0.112304 0.113579 0.978091
7 0.687361 0.685354 0.111237 0.111196 0.978034
3 0.811645 0.313237 0.111256 0.111865 0.977986
7 0.688027 0.561809 0.112097 0.112261 0.977716
3 0.936498 0.436974 0.112938 0.112837 0.977655
8 0.93572 0.189386 0.111582 0.11304 0.977404
7 0.936605 0.312994 0.112309 0.112571 0.976437
3 0.81272 0.80892 0.112613 0.113718 0.00844892
2 0.191048 0.685423 0.112644 0.11194 0.00783201
12 0.811568 0.0651305 0.111726 0.112646 0.00750292
3 0.812766 0.9334 0.111956 0.113851 0.00476463
9 0.811432 0.313383 0.112481 0.112463 0.00457917
3 0.688287 0.437702 0.112233 0.112617 0.00457478
2 0.935814 0.188858 0.111587 0.112853 0.00433904
12 0.936124 0.313106 0.112821 0.113922 0.00390468
3 0.812666 0.561501 0.112315 0.113712 0.00388071
3 0.81301 0.188802 0.112018 0.113106 0.00379655
5 0.688139 0.188426 0.111849 0.112587 0.00377396
12 0.688321 0.438098 0.109531 0.111579 0.00370907
1 0.936542 0.56141 0.112588 0.112666 0.00370132
3 0.564186 0.809086 0.111975 0.112622 0.00365462
5 0.316374 0.437943 0.114202 0.111625 0.00351258
0 0.688491 0.438109 0.111423 0.112295 0.00351003
1 0.439606 0.685219 0.112169 0.112529 0.00349225
7 0.4399 0.934011 0.111999 0.11255 0.0032888
1 0.439454 0.189015 0.111308 0.111861 0.00327802
10 0.0672087 0.438113 0.112467 0.111861 0.00322149
1 0.936103 0.0652095 0.111788 0.113266 0.00307325
1 0.440169 0.934084 0.113122 0.113618 0.0030469
7 0.812139 0.561195 0.11306 0.112613 0.00302138
7 0.813124 0.932694 0.111414 0.113465 0.00300217
7 0.439557 0.189197 0.111979 0.112586 0.00287014
6 0.564114 0.43754 0.110489 0.11151 0.00286727
12 0.812258 0.188919 0.11176 0.112545 0.00279436
4 0.0675536 0.438083 0.110949 0.112273 0.00278885
3 0.563969 0.561568 0.11194 0.112185 0.0027556
1 0.687888 0.809854 0.112918 0.111896 0.00270517
12 0.564143 0.561374 0.111778 0.112875 0.00267806
6 0.439944 0.561165 0.111273 0.111948 0.00265529
7 0.688203 0.0647504 0.111847 0.113607 0.00258415
3 0.812809 0.437695 0.111958 0.113331 0.00255521
4 0.564254 0.189031 0.111678 0.112968 0.00254954
4 0.564216 0.0649089 0.111501 0.113274 0.00252045
1 0.563658 0.313664 0.111588 0.111392 0.00250583
12 0.686742 0.562031 0.110499 0.112739 0.00246273
3 0.439507 0.313561 0.111358 0.113472 0.00245692
0 0.688564 0.933443 0.11374 0.112638 0.0024355
10 0.315644 0.436873 0.111224 0.111068 0.00240929
0 0.813014 0.189199 0.11167 0.114067 0.00236234
3 0.439331 0.0649526 0.111246 0.112923 0.00231004
3 0.688117 0.313601 0.111512 0.113341 0.00229831
7 0.563955 0.809251 0.112616 0.112234 0.00229727
3 0.315261 0.313389 0.111421 0.113018 0.0022956
3 0.0665291 0.685249 0.114191 0.112048 0.00227133
9 0.813079 0.685851 0.111631 0.111119 0.00225582
7 0.81147 0.809855 0.113737 0.112688 0.00223015
7 0.687734 0.80957 0.111833 0.11231 0.00222081
1 0.0668843 0.313772 0.112386 0.111861 0.002214
7 0.191753 0.43822 0.112081 0.112599 0.0021579
12 0.191247 0.809712 0.111543 0.111743 0.00213554
7 0.688239 0.313143 0.112614 0.113847 0.00212619
12 0.935958 0.437439 0.111823 0.112521 0.0021174
12 0.5637 0.189346 0.111722 0.111753 0.00209528
12 0.811588 0.685847 0.111914 0.112793 0.00204121
4 0.0669679 0.933676 0.11334 0.112951 0.00195373
2 0.936449 0.561332 0.111819 0.11207 0.00192283
6 0.811588 0.685847 0.111914 0.112793 0.00191554
5 0.066764 0.188764 0.113796 0.112165 0.00188136
7 0.935524 0.933849 0.111892 0.112227 0.00186656
3 0.687699 0.0650192 0.111755 0.113419 0.00185838
8 0.688541 0.933696 0.113807 0.112138 0.00181197
6 0.315345 0.684907 0.111193 0.111354 0.00178488
13 0.811661 0.0647809 0.112224 0.11277 0.00177985
1 0.936351 0.933849 0.111722 0.112091 0.00175246
10 0.066282 0.189415 0.113745 0.111172 0.00169401
3 0.19174 0.43777 0.112374 0.112623 0.00168865
12 0.811503 0.313282 0.112317 0.112542 0.00164102
3 0.56397 0.313783 0.11245 0.11279 0.00162426
9 0.439548 0.436717 0.111712 0.111723 0.00160316
7 0.935482 0.0652643 0.110443 0.110932 0.00158185
6 0.439557 0.189197 0.111979 0.112586 0.00158022
6 0.688239 0.561731 0.111591 0.113498 0.00153857
1 0.0671469 0.68547 0.112785 0.111799 0.00152993
6 0.811661 0.0647809 0.112224 0.11277 0.00152573
12 0.935975 0.685694 0.112051 0.113248 0.00152397
7 0.936005 0.561538 0.111249 0.111753 0.00151769
2 0.439454 0.189015 0.111308 0.111861 0.00151414
6 0.564023 0.685104 0.110578 0.111649 0.0014896
3 0.0662617 0.0649346 0.113813 0.113059 0.00148184
4 0.688247 0.56173 0.111339 0.112718 0.00148168
7 0.812868 0.436501 0.11258 0.112208 0.00147968
12 0.315174 0.561271 0.112094 0.111908 0.00146615
9 0.936565 0.436531 0.112014 0.112236 0.00145278
8 0.68815 0.189062 0.113346 0.114371 0.00144208
6 0.936138 0.312925 0.11235 0.113779 0.0013846
10 0.191024 0.18914 0.11184 0.112114 0.00138123
5 0.0658825 0.313898 0.112915 0.112261 0.00138096
1 0.315 0.0639828 0.112125 0.113045 0.00137117
3 0.0663362 0.313292 0.114639 0.113024 0.00136717
2 0.813079 0.685851 0.111631 0.111119 0.00136417
2 0.688159 0.189301 0.113683 0.113095 0.0013278
10 0.936351 0.933849 0.111722 0.112091 0.00132169
13 0.066282 0.189415 0.113745 0.111172 0.00132094
2 0.688119 0.80918 0.111543 0.11178 0.00131356
7 0.43973 0.0649157 0.112389 0.113426 0.00131136
1 0.812071 0.685597 0.112024 0.11226 0.00129112
7 0.0662617 0.0649346 0.113813 0.113059 0.00125475
9 0.687707 0.189357 0.111876 0.112217 0.00124503
6 0.440036 0.437975 0.11288 0.111102 0.00124448
6 0.0672087 0.438113 0.112467 0.111861 0.00124164
4 0.0665475 0.561349 0.114508 0.112215 0.00122242
4 0.439455 0.809123 0.111697 0.112297 0.00122115
12 0.688426 0.93399 0.114509 0.112367 0.00121859
5 0.563611 0.313793 0.113422 0.112581 0.001197
0 0.439612 0.809141 0.112171 0.112887 0.00119686
4 0.314934 0.8096 0.112212 0.111843 0.00119382
12 0.440417 0.438013 0.113704 0.111751 0.00118456
1 0.439521 0.437781 0.111287 0.111421 0.00118273
12 0.811491 0.80979 0.112446 0.11376 0.0011608
12 0.316214 0.9339 0.11317 0.11195 0.00115857
5 0.191226 0.933527 0.111597 0.112196 0.0011542
10 0.936449 0.561332 0.111819 0.11207 0.00115223
6 0.4399 0.934011 0.111999 0.11255 0.00114865
0 0.563831 0.561734 0.111859 0.1117 0.00114687
10 0.936372 0.313433 0.111457 0.113367 0.00114202
9 0.315644 0.436873 0.111224 0.111068 0.00110361
8 0.81152 0.189124 0.112108 0.113412 0.00109315
4 0.936485 0.313394 0.111568 0.113159 0.00108262
6 0.688321 0.685468 0.112632 0.112813 0.00108122
9 0.936001 0.685546 0.111958 0.113389 0.00107128
10 0.191226 0.933527 0.111597 0.112196 0.00107054
6 0.936134 0.809324 0.111641 0.111243 0.00106979
4 0.688297 0.685576 0.111505 0.111879 0.0010685
1 0.81214 0.313193 0.111869 0.112463 0.00106587
12 0.191612 0.438249 0.112778 0.112197 0.00106029
4 0.0671585 0.809334 0.113689 0.111849 0.00105675
7 0.439892 0.561084 0.112287 0.113113 0.00104439
13 0.191226 0.933527 0.111597 0.112196 0.00104049
10 0.687854 0.189775 0.112045 0.112195 0.00103572
1 0.813168 0.932819 0.110325 0.113185 0.00102408
2 0.439705 0.934077 0.113057 0.113224 0.00100947
2 0.936351 0.933849 0.111722 0.112091 0.00100042
