9 0.19146 0.933732 0.112064 0.11299 0.986016
6 0.440083 0.933962 0.112811 0.114224 0.985632
1 0.563963 0.933824 0.111127 0.112857 0.985228
12 0.191659 0.685893 0.111519 0.112066 0.984933
3 0.439364 0.685578 0.112201 0.112871 0.984872
10 0.688116 0.933968 0.112748 0.114096 0.984752
2 0.3164 0.685551 0.11056 0.112047 0.984425
10 0.439764 0.809602 0.112007 0.112967 0.984113
10 0.56354 0.0652661 0.112093 0.113143 0.983849
13 0.067103 0.313653 0.112206 0.112467 0.983435
13 0.563777 0.809711 0.11139 0.113477 0.983265
7 0.315031 0.561411 0.113045 0.111977 0.983204
10 0.68822 0.0654384 0.111763 0.113004 0.983175
4 0.191403 0.561019 0.112378 0.112298 0.982756
10 0.812274 0.933884 0.111998 0.113683 0.982565
6 0.067015 0.561992 0.112767 0.112729 0.982325
4 0.0668146 0.437504 0.113456 0.112115 0.982309
12 0.687937 0.810115 0.11089 0.11275 0.982282
12 0.191315 0.313511 0.111393 0.11239 0.982266
6 0.811689 0.80989 0.11315 0.112896 0.982247
4 0.315668 0.933188 0.112973 0.113688 0.982161
4 0.0669517 0.934113 0.112685 0.11329 0.98214
4 0.0674335 0.80955 0.113374 0.112854 0.982065
12 0.315393 0.313587 0.112752 0.112981 0.982034
1 0.0669205 0.189182 0.112429 0.112293 0.981966
13 0.936437 0.934011 0.112409 0.113974 0.981822
1 0.56395 0.685299 0.111607 0.112639 0.981814
0 0.315291 0.0637344 0.111615 0.112784 0.981524
6 0.191555 0.0644722 0.112402 0.113255 0.981519
1 0.315337 0.436815 0.111944 0.111815 0.981404
12 0.31563 0.189144 0.112054 0.112699 0.981346
13 0.439316 0.0647774 0.111563 0.111944 0.981194
0 0.191009 0.18814 0.112362 0.112028 0.98104
10 0.191763 0.809352 0.112018 0.112512 0.980949
0 0.190922 0.437016 0.111793 0.111431 0.980487
2 0.439487 0.312661 0.112143 0.112095 0.980485
4 0.812184 0.0654821 0.111808 0.11316 0.980386
12 0.937046 0.8098 0.112042 0.112329 0.980226
4 0.563749 0.560886 0.112449 0.113606 0.980207
8 0.067448 0.685825 0.111145 0.111502 0.979957
1 0.439459 0.561087 0.112561 0.113374 0.979788
1 0.812376 0.436899 0.112608 0.112863 0.979438
0 0.0675766 0.0645558 0.11137 0.112996 0.97931
0 0.439501 0.437321 0.111952 0.112167 0.97919
1 0.81244 0.188685 0.11188 0.112338 0.979164
10 0.688005 0.685151 0.112284 0.112864 0.979046
13 0.563816 0.437292 0.111873 0.11294 0.979023
5 0.812096 0.561205 0.11261 0.113402 0.978983
4 0.812615 0.312635 0.112812 0.112888 0.978972
0 0.439759 0.188185 0.111836 0.112545 0.978854
12 0.936336 0.436854 0.113419 0.11222 0.978798
3 0.687648 0.43753 0.111467 0.111909 0.978767
5 0.687564 0.56129 0.111555 0.11299 0.978738
1 0.936617 0.312618 0.113104 0.112416 0.978728
12 0.936437 0.685618 0.113057 0.112002 0.978675
8 0.315524 0.809585 0.11253 0.111411 0.978649
0 0.563658 0.312952 0.111981 0.113391 0.9785
2 0.687942 0.189003 0.111547 0.111785 0.978278
7 0.688114 0.313002 0.112088 0.112736 0.978031
2 0.81202 0.685772 0.112012 0.112438 0.977845
13 0.936644 0.561657 0.113448 0.113216 0.977798
11 0.935727 0.0653769 0.112162 0.112924 0.977725
8 0.563776 0.189409 0.110847 0.112227 0.977154
2 0.936385 0.188456 0.112891 0.112687 0.97706
5 0.93568 0.0658036 0.111879 0.112297 0.0307493
2 0.0668714 0.685468 0.113367 0.111547 0.0235324
7 0.0667835 0.313283 0.112099 0.111939 0.0117325
4 0.68833 0.0650584 0.111207 0.112974 0.0079596
7 0.439316 0.0650877 0.110826 0.112869 0.00773001
1 0.0665614 0.43668 0.11432 0.111993 0.00735437
4 0.688204 0.685549 0.111852 0.113326 0.00720949
1 0.191568 0.561076 0.112006 0.113068 0.0069264
2 0.563823 0.189246 0.112898 0.111497 0.00660445
1 0.812449 0.0652737 0.11186 0.113482 0.00642736
1 0.812636 0.312872 0.112766 0.113302 0.00633621
2 0.315622 0.810053 0.112948 0.112496 0.00596892
1 0.0670525 0.808767 0.113392 0.11281 0.0051504
1 0.564017 0.56128 0.111996 0.113082 0.00470998
1 0.0672075 0.0637678 0.113315 0.113501 0.00425409
12 0.563854 0.0649143 0.111617 0.113664 0.00424247
11 0.564027 0.188953 0.111087 0.111829 0.00415744
5 0.0667835 0.313283 0.112099 0.111939 0.0040918
11 0.315739 0.810094 0.112489 0.112541 0.00398268
0 0.936898 0.809366 0.110758 0.111672 0.00394741
1 0.439511 0.313399 0.110464 0.111769 0.00378981
1 0.066719 0.933568 0.112892 0.112895 0.00357976
4 0.813087 0.93259 0.111902 0.113018 0.00346188
12 0.688284 0.0648488 0.111295 0.113615 0.00345771
0 0.81254 0.188824 0.111403 0.11308 0.0034247
4 0.563647 0.0651143 0.111994 0.112654 0.00339718
6 0.811728 0.0651852 0.112616 0.112287 0.00338495
12 0.192289 0.0646767 0.111387 0.111155 0.00336674
0 0.812418 0.436305 0.112613 0.112291 0.00316201
2 0.812184 0.0654821 0.111808 0.11316 0.00314825
0 0.936525 0.312958 0.112156 0.11094 0.00312642
13 0.439571 0.809619 0.111339 0.112141 0.00307409
7 0.811815 0.932831 0.112124 0.11238 0.00291281
1 0.315812 0.933812 0.111939 0.113225 0.00290741
8 0.813073 0.685656 0.109899 0.112059 0.00290175
7 0.688204 0.685549 0.111852 0.113326 0.00289027
5 0.813087 0.93259 0.111902 0.113018 0.00289015
1 0.56373 0.312484 0.112117 0.113042 0.00286997
0 0.936769 0.685786 0.111631 0.112429 0.00285723
6 0.936478 0.809865 0.11215 0.111497 0.00283809
12 0.563539 0.436617 0.111008 0.112912 0.00276524
6 0.439089 0.685436 0.11219 0.112259 0.0027458
3 0.688109 0.561591 0.112451 0.112617 0.00267918
2 0.81297 0.188658 0.110934 0.113087 0.00264475
7 0.68833 0.0650584 0.111207 0.112974 0.00255121
13 0.687921 0.685449 0.111348 0.112061 0.00254884
10 0.936113 0.0650927 0.112719 0.112643 0.00248074
7 0.936207 0.561392 0.112735 0.113363 0.00247094
7 0.563777 0.809711 0.11139 0.113477 0.00246649
12 0.935854 0.934154 0.11194 0.11334 0.00246605
3 0.812812 0.685698 0.110914 0.112602 0.00238534
0 0.688176 0.809687 0.112587 0.111676 0.00234984
12 0.56398 0.809258 0.110675 0.113469 0.00225415
4 0.936478 0.809865 0.11215 0.111497 0.0022457
13 0.191609 0.809457 0.111884 0.112504 0.00224205
1 0.936455 0.188436 0.112565 0.112156 0.00224168
10 0.687668 0.561384 0.111154 0.111932 0.00223266
1 0.811594 0.685739 0.114599 0.111955 0.00218687
3 0.811993 0.809839 0.112327 0.113529 0.00216203
6 0.687974 0.43796 0.112413 0.112126 0.00214121
6 0.811792 0.312981 0.114604 0.112954 0.00210398
3 0.440126 0.313195 0.109925 0.112043 0.00208939
5 0.68786 0.93395 0.113308 0.11382 0.00208563
0 0.936507 0.437276 0.112462 0.112952 0.00208382
1 0.688269 0.189027 0.113805 0.112763 0.00207246
6 0.315845 0.188801 0.11208 0.11236 0.00204365
3 0.191543 0.933717 0.110922 0.111377 0.00204084
12 0.936378 0.561675 0.113574 0.113181 0.00203692
6 0.0670824 0.809141 0.111726 0.112655 0.00202939
13 0.688419 0.0648092 0.111883 0.112255 0.0020086
4 0.439089 0.685436 0.11219 0.112259 0.00199195
2 0.812998 0.436877 0.110729 0.11304 0.00198591
1 0.191045 0.436614 0.11296 0.112629 0.00196088
10 0.936113 0.933145 0.111607 0.111889 0.00196058
1 0.811292 0.809851 0.109896 0.11302 0.00195272
12 0.686869 0.313187 0.110126 0.112408 0.00194178
4 0.688109 0.561591 0.112451 0.112617 0.00193524
7 0.067134 0.436349 0.112417 0.112798 0.00193211
7 0.19169 0.561196 0.111393 0.111766 0.00192352
7 0.936823 0.436413 0.112089 0.113106 0.00192075
1 0.440111 0.933586 0.112867 0.112349 0.00189772
3 0.0667503 0.561354 0.115615 0.113881 0.00189102
10 0.936378 0.561675 0.113574 0.113181 0.00185866
2 0.688109 0.561591 0.112451 0.112617 0.00184937
1 0.439759 0.188185 0.111836 0.112545 0.00184247
7 0.563647 0.0651143 0.111994 0.112654 0.0018122
5 0.811594 0.685739 0.114599 0.111955 0.00180245
2 0.564017 0.56128 0.111996 0.113082 0.00179307
2 0.688122 0.437594 0.112137 0.111585 0.00177969
1 0.0667503 0.561354 0.115615 0.113881 0.00171802
7 0.811865 0.312301 0.112664 0.114576 0.00171307
6 0.688039 0.809951 0.113167 0.112158 0.00170255
4 0.564092 0.685161 0.111116 0.11179 0.00169929
4 0.688098 0.437255 0.112844 0.112978 0.00166444
2 0.191568 0.561076 0.112006 0.113068 0.00166065
11 0.935818 0.934101 0.113581 0.113673 0.00165743
12 0.687391 0.437326 0.111957 0.112535 0.00164429
1 0.439772 0.436832 0.11196 0.112673 0.0016227
0 0.563941 0.933636 0.109992 0.112084 0.00158032
13 0.563212 0.0647515 0.11171 0.112423 0.00156061
2 0.812636 0.312872 0.112766 0.113302 0.0015582
5 0.688159 0.685324 0.111776 0.112495 0.001549
0 0.0664948 0.188966 0.111535 0.111509 0.00153991
4 0.439546 0.809403 0.112 0.112807 0.00153769
4 0.68846 0.933446 0.112987 0.11384 0.0015338
6 0.688166 0.312915 0.111944 0.11194 0.00152687
7 0.56375 0.437472 0.112554 0.113387 0.00151336
3 0.936725 0.436487 0.110756 0.113413 0.00150061
2 0.439364 0.685578 0.112201 0.112871 0.00147452
10 0.811715 0.561222 0.111349 0.111865 0.00147252
8 0.688286 0.188862 0.113408 0.112418 0.0014604
10 0.812403 0.313514 0.111883 0.11326 0.00145666
4 0.688153 0.312986 0.112654 0.113335 0.00145288
12 0.0668683 0.56177 0.114232 0.113625 0.00143051
7 0.936736 0.81 0.112388 0.111753 0.00142866
11 0.68786 0.93395 0.113308 0.11382 0.00142535
12 0.191543 0.933796 0.113381 0.112169 0.00140994
1 0.192144 0.0647117 0.111704 0.112363 0.00140563
0 0.315496 0.436726 0.111809 0.112751 0.00140345
1 0.315982 0.685108 0.112147 0.11219 0.0014031
7 0.936873 0.685768 0.112687 0.112582 0.00139916
0 0.43979 0.561229 0.112103 0.11269 0.0013899
1 0.315291 0.0637344 0.111615 0.112784 0.00138018
4 0.439674 0.560982 0.111862 0.112726 0.00137425
7 0.68846 0.933446 0.112987 0.11384 0.00137197
4 0.81218 0.189235 0.111424 0.112137 0.00136798
6 0.56358 0.561069 0.111766 0.112475 0.00136621
6 0.066719 0.933568 0.112892 0.112895 0.00136458
6 0.191236 0.68575 0.112041 0.112461 0.0013507
6 0.315511 0.561081 0.111297 0.112657 0.00134765
5 0.688276 0.0648355 0.111588 0.112347 0.00133575
6 0.191469 0.312987 0.112049 0.112329 0.00131365
11 0.0673654 0.68545 0.112068 0.11121 0.00130753
4 0.19143 0.809007 0.112419 0.112967 0.00126783
4 0.315681 0.43723 0.111855 0.112635 0.00126448
2 0.0670525 0.808767 0.113392 0.11281 0.00126324
5 0.191607 0.809299 0.111987 0.111995 0.00125764
0 0.564112 0.685114 0.111327 0.112494 0.00125743
7 0.935814 0.933593 0.11253 0.113301 0.00125278
3 0.440083 0.933962 0.112811 0.114224 0.00121437
12 0.68786 0.93395 0.113308 0.11382 0.00120756
4 0.936484 0.313426 0.11132 0.112288 0.00119278
13 0.688098 0.933828 0.111578 0.111607 0.00117934
6 0.315802 0.933738 0.111633 0.113325 0.00117496
8 0.936138 0.188935 0.110515 0.110915 0.00116821
4 0.0669205 0.189182 0.112429 0.112293 0.0011635
2 0.0665614 0.43668 0.11432 0.111993 0.00112155
7 0.811804 0.0644264 0.111995 0.113401 0.00111844
4 0.936157 0.188953 0.112053 0.11249 0.00110238
1 0.687883 0.436967 0.113098 0.113355 0.00109963
3 0.191555 0.0644722 0.112402 0.113255 0.00108248
4 0.811526 0.561243 0.113176 0.112575 0.00108233
4 0.812613 0.437331 0.111794 0.113035 0.00107064
4 0.315415 0.561108 0.110823 0.113375 0.00106686
3 0.936082 0.18878 0.112782 0.112379 0.00106634
4 0.564076 0.93364 0.110773 0.112667 0.00106586
6 0.0665614 0.43668 0.11432 0.111993 0.00105915
1 0.191009 0.18814 0.112362 0.112028 0.001055
5 0.439833 0.809462 0.111853 0.111848 0.00105457
3 0.812263 0.561002 0.112362 0.112294 0.00105009
10 0.688131 0.313402 0.112126 0.112652 0.00104965
6 0.19169 0.561196 0.111393 0.111766 0.00104013
2 0.315812 0.933812 0.111939 0.113225 0.00103745
3 0.315754 0.685619 0.112388 0.112137 0.0010336
6 0.315612 0.312947 0.112812 0.112812 0.00103356
12 0.439808 0.809645 0.112229 0.112722 0.00101979
