3 0.316043 0.809596 0.111666 0.112976 0.987199
4 0.439705 0.933952 0.112973 0.113078 0.985579
4 0.192048 0.809455 0.110523 0.110454 0.985425
9 0.315235 0.064971 0.111182 0.111645 0.985019
3 0.0670119 0.934061 0.114137 0.114617 0.985016
1 0.564081 0.934046 0.11214 0.113851 0.984764
3 0.31561 0.561463 0.111884 0.113119 0.984706
9 0.191485 0.561502 0.110808 0.112069 0.98428
2 0.315117 0.685507 0.112225 0.111929 0.983799
12 0.812812 0.933822 0.111147 0.11345 0.983611
8 0.687923 0.933842 0.112079 0.112811 0.983424
4 0.315388 0.437122 0.113206 0.112389 0.983033
12 0.191344 0.312846 0.112077 0.112015 0.982957
13 0.936639 0.809714 0.111946 0.111759 0.982752
13 0.0668737 0.437683 0.112519 0.11185 0.982708
13 0.191004 0.437808 0.111736 0.111907 0.982653
7 0.315604 0.189016 0.11373 0.112031 0.982567
7 0.564018 0.809378 0.111373 0.111874 0.982142
6 0.812356 0.809895 0.11266 0.113124 0.982116
8 0.315468 0.933936 0.112618 0.112818 0.981888
1 0.0668882 0.685653 0.112108 0.112347 0.981837
5 0.439423 0.437399 0.113137 0.112945 0.981715
2 0.563696 0.685488 0.111033 0.111547 0.981667
11 0.563059 0.0655124 0.110906 0.11202 0.98165
13 0.191265 0.189103 0.113288 0.112105 0.981581
2 0.935809 0.934121 0.111995 0.112114 0.981303
11 0.0668478 0.189325 0.11304 0.112345 0.981247
1 0.688137 0.809399 0.112146 0.113769 0.981216
11 0.0666051 0.313783 0.113149 0.112262 0.980838
0 0.191599 0.933576 0.111532 0.112477 0.980787
11 0.191444 0.68487 0.112033 0.111355 0.980761
11 0.191398 0.0647044 0.111759 0.112591 0.980661
9 0.439554 0.685431 0.111248 0.111943 0.980499
13 0.439599 0.809552 0.110945 0.111503 0.980336
9 0.563212 0.313572 0.112103 0.111858 0.980324
6 0.563893 0.437554 0.111907 0.113038 0.979749
4 0.563722 0.188788 0.112449 0.112697 0.979601
9 0.439833 0.561669 0.112336 0.112785 0.979451
6 0.687899 0.189015 0.112602 0.112842 0.979384
11 0.563687 0.561398 0.111809 0.112989 0.979351
0 0.314877 0.312696 0.112948 0.111205 0.979275
12 0.6879 0.561437 0.112539 0.112206 0.979098
10 0.68803 0.436993 0.112427 0.112296 0.978992
13 0.439315 0.188923 0.111819 0.112136 0.978973
1 0.439263 0.0649358 0.111148 0.112625 0.978953
1 0.439357 0.312984 0.112414 0.113142 0.978844
1 0.687799 0.313126 0.112727 0.112936 0.978767
1 0.687788 0.0646933 0.111999 0.112751 0.978739
12 0.812639 0.685135 0.111224 0.112263 0.978559
13 0.936149 0.685609 0.112582 0.112086 0.978551
8 0.0666667 0.809537 0.112725 0.112805 0.978511
0 0.811904 0.561403 0.112136 0.11214 0.97847
1 0.936406 0.0642902 0.113585 0.113618 0.978349
0 0.687726 0.685345 0.112126 0.112469 0.978243
11 0.812103 0.437093 0.112525 0.113413 0.977996
0 0.0674222 0.0649659 0.111377 0.112459 0.977696
8 0.811853 0.188814 0.112186 0.112196 0.977569
5 0.93637 0.312723 0.112909 0.112328 0.977516
0 0.936047 0.188668 0.112608 0.111526 0.977337
8 0.812097 0.0651878 0.112038 0.112764 0.977325
7 0.812525 0.313164 0.112374 0.112197 0.977313
11 0.936166 0.437181 0.113051 0.113103 0.977071
7 0.936175 0.561917 0.112746 0.11264 0.977016
0 0.0672855 0.560971 0.111828 0.112209 0.968189
1 0.0667307 0.560822 0.113915 0.112349 0.174028
1 0.0669619 0.0641759 0.11297 0.113184 0.0145569
10 0.936904 0.436678 0.110303 0.112056 0.0139999
3 0.813054 0.80899 0.112678 0.113694 0.00834043
12 0.811598 0.313486 0.110976 0.112894 0.00609574
5 0.81226 0.436885 0.111956 0.112371 0.00606354
10 0.811489 0.437089 0.1101 0.111673 0.0058847
7 0.439785 0.933849 0.111902 0.112142 0.00489587
9 0.936002 0.437392 0.111595 0.111257 0.00453711
1 0.315979 0.437413 0.113145 0.112431 0.00435431
12 0.439617 0.809761 0.111194 0.111515 0.00417594
0 0.688095 0.0637375 0.111669 0.112779 0.00414016
2 0.811985 0.0647912 0.110825 0.113179 0.00401508
2 0.0667082 0.809211 0.114075 0.112485 0.00398111
5 0.0667004 0.312856 0.11311 0.112057 0.00397311
1 0.687806 0.685136 0.112146 0.111839 0.00385827
5 0.563239 0.0646919 0.111355 0.112106 0.0035145
12 0.439369 0.188706 0.111413 0.111851 0.00347032
2 0.687889 0.93337 0.11158 0.112362 0.00344144
12 0.936042 0.5618 0.112777 0.113461 0.00340654
2 0.811803 0.189016 0.110947 0.112461 0.00330849
10 0.812566 0.93395 0.110682 0.113002 0.0032843
2 0.688134 0.0649126 0.111538 0.111698 0.00325459
5 0.935903 0.933779 0.113353 0.113068 0.00321908
1 0.811911 0.561072 0.112377 0.111798 0.00320908
1 0.564004 0.188728 0.111821 0.112281 0.00314109
3 0.315117 0.685507 0.112225 0.111929 0.00312115
9 0.191794 0.685393 0.112305 0.112173 0.00291835
1 0.440128 0.934015 0.113097 0.113391 0.00291076
10 0.066355 0.31372 0.112834 0.111319 0.00289211
4 0.688264 0.437464 0.111729 0.112681 0.00283852
6 0.687867 0.561303 0.112097 0.111764 0.00283391
0 0.936312 0.06424 0.111988 0.113678 0.00281235
9 0.813133 0.933643 0.108897 0.111983 0.00261073
1 0.191932 0.809797 0.111761 0.111334 0.00260258
2 0.315468 0.933936 0.112618 0.112818 0.00259987
12 0.191407 0.437382 0.110982 0.111232 0.00258033
0 0.688192 0.312504 0.11276 0.113033 0.00256731
1 0.315337 0.312559 0.11216 0.112477 0.00251558
12 0.56379 0.31357 0.111883 0.112545 0.00235756
6 0.811584 0.313333 0.113297 0.112752 0.0023463
5 0.564048 0.561895 0.111253 0.111952 0.00233643
12 0.439939 0.561415 0.111884 0.112546 0.00229432
3 0.439726 0.685788 0.111918 0.111949 0.0022813
10 0.563356 0.0645531 0.110678 0.112962 0.00227956
7 0.688144 0.188655 0.114089 0.114522 0.00226475
5 0.19151 0.0647041 0.111791 0.111793 0.00218841
10 0.439478 0.437667 0.111662 0.111858 0.00214691
3 0.439723 0.561644 0.111785 0.112183 0.00209729
7 0.0673498 0.436568 0.112358 0.113397 0.00206591
13 0.811666 0.933637 0.110727 0.111815 0.00206416
0 0.439373 0.0642683 0.110725 0.113325 0.00204143
12 0.0671452 0.436591 0.11182 0.113683 0.00202767
10 0.0664931 0.189246 0.112831 0.110954 0.0019529
10 0.191428 0.685096 0.112392 0.11192 0.00194763
10 0.935724 0.685225 0.11114 0.111688 0.00194494
0 0.439464 0.313373 0.110953 0.113056 0.00191206
3 0.687621 0.18914 0.111595 0.113073 0.00190432
4 0.688225 0.809078 0.111357 0.112355 0.00187232
7 0.191424 0.809573 0.11256 0.112255 0.00187094
0 0.688225 0.809078 0.111357 0.112355 0.00182465
3 0.564097 0.685401 0.111072 0.111751 0.00181981
1 0.564096 0.685368 0.111894 0.112065 0.00180235
5 0.0669794 0.188537 0.112854 0.112028 0.00179368
0 0.563649 0.313605 0.111723 0.112185 0.00178263
12 0.935805 0.810007 0.112251 0.113472 0.00178248
12 0.191667 0.561144 0.110858 0.111897 0.00177319
5 0.563777 0.685816 0.112029 0.11151 0.00176395
10 0.563956 0.561258 0.112039 0.112589 0.00172092
12 0.439815 0.685693 0.112901 0.113055 0.00171361
4 0.688044 0.313288 0.11263 0.112532 0.00170935
5 0.935657 0.436852 0.112914 0.112803 0.00168574
2 0.688071 0.313313 0.111879 0.112391 0.00167227
2 0.688347 0.809335 0.112543 0.112567 0.00165282
9 0.811336 0.437333 0.111537 0.112246 0.00164753
6 0.936049 0.561565 0.112037 0.113403 0.00164105
7 0.811617 0.810023 0.114172 0.112151 0.00163896
12 0.315677 0.0648862 0.11254 0.111766 0.00163061
4 0.439694 0.437866 0.112305 0.110969 0.00158552
13 0.68777 0.437447 0.110835 0.111506 0.00155664
10 0.936082 0.313249 0.110843 0.111445 0.00153126
0 0.813166 0.933455 0.109538 0.111608 0.00152017
0 0.688641 0.933441 0.113469 0.113478 0.00150918
7 0.563719 0.4375 0.111478 0.111708 0.00150178
7 0.688264 0.437464 0.111729 0.112681 0.00148754
1 0.315628 0.685371 0.11266 0.112358 0.00147202
11 0.936472 0.685475 0.112444 0.111467 0.0014708
2 0.563659 0.188996 0.110824 0.112403 0.00145723
1 0.936244 0.933617 0.112941 0.113216 0.00144361
9 0.936065 0.189012 0.112186 0.112685 0.00140972
2 0.439705 0.933952 0.112973 0.113078 0.0013886
11 0.811985 0.0647912 0.110825 0.113179 0.00137554
1 0.315092 0.561557 0.112292 0.112101 0.00136872
3 0.439694 0.437866 0.112305 0.110969 0.00134707
0 0.439939 0.561415 0.111884 0.112546 0.00133766
10 0.191398 0.0647044 0.111759 0.112591 0.00131612
4 0.439497 0.313326 0.11207 0.112855 0.00130639
13 0.0664931 0.189246 0.112831 0.110954 0.00129272
0 0.564244 0.933877 0.111968 0.113714 0.00128515
1 0.315199 0.809444 0.112184 0.111951 0.00125531
0 0.688243 0.561423 0.111996 0.112071 0.00124549
6 0.439785 0.933849 0.111902 0.112142 0.00122516
10 0.812483 0.313549 0.111679 0.111829 0.00122029
4 0.56395 0.809013 0.11159 0.112063 0.00120958
0 0.81304 0.0651974 0.110149 0.113031 0.00120659
4 0.0668882 0.685653 0.112108 0.112347 0.00120336
7 0.811416 0.685836 0.111791 0.113027 0.00120171
12 0.688101 0.437039 0.112304 0.111916 0.00119886
9 0.0663859 0.933922 0.115651 0.113813 0.00118471
12 0.56386 0.438213 0.113148 0.112973 0.00118177
12 0.935643 0.685662 0.111185 0.112365 0.00117775
5 0.688215 0.437323 0.111787 0.112157 0.00117169
4 0.564023 0.933838 0.111112 0.112752 0.001166
7 0.315554 0.436535 0.111822 0.111809 0.00116214
5 0.191244 0.809614 0.11242 0.111745 0.00113926
4 0.936338 0.313238 0.112304 0.112342 0.00113356
8 0.564048 0.561895 0.111253 0.111952 0.00112834
10 0.563659 0.188996 0.110824 0.112403 0.00111778
6 0.811891 0.68545 0.11194 0.11157 0.00111773
0 0.066756 0.809192 0.112411 0.112528 0.00111323
4 0.936022 0.0648132 0.112459 0.113092 0.00110761
12 0.191233 0.188841 0.111678 0.11179 0.00110734
3 0.811416 0.685836 0.111791 0.113027 0.00109723
1 0.191555 0.933408 0.111631 0.112956 0.00107489
0 0.0667138 0.685176 0.112364 0.112756 0.00106985
3 0.56422 0.437588 0.111886 0.112414 0.00106788
10 0.192048 0.809455 0.110523 0.110454 0.00106651
3 0.191494 0.561547 0.11149 0.111264 0.00106528
0 0.191667 0.561144 0.110858 0.111897 0.00106258
13 0.066355 0.31372 0.112834 0.111319 0.00105492
13 0.191398 0.0647044 0.111759 0.112591 0.00105222
7 0.811666 0.933637 0.110727 0.111815 0.00104981
7 0.439546 0.189385 0.111759 0.112068 0.00104521
11 0.439953 0.809678 0.112263 0.111953 0.0010388
0 0.315607 0.0649302 0.112246 0.112036 0.00103747
5 0.315185 0.68575 0.113459 0.111725 0.00100374
