3 0.315176 0.810099 0.114042 0.113564 0.988302
3 0.935073 0.933941 0.113993 0.113741 0.986369
13 0.811578 0.809858 0.112321 0.113552 0.986275
3 0.687195 0.934104 0.112921 0.114246 0.985761
5 0.563482 0.933828 0.111674 0.113693 0.985225
10 0.0675628 0.809708 0.113726 0.112875 0.985201
9 0.935646 0.80989 0.113285 0.112587 0.985114
9 0.191715 0.933762 0.112087 0.11283 0.984815
1 0.315415 0.933916 0.112586 0.112666 0.984754
10 0.0674927 0.561563 0.113228 0.112643 0.984091
4 0.191596 0.561509 0.112025 0.111796 0.983544
3 0.067669 0.685638 0.112354 0.112973 0.983431
11 0.190941 0.437349 0.111578 0.112559 0.983401
7 0.315352 0.560941 0.112903 0.111764 0.983378
6 0.191677 0.685402 0.110999 0.111607 0.983311
1 0.191342 0.809493 0.112098 0.112493 0.983235
6 0.687896 0.809963 0.112853 0.112532 0.983228
1 0.315446 0.685125 0.112157 0.112379 0.983071
5 0.315155 0.188793 0.112287 0.112787 0.982893
4 0.0669982 0.18905 0.112813 0.113087 0.982535
10 0.0670754 0.0648591 0.11371 0.113558 0.982313
6 0.191571 0.189009 0.111383 0.112414 0.982307
11 0.439032 0.809821 0.111214 0.113072 0.982151
7 0.439209 0.560943 0.112965 0.11212 0.98184
6 0.191676 0.0647295 0.111744 0.113125 0.981815
0 0.439663 0.933841 0.112163 0.11305 0.981757
1 0.315036 0.43723 0.112047 0.111912 0.98124
1 0.191201 0.313159 0.111918 0.111909 0.981165
2 0.0672347 0.31301 0.111889 0.111858 0.981025
3 0.935488 0.0650122 0.114457 0.11428 0.98088
12 0.0675059 0.933984 0.111976 0.11321 0.980729
3 0.439695 0.189379 0.111828 0.113545 0.980595
12 0.81195 0.685823 0.11354 0.113674 0.980593
5 0.439092 0.313125 0.111942 0.113124 0.980352
10 0.687965 0.685181 0.112432 0.113368 0.979695
4 0.687892 0.437103 0.112564 0.112664 0.979682
1 0.563481 0.43712 0.112447 0.113345 0.979532
9 0.439556 0.437134 0.111904 0.112001 0.979525
9 0.687503 0.188552 0.111911 0.113218 0.979444
11 0.563596 0.685138 0.111926 0.114218 0.979359
3 0.563553 0.561258 0.112098 0.11234 0.97918
5 0.563414 0.313068 0.111502 0.112111 0.978945
6 0.68805 0.313131 0.112191 0.112195 0.978927
10 0.936476 0.18846 0.113068 0.113701 0.978857
2 0.81225 0.0649397 0.112108 0.113302 0.978711
9 0.93637 0.561865 0.111635 0.112247 0.978649
0 0.563671 0.809559 0.111748 0.113277 0.978601
8 0.315652 0.0650401 0.110561 0.111404 0.978579
1 0.812164 0.188553 0.112745 0.112957 0.978576
0 0.811927 0.561299 0.112331 0.113 0.978565
8 0.315532 0.313045 0.112023 0.111941 0.978333
8 0.439665 0.0649364 0.110798 0.111356 0.978288
1 0.687754 0.0646424 0.112352 0.113485 0.978248
2 0.688067 0.561041 0.112703 0.113105 0.978205
0 0.936017 0.436951 0.112832 0.112393 0.978176
3 0.936468 0.313565 0.111695 0.112261 0.978077
3 0.812317 0.312743 0.11241 0.113202 0.977982
8 0.811108 0.933948 0.112361 0.112976 0.977791
8 0.43923 0.685425 0.111069 0.111493 0.977251
0 0.563165 0.065369 0.111235 0.111347 0.977194
8 0.0671827 0.43735 0.112135 0.11291 0.976918
8 0.812115 0.436982 0.112305 0.113053 0.976377
8 0.936144 0.685384 0.110981 0.111884 0.976336
8 0.563691 0.189377 0.110442 0.111758 0.97631
2 0.812146 0.436741 0.111629 0.112613 0.0157524
2 0.0668442 0.437097 0.11433 0.112569 0.0132384
2 0.315648 0.313099 0.111928 0.113233 0.0098701
2 0.563508 0.189132 0.112817 0.112945 0.00915799
2 0.439486 0.685534 0.112304 0.11287 0.00846484
3 0.936051 0.80995 0.112057 0.11351 0.0073095
2 0.935707 0.685579 0.113299 0.112815 0.0068196
2 0.315134 0.0648176 0.112184 0.112961 0.00613979
1 0.56357 0.0641707 0.111171 0.113308 0.00606023
2 0.811108 0.933948 0.112361 0.112976 0.00555437
1 0.811941 0.560943 0.11283 0.112751 0.0050922
2 0.439393 0.0648241 0.112295 0.113095 0.00502213
8 0.811725 0.064786 0.112372 0.113823 0.00443325
12 0.936051 0.80995 0.112057 0.11351 0.00432614
0 0.688047 0.188803 0.111976 0.113494 0.00402133
3 0.936156 0.561955 0.111152 0.113801 0.00396259
0 0.688082 0.0638406 0.112345 0.113248 0.00387232
11 0.315612 0.0647447 0.111925 0.112772 0.00375584
9 0.688268 0.933488 0.113396 0.112933 0.00361519
7 0.19122 0.561101 0.111486 0.111534 0.00361317
3 0.688313 0.809314 0.110954 0.111836 0.00358087
13 0.687768 0.685394 0.111929 0.11219 0.0034032
4 0.0667029 0.0645408 0.113536 0.112443 0.00335243
12 0.936156 0.561955 0.111152 0.113801 0.00324045
12 0.811628 0.313211 0.11174 0.112738 0.00322848
7 0.687665 0.437544 0.111485 0.111916 0.00322067
1 0.191325 0.561321 0.112716 0.112716 0.00302872
6 0.811542 0.685854 0.111903 0.114082 0.00300369
1 0.0673166 0.188849 0.113367 0.112893 0.00298632
1 0.6877 0.437189 0.11197 0.11281 0.00297525
12 0.687612 0.188941 0.112148 0.11239 0.00291946
2 0.688268 0.933488 0.113396 0.112933 0.00290922
12 0.439456 0.188862 0.112019 0.112606 0.00290067
8 0.688177 0.561315 0.111148 0.11223 0.00283003
12 0.439499 0.436708 0.111085 0.112741 0.00282395
12 0.936075 0.0649598 0.11315 0.112877 0.00271655
4 0.0674927 0.561563 0.113228 0.112643 0.00269684
11 0.811493 0.933886 0.112302 0.11317 0.00269588
3 0.191571 0.189009 0.111383 0.112414 0.00267255
1 0.563635 0.809465 0.111867 0.112775 0.00260662
1 0.0674232 0.313469 0.111272 0.112575 0.00257332
4 0.688202 0.685658 0.111811 0.113571 0.00252866
5 0.563802 0.685669 0.11148 0.112347 0.00251674
2 0.688146 0.0647081 0.110742 0.111983 0.00251314
12 0.93613 0.313328 0.113039 0.11336 0.0024879
4 0.936021 0.18882 0.112483 0.11379 0.00247425
1 0.688197 0.809736 0.112209 0.1129 0.0024674
11 0.439677 0.685599 0.112725 0.112614 0.00246083
6 0.0673378 0.934135 0.113592 0.114436 0.00243309
0 0.812243 0.188582 0.112624 0.113706 0.00241388
10 0.687813 0.437548 0.110404 0.114106 0.00240573
3 0.191676 0.0647295 0.111744 0.113125 0.00239135
3 0.687877 0.313569 0.111093 0.112833 0.00235384
3 0.191677 0.685402 0.110999 0.111607 0.00234937
11 0.93593 0.685622 0.112859 0.112682 0.00231547
7 0.0668909 0.188047 0.112158 0.112744 0.00230424
13 0.935842 0.188741 0.112243 0.11222 0.00227002
4 0.43974 0.561402 0.112045 0.112791 0.00221727
1 0.813049 0.0643905 0.112416 0.111942 0.00221058
9 0.811569 0.313208 0.112667 0.112682 0.00220747
2 0.6877 0.437189 0.11197 0.11281 0.00214338
11 0.439804 0.0647803 0.11225 0.113021 0.0021365
12 0.687712 0.933578 0.111579 0.112053 0.00210302
10 0.191062 0.437161 0.112183 0.113519 0.0020124
4 0.31586 0.561438 0.111542 0.112356 0.00200414
1 0.688223 0.313142 0.11117 0.113612 0.00197956
7 0.688202 0.685658 0.111811 0.113571 0.00196049
3 0.688144 0.561004 0.110939 0.112829 0.00188024
1 0.191781 0.685626 0.110936 0.112121 0.00179524
9 0.811388 0.933259 0.111233 0.11185 0.00174781
13 0.439466 0.809951 0.111611 0.11218 0.00171978
11 0.31513 0.313202 0.112076 0.111696 0.00170374
0 0.563673 0.436773 0.112472 0.113336 0.00168577
1 0.315254 0.809407 0.112296 0.112132 0.00164741
0 0.439443 0.43802 0.113464 0.114362 0.00163752
11 0.563677 0.933163 0.111713 0.113447 0.00163422
4 0.811931 0.188966 0.112228 0.112663 0.00162892
11 0.563788 0.189399 0.112216 0.11301 0.00161323
3 0.0666731 0.313118 0.112914 0.112763 0.00160402
1 0.688163 0.561275 0.11291 0.113497 0.00159783
5 0.688162 0.685404 0.111621 0.112933 0.00158121
2 0.191518 0.561317 0.112648 0.112714 0.0015622
4 0.191342 0.809493 0.112098 0.112493 0.0015123
4 0.439467 0.313277 0.111861 0.112854 0.00150652
5 0.688163 0.561275 0.11291 0.113497 0.00149566
1 0.192143 0.064681 0.112127 0.11296 0.00149201
11 0.067218 0.437195 0.112708 0.112365 0.00147083
11 0.812165 0.437414 0.112656 0.113513 0.00144953
4 0.563664 0.437212 0.112405 0.112568 0.00144561
7 0.191606 0.18909 0.11193 0.111821 0.00141771
2 0.0673166 0.188849 0.113367 0.112893 0.00140863
4 0.315446 0.685125 0.112157 0.112379 0.00140379
0 0.315494 0.933678 0.111585 0.111607 0.00137685
2 0.56371 0.93295 0.111999 0.113469 0.00137569
13 0.0667987 0.809207 0.112183 0.112244 0.00137069
4 0.0669736 0.808703 0.114464 0.113149 0.0013647
4 0.315365 0.437552 0.112606 0.113225 0.00136125
12 0.191764 0.933484 0.112753 0.11316 0.00135295
4 0.191157 0.313523 0.111968 0.112862 0.00134121
8 0.688047 0.188803 0.111976 0.113494 0.00133354
7 0.0672607 0.0648162 0.111744 0.113678 0.00133255
13 0.190941 0.437349 0.111578 0.112559 0.00132761
1 0.936419 0.313223 0.111453 0.112015 0.00132331
6 0.439781 0.560718 0.111749 0.11321 0.00132176
1 0.936307 0.0648034 0.111859 0.112415 0.00128053
10 0.439034 0.313085 0.112825 0.112478 0.0012731
0 0.191152 0.312849 0.112153 0.112758 0.00126788
5 0.688293 0.933302 0.113661 0.113145 0.0012653
1 0.563553 0.561258 0.112098 0.11234 0.00125416
1 0.192021 0.188759 0.112138 0.11267 0.00124614
5 0.811613 0.0651288 0.113078 0.112944 0.00124528
4 0.687712 0.933578 0.111579 0.112053 0.00123465
13 0.563802 0.685669 0.11148 0.112347 0.00123378
8 0.0666731 0.313118 0.112914 0.112763 0.00122922
4 0.687961 0.0649244 0.112335 0.113061 0.00122369
3 0.43913 0.437423 0.110855 0.111503 0.00121397
10 0.56336 0.685562 0.111465 0.113258 0.0012065
9 0.936133 0.313213 0.112943 0.113819 0.0011971
7 0.936042 0.187952 0.113617 0.114414 0.00119255
8 0.190649 0.436467 0.10889 0.112304 0.00118721
6 0.811628 0.313211 0.11174 0.112738 0.00118403
1 0.81144 0.313204 0.111919 0.112623 0.00116876
8 0.563519 0.684608 0.111296 0.112587 0.00116654
10 0.439032 0.809821 0.111214 0.113072 0.00114667
1 0.688042 0.933549 0.111966 0.11267 0.00114436
9 0.936073 0.0647838 0.113066 0.113476 0.00113904
13 0.0668201 0.561319 0.112166 0.112219 0.00113339
10 0.563402 0.313159 0.112666 0.112711 0.00112284
2 0.563181 0.313179 0.111768 0.112169 0.00111911
7 0.067348 0.56108 0.112313 0.11281 0.00111881
10 0.56363 0.933772 0.111373 0.112382 0.00110968
1 0.0668919 0.685211 0.112115 0.112741 0.00109358
3 0.439467 0.313277 0.111861 0.112854 0.00109271
4 0.563641 0.313267 0.111742 0.112435 0.00109013
0 0.315398 0.43725 0.11311 0.113065 0.00107332
12 0.935629 0.933956 0.112832 0.113328 0.00107089
8 0.439331 0.933804 0.111509 0.111381 0.00105669
10 0.3151 0.188769 0.112891 0.112834 0.0010421
4 0.315544 0.93374 0.111911 0.113069 0.00103424
1 0.935929 0.933717 0.112567 0.112825 0.00103349
5 0.439032 0.809821 0.111214 0.113072 0.00102627
2 0.563428 0.437215 0.111219 0.111667 0.00102554
5 0.191062 0.437161 0.112183 0.113519 0.00102178
1 0.439807 0.933752 0.111794 0.113141 0.00101863
3 0.688084 0.188893 0.113438 0.113399 0.00101739
2 0.936211 0.80979 0.11165 0.112143 0.00101449
2 0.812938 0.188473 0.111789 0.113879 0.00101358
9 0.935962 0.933643 0.113159 0.112869 0.00101164
3 0.811542 0.685854 0.111903 0.114082 0.00101148
8 0.439466 0.809951 0.111611 0.11218 0.00101106
6 0.315843 0.560593 0.111491 0.112378 0.00100846
