6 0.191482 0.93372 0.112017 0.113349 0.986587
7 0.439621 0.0649534 0.11225 0.113026 0.986424
13 0.439632 0.809738 0.112879 0.11431 0.986196
10 0.56429 0.809497 0.112225 0.113952 0.985032
8 0.0670176 0.809375 0.113125 0.112404 0.985008
2 0.43917 0.934071 0.113321 0.113897 0.9849
7 0.191451 0.68534 0.112713 0.112617 0.98444
7 0.19153 0.31364 0.112105 0.112878 0.983598
3 0.0668631 0.561553 0.112814 0.113381 0.983196
7 0.0672673 0.68553 0.113139 0.113204 0.98311
8 0.315536 0.93429 0.112214 0.112632 0.983044
11 0.315255 0.685874 0.111553 0.112277 0.982767
12 0.315527 0.810049 0.111982 0.113139 0.982721
8 0.0663823 0.18913 0.112583 0.11209 0.982681
6 0.191629 0.189211 0.112136 0.112602 0.982617
6 0.81173 0.933736 0.112746 0.114158 0.982497
10 0.315504 0.0647005 0.113083 0.113484 0.982491
8 0.563334 0.93388 0.112403 0.113964 0.98239
3 0.315195 0.313524 0.111989 0.113675 0.982335
13 0.811925 0.809797 0.113687 0.113721 0.982232
8 0.31497 0.437645 0.112239 0.111951 0.982036
10 0.191119 0.06458 0.113052 0.113419 0.981903
11 0.0665309 0.437361 0.113765 0.11346 0.981442
4 0.0676319 0.313111 0.11405 0.114948 0.981262
2 0.315131 0.561126 0.112518 0.111995 0.981156
2 0.0664831 0.0648459 0.114321 0.113905 0.981118
13 0.936412 0.933784 0.113742 0.115126 0.981114
4 0.0671056 0.933276 0.114223 0.115765 0.980995
3 0.811703 0.0650581 0.112646 0.114417 0.980938
13 0.936809 0.809297 0.113324 0.114299 0.980839
0 0.191087 0.43699 0.111791 0.111889 0.98055
1 0.315412 0.189034 0.111576 0.113068 0.980487
12 0.688208 0.809787 0.111522 0.114345 0.980168
13 0.563628 0.313503 0.112313 0.113218 0.980088
12 0.191442 0.561365 0.111837 0.113303 0.979837
4 0.812457 0.685168 0.11319 0.11435 0.979684
5 0.563428 0.188995 0.111228 0.113147 0.979535
5 0.439327 0.561197 0.111653 0.112557 0.979504
1 0.190864 0.809109 0.112888 0.111491 0.979474
1 0.439336 0.313193 0.112185 0.11308 0.979376
1 0.811962 0.437436 0.111693 0.112574 0.979238
1 0.56361 0.684728 0.112018 0.113225 0.979124
0 0.688285 0.933541 0.112251 0.112969 0.979037
1 0.811685 0.189004 0.112096 0.112242 0.97901
0 0.439059 0.685349 0.112013 0.112299 0.97899
1 0.563526 0.43724 0.11193 0.112994 0.978922
1 0.687605 0.064525 0.111828 0.113493 0.978889
10 0.688068 0.685153 0.11245 0.113478 0.978873
5 0.687539 0.561408 0.111436 0.112832 0.978706
5 0.687743 0.313115 0.111636 0.112569 0.97867
4 0.935658 0.0650721 0.113622 0.114761 0.978578
0 0.563713 0.561217 0.111284 0.113164 0.978519
0 0.439763 0.437209 0.111669 0.1131 0.978411
10 0.936629 0.685117 0.112971 0.114023 0.978206
0 0.687663 0.18902 0.111853 0.112201 0.978205
0 0.811743 0.313217 0.111528 0.11255 0.978136
0 0.687517 0.437287 0.111126 0.111809 0.978127
0 0.4396 0.188588 0.111554 0.112438 0.978107
0 0.936022 0.437041 0.11295 0.112063 0.977975
0 0.563307 0.0643177 0.111539 0.113465 0.977556
3 0.936113 0.313522 0.11233 0.112851 0.977495
6 0.935417 0.189104 0.111495 0.111144 0.977491
2 0.812271 0.561506 0.112149 0.112397 0.977399
12 0.936718 0.561093 0.112808 0.112962 0.977384
2 0.0663688 0.189265 0.113206 0.110647 0.124278
6 0.688001 0.809256 0.111427 0.112345 0.0930167
6 0.315444 0.809709 0.111348 0.11181 0.0485222
6 0.936483 0.561373 0.111769 0.112871 0.0213189
6 0.191318 0.561396 0.111256 0.112098 0.0154135
0 0.688002 0.0637493 0.111345 0.113578 0.0108717
2 0.0668083 0.808931 0.11348 0.111533 0.0100166
5 0.811501 0.561467 0.113172 0.111837 0.00657817
0 0.812003 0.437718 0.111409 0.112585 0.00617197
11 0.686729 0.313708 0.109982 0.110861 0.00436724
12 0.811377 0.809893 0.111484 0.111836 0.00419733
1 0.439381 0.189162 0.111935 0.112739 0.00408363
9 0.811316 0.0645946 0.112425 0.113195 0.00402977
4 0.688246 0.685513 0.11245 0.114108 0.00398256
0 0.811626 0.18899 0.112 0.11347 0.0039057
11 0.68811 0.561568 0.110607 0.112493 0.00377445
5 0.315004 0.685798 0.111703 0.112637 0.00365598
2 0.563682 0.933782 0.112436 0.113815 0.00362032
7 0.811631 0.684827 0.113019 0.115381 0.0035417
2 0.315594 0.436906 0.112196 0.11382 0.0034601
3 0.935929 0.18922 0.113079 0.113547 0.00328685
1 0.811825 0.3126 0.110847 0.112179 0.00328517
4 0.564018 0.684836 0.111456 0.111301 0.00322617
12 0.564299 0.809282 0.111601 0.112502 0.00306029
1 0.936152 0.0650205 0.112847 0.115325 0.00301802
7 0.0667643 0.313505 0.113825 0.113563 0.00297742
2 0.688134 0.561336 0.111213 0.111723 0.0028144
3 0.812129 0.933383 0.112022 0.11418 0.00280691
0 0.314893 0.438048 0.111737 0.112055 0.00274398
1 0.563645 0.0636077 0.110473 0.113123 0.00270979
0 0.439403 0.31309 0.111088 0.113216 0.00269916
12 0.688228 0.68526 0.111547 0.112319 0.00263124
4 0.191729 0.0646918 0.112817 0.114251 0.00263
5 0.564299 0.809282 0.111601 0.112502 0.00261767
12 0.936144 0.809669 0.111763 0.113266 0.00261472
7 0.936161 0.56128 0.110229 0.113737 0.00261349
11 0.563921 0.934235 0.112383 0.113742 0.00258535
2 0.563547 0.684264 0.11108 0.111969 0.002433
1 0.687871 0.436618 0.11209 0.112464 0.00242517
1 0.68796 0.933547 0.112043 0.112415 0.00241542
0 0.315412 0.189034 0.111576 0.113068 0.00236955
2 0.688122 0.313465 0.112756 0.112715 0.00236894
11 0.688228 0.68526 0.111547 0.112319 0.002331
4 0.564025 0.436417 0.111632 0.112536 0.00232179
2 0.688001 0.064806 0.111185 0.112431 0.00232083
5 0.688228 0.68526 0.111547 0.112319 0.00229349
8 0.813068 0.561523 0.108762 0.111397 0.0022552
13 0.687859 0.685239 0.111238 0.112037 0.00223468
7 0.811695 0.932978 0.111733 0.112081 0.00218955
1 0.0673694 0.313281 0.113873 0.113834 0.00218883
7 0.191125 0.560986 0.111812 0.111963 0.0021859
3 0.315167 0.560783 0.11311 0.111734 0.00218275
5 0.315434 0.561061 0.111663 0.11275 0.00216727
12 0.439804 0.810009 0.112116 0.112317 0.00213694
3 0.191606 0.189411 0.11206 0.112674 0.00212373
7 0.0666656 0.934219 0.114676 0.115232 0.00212325
1 0.439945 0.437137 0.111733 0.112514 0.00203814
1 0.811501 0.561467 0.113172 0.111837 0.00197682
0 0.191259 0.809169 0.111236 0.112687 0.00197089
1 0.812369 0.685335 0.113518 0.113955 0.00195465
1 0.56396 0.560917 0.111581 0.112536 0.0019541
7 0.440662 0.809695 0.112569 0.114136 0.00193628
4 0.0668504 0.68533 0.114395 0.113048 0.00191789
12 0.811343 0.0646844 0.112323 0.113141 0.00191477
10 0.687395 0.56132 0.111218 0.111807 0.00185782
5 0.191158 0.0644974 0.11302 0.113795 0.00177192
10 0.19129 0.31364 0.111761 0.113365 0.00175143
7 0.688246 0.685513 0.11245 0.114108 0.00173226
7 0.935476 0.189268 0.113216 0.113012 0.0017294
2 0.315536 0.93429 0.112214 0.112632 0.00172676
4 0.811189 0.189429 0.112366 0.112699 0.00171399
1 0.315554 0.561044 0.112589 0.112576 0.00170987
1 0.439554 0.684968 0.112009 0.112653 0.00169937
4 0.564087 0.809203 0.112239 0.113854 0.00165696
10 0.93583 0.933512 0.111917 0.112135 0.00165154
3 0.811582 0.561778 0.112174 0.111619 0.00160975
1 0.687942 0.188447 0.110769 0.112143 0.0015845
1 0.439856 0.934003 0.113424 0.113441 0.00157875
4 0.191468 0.313351 0.111974 0.112555 0.00156134
7 0.935129 0.0647117 0.111645 0.112595 0.00154779
3 0.191482 0.93372 0.112017 0.113349 0.00154301
11 0.439467 0.560866 0.111168 0.111447 0.00152187
6 0.936879 0.313389 0.113198 0.115136 0.00149651
5 0.066414 0.313268 0.113348 0.113734 0.00149382
13 0.191497 0.0642764 0.112466 0.112519 0.00149092
9 0.936173 0.437387 0.112382 0.112185 0.00147449
4 0.688001 0.809256 0.111427 0.112345 0.00144478
12 0.936271 0.313291 0.112362 0.11443 0.00143378
12 0.439779 0.436834 0.111501 0.111831 0.00142584
12 0.935647 0.934065 0.112136 0.112953 0.00142222
11 0.564299 0.809282 0.111601 0.112502 0.0014075
5 0.0661507 0.437726 0.113216 0.114335 0.00140158
4 0.315444 0.809709 0.111348 0.11181 0.00136742
5 0.936386 0.685171 0.112175 0.11251 0.00135475
1 0.0667917 0.934236 0.115018 0.11539 0.00133911
10 0.439146 0.561199 0.111359 0.111838 0.00133871
2 0.439696 0.561175 0.111951 0.11244 0.0013387
3 0.936523 0.560966 0.11187 0.11351 0.00133171
5 0.439876 0.934455 0.113329 0.113197 0.00133063
1 0.0669884 0.0646645 0.113716 0.113023 0.00132331
9 0.935913 0.933803 0.113943 0.113997 0.00129161
4 0.812129 0.933383 0.112022 0.11418 0.00128163
12 0.563756 0.560948 0.11222 0.112374 0.00127224
0 0.563871 0.437421 0.110973 0.113324 0.00127214
1 0.190962 0.437348 0.112026 0.112199 0.00126641
4 0.315546 0.0648438 0.11278 0.114518 0.00126591
13 0.936063 0.685481 0.111843 0.112888 0.00126412
4 0.191451 0.68534 0.112713 0.112617 0.00124685
3 0.68828 0.809596 0.111642 0.112188 0.00124629
12 0.0666903 0.934105 0.113298 0.11443 0.00124461
10 0.812286 0.68534 0.112999 0.113299 0.00123634
0 0.56329 0.685001 0.110701 0.112113 0.00122183
10 0.688122 0.313465 0.112756 0.112715 0.00122001
12 0.4396 0.188588 0.111554 0.112438 0.00121766
12 0.191426 0.685319 0.111548 0.112674 0.00119395
12 0.811695 0.932978 0.111733 0.112081 0.00119338
4 0.315533 0.189086 0.111656 0.112689 0.00119159
10 0.0678437 0.43793 0.113944 0.111672 0.00117523
9 0.935955 0.312911 0.111712 0.113599 0.00117241
3 0.0660894 0.064886 0.11457 0.112646 0.00116997
12 0.563645 0.0636077 0.110473 0.113123 0.00115183
0 0.0669938 0.808982 0.111763 0.111503 0.00114288
12 0.936404 0.685391 0.113412 0.112913 0.00112863
11 0.56352 0.189192 0.112971 0.113849 0.00110546
7 0.191146 0.0647079 0.112695 0.114698 0.00110463
11 0.0677405 0.809471 0.113283 0.114388 0.00109938
6 0.0666903 0.934105 0.113298 0.11443 0.00109429
1 0.81088 0.0652449 0.112367 0.112862 0.00109405
10 0.563162 0.189279 0.111296 0.112327 0.00108749
12 0.315292 0.313412 0.112354 0.112638 0.00106879
11 0.316225 0.934313 0.112569 0.113372 0.00106408
6 0.315701 0.313472 0.112833 0.113135 0.00105844
1 0.0662495 0.561518 0.112875 0.112296 0.00105076
4 0.936689 0.313345 0.113181 0.114724 0.00104206
4 0.191423 0.808919 0.111256 0.111232 0.00103626
11 0.935913 0.933803 0.113943 0.113997 0.0010144
3 0.563756 0.684753 0.110985 0.112408 0.00101389
7 0.68684 0.810686 0.110988 0.111632 0.00101215
5 0.812286 0.68534 0.112999 0.113299 0.00101094
5 0.06644 0.065075 0.112529 0.11103 0.00100705
