4 0.191486 0.80905 0.111428 0.112088 0.986632
8 0.4395 0.933834 0.112306 0.113711 0.986467
13 0.93614 0.93386 0.112303 0.112186 0.986076
13 0.315563 0.809263 0.110629 0.111857 0.986069
5 0.935099 0.0655925 0.11272 0.112437 0.985966
11 0.315215 0.933993 0.111395 0.112054 0.985366
10 0.0671656 0.809528 0.112908 0.112144 0.985053
4 0.56364 0.809774 0.111723 0.112869 0.985023
13 0.563457 0.933748 0.112332 0.113777 0.98501
5 0.811889 0.934354 0.11249 0.113234 0.984691
12 0.687961 0.93396 0.11091 0.11313 0.984644
9 0.439067 0.0648249 0.111297 0.112523 0.984587
2 0.315449 0.685347 0.112514 0.11236 0.98458
7 0.0672884 0.685668 0.112535 0.112056 0.983883
6 0.315083 0.0649641 0.111432 0.112569 0.983877
3 0.563084 0.0651436 0.111477 0.112495 0.983732
9 0.191253 0.313351 0.112204 0.112317 0.983374
4 0.936442 0.809615 0.112874 0.112014 0.983364
10 0.191827 0.188795 0.112966 0.112094 0.983105
7 0.315499 0.313413 0.112122 0.111627 0.983075
9 0.066973 0.561435 0.112745 0.113101 0.982947
5 0.190692 0.0653853 0.110983 0.111608 0.982903
3 0.563479 0.685708 0.111864 0.111662 0.982823
5 0.315701 0.18961 0.111876 0.112916 0.98279
1 0.439324 0.809562 0.112835 0.113426 0.982637
11 0.687417 0.0657405 0.112464 0.113032 0.982606
4 0.0672649 0.0650686 0.113879 0.113155 0.982423
2 0.687661 0.809648 0.112087 0.112866 0.982391
3 0.3153 0.437353 0.11202 0.112853 0.982351
4 0.439372 0.31301 0.113366 0.113035 0.982263
12 0.0671912 0.437296 0.112205 0.112201 0.982072
0 0.811918 0.809215 0.112335 0.112907 0.981738
1 0.191512 0.561582 0.111643 0.112212 0.98166
13 0.439471 0.189354 0.113253 0.112476 0.98138
12 0.0673917 0.933683 0.112219 0.113465 0.981011
7 0.439469 0.561766 0.113276 0.112927 0.980865
6 0.563416 0.189353 0.111192 0.112991 0.980856
1 0.0674077 0.188594 0.112356 0.11313 0.980751
2 0.191291 0.685387 0.111854 0.112024 0.980648
0 0.315404 0.561423 0.112047 0.112004 0.980567
0 0.19157 0.933591 0.110967 0.11202 0.980324
0 0.191189 0.43743 0.11173 0.111709 0.980233
8 0.935426 0.189101 0.111909 0.113364 0.979802
3 0.439317 0.437398 0.111639 0.112226 0.979573
3 0.687899 0.189084 0.111915 0.112128 0.97938
13 0.563459 0.313539 0.112268 0.112624 0.979285
11 0.687934 0.685076 0.112448 0.112228 0.979239
6 0.564122 0.561417 0.112583 0.112612 0.979227
1 0.687666 0.560839 0.112798 0.113527 0.979186
9 0.811479 0.31352 0.111595 0.11141 0.97918
11 0.812067 0.685028 0.112927 0.113217 0.979083
6 0.564006 0.437319 0.112788 0.112658 0.978946
0 0.0671903 0.312888 0.111795 0.113542 0.978793
2 0.811548 0.188813 0.111616 0.111949 0.978593
0 0.439074 0.685413 0.111691 0.111934 0.978322
8 0.687886 0.313216 0.112371 0.112726 0.978205
0 0.936012 0.436977 0.113114 0.112641 0.978136
0 0.812319 0.560904 0.11161 0.113032 0.978112
3 0.935934 0.685606 0.11149 0.112593 0.978094
2 0.935993 0.561693 0.112008 0.112563 0.978049
1 0.812243 0.436834 0.112298 0.112112 0.978041
0 0.687831 0.436987 0.111549 0.112092 0.978028
11 0.935891 0.312893 0.113358 0.112981 0.977996
0 0.811877 0.0648803 0.111799 0.112848 0.977142
1 0.0667083 0.312526 0.11244 0.11197 0.00953113
2 0.688179 0.31318 0.112164 0.113061 0.00847278
5 0.812015 0.685491 0.112217 0.1123 0.00545401
9 0.439517 0.436631 0.111704 0.112244 0.0054522
9 0.686665 0.189678 0.111138 0.112184 0.0048548
2 0.935335 0.18932 0.113085 0.113475 0.00462821
8 0.81132 0.684944 0.112121 0.111761 0.00450907
9 0.315712 0.436652 0.111964 0.112408 0.00438136
12 0.563896 0.31357 0.110525 0.111258 0.00427482
1 0.688189 0.809624 0.112855 0.113565 0.00388059
1 0.68799 0.436319 0.111786 0.111443 0.00364855
11 0.811465 0.933836 0.11327 0.111258 0.00353437
12 0.315735 0.313596 0.112323 0.11262 0.00345417
5 0.688093 0.685547 0.112122 0.111769 0.0034045
12 0.81227 0.31343 0.111264 0.112246 0.0033259
1 0.439436 0.313026 0.112459 0.112694 0.00332195
3 0.563818 0.189017 0.111738 0.112257 0.00320233
10 0.935493 0.0652386 0.111376 0.11181 0.00302952
3 0.688198 0.80918 0.111547 0.113148 0.00302148
10 0.688428 0.685139 0.110969 0.111229 0.00291484
7 0.0666577 0.0649806 0.113071 0.112364 0.00290962
3 0.812208 0.189606 0.111225 0.112208 0.00288471
5 0.687789 0.0645947 0.111492 0.113529 0.0028451
1 0.563528 0.809014 0.111474 0.112539 0.00283261
0 0.812275 0.436249 0.111764 0.111501 0.00282706
12 0.439458 0.188784 0.11168 0.112224 0.00278892
10 0.688206 0.0650537 0.111941 0.112163 0.00277142
0 0.813051 0.313695 0.110469 0.112389 0.00272793
1 0.812308 0.0642843 0.110854 0.112879 0.0026623
1 0.812156 0.560261 0.111651 0.111977 0.00263146
3 0.315083 0.0649641 0.111432 0.112569 0.00255857
2 0.439963 0.933846 0.112842 0.113963 0.00250096
2 0.936695 0.809617 0.112581 0.113556 0.00249263
1 0.0672649 0.0650686 0.113879 0.113155 0.00246008
3 0.315449 0.685347 0.112514 0.11236 0.00241462
6 0.687662 0.933681 0.110964 0.112486 0.00241127
6 0.0673917 0.933683 0.112219 0.113465 0.00238546
10 0.191193 0.064897 0.111468 0.111598 0.00238293
3 0.564122 0.561256 0.11164 0.11248 0.00236553
12 0.93598 0.686123 0.110744 0.112907 0.0023139
9 0.81132 0.684944 0.112121 0.111761 0.00228426
1 0.936308 0.561386 0.112563 0.113468 0.00226927
9 0.936975 0.685654 0.112998 0.112611 0.00226045
1 0.439532 0.685264 0.111738 0.112239 0.00223277
0 0.688218 0.560617 0.11186 0.111635 0.00223049
7 0.43958 0.313105 0.111851 0.111934 0.00220794
2 0.68804 0.56066 0.112592 0.113792 0.00215695
2 0.56364 0.809774 0.111723 0.112869 0.00211335
10 0.812203 0.685114 0.112464 0.112897 0.00207048
2 0.439734 0.313053 0.112112 0.113637 0.0020464
9 0.564367 0.685435 0.112703 0.112733 0.00203952
12 0.440052 0.561375 0.111924 0.113545 0.00203407
1 0.315628 0.685139 0.112746 0.112516 0.00198258
3 0.564077 0.437572 0.111782 0.11203 0.00196738
1 0.812176 0.188616 0.112221 0.112979 0.00195565
0 0.191312 0.313545 0.112705 0.11201 0.00194484
2 0.813171 0.933061 0.113476 0.115367 0.00194412
1 0.936695 0.809617 0.112581 0.113556 0.00193702
7 0.56417 0.561341 0.111405 0.11192 0.00190919
1 0.191288 0.436976 0.112008 0.112361 0.00187115
8 0.688204 0.809682 0.111745 0.112557 0.00186707
4 0.688198 0.80918 0.111547 0.113148 0.00179765
1 0.191332 0.685163 0.112333 0.11225 0.00179636
10 0.936067 0.933243 0.111339 0.11147 0.00179317
5 0.811405 0.188875 0.11332 0.112695 0.00176801
9 0.687807 0.685335 0.111434 0.11186 0.00176007
3 0.191352 0.685426 0.112742 0.112135 0.00175188
2 0.0666577 0.0649806 0.113071 0.112364 0.00174064
12 0.0674784 0.561169 0.112226 0.113916 0.00169393
3 0.813047 0.31301 0.111146 0.111436 0.00165943
2 0.19149 0.809613 0.11221 0.11229 0.00164833
12 0.439234 0.436561 0.111411 0.110964 0.00163912
8 0.688247 0.684755 0.11268 0.112373 0.00163693
12 0.935844 0.933853 0.111707 0.112872 0.00162204
0 0.688178 0.313532 0.113204 0.114379 0.00158527
1 0.191661 0.809679 0.112034 0.112182 0.00157809
7 0.936442 0.809615 0.112874 0.112014 0.00156769
12 0.191435 0.313514 0.112323 0.112378 0.00156121
5 0.935393 0.313653 0.11315 0.112447 0.00151379
8 0.81143 0.313403 0.111223 0.112663 0.00148762
10 0.936256 0.313202 0.11414 0.113034 0.00148376
5 0.315537 0.933979 0.113074 0.113531 0.00147658
10 0.563481 0.313761 0.111866 0.113131 0.00146338
12 0.439584 0.064684 0.11305 0.111854 0.00145948
4 0.439559 0.809471 0.1125 0.113556 0.00142701
8 0.81151 0.188563 0.112265 0.113731 0.00142604
12 0.563875 0.933776 0.111503 0.112263 0.0014201
1 0.315373 0.561133 0.111845 0.112436 0.00140422
5 0.191248 0.809695 0.112477 0.111789 0.00138073
12 0.688251 0.189201 0.113207 0.112286 0.00136956
7 0.19149 0.809613 0.11221 0.11229 0.0013632
10 0.314792 0.18894 0.111753 0.112213 0.00135946
8 0.315565 0.933942 0.111598 0.11272 0.00135638
11 0.93614 0.93386 0.112303 0.112186 0.00135179
4 0.0672884 0.685668 0.112535 0.112056 0.00131089
4 0.191512 0.561582 0.111643 0.112212 0.00129456
0 0.0674784 0.561169 0.112226 0.113916 0.00128783
3 0.936226 0.561127 0.112333 0.111909 0.00128315
9 0.686682 0.064671 0.111236 0.112884 0.00128285
5 0.688189 0.809624 0.112855 0.113565 0.00124823
12 0.315402 0.436576 0.111874 0.11115 0.00123681
0 0.0670075 0.188507 0.112461 0.112589 0.00123273
4 0.687902 0.560405 0.112488 0.112818 0.00122901
11 0.935624 0.0650415 0.113503 0.11294 0.00122413
2 0.688221 0.189352 0.111962 0.112655 0.00121869
6 0.315808 0.313645 0.11257 0.112175 0.00120978
6 0.440054 0.561343 0.111675 0.112312 0.00120399
5 0.0666611 0.0653901 0.112649 0.111593 0.00119878
5 0.688251 0.189201 0.113207 0.112286 0.00118783
0 0.9355 0.188971 0.111856 0.111843 0.00118281
8 0.936226 0.561127 0.112333 0.111909 0.00117864
0 0.191422 0.561212 0.112013 0.112643 0.00117583
8 0.935603 0.312564 0.113341 0.112545 0.00116575
13 0.191083 0.189209 0.112596 0.112102 0.00116312
5 0.935884 0.56137 0.113342 0.113762 0.00114306
7 0.315563 0.809263 0.110629 0.111857 0.00114084
1 0.563991 0.685454 0.112006 0.112218 0.00112688
10 0.81156 0.93377 0.11209 0.112402 0.00112338
10 0.439283 0.189296 0.111524 0.112441 0.00111733
6 0.563819 0.809316 0.111905 0.112619 0.00110077
12 0.315291 0.809487 0.111867 0.112035 0.00109966
1 0.315651 0.437541 0.112567 0.112614 0.00109755
0 0.439559 0.809471 0.1125 0.113556 0.00109274
0 0.68837 0.933408 0.112984 0.112742 0.0010924
4 0.439787 0.561564 0.112045 0.112247 0.00108172
12 0.0670797 0.685556 0.113077 0.113891 0.00107522
4 0.0670121 0.18939 0.112428 0.113089 0.00106528
10 0.315565 0.933942 0.111598 0.11272 0.00106458
1 0.564145 0.43714 0.111278 0.112013 0.00106368
11 0.440115 0.933901 0.112304 0.112295 0.00105435
7 0.564077 0.437572 0.111782 0.11203 0.00104795
3 0.0674784 0.561169 0.112226 0.113916 0.00104746
9 0.93599 0.437408 0.112273 0.11257 0.00104573
4 0.812275 0.436249 0.111764 0.111501 0.00103502
4 0.812208 0.189606 0.111225 0.112208 0.00103485
5 0.936322 0.809529 0.112884 0.111913 0.00102604
9 0.563704 0.0651278 0.110959 0.112174 0.00101604
