9 0.315164 0.809375 0.112056 0.112222 0.987055
9 0.191516 0.685426 0.11169 0.112267 0.986914
13 0.315705 0.933946 0.112174 0.113363 0.986351
13 0.439614 0.809892 0.112918 0.114122 0.985955
9 0.0671127 0.685591 0.113146 0.113246 0.985881
5 0.93581 0.934055 0.112557 0.113098 0.985475
9 0.687761 0.809625 0.111023 0.112704 0.985171
5 0.192036 0.933741 0.112251 0.113918 0.98464
3 0.439213 0.685457 0.112396 0.112235 0.984363
2 0.0671176 0.809765 0.113045 0.113267 0.984353
3 0.811719 0.933945 0.112606 0.114701 0.984215
12 0.439595 0.934156 0.111935 0.114368 0.983801
8 0.563305 0.934082 0.111548 0.113154 0.983799
3 0.0670024 0.31356 0.112628 0.113476 0.983665
7 0.191401 0.189493 0.112115 0.112467 0.983371
10 0.687923 0.933996 0.112588 0.114401 0.98316
3 0.190528 0.0649737 0.111941 0.112519 0.983096
1 0.0668693 0.934252 0.112358 0.112681 0.983019
12 0.564132 0.809871 0.11147 0.114046 0.982785
13 0.315822 0.31345 0.111714 0.112453 0.98277
13 0.811779 0.809698 0.113473 0.113696 0.982744
10 0.315208 0.437313 0.113215 0.112509 0.982693
13 0.316006 0.0644031 0.112478 0.113677 0.982513
13 0.0675365 0.189206 0.112092 0.11214 0.982512
4 0.191513 0.809557 0.111922 0.112289 0.982393
7 0.687893 0.0652613 0.112228 0.11375 0.982349
6 0.191374 0.313485 0.11202 0.112947 0.982289
6 0.93656 0.809737 0.11256 0.113342 0.982287
10 0.0673883 0.561419 0.11367 0.113472 0.982142
3 0.562946 0.189459 0.111214 0.112935 0.982014
12 0.315615 0.68556 0.111571 0.112844 0.981866
9 0.687823 0.68537 0.11121 0.111842 0.981728
4 0.0674509 0.437064 0.113656 0.113965 0.98169
2 0.191188 0.561581 0.111631 0.111807 0.981674
3 0.191431 0.437712 0.1116 0.113627 0.98148
13 0.936001 0.685426 0.112975 0.113529 0.981122
6 0.563458 0.0651235 0.112227 0.114163 0.981091
4 0.067567 0.0647981 0.113662 0.114726 0.981075
8 0.314827 0.189372 0.111769 0.111313 0.980932
7 0.439408 0.56151 0.113235 0.11223 0.980918
2 0.314993 0.561359 0.112592 0.111724 0.980724
12 0.564185 0.685409 0.110908 0.113007 0.980032
9 0.68766 0.313634 0.112013 0.112107 0.97971
5 0.563561 0.437407 0.111849 0.11201 0.979568
10 0.563805 0.313089 0.112698 0.114452 0.979418
7 0.564103 0.561319 0.112628 0.114048 0.979328
6 0.439474 0.313102 0.112706 0.11333 0.979312
1 0.811775 0.68546 0.112994 0.112917 0.979126
9 0.811776 0.313044 0.112086 0.112974 0.978993
4 0.935908 0.0650694 0.11305 0.113978 0.978936
11 0.687647 0.188946 0.111909 0.113473 0.978823
3 0.687915 0.561556 0.112713 0.113045 0.978806
12 0.439895 0.437342 0.112515 0.112 0.978799
12 0.439715 0.188557 0.112682 0.112794 0.978783
6 0.812208 0.56159 0.112656 0.112774 0.978669
11 0.936005 0.189197 0.111126 0.111735 0.978504
7 0.811941 0.189169 0.112838 0.113143 0.978448
12 0.81221 0.0644302 0.112425 0.113361 0.978138
4 0.936519 0.312705 0.113844 0.114286 0.978111
6 0.936565 0.561295 0.113462 0.112192 0.97798
3 0.936593 0.436972 0.113148 0.113872 0.977733
8 0.812082 0.437209 0.112239 0.11258 0.977691
2 0.439317 0.0645591 0.111698 0.112667 0.977498
8 0.687821 0.437335 0.111975 0.11211 0.977118
6 0.56384 0.809337 0.111065 0.112458 0.0418316
6 0.439388 0.933756 0.111289 0.112908 0.0254379
6 0.315643 0.685477 0.111436 0.112093 0.0232983
6 0.563861 0.685103 0.110826 0.11203 0.0168409
10 0.191859 0.933716 0.111774 0.111861 0.0115837
6 0.4398 0.437665 0.112746 0.113185 0.00978274
12 0.68818 0.685363 0.111716 0.111467 0.00641939
6 0.439603 0.189139 0.111359 0.113126 0.00618439
2 0.812226 0.436605 0.112044 0.111205 0.00593147
2 0.688053 0.436749 0.112148 0.111409 0.00586047
7 0.0679216 0.189031 0.11213 0.112493 0.00554598
5 0.687759 0.189787 0.112351 0.113019 0.00545575
6 0.811669 0.0651026 0.113002 0.114055 0.00519765
3 0.191085 0.560826 0.112645 0.111216 0.00497494
12 0.812091 0.31347 0.111156 0.112578 0.00461484
12 0.687848 0.933747 0.112068 0.113507 0.00461025
12 0.688078 0.313304 0.111942 0.11338 0.00444201
9 0.81138 0.933821 0.112146 0.112993 0.00396853
12 0.811404 0.189089 0.112499 0.113352 0.00390143
12 0.688146 0.809598 0.111229 0.111671 0.00375556
7 0.811503 0.0641957 0.111392 0.113087 0.00355711
11 0.563295 0.436531 0.111346 0.110318 0.0035038
2 0.563444 0.933826 0.111336 0.112432 0.00342871
11 0.811379 0.43681 0.110182 0.112213 0.00341601
12 0.191897 0.0645396 0.11138 0.112426 0.00338534
1 0.936315 0.0649123 0.11241 0.114676 0.00328499
7 0.0666563 0.0650605 0.11401 0.113691 0.00323055
3 0.936706 0.808957 0.111745 0.113249 0.00322507
3 0.19117 0.313363 0.110492 0.112822 0.00315222
0 0.688078 0.313304 0.111942 0.11338 0.00314984
2 0.315116 0.188773 0.111636 0.111818 0.00310016
1 0.936412 0.312981 0.113201 0.114251 0.00303245
5 0.687848 0.933747 0.112068 0.113507 0.00302066
5 0.315349 0.561319 0.111337 0.112336 0.00300817
11 0.687848 0.933747 0.112068 0.113507 0.0029778
0 0.688146 0.809598 0.111229 0.111671 0.0029541
12 0.811241 0.809997 0.111858 0.112794 0.00293393
10 0.935634 0.933561 0.112057 0.111983 0.00280325
13 0.687848 0.933747 0.112068 0.113507 0.00280267
1 0.0667123 0.437407 0.114846 0.113562 0.00272954
12 0.811413 0.933894 0.111762 0.113568 0.00272846
3 0.315038 0.561004 0.112658 0.111588 0.00269012
12 0.936014 0.437527 0.111871 0.112183 0.00264474
0 0.68818 0.685363 0.111716 0.111467 0.0025646
7 0.316067 0.0647159 0.112091 0.113319 0.00256445
8 0.811401 0.312992 0.111328 0.112865 0.00252957
12 0.191654 0.437719 0.111444 0.111984 0.00248476
0 0.81211 0.685439 0.111096 0.11212 0.00246027
12 0.686735 0.0648839 0.109491 0.112438 0.00240378
5 0.191287 0.561152 0.111546 0.112368 0.00236138
0 0.811434 0.438009 0.110405 0.111952 0.00231498
7 0.316654 0.933921 0.111201 0.113369 0.00226726
0 0.687339 0.43806 0.110843 0.11188 0.00221844
12 0.68765 0.56127 0.111365 0.112575 0.00220466
3 0.439527 0.313373 0.111399 0.113596 0.00220381
3 0.0664318 0.809171 0.113874 0.112191 0.00217372
1 0.0673265 0.0648405 0.113507 0.114521 0.00214739
10 0.935546 0.684992 0.111654 0.112244 0.00213686
5 0.439807 0.0642291 0.110843 0.110937 0.00212575
7 0.440644 0.809864 0.112554 0.113796 0.0021226
4 0.688128 0.561381 0.110993 0.113268 0.0020844
7 0.0665876 0.437453 0.113552 0.112843 0.00208332
4 0.688314 0.933733 0.11418 0.115816 0.00207147
4 0.315259 0.437394 0.112716 0.113767 0.0020546
12 0.564396 0.561198 0.111253 0.113757 0.0020505
3 0.812387 0.561534 0.111589 0.112963 0.00204926
0 0.813035 0.313321 0.110965 0.112179 0.00196594
3 0.93659 0.56104 0.112209 0.113058 0.00192516
6 0.191571 0.437981 0.113844 0.113636 0.00191359
12 0.315657 0.809643 0.111994 0.111809 0.00190883
7 0.688314 0.933733 0.11418 0.115816 0.00189108
10 0.0667168 0.188949 0.114591 0.112823 0.00187831
2 0.688153 0.561754 0.11059 0.111516 0.00186914
6 0.688153 0.561754 0.11059 0.111516 0.00186708
11 0.0667168 0.188949 0.114591 0.112823 0.00184949
3 0.687823 0.68537 0.11121 0.111842 0.00183794
11 0.191881 0.933632 0.111594 0.111668 0.00182582
3 0.563458 0.0651235 0.112227 0.114163 0.00181027
5 0.935655 0.189566 0.1131 0.113813 0.00180119
7 0.935443 0.0647294 0.1112 0.112364 0.00176919
4 0.811649 0.189617 0.11401 0.113656 0.00165913
1 0.439593 0.0640569 0.111464 0.113735 0.00165674
11 0.687877 0.438176 0.112094 0.112139 0.00157525
6 0.0673732 0.313506 0.113469 0.113598 0.00156961
7 0.564017 0.0651846 0.112778 0.114165 0.00156896
10 0.686739 0.189146 0.112775 0.111573 0.00156124
3 0.812144 0.313495 0.111202 0.112743 0.00154775
1 0.315496 0.561371 0.112381 0.112405 0.0015379
4 0.81166 0.685196 0.112213 0.11221 0.00150713
12 0.439857 0.56115 0.111506 0.113663 0.00150483
5 0.0674485 0.809831 0.113914 0.114145 0.00149202
4 0.688145 0.0649079 0.111246 0.111801 0.00148384
4 0.563448 0.189346 0.111642 0.111591 0.00146207
11 0.563973 0.934106 0.111963 0.113153 0.00145133
3 0.688126 0.313429 0.113198 0.113503 0.00144675
12 0.43977 0.810095 0.112172 0.11246 0.00144314
7 0.935518 0.313058 0.11118 0.112132 0.00143442
6 0.811348 0.188891 0.113021 0.113103 0.00143246
4 0.0674858 0.561284 0.112656 0.113611 0.00143096
1 0.191404 0.561222 0.111865 0.112281 0.00140214
13 0.811418 0.064767 0.112266 0.113003 0.00140086
12 0.191399 0.685046 0.111448 0.111339 0.001397
1 0.191412 0.809764 0.113333 0.113272 0.00138427
3 0.687761 0.809625 0.111023 0.112704 0.00136988
12 0.563927 0.313573 0.11283 0.113073 0.00136397
7 0.315757 0.437946 0.113029 0.113068 0.00134609
7 0.191154 0.809576 0.112458 0.112721 0.00131461
12 0.0671185 0.685307 0.112324 0.113682 0.00130086
4 0.191167 0.189333 0.112347 0.111791 0.00129838
7 0.811381 0.561537 0.111771 0.113254 0.00129498
6 0.688117 0.0649043 0.111426 0.113248 0.0012862
5 0.0666012 0.0651019 0.11356 0.113077 0.00126909
6 0.439816 0.561117 0.111946 0.11264 0.00125836
12 0.563016 0.189252 0.111096 0.11219 0.00125195
4 0.56384 0.809337 0.111065 0.112458 0.00123736
11 0.315042 0.18932 0.112237 0.112125 0.00123632
4 0.563653 0.313499 0.112455 0.113684 0.00120677
4 0.564235 0.561243 0.112702 0.11376 0.00118918
7 0.191508 0.313716 0.11231 0.112215 0.00118165
1 0.687837 0.561502 0.112195 0.112753 0.00116362
4 0.936014 0.437527 0.111871 0.112183 0.00115279
10 0.315306 0.31311 0.112583 0.112985 0.00114898
0 0.066776 0.934269 0.113317 0.113423 0.00114842
4 0.439941 0.561691 0.112889 0.113284 0.00114767
6 0.936732 0.437972 0.112597 0.113849 0.0011455
10 0.316014 0.934174 0.111471 0.112034 0.0011436
5 0.0666063 0.561256 0.112333 0.111995 0.00114119
12 0.315275 0.313282 0.111527 0.111676 0.00113786
10 0.563574 0.43735 0.112082 0.11198 0.00113629
8 0.686801 0.312927 0.111826 0.111658 0.00113078
3 0.315164 0.809375 0.112056 0.112222 0.00111352
4 0.191032 0.43738 0.11178 0.112452 0.00111183
7 0.439691 0.436684 0.111719 0.11222 0.00110916
9 0.191587 0.560933 0.110373 0.111142 0.00109752
7 0.315822 0.31345 0.111714 0.112453 0.0010943
4 0.191897 0.0645396 0.11138 0.112426 0.00108851
10 0.315041 0.0646004 0.112829 0.113392 0.00107943
8 0.688087 0.188991 0.113032 0.114021 0.00106789
1 0.0671945 0.809725 0.113091 0.112032 0.00106631
13 0.3151 0.437304 0.112156 0.112426 0.00105198
9 0.315306 0.31311 0.112583 0.112985 0.00105023
10 0.688117 0.0649043 0.111426 0.113248 0.00104817
5 0.191462 0.809289 0.112783 0.11276 0.00104696
0 0.315824 0.685846 0.112102 0.113224 0.00103595
9 0.0667168 0.188949 0.114591 0.112823 0.00101917
13 0.686861 0.0646524 0.112273 0.111564 0.0010177
1 0.563637 0.0653118 0.111911 0.112961 0.00101608
13 0.0670596 0.561509 0.112508 0.112314 0.00101607
7 0.936034 0.809923 0.112278 0.113888 0.00100842
8 0.688146 0.809598 0.111229 0.111671 0.00100816
6 0.564353 0.56116 0.111387 0.112865 0.00100166
