3 0.562708 0.0661423 0.112351 0.113112 0.986272
13 0.190871 0.56192 0.109589 0.11103 0.985267
12 0.191159 0.685336 0.110241 0.112284 0.984972
12 0.315149 0.56129 0.112922 0.113759 0.984408
3 0.811897 0.808826 0.112833 0.114211 0.984335
7 0.686513 0.0656954 0.114792 0.112168 0.983986
6 0.315077 0.809216 0.112673 0.113277 0.983917
4 0.439132 0.934027 0.111156 0.111991 0.983697
13 0.191495 0.18896 0.111886 0.113088 0.983508
2 0.562577 0.934313 0.114492 0.112707 0.983489
7 0.687283 0.808674 0.112357 0.112152 0.983418
12 0.935392 0.808624 0.109694 0.111929 0.983345
6 0.315484 0.685652 0.112904 0.111999 0.983218
6 0.19075 0.80963 0.111801 0.113204 0.983218
8 0.563211 0.80935 0.110164 0.111336 0.983172
12 0.191414 0.437853 0.111684 0.113023 0.983084
6 0.0670038 0.561818 0.112561 0.11252 0.983067
5 0.688078 0.93418 0.111874 0.11203 0.983051
5 0.439643 0.685156 0.110304 0.111285 0.982998
6 0.066472 0.809783 0.112014 0.11382 0.982873
2 0.314282 0.0656761 0.113354 0.1123 0.982762
7 0.935206 0.313018 0.111924 0.112307 0.982685
13 0.315192 0.438178 0.11194 0.111067 0.982618
13 0.935202 0.437554 0.112208 0.113444 0.98256
13 0.563629 0.560009 0.112087 0.112959 0.982546
6 0.191093 0.313107 0.112617 0.113107 0.982482
9 0.0664226 0.437399 0.114005 0.114874 0.982463
13 0.190135 0.0648249 0.112962 0.110896 0.98246
6 0.0665785 0.189105 0.114047 0.11434 0.982321
0 0.189348 0.933671 0.111313 0.111224 0.982249
1 0.440034 0.808575 0.111855 0.113335 0.982228
3 0.315423 0.313631 0.11101 0.113778 0.981844
10 0.0666804 0.31292 0.110983 0.113527 0.981665
2 0.56298 0.684689 0.112302 0.111855 0.981656
8 0.811738 0.93403 0.111653 0.110688 0.981331
8 0.314339 0.1899 0.111789 0.111545 0.981124
4 0.0671672 0.0648591 0.110841 0.112413 0.981063
8 0.0666563 0.934864 0.112025 0.110966 0.981011
11 0.439173 0.0655371 0.113898 0.111979 0.980601
6 0.687382 0.684644 0.112049 0.112517 0.980411
4 0.0673056 0.685436 0.113907 0.11321 0.980315
13 0.439476 0.561348 0.111388 0.112222 0.979775
10 0.935592 0.933739 0.109938 0.112687 0.979572
13 0.935588 0.0648422 0.112505 0.112177 0.979345
1 0.315268 0.933298 0.114978 0.11279 0.979012
10 0.563575 0.437092 0.112285 0.111702 0.978917
5 0.686943 0.189114 0.11296 0.113339 0.978198
2 0.811917 0.313087 0.111453 0.113822 0.977901
12 0.439256 0.31329 0.111753 0.113037 0.97787
9 0.811465 0.188706 0.112372 0.112215 0.977861
8 0.812145 0.561565 0.112052 0.112891 0.977768
6 0.812477 0.437215 0.111393 0.110696 0.97765
8 0.563686 0.312802 0.112823 0.113395 0.977611
12 0.688505 0.560896 0.111793 0.111726 0.977496
0 0.688366 0.436512 0.112272 0.113394 0.977307
0 0.439087 0.188935 0.113416 0.113273 0.977297
0 0.438718 0.437705 0.109963 0.110434 0.977258
2 0.936106 0.562062 0.111839 0.113132 0.977247
2 0.936021 0.187971 0.111559 0.114642 0.97722
7 0.687783 0.313444 0.111488 0.11094 0.977153
2 0.936329 0.685599 0.109435 0.109761 0.976824
11 0.563309 0.188904 0.110647 0.112019 0.976501
0 0.81275 0.0639034 0.111542 0.11234 0.976496
1 0.812553 0.684735 0.111734 0.111723 0.976444
10 0.563349 0.189125 0.11038 0.111014 0.0255451
9 0.562954 0.809149 0.111255 0.113003 0.0107154
3 0.811027 0.314404 0.112832 0.113474 0.00977696
8 0.563549 0.934362 0.114607 0.112197 0.00874616
10 0.686564 0.1892 0.112567 0.112957 0.00763894
3 0.562596 0.933964 0.113458 0.112415 0.00603996
3 0.935088 0.189402 0.112808 0.114593 0.00559983
9 0.811851 0.934135 0.1125 0.111014 0.0047812
2 0.813213 0.808945 0.111596 0.112858 0.00467229
0 0.81131 0.93349 0.11101 0.109174 0.00456041
3 0.563172 0.685035 0.112593 0.113128 0.00452794
12 0.686518 0.808483 0.110496 0.111386 0.00452112
11 0.688547 0.933553 0.116091 0.11251 0.00425922
12 0.68659 0.313563 0.109344 0.112007 0.00420073
2 0.688572 0.933166 0.11566 0.113655 0.00378553
8 0.563457 0.188926 0.110284 0.112813 0.00370569
8 0.935088 0.189402 0.112808 0.114593 0.00370363
0 0.813842 0.684532 0.110553 0.108936 0.00335645
2 0.0666854 0.68491 0.113213 0.112896 0.0032395
1 0.0661434 0.0650542 0.111354 0.111459 0.00322802
1 0.0666854 0.68491 0.113213 0.112896 0.00310672
10 0.687623 0.933808 0.113226 0.111754 0.00305214
5 0.935676 0.685619 0.109282 0.109729 0.00299708
8 0.56348 0.684638 0.112235 0.112268 0.00294844
12 0.686175 0.0647424 0.11366 0.112911 0.00288252
11 0.81194 0.561089 0.111062 0.114959 0.00286486
8 0.935866 0.685516 0.10696 0.110366 0.00281342
2 0.562999 0.0652437 0.108212 0.112962 0.00278807
11 0.563388 0.809413 0.109828 0.114233 0.00274261
6 0.686594 0.313343 0.112152 0.111564 0.0025792
0 0.810607 0.189023 0.111095 0.111689 0.00257218
1 0.688244 0.684023 0.112071 0.112044 0.00249241
1 0.439132 0.934027 0.111156 0.111991 0.0024145
9 0.563113 0.313606 0.11367 0.113409 0.00239767
6 0.439045 0.934004 0.108885 0.111159 0.00238488
3 0.93579 0.685312 0.111299 0.110457 0.0023833
5 0.563513 0.0653563 0.108864 0.111189 0.00233817
8 0.935689 0.56115 0.111227 0.112748 0.00231377
2 0.0661434 0.0650542 0.111354 0.111459 0.00221018
6 0.438602 0.313274 0.11125 0.113021 0.00216976
3 0.688036 0.560777 0.112624 0.11319 0.0021637
6 0.686482 0.80791 0.112017 0.110947 0.00214996
0 0.562954 0.809149 0.111255 0.113003 0.00214492
9 0.812142 0.561778 0.114018 0.114124 0.00212573
3 0.935689 0.56115 0.111227 0.112748 0.00205574
1 0.688435 0.43631 0.112156 0.112329 0.00201601
6 0.686104 0.0646024 0.114158 0.112893 0.00199987
5 0.0662715 0.0650028 0.111704 0.11151 0.00199008
5 0.813247 0.808725 0.112427 0.113053 0.00198465
10 0.439275 0.685133 0.111136 0.111609 0.00195925
0 0.813122 0.562203 0.114883 0.116094 0.0019526
2 0.811712 0.56121 0.111019 0.115337 0.0019406
7 0.0666323 0.313744 0.110991 0.112844 0.00190841
0 0.0674511 0.436434 0.11103 0.117284 0.00189195
3 0.812341 0.437595 0.111089 0.110737 0.00188964
8 0.811325 0.313163 0.110646 0.11423 0.00188937
11 0.314399 0.188406 0.11194 0.112872 0.00186698
9 0.563456 0.18907 0.109812 0.111168 0.00186642
12 0.935488 0.312668 0.110757 0.11221 0.00183783
7 0.439045 0.934004 0.108885 0.111159 0.00182879
9 0.812619 0.0647773 0.111346 0.111698 0.00181988
0 0.563558 0.313592 0.113257 0.113084 0.00181967
1 0.189394 0.933509 0.11154 0.111625 0.00181615
1 0.438888 0.43657 0.109216 0.110922 0.00181126
6 0.0673025 0.685884 0.112753 0.112686 0.00180733
8 0.81338 0.0637988 0.110778 0.112118 0.0017989
10 0.440153 0.0649889 0.112144 0.11061 0.00179589
3 0.687412 0.684271 0.111246 0.112602 0.00179065
5 0.936046 0.561526 0.109397 0.113194 0.00178066
13 0.935788 0.933609 0.110934 0.111166 0.00175401
4 0.813211 0.808461 0.110934 0.114334 0.00174597
3 0.314963 0.0658479 0.11287 0.112632 0.00171105
5 0.811231 0.313226 0.110513 0.113548 0.00170974
7 0.0673025 0.685884 0.112753 0.112686 0.00166636
4 0.0666804 0.31292 0.110983 0.113527 0.00166593
8 0.0677815 0.436279 0.11109 0.116575 0.00161541
6 0.066529 0.0653009 0.111876 0.112286 0.00158578
11 0.563357 0.438098 0.11338 0.112773 0.00158265
8 0.314546 0.06523 0.11187 0.112491 0.00157577
13 0.686605 0.808027 0.1107 0.112214 0.00157049
1 0.563502 0.934251 0.114375 0.113892 0.00153731
3 0.935894 0.808548 0.109353 0.112331 0.00152038
7 0.563831 0.437102 0.113044 0.112672 0.00151665
13 0.563351 0.437981 0.111192 0.110557 0.0015099
7 0.812036 0.438309 0.111264 0.111037 0.00150955
11 0.934929 0.0650046 0.113662 0.112205 0.00150662
12 0.811079 0.188875 0.111455 0.112085 0.00150494
7 0.935588 0.0648422 0.112505 0.112177 0.00149606
5 0.93507 0.187489 0.112089 0.114087 0.0014949
7 0.935677 0.932971 0.108789 0.111272 0.00148847
13 0.0668188 0.312758 0.112669 0.112339 0.00148717
6 0.688036 0.560777 0.112624 0.11319 0.0014787
6 0.811741 0.808893 0.111278 0.111816 0.001468
6 0.935894 0.808548 0.109353 0.112331 0.00146446
10 0.934962 0.313394 0.111565 0.11451 0.00143193
11 0.0665398 0.934673 0.113005 0.111485 0.00142483
6 0.813307 0.685108 0.113282 0.110888 0.00141102
1 0.563452 0.684761 0.112451 0.113161 0.0014032
4 0.56345 0.0658965 0.109389 0.111967 0.00140064
5 0.935491 0.933712 0.111559 0.113541 0.00139568
0 0.315058 0.189671 0.109617 0.111065 0.00138235
7 0.191898 0.31341 0.114304 0.113026 0.00137909
4 0.31614 0.313906 0.112059 0.114113 0.00137738
2 0.563684 0.312898 0.112769 0.113606 0.00136564
7 0.190642 0.0651318 0.112307 0.111885 0.00135379
0 0.315418 0.933732 0.112949 0.111614 0.00133108
11 0.563495 0.312868 0.112744 0.113236 0.001321
9 0.0666563 0.934864 0.112025 0.110966 0.00132072
7 0.439163 0.560362 0.111056 0.112236 0.00129353
8 0.439859 0.0648073 0.114252 0.112164 0.00128185
1 0.812949 0.808898 0.111519 0.113043 0.00127903
4 0.315152 0.933655 0.114068 0.11245 0.0012729
5 0.31614 0.313906 0.112059 0.114113 0.00126854
3 0.315227 0.560794 0.113461 0.115449 0.0012608
10 0.686605 0.808027 0.1107 0.112214 0.00125489
0 0.191247 0.438502 0.11321 0.114918 0.00124836
5 0.0662041 0.312652 0.111941 0.111517 0.00124251
11 0.812322 0.933883 0.110642 0.111699 0.00122497
11 0.439556 0.684994 0.111658 0.112417 0.00121842
11 0.811035 0.188475 0.111338 0.112923 0.00121531
7 0.191258 0.18777 0.112236 0.113235 0.00121338
8 0.811465 0.188706 0.112372 0.112215 0.00120717
3 0.811079 0.188875 0.111455 0.112085 0.00117981
1 0.93546 0.188763 0.111021 0.113493 0.00117721
10 0.687636 0.313981 0.111691 0.112893 0.00116374
4 0.93554 0.313376 0.111666 0.113354 0.00114507
11 0.686618 0.189833 0.112136 0.1132 0.00114102
5 0.31483 0.0648181 0.111206 0.111383 0.00113824
6 0.934962 0.313394 0.111565 0.11451 0.00113787
4 0.686518 0.808483 0.110496 0.111386 0.0011317
10 0.934852 0.436491 0.112993 0.113041 0.00112911
9 0.314452 0.189995 0.111688 0.112079 0.00112778
4 0.439818 0.809544 0.112224 0.113841 0.00111311
3 0.191346 0.684904 0.110813 0.112487 0.00110058
3 0.0664479 0.560774 0.113962 0.113271 0.00108817
2 0.31614 0.313906 0.112059 0.114113 0.00108704
9 0.935838 0.685849 0.109431 0.110114 0.00108522
3 0.191092 0.809166 0.112068 0.113456 0.00108427
11 0.935866 0.685516 0.10696 0.110366 0.00108144
4 0.68659 0.313563 0.109344 0.112007 0.00107409
11 0.935491 0.933712 0.111559 0.113541 0.00106879
3 0.0671562 0.685567 0.112076 0.113432 0.00106573
1 0.811917 0.313087 0.111453 0.113822 0.00105256
12 0.43956 0.561064 0.110892 0.111672 0.00105191
9 0.935301 0.187427 0.111182 0.113872 0.0010471
2 0.314452 0.189995 0.111688 0.112079 0.00104028
11 0.936137 0.561548 0.109379 0.11425 0.00103868
12 0.0662231 0.313668 0.111206 0.111389 0.00103868
12 0.812478 0.808858 0.111591 0.11296 0.00103822
11 0.935863 0.18781 0.111552 0.115924 0.00103737
3 0.686424 0.189401 0.11286 0.113248 0.0010325
3 0.315077 0.809216 0.112673 0.113277 0.00103089
9 0.935596 0.934016 0.109076 0.11231 0.00101711
7 0.0675509 0.189305 0.114089 0.114265 0.00101263
1 0.190905 0.809386 0.111237 0.112725 0.00100053
