9 0.43947 0.809797 0.112064 0.113291 0.988224
9 0.935111 0.933973 0.113642 0.114027 0.987764
3 0.563108 0.934375 0.113074 0.114696 0.98764
3 0.191134 0.809901 0.113812 0.113271 0.986781
3 0.315017 0.0650645 0.112871 0.113512 0.985776
13 0.811548 0.933982 0.111916 0.113642 0.985468
10 0.563698 0.809494 0.112106 0.11338 0.985286
13 0.315115 0.685282 0.111491 0.112919 0.985166
11 0.315367 0.809501 0.111434 0.112784 0.985082
4 0.439268 0.934078 0.112148 0.113858 0.984443
3 0.687121 0.810017 0.112642 0.11377 0.984307
13 0.439105 0.0652603 0.111896 0.114013 0.984253
7 0.191606 0.933904 0.111827 0.112939 0.984187
4 0.43929 0.685322 0.111544 0.112642 0.98417
7 0.0673593 0.685762 0.112304 0.112109 0.984058
10 0.687444 0.934057 0.11216 0.114446 0.983859
2 0.563595 0.0648276 0.111649 0.113187 0.983544
4 0.315327 0.313296 0.112494 0.112373 0.983498
7 0.936186 0.809602 0.112573 0.112351 0.983497
11 0.191606 0.0648704 0.111797 0.113052 0.983277
9 0.191153 0.437202 0.112321 0.112911 0.98325
4 0.191521 0.188735 0.113327 0.112579 0.983079
5 0.811974 0.80982 0.111949 0.112749 0.982902
7 0.0672901 0.561977 0.112659 0.112356 0.982822
4 0.563483 0.685487 0.1114 0.112803 0.98267
5 0.0678643 0.189067 0.11271 0.112145 0.982606
11 0.315338 0.188985 0.111364 0.112308 0.982562
10 0.935806 0.0655994 0.113349 0.113888 0.982278
6 0.0671563 0.437381 0.11251 0.112238 0.981713
12 0.0669928 0.064647 0.113017 0.114088 0.981686
13 0.0672486 0.934068 0.114272 0.114775 0.981591
12 0.191405 0.312975 0.111656 0.112111 0.981523
12 0.191313 0.561209 0.111385 0.111832 0.981453
5 0.935955 0.685469 0.112389 0.112554 0.981061
10 0.687691 0.685247 0.112 0.112875 0.980961
12 0.0671109 0.312971 0.112581 0.112768 0.980898
12 0.315285 0.561274 0.111776 0.112217 0.980799
12 0.191002 0.685285 0.111685 0.112687 0.980697
9 0.0673297 0.809604 0.113427 0.113424 0.980002
3 0.439627 0.189389 0.112243 0.113721 0.979999
6 0.439705 0.437529 0.111701 0.111743 0.979797
12 0.81228 0.436838 0.111885 0.112997 0.979759
11 0.439325 0.560889 0.111767 0.113891 0.979654
12 0.439791 0.312691 0.112079 0.113095 0.979592
12 0.812183 0.188549 0.11205 0.112581 0.979512
1 0.812055 0.685249 0.113247 0.112964 0.979334
5 0.563376 0.437348 0.111765 0.112167 0.979289
5 0.687899 0.0648847 0.110911 0.112762 0.979181
3 0.687722 0.188679 0.111802 0.112237 0.979132
6 0.81226 0.561353 0.112847 0.112285 0.979034
11 0.563372 0.188938 0.111504 0.114273 0.97903
12 0.564204 0.560985 0.111868 0.113339 0.979009
8 0.315484 0.933805 0.111989 0.111709 0.978957
12 0.81236 0.0641988 0.112008 0.113139 0.978937
11 0.56348 0.313106 0.111852 0.113875 0.978903
8 0.315073 0.437222 0.112161 0.11186 0.978803
6 0.936503 0.561093 0.113448 0.112315 0.978694
0 0.687586 0.437144 0.111602 0.112884 0.978577
9 0.935737 0.313342 0.111039 0.112048 0.978434
0 0.811779 0.313043 0.112319 0.112251 0.97842
3 0.936333 0.436981 0.113076 0.112932 0.977755
0 0.93607 0.188705 0.112805 0.111639 0.977687
8 0.687791 0.313593 0.111395 0.112197 0.977508
8 0.68777 0.561195 0.111712 0.113482 0.977498
2 0.687624 0.313745 0.11186 0.112311 0.0189704
2 0.315235 0.436844 0.111194 0.112483 0.00974763
6 0.563908 0.561374 0.112055 0.112788 0.00887644
2 0.688059 0.560856 0.111115 0.112657 0.00788726
6 0.812402 0.0648386 0.111956 0.114413 0.00685445
2 0.315513 0.934295 0.112062 0.112822 0.00642167
6 0.0668375 0.313542 0.11235 0.112659 0.00618552
6 0.31557 0.561418 0.111509 0.112926 0.00581717
7 0.439455 0.933887 0.111638 0.111973 0.00563186
7 0.191253 0.188793 0.111702 0.112408 0.0056112
6 0.0669928 0.064647 0.113017 0.114088 0.00544942
12 0.936316 0.313493 0.112256 0.113369 0.0052981
6 0.812269 0.437336 0.111537 0.112923 0.00513533
11 0.315742 0.934253 0.112098 0.11262 0.00507565
6 0.439666 0.313579 0.110839 0.113147 0.00505746
6 0.191201 0.685434 0.111868 0.113305 0.00471994
6 0.191333 0.313395 0.111431 0.11302 0.0044552
6 0.812246 0.189264 0.111646 0.113627 0.0039483
12 0.687838 0.809705 0.1121 0.11276 0.00372674
3 0.936128 0.31342 0.1121 0.113645 0.00353123
1 0.687684 0.436672 0.112187 0.112715 0.00352282
1 0.563697 0.685446 0.112372 0.112542 0.00344852
12 0.935706 0.934073 0.112333 0.113984 0.00341739
13 0.687706 0.685387 0.111465 0.112157 0.00333343
1 0.439538 0.68533 0.112835 0.112703 0.00331033
3 0.936315 0.561019 0.112605 0.11283 0.00329891
10 0.564118 0.313354 0.112019 0.112402 0.00320176
1 0.191521 0.188735 0.113327 0.112579 0.00320057
6 0.191437 0.561296 0.110875 0.112381 0.00314503
2 0.811474 0.809015 0.113323 0.112991 0.00305677
11 0.0668884 0.933694 0.113263 0.113896 0.00300678
5 0.563383 0.313409 0.112155 0.112776 0.00284596
1 0.315398 0.313078 0.113083 0.112488 0.0028424
1 0.811405 0.561276 0.11077 0.11367 0.002795
4 0.688177 0.685422 0.112167 0.113179 0.002784
12 0.191576 0.809436 0.112416 0.112655 0.00267583
3 0.811986 0.561094 0.113633 0.113847 0.00265492
3 0.439754 0.43732 0.112146 0.112482 0.00246974
1 0.81186 0.312737 0.11206 0.113111 0.0024674
0 0.812436 0.685083 0.111926 0.112514 0.00245894
2 0.688143 0.809929 0.112469 0.112288 0.00242731
1 0.935956 0.561147 0.111702 0.11411 0.00229158
10 0.812 0.933551 0.111912 0.114185 0.00228027
7 0.688177 0.685422 0.112167 0.113179 0.00220968
3 0.935706 0.934073 0.112333 0.113984 0.00216794
13 0.687618 0.934164 0.111336 0.111383 0.0021665
1 0.439564 0.93419 0.112903 0.113906 0.00215602
1 0.0669188 0.436753 0.110118 0.111119 0.00215216
13 0.191291 0.0646317 0.111915 0.112834 0.00214742
7 0.439369 0.685216 0.111725 0.112355 0.00209087
5 0.563474 0.189305 0.111649 0.1129 0.00206526
12 0.0672792 0.809485 0.113832 0.113672 0.0020316
11 0.563196 0.436559 0.110681 0.111274 0.00202283
10 0.191387 0.0650353 0.111392 0.111705 0.00197691
6 0.936031 0.809391 0.112405 0.114119 0.00194354
7 0.688216 0.93393 0.112746 0.114355 0.00190927
12 0.936031 0.8096 0.113353 0.11445 0.00185125
11 0.315013 0.437074 0.111916 0.111524 0.00183364
4 0.563918 0.809481 0.112323 0.11239 0.00183052
12 0.191149 0.436669 0.110769 0.112019 0.00182543
10 0.688151 0.0644141 0.111814 0.112441 0.00181984
1 0.439563 0.436829 0.110104 0.112161 0.00181569
12 0.935907 0.437389 0.112685 0.113074 0.00181485
3 0.0671563 0.437381 0.11251 0.112238 0.00180077
6 0.191253 0.188793 0.111702 0.112408 0.00179977
0 0.811753 0.437158 0.113569 0.11345 0.00176657
10 0.315102 0.189064 0.110705 0.112186 0.00175837
12 0.687587 0.188898 0.112181 0.112827 0.00174488
4 0.936436 0.809199 0.111991 0.112682 0.00170753
11 0.812 0.933551 0.111912 0.114185 0.00167829
13 0.315135 0.189166 0.111795 0.112423 0.00167482
2 0.688151 0.0644141 0.111814 0.112441 0.00167264
11 0.688132 0.0645879 0.111899 0.114194 0.00165816
10 0.439423 0.561126 0.111141 0.112832 0.00165149
6 0.688116 0.189202 0.11196 0.112494 0.00160175
7 0.93614 0.0642304 0.113304 0.114309 0.00159672
5 0.688141 0.685142 0.111862 0.112598 0.00158728
4 0.191706 0.933914 0.111509 0.112838 0.00158509
13 0.563383 0.313409 0.112155 0.112776 0.00157824
13 0.93653 0.0646539 0.111697 0.112383 0.0015757
10 0.315528 0.313048 0.111248 0.112667 0.00156308
12 0.439609 0.809285 0.112282 0.113662 0.00155173
9 0.688143 0.809929 0.112469 0.112288 0.00155049
1 0.563709 0.0645332 0.111527 0.113537 0.00154247
6 0.43932 0.189051 0.112115 0.112299 0.00154036
4 0.811829 0.68523 0.112748 0.112801 0.00152901
4 0.0673593 0.685762 0.112304 0.112109 0.0015199
5 0.315267 0.8097 0.111969 0.113165 0.00151297
10 0.563466 0.189058 0.110299 0.112648 0.00151199
0 0.688069 0.561399 0.111517 0.113902 0.001502
4 0.0672901 0.561977 0.112659 0.112356 0.00149872
13 0.563474 0.189305 0.111649 0.1129 0.00149563
5 0.68818 0.93363 0.112535 0.113945 0.00145719
12 0.43932 0.189051 0.112115 0.112299 0.00142538
10 0.0670084 0.93398 0.112435 0.113414 0.0014122
2 0.688116 0.189202 0.11196 0.112494 0.00139912
3 0.191329 0.437629 0.110633 0.111153 0.00139868
9 0.935994 0.189004 0.112589 0.112838 0.00139556
12 0.314894 0.68508 0.111607 0.112276 0.00138709
7 0.563918 0.809481 0.112323 0.11239 0.00138592
6 0.936417 0.437976 0.11231 0.112888 0.00138393
9 0.93667 0.438014 0.11215 0.11392 0.00136244
13 0.563656 0.809587 0.112039 0.112228 0.00136154
3 0.191371 0.685376 0.112363 0.112482 0.00135971
3 0.191528 0.561014 0.111042 0.112429 0.00134195
4 0.688216 0.93393 0.112746 0.114355 0.0013263
11 0.68771 0.93407 0.112503 0.114386 0.00131932
11 0.811539 0.809033 0.112307 0.113007 0.00131737
10 0.563451 0.437286 0.112264 0.11173 0.001314
11 0.686832 0.560679 0.110887 0.111317 0.00131112
5 0.439423 0.561126 0.111141 0.112832 0.00128954
0 0.19113 0.437983 0.113766 0.114018 0.00128771
9 0.43934 0.561046 0.111454 0.112141 0.00127508
3 0.0673297 0.809604 0.113427 0.113424 0.00127319
9 0.688116 0.189202 0.11196 0.112494 0.00127026
7 0.315435 0.313219 0.112093 0.112096 0.00124986
6 0.686891 0.80952 0.112116 0.113346 0.00123943
4 0.688121 0.809605 0.112868 0.113568 0.0012356
11 0.439105 0.0652603 0.111896 0.114013 0.00121024
7 0.563558 0.685524 0.112576 0.112249 0.00120715
10 0.0668008 0.188707 0.112018 0.112643 0.0011957
0 0.812992 0.0650437 0.108999 0.114166 0.00119099
1 0.687899 0.809854 0.111858 0.112682 0.00118178
4 0.936271 0.0649027 0.112162 0.113983 0.00117867
6 0.439369 0.685216 0.111725 0.112355 0.00116791
2 0.563483 0.685487 0.1114 0.112803 0.00115901
0 0.688069 0.313499 0.112281 0.11392 0.00115017
12 0.191198 0.188498 0.111628 0.111889 0.00114265
10 0.935854 0.68496 0.111335 0.111946 0.00113945
8 0.191074 0.0648337 0.112491 0.112763 0.00113829
2 0.191521 0.188735 0.113327 0.112579 0.00113317
11 0.0666234 0.188893 0.113611 0.11249 0.00113179
4 0.936091 0.684978 0.1128 0.114375 0.00112778
13 0.439238 0.561185 0.111353 0.112623 0.00112053
3 0.812428 0.436438 0.111042 0.112818 0.00111738
10 0.43929 0.685322 0.111544 0.112642 0.00111232
2 0.563891 0.93375 0.112363 0.113218 0.00109922
10 0.315404 0.809566 0.111557 0.113199 0.00109745
11 0.687839 0.313913 0.11125 0.113002 0.0010894
3 0.315568 0.561076 0.11144 0.112942 0.00107991
13 0.315529 0.809801 0.112191 0.11272 0.00107878
4 0.688102 0.189135 0.113215 0.114171 0.00107561
1 0.19142 0.809614 0.111842 0.112289 0.00106958
4 0.688151 0.0644141 0.111814 0.112441 0.00106263
0 0.812981 0.188948 0.108929 0.111165 0.001053
10 0.439268 0.934078 0.112148 0.113858 0.00103791
2 0.43929 0.685322 0.111544 0.112642 0.00101602
13 0.936439 0.313451 0.112107 0.113243 0.00101227
7 0.0673224 0.43803 0.113382 0.112338 0.00101166
5 0.688172 0.809735 0.113396 0.112878 0.00100792
