4 0.315641 0.934122 0.111709 0.112366 0.987212
4 0.191533 0.809485 0.111632 0.111159 0.987047
3 0.439426 0.684993 0.112328 0.111223 0.986775
4 0.0670438 0.934406 0.112781 0.112525 0.986179
11 0.687546 0.809094 0.111554 0.112074 0.985589
2 0.56341 0.68526 0.110965 0.111749 0.985444
3 0.563644 0.06486 0.111954 0.112459 0.985407
7 0.936121 0.934017 0.112891 0.112194 0.985398
12 0.191961 0.933491 0.110572 0.112578 0.985394
2 0.314654 0.0649758 0.111742 0.112473 0.985314
5 0.439533 0.0651219 0.111228 0.11313 0.985285
4 0.191673 0.685458 0.112268 0.111153 0.984971
7 0.935971 0.0657378 0.113216 0.112654 0.984421
10 0.563941 0.809277 0.111114 0.1119 0.983802
13 0.0672533 0.0646186 0.113119 0.111915 0.983525
9 0.315367 0.3129 0.112615 0.112467 0.983359
9 0.0671477 0.188862 0.113896 0.111809 0.983311
10 0.68813 0.933737 0.111808 0.113309 0.98306
12 0.812812 0.933554 0.111087 0.113036 0.982731
7 0.315757 0.561373 0.112908 0.111365 0.98265
4 0.438994 0.934304 0.112535 0.113347 0.982607
13 0.191665 0.437121 0.111375 0.111878 0.982473
3 0.0671602 0.313482 0.112356 0.112192 0.982426
5 0.191593 0.313652 0.111651 0.112519 0.982396
2 0.563111 0.189686 0.110666 0.112593 0.982301
9 0.687905 0.0649565 0.111669 0.113006 0.982287
13 0.315448 0.437545 0.111937 0.111041 0.98218
1 0.0671322 0.68558 0.112359 0.112015 0.982132
4 0.563645 0.934178 0.112341 0.113345 0.982092
8 0.936432 0.809798 0.112506 0.112441 0.982051
8 0.191356 0.0650192 0.112458 0.113247 0.98192
10 0.439386 0.43708 0.112483 0.111841 0.981757
11 0.315355 0.188928 0.112939 0.113061 0.981733
12 0.0672045 0.437313 0.112491 0.111923 0.981723
4 0.439652 0.809501 0.112357 0.112735 0.981394
13 0.0673989 0.561575 0.112852 0.111819 0.981167
13 0.439509 0.561468 0.112029 0.111238 0.981143
5 0.439355 0.189478 0.113179 0.11385 0.980963
13 0.315517 0.68541 0.112269 0.110773 0.980909
2 0.191067 0.18931 0.112329 0.112463 0.980654
8 0.191196 0.561207 0.11262 0.11291 0.980407
13 0.315592 0.809369 0.112526 0.111295 0.980143
2 0.935903 0.685681 0.11259 0.111544 0.980073
11 0.439453 0.31283 0.111913 0.112271 0.979694
0 0.811785 0.809161 0.112585 0.113054 0.979504
6 0.563975 0.313182 0.112389 0.112157 0.979469
11 0.687905 0.561028 0.112335 0.113388 0.97943
5 0.563535 0.561304 0.112448 0.113632 0.979162
12 0.811897 0.188976 0.112382 0.112275 0.979071
0 0.0672488 0.80899 0.112767 0.113396 0.97905
6 0.812463 0.685517 0.112634 0.111612 0.978979
7 0.563776 0.437462 0.112166 0.112134 0.978888
10 0.812252 0.312968 0.113044 0.113306 0.978742
12 0.687506 0.685418 0.111671 0.111421 0.978512
2 0.687623 0.189105 0.110999 0.112236 0.978465
9 0.812105 0.561469 0.111659 0.112489 0.978441
1 0.936432 0.561252 0.114019 0.113389 0.978377
0 0.687602 0.437095 0.112102 0.112955 0.978343
7 0.687675 0.313038 0.112291 0.112626 0.978182
6 0.936466 0.188834 0.11342 0.112002 0.978009
6 0.937202 0.312769 0.113023 0.111222 0.977694
0 0.8121 0.0646489 0.11224 0.113083 0.977648
8 0.93635 0.437129 0.112751 0.111909 0.97749
8 0.812305 0.437133 0.112318 0.112718 0.976988
12 0.439712 0.561455 0.111319 0.11147 0.0185102
10 0.812785 0.933606 0.110039 0.113016 0.0106424
4 0.811522 0.685485 0.112524 0.111439 0.00841993
2 0.191603 0.561096 0.111079 0.112823 0.0069381
12 0.191604 0.437672 0.110864 0.111187 0.00683496
2 0.81246 0.436797 0.111459 0.112618 0.00674792
3 0.564137 0.312786 0.11173 0.112506 0.0058678
2 0.936605 0.436759 0.11232 0.112107 0.0050942
1 0.687766 0.436579 0.112301 0.11265 0.00507183
4 0.936313 0.312947 0.11346 0.112203 0.00488037
12 0.315187 0.809239 0.112212 0.11235 0.00466512
1 0.0670588 0.934492 0.113836 0.113899 0.00439739
2 0.191547 0.0647873 0.111893 0.112747 0.00439705
1 0.191606 0.685625 0.112489 0.112197 0.00426434
3 0.811651 0.685359 0.112538 0.111219 0.00405081
1 0.191568 0.80961 0.112497 0.112201 0.00383648
7 0.811548 0.685418 0.111124 0.112095 0.00357849
8 0.688263 0.560932 0.111345 0.113641 0.00357112
12 0.686722 0.313299 0.110817 0.11267 0.00354439
3 0.935628 0.188867 0.113023 0.112514 0.00353737
6 0.811828 0.189285 0.112596 0.112375 0.00341954
1 0.315234 0.93427 0.111787 0.112564 0.00337886
1 0.563645 0.934178 0.112341 0.113345 0.00337788
1 0.43936 0.809657 0.111571 0.111454 0.00332949
1 0.438994 0.934304 0.112535 0.113347 0.00327189
0 0.936688 0.560758 0.113219 0.112168 0.0032243
0 0.315564 0.313441 0.11247 0.112503 0.00314646
3 0.9366 0.312584 0.112154 0.111849 0.00312652
3 0.687702 0.189889 0.112376 0.112944 0.00292575
6 0.68673 0.313448 0.114237 0.112748 0.00289753
11 0.19156 0.437634 0.111937 0.112843 0.00282152
8 0.688378 0.808724 0.111963 0.11284 0.00281829
11 0.811607 0.312916 0.112536 0.11382 0.00269747
1 0.688079 0.18923 0.112937 0.113316 0.00265273
3 0.563995 0.685094 0.111456 0.111787 0.00265119
12 0.688175 0.0649117 0.110299 0.11231 0.00258691
11 0.315923 0.809329 0.110787 0.112012 0.00255653
0 0.688175 0.0649117 0.110299 0.11231 0.00253647
1 0.811785 0.809161 0.112585 0.113054 0.0025145
12 0.31502 0.685242 0.111826 0.112021 0.00243714
13 0.439636 0.437394 0.111654 0.111571 0.00233973
1 0.0668903 0.808827 0.113318 0.112726 0.00229954
0 0.813101 0.561754 0.111202 0.111087 0.00229488
8 0.315634 0.313426 0.111725 0.112609 0.00226221
8 0.811478 0.561822 0.110136 0.111928 0.00221087
4 0.935876 0.188979 0.113745 0.112856 0.00216128
5 0.935917 0.685719 0.113426 0.114039 0.00215086
10 0.688056 0.808672 0.110666 0.112663 0.00211403
1 0.563979 0.684855 0.112467 0.112461 0.00210839
5 0.688043 0.809348 0.112025 0.111665 0.00205538
1 0.936185 0.685501 0.112526 0.113004 0.00202383
5 0.686827 0.189695 0.114047 0.111919 0.00201802
12 0.935951 0.933909 0.113489 0.113738 0.00198172
3 0.563763 0.189869 0.111689 0.112829 0.0019572
4 0.688476 0.933384 0.113589 0.114898 0.00190021
4 0.811828 0.189285 0.112596 0.112375 0.00189027
0 0.0668824 0.685168 0.112504 0.11234 0.00188772
7 0.31573 0.436651 0.110635 0.111808 0.00184952
11 0.315662 0.437783 0.111523 0.112357 0.0018388
2 0.936503 0.810011 0.112678 0.113389 0.00183314
1 0.812445 0.0643073 0.110804 0.113498 0.00181861
12 0.56419 0.43662 0.110166 0.110022 0.0017903
11 0.812232 0.437874 0.112508 0.113125 0.0017794
1 0.56352 0.189015 0.111629 0.112913 0.00176004
11 0.315954 0.685303 0.110379 0.111294 0.00173514
8 0.688078 0.189469 0.111467 0.113293 0.0017222
12 0.315011 0.437569 0.11116 0.111611 0.00170021
0 0.811605 0.438023 0.109919 0.113107 0.00168896
11 0.43984 0.561338 0.11159 0.112566 0.00167121
0 0.936392 0.80991 0.112006 0.112901 0.00163319
11 0.936055 0.437068 0.110846 0.113291 0.00162801
5 0.68841 0.933294 0.112836 0.114365 0.00162193
5 0.19134 0.809385 0.11224 0.11182 0.00161734
0 0.0671988 0.189188 0.113159 0.113254 0.00160404
3 0.812608 0.561162 0.110983 0.111934 0.00159102
9 0.811943 0.313422 0.112412 0.112204 0.00158704
7 0.688476 0.933384 0.113589 0.114898 0.00157891
12 0.0669831 0.561675 0.112203 0.111687 0.00157709
11 0.0662863 0.0647391 0.114806 0.112274 0.00156192
7 0.93692 0.313413 0.111894 0.111057 0.00155939
3 0.688221 0.064989 0.111679 0.11268 0.00152934
4 0.564162 0.43795 0.111392 0.11216 0.00149551
8 0.439849 0.313337 0.111385 0.112295 0.00149547
4 0.812124 0.933778 0.111658 0.112124 0.00149218
10 0.315171 0.809905 0.111741 0.111732 0.00149097
12 0.812608 0.561162 0.110983 0.111934 0.00149064
8 0.0673034 0.189151 0.112749 0.112816 0.00148788
12 0.811792 0.313531 0.113255 0.112734 0.00148289
11 0.0674589 0.561761 0.113113 0.11254 0.00148125
10 0.439698 0.0649111 0.111528 0.112291 0.00145828
10 0.563689 0.437873 0.110627 0.11134 0.00145448
9 0.813074 0.933494 0.110457 0.113709 0.00145238
10 0.0667613 0.437381 0.112263 0.111285 0.00143827
10 0.43954 0.189446 0.112225 0.113052 0.00143467
11 0.191823 0.561011 0.111033 0.113223 0.00143146
7 0.811688 0.933934 0.110448 0.112663 0.00143104
4 0.563914 0.808984 0.111902 0.112576 0.00140999
9 0.812278 0.437681 0.113098 0.111875 0.00140552
10 0.688451 0.560884 0.111924 0.112903 0.00139782
11 0.811434 0.561591 0.111636 0.112043 0.00139178
0 0.936002 0.437964 0.111789 0.113769 0.00138973
12 0.93614 0.065568 0.113276 0.113904 0.00138867
3 0.935903 0.685681 0.11259 0.111544 0.00138491
12 0.439719 0.437688 0.110848 0.112483 0.00137482
4 0.687764 0.313308 0.112049 0.112553 0.00134245
13 0.811688 0.933934 0.110448 0.112663 0.00134216
2 0.0666846 0.934098 0.113117 0.11319 0.00133239
1 0.31522 0.0645393 0.112112 0.113305 0.00130681
6 0.935961 0.933675 0.112467 0.113866 0.00130281
2 0.191025 0.809235 0.111438 0.111201 0.00129556
5 0.563461 0.189518 0.112464 0.113135 0.00126175
10 0.687765 0.313348 0.113125 0.112628 0.00124075
4 0.936111 0.933835 0.11295 0.113693 0.00123204
11 0.936929 0.809241 0.112634 0.112285 0.00120858
6 0.936051 0.0653269 0.113158 0.113175 0.00120236
7 0.811584 0.189482 0.111712 0.113878 0.00119263
10 0.190998 0.313256 0.111343 0.111941 0.00119009
4 0.315689 0.561328 0.111701 0.112644 0.00118847
12 0.688155 0.933614 0.112113 0.113353 0.00118261
4 0.191399 0.313515 0.111525 0.113376 0.00118171
1 0.190997 0.189063 0.112 0.112746 0.00117861
12 0.564297 0.809493 0.112303 0.112012 0.00117844
7 0.563829 0.313086 0.111604 0.112009 0.00116919
5 0.563454 0.933797 0.112057 0.11178 0.00116827
12 0.315634 0.313426 0.111725 0.112609 0.00116511
5 0.439603 0.809604 0.112077 0.111928 0.00114818
3 0.68822 0.684937 0.11193 0.112215 0.00114798
3 0.813093 0.932505 0.111194 0.112849 0.00113294
6 0.564162 0.43795 0.111392 0.11216 0.00111488
11 0.563322 0.809655 0.111862 0.112146 0.00110893
7 0.439955 0.436704 0.11109 0.112858 0.00110032
5 0.315491 0.18918 0.111704 0.112033 0.00109692
9 0.936078 0.437815 0.113749 0.111761 0.00108667
4 0.0665684 0.437397 0.113435 0.111166 0.00108198
3 0.811584 0.189482 0.111712 0.113878 0.00107873
2 0.0665043 0.313161 0.11329 0.111575 0.00107493
2 0.191154 0.685289 0.111672 0.111506 0.00107419
0 0.813097 0.933407 0.111137 0.11386 0.00106897
9 0.0665043 0.313161 0.11329 0.111575 0.00106121
4 0.935971 0.0657378 0.113216 0.112654 0.00105063
7 0.686785 0.686434 0.110994 0.112095 0.00104811
5 0.439786 0.31319 0.111126 0.111937 0.00103657
6 0.687709 0.685396 0.111412 0.111952 0.00103157
3 0.190825 0.189275 0.112232 0.11242 0.00102542
3 0.0671346 0.43663 0.110999 0.112783 0.00101879
4 0.936688 0.560758 0.113219 0.112168 0.00101484
8 0.688175 0.0649117 0.110299 0.11231 0.00100515
5 0.563444 0.809682 0.111975 0.112417 0.00100085
