7 0.439758 0.809566 0.112716 0.112874 0.986835
3 0.315086 0.933934 0.113406 0.11288 0.985852
8 0.0670626 0.685607 0.114264 0.11273 0.985748
1 0.563725 0.934074 0.112907 0.113153 0.984607
8 0.067102 0.809407 0.113832 0.112552 0.984528
7 0.0673221 0.43774 0.113699 0.113404 0.98428
12 0.439625 0.933936 0.110929 0.114025 0.98426
9 0.191389 0.313461 0.111387 0.112395 0.984226
3 0.811732 0.933705 0.113439 0.114562 0.984027
2 0.19175 0.685402 0.111401 0.112074 0.983799
8 0.0666816 0.313385 0.113152 0.112294 0.98373
10 0.688175 0.933807 0.111083 0.113959 0.983661
5 0.191638 0.561679 0.11068 0.112298 0.983461
11 0.315458 0.685622 0.111526 0.112186 0.983273
7 0.688041 0.0653399 0.113255 0.114296 0.983249
4 0.315581 0.313309 0.112828 0.112742 0.983085
0 0.935532 0.684853 0.11322 0.111012 0.98287
4 0.315731 0.189061 0.113432 0.113343 0.982785
5 0.936945 0.809634 0.111992 0.113191 0.982511
13 0.811896 0.809496 0.113591 0.113176 0.982309
4 0.439565 0.313149 0.112998 0.11358 0.982225
6 0.563722 0.0652432 0.111879 0.113978 0.982055
10 0.439862 0.685549 0.11177 0.112885 0.982047
9 0.315462 0.43757 0.112291 0.113019 0.98203
6 0.192035 0.0648823 0.112189 0.113359 0.981977
6 0.191625 0.437719 0.112023 0.112411 0.981743
12 0.315292 0.561646 0.112514 0.111282 0.981121
1 0.0666736 0.189468 0.112024 0.111613 0.981115
13 0.563477 0.189531 0.112993 0.112842 0.981017
8 0.935918 0.934082 0.11346 0.113727 0.980971
0 0.191372 0.188594 0.112146 0.112585 0.980916
2 0.1918 0.933689 0.112175 0.11393 0.980702
11 0.0669615 0.561957 0.113911 0.113514 0.980638
1 0.0669109 0.934196 0.113875 0.11382 0.980285
8 0.315269 0.0646547 0.111495 0.111939 0.980102
6 0.935421 0.0648885 0.114598 0.114761 0.979847
5 0.56359 0.313398 0.111402 0.113204 0.979582
2 0.19134 0.809261 0.111614 0.111421 0.979572
1 0.56347 0.437294 0.11192 0.111862 0.979143
12 0.68751 0.189124 0.111895 0.111514 0.979092
3 0.563571 0.561471 0.112253 0.112442 0.97906
8 0.315516 0.809173 0.112666 0.112492 0.979013
11 0.687719 0.437205 0.111543 0.113546 0.978951
3 0.439591 0.437636 0.111446 0.11197 0.978883
12 0.687538 0.685022 0.111329 0.111192 0.978821
0 0.0673847 0.0650684 0.110965 0.11262 0.978774
13 0.811913 0.437604 0.112684 0.112267 0.978767
9 0.439567 0.561517 0.111466 0.113135 0.978724
2 0.439416 0.188567 0.111852 0.112072 0.978647
1 0.811839 0.18851 0.112408 0.111865 0.978634
1 0.687853 0.561769 0.111106 0.111518 0.978603
11 0.687752 0.313131 0.111638 0.113328 0.97854
1 0.936132 0.31274 0.114044 0.112664 0.978537
11 0.811825 0.312974 0.112239 0.113969 0.978514
10 0.936073 0.188596 0.113228 0.113744 0.978474
6 0.935991 0.436924 0.113458 0.112353 0.978417
2 0.687871 0.809128 0.113238 0.112487 0.978157
8 0.564443 0.80958 0.112143 0.11283 0.978061
12 0.936129 0.561265 0.113926 0.113046 0.978027
0 0.811605 0.561445 0.111906 0.111907 0.978001
2 0.439506 0.0642897 0.112131 0.111982 0.977965
8 0.564106 0.685313 0.112036 0.112265 0.977792
2 0.811849 0.0650178 0.1126 0.1128 0.977765
8 0.812018 0.68535 0.112165 0.112152 0.977586
6 0.43926 0.933606 0.110212 0.112639 0.0257015
6 0.687995 0.684964 0.111122 0.111068 0.0144493
2 0.0669122 0.809083 0.114252 0.111414 0.0141185
12 0.439566 0.561299 0.111029 0.112954 0.0126654
2 0.0668301 0.685228 0.114917 0.111678 0.0124103
6 0.687505 0.189304 0.1121 0.112452 0.0104731
5 0.811573 0.313837 0.112086 0.113388 0.00973227
2 0.0665942 0.313635 0.113344 0.110948 0.0087344
1 0.0666651 0.0647575 0.112541 0.112808 0.00735863
6 0.936204 0.561607 0.11292 0.113173 0.00619652
3 0.439485 0.561445 0.110719 0.112148 0.00619175
5 0.687826 0.314151 0.111956 0.112914 0.00613667
12 0.315714 0.436745 0.109905 0.111742 0.00609721
12 0.68784 0.933621 0.110584 0.113119 0.0059543
6 0.315528 0.561538 0.111965 0.112423 0.00580291
2 0.811781 0.685437 0.111577 0.112449 0.00553643
2 0.563652 0.685574 0.111592 0.11329 0.00524084
2 0.564079 0.80982 0.111791 0.11376 0.00421563
12 0.439835 0.685431 0.111708 0.111637 0.00359737
11 0.68784 0.933621 0.110584 0.113119 0.00356218
0 0.936017 0.313029 0.113434 0.111621 0.00345434
0 0.811785 0.188413 0.112089 0.112474 0.00322942
5 0.68784 0.933621 0.110584 0.113119 0.00313096
0 0.688301 0.561426 0.111311 0.110266 0.00302605
12 0.19219 0.0649497 0.112416 0.111692 0.00300459
12 0.812189 0.437999 0.108181 0.111552 0.00296074
8 0.688139 0.437404 0.111017 0.114402 0.00290572
11 0.811317 0.685153 0.109228 0.111054 0.00290306
1 0.811707 0.560966 0.11174 0.111612 0.00289749
5 0.315318 0.685606 0.111423 0.112319 0.00284132
13 0.68784 0.933621 0.110584 0.113119 0.00283695
2 0.935783 0.934132 0.113747 0.113424 0.0028112
0 0.0674667 0.313585 0.111981 0.112266 0.00274705
0 0.315988 0.438128 0.112622 0.113776 0.00274451
12 0.811158 0.809693 0.11217 0.112479 0.00268328
12 0.563716 0.188995 0.111474 0.111804 0.00259482
0 0.191704 0.313727 0.111741 0.113065 0.00254343
5 0.811322 0.0643668 0.111817 0.112479 0.00252428
7 0.439594 0.313077 0.112105 0.112524 0.0024714
4 0.066863 0.437192 0.115454 0.112588 0.00241047
7 0.93583 0.561341 0.11213 0.113509 0.00240632
4 0.440072 0.809527 0.11207 0.113206 0.00234888
12 0.191787 0.313698 0.112033 0.112492 0.00233827
0 0.563314 0.437019 0.11169 0.111966 0.00230295
12 0.439591 0.437636 0.111446 0.11197 0.00230231
3 0.191376 0.0650247 0.112573 0.113586 0.00224486
8 0.192188 0.933473 0.111085 0.111847 0.00216859
1 0.439044 0.188885 0.111209 0.110771 0.0021601
11 0.564257 0.809747 0.112027 0.113795 0.00215049
11 0.191211 0.560911 0.110426 0.110952 0.00213511
0 0.0665312 0.189309 0.110912 0.111424 0.00212962
13 0.0674761 0.437908 0.110773 0.113936 0.00211749
0 0.563778 0.934145 0.111716 0.111987 0.00210441
3 0.191248 0.685059 0.111959 0.111437 0.00206819
11 0.936677 0.809573 0.11295 0.112509 0.00206552
1 0.315745 0.313619 0.112482 0.11229 0.00206507
10 0.936506 0.80947 0.11239 0.113025 0.0020566
1 0.439903 0.0641668 0.111602 0.113184 0.00205036
1 0.688224 0.809448 0.111353 0.111994 0.00199953
11 0.563849 0.685111 0.111893 0.111586 0.00196194
5 0.688224 0.809448 0.111353 0.111994 0.00194123
2 0.315305 0.0644882 0.110456 0.112292 0.00190947
12 0.81132 0.933945 0.11192 0.113272 0.00186969
13 0.935699 0.188607 0.11202 0.111435 0.00181444
9 0.811286 0.933807 0.112592 0.112658 0.00180477
2 0.315281 0.809261 0.11261 0.112054 0.00175349
8 0.811429 0.0644114 0.111609 0.113502 0.00172484
5 0.687997 0.437981 0.112237 0.113328 0.00172256
6 0.439681 0.438011 0.112558 0.112089 0.00170996
1 0.440072 0.313542 0.113285 0.11311 0.00168044
12 0.0673456 0.436496 0.112142 0.113505 0.00167624
7 0.935421 0.0648885 0.114598 0.114761 0.00166864
7 0.564047 0.189251 0.112876 0.113289 0.00166263
1 0.812021 0.0644602 0.110827 0.113317 0.00165634
3 0.563722 0.0652432 0.111879 0.113978 0.00164588
5 0.191973 0.685451 0.111175 0.112167 0.00164518
7 0.191653 0.438102 0.112993 0.112479 0.0016282
8 0.688142 0.313403 0.112178 0.114335 0.00161035
11 0.315255 0.0646362 0.11174 0.112651 0.0015885
1 0.315939 0.189228 0.112993 0.112496 0.0015882
10 0.811217 0.312817 0.111695 0.113376 0.00158516
11 0.316208 0.809676 0.11176 0.112807 0.00157193
10 0.0674761 0.437908 0.110773 0.113936 0.00155628
3 0.688244 0.809213 0.111127 0.111824 0.00154498
13 0.43964 0.685343 0.111859 0.111661 0.00154149
2 0.68816 0.561712 0.110287 0.111149 0.00152737
4 0.811566 0.188928 0.111957 0.111526 0.00151719
3 0.936026 0.0647544 0.11447 0.115065 0.00151602
4 0.563819 0.437422 0.111893 0.111268 0.00149677
11 0.0669122 0.809083 0.114252 0.111414 0.00148803
7 0.68839 0.933396 0.112766 0.115182 0.00148295
4 0.68839 0.933396 0.112766 0.115182 0.00148149
12 0.93555 0.189201 0.113549 0.113537 0.00147179
7 0.564269 0.0652735 0.112307 0.113973 0.00145929
11 0.935661 0.934219 0.111399 0.112955 0.00142269
11 0.0668301 0.685228 0.114917 0.111678 0.00139412
4 0.936033 0.188931 0.112479 0.1135 0.00136038
0 0.0672204 0.809121 0.111938 0.111749 0.00135459
1 0.563571 0.561471 0.112253 0.112442 0.00132773
0 0.688119 0.189554 0.112155 0.112782 0.00132735
3 0.315236 0.437467 0.110872 0.112172 0.00131188
4 0.43938 0.685277 0.111708 0.112451 0.00128224
11 0.0665942 0.313635 0.113344 0.110948 0.00125671
12 0.686716 0.065034 0.110518 0.112669 0.00122765
0 0.0666211 0.933877 0.113857 0.11434 0.00121932
8 0.688235 0.809357 0.110785 0.111437 0.00121895
4 0.688244 0.809213 0.111127 0.111824 0.00120022
5 0.191695 0.809065 0.111665 0.111647 0.00119358
9 0.812189 0.437999 0.108181 0.111552 0.00118914
3 0.191625 0.437719 0.112023 0.112411 0.00117639
9 0.935596 0.68488 0.112275 0.110787 0.00117484
5 0.191972 0.933556 0.112818 0.112556 0.00117174
3 0.935879 0.437033 0.113081 0.113211 0.00116432
7 0.935858 0.436885 0.113626 0.112935 0.00116404
10 0.0675313 0.561105 0.112241 0.113112 0.00115913
4 0.066824 0.934269 0.113458 0.113914 0.0011509
4 0.688291 0.0649971 0.111623 0.112274 0.00114639
3 0.936086 0.560991 0.113589 0.11343 0.00113752
1 0.191837 0.68529 0.111621 0.11153 0.00112386
10 0.68668 0.313159 0.113041 0.112135 0.00111374
3 0.0669524 0.188613 0.111692 0.112087 0.00110952
3 0.68815 0.188956 0.111863 0.111452 0.00110944
10 0.191033 0.56133 0.110792 0.111346 0.00109791
10 0.688141 0.437496 0.110851 0.112831 0.00109429
0 0.935904 0.561369 0.113629 0.112788 0.00108281
5 0.439362 0.685176 0.111559 0.111703 0.00107981
10 0.563614 0.313783 0.113044 0.112376 0.00107115
1 0.811316 0.933566 0.111942 0.112738 0.00106873
5 0.93555 0.189201 0.113549 0.113537 0.00106672
10 0.688274 0.0651561 0.111812 0.113532 0.00106005
0 0.315622 0.561686 0.112273 0.113283 0.00105847
7 0.686777 0.686379 0.111624 0.11157 0.00105147
3 0.439372 0.188914 0.111685 0.112233 0.00103977
2 0.687612 0.313258 0.110992 0.111725 0.00103617
0 0.315469 0.064611 0.111081 0.110989 0.00103193
5 0.315143 0.313499 0.112393 0.112298 0.00103119
12 0.315484 0.933861 0.111311 0.112031 0.00103094
0 0.688299 0.685347 0.112439 0.112025 0.00102937
7 0.191376 0.0650247 0.112573 0.113586 0.00102813
0 0.0668515 0.685692 0.1117 0.112415 0.00100071
