3 0.0675357 0.809494 0.112698 0.113056 0.986322
3 0.439103 0.809707 0.113445 0.11284 0.985522
5 0.192 0.93406 0.111385 0.113441 0.985495
12 0.935791 0.933908 0.112397 0.112193 0.985494
6 0.191885 0.809162 0.11181 0.111965 0.984975
11 0.439416 0.933966 0.111672 0.112729 0.984813
4 0.0672663 0.934078 0.112227 0.112329 0.984688
7 0.315218 0.0650554 0.111605 0.111569 0.984346
1 0.563713 0.933964 0.11186 0.113932 0.984253
4 0.315929 0.561417 0.111686 0.111071 0.983991
12 0.564053 0.685068 0.11069 0.111833 0.98393
4 0.0675015 0.561198 0.112321 0.111635 0.983731
1 0.315905 0.933889 0.112097 0.113153 0.983526
3 0.315504 0.437356 0.112318 0.113328 0.983402
2 0.439406 0.065039 0.111975 0.112964 0.983276
5 0.066941 0.313977 0.112541 0.111984 0.983215
3 0.191483 0.0641508 0.113253 0.113501 0.983213
12 0.191677 0.188938 0.112184 0.111569 0.983132
6 0.811719 0.933758 0.112205 0.112943 0.983114
10 0.067873 0.685135 0.112918 0.111802 0.983102
5 0.439515 0.685491 0.11101 0.111249 0.982181
0 0.935537 0.684967 0.113258 0.111129 0.982008
1 0.936541 0.809226 0.112247 0.112361 0.981952
1 0.191461 0.56124 0.11202 0.113202 0.981893
1 0.0667906 0.43732 0.112238 0.112003 0.981865
6 0.687877 0.809502 0.11231 0.113661 0.981758
11 0.0666193 0.18949 0.113875 0.112861 0.981695
9 0.81207 0.809828 0.112334 0.11278 0.980987
12 0.439725 0.188862 0.111416 0.111648 0.980938
6 0.687875 0.933992 0.111881 0.113368 0.980658
12 0.315514 0.188691 0.111936 0.111913 0.980346
0 0.191183 0.437311 0.112193 0.111858 0.980264
13 0.563894 0.809487 0.111049 0.11244 0.979842
1 0.439609 0.561757 0.112136 0.113452 0.979821
6 0.564052 0.43734 0.112584 0.113421 0.979775
2 0.439353 0.437195 0.112621 0.11243 0.979709
0 0.314833 0.313095 0.112854 0.11146 0.979701
10 0.563849 0.312913 0.11224 0.11274 0.979619
1 0.687698 0.31283 0.112504 0.112906 0.979472
0 0.315602 0.80963 0.112167 0.111881 0.979367
9 0.687662 0.685618 0.111332 0.111974 0.979331
12 0.563925 0.561514 0.112135 0.111837 0.979299
11 0.563306 0.18882 0.11096 0.11315 0.979174
6 0.687751 0.189153 0.112389 0.112687 0.97917
4 0.687957 0.0645736 0.112915 0.113505 0.979135
13 0.439213 0.313183 0.111975 0.112301 0.979061
0 0.0661858 0.0650361 0.110444 0.112404 0.978958
0 0.563708 0.0647928 0.111637 0.113141 0.978902
10 0.688077 0.561266 0.112255 0.112879 0.978816
8 0.191374 0.313387 0.112003 0.111896 0.978773
13 0.811919 0.189047 0.112111 0.112237 0.978755
4 0.812468 0.312803 0.113155 0.112391 0.978736
1 0.936037 0.064251 0.11413 0.113836 0.978627
0 0.687654 0.437074 0.111034 0.11171 0.978616
11 0.812096 0.561734 0.112681 0.112967 0.97822
8 0.191237 0.685166 0.112039 0.111485 0.978178
2 0.936446 0.561791 0.111757 0.112507 0.978092
3 0.9364 0.313494 0.112045 0.11246 0.977867
8 0.315725 0.685582 0.112273 0.112285 0.977777
2 0.812415 0.437105 0.113216 0.113515 0.977725
8 0.812358 0.685603 0.112112 0.111506 0.977724
5 0.936709 0.436946 0.112794 0.112373 0.977657
3 0.936461 0.188419 0.112385 0.112094 0.977573
11 0.811868 0.0652744 0.112042 0.112893 0.977467
10 0.935945 0.437097 0.111075 0.111571 0.0110113
10 0.811543 0.0647878 0.110026 0.111111 0.00820761
2 0.315062 0.685744 0.111786 0.111921 0.00795014
3 0.812338 0.933447 0.112233 0.114276 0.00733752
12 0.811767 0.188718 0.111671 0.111845 0.00648264
1 0.439272 0.437966 0.110824 0.111865 0.00574917
2 0.812432 0.685648 0.111766 0.112232 0.00550245
1 0.315852 0.561478 0.113047 0.111818 0.00492525
1 0.812216 0.312868 0.112473 0.112987 0.00489007
2 0.191215 0.68531 0.112541 0.111831 0.00486652
4 0.688041 0.561771 0.110076 0.112883 0.00475397
3 0.688082 0.933632 0.112025 0.113195 0.00473262
3 0.688376 0.808957 0.111932 0.112904 0.00471971
3 0.191885 0.809162 0.11181 0.111965 0.00453821
7 0.811673 0.93301 0.113588 0.110761 0.00442783
1 0.0669146 0.560897 0.114648 0.11307 0.00421381
3 0.687878 0.685713 0.111666 0.111732 0.00413474
5 0.812112 0.561612 0.112474 0.112241 0.00404022
10 0.81143 0.56175 0.110375 0.111588 0.00400037
2 0.191135 0.313037 0.11083 0.111859 0.00385524
1 0.811972 0.437902 0.110045 0.111311 0.00385486
0 0.563586 0.933928 0.1104 0.113143 0.0037723
0 0.0664042 0.436517 0.114078 0.112103 0.00342596
12 0.439294 0.313303 0.111323 0.111522 0.00342037
7 0.688335 0.933199 0.114623 0.113084 0.00340733
1 0.065566 0.0643171 0.111965 0.112714 0.00339804
0 0.935767 0.0646952 0.11282 0.113312 0.0033684
12 0.688258 0.685599 0.11262 0.111338 0.00312314
12 0.935836 0.188889 0.110884 0.111045 0.00305479
6 0.315514 0.188691 0.111936 0.111913 0.00305267
3 0.812058 0.436846 0.113751 0.112689 0.00301675
0 0.68775 0.313426 0.111085 0.113425 0.00297405
7 0.688286 0.809372 0.113779 0.113624 0.00291939
1 0.688192 0.0642152 0.11255 0.113667 0.00285069
5 0.936226 0.561561 0.113595 0.114038 0.00283938
3 0.812018 0.809803 0.111437 0.112663 0.00277897
5 0.811564 0.437168 0.113062 0.112064 0.00273478
2 0.688021 0.312979 0.111922 0.113469 0.00267
1 0.0668935 0.933955 0.11394 0.113517 0.00261836
0 0.688258 0.685599 0.11262 0.111338 0.00260242
0 0.936769 0.809104 0.111296 0.112716 0.00257288
5 0.811795 0.0654902 0.111577 0.11243 0.00253922
0 0.439469 0.561286 0.112651 0.112946 0.00241049
5 0.56341 0.18842 0.110719 0.112754 0.00238948
3 0.936665 0.561204 0.113265 0.112299 0.00228303
7 0.687749 0.064846 0.111792 0.111751 0.00226249
10 0.439868 0.93413 0.112532 0.1132 0.0022588
12 0.563915 0.809311 0.111081 0.111509 0.00225115
11 0.315078 0.685381 0.112511 0.111475 0.00217681
0 0.813096 0.809983 0.113218 0.110982 0.00215208
1 0.315154 0.312751 0.112584 0.112538 0.00214428
4 0.067873 0.685135 0.112918 0.111802 0.00212403
7 0.811594 0.312066 0.113269 0.11447 0.00211966
3 0.687313 0.189268 0.111789 0.1131 0.00210231
9 0.935845 0.685129 0.112222 0.111186 0.00196195
3 0.439413 0.43769 0.112095 0.112035 0.00194437
0 0.191461 0.56124 0.11202 0.113202 0.0019396
1 0.936754 0.561454 0.11288 0.113604 0.00193031
1 0.687989 0.436751 0.112365 0.112856 0.00190726
7 0.564083 0.43656 0.113329 0.112843 0.0018854
12 0.811709 0.932865 0.111782 0.111596 0.0018666
10 0.191914 0.933762 0.112025 0.11181 0.00181106
1 0.688358 0.933273 0.112207 0.113587 0.00176376
12 0.811338 0.810222 0.111805 0.112192 0.00173227
7 0.688032 0.188773 0.113352 0.113734 0.00172811
12 0.936105 0.313178 0.111154 0.112031 0.00172004
4 0.563734 0.31373 0.109895 0.113243 0.0016675
10 0.439568 0.685421 0.112049 0.112091 0.0016554
1 0.191145 0.437196 0.112748 0.112338 0.00165283
6 0.564019 0.685176 0.110946 0.111439 0.00160493
13 0.936302 0.933907 0.111424 0.113179 0.00156211
10 0.0663535 0.189366 0.113669 0.111445 0.00154618
9 0.439757 0.934265 0.11123 0.113113 0.00154098
1 0.439762 0.064655 0.111363 0.11363 0.00153546
10 0.936302 0.933907 0.111424 0.113179 0.0015069
7 0.0668935 0.933955 0.11394 0.113517 0.00150516
10 0.56341 0.18842 0.110719 0.112754 0.00148923
1 0.315614 0.809531 0.112244 0.112479 0.00148157
7 0.688271 0.561723 0.111583 0.112873 0.00146681
1 0.563659 0.063915 0.11076 0.11338 0.00146603
6 0.564089 0.561406 0.111444 0.111697 0.00145641
0 0.1916 0.31364 0.111217 0.112163 0.00144169
5 0.68822 0.561507 0.111381 0.112182 0.00142794
9 0.811445 0.0644944 0.110768 0.110461 0.00141154
6 0.811512 0.312699 0.114756 0.112812 0.00140883
5 0.0672482 0.189092 0.113797 0.112757 0.00139114
7 0.191364 0.80923 0.111474 0.111822 0.00137029
8 0.813082 0.437366 0.110688 0.112724 0.00135023
11 0.811572 0.685257 0.11044 0.110497 0.00132749
4 0.687843 0.312917 0.112043 0.11223 0.00132166
9 0.936029 0.313235 0.112274 0.113058 0.00131607
1 0.0667841 0.809087 0.112704 0.112218 0.00130431
13 0.0663535 0.189366 0.113669 0.111445 0.00130195
12 0.687956 0.561427 0.112352 0.112031 0.00130152
3 0.936386 0.436449 0.112049 0.110335 0.00127804
7 0.439395 0.313598 0.11167 0.1121 0.00126877
4 0.316037 0.933693 0.110345 0.112299 0.00125122
5 0.439868 0.93413 0.112532 0.1132 0.00124902
8 0.439677 0.933354 0.112725 0.112721 0.00124621
4 0.066765 0.436761 0.113003 0.112201 0.00122294
2 0.812255 0.31316 0.112104 0.112471 0.0012061
2 0.81157 0.809572 0.11156 0.111945 0.00119079
0 0.316124 0.933842 0.111477 0.113062 0.0011765
12 0.191453 0.0649283 0.112789 0.112433 0.00116955
4 0.439697 0.561172 0.11227 0.113207 0.00116792
13 0.687831 0.561419 0.111057 0.11195 0.00115881
3 0.564312 0.437377 0.112456 0.112879 0.00115632
6 0.936922 0.313396 0.112263 0.113466 0.00113987
6 0.315125 0.561133 0.112468 0.112601 0.00113309
12 0.564074 0.312959 0.111741 0.111914 0.00112243
7 0.81205 0.189568 0.11227 0.112489 0.00111113
4 0.688082 0.933632 0.112025 0.113195 0.00110935
11 0.56408 0.809699 0.112168 0.112396 0.00110677
1 0.936409 0.313189 0.111681 0.112029 0.00110176
12 0.563659 0.063915 0.11076 0.11338 0.00108137
8 0.811349 0.810055 0.111972 0.112865 0.00107774
4 0.936699 0.437866 0.111735 0.111643 0.00106189
9 0.811338 0.561525 0.110962 0.110757 0.00105255
4 0.191463 0.56095 0.111884 0.11306 0.0010492
7 0.0669146 0.560897 0.114648 0.11307 0.00104185
8 0.812076 0.562356 0.112728 0.112573 0.00103893
2 0.315852 0.561478 0.113047 0.111818 0.0010299
6 0.0664717 0.560987 0.112849 0.112822 0.00102439
5 0.563134 0.312977 0.11149 0.111457 0.00102143
7 0.564249 0.685459 0.112096 0.112496 0.00101532
2 0.687878 0.0649249 0.11158 0.112857 0.00100641
