3 0.438979 0.809877 0.112457 0.111516 0.986578
4 0.315783 0.684935 0.111946 0.11178 0.986481
4 0.191615 0.808963 0.111862 0.112199 0.986158
2 0.56371 0.934025 0.112343 0.11298 0.986078
6 0.439532 0.934076 0.111985 0.11361 0.985581
11 0.315259 0.934102 0.111389 0.112616 0.98532
6 0.563955 0.8097 0.11178 0.113196 0.985138
10 0.191674 0.933814 0.112318 0.113031 0.985061
3 0.191317 0.561484 0.111388 0.112535 0.984423
6 0.687874 0.933982 0.111801 0.113389 0.984258
3 0.935713 0.933887 0.113247 0.112258 0.983962
6 0.688138 0.80968 0.111562 0.11314 0.983739
11 0.562828 0.0658506 0.11145 0.112259 0.983697
4 0.315048 0.0651261 0.112197 0.11245 0.983652
13 0.439437 0.685494 0.112067 0.112669 0.98363
13 0.06702 0.933804 0.112799 0.113464 0.983527
4 0.191443 0.0650056 0.112232 0.112713 0.983158
8 0.439521 0.0648622 0.111495 0.113291 0.983072
4 0.191731 0.313183 0.112441 0.112363 0.982973
9 0.0668658 0.188837 0.113034 0.11205 0.982954
5 0.81225 0.810227 0.112104 0.112462 0.98293
6 0.0667613 0.313636 0.113272 0.113094 0.982803
10 0.191291 0.437584 0.112478 0.112256 0.98265
10 0.563766 0.68523 0.112289 0.112832 0.982624
1 0.0669451 0.685545 0.112079 0.111903 0.982551
8 0.315688 0.561491 0.112586 0.113071 0.982457
7 0.191366 0.189235 0.113779 0.112524 0.98241
11 0.191498 0.685526 0.111972 0.111834 0.982085
9 0.0667432 0.561766 0.113867 0.112765 0.982028
6 0.687794 0.0651456 0.111328 0.113319 0.981988
7 0.0669149 0.0648888 0.11369 0.113433 0.981928
6 0.936396 0.809955 0.112077 0.112329 0.981434
8 0.812061 0.933726 0.111785 0.113577 0.981342
8 0.315505 0.437512 0.112353 0.113526 0.980957
13 0.439521 0.437639 0.112792 0.112068 0.980806
5 0.439455 0.561648 0.11209 0.112045 0.980695
6 0.812154 0.0650998 0.112081 0.113674 0.98063
2 0.0669833 0.437216 0.112431 0.113214 0.980573
8 0.315095 0.189105 0.112009 0.112977 0.980571
11 0.439039 0.189636 0.111668 0.11205 0.980316
5 0.936233 0.685682 0.112224 0.111811 0.979942
5 0.563562 0.188713 0.111267 0.112412 0.979727
4 0.563811 0.312763 0.113079 0.113386 0.979416
1 0.687835 0.312801 0.112547 0.113479 0.97929
3 0.812142 0.685664 0.111889 0.112051 0.979235
6 0.564019 0.437356 0.112574 0.113183 0.979208
8 0.936274 0.0648723 0.112511 0.114052 0.979092
9 0.812031 0.188867 0.111799 0.112484 0.979058
12 0.439255 0.313022 0.11223 0.111952 0.978945
10 0.812456 0.312899 0.112849 0.112904 0.978872
13 0.936176 0.437236 0.1133 0.113173 0.978749
12 0.563629 0.561563 0.111832 0.111608 0.978735
9 0.688115 0.561673 0.111823 0.111537 0.978687
0 0.315659 0.809265 0.112248 0.113227 0.978558
4 0.812718 0.436987 0.113141 0.112971 0.978394
3 0.687602 0.437385 0.111368 0.112051 0.978379
2 0.68737 0.685424 0.110793 0.112014 0.978362
0 0.315069 0.313722 0.111377 0.111689 0.978352
13 0.936213 0.312925 0.113244 0.112827 0.978277
0 0.687685 0.188801 0.111974 0.112814 0.97788
2 0.936461 0.561451 0.112881 0.113416 0.977709
11 0.936089 0.188881 0.110798 0.111171 0.977643
3 0.811297 0.561594 0.111405 0.111658 0.977548
0 0.0671413 0.809004 0.112426 0.113653 0.976647
1 0.0669361 0.808993 0.112859 0.112612 0.0174721
10 0.936208 0.188983 0.111324 0.110663 0.00868516
5 0.439316 0.188945 0.111458 0.112184 0.00858046
2 0.935809 0.0653176 0.112674 0.113317 0.00698082
1 0.315413 0.312778 0.11241 0.112715 0.00608258
10 0.935893 0.685134 0.111607 0.11224 0.00606099
12 0.43985 0.437906 0.109233 0.113956 0.0056583
2 0.315412 0.561141 0.112677 0.113071 0.00534519
3 0.936717 0.809442 0.111794 0.112817 0.00518466
2 0.811755 0.933948 0.112387 0.112574 0.00515991
3 0.688408 0.809216 0.111133 0.111995 0.00511756
9 0.687964 0.436461 0.111768 0.112078 0.00511224
9 0.811379 0.56202 0.111735 0.111437 0.0047587
9 0.811381 0.686156 0.111924 0.111922 0.0047127
1 0.687935 0.188144 0.111692 0.112763 0.00469641
3 0.688249 0.561851 0.111851 0.112163 0.00459443
0 0.688249 0.561851 0.111851 0.112163 0.00451247
2 0.315095 0.189105 0.112009 0.112977 0.00411651
1 0.812642 0.437172 0.112943 0.113228 0.00410244
1 0.315742 0.80928 0.112254 0.11281 0.00403662
12 0.439538 0.685323 0.112059 0.112264 0.00392164
1 0.0666261 0.437996 0.112061 0.111398 0.00389838
2 0.439521 0.0648622 0.111495 0.113291 0.00382936
2 0.31565 0.436892 0.111664 0.112675 0.00378918
3 0.688501 0.685182 0.111773 0.112678 0.00365445
6 0.563796 0.561311 0.110983 0.111819 0.00351904
3 0.564338 0.809383 0.111312 0.112245 0.00343389
3 0.688076 0.933745 0.11164 0.112166 0.0031615
1 0.688331 0.933238 0.112293 0.113616 0.00315566
1 0.688239 0.685527 0.11241 0.112924 0.00299534
12 0.688199 0.561717 0.111087 0.111107 0.00291841
0 0.813005 0.189226 0.111109 0.112063 0.00288793
7 0.191648 0.0648156 0.111619 0.111514 0.00286039
3 0.811963 0.0652824 0.111995 0.113021 0.00285598
0 0.688191 0.312278 0.11244 0.113146 0.00281747
1 0.315645 0.0649335 0.112382 0.112924 0.00276417
1 0.563664 0.312849 0.112112 0.112811 0.00271985
1 0.191443 0.0650056 0.112232 0.112713 0.00268776
9 0.191549 0.561182 0.111889 0.111742 0.00240478
12 0.811433 0.561917 0.111085 0.111556 0.00240293
4 0.688501 0.685182 0.111773 0.112678 0.00239355
3 0.439929 0.933954 0.112045 0.112919 0.00238815
11 0.811496 0.810129 0.113416 0.111888 0.00238633
1 0.191731 0.313183 0.112441 0.112363 0.00238104
7 0.191529 0.313172 0.111778 0.111863 0.00237747
3 0.066701 0.313458 0.112182 0.112875 0.00236128
1 0.93639 0.561436 0.11262 0.112692 0.00230853
12 0.812044 0.188901 0.111889 0.11187 0.00230691
10 0.563471 0.0651332 0.111579 0.111164 0.00229102
12 0.067491 0.561252 0.112597 0.113784 0.00227343
3 0.688015 0.0652652 0.111913 0.113257 0.00225795
2 0.563757 0.313242 0.111882 0.114015 0.00223005
2 0.811472 0.809768 0.114368 0.112758 0.00221693
1 0.315875 0.685476 0.112213 0.111952 0.00220216
13 0.191519 0.437726 0.111525 0.111628 0.0021864
5 0.563437 0.0657633 0.111574 0.112461 0.0021852
4 0.81303 0.313572 0.111246 0.114772 0.00213996
2 0.688175 0.437463 0.110759 0.111545 0.00212824
3 0.813102 0.809661 0.113271 0.114867 0.00212548
8 0.56402 0.933683 0.112351 0.112856 0.0021025
2 0.191506 0.313044 0.110888 0.112419 0.0020821
7 0.315433 0.0651058 0.112677 0.112627 0.002046
12 0.811442 0.686087 0.111167 0.112285 0.00203326
1 0.564185 0.933615 0.11323 0.113424 0.00202135
2 0.688066 0.312931 0.111883 0.113599 0.00201757
12 0.936539 0.313165 0.110236 0.112086 0.00198032
3 0.564127 0.437574 0.111719 0.112389 0.00192765
10 0.191246 0.685093 0.112066 0.1116 0.00192095
11 0.81158 0.933293 0.11126 0.110797 0.00191959
13 0.191657 0.933924 0.111864 0.111598 0.00186345
5 0.191114 0.6854 0.113157 0.113075 0.00183473
12 0.439682 0.809554 0.112214 0.112797 0.00182644
0 0.314974 0.438037 0.112072 0.114346 0.00178879
1 0.688307 0.0651149 0.110507 0.113399 0.00177122
10 0.0667146 0.933842 0.112022 0.112905 0.00171465
12 0.687602 0.437385 0.111368 0.112051 0.00169137
7 0.811789 0.436632 0.1134 0.114303 0.00168947
7 0.191466 0.809434 0.112456 0.112351 0.00167757
4 0.688048 0.312949 0.112272 0.112584 0.00165332
10 0.439712 0.188918 0.112135 0.111882 0.00165228
5 0.315576 0.934026 0.113121 0.113986 0.00162919
4 0.0663524 0.0650425 0.114198 0.11175 0.00162576
12 0.936372 0.437935 0.113121 0.113416 0.00162431
4 0.191244 0.437285 0.112903 0.112739 0.00158841
6 0.191587 0.189117 0.111867 0.111695 0.00158722
8 0.0666261 0.437996 0.112061 0.111398 0.00158688
1 0.191783 0.809517 0.112334 0.11235 0.00157774
5 0.936066 0.561248 0.113357 0.113455 0.0015762
7 0.191454 0.438024 0.113668 0.112526 0.00156317
9 0.936124 0.933767 0.11251 0.112193 0.0015584
10 0.936 0.437641 0.110919 0.111958 0.00152827
7 0.439756 0.436745 0.11118 0.111762 0.00152601
5 0.935636 0.189652 0.113005 0.112666 0.00152588
4 0.563883 0.685429 0.112031 0.112256 0.00151766
2 0.812642 0.437172 0.112943 0.113228 0.00151146
11 0.315723 0.561131 0.111235 0.112368 0.00147728
12 0.191525 0.561266 0.11165 0.112026 0.0014683
12 0.191272 0.189272 0.112945 0.111988 0.00146432
7 0.688433 0.809691 0.113074 0.113238 0.00144383
7 0.811638 0.312887 0.112984 0.112711 0.00141658
6 0.811732 0.436972 0.114767 0.113371 0.00138978
7 0.564127 0.437574 0.111719 0.112389 0.00137782
8 0.315534 0.933953 0.111623 0.113056 0.00136566
10 0.935901 0.313202 0.110724 0.111853 0.00136523
7 0.0674915 0.313659 0.113695 0.113367 0.00136382
0 0.813106 0.934189 0.110902 0.114973 0.00136379
10 0.439428 0.561474 0.111511 0.111731 0.00136321
1 0.811574 0.561768 0.111871 0.111822 0.00136211
5 0.688239 0.685527 0.11241 0.112924 0.0013606
3 0.067491 0.561252 0.112597 0.113784 0.00134128
0 0.935979 0.0649803 0.111624 0.112328 0.00133674
3 0.813008 0.188647 0.111169 0.110674 0.00133288
11 0.439769 0.0648409 0.111112 0.111628 0.00133011
8 0.688255 0.685475 0.111905 0.112111 0.00132859
7 0.688309 0.933281 0.114 0.113067 0.00132292
1 0.812142 0.685664 0.111889 0.112051 0.00131593
5 0.813022 0.313359 0.112961 0.114528 0.00130711
8 0.191553 0.685205 0.112062 0.111836 0.00130426
8 0.936218 0.561339 0.112115 0.111226 0.00129018
0 0.0670944 0.188987 0.113967 0.113404 0.00128923
12 0.0672452 0.188946 0.113835 0.113467 0.00127852
11 0.315332 0.189201 0.112509 0.11202 0.00127738
9 0.440249 0.809822 0.113024 0.112279 0.00127653
3 0.0662695 0.4374 0.114487 0.112005 0.00127361
2 0.315875 0.685476 0.112213 0.111952 0.00126956
7 0.688263 0.0649721 0.111188 0.112657 0.00126073
8 0.935915 0.188681 0.112307 0.111296 0.00122936
8 0.811499 0.189189 0.111468 0.112533 0.00122032
5 0.191495 0.809283 0.113145 0.112926 0.00121754
2 0.191466 0.809434 0.112456 0.112351 0.00119314
12 0.935792 0.934062 0.112459 0.113219 0.00118819
1 0.440056 0.809457 0.112021 0.112161 0.00116303
7 0.811963 0.0652824 0.111995 0.113021 0.00115985
4 0.0669451 0.685545 0.112079 0.111903 0.00115687
11 0.935921 0.68515 0.112057 0.111895 0.00115486
10 0.563575 0.189049 0.112738 0.112444 0.00114245
0 0.067491 0.561252 0.112597 0.113784 0.00113271
10 0.315534 0.933953 0.111623 0.113056 0.00111393
10 0.563757 0.313242 0.111882 0.114015 0.00110523
3 0.563718 0.56111 0.111334 0.112928 0.00110502
7 0.315598 0.68551 0.112471 0.112307 0.00110268
11 0.0664514 0.93361 0.114019 0.113432 0.00109467
13 0.191498 0.685526 0.111972 0.111834 0.00109378
7 0.936717 0.809442 0.111794 0.112817 0.00107652
7 0.563528 0.313258 0.112723 0.112969 0.00107426
2 0.813114 0.686111 0.109917 0.110239 0.00105926
5 0.688196 0.437094 0.112538 0.111841 0.00105736
10 0.191731 0.313183 0.112441 0.112363 0.0010373
0 0.0666987 0.685171 0.112431 0.112518 0.00103001
2 0.315048 0.0651261 0.112197 0.11245 0.00102455
