9 0.563873 0.9341 0.11112 0.113177 0.988475
5 0.935412 0.933952 0.111641 0.11193 0.987158
5 0.44033 0.809624 0.110282 0.112263 0.986747
3 0.315104 0.685351 0.111741 0.112131 0.986329
6 0.439754 0.934019 0.112744 0.114464 0.985793
9 0.31525 0.809713 0.112147 0.112042 0.985547
12 0.315647 0.934103 0.110208 0.112497 0.985431
6 0.191219 0.93396 0.111189 0.112349 0.985122
3 0.0672598 0.313366 0.112554 0.113689 0.985114
9 0.563833 0.685331 0.111049 0.112023 0.984887
6 0.191266 0.809754 0.111612 0.111867 0.984819
9 0.191541 0.188898 0.112084 0.112582 0.984467
5 0.191742 0.561838 0.111038 0.11233 0.984316
9 0.191654 0.31321 0.111504 0.112236 0.984035
4 0.687906 0.934194 0.111879 0.1141 0.98398
12 0.811268 0.934027 0.111549 0.112678 0.983889
3 0.315617 0.313434 0.111935 0.114001 0.983811
4 0.315256 0.436975 0.112666 0.112514 0.983649
7 0.315023 0.561308 0.113024 0.111265 0.983366
9 0.68784 0.0649516 0.11095 0.112383 0.982972
0 0.935774 0.684965 0.113382 0.111695 0.982917
7 0.0670957 0.685911 0.112524 0.111965 0.98285
2 0.0676976 0.934347 0.111855 0.112723 0.982829
4 0.439381 0.0651728 0.110907 0.1123 0.982681
13 0.439274 0.189517 0.111506 0.112478 0.982342
10 0.315369 0.0647057 0.111981 0.112299 0.982325
6 0.191852 0.0644674 0.112497 0.112779 0.9823
4 0.43926 0.312736 0.112329 0.11267 0.982281
9 0.812109 0.0650371 0.111224 0.112494 0.9819
6 0.812003 0.809668 0.113309 0.113224 0.981882
10 0.0673952 0.437059 0.113606 0.112466 0.981792
5 0.44026 0.437952 0.111398 0.112789 0.981559
4 0.439238 0.560834 0.112181 0.112218 0.981412
6 0.0669019 0.0647248 0.113875 0.113276 0.981388
0 0.563657 0.809346 0.112158 0.113383 0.981135
13 0.936607 0.809608 0.112195 0.113771 0.981111
1 0.0669206 0.189176 0.112444 0.112774 0.9808
0 0.191122 0.437275 0.112714 0.112797 0.980777
0 0.439367 0.685019 0.112363 0.112743 0.980404
6 0.56394 0.437213 0.112014 0.112183 0.979695
4 0.687969 0.685163 0.112454 0.112839 0.979422
0 0.563432 0.0650362 0.111984 0.11318 0.979253
8 0.687918 0.810136 0.11151 0.11199 0.979133
0 0.56348 0.561152 0.112095 0.113641 0.979017
9 0.68791 0.561522 0.112224 0.112179 0.978947
6 0.812348 0.437 0.112391 0.111278 0.978938
11 0.315032 0.18871 0.111543 0.112736 0.978879
10 0.812522 0.312642 0.112553 0.11311 0.978787
7 0.687888 0.437475 0.110883 0.111453 0.97864
0 0.563543 0.313043 0.112153 0.113083 0.978506
4 0.936183 0.188542 0.112861 0.112882 0.978392
9 0.811864 0.561814 0.112062 0.111689 0.978351
5 0.811998 0.188542 0.111832 0.112437 0.978342
0 0.93614 0.436876 0.113045 0.112103 0.978209
2 0.811973 0.685677 0.11162 0.112123 0.977944
11 0.935549 0.065462 0.112143 0.11281 0.977718
8 0.936555 0.313376 0.111497 0.112062 0.977609
8 0.68801 0.312957 0.111444 0.112031 0.977556
11 0.563622 0.189258 0.112532 0.11299 0.977267
8 0.687905 0.188847 0.11164 0.111725 0.976722
11 0.0662428 0.561085 0.11367 0.112939 0.976651
11 0.936375 0.561441 0.112716 0.113801 0.976467
8 0.0678537 0.809941 0.111958 0.112286 0.975671
11 0.191333 0.685204 0.112142 0.11234 0.974201
2 0.067068 0.809639 0.113655 0.112232 0.0446147
5 0.190738 0.685238 0.112389 0.113075 0.0386616
5 0.935514 0.0659191 0.111693 0.112082 0.0337224
5 0.936018 0.560994 0.111967 0.111615 0.0227514
5 0.0662428 0.561085 0.11367 0.112939 0.019061
2 0.688179 0.188919 0.112127 0.111764 0.0149347
2 0.68819 0.313037 0.11172 0.112064 0.0135495
3 0.812287 0.561675 0.111849 0.113018 0.0110193
5 0.315154 0.188592 0.111297 0.112191 0.00991435
3 0.31525 0.809713 0.112147 0.112042 0.0097271
2 0.688274 0.809657 0.112775 0.111016 0.00960909
4 0.0666606 0.436765 0.114893 0.112274 0.00781965
1 0.315855 0.43719 0.112216 0.112698 0.00769019
3 0.812109 0.0650371 0.111224 0.112494 0.00684941
11 0.688109 0.810214 0.111977 0.111232 0.00605971
3 0.687716 0.561297 0.112183 0.112918 0.00568564
1 0.439783 0.56133 0.111827 0.112707 0.00507745
2 0.936093 0.313411 0.112507 0.111515 0.00504158
4 0.813013 0.313116 0.110652 0.114915 0.00434361
1 0.936067 0.188938 0.112462 0.112943 0.00421472
11 0.688306 0.188669 0.111701 0.111765 0.00406444
5 0.563528 0.189569 0.111349 0.112544 0.00401946
3 0.563833 0.685331 0.111049 0.112023 0.00395988
1 0.687919 0.933737 0.112588 0.113407 0.00360306
1 0.68807 0.685619 0.111811 0.112696 0.00358566
12 0.812287 0.561286 0.111683 0.113088 0.00355198
12 0.688103 0.561345 0.112296 0.112179 0.00339561
3 0.68784 0.0649516 0.11095 0.112383 0.00338882
11 0.688389 0.312763 0.111508 0.111979 0.00329107
3 0.81227 0.809631 0.112796 0.114009 0.00319683
0 0.811916 0.933956 0.109734 0.112921 0.00315146
1 0.439678 0.0648771 0.110953 0.11289 0.00300356
1 0.812518 0.436462 0.112711 0.111967 0.00297234
12 0.68683 0.437345 0.111137 0.112057 0.00296675
3 0.812235 0.436844 0.11303 0.112996 0.00296165
4 0.315336 0.0648206 0.111948 0.113064 0.00291074
7 0.439274 0.189517 0.111506 0.112478 0.00290199
10 0.0668162 0.561253 0.112956 0.112687 0.00285655
3 0.191395 0.189008 0.110928 0.1124 0.00277374
1 0.43959 0.312869 0.111876 0.112516 0.00267182
9 0.191472 0.685513 0.112487 0.11227 0.002638
12 0.191283 0.313543 0.112218 0.112408 0.00261538
2 0.68807 0.685619 0.111811 0.112696 0.00260585
1 0.564214 0.436743 0.109571 0.111609 0.00257657
10 0.935943 0.0652172 0.112946 0.112538 0.00255427
12 0.439645 0.189007 0.111592 0.111911 0.00252421
3 0.812764 0.685542 0.11051 0.112385 0.00241918
12 0.315692 0.809835 0.112895 0.112387 0.00241788
10 0.936075 0.561361 0.111779 0.113322 0.00241339
0 0.688103 0.561345 0.112296 0.112179 0.0024078
3 0.191449 0.313411 0.110871 0.112129 0.00237505
12 0.935952 0.810063 0.11188 0.113497 0.00235184
7 0.0669239 0.436375 0.111862 0.113828 0.00231741
2 0.687906 0.934194 0.111879 0.1141 0.0023174
12 0.191285 0.188983 0.112803 0.112923 0.00230458
6 0.315666 0.313504 0.112113 0.111521 0.0022371
3 0.0668668 0.933844 0.11415 0.113465 0.00220394
6 0.688185 0.437018 0.11157 0.111968 0.0021975
12 0.688207 0.0650088 0.111495 0.112327 0.0021767
12 0.81216 0.0648981 0.111882 0.111971 0.00217358
6 0.0674043 0.313431 0.112199 0.113101 0.00215506
5 0.811545 0.685695 0.114422 0.111792 0.00210266
3 0.0667163 0.0646203 0.113994 0.113396 0.00206822
3 0.563873 0.9341 0.11112 0.113177 0.00206627
7 0.439818 0.0646635 0.111053 0.111698 0.00204026
7 0.439623 0.561295 0.111358 0.111654 0.00202733
7 0.439686 0.312998 0.111225 0.111661 0.00201866
1 0.811545 0.685695 0.114422 0.111792 0.00201153
2 0.936005 0.188991 0.112349 0.113041 0.0019672
1 0.563647 0.560844 0.11248 0.113117 0.00195074
12 0.316182 0.0646519 0.111437 0.112285 0.00192275
2 0.0661415 0.313135 0.112139 0.111823 0.00191724
7 0.935914 0.809508 0.112552 0.113544 0.00190089
4 0.688202 0.436907 0.111955 0.112129 0.00189789
10 0.191444 0.560993 0.111291 0.111657 0.00189362
3 0.191106 0.809719 0.112424 0.112952 0.00188109
9 0.935997 0.437197 0.112614 0.112414 0.00186909
6 0.687945 0.685738 0.111556 0.112435 0.00186509
7 0.811734 0.312471 0.112784 0.113835 0.00186024
6 0.688173 0.934053 0.11123 0.112266 0.00184625
11 0.0674013 0.809945 0.112819 0.112369 0.0018316
7 0.688173 0.934053 0.11123 0.112266 0.00180397
11 0.936151 0.809673 0.113366 0.113423 0.00176358
1 0.0673786 0.933704 0.113424 0.112547 0.00175688
2 0.315104 0.685351 0.111741 0.112131 0.00175273
8 0.813061 0.685391 0.11035 0.111562 0.00174865
4 0.0666105 0.685404 0.114286 0.11223 0.00172252
0 0.191167 0.313579 0.111915 0.113197 0.00170512
0 0.688207 0.0650088 0.111495 0.112327 0.00169294
0 0.936151 0.312998 0.110547 0.112068 0.00169162
13 0.314989 0.064526 0.111296 0.111681 0.00168781
2 0.439381 0.0651728 0.110907 0.1123 0.0016833
9 0.935804 0.685001 0.112236 0.111544 0.00168113
3 0.439754 0.934019 0.112744 0.114464 0.00166604
10 0.934781 0.933578 0.111673 0.112148 0.00163204
1 0.191998 0.0647786 0.111498 0.111677 0.00160587
1 0.192219 0.934085 0.111673 0.112319 0.00160329
3 0.563943 0.437277 0.111748 0.112844 0.00157834
7 0.687945 0.685738 0.111556 0.112435 0.0015672
3 0.191327 0.064643 0.112301 0.113015 0.00154603
1 0.439817 0.933648 0.113256 0.112629 0.00151743
13 0.0669962 0.436637 0.111728 0.111671 0.00151608
2 0.439783 0.56133 0.111827 0.112707 0.00150009
3 0.191494 0.934014 0.112782 0.113694 0.00146759
7 0.935998 0.188594 0.11108 0.111201 0.0014627
12 0.563931 0.685198 0.112707 0.112719 0.00145742
1 0.563515 0.0641469 0.111671 0.113638 0.0014421
0 0.0669527 0.188548 0.112524 0.112427 0.0014405
1 0.563616 0.312529 0.112346 0.113123 0.00143762
10 0.81147 0.189174 0.111228 0.112034 0.00142912
2 0.315855 0.43719 0.112216 0.112698 0.00142633
7 0.315448 0.436475 0.111564 0.111817 0.00141794
11 0.935996 0.312878 0.111974 0.112465 0.00140037
10 0.19121 0.685076 0.11264 0.112627 0.00138174
12 0.0669203 0.313356 0.112076 0.112639 0.00137763
7 0.315336 0.0648206 0.111948 0.113064 0.00137106
6 0.316392 0.934153 0.113152 0.111515 0.0013666
0 0.687701 0.189008 0.110783 0.111615 0.00135546
4 0.191281 0.561008 0.111687 0.112035 0.00135185
0 0.813037 0.561914 0.112194 0.11232 0.00131487
10 0.439607 0.437472 0.111789 0.112494 0.00130836
9 0.563498 0.188757 0.111341 0.112279 0.00130141
4 0.439785 0.437835 0.112492 0.110967 0.00128301
3 0.935646 0.933665 0.112677 0.110978 0.00127707
6 0.315498 0.560949 0.11143 0.112147 0.00126625
1 0.0667163 0.0646203 0.113994 0.113396 0.00126483
6 0.935312 0.189044 0.113419 0.112987 0.00124363
5 0.813003 0.313067 0.11293 0.114786 0.00124
1 0.811453 0.809695 0.110877 0.113804 0.0012255
10 0.936151 0.809673 0.113366 0.113423 0.00122158
10 0.439492 0.809564 0.111759 0.11236 0.001217
11 0.688239 0.0647982 0.111684 0.112507 0.00119825
10 0.56352 0.188866 0.111708 0.112042 0.00119037
12 0.314716 0.685233 0.111624 0.112113 0.00118462
6 0.811312 0.933599 0.110826 0.113013 0.00118049
1 0.191096 0.437017 0.112978 0.112842 0.0011785
4 0.43993 0.809286 0.111911 0.112568 0.00117556
0 0.812967 0.064993 0.109788 0.11248 0.00116891
13 0.811849 0.312727 0.111424 0.112 0.00115304
11 0.811583 0.0651068 0.112268 0.113282 0.00114635
1 0.191817 0.810155 0.11163 0.112417 0.00114188
1 0.31513 0.685368 0.111917 0.11212 0.00107897
12 0.43959 0.312869 0.111876 0.112516 0.001064
12 0.564277 0.93362 0.112543 0.114303 0.00106194
3 0.439027 0.436616 0.112126 0.110679 0.00106011
6 0.0669233 0.685462 0.113346 0.114428 0.00105421
1 0.439507 0.685022 0.11242 0.112886 0.00103865
4 0.315335 0.560985 0.111195 0.112777 0.00102895
2 0.439811 0.313319 0.111271 0.112748 0.00102052
