12 0.191661 0.809693 0.11082 0.112276 0.98633
2 0.687728 0.933981 0.112354 0.113093 0.986029
12 0.0674931 0.80969 0.111897 0.112729 0.985903
6 0.439793 0.934005 0.112515 0.114061 0.985802
9 0.0673365 0.934279 0.112923 0.113408 0.985347
6 0.563705 0.933899 0.111832 0.11377 0.985339
12 0.439952 0.809718 0.111957 0.112936 0.985221
6 0.315628 0.809699 0.112457 0.113538 0.98514
3 0.191445 0.437476 0.111358 0.113598 0.985119
2 0.191821 0.685353 0.110534 0.112042 0.984941
9 0.0673494 0.188931 0.112827 0.112142 0.984547
5 0.563469 0.685334 0.110773 0.112773 0.984545
5 0.316104 0.561886 0.111273 0.113006 0.984219
13 0.315377 0.933985 0.111431 0.112908 0.984144
2 0.812159 0.933749 0.112631 0.113169 0.983962
2 0.0679161 0.685575 0.111706 0.112133 0.983819
5 0.563192 0.0658153 0.11055 0.112279 0.983345
12 0.0668971 0.313632 0.113098 0.113037 0.983281
5 0.0665521 0.0655257 0.112652 0.112295 0.983224
10 0.315236 0.0646913 0.11193 0.112415 0.983198
5 0.440333 0.561809 0.111166 0.112826 0.983188
5 0.191566 0.0648582 0.11148 0.11153 0.98318
12 0.688252 0.810185 0.112035 0.113636 0.983122
1 0.315429 0.685257 0.112114 0.112024 0.983089
7 0.190923 0.561246 0.111974 0.111153 0.982955
10 0.191744 0.933733 0.112199 0.114129 0.982918
7 0.0673479 0.561843 0.112381 0.111739 0.982861
3 0.811949 0.0651709 0.112243 0.113687 0.982395
13 0.936553 0.93405 0.111965 0.113752 0.981843
2 0.316003 0.437281 0.111165 0.112543 0.98181
5 0.4402 0.43777 0.111114 0.112569 0.98174
5 0.936093 0.685437 0.111449 0.110767 0.981645
9 0.93646 0.809681 0.112028 0.112151 0.981425
1 0.191091 0.312873 0.111769 0.11172 0.981217
4 0.439048 0.312781 0.112722 0.113021 0.980991
6 0.439629 0.188912 0.112821 0.111858 0.980989
8 0.688024 0.0653015 0.111725 0.113103 0.980915
1 0.314969 0.189094 0.112037 0.111868 0.980765
8 0.191092 0.188936 0.111488 0.11197 0.980696
8 0.43937 0.0651022 0.112072 0.112505 0.980528
11 0.563745 0.809923 0.112417 0.114287 0.98048
0 0.315324 0.312676 0.111721 0.112199 0.980196
13 0.811788 0.810066 0.11176 0.113663 0.980174
6 0.563933 0.561297 0.1122 0.112256 0.979934
1 0.563548 0.437087 0.112532 0.113039 0.979641
5 0.687634 0.685671 0.111194 0.111634 0.979565
6 0.687925 0.561382 0.112167 0.111688 0.979423
3 0.811711 0.68564 0.112301 0.112786 0.979374
5 0.563448 0.312699 0.111829 0.113528 0.979123
1 0.6879 0.313044 0.112662 0.11339 0.979061
8 0.0673165 0.437423 0.112189 0.112276 0.979024
1 0.812324 0.437088 0.113116 0.112855 0.978631
5 0.936461 0.561205 0.112848 0.112882 0.978614
6 0.936609 0.437111 0.113383 0.111662 0.978462
8 0.688219 0.437151 0.111842 0.11213 0.978182
8 0.81223 0.561303 0.112395 0.112379 0.978101
8 0.439605 0.685639 0.112095 0.112331 0.978071
6 0.936401 0.0645177 0.113525 0.112155 0.977797
11 0.56355 0.188611 0.111805 0.112453 0.977561
8 0.688082 0.188844 0.111794 0.112154 0.977487
13 0.935756 0.18832 0.110763 0.111588 0.977464
7 0.812464 0.312898 0.112691 0.113119 0.977367
13 0.936128 0.313505 0.111247 0.112216 0.976717
11 0.811821 0.188428 0.112337 0.112202 0.976016
2 0.0666836 0.43695 0.113912 0.111364 0.0162468
2 0.688251 0.188941 0.112706 0.11199 0.0138948
5 0.563697 0.810212 0.111339 0.112313 0.0138509
8 0.813234 0.933549 0.109973 0.111869 0.0117241
2 0.688342 0.0647486 0.112013 0.111547 0.0100964
2 0.68828 0.437024 0.111837 0.111803 0.00973664
3 0.936117 0.810273 0.111558 0.113508 0.00956077
12 0.811665 0.313152 0.112151 0.113284 0.00920431
5 0.813004 0.189318 0.111696 0.112469 0.00615659
7 0.935442 0.313496 0.114116 0.113866 0.00578165
11 0.439781 0.685729 0.112372 0.111976 0.00526781
12 0.936117 0.810273 0.111558 0.113508 0.00503762
8 0.688447 0.933409 0.113665 0.111896 0.00495876
2 0.812589 0.561433 0.111521 0.112866 0.00473989
11 0.811994 0.561209 0.112555 0.111634 0.00469938
2 0.439442 0.685297 0.112608 0.111851 0.0041594
6 0.19126 0.437604 0.111781 0.111788 0.00414358
10 0.191694 0.0647144 0.111033 0.111375 0.00409781
6 0.811702 0.0650598 0.111637 0.112591 0.00376621
2 0.439921 0.0650057 0.111579 0.112538 0.00362427
5 0.563517 0.189497 0.111441 0.112519 0.00356639
6 0.811555 0.685823 0.111595 0.112437 0.00355337
3 0.688144 0.685213 0.112401 0.113106 0.0034505
7 0.315377 0.933985 0.111431 0.112908 0.00328169
7 0.936404 0.18918 0.111916 0.113643 0.00323837
11 0.191277 0.188823 0.111129 0.111221 0.0031685
11 0.688337 0.436931 0.112092 0.11181 0.00315358
1 0.56398 0.933443 0.111975 0.111729 0.00314829
11 0.688303 0.188699 0.11185 0.112135 0.003094
0 0.687996 0.312511 0.112774 0.113206 0.00289767
7 0.811432 0.809675 0.112844 0.11228 0.00288278
12 0.935474 0.189148 0.113811 0.114188 0.00272926
1 0.439284 0.312993 0.112121 0.112752 0.00271101
2 0.191249 0.437252 0.11188 0.112546 0.0027096
12 0.81143 0.810142 0.111643 0.112398 0.00269162
0 0.812452 0.436518 0.113244 0.112571 0.00266839
4 0.688144 0.685213 0.112401 0.113106 0.00266143
12 0.935941 0.934119 0.11148 0.112675 0.00255804
2 0.688144 0.685213 0.112401 0.113106 0.00250352
1 0.688072 0.561021 0.112735 0.112686 0.00247983
0 0.687894 0.809759 0.111649 0.112031 0.00247754
11 0.439921 0.0650057 0.111579 0.112538 0.00247071
10 0.811543 0.188691 0.111879 0.112825 0.002444
1 0.315251 0.437912 0.109564 0.108585 0.0023216
1 0.813203 0.93322 0.112958 0.112949 0.00226051
1 0.937161 0.436607 0.109294 0.110599 0.00222255
3 0.687992 0.561294 0.112044 0.112991 0.00222076
11 0.688204 0.0643283 0.111579 0.112644 0.00207692
4 0.0668446 0.561148 0.11485 0.112049 0.00200395
2 0.191051 0.188825 0.11195 0.111636 0.00197026
12 0.0672814 0.189005 0.112759 0.112883 0.00196075
2 0.688107 0.313221 0.111932 0.113244 0.00194661
3 0.936257 0.064499 0.113533 0.113695 0.00194514
12 0.936286 0.0646641 0.113245 0.113576 0.0019335
3 0.0672036 0.188988 0.112025 0.112235 0.00187908
1 0.688317 0.933525 0.113284 0.112408 0.00184014
3 0.0675716 0.933942 0.112659 0.113111 0.00183968
4 0.315236 0.0647608 0.111575 0.112872 0.00183955
2 0.813004 0.437123 0.111107 0.113623 0.00180038
7 0.439447 0.313106 0.111612 0.111772 0.00177522
0 0.0670752 0.438148 0.112154 0.112615 0.00175424
1 0.439744 0.933595 0.112779 0.112148 0.00175261
10 0.935987 0.934163 0.113228 0.113538 0.00172964
0 0.563693 0.436624 0.111789 0.112654 0.00172846
3 0.563858 0.561113 0.111854 0.113228 0.00171453
12 0.935442 0.313496 0.114116 0.113866 0.00170335
1 0.439697 0.18918 0.11242 0.111946 0.00170188
4 0.811555 0.685823 0.111595 0.112437 0.00167098
3 0.936465 0.437065 0.113781 0.113308 0.00165854
10 0.935474 0.189148 0.113811 0.114188 0.00164672
6 0.811737 0.312824 0.112047 0.11317 0.00164661
3 0.315628 0.809699 0.112457 0.113538 0.00163993
1 0.936086 0.0647119 0.111219 0.113242 0.00162602
12 0.316055 0.0645601 0.1112 0.112277 0.00159299
3 0.563478 0.93379 0.111557 0.11214 0.00159056
6 0.439953 0.809935 0.112842 0.113539 0.00155493
4 0.687852 0.313337 0.11234 0.112732 0.00155429
10 0.687715 0.685295 0.11137 0.112088 0.00153735
1 0.564061 0.561016 0.113055 0.113372 0.00153449
3 0.315587 0.437391 0.112814 0.112389 0.00151617
12 0.0674867 0.933885 0.114784 0.113226 0.00149433
1 0.0673865 0.685206 0.112721 0.111504 0.00148797
10 0.93673 0.561318 0.111582 0.111846 0.00148411
10 0.0662258 0.0652764 0.112202 0.111249 0.00148295
1 0.315324 0.312676 0.111721 0.112199 0.00148146
10 0.439519 0.561129 0.111663 0.112275 0.00147132
11 0.0666836 0.43695 0.113912 0.111364 0.00146157
4 0.56372 0.437225 0.112291 0.112349 0.00145326
4 0.315315 0.189354 0.112292 0.113653 0.00145223
4 0.811949 0.313335 0.113741 0.112556 0.00144842
4 0.315429 0.685257 0.112114 0.112024 0.00143964
6 0.191071 0.561095 0.111281 0.11243 0.00143619
8 0.0667465 0.685263 0.114565 0.112609 0.00143183
10 0.936363 0.685524 0.112095 0.112666 0.00139464
3 0.439793 0.934005 0.112515 0.114061 0.00135094
4 0.811702 0.0650598 0.111637 0.112591 0.00134645
0 0.0674931 0.80969 0.111897 0.112729 0.00134382
4 0.191193 0.313283 0.111917 0.112695 0.00132611
3 0.439401 0.188956 0.111588 0.113269 0.00132012
10 0.439573 0.437311 0.111524 0.112215 0.00131229
10 0.315163 0.933678 0.111451 0.111513 0.00130716
10 0.563383 0.0649117 0.111421 0.111898 0.00130455
10 0.563043 0.312869 0.111442 0.111961 0.00129537
12 0.191115 0.437571 0.111951 0.112328 0.00128027
10 0.812428 0.313382 0.112553 0.113616 0.00127655
0 0.191108 0.312977 0.110949 0.112445 0.00127601
9 0.812999 0.0653433 0.110216 0.110668 0.00123714
6 0.0672559 0.560991 0.112117 0.113717 0.0012263
10 0.936064 0.313227 0.113207 0.113751 0.00119584
1 0.811711 0.68564 0.112301 0.112786 0.00117471
0 0.315032 0.189286 0.112186 0.113229 0.00116471
11 0.935987 0.934163 0.113228 0.113538 0.0011565
12 0.811702 0.0650598 0.111637 0.112591 0.00115374
4 0.563463 0.313253 0.113338 0.112876 0.00115312
13 0.191251 0.933572 0.112057 0.111173 0.00114918
1 0.191266 0.684941 0.112087 0.111587 0.0011407
1 0.316427 0.809983 0.111204 0.112534 0.00112675
0 0.687801 0.438095 0.110567 0.111694 0.00112663
7 0.315236 0.0647608 0.111575 0.112872 0.00111757
10 0.563535 0.685464 0.111565 0.112185 0.00111269
7 0.936011 0.933641 0.110818 0.112504 0.00110469
12 0.811347 0.685869 0.111531 0.11214 0.00109377
5 0.811772 0.81008 0.113239 0.113542 0.00109144
12 0.439284 0.312993 0.112121 0.112752 0.00108
2 0.812999 0.0653433 0.110216 0.110668 0.00107451
13 0.811737 0.312824 0.112047 0.11317 0.00107116
4 0.191111 0.437245 0.111756 0.112258 0.0010542
4 0.19165 0.064579 0.111834 0.111351 0.00105076
10 0.563593 0.1887 0.112133 0.112251 0.00104695
3 0.563435 0.313168 0.113438 0.113589 0.00103768
5 0.935442 0.313496 0.114116 0.113866 0.00103506
13 0.314709 0.0644872 0.111602 0.11204 0.00101934
8 0.315251 0.437912 0.109564 0.108585 0.00101486
4 0.812617 0.437477 0.112275 0.113198 0.0010134
6 0.06657 0.31352 0.112809 0.112251 0.00100669
