10 0.315646 0.933448 0.112059 0.11359 0.986265
9 0.191679 0.933722 0.11266 0.113248 0.985438
11 0.315213 0.68545 0.111267 0.11271 0.984797
12 0.687947 0.934415 0.113498 0.113941 0.98451
11 0.191131 0.685252 0.111687 0.112703 0.984441
10 0.0674797 0.561445 0.11373 0.113278 0.984436
7 0.93635 0.809435 0.11212 0.111921 0.984298
5 0.687728 0.809658 0.111664 0.112952 0.983841
11 0.191104 0.561366 0.111244 0.112419 0.983802
9 0.315652 0.188914 0.11151 0.112875 0.983717
4 0.439363 0.685376 0.112245 0.113214 0.983694
13 0.315595 0.313235 0.113175 0.114083 0.983659
1 0.191246 0.809471 0.112205 0.112534 0.983657
0 0.935788 0.684316 0.113474 0.112511 0.983494
1 0.439441 0.809542 0.112592 0.11258 0.983454
12 0.439511 0.934314 0.112233 0.114084 0.983366
3 0.31557 0.561515 0.111599 0.113432 0.9833
2 0.812201 0.933873 0.111988 0.112914 0.983128
3 0.0674537 0.934051 0.112805 0.113773 0.983081
4 0.315315 0.0646589 0.112654 0.112516 0.982904
8 0.563487 0.93398 0.1117 0.113081 0.982783
4 0.0669209 0.0648219 0.113556 0.113633 0.982663
10 0.812003 0.809911 0.11354 0.113193 0.982636
10 0.191831 0.188582 0.113807 0.11282 0.982543
11 0.191048 0.313408 0.111717 0.112501 0.982368
1 0.563753 0.685161 0.111983 0.112924 0.98231
11 0.563104 0.0651372 0.11201 0.113554 0.982163
2 0.315654 0.437415 0.111511 0.112639 0.982091
1 0.0671318 0.437611 0.112679 0.112255 0.98178
1 0.19097 0.0645183 0.111893 0.113418 0.98122
0 0.564013 0.809456 0.111729 0.112828 0.981184
1 0.439201 0.0651018 0.111705 0.112948 0.981137
1 0.0668957 0.189309 0.112617 0.112647 0.981121
2 0.0672223 0.312812 0.112502 0.112753 0.981114
11 0.935622 0.93352 0.112982 0.113865 0.980926
4 0.439104 0.313127 0.112397 0.11305 0.980897
2 0.191121 0.436981 0.111683 0.111754 0.980856
9 0.0671455 0.809563 0.11336 0.11344 0.980789
7 0.563492 0.189251 0.111139 0.111475 0.980506
2 0.439343 0.188782 0.112604 0.113186 0.98027
12 0.439749 0.560728 0.111609 0.113382 0.979346
13 0.812061 0.313411 0.112763 0.113127 0.979262
6 0.688147 0.685206 0.112738 0.112342 0.979236
1 0.563528 0.43726 0.112218 0.11298 0.979234
12 0.68796 0.0644196 0.11147 0.113017 0.979212
2 0.0673593 0.685126 0.112277 0.111876 0.979044
6 0.688271 0.436923 0.112794 0.112362 0.978956
7 0.687806 0.561003 0.112077 0.112921 0.978927
12 0.936197 0.188572 0.112426 0.11332 0.978889
0 0.563766 0.561205 0.111954 0.113658 0.978861
1 0.687676 0.312993 0.112291 0.112846 0.978852
1 0.812038 0.684671 0.113179 0.113643 0.978841
11 0.811523 0.0649555 0.112694 0.113544 0.978798
3 0.811488 0.18861 0.112016 0.112587 0.978489
0 0.811903 0.561011 0.112075 0.112096 0.978488
2 0.56361 0.31312 0.111734 0.111709 0.978258
1 0.936309 0.0640119 0.113686 0.113673 0.978252
0 0.687704 0.188936 0.112223 0.113168 0.978122
0 0.936141 0.437086 0.112704 0.112254 0.977958
1 0.936365 0.313039 0.113541 0.112644 0.977903
8 0.439678 0.437254 0.111342 0.111777 0.977627
1 0.936334 0.560892 0.113492 0.112273 0.977509
8 0.315152 0.80969 0.111557 0.110997 0.976821
8 0.812252 0.437019 0.11186 0.112747 0.976279
2 0.812296 0.43677 0.111336 0.112275 0.0144438
2 0.315401 0.810048 0.112771 0.112611 0.0126802
2 0.439418 0.436794 0.111164 0.11316 0.01162
8 0.811819 0.933153 0.112324 0.11304 0.00962796
2 0.688119 0.809277 0.111718 0.113722 0.00729389
2 0.563679 0.934035 0.112144 0.112902 0.00619717
12 0.811554 0.18893 0.111282 0.112388 0.00441116
7 0.439342 0.31324 0.111195 0.11172 0.00413247
10 0.93598 0.933296 0.112152 0.113313 0.00408518
10 0.811468 0.0647135 0.111131 0.112894 0.00396305
1 0.811768 0.560677 0.112256 0.111716 0.0036715
11 0.315487 0.810081 0.11282 0.112287 0.00366222
6 0.439517 0.561142 0.111402 0.112718 0.00349522
6 0.687986 0.0651527 0.110921 0.113726 0.00332389
4 0.191634 0.188899 0.112926 0.113099 0.00323017
7 0.811641 0.809306 0.112842 0.113426 0.00310803
9 0.811502 0.18893 0.111996 0.112462 0.00309392
1 0.0672118 0.0648606 0.113816 0.113431 0.00307112
3 0.688129 0.43657 0.113371 0.113178 0.00306032
1 0.439228 0.313047 0.112522 0.112911 0.0030471
12 0.686824 0.561154 0.110805 0.112934 0.00303475
0 0.688004 0.312405 0.112191 0.112378 0.00297567
1 0.439576 0.685397 0.113386 0.113277 0.00288126
1 0.0675341 0.313342 0.111823 0.11375 0.00285695
4 0.811641 0.809306 0.112842 0.113426 0.00285446
1 0.315619 0.0643793 0.11259 0.112581 0.00280377
6 0.439828 0.934605 0.112847 0.114324 0.00274768
9 0.935495 0.93376 0.111159 0.111982 0.00274687
0 0.936658 0.560478 0.112549 0.111266 0.00257772
0 0.935855 0.0644928 0.112591 0.112901 0.00252929
1 0.687915 0.188334 0.112023 0.113185 0.00250761
4 0.0674797 0.561445 0.11373 0.113278 0.00249907
11 0.688096 0.809411 0.111627 0.113585 0.00247203
3 0.687897 0.685031 0.112649 0.113056 0.00243678
12 0.315269 0.189135 0.112277 0.112846 0.00240003
4 0.563705 0.437314 0.112197 0.112286 0.00237265
6 0.936467 0.188925 0.112596 0.113786 0.00236371
10 0.191778 0.313384 0.111574 0.112068 0.00234516
6 0.688118 0.934113 0.112444 0.114297 0.00233236
0 0.936247 0.313317 0.112622 0.111713 0.00228249
0 0.812483 0.684752 0.111507 0.112858 0.00227917
7 0.439389 0.685273 0.112007 0.112722 0.00225603
1 0.688266 0.68504 0.111587 0.113555 0.00221146
0 0.688131 0.0648417 0.110136 0.113768 0.00218637
1 0.563865 0.560898 0.112019 0.112811 0.0021831
11 0.563679 0.934035 0.112144 0.112902 0.00206315
4 0.439521 0.809349 0.111988 0.112255 0.00205309
4 0.56389 0.684893 0.11159 0.112017 0.00203718
10 0.191282 0.561228 0.11184 0.113016 0.00202857
3 0.191025 0.437252 0.112938 0.111871 0.00202826
10 0.191088 0.685197 0.111869 0.113323 0.0020138
12 0.936075 0.809535 0.112894 0.11389 0.00199514
1 0.688129 0.43657 0.113371 0.113178 0.00197513
13 0.191048 0.313408 0.111717 0.112501 0.00193299
4 0.687719 0.313158 0.112081 0.112103 0.00193184
11 0.812359 0.437517 0.111981 0.113041 0.00192748
0 0.68835 0.93346 0.113283 0.112984 0.00192578
4 0.688096 0.560965 0.111932 0.112568 0.00192577
13 0.935478 0.933473 0.113256 0.113723 0.00188643
2 0.688042 0.313015 0.111057 0.113434 0.00188497
11 0.811819 0.933153 0.112324 0.11304 0.00186434
0 0.439115 0.0644373 0.111535 0.113747 0.00185023
1 0.563577 0.313548 0.111324 0.112305 0.00182793
6 0.936074 0.809331 0.111929 0.113495 0.0018268
5 0.315206 0.685356 0.111384 0.113045 0.00181849
9 0.191289 0.685216 0.112384 0.112576 0.00181409
6 0.686824 0.561154 0.110805 0.112934 0.00181076
13 0.19134 0.188832 0.111478 0.112037 0.00180056
5 0.191055 0.685299 0.112234 0.113023 0.00179748
10 0.439414 0.313252 0.110849 0.113267 0.00179381
12 0.0671714 0.80947 0.113699 0.113856 0.00178046
5 0.935933 0.933302 0.112473 0.113883 0.00178045
4 0.19121 0.809469 0.112557 0.113094 0.00177252
7 0.315005 0.0644848 0.111929 0.112491 0.00176938
4 0.936741 0.809028 0.111643 0.112163 0.00174967
5 0.563502 0.0650439 0.112031 0.113251 0.00173603
1 0.315549 0.436908 0.112004 0.113137 0.00170747
13 0.811271 0.0653496 0.112609 0.113498 0.00166391
7 0.0666193 0.0651751 0.112461 0.112315 0.00166385
11 0.439259 0.43693 0.112175 0.111932 0.00166276
4 0.315646 0.933448 0.112059 0.11359 0.00164538
3 0.315391 0.437447 0.112113 0.112076 0.00164398
3 0.0666292 0.685145 0.114314 0.112486 0.00161401
13 0.563502 0.0650439 0.112031 0.113251 0.00159514
1 0.813107 0.93315 0.113418 0.112709 0.00157001
4 0.81183 0.684668 0.112531 0.112607 0.00156494
0 0.19097 0.0645183 0.111893 0.113418 0.00155963
9 0.936008 0.437375 0.112312 0.112628 0.00152886
0 0.563785 0.437459 0.111435 0.113177 0.00152555
1 0.439619 0.188669 0.112267 0.113852 0.00150273
5 0.811271 0.0653496 0.112609 0.113498 0.0014653
1 0.191279 0.436856 0.11202 0.112531 0.00145501
12 0.191741 0.933518 0.113486 0.113588 0.00141335
3 0.0666459 0.313014 0.113445 0.113458 0.00140341
3 0.563921 0.313583 0.111756 0.113917 0.00139828
7 0.1914 0.188708 0.112775 0.113786 0.00138794
9 0.935958 0.684683 0.112236 0.112096 0.00138024
4 0.93638 0.313791 0.111968 0.113124 0.00136431
8 0.0666459 0.313014 0.113445 0.113458 0.00135626
9 0.811394 0.064455 0.111377 0.112226 0.00134944
3 0.439531 0.188968 0.112348 0.113592 0.00134026
1 0.315118 0.561219 0.112382 0.112123 0.00133957
7 0.811991 0.314109 0.112627 0.113719 0.00133818
10 0.563104 0.0651372 0.11201 0.113554 0.00131461
0 0.0667877 0.188549 0.112814 0.112234 0.00130986
10 0.68808 0.560849 0.111897 0.113429 0.00129728
6 0.811463 0.684926 0.111228 0.114376 0.00129181
6 0.439389 0.685273 0.112007 0.112722 0.0012815
4 0.0671318 0.437611 0.112679 0.112255 0.00126282
4 0.0668957 0.189309 0.112617 0.112647 0.00126045
13 0.0669629 0.561294 0.112873 0.112918 0.00123134
4 0.439547 0.0649296 0.112178 0.113529 0.00121955
10 0.315334 0.685196 0.111167 0.113229 0.00121374
5 0.811661 0.809743 0.112825 0.112451 0.0012102
3 0.0668439 0.809083 0.112962 0.112227 0.00120872
0 0.066998 0.437009 0.112834 0.112217 0.00118544
13 0.191104 0.561366 0.111244 0.112419 0.00117488
1 0.0672144 0.684946 0.112524 0.111241 0.00114694
1 0.0665433 0.933797 0.112735 0.112835 0.00114676
8 0.191103 0.313086 0.112739 0.113116 0.00113821
1 0.5642 0.809429 0.111649 0.112743 0.00113065
7 0.0675207 0.561032 0.112547 0.113565 0.00112997
10 0.439363 0.685376 0.112245 0.113214 0.00112417
2 0.191289 0.685216 0.112384 0.112576 0.00111245
4 0.936658 0.560478 0.112549 0.111266 0.00111149
13 0.315749 0.93398 0.111819 0.111937 0.00110976
0 0.315219 0.189179 0.112025 0.112866 0.00110389
0 0.811447 0.437972 0.108722 0.112039 0.00110336
13 0.315213 0.68545 0.111267 0.11271 0.00110114
8 0.315603 0.436503 0.111011 0.11109 0.00109574
6 0.811554 0.18893 0.111282 0.112388 0.00108348
8 0.93599 0.43713 0.110518 0.111882 0.00107463
5 0.191282 0.561228 0.11184 0.113016 0.0010659
10 0.811554 0.313646 0.113476 0.114423 0.00106304
9 0.191206 0.560957 0.111223 0.111895 0.00102793
10 0.315184 0.0643385 0.111815 0.112177 0.00101958
3 0.439406 0.560905 0.111952 0.11353 0.00101677
4 0.936234 0.0647043 0.112107 0.113496 0.00101306
10 0.315403 0.313195 0.112047 0.112268 0.00100146
