7 0.315385 0.809658 0.112062 0.111954 0.986094
7 0.439431 0.809742 0.11141 0.11177 0.985772
7 0.936297 0.934001 0.113021 0.112765 0.985466
6 0.191935 0.809205 0.11132 0.111917 0.985361
6 0.316207 0.933618 0.111692 0.113191 0.985313
9 0.43907 0.685221 0.111624 0.112768 0.98519
1 0.563752 0.933863 0.111768 0.112877 0.985038
13 0.439599 0.933869 0.112841 0.114225 0.985023
9 0.811867 0.809801 0.112565 0.112561 0.984723
4 0.0674242 0.561282 0.113809 0.113664 0.984337
6 0.314988 0.0647683 0.112148 0.112847 0.984009
2 0.563434 0.0650703 0.112226 0.113165 0.984008
11 0.563765 0.809968 0.111125 0.111721 0.983748
11 0.315749 0.561789 0.111518 0.112148 0.983561
3 0.811734 0.933972 0.113049 0.11379 0.983512
13 0.0671471 0.437621 0.112945 0.112208 0.983483
1 0.936457 0.809435 0.112628 0.112232 0.983283
7 0.315339 0.313481 0.113161 0.11199 0.983281
6 0.0669189 0.313609 0.113137 0.112668 0.983043
10 0.315715 0.685161 0.111695 0.112264 0.982926
4 0.315373 0.188935 0.112996 0.112872 0.982871
10 0.0672988 0.685477 0.112469 0.112278 0.982776
13 0.563719 0.685175 0.111711 0.112995 0.98274
11 0.439209 0.0649927 0.110895 0.111769 0.982605
9 0.191548 0.933651 0.11233 0.113074 0.982348
0 0.6882 0.933694 0.112107 0.112593 0.982331
1 0.191587 0.561492 0.111529 0.112292 0.981796
9 0.439504 0.561463 0.111295 0.112877 0.981672
5 0.687866 0.065388 0.11082 0.111894 0.981363
11 0.191305 0.313042 0.111421 0.112327 0.981275
1 0.191112 0.0645635 0.1122 0.113584 0.981189
0 0.19145 0.685158 0.112108 0.112237 0.981136
1 0.687728 0.809835 0.111838 0.113061 0.981114
1 0.315097 0.437372 0.111846 0.111872 0.981066
1 0.06665 0.934183 0.112677 0.112886 0.981023
7 0.812181 0.0652001 0.113196 0.113235 0.980806
0 0.191296 0.188388 0.112119 0.112034 0.980698
0 0.191179 0.437396 0.111867 0.111874 0.980396
10 0.439201 0.312814 0.112796 0.11196 0.980168
4 0.563776 0.312956 0.113242 0.113583 0.979889
12 0.563574 0.437322 0.112226 0.111913 0.979619
13 0.687582 0.313076 0.112252 0.112874 0.979526
9 0.687744 0.437391 0.111809 0.111911 0.979505
7 0.564009 0.561562 0.112659 0.113676 0.979023
10 0.936362 0.06468 0.112055 0.113575 0.979022
3 0.687706 0.685579 0.111696 0.112576 0.978984
0 0.0672658 0.0646539 0.11126 0.112354 0.978935
1 0.687751 0.561095 0.112874 0.113186 0.978919
5 0.688057 0.188577 0.112442 0.112205 0.978785
1 0.81246 0.437016 0.113053 0.113534 0.978687
0 0.439148 0.437511 0.111509 0.111703 0.978661
8 0.0673548 0.188642 0.111737 0.112663 0.978571
0 0.439221 0.188945 0.112066 0.11349 0.978357
0 0.812161 0.312924 0.112573 0.11259 0.978321
0 0.812145 0.561571 0.112396 0.112391 0.978271
5 0.811882 0.685579 0.112061 0.112764 0.97822
12 0.936459 0.68548 0.112842 0.112752 0.978145
0 0.936192 0.43695 0.113315 0.113198 0.977987
5 0.812345 0.188653 0.112201 0.112752 0.977958
11 0.936589 0.561707 0.113177 0.113189 0.977923
11 0.936504 0.312814 0.112724 0.112479 0.977843
0 0.936097 0.18884 0.112856 0.112035 0.977648
0 0.0675361 0.809711 0.112652 0.113843 0.97732
8 0.563754 0.188895 0.111354 0.112868 0.977055
5 0.936688 0.561153 0.112556 0.11174 0.0314436
2 0.563873 0.188961 0.110715 0.112335 0.0144185
4 0.439342 0.313439 0.110297 0.113444 0.0103564
3 0.811567 0.809978 0.111665 0.113233 0.00924102
4 0.316195 0.685314 0.111996 0.112283 0.00743947
4 0.0668141 0.684811 0.114203 0.112121 0.00715355
1 0.0668082 0.80933 0.114102 0.112905 0.00648464
12 0.811503 0.0650146 0.112014 0.112808 0.00591029
4 0.935915 0.0652774 0.113288 0.112978 0.00566278
5 0.935915 0.0652774 0.113288 0.112978 0.00545046
3 0.439944 0.685402 0.112226 0.113625 0.00499942
2 0.0663858 0.188574 0.113217 0.112236 0.00491905
1 0.0669118 0.0637542 0.113167 0.112858 0.00437308
5 0.439722 0.0649433 0.111481 0.112247 0.00424064
12 0.936056 0.934052 0.113176 0.113988 0.00414363
12 0.811567 0.809978 0.111665 0.113233 0.00412525
0 0.688155 0.437396 0.110979 0.112253 0.00402077
2 0.813084 0.93402 0.111013 0.111463 0.00401146
6 0.564086 0.437357 0.110973 0.11226 0.00389063
3 0.316207 0.933618 0.111692 0.113191 0.00346343
3 0.192099 0.933958 0.111189 0.113185 0.00346201
5 0.564308 0.810021 0.111485 0.111649 0.00334832
1 0.0669893 0.560984 0.115662 0.114509 0.00327045
10 0.937056 0.561179 0.112745 0.113369 0.00287013
2 0.688206 0.188974 0.113305 0.112926 0.00285626
1 0.563922 0.313457 0.113183 0.112929 0.00275
13 0.936519 0.0646102 0.11189 0.112148 0.00274519
3 0.439945 0.560974 0.111356 0.113002 0.00270831
0 0.812607 0.436387 0.112589 0.112487 0.00270021
0 0.81305 0.809759 0.112959 0.112548 0.00268675
12 0.439782 0.313157 0.112075 0.1129 0.00267835
2 0.688175 0.685851 0.111949 0.112531 0.00266791
13 0.439265 0.313069 0.11093 0.111613 0.00265061
5 0.191311 0.313507 0.111825 0.110864 0.002649
1 0.316039 0.189013 0.112408 0.112339 0.00260444
13 0.811568 0.0646499 0.111795 0.112975 0.00250019
3 0.191935 0.809205 0.11132 0.111917 0.0024372
2 0.688164 0.0647337 0.111319 0.111581 0.00239745
1 0.812267 0.31271 0.112125 0.113098 0.00236379
5 0.936488 0.313267 0.112061 0.111578 0.00234272
7 0.936082 0.0641576 0.113021 0.113917 0.00231305
9 0.813084 0.93402 0.111013 0.111463 0.00230005
4 0.936566 0.933749 0.112793 0.11413 0.00228232
7 0.4397 0.313303 0.113081 0.11337 0.00220757
6 0.811667 0.933413 0.112623 0.112621 0.00220536
3 0.813083 0.68538 0.11267 0.113731 0.00220073
0 0.688095 0.809367 0.111468 0.111508 0.00219583
3 0.688164 0.0647337 0.111319 0.111581 0.00213207
7 0.315596 0.684852 0.112636 0.112645 0.0021163
1 0.191085 0.43733 0.112645 0.112362 0.00211577
2 0.813083 0.68538 0.11267 0.113731 0.00205834
7 0.0671823 0.436436 0.111939 0.112579 0.00205633
3 0.688356 0.436663 0.111513 0.112107 0.00201358
9 0.688175 0.685851 0.111949 0.112531 0.00200989
12 0.56427 0.561313 0.111312 0.113568 0.00199836
8 0.688194 0.437525 0.11189 0.112994 0.00199818
12 0.811742 0.933625 0.111261 0.11328 0.00198488
4 0.688164 0.0647337 0.111319 0.111581 0.00196105
12 0.439944 0.685402 0.112226 0.113625 0.001959
1 0.812091 0.561111 0.112406 0.1118 0.00193333
4 0.31538 0.437832 0.112276 0.11265 0.00192459
7 0.314911 0.188426 0.11193 0.112582 0.00189579
3 0.688206 0.188974 0.113305 0.112926 0.00187313
12 0.563551 0.685656 0.111731 0.112416 0.00186493
1 0.563708 0.0644717 0.112203 0.113556 0.00185555
11 0.811633 0.18906 0.112902 0.111925 0.00184038
12 0.439416 0.934284 0.111251 0.11159 0.00181422
12 0.439945 0.560974 0.111356 0.113002 0.00180962
10 0.0665037 0.436737 0.114218 0.112381 0.00180185
0 0.688133 0.560792 0.111966 0.111292 0.00175579
4 0.564134 0.561468 0.112665 0.113034 0.00173649
3 0.0666569 0.313376 0.112316 0.112746 0.00171638
12 0.688356 0.436663 0.111513 0.112107 0.00170394
4 0.687808 0.560644 0.112463 0.112382 0.00167668
4 0.191587 0.561492 0.111529 0.112292 0.00167041
0 0.191112 0.0645635 0.1122 0.113584 0.00165726
4 0.687892 0.80976 0.112202 0.11289 0.00164388
2 0.688191 0.809592 0.112478 0.112919 0.00163113
2 0.811627 0.188998 0.113638 0.112424 0.00162055
13 0.315079 0.684987 0.112398 0.112175 0.00161588
4 0.439813 0.80933 0.111557 0.112144 0.00161137
2 0.688085 0.56101 0.111859 0.11271 0.00158648
10 0.936129 0.312744 0.111936 0.113246 0.00158085
9 0.936038 0.4374 0.112518 0.112999 0.0015648
0 0.936539 0.80923 0.111857 0.11244 0.00151948
5 0.688194 0.685467 0.112744 0.113124 0.00150911
10 0.191086 0.313514 0.110788 0.111649 0.00149506
4 0.563636 0.933612 0.110653 0.111804 0.00148597
13 0.0666457 0.685039 0.112287 0.112039 0.00148471
5 0.315267 0.561013 0.112454 0.112699 0.00144282
6 0.936069 0.933761 0.112151 0.113886 0.00144272
4 0.936457 0.809435 0.112628 0.112232 0.00144022
1 0.439238 0.188407 0.112161 0.113047 0.0014289
4 0.315862 0.809395 0.111997 0.112367 0.00141943
7 0.0674893 0.684912 0.112943 0.112909 0.00141771
12 0.192293 0.933957 0.112794 0.111947 0.00141614
9 0.936083 0.189266 0.11258 0.113112 0.00141167
3 0.813009 0.189127 0.113173 0.11497 0.00140834
3 0.314988 0.0647683 0.112148 0.112847 0.00140749
4 0.688206 0.188974 0.113305 0.112926 0.00139964
12 0.935915 0.0652774 0.113288 0.112978 0.00139035
11 0.811624 0.68573 0.112946 0.111426 0.00136884
12 0.31538 0.313602 0.112363 0.112186 0.00134607
1 0.81192 0.933797 0.111752 0.112772 0.00130915
2 0.813023 0.437011 0.109961 0.113988 0.00128406
11 0.563655 0.189063 0.112208 0.112363 0.00127135
0 0.56381 0.933505 0.111549 0.111818 0.00124098
1 0.439369 0.436813 0.112296 0.11268 0.00124075
1 0.191367 0.685021 0.111894 0.112747 0.00121783
12 0.687637 0.313225 0.111334 0.111811 0.00119942
0 0.066631 0.93401 0.113763 0.113396 0.00116608
0 0.439945 0.560974 0.111356 0.113002 0.00116088
10 0.315805 0.560844 0.111729 0.112682 0.00115406
13 0.191086 0.313514 0.110788 0.111649 0.00115367
8 0.687638 0.933728 0.111743 0.111667 0.00113614
0 0.06734 0.188932 0.11197 0.112881 0.00112474
0 0.315301 0.437448 0.112745 0.112502 0.00111693
1 0.687878 0.685603 0.111962 0.112481 0.00111472
6 0.688191 0.809592 0.112478 0.112919 0.00110073
4 0.812613 0.437458 0.111593 0.113353 0.00109652
4 0.688144 0.685473 0.112349 0.113312 0.00109564
10 0.688164 0.0647337 0.111319 0.111581 0.00108212
12 0.688194 0.685467 0.112744 0.113124 0.00106675
10 0.439447 0.933905 0.11173 0.11168 0.00106262
7 0.936163 0.685516 0.11058 0.114791 0.00104935
7 0.687882 0.313347 0.112224 0.113142 0.00103455
2 0.563656 0.809667 0.111246 0.111697 0.00102622
8 0.93606 0.312591 0.112243 0.112359 0.00101467
6 0.811453 0.0648119 0.112936 0.112145 0.00100709
11 0.0669659 0.188706 0.111174 0.111373 0.00100185
