9 0.563527 0.808599 0.111553 0.11448 0.985764
13 0.191293 0.686298 0.111592 0.114084 0.985517
9 0.439464 0.808295 0.111509 0.112113 0.985191
5 0.438892 0.933758 0.110121 0.11174 0.984705
7 0.563141 0.0655914 0.1126 0.112211 0.984548
13 0.315275 0.562361 0.112835 0.114004 0.983429
13 0.31561 0.438061 0.111722 0.112099 0.983235
0 0.813191 0.80864 0.112247 0.11324 0.982919
5 0.0668082 0.686449 0.113519 0.115238 0.982805
8 0.190092 0.934493 0.111252 0.110098 0.982607
3 0.191239 0.438305 0.112444 0.113877 0.982577
7 0.439501 0.18958 0.113637 0.113825 0.982316
0 0.689181 0.933541 0.113215 0.112503 0.982262
5 0.315477 0.313795 0.111707 0.11379 0.982237
8 0.066014 0.935152 0.113772 0.110609 0.981918
6 0.067085 0.190033 0.115065 0.114221 0.981559
4 0.935912 0.80895 0.111575 0.11165 0.981555
3 0.811615 0.0651246 0.111694 0.111547 0.981529
11 0.812483 0.933644 0.112917 0.112748 0.981461
10 0.0672334 0.0648388 0.111681 0.114664 0.981393
6 0.0662825 0.313735 0.112896 0.111846 0.981268
11 0.0662635 0.561741 0.113878 0.114054 0.981147
2 0.190802 0.187494 0.111638 0.114918 0.980719
6 0.811764 0.685313 0.113519 0.11162 0.980685
10 0.936561 0.933714 0.110933 0.113867 0.980673
10 0.687974 0.809443 0.112886 0.113951 0.980648
2 0.439545 0.684435 0.11058 0.108797 0.980519
12 0.190939 0.31294 0.113138 0.112885 0.980474
4 0.563138 0.934685 0.11403 0.113116 0.98035
12 0.190625 0.561711 0.110739 0.111128 0.980122
0 0.315078 0.808703 0.11434 0.114249 0.979591
7 0.43974 0.561813 0.111668 0.112062 0.979517
12 0.191154 0.0642667 0.111662 0.11003 0.979401
1 0.066399 0.436382 0.112442 0.114792 0.979149
13 0.811206 0.31292 0.11437 0.115444 0.979079
5 0.439082 0.437735 0.111084 0.113065 0.979025
2 0.314796 0.0629802 0.112451 0.111016 0.978978
10 0.314486 0.187836 0.112747 0.115352 0.978821
11 0.936648 0.562284 0.11142 0.114343 0.978638
11 0.563514 0.437641 0.112679 0.113607 0.978617
1 0.315675 0.684519 0.114254 0.110745 0.978605
5 0.439307 0.313433 0.111161 0.112135 0.978603
10 0.936494 0.312306 0.112733 0.115604 0.978519
1 0.315203 0.933105 0.115348 0.113341 0.978485
12 0.68697 0.685174 0.112124 0.112338 0.978398
2 0.687294 0.0655349 0.113891 0.111814 0.978391
5 0.936749 0.43773 0.111606 0.112672 0.978387
11 0.563436 0.313244 0.112063 0.113151 0.97835
5 0.687063 0.189198 0.112065 0.113353 0.978327
5 0.812339 0.562475 0.112072 0.112518 0.978234
12 0.563932 0.561552 0.112124 0.112102 0.978177
9 0.562845 0.189141 0.111258 0.113433 0.97798
5 0.811963 0.438192 0.112273 0.112134 0.977965
3 0.687422 0.314161 0.112344 0.112556 0.977869
0 0.0665647 0.811082 0.111385 0.115764 0.977652
12 0.936684 0.685426 0.110094 0.110379 0.977633
11 0.936348 0.0649317 0.113419 0.113128 0.977363
1 0.563517 0.685192 0.110369 0.108031 0.977125
0 0.688424 0.437628 0.112603 0.113966 0.976974
1 0.190771 0.811118 0.110836 0.110022 0.976323
1 0.811755 0.187697 0.113213 0.11159 0.976185
1 0.439441 0.0642108 0.113172 0.110839 0.975991
1 0.688428 0.562351 0.112931 0.111275 0.975808
0 0.935855 0.187655 0.109336 0.111447 0.975175
6 0.19064 0.0648712 0.111898 0.111764 0.00870819
8 0.813293 0.933375 0.112482 0.113215 0.00857921
10 0.936464 0.437351 0.110871 0.112275 0.00817894
6 0.687465 0.685142 0.110919 0.112224 0.00711451
11 0.811561 0.56235 0.109814 0.110836 0.00653511
11 0.688012 0.809578 0.11338 0.113802 0.00635587
9 0.81133 0.064252 0.110934 0.112005 0.00620536
6 0.190713 0.56183 0.110329 0.1111 0.00553988
6 0.936371 0.685601 0.109738 0.111255 0.00552785
7 0.68659 0.685425 0.110767 0.111475 0.00487958
11 0.936468 0.43651 0.110188 0.110543 0.00478054
10 0.439757 0.313591 0.111171 0.111585 0.00474642
2 0.0660659 0.934079 0.112833 0.110032 0.00462677
11 0.686557 0.189681 0.111714 0.113708 0.00456867
9 0.686446 0.313708 0.110964 0.112972 0.00445143
5 0.688012 0.809578 0.11338 0.113802 0.00414754
8 0.563557 0.313324 0.112876 0.113592 0.00400002
10 0.439145 0.933955 0.111028 0.111035 0.0039416
6 0.190825 0.313685 0.112889 0.113237 0.00388185
7 0.935919 0.808225 0.109583 0.111951 0.00377823
0 0.688575 0.561996 0.114865 0.113192 0.0036753
11 0.811357 0.438076 0.11108 0.111469 0.00360241
1 0.688171 0.0641042 0.114848 0.111627 0.00358058
12 0.563263 0.189152 0.11104 0.11371 0.00342211
8 0.19189 0.188191 0.110617 0.112002 0.00323458
11 0.43918 0.933913 0.110458 0.11161 0.00321598
0 0.811888 0.186284 0.114072 0.110982 0.00315217
11 0.438776 0.436626 0.109753 0.110629 0.00313545
0 0.563263 0.189152 0.11104 0.11371 0.00308753
1 0.190909 0.188407 0.110556 0.111996 0.00292488
13 0.936139 0.933491 0.111761 0.111806 0.00284708
11 0.439774 0.313444 0.110776 0.111372 0.00266938
8 0.688176 0.0645931 0.113968 0.112234 0.00265207
9 0.811715 0.313253 0.111378 0.114699 0.0026184
11 0.315166 0.313358 0.11217 0.113113 0.0026023
1 0.314463 0.0636831 0.111796 0.109318 0.00258097
10 0.439481 0.437734 0.111175 0.112293 0.00251043
6 0.563591 0.561874 0.112734 0.11228 0.00246779
2 0.19019 0.934078 0.111318 0.109998 0.0024435
0 0.0653931 0.434904 0.113067 0.112717 0.00243641
0 0.563679 0.685312 0.111898 0.109681 0.00237723
3 0.811909 0.684999 0.112338 0.111032 0.00236097
10 0.190916 0.685948 0.111541 0.112536 0.00233857
1 0.688081 0.438326 0.11281 0.113597 0.00232097
2 0.688139 0.314217 0.11264 0.112601 0.00229243
11 0.936191 0.312754 0.113404 0.115178 0.00226182
8 0.563637 0.437589 0.114009 0.114035 0.00222879
7 0.936112 0.685411 0.107858 0.110191 0.00218142
13 0.688012 0.809578 0.11338 0.113802 0.00216586
2 0.813179 0.562681 0.114588 0.115712 0.00215423
3 0.0660328 0.313915 0.112161 0.111438 0.00210167
12 0.686529 0.313539 0.110452 0.112944 0.00207993
11 0.0660659 0.934079 0.112833 0.110032 0.00205076
10 0.811586 0.932526 0.111809 0.110893 0.00199035
8 0.314663 0.0626634 0.111688 0.110144 0.0019609
2 0.811304 0.437822 0.111796 0.111684 0.00195642
10 0.686843 0.189152 0.113086 0.113665 0.00193402
3 0.066556 0.189912 0.114762 0.113735 0.00192917
13 0.936328 0.312073 0.112722 0.113159 0.00191834
0 0.563589 0.808764 0.111205 0.113919 0.00190307
7 0.688391 0.809667 0.11413 0.115894 0.00189151
0 0.439781 0.0645254 0.112653 0.111875 0.00186006
5 0.686559 0.0644706 0.114994 0.11253 0.00185414
1 0.563216 0.934632 0.114511 0.113191 0.0018475
1 0.440313 0.684811 0.110211 0.108649 0.00182738
12 0.439871 0.808785 0.111189 0.11255 0.00181219
1 0.0651546 0.809018 0.112015 0.112883 0.0017673
13 0.68659 0.685425 0.110767 0.111475 0.00171686
9 0.191812 0.438441 0.11531 0.115496 0.00170215
7 0.563788 0.561358 0.112592 0.113069 0.00166945
11 0.0669364 0.685474 0.112951 0.114015 0.00166822
1 0.689245 0.933551 0.113889 0.113059 0.00165369
1 0.687386 0.314141 0.111932 0.112361 0.00164133
7 0.936075 0.311601 0.111496 0.115069 0.00163279
4 0.688391 0.809667 0.11413 0.115894 0.00163085
12 0.936308 0.933859 0.110364 0.112694 0.00162718
8 0.563589 0.808764 0.111205 0.113919 0.00162004
7 0.31586 0.437459 0.111997 0.112355 0.00158839
9 0.935808 0.18827 0.111008 0.111374 0.00157092
12 0.811366 0.0642692 0.111 0.11212 0.00157023
5 0.563559 0.438404 0.113573 0.113878 0.00156487
2 0.686533 0.189401 0.112647 0.113767 0.00156287
0 0.189544 0.80935 0.111228 0.111344 0.00155097
12 0.688012 0.809578 0.11338 0.113802 0.0015484
1 0.936327 0.80893 0.111335 0.112284 0.0015471
10 0.936257 0.561994 0.109137 0.113147 0.00148126
10 0.563921 0.438216 0.113275 0.112823 0.0014555
12 0.191144 0.438388 0.113757 0.114484 0.0014258
0 0.315211 0.933522 0.113402 0.112296 0.00142528
7 0.066556 0.189912 0.114762 0.113735 0.0013944
13 0.936054 0.685745 0.108854 0.110265 0.00139178
8 0.935664 0.0646731 0.111383 0.111182 0.00138098
9 0.811596 0.932985 0.110767 0.109752 0.00137435
0 0.190549 0.934326 0.111012 0.110842 0.00135564
4 0.315072 0.933493 0.114483 0.11284 0.00135515
10 0.935734 0.0646803 0.111469 0.112224 0.00135003
7 0.0668618 0.3139 0.112032 0.11246 0.00134728
11 0.190296 0.934202 0.112067 0.111113 0.00133252
10 0.315489 0.313586 0.113131 0.113378 0.00132572
12 0.563589 0.808764 0.111205 0.113919 0.00132548
7 0.811311 0.68491 0.111295 0.110492 0.00130937
10 0.811965 0.562428 0.111115 0.111707 0.0013043
3 0.190832 0.561098 0.111326 0.111985 0.00130336
6 0.563263 0.934323 0.114206 0.113082 0.00130166
0 0.0666912 0.934474 0.111954 0.111255 0.00128884
4 0.563371 0.0648525 0.111842 0.112203 0.00128845
7 0.936022 0.932944 0.11091 0.112615 0.0012811
10 0.811491 0.438515 0.111266 0.111838 0.00127112
7 0.315522 0.56158 0.113227 0.114088 0.00125708
12 0.935996 0.311753 0.113649 0.114855 0.00125129
3 0.563692 0.561367 0.112937 0.113247 0.00124448
9 0.315084 0.808545 0.113327 0.113455 0.00122177
7 0.314976 0.188469 0.111452 0.113962 0.00120996
4 0.563679 0.685312 0.111898 0.109681 0.00120289
1 0.811478 0.0648332 0.110884 0.11133 0.00118435
8 0.936153 0.561611 0.110278 0.114347 0.0011838
1 0.811909 0.684999 0.112338 0.111032 0.00118123
8 0.563263 0.189152 0.11104 0.11371 0.00117321
10 0.935913 0.809573 0.110324 0.111839 0.00116212
0 0.19099 0.561173 0.110666 0.111476 0.0011557
2 0.189544 0.80935 0.111228 0.111344 0.00115116
5 0.936587 0.561486 0.109949 0.113193 0.00114446
7 0.191313 0.0644353 0.111799 0.110289 0.00113064
8 0.813835 0.808814 0.111742 0.112983 0.00112546
12 0.315857 0.43814 0.110962 0.112165 0.00111253
10 0.066432 0.686675 0.113024 0.114056 0.0010995
8 0.439545 0.684435 0.11058 0.108797 0.00109185
12 0.43975 0.561381 0.110393 0.112809 0.00108009
3 0.191023 0.313276 0.112386 0.112214 0.00107015
6 0.43981 0.561454 0.110038 0.113183 0.00106869
5 0.563408 0.314169 0.113242 0.11356 0.00106855
11 0.936007 0.933749 0.112578 0.11368 0.00105958
4 0.439662 0.562191 0.112873 0.113513 0.00105094
5 0.935844 0.0657898 0.114122 0.114303 0.00105023
7 0.563263 0.934323 0.114206 0.113082 0.00105012
6 0.315072 0.933493 0.114483 0.11284 0.0010498
6 0.191792 0.438477 0.113513 0.116038 0.0010378
6 0.688575 0.561996 0.114865 0.113192 0.00102845
6 0.688139 0.314217 0.11264 0.112601 0.00100663
0 0.315366 0.685236 0.114681 0.112686 0.00100161
