9 0.563895 0.933821 0.111175 0.112894 0.988619
5 0.316524 0.809961 0.111159 0.112404 0.986374
12 0.44058 0.809466 0.110689 0.111816 0.985761
7 0.564158 0.809491 0.111208 0.111554 0.984781
9 0.0670507 0.437839 0.111939 0.111997 0.984576
5 0.191051 0.438284 0.112098 0.112476 0.983914
10 0.314671 0.0648498 0.112193 0.112454 0.98379
0 0.190401 0.933243 0.113323 0.11288 0.983754
12 0.191493 0.5621 0.112199 0.112011 0.983747
12 0.688333 0.809798 0.111369 0.112533 0.983735
0 0.43977 0.933282 0.112521 0.113131 0.98366
6 0.812401 0.933459 0.112463 0.114305 0.983532
10 0.191341 0.809329 0.112901 0.112537 0.983296
7 0.315525 0.561561 0.112953 0.111728 0.983238
12 0.0664338 0.313981 0.112393 0.112697 0.98292
7 0.190717 0.313794 0.113841 0.11171 0.982906
7 0.0670691 0.562253 0.112054 0.111346 0.982776
10 0.315118 0.312679 0.112794 0.112201 0.98268
7 0.0670029 0.68592 0.112053 0.111352 0.982636
7 0.31585 0.685434 0.112712 0.111063 0.982523
0 0.688259 0.933015 0.112468 0.113009 0.982377
8 0.315635 0.934186 0.110972 0.112289 0.982331
13 0.936608 0.933746 0.112315 0.114012 0.982167
13 0.191089 0.0655543 0.111445 0.112741 0.981907
6 0.439195 0.0647584 0.112017 0.113385 0.981639
0 0.191338 0.685371 0.112701 0.111519 0.981626
10 0.0666255 0.0652748 0.111199 0.112836 0.981618
0 0.440435 0.685527 0.111941 0.111657 0.981551
7 0.0665032 0.933854 0.112623 0.113542 0.981511
1 0.315304 0.437378 0.112272 0.112211 0.981071
2 0.190975 0.189334 0.111023 0.111689 0.981069
1 0.0663746 0.189299 0.111197 0.112696 0.980765
4 0.936915 0.809582 0.112232 0.111948 0.980464
8 0.812277 0.809666 0.112292 0.112148 0.980206
4 0.563735 0.561141 0.1121 0.113669 0.980137
4 0.563565 0.436903 0.111895 0.113288 0.979916
9 0.68751 0.312993 0.112803 0.112806 0.979888
10 0.935958 0.0652654 0.112731 0.113441 0.979781
6 0.564368 0.68578 0.111799 0.111627 0.979576
3 0.439547 0.313494 0.111883 0.113818 0.97947
4 0.687811 0.187629 0.112688 0.11322 0.979219
11 0.439817 0.561047 0.111516 0.112566 0.979115
10 0.687827 0.560916 0.111887 0.113349 0.979055
1 0.314458 0.18869 0.112006 0.112186 0.978956
4 0.812908 0.18778 0.113129 0.113247 0.978924
12 0.936133 0.437322 0.113622 0.112178 0.97887
0 0.811435 0.561533 0.112898 0.112709 0.978757
4 0.812518 0.685178 0.112772 0.112574 0.978704
0 0.438819 0.188704 0.11175 0.112318 0.978465
0 0.562955 0.312969 0.111837 0.113661 0.978289
11 0.811818 0.437113 0.112693 0.113928 0.978274
3 0.687639 0.685901 0.111098 0.111652 0.978246
0 0.81232 0.312818 0.112824 0.112651 0.978238
8 0.439491 0.437376 0.112448 0.111877 0.978187
0 0.0667122 0.809144 0.111423 0.113009 0.978149
11 0.563107 0.188269 0.111257 0.114028 0.9779
1 0.687634 0.063642 0.112357 0.112092 0.977889
0 0.936679 0.188642 0.111903 0.112767 0.977816
0 0.562712 0.0652554 0.111018 0.110688 0.977498
7 0.936419 0.561866 0.11329 0.112962 0.977395
8 0.687677 0.43701 0.111812 0.112077 0.977246
2 0.936413 0.685478 0.112484 0.112616 0.977151
7 0.936775 0.313277 0.112606 0.112869 0.97705
0 0.811708 0.0649151 0.111569 0.11058 0.976624
5 0.439964 0.561418 0.111206 0.112783 0.0123278
2 0.688076 0.436934 0.111315 0.111819 0.0102936
1 0.0665184 0.809124 0.112091 0.112334 0.00871682
2 0.813075 0.808959 0.111598 0.11108 0.00799565
1 0.564017 0.437189 0.111708 0.112995 0.00633102
1 0.687958 0.18786 0.112185 0.113311 0.00615531
7 0.190308 0.065607 0.111603 0.112082 0.00609066
4 0.935912 0.313792 0.113735 0.112485 0.00572589
2 0.439848 0.437648 0.111966 0.112481 0.00551909
1 0.564107 0.561457 0.11168 0.112885 0.00527651
1 0.811622 0.932908 0.112075 0.110188 0.00497901
12 0.936427 0.313482 0.112769 0.112991 0.00496609
1 0.813075 0.188161 0.112665 0.113702 0.00489757
5 0.81161 0.436952 0.112252 0.112163 0.00485801
0 0.688342 0.0627702 0.111802 0.111883 0.00410518
12 0.936132 0.561913 0.113328 0.11323 0.00403979
11 0.81231 0.809833 0.112243 0.111069 0.00374137
2 0.315381 0.934119 0.112734 0.112789 0.0037075
3 0.687414 0.313257 0.111506 0.112745 0.00362696
4 0.935869 0.561706 0.113566 0.112514 0.00360521
2 0.687818 0.188675 0.111549 0.113245 0.00347233
2 0.812517 0.685524 0.112295 0.112814 0.00339731
2 0.812864 0.188695 0.112197 0.113648 0.00337927
4 0.688099 0.561335 0.110683 0.112998 0.00336341
6 0.811773 0.685303 0.114121 0.112822 0.00334546
10 0.936015 0.933881 0.113495 0.113835 0.00331626
12 0.687556 0.313246 0.111309 0.112808 0.0030395
1 0.812517 0.685524 0.112295 0.112814 0.0029686
0 0.688049 0.312941 0.112755 0.113286 0.0028932
2 0.688195 0.685921 0.111551 0.110937 0.00287588
4 0.31518 0.312776 0.112404 0.113713 0.00287311
11 0.687967 0.43685 0.112099 0.11178 0.00276733
5 0.56341 0.18822 0.111027 0.112763 0.00273381
10 0.811343 0.437114 0.111994 0.113126 0.00273148
12 0.0671007 0.438196 0.112258 0.112644 0.00270791
0 0.687963 0.809406 0.110863 0.110995 0.00268554
4 0.0666412 0.562464 0.112656 0.110508 0.00265194
1 0.439577 0.0646836 0.112402 0.112983 0.00259352
1 0.811373 0.561163 0.113406 0.112861 0.00249461
12 0.935996 0.933777 0.111775 0.112552 0.0023765
0 0.0670198 0.43821 0.11254 0.114372 0.00233076
7 0.688099 0.561335 0.110683 0.112998 0.00231364
1 0.93621 0.685556 0.113536 0.114159 0.00227389
1 0.563188 0.31245 0.111938 0.113195 0.00224183
13 0.687596 0.561299 0.111054 0.112348 0.0021778
3 0.936592 0.685632 0.11103 0.112791 0.00217377
3 0.563895 0.933821 0.111175 0.112894 0.00210618
4 0.190866 0.438036 0.112411 0.112121 0.00205225
11 0.936015 0.933881 0.113495 0.113835 0.00203409
3 0.0670507 0.437839 0.111939 0.111997 0.00198416
0 0.936157 0.437852 0.112675 0.112898 0.0019594
8 0.813035 0.0639411 0.111935 0.112172 0.00191617
2 0.6881 0.0639079 0.110121 0.110276 0.00189288
4 0.190885 0.313835 0.111666 0.110772 0.00189187
1 0.563336 0.0635513 0.111131 0.112421 0.00186937
5 0.93621 0.685556 0.113536 0.114159 0.00186383
1 0.936398 0.809313 0.111666 0.111718 0.00183971
1 0.812419 0.312534 0.112383 0.113295 0.00183438
2 0.936645 0.809642 0.111797 0.11257 0.00181348
7 0.687662 0.188242 0.111853 0.112684 0.00180935
4 0.687639 0.685901 0.111098 0.111652 0.0018057
2 0.564107 0.561457 0.11168 0.112885 0.00176403
10 0.190866 0.438036 0.112411 0.112121 0.00176076
6 0.687639 0.685901 0.111098 0.111652 0.00173357
1 0.564609 0.685624 0.112155 0.112379 0.00171847
4 0.56451 0.809407 0.110607 0.11149 0.00171339
7 0.936415 0.0641233 0.112483 0.112842 0.00167956
6 0.936353 0.313198 0.112932 0.111746 0.00167196
3 0.812401 0.933459 0.112463 0.114305 0.00166305
12 0.315454 0.0647318 0.111468 0.112323 0.00164951
6 0.686966 0.188038 0.11432 0.113026 0.00164622
11 0.43969 0.437307 0.111872 0.112234 0.00163155
1 0.191232 0.685325 0.112697 0.112334 0.00161348
0 0.813092 0.80968 0.111636 0.11262 0.0016029
6 0.0668629 0.561364 0.11071 0.113158 0.0015881
6 0.0662899 0.313828 0.112057 0.111929 0.0015807
6 0.936164 0.809135 0.112241 0.112218 0.00157445
7 0.811815 0.68501 0.112292 0.114114 0.00155129
3 0.439195 0.0647584 0.112017 0.113385 0.00154365
1 0.190376 0.189475 0.111881 0.111513 0.0015403
13 0.314664 0.312588 0.1118 0.112276 0.00153958
13 0.936914 0.0642693 0.110858 0.111458 0.00153286
4 0.315454 0.0647318 0.111468 0.112323 0.0015246
11 0.31564 0.934188 0.112117 0.112887 0.00151745
4 0.315524 0.437526 0.11241 0.112636 0.0015088
6 0.936138 0.56171 0.112418 0.113156 0.00150594
4 0.0665094 0.685355 0.113861 0.111758 0.00150463
9 0.81253 0.0645749 0.112637 0.112059 0.00149581
2 0.564017 0.437189 0.111708 0.112995 0.00149238
12 0.936164 0.809535 0.112603 0.111341 0.00146028
3 0.564439 0.685575 0.111152 0.112694 0.00145406
1 0.44043 0.685459 0.111914 0.112308 0.0014431
7 0.315506 0.313236 0.112786 0.113051 0.00141984
4 0.314654 0.188923 0.112154 0.112634 0.00140624
4 0.0667638 0.933962 0.111593 0.112603 0.00140332
5 0.688065 0.561029 0.11087 0.112099 0.0013916
9 0.440144 0.561274 0.111346 0.112133 0.00137898
6 0.44046 0.809891 0.11262 0.112907 0.00136394
4 0.0666446 0.0653205 0.110572 0.113779 0.00135084
12 0.439317 0.313303 0.11197 0.112154 0.00134884
0 0.688081 0.437437 0.111922 0.113247 0.00134468
6 0.563657 0.561401 0.111615 0.112426 0.00133097
1 0.438845 0.188191 0.112022 0.112733 0.0013303
10 0.44017 0.561019 0.112115 0.113305 0.00131231
6 0.315888 0.561157 0.110949 0.11188 0.00127356
7 0.936987 0.436586 0.111952 0.112206 0.00124666
0 0.439746 0.438163 0.111691 0.112343 0.00121784
13 0.0665032 0.933854 0.112623 0.113542 0.00119861
12 0.0668231 0.0652247 0.112353 0.112831 0.00119027
5 0.936633 0.809298 0.111862 0.111127 0.00118863
10 0.936645 0.809642 0.111797 0.11257 0.00118638
13 0.0658694 0.0653342 0.111238 0.111844 0.001168
13 0.314374 0.0647742 0.111528 0.111974 0.00116326
7 0.314764 0.0648991 0.111688 0.112653 0.00116106
1 0.43938 0.313219 0.111824 0.112384 0.00115959
0 0.315569 0.438048 0.110951 0.112697 0.00115433
7 0.0666446 0.0653205 0.110572 0.113779 0.00114506
7 0.936257 0.809647 0.110942 0.111455 0.00114188
4 0.315819 0.561168 0.11058 0.112446 0.00113707
3 0.937191 0.436767 0.11026 0.113819 0.00112813
6 0.81192 0.188425 0.114859 0.114144 0.00112724
3 0.190263 0.189202 0.112033 0.111903 0.00112383
4 0.0661027 0.189846 0.111825 0.112456 0.00111279
6 0.936856 0.436637 0.110276 0.11185 0.00110812
8 0.688591 0.932307 0.114125 0.112606 0.00110605
3 0.191541 0.561476 0.111944 0.112572 0.00110574
9 0.936536 0.189215 0.111749 0.113657 0.00110566
10 0.812864 0.188695 0.112197 0.113648 0.00109578
0 0.314449 0.188912 0.111624 0.112716 0.00108908
1 0.687995 0.685741 0.111341 0.111685 0.00108095
12 0.687995 0.685741 0.111341 0.111685 0.00107724
6 0.0669876 0.685361 0.112723 0.113354 0.00106297
6 0.191342 0.562102 0.112513 0.112035 0.00106284
1 0.688214 0.933336 0.111238 0.112092 0.00105577
12 0.31578 0.31279 0.112158 0.112556 0.00105237
13 0.191166 0.809203 0.112481 0.112129 0.0010417
12 0.564329 0.93334 0.11273 0.11394 0.00103586
0 0.0659678 0.189709 0.111772 0.112021 0.00103243
5 0.314665 0.312687 0.112018 0.111944 0.00102508
3 0.190866 0.438036 0.112411 0.112121 0.00102277
6 0.439358 0.313586 0.111915 0.112134 0.00102091
10 0.190904 0.313908 0.112691 0.112153 0.00101867
6 0.316214 0.685528 0.112125 0.112248 0.00100818
1 0.190497 0.93315 0.112638 0.113354 0.00100673
9 0.563204 0.188181 0.111842 0.112757 0.00100617
