9 0.4395 0.934194 0.112581 0.114131 0.988632
9 0.811326 0.933994 0.112273 0.113672 0.986428
13 0.315188 0.933899 0.111629 0.114023 0.98592
3 0.191025 0.685574 0.113754 0.113227 0.985885
7 0.935574 0.933881 0.113057 0.112941 0.985695
6 0.439296 0.0650643 0.111416 0.112907 0.985298
10 0.191974 0.933921 0.112117 0.113347 0.985236
7 0.563374 0.0655517 0.111797 0.113302 0.98506
6 0.812305 0.809643 0.113314 0.11285 0.984744
13 0.315026 0.685295 0.111465 0.113169 0.984679
6 0.687918 0.933995 0.113304 0.11371 0.984667
10 0.315816 0.561489 0.112549 0.112478 0.983667
9 0.439288 0.685668 0.112366 0.113266 0.98334
10 0.315012 0.437274 0.112422 0.111868 0.983155
11 0.0669424 0.561487 0.112791 0.112725 0.983132
4 0.19146 0.188818 0.113261 0.112628 0.983122
7 0.687758 0.809617 0.111616 0.113142 0.983097
4 0.315349 0.0648753 0.112587 0.112866 0.982942
5 0.191952 0.0650739 0.111543 0.112834 0.982912
3 0.191539 0.561563 0.111627 0.113341 0.982826
13 0.0669309 0.685585 0.113697 0.113886 0.982813
6 0.191311 0.437366 0.111659 0.112256 0.982673
2 0.563631 0.685458 0.112012 0.112812 0.982517
11 0.190862 0.313287 0.111687 0.112275 0.982475
5 0.936471 0.809533 0.111847 0.112494 0.982414
6 0.0669394 0.313453 0.112464 0.112586 0.982264
12 0.0666457 0.189276 0.112415 0.112839 0.981951
8 0.563479 0.93407 0.111678 0.113198 0.981726
3 0.935587 0.0652437 0.114328 0.114217 0.981453
12 0.191026 0.809744 0.111751 0.112572 0.981431
12 0.315294 0.312979 0.112162 0.112261 0.981383
12 0.0668018 0.064717 0.113214 0.114062 0.981296
2 0.315386 0.188823 0.111396 0.111856 0.981259
10 0.563637 0.312931 0.112446 0.1138 0.980019
12 0.0668969 0.809863 0.112563 0.112317 0.979949
6 0.439506 0.437555 0.111196 0.111909 0.979647
8 0.563638 0.809846 0.112152 0.112744 0.979348
12 0.936278 0.436893 0.112278 0.113272 0.979289
12 0.688025 0.0645496 0.11196 0.112925 0.979185
12 0.43982 0.560954 0.111833 0.113292 0.979148
9 0.687973 0.561384 0.112466 0.11241 0.978852
2 0.687655 0.685582 0.112288 0.112365 0.978767
11 0.812142 0.561199 0.112464 0.114092 0.978587
2 0.687445 0.437275 0.11161 0.111721 0.978437
2 0.811934 0.188634 0.111836 0.112066 0.978308
0 0.811912 0.312877 0.112227 0.112554 0.978171
2 0.81199 0.436878 0.112407 0.113325 0.978125
7 0.936277 0.561266 0.112661 0.113231 0.978117
0 0.563279 0.561216 0.111599 0.113584 0.977926
2 0.687863 0.312933 0.112131 0.113473 0.977869
7 0.93637 0.31282 0.112996 0.113229 0.977559
0 0.812186 0.0647018 0.111962 0.113095 0.97737
2 0.936136 0.188689 0.112739 0.112703 0.977273
8 0.439495 0.189375 0.111017 0.111946 0.97688
8 0.439519 0.312973 0.111185 0.111669 0.976814
8 0.0670521 0.933777 0.112101 0.112655 0.976692
8 0.563473 0.437595 0.112127 0.112125 0.976596
8 0.687651 0.18928 0.111402 0.111966 0.976596
8 0.563576 0.189523 0.110274 0.111173 0.976382
8 0.06702 0.437354 0.111838 0.112634 0.976274
8 0.812169 0.685378 0.112338 0.113093 0.975941
8 0.93619 0.685363 0.112223 0.113051 0.975372
8 0.439556 0.80994 0.111867 0.112155 0.975088
8 0.315806 0.809812 0.11141 0.112641 0.973844
2 0.563744 0.437388 0.111978 0.112685 0.0263764
2 0.688045 0.188896 0.112546 0.112998 0.0225354
2 0.315432 0.809829 0.112757 0.112402 0.0149038
2 0.0666698 0.437156 0.114097 0.112167 0.0146937
1 0.563535 0.560885 0.112183 0.112884 0.0144754
2 0.563979 0.809877 0.112434 0.112681 0.0141171
2 0.439284 0.189178 0.111397 0.111842 0.0123877
2 0.563481 0.189335 0.112837 0.112287 0.0118509
2 0.563657 0.934183 0.112228 0.113106 0.0110101
2 0.811616 0.685598 0.112997 0.112531 0.00952504
2 0.93622 0.685611 0.111764 0.112779 0.00940718
2 0.439556 0.80994 0.111867 0.112155 0.00904554
2 0.439809 0.313302 0.111887 0.113775 0.00812429
6 0.315486 0.313542 0.112311 0.113376 0.00655133
2 0.0669148 0.934055 0.113686 0.11381 0.00602196
13 0.191616 0.93372 0.111673 0.111639 0.00576157
6 0.0668018 0.064717 0.113214 0.114062 0.00561766
3 0.688052 0.933545 0.111846 0.113506 0.0055607
7 0.191245 0.188948 0.111407 0.112278 0.00510867
10 0.81159 0.561019 0.110669 0.112756 0.00464348
6 0.0668442 0.810064 0.113205 0.113221 0.00451598
0 0.688104 0.561178 0.1118 0.112938 0.00448403
11 0.0671234 0.934205 0.11334 0.113083 0.00429652
6 0.936183 0.437132 0.112563 0.112955 0.0042784
6 0.688084 0.0652363 0.111325 0.113625 0.00410249
6 0.439502 0.561274 0.111723 0.112848 0.00402451
11 0.315589 0.809873 0.112667 0.112171 0.00383523
4 0.56359 0.313734 0.110597 0.113901 0.0038052
1 0.688237 0.933417 0.11231 0.113514 0.00375508
12 0.811472 0.933915 0.111494 0.113043 0.00372716
5 0.811722 0.561341 0.112008 0.112776 0.00364958
1 0.812072 0.312583 0.112055 0.113156 0.00360096
8 0.688129 0.437099 0.111241 0.112794 0.00359734
6 0.191311 0.809924 0.112096 0.113396 0.00348273
12 0.688104 0.561178 0.1118 0.112938 0.00345748
3 0.812592 0.809015 0.111798 0.11269 0.00344493
4 0.315485 0.43758 0.112837 0.112778 0.00341627
5 0.0668409 0.561252 0.113031 0.112661 0.00340619
6 0.0666457 0.189276 0.112415 0.112839 0.00333983
10 0.0666706 0.561078 0.114184 0.113229 0.00333526
12 0.191545 0.560938 0.112017 0.11222 0.00330304
4 0.315816 0.561489 0.112549 0.112478 0.00321729
1 0.19146 0.188818 0.113261 0.112628 0.00317482
8 0.688132 0.313225 0.11192 0.113333 0.00308188
11 0.439791 0.810025 0.112169 0.111828 0.00304281
6 0.191245 0.188948 0.111407 0.112278 0.00295658
1 0.315455 0.0646348 0.112504 0.113278 0.00290633
10 0.191709 0.313262 0.11182 0.112276 0.00290626
11 0.81196 0.685496 0.11193 0.112327 0.00281194
12 0.936092 0.0650573 0.112613 0.112904 0.00280894
5 0.935939 0.189028 0.11381 0.113921 0.00269881
12 0.936081 0.312936 0.113636 0.114768 0.00267774
3 0.688147 0.561383 0.113068 0.11321 0.00265584
3 0.191163 0.437007 0.112981 0.112946 0.00260411
0 0.935597 0.437184 0.114759 0.113335 0.00259794
5 0.688163 0.685317 0.11351 0.113503 0.00242013
8 0.811681 0.188682 0.112917 0.114379 0.00238076
1 0.191136 0.436796 0.108914 0.110413 0.0022763
5 0.811573 0.189065 0.11406 0.113391 0.0022667
3 0.439323 0.436989 0.112664 0.112929 0.00224645
1 0.688116 0.436932 0.113453 0.113652 0.00223204
8 0.811468 0.436786 0.112363 0.114545 0.00220483
1 0.687778 0.313468 0.110752 0.112123 0.0021398
1 0.811864 0.437842 0.108877 0.110689 0.00207931
7 0.0672971 0.313543 0.112489 0.112417 0.00204761
3 0.811472 0.933915 0.111494 0.113043 0.00204161
6 0.935992 0.312777 0.113574 0.113755 0.00200038
12 0.93601 0.561412 0.112809 0.114055 0.00198947
1 0.811637 0.809617 0.111561 0.113935 0.00197328
8 0.813006 0.561484 0.111682 0.114244 0.00195791
3 0.439574 0.685801 0.112389 0.113309 0.00194915
4 0.936142 0.80915 0.112608 0.114018 0.00194685
1 0.812437 0.0641987 0.111073 0.113477 0.00193976
2 0.936142 0.80915 0.112608 0.114018 0.00193617
11 0.935844 0.685514 0.112411 0.112742 0.00187932
1 0.936318 0.18866 0.112527 0.112348 0.00186495
12 0.439284 0.685573 0.112781 0.114399 0.00185338
3 0.936192 0.809232 0.112298 0.113638 0.00184533
7 0.314985 0.0646207 0.11199 0.112636 0.00184407
6 0.936007 0.561184 0.111959 0.113815 0.00183945
0 0.688174 0.0649265 0.111174 0.11374 0.00177512
10 0.19133 0.0643698 0.110796 0.112035 0.0017654
1 0.688163 0.685317 0.11351 0.113503 0.00175931
11 0.563512 0.437136 0.112602 0.112538 0.00174833
1 0.439323 0.436989 0.112664 0.112929 0.0017469
8 0.688168 0.685415 0.111783 0.112179 0.00174643
4 0.936146 0.313283 0.111848 0.113849 0.00174405
11 0.563657 0.934183 0.112228 0.113106 0.00173769
13 0.190862 0.313287 0.111687 0.112275 0.00173758
3 0.688055 0.685136 0.110897 0.112484 0.00173471
4 0.687923 0.809373 0.111929 0.112307 0.00170352
5 0.563576 0.685348 0.112752 0.112762 0.00169181
3 0.0669394 0.313453 0.112464 0.112586 0.00168873
11 0.439116 0.189083 0.112856 0.111786 0.00168661
11 0.563762 0.809749 0.111604 0.113056 0.00164602
4 0.935856 0.93366 0.112609 0.113457 0.00158834
12 0.439849 0.933718 0.11338 0.114674 0.00154988
11 0.687558 0.189363 0.112369 0.113183 0.00153601
13 0.314754 0.561011 0.11166 0.112133 0.00153252
11 0.563441 0.189251 0.113113 0.112712 0.00152203
12 0.31495 0.685206 0.111828 0.112541 0.00151791
3 0.563909 0.685194 0.11094 0.113085 0.00150571
6 0.191556 0.685291 0.112328 0.112218 0.00149556
3 0.439934 0.0650473 0.111995 0.113252 0.00147343
1 0.191556 0.685291 0.112328 0.112218 0.00146635
3 0.19153 0.809946 0.112419 0.112116 0.00145467
13 0.314743 0.43715 0.111851 0.111975 0.00140983
5 0.81136 0.436884 0.113232 0.113743 0.00140942
5 0.68682 0.437312 0.115392 0.112199 0.00137657
11 0.439052 0.31305 0.112278 0.112254 0.00136429
12 0.935636 0.933577 0.113575 0.113828 0.00135521
11 0.0669586 0.437239 0.112178 0.11181 0.00134682
1 0.0672936 0.312964 0.113214 0.113166 0.00134517
1 0.813032 0.188455 0.114484 0.113272 0.0013367
1 0.315289 0.18887 0.11191 0.113115 0.0013304
12 0.0664414 0.685381 0.111747 0.112646 0.00132484
3 0.439489 0.561128 0.111944 0.113606 0.00131269
3 0.936229 0.436462 0.109641 0.113859 0.00130728
3 0.315067 0.188968 0.112383 0.1132 0.00129137
3 0.688187 0.31377 0.111231 0.113424 0.00127585
6 0.688191 0.809266 0.113452 0.113707 0.0012503
0 0.563159 0.438056 0.111147 0.113382 0.00123953
1 0.563742 0.685017 0.112745 0.113311 0.00123528
1 0.936224 0.0649827 0.111716 0.112468 0.00123117
6 0.935645 0.93333 0.112589 0.113936 0.00122954
13 0.811722 0.561341 0.112008 0.112776 0.0012243
3 0.06691 0.809979 0.114027 0.113606 0.00121954
13 0.563044 0.312892 0.111654 0.112202 0.0012187
13 0.0669424 0.561487 0.112791 0.112725 0.00121861
5 0.688121 0.313124 0.113396 0.113859 0.00121663
4 0.935824 0.561418 0.112861 0.113091 0.00121307
7 0.812592 0.809015 0.111798 0.11269 0.0012045
8 0.935417 0.189209 0.11263 0.113014 0.00118961
1 0.439933 0.0648865 0.111465 0.113386 0.00117998
3 0.688209 0.437691 0.11182 0.113447 0.00116188
4 0.563633 0.0651651 0.112122 0.114187 0.00114731
3 0.812157 0.437496 0.111743 0.113319 0.00113996
12 0.686861 0.809699 0.11143 0.113105 0.00113102
5 0.314727 0.561142 0.111906 0.111665 0.00112389
7 0.315277 0.561216 0.111961 0.112135 0.00111615
4 0.191777 0.933713 0.113455 0.114289 0.00110323
1 0.191595 0.561232 0.112302 0.11224 0.00109223
7 0.563605 0.313458 0.112099 0.112944 0.00107612
0 0.813106 0.933657 0.113532 0.110614 0.00107551
11 0.811681 0.188682 0.112917 0.114379 0.0010597
6 0.936092 0.0650573 0.112613 0.112904 0.00105878
8 0.190969 0.312939 0.112626 0.113076 0.00104334
2 0.19146 0.188818 0.113261 0.112628 0.00103596
7 0.315059 0.437322 0.111939 0.112755 0.00101881
12 0.314952 0.933839 0.111483 0.11239 0.00101494
10 0.935842 0.313322 0.111529 0.11418 0.00101233
11 0.0665791 0.68535 0.113099 0.112687 0.00100457
