9 0.191523 0.685394 0.11095 0.111829 0.986375
5 0.31594 0.810012 0.111091 0.11218 0.986356
3 0.440103 0.809391 0.111299 0.112686 0.985989
6 0.315942 0.933797 0.112031 0.11304 0.985698
3 0.315715 0.561312 0.111896 0.113287 0.985373
7 0.191568 0.933743 0.11171 0.112245 0.985306
4 0.935814 0.933928 0.11363 0.112465 0.985305
5 0.0672042 0.810204 0.112409 0.112934 0.985219
5 0.563758 0.934163 0.110931 0.112803 0.985178
5 0.0673252 0.686021 0.112069 0.111557 0.984819
12 0.0668291 0.934087 0.112861 0.113248 0.984385
2 0.687605 0.809875 0.111303 0.112042 0.98426
3 0.563606 0.685601 0.112616 0.112323 0.983898
9 0.191515 0.188812 0.112066 0.112022 0.983864
5 0.191409 0.0648928 0.110826 0.111775 0.983681
6 0.315466 0.188698 0.112022 0.112783 0.983638
4 0.936198 0.809694 0.113052 0.111401 0.983369
5 0.315652 0.313081 0.111911 0.111651 0.983274
2 0.811689 0.933891 0.111585 0.112512 0.983158
11 0.563622 0.80972 0.11135 0.111755 0.983023
0 0.439643 0.933862 0.112329 0.113236 0.98282
4 0.191858 0.437186 0.111669 0.111452 0.982744
13 0.191178 0.561834 0.111213 0.111368 0.982462
1 0.066892 0.437371 0.112652 0.112212 0.981875
6 0.687906 0.933969 0.111865 0.113107 0.981503
1 0.315412 0.437235 0.112185 0.1119 0.981365
1 0.190888 0.312955 0.111683 0.111675 0.981362
4 0.067413 0.0650771 0.112869 0.112401 0.981226
0 0.935812 0.684917 0.113486 0.112457 0.980663
1 0.0668315 0.189381 0.112605 0.112938 0.980538
3 0.811584 0.0649199 0.11323 0.113514 0.980309
9 0.687355 0.065188 0.110329 0.112525 0.980295
6 0.439344 0.31316 0.112693 0.112794 0.980207
13 0.439473 0.189054 0.113099 0.11252 0.98006
0 0.0673365 0.312696 0.111157 0.113069 0.979819
8 0.315347 0.0651837 0.11237 0.112034 0.979767
0 0.0673479 0.561384 0.111755 0.11331 0.979764
4 0.563872 0.312806 0.112855 0.112661 0.979653
1 0.439498 0.0649499 0.111052 0.112749 0.979581
9 0.563638 0.561692 0.112461 0.112131 0.97951
8 0.812018 0.809868 0.11174 0.112292 0.979453
12 0.563601 0.437158 0.112122 0.112029 0.979425
9 0.811499 0.313549 0.1119 0.111611 0.979415
4 0.687989 0.561271 0.112785 0.11237 0.979311
4 0.688236 0.188613 0.113227 0.112928 0.979302
0 0.563651 0.0650928 0.11173 0.113163 0.979249
13 0.812026 0.561566 0.112515 0.112249 0.978974
1 0.439477 0.561496 0.112628 0.113253 0.978956
3 0.687737 0.685523 0.111456 0.112091 0.978929
0 0.439409 0.437654 0.11183 0.112072 0.978805
10 0.936559 0.0646255 0.11295 0.113274 0.978679
1 0.687674 0.313001 0.112333 0.11301 0.978637
1 0.563454 0.188932 0.111846 0.112751 0.978549
8 0.315941 0.685397 0.112327 0.112579 0.978434
12 0.935961 0.188479 0.112509 0.112174 0.978325
8 0.191649 0.809362 0.11223 0.112292 0.978297
8 0.439807 0.685482 0.112014 0.112289 0.978258
3 0.687681 0.437241 0.111242 0.111959 0.978196
3 0.936189 0.313544 0.111962 0.112339 0.978037
2 0.81216 0.685688 0.111909 0.112749 0.977962
1 0.936285 0.561176 0.114132 0.112912 0.977825
5 0.812306 0.437108 0.112468 0.11255 0.977733
3 0.936478 0.436948 0.112933 0.112957 0.977447
8 0.812098 0.188713 0.112096 0.112994 0.977072
2 0.439804 0.685518 0.11188 0.112287 0.00882183
2 0.315189 0.685633 0.112004 0.112237 0.00757074
3 0.688089 0.933618 0.112022 0.112918 0.00521398
12 0.439542 0.188754 0.111715 0.112271 0.00502124
1 0.688092 0.561414 0.111567 0.111654 0.00473098
1 0.191607 0.437194 0.113311 0.112173 0.00464486
2 0.191067 0.809701 0.111883 0.112351 0.00454864
2 0.812013 0.1891 0.111074 0.113075 0.00450418
1 0.0665371 0.56076 0.114328 0.112444 0.00432557
5 0.811625 0.685462 0.113945 0.11243 0.00427119
3 0.315942 0.933797 0.112031 0.11304 0.00389021
3 0.688038 0.809195 0.110666 0.112146 0.00373143
3 0.688087 0.0650968 0.11115 0.111995 0.00360252
7 0.688367 0.933156 0.113976 0.112884 0.00350811
9 0.811427 0.0650673 0.112448 0.11227 0.00346122
1 0.564118 0.31274 0.112275 0.112224 0.0033923
5 0.811561 0.933046 0.113775 0.111357 0.00331062
1 0.688388 0.188325 0.113137 0.113134 0.00329518
5 0.688243 0.810038 0.112106 0.11359 0.00325379
1 0.0667554 0.31231 0.112515 0.111923 0.00311876
2 0.812018 0.809868 0.11174 0.112292 0.00309531
8 0.81311 0.933571 0.108603 0.111218 0.00291487
0 0.688052 0.0648643 0.109408 0.111025 0.0029039
2 0.315432 0.0645412 0.111017 0.112675 0.00289725
12 0.688052 0.0648643 0.109408 0.111025 0.0028559
7 0.191519 0.437516 0.111743 0.1123 0.00284405
12 0.811482 0.0650227 0.112025 0.112149 0.00283242
3 0.812118 0.437872 0.110483 0.111038 0.00283026
12 0.191441 0.561322 0.111344 0.11151 0.00282336
10 0.564172 0.809615 0.110503 0.111867 0.00282285
0 0.936705 0.56079 0.113135 0.111707 0.002742
3 0.315215 0.189081 0.111239 0.112592 0.00262302
1 0.0668915 0.0650187 0.11309 0.111848 0.00256547
12 0.564111 0.561323 0.111764 0.113277 0.00249124
7 0.687673 0.561399 0.111574 0.11199 0.0024363
4 0.812124 0.437946 0.11022 0.110318 0.0024353
1 0.936378 0.809308 0.111424 0.111077 0.00239367
12 0.812239 0.313605 0.111176 0.112037 0.00236807
3 0.439784 0.313382 0.110674 0.113159 0.00235074
1 0.688243 0.810038 0.112106 0.11359 0.00234036
0 0.687923 0.312293 0.112327 0.112595 0.00231594
1 0.813055 0.685237 0.113767 0.112294 0.00226641
7 0.687873 0.189155 0.112278 0.112755 0.00226082
0 0.813026 0.313859 0.112199 0.112719 0.0022354
4 0.68762 0.313115 0.112255 0.112205 0.00219061
4 0.315772 0.437658 0.112117 0.112648 0.00208983
8 0.564172 0.809615 0.110503 0.111867 0.00208762
3 0.563875 0.561557 0.111959 0.112518 0.00207641
2 0.564026 0.312955 0.111387 0.112882 0.00206991
0 0.56366 0.188517 0.1115 0.112748 0.0019746
0 0.439391 0.0642244 0.110807 0.113236 0.00196476
9 0.935896 0.437209 0.112009 0.113354 0.00195597
12 0.936293 0.313315 0.111681 0.113352 0.0019552
7 0.0668915 0.0650187 0.11309 0.111848 0.00192373
2 0.687999 0.313154 0.111632 0.113054 0.00191723
12 0.687887 0.437336 0.111514 0.112261 0.00191234
3 0.812049 0.685931 0.11219 0.111491 0.00190981
2 0.688181 0.43756 0.112303 0.111319 0.00189098
4 0.563846 0.189274 0.111691 0.112636 0.00188544
2 0.936378 0.809308 0.111424 0.111077 0.00183257
9 0.688181 0.43756 0.112303 0.111319 0.00180997
9 0.935895 0.313076 0.112002 0.113314 0.00180709
4 0.688038 0.809195 0.110666 0.112146 0.00178617
12 0.935867 0.437277 0.112245 0.113053 0.00177887
4 0.439611 0.56166 0.111944 0.112252 0.00176934
7 0.935291 0.933794 0.112129 0.112389 0.00176708
1 0.93596 0.93377 0.111994 0.112397 0.00168886
9 0.68828 0.685841 0.112779 0.112167 0.00167125
1 0.812172 0.933341 0.112328 0.112915 0.00166841
12 0.935798 0.0655895 0.11249 0.112601 0.00166662
0 0.813091 0.810326 0.111221 0.113548 0.00166466
1 0.439648 0.436887 0.112109 0.112875 0.00165793
12 0.191463 0.189112 0.111951 0.112238 0.00164848
10 0.191246 0.0648952 0.111368 0.111601 0.00161561
12 0.811301 0.561727 0.111121 0.111893 0.00159434
1 0.563688 0.0640658 0.111328 0.113246 0.00155621
2 0.68828 0.685841 0.112779 0.112167 0.00154915
4 0.191222 0.313547 0.111794 0.112891 0.00153816
2 0.688078 0.188892 0.111593 0.112697 0.00153605
12 0.191555 0.685416 0.111743 0.11211 0.00153197
2 0.813089 0.437422 0.112984 0.113037 0.00153081
13 0.93647 0.0648046 0.111249 0.111346 0.00141521
0 0.0663447 0.436256 0.114002 0.111819 0.0013922
10 0.688078 0.188892 0.111593 0.112697 0.00138794
0 0.191333 0.189159 0.112057 0.112305 0.00138382
1 0.688391 0.933223 0.111801 0.113487 0.00137909
9 0.564172 0.809615 0.110503 0.111867 0.00137586
3 0.191386 0.685427 0.111506 0.111683 0.00137358
5 0.564156 0.809855 0.111491 0.111728 0.00137152
6 0.56401 0.43746 0.11032 0.111543 0.00136148
1 0.440154 0.809718 0.111777 0.111922 0.00135191
10 0.93596 0.93377 0.111994 0.112397 0.00134719
6 0.191519 0.437516 0.111743 0.1123 0.0013433
11 0.811672 0.933234 0.112392 0.112423 0.00133977
6 0.688226 0.437977 0.112159 0.111053 0.00133342
10 0.564026 0.312955 0.111387 0.112882 0.00133128
13 0.936463 0.188864 0.111696 0.112935 0.00132492
0 0.191142 0.313249 0.111006 0.112444 0.00131392
3 0.813025 0.31309 0.112212 0.111519 0.00130664
0 0.0665286 0.189113 0.111742 0.112301 0.00130461
0 0.563743 0.561643 0.11135 0.11229 0.00129197
11 0.811539 0.188678 0.110338 0.112366 0.00128813
10 0.936378 0.809308 0.111424 0.111077 0.00128592
5 0.0666051 0.0655962 0.11277 0.111743 0.00128041
9 0.935923 0.685032 0.112353 0.112556 0.00127671
1 0.315224 0.561458 0.112078 0.11182 0.00127658
8 0.813046 0.685631 0.109534 0.112734 0.00127501
8 0.811507 0.313401 0.111805 0.112706 0.00127224
4 0.0668315 0.189381 0.112605 0.112938 0.00126048
7 0.935666 0.809833 0.111643 0.112063 0.0012576
5 0.688298 0.685545 0.113374 0.112526 0.00124535
9 0.811571 0.809897 0.111956 0.113164 0.00124416
10 0.811555 0.437436 0.113409 0.111166 0.0012142
10 0.0666933 0.685592 0.111836 0.111864 0.00120888
5 0.688205 0.43723 0.113554 0.111589 0.00120531
1 0.936143 0.31326 0.111351 0.111724 0.00119921
4 0.687887 0.437336 0.111514 0.112261 0.00118657
11 0.563979 0.933723 0.111693 0.112895 0.00117394
0 0.439843 0.561417 0.11217 0.112587 0.00117351
4 0.936689 0.561468 0.11199 0.112653 0.00116463
4 0.439815 0.0648406 0.111562 0.11303 0.00113739
10 0.563704 0.933946 0.111737 0.112348 0.00113564
4 0.066892 0.437371 0.112652 0.112212 0.00112712
7 0.191354 0.561073 0.111911 0.112484 0.00112708
2 0.688092 0.561414 0.111567 0.111654 0.00112661
1 0.564051 0.685633 0.111761 0.112245 0.00109918
2 0.191607 0.437194 0.113311 0.112173 0.00109108
0 0.811575 0.188825 0.111586 0.112604 0.00107679
2 0.440154 0.809718 0.111777 0.111922 0.00107101
4 0.688089 0.933618 0.112022 0.112918 0.00106904
7 0.439804 0.313631 0.112763 0.113181 0.00106808
11 0.440315 0.685597 0.11167 0.113479 0.00106164
10 0.936463 0.188864 0.111696 0.112935 0.00106162
10 0.0666588 0.809434 0.11227 0.112116 0.00105347
5 0.936184 0.809603 0.112825 0.11168 0.00104694
11 0.811927 0.436548 0.111755 0.11001 0.00103434
1 0.811204 0.0651208 0.111992 0.111943 0.00103321
0 0.31572 0.437427 0.112925 0.112508 0.00102764
2 0.564004 0.933535 0.11211 0.113307 0.00102071
1 0.688134 0.68553 0.111713 0.111947 0.00101888
7 0.439787 0.189421 0.11199 0.112164 0.0010171
6 0.936668 0.313403 0.111694 0.113339 0.00101422
12 0.688298 0.685545 0.113374 0.112526 0.00101179
