2 0.439287 0.934097 0.112754 0.113308 0.986889
2 0.315419 0.934056 0.11248 0.113357 0.986486
5 0.191804 0.934075 0.111707 0.113296 0.986047
9 0.0672912 0.934252 0.112646 0.11356 0.985066
12 0.315897 0.685733 0.111196 0.112288 0.985
9 0.315433 0.809658 0.112146 0.111919 0.98482
10 0.68801 0.933893 0.112273 0.113865 0.98476
3 0.191338 0.313487 0.111245 0.113553 0.984596
2 0.192034 0.809807 0.110374 0.112051 0.984431
1 0.563711 0.933889 0.111977 0.113174 0.984141
13 0.563905 0.809707 0.11162 0.113325 0.983855
9 0.191683 0.685442 0.110761 0.111778 0.983602
1 0.812057 0.933712 0.112026 0.113012 0.982832
10 0.066973 0.685407 0.1132 0.113175 0.982816
12 0.19135 0.437819 0.112122 0.11261 0.982705
1 0.936455 0.809597 0.112678 0.11249 0.982669
12 0.315406 0.437829 0.112237 0.112753 0.982433
4 0.563437 0.065362 0.110934 0.112525 0.98234
9 0.439812 0.313269 0.111933 0.112855 0.982333
4 0.439658 0.809826 0.111754 0.112857 0.982171
6 0.0667098 0.189098 0.112532 0.112132 0.982085
7 0.067127 0.809562 0.113134 0.112183 0.982081
13 0.315126 0.189497 0.113042 0.111715 0.981909
12 0.191583 0.188513 0.112497 0.11239 0.981797
1 0.191613 0.561441 0.111577 0.111873 0.981737
6 0.31578 0.0642577 0.113072 0.113388 0.981583
4 0.0677183 0.313044 0.113625 0.113401 0.981499
10 0.0673196 0.437134 0.113479 0.112642 0.981491
1 0.439344 0.0650924 0.111921 0.11335 0.981418
1 0.563713 0.685173 0.111766 0.112907 0.980965
10 0.439229 0.560775 0.11197 0.111579 0.980914
0 0.811872 0.809428 0.111646 0.112623 0.980805
1 0.191289 0.0643816 0.112251 0.113588 0.980779
4 0.936339 0.933865 0.112199 0.111996 0.980463
1 0.687855 0.80953 0.11197 0.113276 0.98024
0 0.315282 0.31267 0.112658 0.112877 0.980203
7 0.439201 0.685308 0.113214 0.11147 0.98009
12 0.439696 0.437649 0.112673 0.112786 0.979901
6 0.687665 0.313138 0.111774 0.111899 0.979519
0 0.067108 0.0644955 0.111624 0.112391 0.979499
12 0.687889 0.437036 0.111894 0.112484 0.979498
12 0.563531 0.188968 0.112441 0.112685 0.97945
3 0.563133 0.313508 0.11189 0.112304 0.979402
0 0.0672296 0.56103 0.112159 0.112176 0.979126
1 0.687914 0.065307 0.1117 0.1136 0.979079
0 0.563721 0.561184 0.111943 0.113473 0.978949
12 0.688122 0.685478 0.112816 0.112141 0.978901
4 0.812372 0.312748 0.112704 0.112818 0.978897
0 0.81174 0.561383 0.112572 0.112499 0.978732
5 0.936561 0.436827 0.113177 0.113387 0.978644
2 0.563376 0.437421 0.111567 0.111746 0.978426
1 0.936401 0.312669 0.113712 0.112909 0.978425
7 0.687864 0.561284 0.112127 0.112902 0.978368
4 0.936707 0.561297 0.113576 0.112989 0.978284
0 0.439317 0.188764 0.112094 0.113052 0.978167
6 0.935724 0.064661 0.113656 0.113129 0.977858
8 0.812329 0.188705 0.112354 0.112 0.977607
11 0.93543 0.68514 0.112127 0.113056 0.977589
11 0.811992 0.437118 0.112235 0.113869 0.97744
13 0.811602 0.685822 0.112275 0.11251 0.977383
8 0.688097 0.188821 0.111849 0.111909 0.977377
8 0.315371 0.561368 0.112382 0.111185 0.977073
2 0.812378 0.0644316 0.111971 0.113012 0.977008
2 0.936295 0.188431 0.11288 0.112686 0.976826
7 0.315141 0.189232 0.110634 0.111847 0.0687101
3 0.315433 0.809658 0.112146 0.111919 0.0120399
3 0.191425 0.685265 0.111685 0.111777 0.0111493
4 0.066565 0.436856 0.114488 0.112409 0.0100143
2 0.315856 0.561417 0.112823 0.112231 0.00913203
2 0.688274 0.18878 0.112772 0.111886 0.0090219
1 0.812299 0.312987 0.112652 0.113217 0.00696673
5 0.811766 0.437132 0.11169 0.112085 0.00629829
2 0.813009 0.188546 0.110988 0.112548 0.00610295
5 0.935756 0.685657 0.111891 0.112467 0.00572519
10 0.191768 0.933549 0.111675 0.111681 0.00504456
7 0.812241 0.685428 0.111173 0.113203 0.00472499
0 0.688017 0.064182 0.112325 0.113782 0.00453257
1 0.563439 0.437997 0.109379 0.111473 0.00405742
1 0.0672585 0.313118 0.113353 0.112447 0.00405453
1 0.688171 0.312941 0.11144 0.112141 0.004038
11 0.688398 0.188672 0.111967 0.111917 0.0040064
1 0.0667687 0.560634 0.114201 0.112173 0.00400056
12 0.686802 0.561335 0.110643 0.112426 0.0038378
1 0.936605 0.561464 0.113033 0.113217 0.00357887
1 0.563561 0.0648183 0.111008 0.113152 0.00355449
8 0.813053 0.0646435 0.109046 0.112121 0.00346481
4 0.439952 0.561214 0.112132 0.112769 0.00335054
10 0.811503 0.437088 0.111049 0.112893 0.00312488
0 0.936349 0.312895 0.112544 0.111775 0.00309061
0 0.81267 0.933676 0.111569 0.111737 0.00294107
1 0.0668185 0.0636035 0.113389 0.113138 0.00290782
1 0.813056 0.0641973 0.112488 0.111011 0.00289845
6 0.811683 0.312932 0.113623 0.111973 0.00273315
0 0.688022 0.809218 0.111364 0.111705 0.00272799
12 0.811433 0.685939 0.111371 0.112169 0.00266398
1 0.563845 0.560918 0.11208 0.112927 0.00263183
1 0.936077 0.0645647 0.1112 0.113646 0.00257282
12 0.191228 0.685178 0.112764 0.112885 0.00249311
11 0.315444 0.56148 0.111864 0.112286 0.0024553
12 0.935484 0.934002 0.113569 0.112474 0.00239868
1 0.315762 0.0646708 0.111922 0.111893 0.00236454
6 0.439757 0.437282 0.112448 0.11304 0.00233186
4 0.0666378 0.684474 0.11391 0.112734 0.00232725
12 0.439736 0.313662 0.112659 0.112679 0.00231465
10 0.9365 0.436784 0.111463 0.1124 0.00226098
2 0.936605 0.561464 0.113033 0.113217 0.00225131
12 0.315819 0.80915 0.112351 0.112561 0.00224371
1 0.935968 0.18893 0.111465 0.113018 0.00224137
13 0.439478 0.561139 0.111406 0.112193 0.00223337
12 0.564047 0.809582 0.111625 0.112211 0.00222193
2 0.563437 0.065362 0.110934 0.112525 0.00221573
1 0.439658 0.809826 0.111754 0.112857 0.00214713
7 0.563905 0.809707 0.11162 0.113325 0.00212954
10 0.935966 0.685208 0.111926 0.113025 0.0021154
4 0.0668908 0.809274 0.11398 0.111509 0.00210828
6 0.68799 0.436589 0.110568 0.112176 0.0020796
6 0.688107 0.561087 0.111894 0.112789 0.00207914
0 0.936484 0.809442 0.111886 0.112621 0.00207168
11 0.811961 0.189492 0.112078 0.111639 0.0020714
0 0.191289 0.0643816 0.112251 0.113588 0.00206614
7 0.0669547 0.436387 0.11206 0.114068 0.00204289
0 0.439322 0.0645031 0.111817 0.11404 0.00203336
1 0.811688 0.561022 0.112951 0.112611 0.00200316
5 0.687755 0.933923 0.113027 0.113738 0.00199072
2 0.68816 0.0650169 0.111641 0.112148 0.00197602
6 0.191549 0.313025 0.111837 0.111865 0.00193099
1 0.439837 0.933642 0.113083 0.112598 0.00185361
7 0.439547 0.809674 0.111916 0.112457 0.00179802
0 0.688154 0.43711 0.111662 0.112376 0.00178424
3 0.0674494 0.933877 0.112363 0.113288 0.00178196
3 0.439581 0.31356 0.11167 0.113068 0.0017646
1 0.315751 0.933528 0.112754 0.112694 0.00175466
7 0.935335 0.933872 0.111021 0.111535 0.0017104
7 0.811765 0.312316 0.11217 0.113876 0.00167635
4 0.688127 0.561071 0.11205 0.112791 0.00164646
6 0.191203 0.437913 0.112034 0.112312 0.00163685
3 0.564284 0.437608 0.110472 0.113164 0.00162118
0 0.687999 0.685475 0.111651 0.11161 0.00161604
11 0.687755 0.933923 0.113027 0.113738 0.00159986
4 0.563903 0.684988 0.111426 0.111926 0.00159697
2 0.812299 0.312987 0.112652 0.113217 0.00159528
3 0.191243 0.809894 0.11301 0.112369 0.00158584
6 0.936144 0.561371 0.113458 0.112952 0.00158313
5 0.811851 0.685666 0.112618 0.113103 0.00155698
4 0.688022 0.809218 0.111364 0.111705 0.00154563
3 0.315419 0.934056 0.11248 0.113357 0.00153484
10 0.439789 0.809828 0.113011 0.113183 0.00149913
1 0.315282 0.31267 0.112658 0.112877 0.00149457
2 0.936048 0.934154 0.112516 0.113554 0.00148252
6 0.0668037 0.313405 0.111348 0.111408 0.00145743
5 0.811626 0.064829 0.113325 0.111741 0.00145577
0 0.813026 0.189273 0.11193 0.114007 0.00143349
0 0.563924 0.93374 0.111613 0.11306 0.00143238
13 0.687959 0.933836 0.11103 0.111226 0.00143181
12 0.0674557 0.933818 0.114586 0.113348 0.0014253
3 0.93618 0.0646131 0.11329 0.113843 0.00142291
5 0.315141 0.189232 0.110634 0.111847 0.00137204
3 0.0665655 0.188868 0.112539 0.112171 0.00137129
1 0.935772 0.934078 0.112376 0.112983 0.00136655
0 0.563985 0.685077 0.111751 0.11284 0.00135372
7 0.688389 0.933296 0.112751 0.113988 0.00135351
6 0.563808 0.313624 0.111506 0.111622 0.0013526
12 0.439589 0.561469 0.112532 0.11258 0.00134608
0 0.439588 0.313699 0.112273 0.113127 0.00134081
6 0.563685 0.188972 0.111823 0.112792 0.00131475
3 0.31523 0.0645473 0.112491 0.113616 0.00131221
4 0.688389 0.933296 0.112751 0.113988 0.00129381
4 0.935979 0.188894 0.111889 0.112273 0.00128012
9 0.935935 0.685665 0.112189 0.112819 0.00127923
4 0.812283 0.0650999 0.111427 0.112285 0.00127579
2 0.688214 0.809283 0.112543 0.1119 0.00126543
10 0.811433 0.685516 0.113228 0.111867 0.00124909
10 0.812022 0.313638 0.111843 0.11315 0.00124688
0 0.191439 0.561137 0.111903 0.112404 0.00124602
1 0.439254 0.188293 0.11206 0.112841 0.00124425
7 0.067128 0.313021 0.112601 0.112782 0.00123285
12 0.191549 0.313025 0.111837 0.111865 0.00123177
12 0.0669617 0.188673 0.112736 0.112517 0.00123107
1 0.191322 0.809507 0.112564 0.111595 0.00123042
4 0.936455 0.809597 0.112678 0.11249 0.00122623
12 0.687755 0.933923 0.113027 0.113738 0.0012238
13 0.0670558 0.436694 0.112139 0.112266 0.00121981
4 0.687665 0.437232 0.11234 0.112634 0.00121038
4 0.191613 0.561441 0.111577 0.111873 0.00119989
3 0.68799 0.436589 0.110568 0.112176 0.0011859
4 0.191549 0.313025 0.111837 0.111865 0.00118128
3 0.936456 0.436479 0.113474 0.112008 0.00117751
4 0.563663 0.93366 0.110805 0.112149 0.001176
5 0.191579 0.809561 0.111893 0.111725 0.00117336
5 0.935992 0.188624 0.113996 0.113442 0.00116407
7 0.9362 0.561584 0.111336 0.111828 0.00113061
8 0.563439 0.437997 0.109379 0.111473 0.00112138
1 0.0665655 0.188868 0.112539 0.112171 0.00111347
3 0.935941 0.188689 0.112471 0.112332 0.00110989
1 0.563133 0.313508 0.11189 0.112304 0.00110489
13 0.066623 0.685147 0.112025 0.112171 0.00109607
6 0.439635 0.685446 0.112099 0.112501 0.00109489
9 0.812432 0.809137 0.11125 0.112802 0.00107774
5 0.316113 0.934241 0.112039 0.113161 0.00106107
4 0.191435 0.933742 0.112174 0.111153 0.00105874
2 0.935935 0.685665 0.112189 0.112819 0.00105672
1 0.811872 0.809428 0.111646 0.112623 0.00105647
6 0.31566 0.68568 0.111203 0.112502 0.00104671
2 0.813073 0.932836 0.112625 0.114084 0.00104292
4 0.688017 0.0652027 0.112182 0.113598 0.00103916
3 0.439287 0.934097 0.112754 0.113308 0.00103174
6 0.688214 0.809283 0.112543 0.1119 0.00102871
4 0.936325 0.313384 0.112076 0.113322 0.00100858
2 0.439658 0.809826 0.111754 0.112857 0.00100195
4 0.563619 0.313553 0.111562 0.111683 0.00100152
