10 0.439861 0.933821 0.11293 0.114682 0.986159
3 0.314933 0.0649829 0.113322 0.11373 0.98561
9 0.935775 0.809811 0.113241 0.112489 0.985492
5 0.440105 0.809251 0.110045 0.112565 0.985435
13 0.563511 0.809759 0.112257 0.113965 0.985289
10 0.191815 0.685489 0.112557 0.112744 0.985256
6 0.315935 0.933876 0.111192 0.112668 0.984745
5 0.0679981 0.685492 0.111472 0.112469 0.984638
3 0.687099 0.810065 0.112919 0.113813 0.984145
3 0.191356 0.561386 0.111198 0.113251 0.98395
1 0.56361 0.933741 0.112046 0.113144 0.983732
9 0.191358 0.313219 0.111827 0.112617 0.983719
9 0.0671984 0.561529 0.113761 0.113623 0.983335
13 0.935995 0.0656899 0.112883 0.11446 0.983158
5 0.315937 0.437349 0.111079 0.112322 0.983078
13 0.191132 0.809384 0.111356 0.112491 0.982988
5 0.439295 0.0649287 0.111477 0.112977 0.982899
5 0.191914 0.189045 0.111915 0.112162 0.982699
11 0.56328 0.0650415 0.112294 0.113795 0.982367
11 0.0673871 0.189017 0.112771 0.112787 0.982337
11 0.811853 0.933541 0.11198 0.113482 0.982268
4 0.439312 0.437232 0.11225 0.112655 0.982034
12 0.191315 0.437138 0.111476 0.111919 0.981764
6 0.0671561 0.43739 0.112333 0.112044 0.981698
13 0.439213 0.189723 0.112042 0.113709 0.981609
4 0.0669122 0.934214 0.112626 0.112725 0.981581
11 0.935818 0.933557 0.112806 0.113649 0.981383
13 0.191399 0.9337 0.111859 0.113578 0.981299
6 0.936053 0.685321 0.114353 0.112991 0.98122
1 0.31523 0.189049 0.112036 0.111731 0.98108
2 0.0671731 0.31317 0.112266 0.112047 0.980944
0 0.688086 0.933532 0.112317 0.113019 0.980943
2 0.811936 0.809739 0.113525 0.113416 0.980915
10 0.43912 0.313248 0.112327 0.112196 0.980806
3 0.811135 0.0651663 0.113891 0.114335 0.980641
7 0.563682 0.685441 0.111562 0.112853 0.980587
9 0.687676 0.0650627 0.111709 0.114053 0.980038
10 0.563752 0.561215 0.1125 0.113609 0.979938
0 0.315047 0.31298 0.112779 0.112364 0.979912
12 0.5642 0.436859 0.111808 0.113399 0.97963
13 0.687795 0.437306 0.112609 0.113072 0.979594
12 0.812339 0.560995 0.112076 0.11356 0.979395
10 0.687991 0.188747 0.11218 0.11339 0.979338
10 0.687948 0.685227 0.112312 0.112845 0.979297
1 0.439535 0.561501 0.11264 0.112815 0.979136
12 0.936045 0.188859 0.111989 0.112459 0.978928
0 0.314879 0.560968 0.112535 0.111438 0.978911
1 0.811879 0.685306 0.11333 0.113101 0.978767
0 0.315523 0.809395 0.112557 0.113611 0.978584
6 0.812293 0.188966 0.112179 0.112268 0.978441
8 0.191139 0.0648806 0.110945 0.111716 0.978419
10 0.936717 0.561246 0.112868 0.113073 0.978267
0 0.0674537 0.0647938 0.11149 0.112835 0.978204
0 0.439517 0.685245 0.1121 0.113378 0.978144
2 0.811773 0.437104 0.110826 0.111682 0.97801
5 0.687745 0.561062 0.111345 0.113464 0.977931
0 0.563241 0.313847 0.111487 0.111904 0.977929
5 0.936515 0.436538 0.112835 0.114032 0.977823
0 0.812171 0.313096 0.112224 0.11292 0.977805
1 0.936253 0.313032 0.113688 0.112369 0.977601
8 0.315155 0.685148 0.112016 0.112499 0.97719
8 0.687935 0.313482 0.111455 0.112129 0.977189
8 0.563783 0.189496 0.110359 0.111139 0.976687
0 0.0670452 0.809692 0.112514 0.112729 0.974593
8 0.813087 0.933297 0.110509 0.114517 0.0300845
1 0.066741 0.809504 0.114159 0.113072 0.0219293
2 0.687753 0.313703 0.112341 0.112525 0.0203102
2 0.315557 0.685329 0.11245 0.112835 0.013878
4 0.439381 0.31359 0.110792 0.113398 0.0124046
2 0.191091 0.0644952 0.112472 0.113042 0.0108698
1 0.0666303 0.0644232 0.113367 0.113226 0.0105592
2 0.56359 0.189361 0.112943 0.112269 0.00911822
6 0.812412 0.561239 0.111287 0.113 0.0070988
1 0.563654 0.312751 0.112564 0.113474 0.00616654
1 0.812325 0.312781 0.112043 0.113125 0.00616274
3 0.936155 0.809838 0.111546 0.113901 0.00577807
4 0.936131 0.560846 0.112257 0.113626 0.00462639
12 0.936155 0.809838 0.111546 0.113901 0.00457093
6 0.563915 0.437546 0.112354 0.112861 0.00456936
12 0.191545 0.560884 0.11142 0.111946 0.00455718
6 0.191261 0.437375 0.111614 0.112757 0.00438007
10 0.936118 0.933457 0.111861 0.113357 0.00432022
4 0.687717 0.189305 0.111495 0.1134 0.00427199
11 0.191388 0.0644069 0.112344 0.11315 0.00427176
11 0.315612 0.685339 0.112704 0.112567 0.00425497
12 0.191227 0.31346 0.112297 0.112749 0.00417
8 0.813093 0.437053 0.109997 0.113497 0.00387516
1 0.0666021 0.93403 0.113903 0.114094 0.00386479
9 0.935743 0.933742 0.111205 0.111994 0.0036973
0 0.936184 0.313294 0.112597 0.111349 0.00364854
6 0.936416 0.189208 0.112478 0.113361 0.00359003
2 0.688128 0.561191 0.111159 0.112818 0.00358311
1 0.315145 0.560864 0.112388 0.113029 0.0035796
10 0.935479 0.0649116 0.11089 0.11205 0.00319885
13 0.687721 0.685532 0.111415 0.112177 0.00318737
0 0.688091 0.0646644 0.109825 0.112087 0.00312631
1 0.439443 0.437203 0.113271 0.113129 0.00311256
3 0.812169 0.189289 0.112536 0.113525 0.00308961
12 0.811435 0.0649295 0.112454 0.112828 0.0030296
7 0.439475 0.437407 0.111736 0.112311 0.00296442
12 0.687836 0.809593 0.111925 0.112556 0.0029542
3 0.936181 0.685217 0.112713 0.112619 0.00293721
3 0.315935 0.933876 0.111192 0.112668 0.0029215
12 0.688091 0.0646644 0.109825 0.112087 0.00289798
1 0.315512 0.809452 0.112535 0.113347 0.00287781
7 0.936131 0.560846 0.112257 0.113626 0.00287006
4 0.191815 0.685489 0.112557 0.112744 0.00284303
9 0.811621 0.932848 0.110974 0.113539 0.00263627
4 0.68822 0.685679 0.111673 0.113042 0.00262325
13 0.439281 0.313273 0.111081 0.111682 0.00256991
13 0.936143 0.561292 0.110766 0.111886 0.00249493
1 0.811514 0.189374 0.111916 0.112707 0.00242152
13 0.687601 0.189 0.111937 0.112379 0.00241458
12 0.0672215 0.561041 0.11251 0.115112 0.00240825
5 0.81145 0.809584 0.114503 0.113718 0.00239289
1 0.439602 0.685205 0.111957 0.112469 0.00237733
10 0.812118 0.933224 0.112276 0.114072 0.00237046
2 0.439635 0.437405 0.111872 0.113302 0.00230303
3 0.0667799 0.685243 0.113864 0.113553 0.00229783
4 0.563976 0.561608 0.112743 0.11301 0.00228693
1 0.0673225 0.436976 0.113169 0.11277 0.00225919
1 0.06733 0.313607 0.111532 0.112265 0.00223838
2 0.688182 0.810044 0.112156 0.112006 0.00221583
13 0.191368 0.685251 0.111928 0.112172 0.00220162
0 0.812236 0.685123 0.111564 0.112514 0.00219505
1 0.31537 0.312744 0.112515 0.113071 0.00218636
1 0.813092 0.43671 0.114017 0.113743 0.00217044
11 0.68811 0.561201 0.110795 0.113493 0.00216022
4 0.56386 0.685418 0.111511 0.112177 0.00215997
9 0.688182 0.810044 0.112156 0.112006 0.00214487
7 0.68822 0.685679 0.111673 0.113042 0.00205445
7 0.688186 0.18936 0.112182 0.114158 0.00203191
8 0.811554 0.809428 0.113218 0.114345 0.00200168
1 0.935949 0.685335 0.111407 0.113976 0.00196904
11 0.191399 0.9337 0.111859 0.113578 0.00196568
12 0.191244 0.80946 0.112208 0.112502 0.00196486
13 0.935697 0.933481 0.113042 0.113622 0.00195288
10 0.191422 0.18883 0.112629 0.112728 0.00193398
10 0.0666874 0.188995 0.114485 0.112671 0.00192147
0 0.191265 0.313489 0.112257 0.112381 0.00190445
5 0.563733 0.064943 0.112122 0.113489 0.00187674
1 0.688137 0.933658 0.111192 0.11217 0.00183702
11 0.315158 0.436415 0.109803 0.111072 0.00182346
13 0.0669193 0.188958 0.112786 0.112706 0.00180577
3 0.0671561 0.43739 0.112333 0.112044 0.00179984
1 0.688169 0.809686 0.111974 0.112234 0.0017119
11 0.93646 0.436248 0.111761 0.1132 0.00162862
13 0.563733 0.064943 0.112122 0.113489 0.00162438
3 0.812492 0.809093 0.113081 0.11384 0.0016242
3 0.0666072 0.31322 0.113436 0.112853 0.00158836
5 0.688152 0.189234 0.112875 0.113734 0.001587
5 0.935818 0.933557 0.112806 0.113649 0.00158654
13 0.811875 0.933721 0.111955 0.112671 0.00157532
5 0.812118 0.933224 0.112276 0.114072 0.00154594
5 0.688179 0.685408 0.111419 0.112329 0.00153854
9 0.811401 0.0647414 0.113065 0.113044 0.00153605
13 0.440219 0.934005 0.111922 0.111753 0.00152967
10 0.439682 0.0645535 0.111047 0.112271 0.00151987
12 0.688204 0.437128 0.112003 0.112966 0.00151426
0 0.563514 0.933544 0.11084 0.112089 0.00150716
11 0.56391 0.189399 0.112526 0.112967 0.00149957
10 0.439344 0.809415 0.111856 0.112391 0.00148565
10 0.563618 0.0649759 0.11244 0.11223 0.00147658
3 0.191389 0.436634 0.110014 0.112989 0.00142868
10 0.936287 0.437127 0.111242 0.112174 0.00142546
5 0.811605 0.437152 0.114417 0.112979 0.00142194
11 0.191422 0.18883 0.112629 0.112728 0.00141175
0 0.43939 0.561081 0.112471 0.113499 0.00135361
11 0.191132 0.809384 0.111356 0.112491 0.00131841
7 0.563707 0.561591 0.111712 0.112302 0.00130774
9 0.688053 0.436615 0.110342 0.112547 0.00127892
0 0.811672 0.561393 0.113542 0.114052 0.00126127
4 0.439357 0.561351 0.112408 0.112982 0.00126053
10 0.439474 0.437413 0.110333 0.114745 0.00126052
6 0.811435 0.0649295 0.112454 0.112828 0.0012454
11 0.687916 0.313851 0.1118 0.113181 0.00124419
2 0.315334 0.436561 0.109354 0.111415 0.00123933
11 0.811554 0.809428 0.113218 0.114345 0.00123681
2 0.813076 0.93296 0.111026 0.113328 0.00123525
6 0.0669122 0.934214 0.112626 0.112725 0.00122878
4 0.315507 0.189258 0.112269 0.113343 0.00122551
0 0.564184 0.437125 0.112051 0.113259 0.00121197
4 0.811666 0.685146 0.112704 0.112733 0.00121154
10 0.687716 0.561294 0.11102 0.111877 0.00119443
8 0.0666072 0.31322 0.113436 0.112853 0.00118135
3 0.81282 0.437423 0.112402 0.113671 0.00116688
0 0.315325 0.188723 0.11239 0.113168 0.00115176
7 0.439167 0.313445 0.111753 0.112862 0.00113416
13 0.563224 0.561281 0.111705 0.112348 0.00113144
4 0.563514 0.933544 0.11084 0.112089 0.00111647
8 0.0666874 0.188995 0.114485 0.112671 0.00111478
6 0.439475 0.437407 0.111736 0.112311 0.00110693
0 0.688134 0.313518 0.112861 0.113867 0.00109511
7 0.19119 0.685003 0.112341 0.112513 0.00108371
3 0.688133 0.0647898 0.11176 0.111962 0.00108343
9 0.0666874 0.188995 0.114485 0.112671 0.00107352
8 0.688091 0.0646644 0.109825 0.112087 0.0010628
4 0.688128 0.561191 0.111159 0.112818 0.00105944
12 0.563588 0.809587 0.111675 0.112117 0.0010378
4 0.439861 0.933821 0.11293 0.114682 0.0010328
3 0.315051 0.188773 0.111968 0.112239 0.00103252
7 0.935995 0.0656899 0.112883 0.11446 0.00103079
2 0.936467 0.80962 0.111092 0.111951 0.00101944
3 0.81219 0.560856 0.112264 0.113021 0.001019
3 0.68811 0.561201 0.110795 0.113493 0.00100361
