7 0.564138 0.809303 0.111923 0.112889 0.986446
13 0.563978 0.933992 0.113318 0.114853 0.986178
13 0.43956 0.809489 0.112972 0.113343 0.984871
0 0.935912 0.933266 0.112637 0.111253 0.98459
5 0.315917 0.561386 0.110782 0.112991 0.984423
3 0.68774 0.809707 0.112627 0.113441 0.98362
7 0.0673528 0.685471 0.113883 0.113704 0.983415
8 0.687976 0.933847 0.111431 0.112807 0.983261
3 0.68754 0.685355 0.111693 0.112354 0.983003
2 0.0667796 0.561369 0.113307 0.111841 0.982897
1 0.191573 0.56145 0.110979 0.110984 0.982771
7 0.0675307 0.809221 0.113461 0.112789 0.982744
7 0.440133 0.561644 0.112593 0.11327 0.982727
7 0.936282 0.685094 0.113138 0.112486 0.982514
7 0.935823 0.0651003 0.115704 0.115484 0.982432
5 0.313269 0.0651455 0.110144 0.111839 0.982318
3 0.188944 0.189438 0.112586 0.112903 0.982295
4 0.19146 0.684547 0.112556 0.11316 0.98197
6 0.0670088 0.437505 0.113815 0.112971 0.981955
5 0.812393 0.810016 0.111492 0.113241 0.981937
3 0.191346 0.313728 0.11088 0.111978 0.981923
13 0.190407 0.0648432 0.112258 0.114026 0.981903
4 0.315826 0.933215 0.114471 0.114547 0.981806
13 0.0675296 0.933803 0.113947 0.114801 0.981675
11 0.0656909 0.189177 0.112183 0.112308 0.981573
4 0.439532 0.933349 0.11242 0.114197 0.98125
8 0.191673 0.933587 0.112322 0.113219 0.981151
10 0.936912 0.809468 0.113383 0.11467 0.981112
9 0.687394 0.18951 0.111102 0.112949 0.981079
11 0.439336 0.68525 0.110694 0.111989 0.980748
1 0.812 0.933772 0.112827 0.113215 0.980738
1 0.315196 0.437118 0.111771 0.111278 0.980586
0 0.191337 0.437351 0.111147 0.111243 0.980463
0 0.315291 0.312687 0.111659 0.112001 0.980426
12 0.315836 0.68555 0.112799 0.110939 0.980102
11 0.563124 0.189887 0.111542 0.113046 0.979894
0 0.0674227 0.313109 0.112577 0.112506 0.979771
13 0.31397 0.189007 0.11251 0.112051 0.979767
9 0.687194 0.437572 0.11114 0.112047 0.979756
8 0.315609 0.808984 0.111874 0.111489 0.9795
11 0.563806 0.561446 0.111018 0.11327 0.979323
2 0.191509 0.809534 0.111785 0.111418 0.979094
3 0.563042 0.313596 0.111847 0.112455 0.979048
2 0.0658024 0.0645881 0.110657 0.112589 0.978983
5 0.811708 0.561586 0.112079 0.11287 0.978954
1 0.438776 0.0650252 0.113741 0.11405 0.978912
0 0.438755 0.189417 0.111948 0.112322 0.978754
1 0.563696 0.685528 0.111835 0.111805 0.978688
10 0.812061 0.0643933 0.112128 0.114168 0.978647
4 0.936202 0.437 0.114179 0.113713 0.978592
8 0.687702 0.0650856 0.112639 0.112621 0.978556
1 0.439488 0.31337 0.110905 0.111311 0.978314
0 0.439462 0.437167 0.111722 0.111927 0.978173
9 0.563562 0.437773 0.11161 0.112146 0.978138
9 0.936091 0.189269 0.112185 0.111907 0.978135
10 0.936497 0.312882 0.11383 0.114781 0.978112
11 0.8119 0.188948 0.112581 0.11366 0.978083
8 0.811778 0.437025 0.112237 0.112517 0.977975
4 0.812219 0.685371 0.113235 0.113287 0.977801
7 0.812021 0.31312 0.112326 0.112985 0.977739
12 0.936396 0.561235 0.113368 0.113152 0.977667
8 0.687716 0.561616 0.111782 0.112247 0.977619
0 0.56302 0.0657263 0.111184 0.111319 0.977557
2 0.687515 0.312951 0.109857 0.110952 0.97737
6 0.936245 0.56154 0.112933 0.113223 0.0114983
6 0.315917 0.685521 0.110867 0.111182 0.0110769
12 0.563854 0.436743 0.110589 0.11232 0.0106781
2 0.811702 0.436648 0.111986 0.113068 0.00796275
2 0.687295 0.561337 0.110777 0.112415 0.00706804
5 0.811497 0.189849 0.112505 0.113575 0.00650592
12 0.688101 0.437246 0.110848 0.112467 0.00646487
12 0.688028 0.189267 0.110871 0.113542 0.00453888
1 0.687338 0.313297 0.110407 0.11182 0.00452364
2 0.687909 0.0637475 0.111327 0.112291 0.00435419
4 0.688262 0.80955 0.111595 0.11318 0.00394951
3 0.687691 0.437255 0.110574 0.112526 0.00384463
7 0.0678701 0.933628 0.114851 0.115557 0.00383082
11 0.935942 0.313516 0.11429 0.113812 0.00382913
0 0.812065 0.934087 0.112214 0.112549 0.00361606
12 0.811239 0.313024 0.111967 0.112496 0.00357119
0 0.688101 0.437246 0.110848 0.112467 0.00343911
0 0.688028 0.189267 0.110871 0.113542 0.00343059
11 0.811469 0.809688 0.113209 0.112227 0.00339405
1 0.563618 0.064088 0.110281 0.113181 0.00339298
1 0.0670718 0.312691 0.113134 0.11175 0.00335676
3 0.56358 0.437509 0.110273 0.112783 0.00324691
10 0.0671292 0.933246 0.116204 0.115973 0.00316093
11 0.687819 0.561141 0.111893 0.111994 0.00313809
12 0.811589 0.0652138 0.112729 0.113717 0.00307351
0 0.68814 0.064516 0.110958 0.113781 0.00306225
0 0.438921 0.0646664 0.113157 0.114057 0.00303074
11 0.811331 0.561381 0.111619 0.111988 0.00288339
7 0.935978 0.561221 0.111679 0.113757 0.0028751
12 0.936089 0.0650514 0.113885 0.113774 0.00287417
12 0.935888 0.685228 0.111558 0.112447 0.00277516
7 0.314392 0.188964 0.112483 0.112375 0.00276614
5 0.936214 0.809358 0.11338 0.113627 0.00268136
3 0.066371 0.560387 0.114326 0.110714 0.00267415
2 0.811441 0.809215 0.113706 0.112828 0.00261651
1 0.936179 0.437003 0.113888 0.113765 0.00258653
7 0.811463 0.684771 0.112687 0.114259 0.00257333
7 0.439493 0.933657 0.111839 0.11258 0.0025514
4 0.564251 0.808975 0.111652 0.113098 0.00252999
0 0.315267 0.436601 0.111821 0.111413 0.00247362
0 0.564087 0.438129 0.112108 0.113189 0.00242713
2 0.688148 0.68548 0.110798 0.111171 0.00242528
7 0.190364 0.0648126 0.112602 0.113841 0.00242158
6 0.19169 0.685001 0.111976 0.113017 0.00238483
11 0.687702 0.0650856 0.112639 0.112621 0.00231455
0 0.439637 0.31361 0.110512 0.111508 0.0022645
5 0.0655118 0.189484 0.11309 0.11313 0.00224977
6 0.688293 0.809951 0.111685 0.112178 0.00223273
4 0.0670411 0.809011 0.114716 0.112464 0.00221062
12 0.937006 0.809341 0.11272 0.113146 0.00220444
10 0.189439 0.0648451 0.113456 0.113922 0.00218427
5 0.935942 0.313516 0.11429 0.113812 0.00216583
5 0.0674412 0.560825 0.112892 0.113213 0.00216358
0 0.688468 0.933653 0.111938 0.112686 0.0021474
8 0.688125 0.313087 0.110209 0.112104 0.00211243
10 0.313686 0.0648421 0.11236 0.11091 0.0021121
0 0.811503 0.437939 0.112133 0.11186 0.00209875
5 0.563759 0.19007 0.111942 0.113506 0.00208627
4 0.0669571 0.685027 0.115352 0.113426 0.00208573
12 0.439815 0.8095 0.111548 0.111578 0.00208276
2 0.191679 0.933479 0.111937 0.112663 0.00206765
4 0.935823 0.0651003 0.115704 0.115484 0.00206197
1 0.439766 0.436281 0.110965 0.11262 0.00206086
1 0.812171 0.685484 0.113791 0.113865 0.00203582
12 0.44037 0.561135 0.111641 0.113708 0.0019972
11 0.811172 0.436643 0.109631 0.111937 0.0019603
11 0.687976 0.933847 0.111431 0.112807 0.00192287
4 0.936232 0.809023 0.11287 0.115067 0.00192029
13 0.936258 0.809507 0.11152 0.112826 0.00192024
0 0.564112 0.685325 0.110958 0.110964 0.00190204
7 0.936232 0.809023 0.11287 0.115067 0.00185097
3 0.0649359 0.0649577 0.113009 0.111727 0.00182934
5 0.563929 0.561858 0.111046 0.112496 0.00182399
4 0.936282 0.685094 0.113138 0.112486 0.00180544
11 0.313653 0.0649566 0.111678 0.111106 0.00179728
11 0.191795 0.933551 0.112628 0.114297 0.00178341
9 0.936002 0.933661 0.111318 0.111765 0.00178121
2 0.315531 0.80897 0.11241 0.111555 0.0017674
2 0.688481 0.933158 0.112309 0.112058 0.00174597
4 0.811643 0.313586 0.113595 0.112782 0.00174512
12 0.93614 0.189343 0.111636 0.111766 0.00174423
1 0.316001 0.934067 0.113822 0.114536 0.00173513
1 0.191675 0.685295 0.112595 0.113242 0.0017276
0 0.191424 0.560897 0.111516 0.11174 0.00172413
1 0.438454 0.188968 0.111899 0.112881 0.001696
1 0.440104 0.933998 0.112946 0.114302 0.00166012
12 0.687828 0.809572 0.111665 0.112446 0.00165861
9 0.686734 0.685222 0.112604 0.112879 0.00164408
12 0.190008 0.189348 0.111873 0.11249 0.00163564
8 0.686773 0.189256 0.112526 0.111893 0.00163441
11 0.937006 0.809341 0.11272 0.113146 0.00158925
7 0.935267 0.437313 0.112539 0.11279 0.0015882
7 0.19169 0.685001 0.111976 0.113017 0.00158179
10 0.31349 0.189035 0.112873 0.112703 0.00157347
7 0.440574 0.80951 0.112595 0.11313 0.00155155
0 0.688122 0.561801 0.110371 0.112946 0.00153538
4 0.688125 0.68513 0.11108 0.112455 0.00153356
4 0.191709 0.313162 0.110953 0.1113 0.00150874
1 0.191401 0.436951 0.111594 0.111957 0.00149315
4 0.564112 0.685325 0.110958 0.110964 0.00149194
4 0.811999 0.0649321 0.111579 0.113911 0.00147868
10 0.811344 0.188996 0.111989 0.112746 0.00144343
5 0.191902 0.809728 0.111465 0.112123 0.00143565
1 0.0657023 0.0647419 0.111605 0.110563 0.0014181
10 0.812047 0.313445 0.112322 0.113544 0.00138582
5 0.688175 0.685197 0.111495 0.112066 0.00138356
8 0.439619 0.685313 0.111622 0.111719 0.00137981
12 0.935942 0.313516 0.11429 0.113812 0.00137553
6 0.191849 0.313699 0.111217 0.111655 0.00135048
11 0.315941 0.80912 0.112772 0.113086 0.00135028
5 0.686701 0.312835 0.11317 0.110745 0.00134835
6 0.811435 0.685089 0.114149 0.113543 0.00134065
8 0.93596 0.189268 0.111437 0.113307 0.00130656
10 0.812018 0.685523 0.113062 0.113141 0.00130611
5 0.439606 0.685538 0.111443 0.112273 0.00129584
6 0.440344 0.561087 0.111777 0.112981 0.00128753
11 0.315684 0.560624 0.110835 0.112192 0.00128278
7 0.564684 0.934075 0.112903 0.114188 0.0012771
13 0.811287 0.312763 0.111649 0.113117 0.00127708
1 0.688147 0.80969 0.111772 0.112089 0.00127298
3 0.0665798 0.436762 0.115157 0.112914 0.00126597
7 0.811532 0.0640265 0.111879 0.114115 0.00126358
1 0.067371 0.561224 0.112059 0.110831 0.00125943
12 0.191709 0.313162 0.110953 0.1113 0.00125632
3 0.936234 0.561032 0.112242 0.113537 0.00125503
2 0.688293 0.809951 0.111685 0.112178 0.00123136
3 0.688073 0.189402 0.11231 0.112918 0.00120562
5 0.812018 0.685523 0.113062 0.113141 0.00117934
8 0.0667796 0.561369 0.113307 0.111841 0.00116368
3 0.687997 0.313391 0.11189 0.111062 0.0011619
5 0.811442 0.064474 0.112844 0.112097 0.00115805
12 0.688175 0.685197 0.111495 0.112066 0.00115043
4 0.439691 0.312827 0.110229 0.110893 0.00113706
8 0.686816 0.436903 0.111715 0.111102 0.00113164
2 0.81129 0.561137 0.11236 0.112483 0.00112258
1 0.315291 0.312687 0.111659 0.112001 0.0011177
5 0.0651231 0.0652019 0.111234 0.109753 0.00111737
11 0.811589 0.0652138 0.112729 0.113717 0.00109108
8 0.56363 0.189105 0.112141 0.113378 0.00108787
10 0.314862 0.561197 0.112706 0.11278 0.00108688
0 0.192287 0.933674 0.111055 0.111744 0.00108393
8 0.563695 0.561311 0.111034 0.11246 0.00107531
8 0.191937 0.809352 0.110575 0.11151 0.00106232
10 0.811209 0.561273 0.111296 0.111864 0.00105818
2 0.439534 0.685297 0.111055 0.112099 0.00105484
6 0.688148 0.68548 0.110798 0.111171 0.0010523
6 0.438794 0.0648748 0.113054 0.113312 0.00104447
7 0.0672367 0.436385 0.113179 0.113471 0.00104032
12 0.315932 0.933911 0.112376 0.113888 0.00103815
9 0.191937 0.809352 0.110575 0.11151 0.00103456
12 0.439869 0.933818 0.111692 0.114097 0.00103412
13 0.811441 0.0642469 0.111383 0.112273 0.00102803
4 0.315599 0.437394 0.111565 0.111396 0.00100906
1 0.563042 0.313596 0.111847 0.112455 0.00100874
4 0.56362 0.313632 0.111162 0.11173 0.00100257
