5 0.316076 0.933828 0.110497 0.112895 0.986354
7 0.31558 0.685105 0.111884 0.111764 0.985766
9 0.314755 0.0646254 0.111428 0.112716 0.98533
8 0.563686 0.809913 0.111421 0.111909 0.985092
13 0.19162 0.933726 0.113141 0.113491 0.984982
10 0.688165 0.933626 0.112132 0.113623 0.984975
1 0.56385 0.933816 0.111761 0.112728 0.984945
5 0.0673502 0.685632 0.11192 0.112338 0.984897
12 0.812051 0.933974 0.111146 0.112814 0.984876
6 0.936396 0.809387 0.112239 0.112813 0.984822
2 0.687537 0.80976 0.112312 0.112784 0.984703
13 0.439338 0.685228 0.112114 0.113168 0.984409
9 0.0668804 0.561512 0.113631 0.113751 0.983736
13 0.315293 0.437915 0.112136 0.112861 0.983285
6 0.563277 0.0647465 0.111458 0.113419 0.983146
13 0.0667889 0.189335 0.112544 0.113098 0.983141
13 0.811692 0.810102 0.113313 0.113012 0.983093
3 0.191504 0.0649975 0.110991 0.113539 0.98308
9 0.438971 0.0646459 0.110932 0.113084 0.983036
6 0.315964 0.188748 0.111398 0.113085 0.982802
3 0.192022 0.437796 0.11148 0.113097 0.982685
9 0.0664248 0.0645769 0.113966 0.114737 0.982663
5 0.315514 0.313725 0.112124 0.112975 0.982652
0 0.440166 0.933969 0.112423 0.113013 0.982463
1 0.439747 0.809828 0.112282 0.112777 0.982425
6 0.191958 0.312943 0.112132 0.113301 0.982254
13 0.811757 0.0657657 0.113882 0.113977 0.982077
9 0.191422 0.809521 0.111204 0.11244 0.982055
8 0.0672327 0.809546 0.113164 0.114139 0.981991
13 0.935819 0.685716 0.112916 0.113555 0.981897
1 0.0669607 0.437688 0.112799 0.112311 0.981834
10 0.191317 0.189203 0.113304 0.112104 0.981706
10 0.935752 0.933961 0.113563 0.114051 0.981653
1 0.0666012 0.934184 0.112418 0.113191 0.981613
1 0.191275 0.561665 0.111662 0.112168 0.981418
0 0.191234 0.685349 0.112088 0.112132 0.98113
0 0.315586 0.809552 0.111574 0.112096 0.980977
4 0.439369 0.189148 0.112896 0.113203 0.980957
0 0.31525 0.561417 0.112371 0.112075 0.980895
8 0.687613 0.189928 0.112605 0.112721 0.980189
6 0.564072 0.561271 0.112594 0.113688 0.979928
4 0.439474 0.56107 0.11228 0.113561 0.979708
4 0.563631 0.31286 0.112745 0.114345 0.979584
9 0.687669 0.685507 0.1108 0.111813 0.979347
4 0.563887 0.684851 0.112245 0.113578 0.979296
9 0.811844 0.685822 0.111659 0.112425 0.979242
4 0.687798 0.0653134 0.111223 0.112749 0.979206
1 0.563575 0.437299 0.112241 0.112603 0.978774
1 0.439023 0.313231 0.112726 0.11348 0.97876
1 0.563494 0.188863 0.112067 0.113314 0.978738
9 0.936262 0.437036 0.113168 0.114415 0.97864
0 0.439364 0.437514 0.111337 0.111683 0.978612
0 0.067406 0.313295 0.112217 0.113437 0.978564
4 0.812365 0.188458 0.112284 0.113191 0.978507
12 0.688094 0.561294 0.111936 0.113499 0.978453
0 0.812137 0.313046 0.112816 0.112991 0.978428
1 0.812267 0.437136 0.112906 0.112801 0.978343
0 0.687677 0.43728 0.111752 0.112566 0.978218
1 0.936319 0.0640298 0.113897 0.113729 0.978146
6 0.936522 0.18865 0.113438 0.113503 0.977917
5 0.936782 0.31264 0.112754 0.113037 0.977846
8 0.812223 0.561318 0.112438 0.113343 0.977606
7 0.93643 0.561392 0.112499 0.113484 0.977588
8 0.687561 0.313466 0.11181 0.112463 0.97747
3 0.687791 0.809235 0.112212 0.112903 0.023967
9 0.687396 0.31409 0.112205 0.112392 0.0176145
1 0.066544 0.313609 0.11253 0.112379 0.00775557
9 0.56381 0.809379 0.110995 0.112542 0.00612337
2 0.688123 0.188642 0.112279 0.113379 0.00563738
11 0.812362 0.561035 0.110601 0.112756 0.00555881
2 0.688029 0.312939 0.111284 0.113806 0.00475473
11 0.687337 0.31292 0.111112 0.111285 0.00439646
1 0.812166 0.188771 0.11237 0.113637 0.00434224
11 0.5641 0.810005 0.110956 0.113239 0.00431209
9 0.687727 0.189971 0.112693 0.112405 0.00430457
12 0.439324 0.685447 0.111663 0.112198 0.00398546
12 0.811326 0.809889 0.11162 0.113044 0.00374181
1 0.687798 0.0653134 0.111223 0.112749 0.00359504
0 0.688279 0.685772 0.11181 0.11217 0.00359328
1 0.563679 0.313584 0.112348 0.113881 0.00358402
1 0.687861 0.436686 0.111788 0.111816 0.00354852
1 0.439493 0.56154 0.112017 0.112552 0.00327176
0 0.813146 0.685842 0.11089 0.111873 0.00315545
11 0.687524 0.188798 0.111623 0.111898 0.00309453
2 0.812038 0.561212 0.112631 0.11238 0.0030373
1 0.439386 0.189419 0.111862 0.112518 0.00291503
9 0.812445 0.561369 0.113514 0.113761 0.00289931
7 0.688468 0.933229 0.114023 0.114347 0.00287935
12 0.936007 0.561348 0.112442 0.112925 0.00282807
6 0.192021 0.0649585 0.111882 0.111987 0.00276562
6 0.68685 0.560891 0.110602 0.111576 0.0027596
1 0.563727 0.685565 0.111782 0.112471 0.00274377
0 0.812561 0.436356 0.112593 0.112099 0.00269336
5 0.688055 0.933895 0.111867 0.112969 0.0026839
12 0.688279 0.685772 0.11181 0.11217 0.00265221
4 0.192314 0.438076 0.112105 0.1139 0.0026205
6 0.687858 0.0654638 0.111572 0.112702 0.00261459
6 0.81189 0.189396 0.111829 0.112696 0.0025805
2 0.439493 0.56154 0.112017 0.112552 0.002503
6 0.563894 0.313561 0.112515 0.113646 0.00242956
3 0.81189 0.189396 0.111829 0.112696 0.00240148
4 0.563741 0.437394 0.112065 0.111785 0.00234085
0 0.935917 0.0645152 0.112816 0.113113 0.0022624
0 0.688125 0.188989 0.113096 0.114471 0.00225859
3 0.93606 0.188856 0.11271 0.113783 0.00225219
2 0.812166 0.188771 0.11237 0.113637 0.00221046
4 0.563831 0.189079 0.112372 0.113475 0.00208811
4 0.439353 0.313557 0.112711 0.113339 0.00208521
4 0.191337 0.189166 0.112458 0.113439 0.00204374
6 0.439282 0.189206 0.111769 0.113021 0.00203469
10 0.812293 0.933438 0.110308 0.113187 0.00199084
5 0.68816 0.809918 0.112035 0.113959 0.00198578
1 0.68816 0.809918 0.112035 0.113959 0.00197963
10 0.315731 0.933946 0.111279 0.111932 0.00192178
11 0.0678159 0.809702 0.112454 0.114467 0.00190056
3 0.563944 0.685242 0.110734 0.111991 0.00189232
3 0.439705 0.561457 0.111217 0.112192 0.00188676
2 0.563727 0.685565 0.111782 0.112471 0.00187046
7 0.563944 0.685242 0.110734 0.111991 0.00186563
3 0.563774 0.560948 0.112039 0.113219 0.00185927
4 0.688468 0.933229 0.114023 0.114347 0.00183905
4 0.439757 0.809603 0.111623 0.112373 0.00182719
7 0.191337 0.189166 0.112458 0.113439 0.00182172
0 0.688041 0.313426 0.112423 0.115072 0.00181019
8 0.811487 0.685844 0.110864 0.112644 0.00179812
7 0.812208 0.0653755 0.113057 0.114108 0.00179778
2 0.192429 0.43811 0.111866 0.113229 0.0017791
7 0.0667889 0.189335 0.112544 0.113098 0.0017783
2 0.564242 0.81009 0.111618 0.111832 0.00177535
8 0.688168 0.809965 0.111271 0.112598 0.00177491
3 0.56405 0.0646623 0.111285 0.113674 0.00176624
8 0.439086 0.0649588 0.110725 0.112099 0.00176565
3 0.68776 0.561125 0.11182 0.113789 0.00172864
6 0.192314 0.438076 0.112105 0.1139 0.00170701
4 0.191275 0.561665 0.111662 0.112168 0.00170522
0 0.935917 0.436918 0.112658 0.11329 0.00170426
10 0.314976 0.313296 0.113262 0.11225 0.00168733
8 0.688279 0.685772 0.11181 0.11217 0.00167724
0 0.813164 0.93291 0.110219 0.112199 0.00167257
7 0.935757 0.933407 0.112204 0.113947 0.00166285
3 0.563894 0.313561 0.112515 0.113646 0.00162864
7 0.687319 0.0644983 0.11089 0.111653 0.00162706
12 0.192021 0.0649585 0.111882 0.111987 0.00162327
9 0.813138 0.933081 0.109712 0.112996 0.00161495
7 0.81189 0.189396 0.111829 0.112696 0.00161379
12 0.315081 0.436678 0.110664 0.112905 0.00161266
12 0.936043 0.437378 0.111585 0.114493 0.00160275
5 0.935752 0.933961 0.113563 0.114051 0.00160095
0 0.688226 0.561528 0.111388 0.112937 0.0016001
6 0.563944 0.685242 0.110734 0.111991 0.00158263
10 0.935516 0.684694 0.111165 0.112059 0.00158015
0 0.563576 0.188598 0.112127 0.113439 0.00152143
2 0.687798 0.0653134 0.111223 0.112749 0.00150028
4 0.563701 0.933707 0.110683 0.11175 0.00149986
6 0.439705 0.561457 0.111217 0.112192 0.00148078
1 0.439522 0.436708 0.111837 0.112437 0.00147702
3 0.811615 0.933146 0.111286 0.112134 0.00147106
1 0.812353 0.312729 0.112457 0.113589 0.00146903
12 0.935226 0.685495 0.11188 0.112916 0.00145907
0 0.563756 0.437565 0.111166 0.112815 0.00142432
3 0.936396 0.809387 0.112239 0.112813 0.00141359
13 0.191063 0.189178 0.111969 0.111609 0.00137659
3 0.439947 0.18958 0.112422 0.113215 0.00137156
0 0.0675658 0.560959 0.112095 0.117038 0.00137115
10 0.936516 0.313069 0.110552 0.111316 0.00136714
2 0.0672366 0.809937 0.113554 0.113401 0.00136288
7 0.811324 0.809415 0.112887 0.11273 0.00134973
0 0.0663121 0.437006 0.114578 0.111625 0.00134556
7 0.439338 0.685228 0.112114 0.113168 0.00134517
11 0.811437 0.685884 0.112281 0.112826 0.00132238
11 0.935555 0.685529 0.113452 0.11325 0.00131033
3 0.191958 0.312943 0.112132 0.113301 0.00130562
2 0.439386 0.189419 0.111862 0.112518 0.00129078
10 0.0666822 0.685493 0.111672 0.11216 0.00129061
7 0.439705 0.561457 0.111217 0.112192 0.00128703
1 0.191234 0.685218 0.111903 0.112517 0.00128487
2 0.813012 0.436932 0.110936 0.113887 0.00128183
4 0.192021 0.0649585 0.111882 0.111987 0.00126738
5 0.192429 0.43811 0.111866 0.113229 0.00123979
12 0.811295 0.0649524 0.112285 0.112587 0.00123483
3 0.687858 0.0654638 0.111572 0.112702 0.00121556
13 0.688399 0.933653 0.111992 0.11171 0.0012057
12 0.0668492 0.188182 0.112493 0.112831 0.00120327
4 0.0666853 0.934111 0.113477 0.113365 0.00119508
1 0.315415 0.561135 0.112814 0.112348 0.00118852
11 0.935752 0.933961 0.113563 0.114051 0.00117798
11 0.0660246 0.0652124 0.112734 0.111621 0.00117617
11 0.687736 0.685319 0.111237 0.111773 0.00116524
7 0.936157 0.189087 0.112425 0.113368 0.00116322
7 0.563894 0.313561 0.112515 0.113646 0.00115853
11 0.191418 0.809699 0.112304 0.111706 0.00115726
4 0.0669607 0.437688 0.112799 0.112311 0.00114776
11 0.0669102 0.561444 0.112653 0.112133 0.00114471
2 0.563679 0.313584 0.112348 0.113881 0.00114324
11 0.439126 0.0649204 0.110827 0.111808 0.00112605
12 0.935802 0.809451 0.112165 0.112847 0.00111308
1 0.315669 0.80959 0.111658 0.112666 0.00111027
5 0.439258 0.561102 0.112506 0.112674 0.00110746
7 0.811615 0.933146 0.111286 0.112134 0.00110572
5 0.563097 0.313421 0.112331 0.112422 0.00109932
4 0.936264 0.0646911 0.112215 0.113744 0.00109483
0 0.43911 0.312938 0.112718 0.113457 0.00109473
3 0.688279 0.685772 0.11181 0.11217 0.00109299
4 0.812606 0.437495 0.111592 0.112773 0.00109212
1 0.563706 0.0650871 0.110733 0.112369 0.00108439
0 0.563802 0.933411 0.110813 0.111902 0.00108437
8 0.0678236 0.560923 0.112041 0.116725 0.00108143
12 0.688055 0.933895 0.111867 0.112969 0.00107575
6 0.93609 0.0641804 0.112233 0.113674 0.00106625
3 0.315225 0.188771 0.110958 0.11302 0.00106437
4 0.936517 0.313262 0.112257 0.113457 0.00106357
11 0.811692 0.810102 0.113313 0.113012 0.00105885
8 0.314946 0.0651152 0.111546 0.112012 0.00105719
7 0.315137 0.436639 0.11096 0.112131 0.00105153
1 0.563757 0.56138 0.111371 0.113291 0.00104759
12 0.813095 0.685889 0.109307 0.112658 0.00104326
0 0.0662775 0.0644429 0.113307 0.11332 0.00102558
13 0.936076 0.93352 0.112173 0.112047 0.00102484
1 0.191463 0.064645 0.111504 0.112184 0.00102377
12 0.191903 0.934007 0.111237 0.112963 0.00100742
7 0.563695 0.064913 0.110986 0.111288 0.00100292
