3 0.314965 0.809833 0.113519 0.113095 0.988359
5 0.191874 0.685251 0.110452 0.112191 0.985967
12 0.811924 0.933991 0.112909 0.113908 0.985615
5 0.563498 0.934021 0.112249 0.114241 0.985599
0 0.935865 0.933346 0.112677 0.111709 0.985388
10 0.563875 0.809437 0.112118 0.113386 0.985073
5 0.0680563 0.685384 0.111676 0.112668 0.984881
13 0.563555 0.685213 0.111844 0.113663 0.984686
5 0.687705 0.933862 0.111755 0.113853 0.984459
4 0.0670305 0.437444 0.113226 0.112469 0.983209
1 0.439299 0.809558 0.112325 0.113145 0.983146
13 0.315285 0.436666 0.112184 0.111786 0.98314
5 0.316008 0.189189 0.111518 0.112228 0.983001
11 0.0665877 0.313041 0.112319 0.112716 0.982909
4 0.191622 0.188764 0.113406 0.112701 0.982776
11 0.31541 0.0645403 0.111175 0.113346 0.982776
5 0.0678574 0.933769 0.11292 0.114752 0.982641
11 0.190971 0.313288 0.111952 0.112567 0.982619
12 0.439286 0.934312 0.111708 0.114112 0.982571
6 0.191308 0.437265 0.111129 0.111774 0.982423
9 0.563583 0.0648424 0.111692 0.113671 0.982378
10 0.191322 0.0646199 0.112138 0.113432 0.982228
11 0.315401 0.933857 0.112022 0.113851 0.981284
4 0.439151 0.560969 0.112537 0.112675 0.981027
1 0.0672471 0.18848 0.112257 0.113332 0.980895
12 0.0672462 0.561305 0.111502 0.111965 0.980536
12 0.315232 0.313007 0.111874 0.11218 0.980493
5 0.439073 0.313205 0.112708 0.11312 0.980358
2 0.190973 0.560738 0.11198 0.111296 0.980321
9 0.0671848 0.809422 0.112962 0.113141 0.980214
12 0.93583 0.685727 0.113814 0.113056 0.980025
1 0.93655 0.809791 0.112846 0.112533 0.979826
2 0.812315 0.0650712 0.112098 0.113433 0.979794
0 0.811856 0.809266 0.112087 0.112386 0.979647
11 0.935538 0.0655325 0.113923 0.114253 0.979635
9 0.563226 0.188662 0.111422 0.113813 0.97958
1 0.563337 0.437087 0.112794 0.113648 0.979565
13 0.687572 0.313325 0.11232 0.112904 0.979532
3 0.43962 0.189261 0.112235 0.113712 0.979419
2 0.190994 0.809387 0.112736 0.11118 0.979401
1 0.812056 0.436964 0.113204 0.113234 0.979369
1 0.439245 0.0647087 0.112634 0.114084 0.979118
0 0.563723 0.561241 0.111923 0.113967 0.979018
6 0.688144 0.561214 0.112709 0.112592 0.978999
13 0.935887 0.561573 0.11358 0.113436 0.97888
5 0.687832 0.685319 0.111606 0.112614 0.97885
1 0.812169 0.188715 0.112799 0.112315 0.978825
0 0.0672607 0.0646098 0.111711 0.113062 0.978755
6 0.812413 0.685574 0.113047 0.112545 0.978622
0 0.315109 0.561144 0.111609 0.113362 0.978558
8 0.687922 0.810014 0.111466 0.111821 0.978533
3 0.687492 0.0650518 0.112089 0.114202 0.978528
0 0.439334 0.685064 0.112109 0.113485 0.978371
2 0.563466 0.313529 0.11204 0.112083 0.978333
0 0.43906 0.437097 0.111653 0.113738 0.978217
0 0.687597 0.188925 0.112319 0.113459 0.978184
5 0.68768 0.436679 0.112198 0.113261 0.97812
5 0.811932 0.561156 0.112418 0.113781 0.97811
3 0.811614 0.312837 0.111782 0.11218 0.978049
8 0.191409 0.933569 0.112059 0.112316 0.977772
11 0.93642 0.436771 0.113345 0.114271 0.977717
8 0.315144 0.684936 0.112154 0.111566 0.977658
0 0.935881 0.188997 0.112602 0.111653 0.977598
5 0.936656 0.312425 0.113223 0.113544 0.977405
4 0.191307 0.064347 0.112658 0.112733 0.0109313
2 0.315523 0.6854 0.112425 0.112596 0.0107509
6 0.315427 0.31354 0.111984 0.113213 0.0100166
1 0.0668737 0.0638502 0.113105 0.113421 0.00987605
1 0.438963 0.436712 0.111934 0.113374 0.00916804
2 0.191524 0.933843 0.11288 0.113891 0.00854024
11 0.191631 0.933805 0.112575 0.113618 0.00679438
2 0.688253 0.809403 0.112598 0.111637 0.00678437
7 0.191234 0.188843 0.111764 0.112538 0.0067536
1 0.315201 0.561063 0.112164 0.113149 0.0060479
11 0.688221 0.933276 0.112541 0.114542 0.00596602
6 0.0670681 0.561488 0.111787 0.112064 0.00573505
1 0.687731 0.189104 0.112403 0.112854 0.00544295
2 0.688221 0.933276 0.112541 0.114542 0.00535198
6 0.81159 0.933968 0.112047 0.113534 0.00489978
1 0.0667123 0.43674 0.114154 0.112556 0.00479465
1 0.811587 0.685676 0.110681 0.113907 0.00474937
6 0.439598 0.934624 0.112402 0.114352 0.00457452
1 0.43946 0.685027 0.11194 0.112832 0.0042225
10 0.936199 0.436583 0.112613 0.113503 0.00406889
6 0.936383 0.68549 0.111715 0.112423 0.00385981
5 0.936158 0.4365 0.113141 0.113406 0.00382596
0 0.812211 0.188522 0.112355 0.113265 0.0037842
5 0.811641 0.0651312 0.113323 0.113093 0.00370187
3 0.687889 0.560811 0.11259 0.113388 0.00365569
1 0.439427 0.561092 0.113229 0.113524 0.00355171
10 0.068013 0.313101 0.112045 0.11236 0.00345019
0 0.812167 0.437233 0.112186 0.113642 0.00341364
2 0.688164 0.685064 0.111928 0.113254 0.00340972
1 0.191622 0.188764 0.113406 0.112701 0.00332633
2 0.688108 0.436856 0.112669 0.112741 0.00314427
3 0.81243 0.685319 0.111597 0.112635 0.00311321
11 0.315592 0.685445 0.112556 0.1123 0.0030876
3 0.19108 0.809647 0.113291 0.112554 0.00301589
10 0.687869 0.933895 0.111466 0.112288 0.00299665
2 0.0667123 0.43674 0.114154 0.112556 0.00295707
8 0.813046 0.0650162 0.109577 0.113081 0.00288015
11 0.688084 0.436855 0.11214 0.113551 0.00287463
0 0.936661 0.809688 0.111588 0.11253 0.00280687
1 0.563867 0.560826 0.112073 0.113123 0.00279846
12 0.811648 0.313097 0.111634 0.11273 0.00269827
10 0.191815 0.313271 0.112412 0.112494 0.00269285
7 0.439268 0.561161 0.11201 0.112319 0.00261408
0 0.563625 0.43728 0.111741 0.113739 0.0024747
0 0.43934 0.0641129 0.112036 0.114312 0.0024598
12 0.687852 0.0642715 0.112012 0.112314 0.0024574
3 0.0669499 0.933596 0.114114 0.115355 0.00241371
12 0.563363 0.188984 0.111955 0.112418 0.00238106
3 0.191032 0.560876 0.113618 0.112735 0.00237018
5 0.191496 0.809407 0.112206 0.112136 0.00229972
0 0.0666684 0.188348 0.1121 0.112398 0.002282
1 0.811856 0.809266 0.112087 0.112386 0.00226283
10 0.935538 0.0655325 0.113923 0.114253 0.00223454
6 0.191234 0.188843 0.111764 0.112538 0.00222412
1 0.191182 0.436783 0.109197 0.110469 0.00219172
1 0.688273 0.560988 0.110982 0.113783 0.00215452
6 0.811648 0.313097 0.111634 0.11273 0.00214729
5 0.191038 0.312897 0.112909 0.113228 0.00210458
12 0.563577 0.0644417 0.112547 0.112153 0.0020645
3 0.191193 0.436962 0.112812 0.112533 0.00206394
3 0.0668567 0.68496 0.113759 0.113564 0.00206053
13 0.935765 0.436596 0.113409 0.113267 0.00204239
4 0.563875 0.809437 0.112118 0.113386 0.00199845
1 0.563678 0.313595 0.111396 0.112065 0.0019604
11 0.688146 0.685157 0.111579 0.113616 0.00193265
9 0.315559 0.436547 0.110799 0.112811 0.00193187
2 0.43955 0.561182 0.112304 0.113433 0.00193097
1 0.813057 0.0645429 0.113224 0.11246 0.00188463
9 0.936145 0.43741 0.111884 0.112355 0.00182384
11 0.936255 0.311623 0.111769 0.112135 0.00181485
12 0.0671706 0.809325 0.113386 0.112969 0.00180295
10 0.314858 0.0646875 0.11213 0.113469 0.00180271
13 0.191569 0.0648978 0.111946 0.111861 0.00178681
9 0.93599 0.933644 0.111241 0.111774 0.0017385
0 0.43956 0.809538 0.112226 0.113271 0.00168673
5 0.191377 0.5609 0.111739 0.111708 0.00164705
12 0.439304 0.188871 0.112294 0.112664 0.00161002
7 0.191322 0.0646199 0.112138 0.113432 0.00160418
13 0.0665877 0.313041 0.112319 0.112716 0.00158543
5 0.315172 0.0645668 0.112104 0.113325 0.00156768
3 0.191012 0.68514 0.112176 0.113194 0.00156283
10 0.439516 0.313003 0.111404 0.111594 0.00155847
7 0.0664659 0.436477 0.111438 0.112224 0.00150085
3 0.0672178 0.561058 0.11287 0.113931 0.00147683
13 0.190971 0.313288 0.111952 0.112567 0.00143071
11 0.563759 0.933747 0.111811 0.113031 0.00142197
4 0.936793 0.312997 0.112494 0.112692 0.00141948
10 0.687726 0.437234 0.111454 0.111837 0.00141881
13 0.315172 0.0645668 0.112104 0.113325 0.00141318
3 0.0669401 0.808968 0.112512 0.111743 0.00137398
3 0.564006 0.313678 0.111257 0.113716 0.00136689
11 0.687922 0.810069 0.112707 0.112138 0.00136645
11 0.81152 0.561272 0.112497 0.112231 0.00132825
11 0.0669499 0.933596 0.114114 0.115355 0.00132811
10 0.0666841 0.933878 0.113218 0.113425 0.00131603
6 0.688261 0.0648785 0.111579 0.112315 0.00128725
6 0.439304 0.188871 0.112294 0.112664 0.00128563
10 0.687891 0.685434 0.111643 0.112374 0.00128372
2 0.439475 0.313147 0.111587 0.112035 0.00128212
9 0.191559 0.560605 0.110386 0.111304 0.00127954
7 0.564054 0.809507 0.111629 0.112069 0.00127195
1 0.68795 0.0644672 0.112138 0.112999 0.00127078
1 0.81154 0.313111 0.112137 0.112456 0.00126753
13 0.315648 0.933922 0.112464 0.113689 0.00126735
1 0.314965 0.809312 0.112345 0.112002 0.00125366
12 0.563464 0.685345 0.1117 0.112436 0.00123916
11 0.0668567 0.68496 0.113759 0.113564 0.00123864
0 0.813092 0.933464 0.109758 0.112055 0.0012352
8 0.315401 0.933857 0.112022 0.113851 0.00122969
10 0.81148 0.561119 0.113085 0.112702 0.00121903
4 0.563622 0.437099 0.112538 0.112661 0.00121496
7 0.687856 0.31387 0.111591 0.112802 0.00120905
2 0.936862 0.313089 0.111935 0.114216 0.00120155
10 0.563762 0.934259 0.111847 0.112658 0.00119788
0 0.563409 0.188764 0.112187 0.112746 0.00117633
9 0.191287 0.312968 0.112086 0.112335 0.00117608
10 0.936351 0.312859 0.110581 0.111594 0.0011741
0 0.688251 0.80977 0.112644 0.112762 0.00117306
5 0.935538 0.0655325 0.113923 0.114253 0.00116968
4 0.439468 0.809498 0.111825 0.11259 0.00116408
8 0.936298 0.0648248 0.111143 0.111895 0.00115298
8 0.0669654 0.313193 0.11168 0.114202 0.00115242
12 0.314937 0.437196 0.111549 0.112167 0.00114999
7 0.81159 0.933968 0.112047 0.113534 0.0011351
3 0.936374 0.685414 0.113293 0.113206 0.0011328
4 0.811957 0.189199 0.112172 0.112322 0.00112505
12 0.688087 0.31321 0.112351 0.113101 0.00111513
0 0.93583 0.685727 0.113814 0.113056 0.00110891
10 0.315401 0.933857 0.112022 0.113851 0.00110774
9 0.813054 0.313376 0.110539 0.111413 0.00110685
13 0.56355 0.809644 0.111546 0.112408 0.00109183
4 0.688164 0.685064 0.111928 0.113254 0.00109097
4 0.688233 0.0647344 0.112703 0.113559 0.00108914
2 0.191622 0.188764 0.113406 0.112701 0.00108627
9 0.191757 0.933297 0.111909 0.111603 0.00108345
3 0.81159 0.933968 0.112047 0.113534 0.00107833
3 0.936793 0.312997 0.112494 0.112692 0.00107734
4 0.93655 0.809791 0.112846 0.112533 0.00107628
4 0.439343 0.313354 0.112069 0.112345 0.00106142
1 0.191228 0.560527 0.112606 0.112466 0.00105489
2 0.688261 0.0648785 0.111579 0.112315 0.00103537
10 0.93569 0.561334 0.11128 0.112224 0.00103471
0 0.563621 0.0644515 0.111726 0.111718 0.00103269
2 0.191252 0.684843 0.111684 0.112276 0.00101509
3 0.688084 0.436855 0.11214 0.113551 0.00100544
