9 0.935463 0.933929 0.113066 0.112593 0.987758
5 0.31577 0.934363 0.110606 0.112517 0.986201
7 0.314937 0.0650805 0.11167 0.111799 0.986161
7 0.191168 0.809603 0.111419 0.11167 0.985981
4 0.316013 0.809373 0.112459 0.112815 0.985939
5 0.440307 0.809907 0.110367 0.112065 0.985474
6 0.56355 0.933531 0.111547 0.113716 0.985347
4 0.440025 0.685201 0.112622 0.112517 0.98502
6 0.0675511 0.809388 0.113046 0.112758 0.984781
7 0.563523 0.065081 0.111789 0.112795 0.98469
13 0.81175 0.933769 0.112242 0.112784 0.984625
9 0.191352 0.437585 0.110422 0.112605 0.984135
1 0.315356 0.685265 0.112101 0.112229 0.983663
9 0.315841 0.189071 0.111644 0.112281 0.9835
9 0.563286 0.685235 0.110928 0.112407 0.983478
9 0.0675945 0.437498 0.111419 0.112722 0.983426
3 0.0671541 0.0648847 0.112134 0.113913 0.983424
3 0.191506 0.0645309 0.111137 0.113139 0.983211
13 0.315444 0.313317 0.112988 0.112019 0.983105
1 0.0668706 0.934206 0.112146 0.112848 0.982871
1 0.0670523 0.685702 0.112364 0.11144 0.982847
0 0.439937 0.933817 0.112068 0.112656 0.982792
9 0.687549 0.809845 0.111418 0.112154 0.982786
13 0.191644 0.561662 0.111042 0.112114 0.982355
10 0.0674431 0.561656 0.112524 0.112768 0.982348
0 0.191243 0.685309 0.111625 0.111098 0.981938
0 0.935815 0.68511 0.112766 0.11115 0.981793
2 0.315211 0.561117 0.112348 0.11239 0.98151
1 0.315323 0.437324 0.11214 0.112014 0.981415
1 0.191262 0.312694 0.111478 0.112261 0.981249
13 0.439353 0.561494 0.112813 0.11165 0.981073
0 0.687744 0.933606 0.112286 0.112827 0.980787
1 0.0667369 0.188835 0.111326 0.111432 0.980468
1 0.439446 0.0649388 0.111336 0.113115 0.980327
2 0.191059 0.933761 0.113124 0.113443 0.980265
5 0.439316 0.437099 0.112127 0.112331 0.979978
10 0.812266 0.809424 0.11322 0.111517 0.979901
10 0.687901 0.685069 0.111384 0.111945 0.979786
0 0.191203 0.188893 0.11229 0.111537 0.979743
6 0.563888 0.313151 0.112254 0.112752 0.979718
1 0.563605 0.437182 0.112337 0.11292 0.97937
1 0.439287 0.313035 0.112226 0.112957 0.979304
1 0.812193 0.685177 0.112929 0.112617 0.979183
0 0.0667 0.311373 0.111666 0.114383 0.979018
1 0.563478 0.18891 0.112028 0.112592 0.978979
9 0.811867 0.188686 0.112584 0.112264 0.978936
4 0.81249 0.312907 0.112935 0.11319 0.978928
13 0.811853 0.561687 0.112816 0.113002 0.97883
10 0.688092 0.312733 0.112198 0.113172 0.978667
12 0.936315 0.56135 0.112986 0.112515 0.97864
2 0.563526 0.561074 0.11242 0.114372 0.978575
0 0.687605 0.437099 0.111884 0.112669 0.978411
1 0.936199 0.0640875 0.113854 0.11364 0.97829
0 0.687862 0.18905 0.112063 0.112777 0.978288
0 0.936096 0.437107 0.112862 0.111937 0.978225
2 0.687856 0.56129 0.112184 0.114104 0.978133
13 0.936256 0.313086 0.113548 0.113205 0.978032
2 0.935981 0.188653 0.110577 0.111693 0.977935
5 0.687919 0.0642101 0.111774 0.112988 0.977932
2 0.812305 0.437023 0.112844 0.113743 0.977674
8 0.439612 0.18908 0.111178 0.112313 0.977342
8 0.564254 0.809922 0.111173 0.113768 0.977113
8 0.811718 0.0648862 0.111694 0.112038 0.976795
8 0.936065 0.8093 0.111282 0.112868 0.975479
2 0.936201 0.809294 0.112804 0.111672 0.0319978
2 0.439559 0.188871 0.111006 0.111984 0.015665
12 0.811424 0.933563 0.111101 0.111379 0.0145724
1 0.06648 0.310576 0.113668 0.114457 0.0100115
4 0.688351 0.685198 0.111949 0.112339 0.00994579
4 0.687972 0.313412 0.111886 0.112542 0.00976767
3 0.935913 0.934105 0.111674 0.113603 0.00851135
4 0.0670203 0.561417 0.115048 0.113024 0.00718553
5 0.811898 0.809724 0.112985 0.112062 0.00632439
12 0.935913 0.934105 0.111674 0.113603 0.00580415
1 0.812582 0.312879 0.113048 0.113834 0.00500446
4 0.811968 0.809426 0.111017 0.113085 0.00478247
0 0.688056 0.809196 0.111634 0.111782 0.00473546
2 0.564075 0.809801 0.11188 0.111726 0.00468447
3 0.563806 0.933444 0.111972 0.114005 0.00457762
5 0.936017 0.188694 0.113759 0.114336 0.004462
7 0.688325 0.685248 0.113169 0.113402 0.00441288
2 0.811584 0.0641195 0.110467 0.111818 0.00437849
12 0.192054 0.0644851 0.111887 0.112592 0.00398391
1 0.811797 0.437858 0.109886 0.111248 0.00396824
3 0.687337 0.809637 0.111378 0.113011 0.00395666
7 0.688218 0.313233 0.112392 0.114162 0.00370922
3 0.31537 0.56111 0.113395 0.11299 0.00326263
12 0.811289 0.5617 0.111629 0.112567 0.00313358
13 0.687697 0.685293 0.111479 0.112205 0.00306454
7 0.439415 0.684955 0.112175 0.112821 0.00284451
7 0.811433 0.80879 0.112282 0.113536 0.002775
1 0.191182 0.188235 0.111854 0.11154 0.00268868
6 0.935996 0.561042 0.112486 0.112436 0.0026713
1 0.440057 0.685316 0.113322 0.112624 0.00265174
7 0.439746 0.561257 0.111424 0.112826 0.00258096
12 0.811563 0.189311 0.111292 0.112653 0.0025199
5 0.811546 0.436857 0.113292 0.112346 0.0025136
1 0.68815 0.561096 0.112673 0.11357 0.00247871
0 0.812481 0.685203 0.111383 0.112091 0.00246066
0 0.5636 0.188435 0.1116 0.112777 0.00243771
3 0.0675511 0.809388 0.113046 0.112758 0.00231577
1 0.563605 0.56114 0.11255 0.113592 0.00230122
2 0.688159 0.0644707 0.112096 0.111884 0.00229436
10 0.439584 0.809624 0.111981 0.112231 0.00222271
7 0.0673055 0.561013 0.112743 0.113663 0.0022141
13 0.0672682 0.561615 0.112434 0.11229 0.00218187
3 0.811563 0.189311 0.111292 0.112653 0.00212251
0 0.935953 0.0641538 0.112133 0.113382 0.00211589
12 0.315611 0.189243 0.111918 0.111992 0.00211223
12 0.68683 0.809813 0.109874 0.112413 0.00210806
1 0.687696 0.436553 0.112354 0.112435 0.00210314
3 0.191059 0.933761 0.113124 0.113443 0.00209121
2 0.440087 0.809602 0.111808 0.112133 0.00209064
3 0.688159 0.0644707 0.112096 0.111884 0.00208118
1 0.315922 0.809518 0.113786 0.113251 0.00207805
8 0.688164 0.561212 0.110576 0.112997 0.00206439
13 0.687657 0.313128 0.110704 0.11151 0.0020397
1 0.687744 0.933606 0.112286 0.112827 0.00202356
3 0.563995 0.312681 0.11217 0.11304 0.00197198
7 0.811686 0.312164 0.112284 0.115174 0.00195992
12 0.191464 0.561113 0.111095 0.11123 0.00191098
0 0.563671 0.437029 0.111715 0.112947 0.00188377
1 0.935972 0.188926 0.112215 0.113681 0.00187641
0 0.439399 0.0643513 0.111392 0.113797 0.00186647
3 0.56402 0.561062 0.112451 0.113119 0.00183225
5 0.688068 0.685358 0.112702 0.111751 0.00183092
12 0.191791 0.436638 0.11083 0.111455 0.00182842
0 0.0661557 0.188921 0.109926 0.110963 0.0018013
10 0.191215 0.561201 0.111752 0.112582 0.00179789
1 0.688006 0.188391 0.111715 0.112761 0.00179701
12 0.439511 0.561081 0.111834 0.112139 0.00175706
2 0.687864 0.809577 0.111269 0.112044 0.00175572
4 0.688159 0.0644707 0.112096 0.111884 0.00174456
11 0.564075 0.809801 0.11188 0.111726 0.00173741
4 0.564186 0.0647246 0.11187 0.113734 0.0017335
5 0.688176 0.313059 0.113286 0.113106 0.00173332
7 0.935889 0.313544 0.113388 0.11311 0.00169839
1 0.315509 0.560891 0.11287 0.113566 0.00165349
0 0.439374 0.313455 0.110909 0.112894 0.00165142
3 0.811919 0.437053 0.11258 0.112281 0.00164441
5 0.68815 0.561096 0.112673 0.11357 0.00164412
0 0.191202 0.312944 0.110688 0.112483 0.00163439
0 0.812938 0.189029 0.110598 0.113186 0.00161776
12 0.0679095 0.436457 0.111236 0.113425 0.00161088
7 0.811524 0.933015 0.110801 0.1115 0.00160841
10 0.811976 0.933722 0.111308 0.113495 0.00159972
8 0.688056 0.809196 0.111634 0.111782 0.00157397
11 0.812035 0.0648416 0.111316 0.112859 0.00156695
10 0.315353 0.934067 0.111733 0.111858 0.00155491
3 0.563922 0.685225 0.111885 0.113237 0.00151674
4 0.811995 0.685028 0.112229 0.111977 0.00150402
0 0.813026 0.0650978 0.110218 0.114339 0.00147219
1 0.191092 0.685105 0.111462 0.111891 0.00147089
4 0.439422 0.313456 0.112091 0.11286 0.00145975
12 0.687972 0.313412 0.111886 0.112542 0.0014571
12 0.688068 0.685358 0.112702 0.111751 0.00143391
4 0.563722 0.437299 0.111978 0.112275 0.0014239
4 0.315451 0.43757 0.112364 0.113012 0.0014233
1 0.56401 0.933651 0.111134 0.112552 0.00141423
6 0.067171 0.188612 0.112016 0.114746 0.00141338
4 0.56402 0.561062 0.112451 0.113119 0.00139239
10 0.439387 0.561036 0.112265 0.113496 0.00137554
4 0.563747 0.189215 0.111792 0.112644 0.00137129
8 0.81308 0.437307 0.109896 0.112503 0.00135634
0 0.191291 0.436745 0.110354 0.113347 0.0013432
0 0.0674838 0.436557 0.111054 0.114599 0.00133013
12 0.315331 0.0647803 0.11297 0.112023 0.00132146
7 0.811776 0.561256 0.113326 0.113268 0.00130793
12 0.563922 0.685225 0.111885 0.113237 0.00130702
4 0.31549 0.685452 0.111557 0.111828 0.00130313
11 0.43924 0.188922 0.111989 0.112086 0.00129466
3 0.191791 0.436638 0.11083 0.111455 0.00127329
0 0.56348 0.684793 0.111727 0.111726 0.00126584
7 0.935996 0.561042 0.112486 0.112436 0.00125719
3 0.439141 0.43654 0.111382 0.110884 0.00125459
4 0.935768 0.0647037 0.11252 0.112895 0.0012465
7 0.315583 0.313527 0.112074 0.112947 0.00121947
9 0.936025 0.437414 0.112263 0.112252 0.00121354
2 0.812582 0.312879 0.113048 0.113834 0.00121305
3 0.687869 0.561248 0.112171 0.112275 0.00120426
0 0.315455 0.437232 0.112879 0.112944 0.00119065
10 0.43948 0.437337 0.111345 0.111767 0.00118718
4 0.191237 0.313203 0.111636 0.112811 0.00118605
5 0.19154 0.933642 0.111318 0.111048 0.00117959
1 0.0665874 0.0650082 0.112603 0.112644 0.00116666
4 0.0670523 0.685702 0.112364 0.11144 0.001165
0 0.0668338 0.685413 0.112606 0.111824 0.00116307
13 0.811505 0.8094 0.111925 0.112763 0.00116293
6 0.192054 0.0644851 0.111887 0.112592 0.00115882
6 0.31526 0.809155 0.112419 0.11277 0.0011539
10 0.688159 0.0644707 0.112096 0.111884 0.00113947
12 0.811898 0.809724 0.112985 0.112062 0.00112451
3 0.0666935 0.1876 0.110836 0.10986 0.00112417
1 0.191433 0.933527 0.11276 0.113452 0.00111608
3 0.936087 0.188552 0.112341 0.113963 0.0010962
0 0.0668268 0.934272 0.11312 0.113454 0.00107603
3 0.563452 0.189015 0.111429 0.112161 0.00107022
4 0.0668706 0.934206 0.112146 0.112848 0.00106985
5 0.563594 0.561487 0.112911 0.113028 0.00104572
11 0.439599 0.809465 0.111771 0.112068 0.00103673
0 0.315379 0.685254 0.111723 0.112486 0.00103487
11 0.936193 0.8095 0.111086 0.113345 0.00101903
4 0.439795 0.0648603 0.112059 0.11379 0.00100835
6 0.811607 0.312936 0.114357 0.113204 0.00100202
