5 0.315965 0.810126 0.110606 0.111967 0.986661
4 0.439631 0.934139 0.113324 0.114212 0.985938
2 0.439418 0.809733 0.112289 0.112493 0.985797
9 0.936122 0.809948 0.11268 0.112158 0.985602
2 0.563568 0.934054 0.112528 0.113677 0.985602
9 0.19127 0.809455 0.112199 0.112373 0.985084
5 0.191468 0.686069 0.110759 0.111682 0.985046
2 0.315067 0.685252 0.112802 0.112606 0.984528
4 0.564215 0.685371 0.112406 0.113271 0.984447
3 0.0673232 0.934147 0.113097 0.114601 0.98415
6 0.0675267 0.685599 0.112554 0.111909 0.983829
10 0.439542 0.0646922 0.111082 0.112708 0.983675
9 0.0677584 0.809791 0.111631 0.1125 0.983575
4 0.315525 0.437292 0.113049 0.112929 0.983449
2 0.812017 0.934034 0.112537 0.113455 0.983438
11 0.563717 0.809817 0.111294 0.111663 0.983435
3 0.315516 0.31333 0.111505 0.113843 0.983178
11 0.315772 0.562009 0.111831 0.112228 0.9826
12 0.0672093 0.188739 0.112559 0.112167 0.982354
4 0.19162 0.189033 0.113492 0.112817 0.982062
7 0.439504 0.31338 0.113552 0.112979 0.982059
4 0.0669741 0.0649946 0.11446 0.113889 0.981961
10 0.191624 0.0649768 0.112082 0.11278 0.981719
1 0.0668949 0.437568 0.112309 0.112167 0.981657
2 0.191068 0.313128 0.112293 0.112982 0.981441
11 0.191224 0.438077 0.112113 0.112052 0.981432
12 0.191517 0.561677 0.111322 0.11146 0.981405
9 0.687634 0.0653384 0.111528 0.113577 0.98119
11 0.19163 0.93432 0.111473 0.11238 0.981134
1 0.688076 0.809695 0.112007 0.112983 0.980992
1 0.315124 0.189056 0.111661 0.111788 0.98085
12 0.439741 0.685581 0.111798 0.112798 0.980581
13 0.811976 0.0649202 0.111837 0.111925 0.980213
4 0.687957 0.560921 0.113406 0.113495 0.979974
6 0.563682 0.437411 0.111919 0.11258 0.979868
2 0.439196 0.437349 0.112779 0.112662 0.97978
5 0.563408 0.188921 0.111144 0.112076 0.979591
12 0.687506 0.188853 0.111916 0.111649 0.979557
2 0.439126 0.188987 0.111885 0.112009 0.979222
7 0.936578 0.68545 0.11316 0.112171 0.979124
3 0.811762 0.437427 0.112388 0.112637 0.97868
13 0.811925 0.313043 0.112896 0.11287 0.978522
12 0.936417 0.312849 0.112169 0.112992 0.97849
2 0.687563 0.31308 0.111546 0.111432 0.978365
2 0.687621 0.685631 0.112374 0.112382 0.978354
0 0.93592 0.436996 0.113134 0.11272 0.978345
0 0.687553 0.437153 0.111815 0.112599 0.978163
2 0.563606 0.313054 0.111935 0.11189 0.978146
8 0.68826 0.934095 0.113281 0.114451 0.978145
8 0.315323 0.0651865 0.111815 0.111805 0.978103
0 0.811985 0.561403 0.112105 0.11263 0.977931
8 0.812273 0.809839 0.112098 0.114296 0.977884
0 0.935955 0.188281 0.112993 0.11214 0.977877
2 0.812193 0.685358 0.112904 0.113691 0.977705
8 0.563808 0.0650753 0.11155 0.112146 0.977644
8 0.439323 0.56117 0.112187 0.111626 0.977482
2 0.936192 0.561733 0.111756 0.112504 0.977451
8 0.316199 0.933957 0.111202 0.113182 0.977271
8 0.563685 0.561428 0.111748 0.112261 0.976999
11 0.935913 0.0650151 0.113061 0.112524 0.97697
8 0.935585 0.934121 0.11127 0.112139 0.976712
8 0.812012 0.188513 0.112229 0.113135 0.976168
0 0.0669173 0.561084 0.111907 0.11219 0.97523
0 0.0672843 0.313027 0.111627 0.112284 0.974007
1 0.0669595 0.312894 0.112319 0.112212 0.0464688
1 0.0665763 0.560795 0.114344 0.112472 0.0355636
2 0.439613 0.561264 0.11169 0.112153 0.0281021
2 0.563953 0.561188 0.111551 0.111927 0.0206507
3 0.936103 0.810073 0.111323 0.114396 0.0188794
2 0.563708 0.0650357 0.111061 0.113123 0.0139769
5 0.19163 0.93432 0.111473 0.11238 0.010711
1 0.81195 0.560922 0.112771 0.112207 0.0106187
2 0.315047 0.0647422 0.112471 0.113078 0.0106156
2 0.315609 0.93393 0.112259 0.113263 0.00967228
2 0.812145 0.809593 0.111921 0.112471 0.00918191
6 0.19178 0.561791 0.111465 0.112072 0.00785932
1 0.687744 0.436936 0.111694 0.112647 0.00704471
1 0.439231 0.437993 0.11124 0.112737 0.00633816
5 0.935693 0.0652315 0.112097 0.111757 0.0062887
2 0.81207 0.189015 0.111216 0.112322 0.00616524
3 0.1917 0.809651 0.110459 0.11216 0.00609566
12 0.936131 0.810023 0.111427 0.113835 0.00593394
2 0.688136 0.933636 0.112271 0.112752 0.00513238
5 0.564233 0.809888 0.111725 0.111553 0.00504318
7 0.43948 0.93375 0.111944 0.112312 0.00454139
2 0.936327 0.934298 0.112316 0.113318 0.00448029
5 0.191936 0.438037 0.113262 0.111337 0.00419073
3 0.0670624 0.809381 0.114234 0.112882 0.00396201
1 0.687611 0.313442 0.111487 0.113039 0.00393678
6 0.440102 0.685621 0.111931 0.112502 0.00377083
8 0.813123 0.933795 0.109268 0.112578 0.00369666
5 0.811603 0.685176 0.113996 0.11268 0.00367381
12 0.936197 0.686025 0.112965 0.114147 0.00354634
1 0.68848 0.561051 0.113292 0.113609 0.00347655
5 0.811651 0.933295 0.114219 0.111938 0.0034267
10 0.191152 0.437842 0.111553 0.111923 0.00337304
1 0.564107 0.685074 0.111931 0.1123 0.00304261
1 0.316081 0.437595 0.113594 0.113676 0.00298733
1 0.563442 0.313537 0.111862 0.112357 0.00297004
5 0.315272 0.561433 0.1127 0.112855 0.00283682
7 0.191283 0.188991 0.111936 0.112707 0.00283189
3 0.0675267 0.685599 0.112554 0.111909 0.00282025
7 0.811834 0.313631 0.113299 0.113262 0.0027508
5 0.688243 0.685627 0.112801 0.113389 0.00270081
7 0.687507 0.560927 0.112051 0.112551 0.002665
1 0.19213 0.188951 0.113307 0.112564 0.00258866
11 0.81207 0.189015 0.111216 0.112322 0.00253457
1 0.4399 0.934078 0.11346 0.113872 0.00249971
6 0.687832 0.188892 0.112418 0.112098 0.00247981
1 0.0675402 0.0650527 0.11387 0.11371 0.00247778
1 0.191041 0.313662 0.111866 0.112402 0.00243279
0 0.688129 0.0651301 0.110828 0.111949 0.00239861
12 0.688129 0.0651301 0.110828 0.111949 0.00235537
6 0.811525 0.437275 0.11108 0.113026 0.00231634
13 0.439697 0.0645742 0.111445 0.111848 0.00229096
10 0.935693 0.0652315 0.112097 0.111757 0.00228249
12 0.0677572 0.80965 0.112991 0.113333 0.00223168
5 0.936103 0.561394 0.113596 0.114348 0.00219401
3 0.688311 0.685389 0.111521 0.112049 0.00212166
6 0.936199 0.685809 0.112207 0.113882 0.00209597
12 0.440334 0.0648259 0.111586 0.112785 0.00206012
2 0.936435 0.810042 0.111314 0.112178 0.00200525
1 0.68798 0.685594 0.112771 0.112939 0.00199307
4 0.191188 0.0647481 0.111097 0.112206 0.00197238
1 0.812243 0.685294 0.112772 0.11336 0.00195976
2 0.68848 0.561051 0.113292 0.113609 0.00193892
1 0.936523 0.561457 0.112978 0.113974 0.00193454
0 0.688319 0.809371 0.111366 0.111438 0.00193177
1 0.439623 0.80935 0.112758 0.112843 0.00188792
1 0.563835 0.933705 0.112864 0.11416 0.00188247
3 0.563991 0.436847 0.111886 0.112603 0.00185259
5 0.191424 0.313282 0.111884 0.111559 0.00183935
1 0.812266 0.93359 0.112738 0.113759 0.00181699
13 0.191637 0.0644968 0.111667 0.111509 0.00178538
3 0.315067 0.685252 0.112802 0.112606 0.00177685
4 0.688319 0.809371 0.111366 0.111438 0.00177633
4 0.688311 0.685389 0.111521 0.112049 0.00172408
5 0.688147 0.313242 0.112784 0.113948 0.00170075
11 0.688007 0.934005 0.112801 0.112753 0.00169014
7 0.191624 0.0649768 0.112082 0.11278 0.00168792
7 0.314976 0.436906 0.11179 0.112259 0.00168377
11 0.811978 0.80966 0.112559 0.111926 0.00168346
8 0.688154 0.313326 0.111647 0.113772 0.00166122
1 0.43937 0.188894 0.112608 0.112887 0.00165041
10 0.315764 0.561166 0.11215 0.112094 0.00163734
3 0.688169 0.0653411 0.112205 0.112348 0.00162425
11 0.439323 0.56117 0.112187 0.111626 0.00161637
7 0.439838 0.0650688 0.11228 0.112488 0.00160889
12 0.43971 0.313523 0.112096 0.112031 0.00158453
10 0.191064 0.685834 0.111523 0.11171 0.00155586
12 0.191786 0.809603 0.111682 0.11196 0.00155534
3 0.563672 0.933703 0.111761 0.113154 0.00153698
2 0.688317 0.809683 0.112503 0.112163 0.00153251
6 0.315721 0.313345 0.112 0.112629 0.00151969
9 0.812326 0.436576 0.11158 0.113465 0.00148732
12 0.811381 0.313098 0.112224 0.112782 0.00148713
1 0.315397 0.685026 0.112929 0.112693 0.00148381
6 0.936077 0.313637 0.113057 0.111787 0.00145489
0 0.0663939 0.436625 0.113756 0.111908 0.00145059
3 0.439755 0.437731 0.113086 0.11327 0.00144459
4 0.315351 0.189227 0.111713 0.112968 0.0014375
6 0.191283 0.188991 0.111936 0.112707 0.0014331
11 0.564003 0.561146 0.111388 0.113314 0.00141769
1 0.811762 0.437427 0.112388 0.112637 0.00141292
11 0.563708 0.0650357 0.111061 0.113123 0.00141054
7 0.0665381 0.0650482 0.112665 0.112502 0.00138252
11 0.315516 0.933685 0.112266 0.112479 0.00136423
2 0.564215 0.685371 0.112406 0.113271 0.00136296
3 0.687923 0.313629 0.112332 0.112712 0.00134902
12 0.811525 0.437275 0.11108 0.113026 0.00133824
13 0.688138 0.0647055 0.111667 0.11383 0.00130353
4 0.439542 0.0646922 0.111082 0.112708 0.0012925
3 0.936249 0.56129 0.112958 0.112193 0.00127714
11 0.935982 0.934038 0.111648 0.113678 0.00127522
5 0.439799 0.809573 0.111853 0.112047 0.00127427
12 0.811458 0.0650506 0.112032 0.112185 0.00126045
11 0.811767 0.933457 0.112426 0.113494 0.00125914
3 0.56378 0.313683 0.112987 0.113213 0.00123894
5 0.563532 0.313497 0.113628 0.113228 0.00123335
2 0.563465 0.18922 0.11236 0.112138 0.00122882
0 0.811594 0.18855 0.111512 0.112816 0.00120087
9 0.935896 0.188676 0.112543 0.113102 0.00119697
5 0.439135 0.189321 0.114182 0.112556 0.00118769
4 0.936712 0.68553 0.113277 0.113383 0.00118267
3 0.191076 0.313278 0.112833 0.113607 0.00115089
7 0.68808 0.189107 0.112391 0.112311 0.00115035
3 0.811968 0.685639 0.112572 0.111824 0.00113751
7 0.936112 0.31346 0.112604 0.114172 0.00112347
0 0.315152 0.188766 0.111584 0.112739 0.00111745
12 0.315242 0.313281 0.111327 0.112315 0.00110005
12 0.191861 0.0648183 0.111695 0.113086 0.00109006
9 0.191316 0.43769 0.11148 0.111295 0.0010892
8 0.813065 0.685373 0.109511 0.112811 0.0010805
3 0.688105 0.189006 0.112562 0.112504 0.00107346
7 0.812083 0.0654424 0.113124 0.113463 0.00106195
3 0.936225 0.313336 0.111414 0.113228 0.00106188
2 0.191372 0.188776 0.11262 0.112931 0.00103973
0 0.688466 0.9337 0.113485 0.113863 0.00103296
1 0.314669 0.312697 0.111489 0.112026 0.00102955
3 0.439799 0.809573 0.111853 0.112047 0.00102543
3 0.439623 0.189425 0.112647 0.11273 0.00102015
11 0.688159 0.0649776 0.111751 0.111924 0.00101661
10 0.564305 0.809663 0.11025 0.110877 0.0010035
10 0.43971 0.313523 0.112096 0.112031 0.00100037
