9 0.315779 0.933991 0.111897 0.112878 0.988572
3 0.191273 0.68556 0.111395 0.112847 0.986777
3 0.0671529 0.68573 0.111875 0.11256 0.986657
12 0.316056 0.685708 0.110964 0.111895 0.985066
3 0.0673983 0.313474 0.112543 0.113969 0.984966
0 0.936159 0.933182 0.112397 0.111402 0.984901
13 0.439497 0.809813 0.111869 0.113285 0.984786
13 0.315348 0.809751 0.111737 0.112708 0.984649
12 0.688453 0.934003 0.111935 0.113678 0.984594
8 0.563855 0.934076 0.111271 0.112774 0.984242
5 0.315841 0.313783 0.111601 0.112681 0.983549
4 0.191776 0.809599 0.111792 0.112168 0.983459
7 0.812218 0.933546 0.111376 0.112418 0.983363
4 0.31538 0.561003 0.112544 0.112145 0.983356
0 0.439853 0.933752 0.112803 0.113419 0.983313
1 0.191095 0.561416 0.11192 0.112695 0.983058
10 0.68812 0.80966 0.111855 0.112945 0.983047
11 0.0665127 0.189283 0.112801 0.111837 0.983029
4 0.191284 0.436978 0.112864 0.11237 0.982939
13 0.315499 0.437752 0.111445 0.112403 0.982807
9 0.688009 0.064886 0.110652 0.112391 0.982727
1 0.0664414 0.934141 0.112051 0.112811 0.982703
8 0.563747 0.0650474 0.112465 0.113093 0.982507
4 0.0674402 0.809649 0.113332 0.113023 0.981935
7 0.439485 0.189452 0.11125 0.111336 0.981777
10 0.191266 0.312945 0.112591 0.111899 0.981607
10 0.191553 0.0647158 0.11198 0.112081 0.981558
6 0.439694 0.31306 0.112169 0.111145 0.981466
12 0.315637 0.189151 0.112097 0.112784 0.981165
11 0.190872 0.933778 0.112829 0.113866 0.981141
0 0.564011 0.809465 0.111714 0.113055 0.981138
11 0.0663869 0.437081 0.113129 0.111997 0.980938
10 0.439277 0.56105 0.111679 0.111639 0.980894
11 0.0662216 0.560914 0.114066 0.1133 0.980272
11 0.315309 0.0651677 0.11193 0.113408 0.980231
4 0.563811 0.436843 0.112073 0.113438 0.980113
6 0.563906 0.561441 0.11223 0.112412 0.979982
11 0.563737 0.685085 0.111934 0.113391 0.97967
12 0.564091 0.312838 0.112187 0.112337 0.979508
0 0.0674154 0.0644377 0.112388 0.11352 0.97946
1 0.563731 0.18886 0.111876 0.112977 0.979261
6 0.687899 0.313218 0.111897 0.111778 0.979258
9 0.68798 0.561441 0.11235 0.11237 0.979123
0 0.812082 0.809552 0.112649 0.113199 0.979036
2 0.93623 0.809919 0.112239 0.112276 0.978914
0 0.439157 0.685464 0.11153 0.111757 0.978888
9 0.93608 0.68582 0.111312 0.112421 0.978877
3 0.811762 0.437582 0.112731 0.112857 0.978712
1 0.936276 0.063957 0.114143 0.113781 0.978596
7 0.812238 0.065121 0.112007 0.112084 0.978416
7 0.687558 0.685395 0.111511 0.111304 0.978415
5 0.812182 0.188618 0.111801 0.113022 0.978411
12 0.936535 0.312949 0.112861 0.1113 0.978322
13 0.687826 0.437275 0.112753 0.112797 0.978046
6 0.93626 0.188588 0.113457 0.111555 0.978003
3 0.936173 0.56165 0.112095 0.112426 0.977984
13 0.811841 0.313266 0.111767 0.111645 0.977488
11 0.191388 0.188627 0.111755 0.111255 0.977431
7 0.936782 0.437028 0.11302 0.113014 0.977365
11 0.439719 0.436843 0.11196 0.114554 0.977359
8 0.812267 0.685489 0.112499 0.112941 0.977293
2 0.812075 0.561496 0.112907 0.112707 0.977173
11 0.687563 0.189313 0.111944 0.112714 0.977029
11 0.439615 0.0646245 0.112038 0.112253 0.976956
5 0.191028 0.188582 0.111521 0.111625 0.0217456
5 0.688115 0.189248 0.113106 0.113584 0.0206443
5 0.439783 0.0652421 0.111114 0.112891 0.0154212
2 0.812802 0.685609 0.111116 0.112599 0.0116508
5 0.066815 0.18843 0.112616 0.111388 0.00894906
12 0.811701 0.93311 0.111123 0.111027 0.00877176
1 0.191366 0.436876 0.112971 0.112696 0.00850578
5 0.191506 0.933537 0.112716 0.112376 0.00824686
5 0.0662216 0.560914 0.114066 0.1133 0.0080857
5 0.315407 0.0646833 0.111031 0.112536 0.00760749
12 0.811627 0.0648717 0.111561 0.11268 0.00759878
3 0.936167 0.685892 0.110631 0.113717 0.00671875
2 0.066834 0.685349 0.113252 0.112791 0.00669784
1 0.31588 0.561224 0.112596 0.113163 0.0065861
3 0.687848 0.56142 0.111451 0.112574 0.00648167
7 0.812359 0.313759 0.112046 0.112939 0.00639189
1 0.564296 0.43722 0.11165 0.113002 0.00632853
5 0.0663869 0.437081 0.113129 0.111997 0.0061263
11 0.811933 0.685731 0.11263 0.111467 0.00590992
4 0.191092 0.313303 0.111072 0.111842 0.00575899
0 0.9361 0.0639566 0.112528 0.113572 0.00513235
4 0.440004 0.561506 0.112179 0.112832 0.00501727
6 0.191022 0.685515 0.112412 0.112195 0.00474729
2 0.564175 0.93409 0.111121 0.112175 0.00468852
4 0.688318 0.809379 0.112295 0.113318 0.00465357
4 0.936459 0.436761 0.113455 0.112796 0.00463714
12 0.936167 0.685892 0.110631 0.113717 0.00455709
1 0.0670485 0.808929 0.113496 0.113068 0.00448473
7 0.688145 0.437168 0.112501 0.112469 0.00447605
12 0.688085 0.437075 0.112334 0.112465 0.00447183
5 0.439664 0.437019 0.111568 0.11288 0.00416181
12 0.936355 0.437097 0.113415 0.113829 0.00403648
3 0.688009 0.064886 0.110652 0.112391 0.00397244
12 0.688115 0.561284 0.112622 0.112119 0.00389169
3 0.812605 0.561796 0.112119 0.113384 0.00386659
6 0.81164 0.437375 0.111208 0.112736 0.0036274
1 0.688276 0.313093 0.111461 0.112727 0.0036203
10 0.19169 0.933444 0.111215 0.111219 0.00353533
1 0.191657 0.809545 0.111826 0.112116 0.00347437
11 0.56426 0.0649119 0.112084 0.112649 0.00339982
10 0.439699 0.436706 0.110986 0.113128 0.00335332
5 0.563204 0.68532 0.110277 0.112009 0.00315066
6 0.315859 0.18892 0.112036 0.112441 0.00309035
1 0.936046 0.80985 0.114516 0.113613 0.00299881
6 0.811587 0.0646689 0.112504 0.11114 0.00294681
6 0.811701 0.93311 0.111123 0.111027 0.00293176
2 0.563924 0.0648018 0.112082 0.111815 0.00289467
9 0.936249 0.933494 0.111762 0.112246 0.00288321
13 0.439673 0.561255 0.111199 0.112301 0.00286974
12 0.439759 0.809603 0.111747 0.112017 0.002713
0 0.687875 0.933926 0.111431 0.112663 0.00263493
2 0.190971 0.685514 0.112287 0.112457 0.00251424
1 0.0672101 0.0636585 0.113964 0.11364 0.00243368
12 0.315389 0.809444 0.111684 0.111918 0.00242714
6 0.563896 0.312983 0.112096 0.112912 0.00242249
6 0.936114 0.561705 0.111958 0.113294 0.00241026
10 0.687896 0.188863 0.112209 0.112164 0.00237778
0 0.563724 0.18868 0.111672 0.113141 0.00237015
7 0.688318 0.809379 0.112295 0.113318 0.00236303
1 0.811981 0.809423 0.11234 0.112725 0.00222469
6 0.936277 0.436803 0.113478 0.112906 0.00221073
0 0.688115 0.561284 0.112622 0.112119 0.00220758
10 0.0669661 0.436796 0.112175 0.112383 0.00215568
4 0.191581 0.0647897 0.111627 0.113396 0.00209761
10 0.0672112 0.560679 0.113341 0.114907 0.00208255
6 0.0671912 0.80923 0.111726 0.112561 0.00206063
7 0.191272 0.313322 0.11185 0.112346 0.0020491
12 0.68833 0.0648427 0.11159 0.112281 0.00203336
1 0.81143 0.561532 0.113838 0.112414 0.00201863
12 0.813076 0.313498 0.111584 0.113373 0.00198457
5 0.81143 0.561532 0.113838 0.112414 0.00198172
6 0.688217 0.685478 0.112958 0.112466 0.00195145
1 0.43968 0.685245 0.111716 0.112189 0.0019254
7 0.439497 0.809813 0.111869 0.113285 0.0019207
7 0.191406 0.437275 0.111165 0.111735 0.001893
10 0.811606 0.313456 0.114726 0.11262 0.00187107
5 0.688263 0.809197 0.111843 0.112692 0.00186282
1 0.564369 0.561197 0.111159 0.112679 0.00184358
12 0.68682 0.685992 0.111526 0.111724 0.00183538
13 0.688114 0.809549 0.111459 0.112345 0.0018076
10 0.191439 0.188998 0.111637 0.111986 0.00178584
12 0.439546 0.561591 0.112547 0.11267 0.00175295
13 0.191884 0.0642884 0.111903 0.111913 0.00174126
3 0.936195 0.188697 0.114021 0.113657 0.00172498
12 0.315456 0.437004 0.111497 0.112087 0.00169436
12 0.81251 0.43799 0.111804 0.112547 0.00168222
6 0.315741 0.68582 0.112228 0.112963 0.00166812
6 0.191406 0.437275 0.111165 0.111735 0.00165338
13 0.191517 0.312934 0.110917 0.111871 0.00163813
6 0.0674665 0.313507 0.112684 0.113999 0.00163374
4 0.440086 0.18898 0.112462 0.112187 0.00160283
2 0.31588 0.561224 0.112596 0.113163 0.00157289
2 0.0663091 0.313248 0.113036 0.112216 0.00157069
1 0.191022 0.685515 0.112412 0.112195 0.00156941
2 0.191366 0.436876 0.112971 0.112696 0.00156635
4 0.688199 0.685521 0.112753 0.112312 0.0015531
11 0.564175 0.93409 0.111121 0.112175 0.00154308
4 0.81164 0.437375 0.111208 0.112736 0.00150123
4 0.811675 0.0651346 0.113248 0.112507 0.00149936
4 0.812451 0.933671 0.110807 0.111866 0.00149744
10 0.439737 0.0650492 0.111854 0.112406 0.00149423
7 0.315348 0.809751 0.111737 0.112708 0.00149031
4 0.564008 0.18924 0.111598 0.112972 0.00146664
12 0.192117 0.064833 0.111835 0.112615 0.00143664
1 0.564103 0.809386 0.111704 0.112908 0.00143436
2 0.564296 0.43722 0.11165 0.113002 0.00143273
0 0.19104 0.561177 0.112003 0.11293 0.00142345
6 0.315293 0.56102 0.112103 0.112507 0.00141871
2 0.688115 0.189248 0.113106 0.113584 0.00139003
12 0.935945 0.561528 0.11128 0.111994 0.00138002
0 0.936765 0.313598 0.111662 0.112239 0.00136712
4 0.315543 0.313384 0.111778 0.112908 0.00136604
1 0.936288 0.561526 0.111712 0.111765 0.00135151
1 0.935801 0.188438 0.111759 0.114152 0.00133483
3 0.563976 0.561322 0.112015 0.113226 0.00130449
0 0.68833 0.0648427 0.11159 0.112281 0.00130294
7 0.315516 0.437569 0.111965 0.112433 0.00130186
2 0.0670485 0.808929 0.113496 0.113068 0.00130144
12 0.316055 0.933425 0.112726 0.113695 0.00129484
4 0.191095 0.561416 0.11192 0.112695 0.00124232
10 0.811743 0.189192 0.111352 0.112367 0.00123807
9 0.81251 0.43799 0.111804 0.112547 0.00123013
2 0.191657 0.809545 0.111826 0.112116 0.00122655
12 0.0670631 0.313441 0.112698 0.113655 0.00121944
10 0.811789 0.932732 0.111111 0.111511 0.00121589
9 0.439752 0.43754 0.111658 0.11203 0.00120069
1 0.43976 0.313311 0.111787 0.111355 0.00119878
10 0.315019 0.0649888 0.112007 0.111946 0.00117733
11 0.811626 0.189023 0.112173 0.112191 0.00115632
12 0.687949 0.809373 0.112539 0.112479 0.00115623
3 0.315779 0.933991 0.111897 0.112878 0.00115275
10 0.191597 0.809785 0.112275 0.112652 0.00114836
1 0.811918 0.437106 0.112937 0.113348 0.0011459
13 0.811789 0.932732 0.111111 0.111511 0.00112986
10 0.0667648 0.188856 0.112737 0.113735 0.00112414
8 0.936358 0.932679 0.111737 0.111891 0.00112288
3 0.936153 0.809779 0.112535 0.113373 0.00111155
10 0.563814 0.685043 0.112533 0.11291 0.0010903
7 0.439996 0.313596 0.11217 0.110961 0.00108449
7 0.191619 0.80978 0.111844 0.11194 0.00106747
1 0.066801 0.685708 0.112011 0.112619 0.00105861
11 0.688359 0.0646916 0.111717 0.11254 0.001055
0 0.0663449 0.934131 0.112972 0.112994 0.00104943
3 0.813036 0.189295 0.112822 0.114186 0.00103965
9 0.0669901 0.188258 0.112433 0.112956 0.00103857
7 0.191581 0.0647897 0.111627 0.113396 0.00103253
12 0.191835 0.313071 0.111869 0.112203 0.00102951
8 0.813048 0.561461 0.110989 0.111737 0.00102867
9 0.191567 0.189004 0.111964 0.112224 0.00102021
5 0.936046 0.80985 0.114516 0.113613 0.0010034
0 0.563775 0.0645477 0.111081 0.11207 0.00100222
