9 0.935126 0.933775 0.113144 0.113201 0.987945
9 0.563426 0.933922 0.112711 0.11417 0.987829
3 0.191088 0.68536 0.113075 0.112695 0.98598
3 0.439117 0.0652464 0.113134 0.113848 0.985465
6 0.315083 0.809343 0.1125 0.112374 0.985458
3 0.56329 0.0652256 0.111849 0.113784 0.984952
6 0.439409 0.80948 0.112605 0.112754 0.984597
7 0.19159 0.933569 0.110859 0.112742 0.984576
7 0.687577 0.933869 0.11082 0.113252 0.983761
0 0.439414 0.93344 0.111539 0.113108 0.983739
5 0.0677409 0.561496 0.11146 0.111115 0.983528
13 0.0670194 0.685648 0.113699 0.113507 0.983369
13 0.811952 0.0658117 0.111842 0.113819 0.983181
4 0.31525 0.0649151 0.111676 0.112615 0.982989
11 0.191785 0.064982 0.112077 0.113442 0.982891
11 0.0666501 0.31329 0.112709 0.111818 0.982879
5 0.191662 0.313334 0.111108 0.111663 0.982772
6 0.315703 0.437359 0.112094 0.112155 0.982675
2 0.43914 0.68535 0.112214 0.11229 0.982591
3 0.191586 0.189342 0.112318 0.112327 0.982298
1 0.811528 0.933815 0.111993 0.112672 0.982179
6 0.0670174 0.0647381 0.113209 0.113195 0.98205
1 0.315455 0.685232 0.111367 0.111205 0.982011
13 0.563524 0.189977 0.112387 0.114038 0.981926
6 0.0671777 0.437471 0.113323 0.112371 0.981888
13 0.439483 0.313096 0.112447 0.111657 0.981881
12 0.191298 0.437159 0.110781 0.111339 0.981759
6 0.0676101 0.934006 0.11377 0.113431 0.981463
0 0.811563 0.809103 0.111919 0.112589 0.981134
5 0.936016 0.685304 0.112045 0.11214 0.981056
10 0.563811 0.68532 0.112276 0.112978 0.981026
1 0.315414 0.189157 0.112047 0.111426 0.980782
10 0.439331 0.561374 0.112111 0.111498 0.980641
0 0.315404 0.312731 0.111867 0.11225 0.980547
12 0.315746 0.934143 0.111456 0.113632 0.980509
4 0.935404 0.0653355 0.114034 0.114017 0.980469
0 0.315372 0.561038 0.111943 0.112028 0.98037
10 0.439099 0.189196 0.111096 0.112489 0.980161
2 0.0673265 0.189214 0.111811 0.111488 0.98012
1 0.687705 0.809316 0.111429 0.112441 0.97999
12 0.066968 0.809525 0.113098 0.111961 0.979901
1 0.936444 0.809212 0.11277 0.11239 0.979868
9 0.935739 0.437149 0.114424 0.113764 0.979755
13 0.687492 0.313525 0.112642 0.112999 0.979703
1 0.687724 0.561254 0.111924 0.112363 0.979401
11 0.563616 0.561032 0.110993 0.113387 0.979262
1 0.811755 0.437034 0.1125 0.111849 0.979203
4 0.687754 0.0646937 0.11253 0.113605 0.978971
7 0.56342 0.437576 0.112736 0.11231 0.978888
11 0.811881 0.56102 0.112508 0.11396 0.978825
12 0.191289 0.809478 0.111856 0.111649 0.978705
12 0.812428 0.685166 0.112545 0.112776 0.978635
0 0.564199 0.809265 0.111541 0.11254 0.978532
5 0.439026 0.43688 0.110773 0.112745 0.978477
4 0.936519 0.561345 0.113684 0.112909 0.978137
4 0.812054 0.188625 0.112819 0.112095 0.978111
0 0.687797 0.68513 0.111302 0.112592 0.978095
3 0.811336 0.31297 0.111764 0.112262 0.977949
0 0.687618 0.189088 0.111558 0.113116 0.977732
8 0.563461 0.313678 0.111143 0.11156 0.977587
0 0.93594 0.188627 0.112569 0.111128 0.977577
8 0.191148 0.561118 0.111105 0.111032 0.977374
8 0.687786 0.437551 0.110828 0.111339 0.977167
8 0.93626 0.312502 0.113431 0.113794 0.977155
2 0.687843 0.437301 0.111305 0.111766 0.0218641
2 0.563919 0.313836 0.112069 0.11248 0.0153605
2 0.191232 0.560964 0.110239 0.112536 0.0100893
2 0.936 0.313049 0.114581 0.114104 0.00847857
12 0.439667 0.0646856 0.112424 0.112357 0.00647546
6 0.191285 0.809634 0.111586 0.112858 0.00629191
6 0.19113 0.437511 0.110877 0.112089 0.00588442
1 0.687742 0.68496 0.111568 0.111839 0.00539988
6 0.315691 0.934345 0.113031 0.114448 0.00526439
6 0.811389 0.685571 0.11296 0.113592 0.00465107
1 0.315928 0.436829 0.109403 0.110346 0.0046116
0 0.688155 0.809423 0.110884 0.110828 0.00417131
0 0.811707 0.436368 0.112402 0.111337 0.00401098
2 0.811831 0.188753 0.112377 0.112677 0.0038079
3 0.935875 0.437284 0.112757 0.113558 0.00379674
6 0.439667 0.0646856 0.112424 0.112357 0.0037642
4 0.439478 0.189343 0.112502 0.112626 0.00373926
1 0.687823 0.188376 0.111197 0.112926 0.00369712
12 0.935875 0.437284 0.112757 0.113558 0.00361224
1 0.56387 0.808941 0.111394 0.112593 0.00352902
10 0.0678051 0.313318 0.112484 0.111693 0.00349723
0 0.81177 0.933913 0.112187 0.113037 0.00346507
6 0.0669081 0.809742 0.113548 0.112863 0.00342374
11 0.1913 0.312866 0.110781 0.111173 0.00330822
1 0.811831 0.188753 0.112377 0.112677 0.00328983
13 0.438902 0.189119 0.111458 0.112165 0.00324176
3 0.0676101 0.934006 0.11377 0.113431 0.00311597
12 0.935688 0.933857 0.11281 0.114085 0.00311509
3 0.439659 0.809464 0.111468 0.111715 0.00292835
10 0.811735 0.188991 0.112325 0.112891 0.00291575
12 0.686798 0.933625 0.109811 0.112615 0.00288773
3 0.315535 0.437054 0.113504 0.112822 0.00274974
1 0.687621 0.0649692 0.113326 0.113528 0.00274331
10 0.81136 0.560916 0.111257 0.113204 0.00259931
1 0.315556 0.0647778 0.112047 0.112988 0.00259183
7 0.687635 0.064774 0.111272 0.111889 0.00255585
0 0.688243 0.561107 0.111729 0.111139 0.00252059
3 0.315438 0.809373 0.111257 0.111609 0.00249219
12 0.811509 0.313197 0.111816 0.112611 0.00245006
0 0.93644 0.809492 0.112001 0.112529 0.00242985
1 0.936001 0.561341 0.113588 0.113288 0.00232726
1 0.936016 0.0653372 0.113092 0.114196 0.00226597
10 0.687586 0.0648751 0.111979 0.113642 0.00221928
5 0.81129 0.561135 0.112119 0.112914 0.00217751
1 0.0671122 0.436768 0.110317 0.112095 0.00211982
13 0.191441 0.0646696 0.112391 0.113325 0.00209685
3 0.935688 0.933857 0.11281 0.114085 0.00200736
4 0.564329 0.437972 0.110581 0.112372 0.00199783
13 0.439423 0.561172 0.111464 0.112052 0.00199579
11 0.191242 0.56113 0.111479 0.111684 0.00199307
1 0.315365 0.560987 0.111886 0.112767 0.00197875
3 0.191667 0.809832 0.112605 0.11186 0.00192264
3 0.0671777 0.437471 0.113323 0.112371 0.00190257
8 0.0666912 0.18939 0.113818 0.112309 0.00186685
0 0.935857 0.31324 0.11122 0.115807 0.00185823
6 0.564329 0.437972 0.110581 0.112372 0.00183014
13 0.0666501 0.31329 0.112709 0.111818 0.00178984
5 0.563858 0.561252 0.110336 0.111499 0.0017757
3 0.43914 0.68535 0.112214 0.11229 0.00176967
7 0.935331 0.0651118 0.111116 0.111695 0.00176458
10 0.191447 0.065175 0.111922 0.112151 0.00175497
10 0.688124 0.932914 0.112181 0.113863 0.00175114
10 0.936066 0.0648468 0.113533 0.114522 0.00169804
6 0.811509 0.313197 0.111816 0.112611 0.00167482
12 0.564088 0.933826 0.113745 0.112817 0.00167303
2 0.688176 0.809285 0.111539 0.112096 0.00166262
11 0.438791 0.436486 0.109653 0.110838 0.00163866
4 0.439769 0.561695 0.112937 0.112825 0.00162753
2 0.936016 0.0653372 0.113092 0.114196 0.00162646
4 0.564059 0.685492 0.113057 0.112603 0.00162564
7 0.314992 0.0646826 0.111691 0.112682 0.00161699
6 0.191576 0.685034 0.112174 0.112231 0.00160757
8 0.811779 0.56121 0.112529 0.113465 0.00160718
11 0.688012 0.437636 0.111364 0.112706 0.00160394
4 0.68812 0.932927 0.112125 0.112002 0.00159491
10 0.563598 0.561255 0.11069 0.112647 0.00158122
1 0.191576 0.685034 0.112174 0.112231 0.0015768
0 0.688113 0.437403 0.111508 0.113 0.00157015
10 0.438842 0.436999 0.111799 0.111232 0.00156343
1 0.811563 0.809103 0.111919 0.112589 0.00155051
6 0.686798 0.933625 0.109811 0.112615 0.00153827
10 0.811632 0.0653839 0.111239 0.112003 0.00153722
12 0.688079 0.313403 0.112799 0.113348 0.00150349
0 0.315529 0.188987 0.111178 0.111708 0.00146165
2 0.688096 0.561375 0.110789 0.112222 0.0014525
10 0.936228 0.561315 0.113648 0.113939 0.00143802
1 0.315936 0.809856 0.111466 0.112189 0.00143726
3 0.0670174 0.0647381 0.113209 0.113195 0.00143254
7 0.0675161 0.438045 0.113267 0.112114 0.00141864
3 0.0667034 0.561119 0.114199 0.112355 0.00141472
1 0.439987 0.809825 0.112433 0.112218 0.00140601
10 0.191271 0.312894 0.111477 0.111482 0.00140323
4 0.191595 0.933627 0.110806 0.112684 0.00138772
3 0.191355 0.436661 0.109536 0.11194 0.00136171
2 0.936228 0.561315 0.113648 0.113939 0.00135058
2 0.936093 0.684964 0.112709 0.113606 0.00134963
2 0.68749 0.0644679 0.111235 0.114015 0.00134567
7 0.9355 0.561399 0.111564 0.111877 0.00134246
12 0.563903 0.436497 0.110839 0.112056 0.00134043
7 0.43907 0.189338 0.111489 0.112527 0.00133804
1 0.0673783 0.064569 0.113851 0.113619 0.00133635
7 0.687659 0.314121 0.111893 0.113064 0.00131036
12 0.56334 0.189088 0.111975 0.112733 0.00130362
13 0.81129 0.561135 0.112119 0.112914 0.00129831
13 0.688124 0.932914 0.112181 0.113863 0.00129818
4 0.315455 0.685232 0.111367 0.111205 0.00128814
10 0.31515 0.0646093 0.111431 0.112375 0.00127603
1 0.811169 0.31327 0.11189 0.112488 0.00127592
6 0.81135 0.188502 0.113404 0.112021 0.00127457
1 0.0673843 0.188978 0.112249 0.112409 0.00127269
7 0.564004 0.190081 0.111831 0.113455 0.00127091
12 0.19127 0.189126 0.111866 0.112382 0.00126353
9 0.935985 0.188952 0.11243 0.112228 0.00123555
13 0.563858 0.561252 0.110336 0.111499 0.00122869
11 0.0667034 0.561119 0.114199 0.112355 0.00122116
12 0.0662548 0.685126 0.112151 0.112942 0.00121938
0 0.315461 0.685193 0.111385 0.111614 0.00121665
3 0.315004 0.188831 0.111448 0.11185 0.00120805
1 0.439668 0.0646837 0.112213 0.112786 0.00120161
11 0.0665335 0.685146 0.113812 0.113197 0.0011886
5 0.0666501 0.31329 0.112709 0.111818 0.00116749
6 0.191537 0.189103 0.112094 0.112232 0.0011667
1 0.315404 0.312731 0.111867 0.11225 0.00115141
3 0.316246 0.934221 0.114647 0.113177 0.00114346
4 0.687728 0.560749 0.111643 0.111902 0.00114212
3 0.811389 0.685571 0.11296 0.113592 0.00113763
4 0.687694 0.809334 0.111302 0.111768 0.00113187
1 0.0676752 0.933773 0.113529 0.113533 0.00112838
7 0.439384 0.56153 0.11206 0.112124 0.00112408
11 0.563577 0.313547 0.112421 0.111991 0.00112213
4 0.936444 0.809212 0.11277 0.11239 0.00112176
1 0.439424 0.684766 0.11261 0.112139 0.00112042
7 0.811426 0.187974 0.112579 0.11335 0.00111933
12 0.31515 0.0646093 0.111431 0.112375 0.00111664
8 0.563532 0.560524 0.110609 0.112038 0.0011099
5 0.811485 0.188904 0.112691 0.112426 0.00108717
4 0.191285 0.809634 0.111586 0.112858 0.00107252
3 0.0668401 0.809607 0.114667 0.113517 0.0010605
9 0.81146 0.313102 0.1129 0.112537 0.00105192
7 0.0676101 0.934006 0.11377 0.113431 0.0010441
1 0.191537 0.189103 0.112094 0.112232 0.00104276
3 0.0666912 0.18939 0.113818 0.112309 0.0010361
4 0.315529 0.188987 0.111178 0.111708 0.0010294
7 0.563929 0.685494 0.11192 0.111552 0.00102923
10 0.563932 0.437896 0.109869 0.112374 0.00102901
4 0.191249 0.313363 0.111011 0.111068 0.00102868
0 0.936169 0.438002 0.113973 0.115793 0.00102732
12 0.935875 0.0649996 0.112172 0.112871 0.00101169
11 0.936295 0.313069 0.114115 0.11476 0.00100759
12 0.563222 0.0652526 0.111871 0.112062 0.00100645
11 0.812373 0.0655572 0.112464 0.114163 0.00100609
8 0.191252 0.0649071 0.112555 0.112934 0.00100356
