7 0.31548 0.809187 0.113038 0.112222 0.987125
5 0.439827 0.809075 0.110878 0.1127 0.98509
7 0.191055 0.188862 0.11323 0.113846 0.984992
6 0.190703 0.809405 0.111999 0.112275 0.984881
5 0.190294 0.933857 0.110661 0.11095 0.984439
3 0.191346 0.685322 0.110819 0.112917 0.984321
9 0.935918 0.808438 0.110311 0.110943 0.984003
10 0.68853 0.934033 0.112345 0.113581 0.98345
0 0.439153 0.93402 0.111258 0.110721 0.983365
7 0.687476 0.809094 0.112815 0.112641 0.983151
3 0.19108 0.43857 0.112763 0.114875 0.982581
3 0.936003 0.933677 0.112478 0.114066 0.98214
6 0.191044 0.313529 0.113515 0.113549 0.982053
10 0.440298 0.685419 0.111572 0.112521 0.981999
12 0.563288 0.934164 0.11293 0.113542 0.981757
3 0.0663146 0.438025 0.113976 0.115903 0.981704
11 0.315057 0.313515 0.112343 0.113549 0.981488
10 0.315456 0.0644204 0.11158 0.11297 0.981449
8 0.56355 0.808857 0.110906 0.111931 0.981302
4 0.0668505 0.809929 0.111784 0.114236 0.981216
4 0.067691 0.685059 0.11421 0.115093 0.980987
1 0.0678465 0.933678 0.113578 0.113135 0.980941
0 0.066401 0.56108 0.112504 0.111047 0.980845
2 0.811925 0.808672 0.11252 0.111766 0.98078
10 0.935852 0.0651978 0.113044 0.113766 0.980536
4 0.812332 0.933857 0.113363 0.115141 0.980077
7 0.93565 0.437635 0.113519 0.114426 0.979989
7 0.935553 0.312541 0.113754 0.113697 0.979898
13 0.563918 0.561455 0.112894 0.113622 0.97987
1 0.315623 0.436703 0.113628 0.111777 0.979397
9 0.562931 0.313469 0.111485 0.111418 0.979187
13 0.936025 0.56225 0.11183 0.113384 0.979069
1 0.190928 0.561146 0.109971 0.110543 0.979028
0 0.0664255 0.312519 0.111321 0.112976 0.978931
5 0.43919 0.561136 0.111783 0.11307 0.978862
0 0.0659529 0.0618434 0.110794 0.109455 0.978854
5 0.314744 0.188754 0.111547 0.113074 0.978837
8 0.0665357 0.188022 0.112279 0.116654 0.978837
1 0.315238 0.933302 0.114705 0.112538 0.978832
2 0.315249 0.684392 0.113181 0.110563 0.978626
12 0.688181 0.684811 0.11159 0.11194 0.978596
11 0.563274 0.436978 0.112692 0.112962 0.978503
12 0.314898 0.56136 0.113338 0.112877 0.978482
7 0.686858 0.187766 0.115109 0.115746 0.978328
4 0.688171 0.561405 0.114039 0.113395 0.978191
3 0.439571 0.188 0.113793 0.114221 0.978146
5 0.812375 0.562196 0.112259 0.113155 0.978067
3 0.936429 0.188419 0.111831 0.113331 0.978059
12 0.936553 0.685186 0.109988 0.109577 0.977705
2 0.563822 0.685018 0.111169 0.110361 0.977704
7 0.687736 0.313762 0.112455 0.111956 0.977541
12 0.812865 0.684861 0.111493 0.109537 0.977439
2 0.439372 0.437061 0.109746 0.110973 0.977174
2 0.812036 0.312941 0.111289 0.112958 0.977109
2 0.440148 0.0633008 0.112547 0.11043 0.977103
0 0.688404 0.437055 0.112747 0.114011 0.976964
8 0.439197 0.312981 0.112016 0.112368 0.976848
1 0.562957 0.188061 0.111227 0.114318 0.976489
8 0.562556 0.0648811 0.111215 0.109745 0.976355
1 0.18985 0.0642199 0.113646 0.110195 0.976053
0 0.812023 0.0637391 0.112107 0.1124 0.975958
1 0.812518 0.437765 0.110051 0.109662 0.975957
1 0.686374 0.0634585 0.112248 0.108482 0.975301
1 0.812257 0.1892 0.113198 0.112935 0.975275
6 0.562945 0.933935 0.113244 0.112115 0.0387056
6 0.812516 0.685351 0.110151 0.110135 0.0238577
2 0.0658547 0.189284 0.114647 0.113115 0.0185988
10 0.190554 0.93426 0.110997 0.110327 0.0152038
2 0.562157 0.0633239 0.110734 0.110436 0.00885567
6 0.936263 0.685425 0.109373 0.110451 0.006352
11 0.811546 0.562347 0.109173 0.110931 0.00611203
1 0.438615 0.438038 0.108852 0.109558 0.00556838
12 0.686608 0.808871 0.111035 0.112205 0.00550938
11 0.688178 0.933716 0.113167 0.113409 0.00501588
5 0.81162 0.808366 0.111725 0.110299 0.00485554
6 0.687998 0.685173 0.11155 0.111457 0.00470294
1 0.8115 0.313663 0.111022 0.113777 0.00458386
0 0.0668255 0.189098 0.112976 0.115357 0.0040591
1 0.68822 0.561192 0.113578 0.113317 0.00401355
7 0.687756 0.561157 0.11203 0.111968 0.00388393
2 0.563609 0.809125 0.110764 0.115066 0.00387297
0 0.56334 0.064115 0.111453 0.111727 0.00386569
11 0.190553 0.934225 0.110899 0.110349 0.0038214
12 0.935815 0.18862 0.111014 0.112016 0.00376367
0 0.686731 0.0633431 0.113202 0.109145 0.00363677
1 0.0659529 0.0618434 0.110794 0.109455 0.00340132
5 0.811348 0.312806 0.110168 0.112296 0.00339991
8 0.813153 0.808543 0.111657 0.112347 0.00327337
13 0.688178 0.933716 0.113167 0.113409 0.00327046
7 0.811765 0.933277 0.113804 0.114892 0.00320339
5 0.439713 0.0639041 0.111119 0.109515 0.00318808
12 0.686554 0.313752 0.110203 0.112692 0.00317228
12 0.688178 0.933716 0.113167 0.113409 0.00314076
8 0.563519 0.437053 0.113042 0.113293 0.00313037
11 0.439172 0.561075 0.11054 0.112563 0.00312358
12 0.686482 0.187962 0.113299 0.117119 0.00302313
0 0.81339 0.189004 0.112377 0.112995 0.00283815
0 0.563377 0.188083 0.111156 0.11475 0.00283
6 0.686586 0.808281 0.111825 0.111391 0.00277162
8 0.811476 0.313775 0.111337 0.112548 0.00276124
0 0.439174 0.31373 0.112185 0.111893 0.00272727
2 0.438733 0.31228 0.11217 0.112548 0.00267991
10 0.314899 0.188231 0.111753 0.112945 0.00258499
7 0.811518 0.685466 0.110863 0.109613 0.00253128
7 0.0663393 0.809949 0.113421 0.114076 0.00251224
2 0.813172 0.562428 0.114941 0.114894 0.00246362
11 0.314601 0.18867 0.110938 0.112848 0.00245377
7 0.686772 0.685834 0.111902 0.110829 0.0023753
1 0.563613 0.684929 0.110909 0.110786 0.00237226
0 0.315359 0.436312 0.114487 0.111749 0.00231012
12 0.563538 0.313704 0.112827 0.111895 0.00229506
4 0.687788 0.809117 0.112343 0.113002 0.0022615
1 0.0668657 0.685034 0.115269 0.11506 0.00225176
8 0.439362 0.0629185 0.112194 0.110752 0.00224677
1 0.439579 0.0639268 0.112289 0.109548 0.00223791
0 0.81343 0.437616 0.109559 0.111101 0.00222633
1 0.688223 0.437664 0.111556 0.112035 0.00222541
1 0.0659723 0.312166 0.111919 0.111365 0.00216556
9 0.0669349 0.438448 0.115686 0.116984 0.00214408
2 0.0666215 0.933217 0.113826 0.114257 0.00211495
1 0.81162 0.808366 0.111725 0.110299 0.00210969
10 0.191448 0.188777 0.112836 0.114718 0.00202959
8 0.314594 0.68426 0.114215 0.11011 0.00201269
11 0.935311 0.0654855 0.114588 0.114128 0.00197918
13 0.936316 0.0646064 0.112161 0.112182 0.00196437
7 0.0668657 0.685034 0.115269 0.11506 0.00195153
8 0.438615 0.438038 0.108852 0.109558 0.00194864
12 0.935774 0.436874 0.111641 0.113318 0.00193976
12 0.439819 0.188196 0.112411 0.113587 0.00192799
3 0.190703 0.809405 0.111999 0.112275 0.00188743
9 0.935927 0.933902 0.108662 0.111462 0.00187482
3 0.190908 0.313502 0.112488 0.113417 0.00187414
0 0.563497 0.313726 0.112678 0.112825 0.00187355
7 0.935993 0.685295 0.108319 0.109731 0.00186504
6 0.68656 0.313576 0.112493 0.112377 0.00184111
4 0.562945 0.933935 0.113244 0.112115 0.00182545
9 0.81173 0.0646312 0.112012 0.111538 0.00182473
9 0.936166 0.188789 0.110898 0.112483 0.00181387
4 0.315505 0.809634 0.113718 0.113979 0.0018003
10 0.935553 0.313378 0.112838 0.116009 0.00176341
1 0.812618 0.934256 0.112631 0.113482 0.00171709
10 0.439428 0.561308 0.111411 0.112174 0.00170353
0 0.0706021 0.932235 0.107993 0.109497 0.0016738
12 0.936175 0.933567 0.110096 0.11221 0.00167029
12 0.191538 0.685304 0.111071 0.111996 0.00165545
5 0.563457 0.437767 0.113385 0.11328 0.0016504
13 0.440458 0.68565 0.111536 0.111044 0.00164215
3 0.813344 0.68454 0.111988 0.109159 0.00164115
1 0.06674 0.56117 0.110687 0.112524 0.00160621
0 0.190291 0.563191 0.109464 0.110801 0.00160607
6 0.813136 0.934082 0.113395 0.1139 0.00160542
12 0.936064 0.809273 0.106043 0.110304 0.00160432
7 0.191363 0.313397 0.113312 0.113548 0.00158738
4 0.935344 0.313408 0.114823 0.113116 0.00158364
2 0.0671073 0.438485 0.114253 0.118503 0.0015577
12 0.0671073 0.438485 0.114253 0.118503 0.00154145
4 0.315456 0.0644204 0.11158 0.11297 0.00153787
13 0.686698 0.808387 0.110803 0.112283 0.00151667
6 0.0669349 0.438448 0.115686 0.116984 0.00148518
5 0.688178 0.933716 0.113167 0.113409 0.0014848
10 0.935183 0.438089 0.11171 0.11625 0.0014731
0 0.315368 0.933613 0.112621 0.111263 0.0014675
12 0.935679 0.312766 0.111729 0.112494 0.00143365
9 0.439153 0.93402 0.111258 0.110721 0.00143264
1 0.315549 0.684695 0.112726 0.110401 0.00143006
10 0.440077 0.809923 0.111715 0.112442 0.00142258
0 0.688344 0.684871 0.111697 0.110964 0.00142221
10 0.563169 0.313043 0.112668 0.111997 0.00140994
5 0.314647 0.68499 0.112337 0.111962 0.00139672
1 0.0663393 0.809949 0.113421 0.114076 0.00139152
6 0.686434 0.187582 0.113902 0.116092 0.00135568
13 0.935935 0.685599 0.10929 0.109733 0.00135279
13 0.936002 0.437953 0.110813 0.114634 0.00133863
4 0.688783 0.933781 0.115466 0.11477 0.00133862
8 0.936064 0.809273 0.106043 0.110304 0.00130728
13 0.686772 0.685834 0.111902 0.110829 0.00130623
12 0.191351 0.438449 0.113244 0.114137 0.0013033
3 0.56362 0.93375 0.114513 0.111605 0.00129896
7 0.688783 0.933781 0.115466 0.11477 0.00129443
10 0.686967 0.188654 0.113676 0.117715 0.00129111
12 0.440258 0.685533 0.111905 0.112154 0.00128576
9 0.936655 0.562929 0.107446 0.114454 0.00127518
11 0.438912 0.314029 0.112253 0.112051 0.00126043
10 0.81154 0.561959 0.111454 0.111671 0.0012518
10 0.812801 0.934285 0.111743 0.112994 0.00124503
5 0.439144 0.436651 0.111064 0.114784 0.00124162
4 0.687577 0.314328 0.113652 0.112947 0.00122707
9 0.191541 0.438772 0.115156 0.116439 0.00122414
4 0.440234 0.685483 0.112118 0.113104 0.00122354
2 0.811541 0.435456 0.109811 0.110863 0.00120709
11 0.936026 0.808855 0.106376 0.110157 0.00120698
8 0.315266 0.313974 0.112349 0.114092 0.00120535
5 0.563019 0.685133 0.110555 0.110525 0.00120047
4 0.315105 0.93368 0.113813 0.11224 0.00119664
0 0.563694 0.808875 0.111168 0.113066 0.00119458
8 0.563662 0.684721 0.110712 0.110524 0.00118597
5 0.439543 0.188053 0.113653 0.113867 0.00117897
2 0.68822 0.561192 0.113578 0.113317 0.00117453
7 0.935728 0.0639802 0.113581 0.113832 0.00117215
7 0.562841 0.934191 0.112557 0.111853 0.00116238
1 0.190658 0.809196 0.112199 0.111751 0.0011539
2 0.440432 0.809706 0.112451 0.112911 0.00115198
4 0.935815 0.18862 0.111014 0.112016 0.00115005
4 0.191219 0.188583 0.11299 0.113184 0.00114918
3 0.813136 0.934082 0.113395 0.1139 0.00114863
12 0.191326 0.312375 0.112312 0.111791 0.00113972
0 0.315272 0.561262 0.113207 0.1137 0.00113601
10 0.0668657 0.685034 0.115269 0.11506 0.00112469
10 0.687767 0.314109 0.113071 0.114641 0.0011188
4 0.0666215 0.933217 0.113826 0.114257 0.00111714
2 0.0668657 0.685034 0.115269 0.11506 0.00111233
11 0.439834 0.809541 0.111348 0.112597 0.00110686
9 0.439614 0.188781 0.114443 0.114666 0.00109944
5 0.935311 0.0654855 0.114588 0.114128 0.00108941
12 0.935311 0.0654855 0.114588 0.114128 0.00108596
0 0.189712 0.0643204 0.112098 0.111995 0.0010789
3 0.438977 0.436511 0.111478 0.112688 0.00107845
4 0.936108 0.933525 0.111442 0.112169 0.00107313
4 0.439819 0.188196 0.112411 0.113587 0.00107177
11 0.0658643 0.189079 0.114353 0.115498 0.00107165
7 0.315456 0.0644204 0.11158 0.11297 0.00107113
12 0.935848 0.562048 0.110042 0.113417 0.0010633
6 0.315029 0.561357 0.112713 0.113389 0.00105735
10 0.563463 0.436626 0.112259 0.112806 0.00105142
6 0.812655 0.437852 0.111247 0.110729 0.00104123
5 0.0667676 0.809995 0.112683 0.113442 0.00102657
13 0.686667 0.313357 0.111722 0.112443 0.00102157
10 0.688231 0.561045 0.114184 0.113756 0.00101688
4 0.93539 0.436777 0.11354 0.113033 0.00101328
2 0.190401 0.560601 0.110282 0.110354 0.00100293
3 0.811701 0.808823 0.111088 0.110425 0.00100038
