12 0.439792 0.685146 0.111129 0.111637 0.985459
11 0.439468 0.934081 0.11151 0.112533 0.985449
13 0.936164 0.933833 0.112528 0.112089 0.985407
12 0.439908 0.809328 0.111477 0.11235 0.985105
9 0.0670813 0.561532 0.112263 0.112477 0.984893
4 0.31624 0.685549 0.110998 0.11053 0.984774
3 0.0668202 0.313639 0.113117 0.113314 0.984033
9 0.191309 0.437536 0.111602 0.112712 0.983985
4 0.563701 0.0649285 0.111291 0.112365 0.983807
9 0.315528 0.189053 0.111721 0.11228 0.983776
3 0.56313 0.685378 0.112638 0.112338 0.98366
4 0.687729 0.934216 0.112327 0.113157 0.983419
3 0.315467 0.437491 0.112282 0.11359 0.983209
7 0.315504 0.313304 0.11289 0.111621 0.98302
5 0.191733 0.562236 0.111021 0.111827 0.983006
12 0.191431 0.312898 0.111584 0.111591 0.98295
8 0.563439 0.809651 0.111836 0.112474 0.982864
7 0.563587 0.93385 0.111676 0.113503 0.982855
4 0.936268 0.809652 0.113957 0.112008 0.982505
4 0.439955 0.561377 0.111958 0.111749 0.982342
4 0.439594 0.312965 0.113019 0.112386 0.982192
1 0.0666264 0.437504 0.112613 0.112574 0.981987
0 0.191941 0.933818 0.111405 0.112355 0.981929
2 0.3154 0.561555 0.112337 0.112185 0.981695
10 0.811807 0.934126 0.112739 0.113041 0.981633
7 0.439588 0.437383 0.112898 0.111299 0.981442
10 0.316252 0.933547 0.113096 0.112964 0.981423
13 0.0671486 0.685405 0.111908 0.111514 0.980973
1 0.191602 0.809273 0.111574 0.112063 0.98088
0 0.811384 0.808984 0.112628 0.112742 0.980766
2 0.191769 0.0647456 0.111775 0.11298 0.980761
2 0.191744 0.685423 0.111685 0.112192 0.9806
5 0.936301 0.685272 0.111994 0.110451 0.980541
3 0.439359 0.189015 0.112067 0.112272 0.980488
2 0.191391 0.189433 0.112512 0.112358 0.980362
8 0.0668583 0.188906 0.112282 0.112273 0.980276
6 0.93545 0.0649471 0.113356 0.113829 0.979652
11 0.563786 0.561214 0.111868 0.11325 0.979457
0 0.0672952 0.065048 0.11225 0.112974 0.979455
4 0.688153 0.56118 0.112924 0.112724 0.979406
5 0.563658 0.313083 0.111912 0.11238 0.979308
8 0.315636 0.0650804 0.111791 0.112217 0.979222
12 0.56345 0.188865 0.112115 0.112111 0.979064
9 0.812454 0.685489 0.111926 0.112123 0.979036
10 0.687663 0.809708 0.112033 0.111874 0.97903
2 0.0673289 0.933521 0.112576 0.112832 0.979016
4 0.812578 0.561366 0.112872 0.112111 0.97901
1 0.439592 0.0648159 0.111751 0.113118 0.978966
1 0.812132 0.188842 0.11208 0.112349 0.978836
3 0.68788 0.18906 0.111691 0.112114 0.978772
13 0.936609 0.437158 0.112759 0.11253 0.978634
1 0.687754 0.0643614 0.112295 0.113692 0.978629
0 0.687724 0.685243 0.11245 0.112779 0.978524
8 0.315466 0.809652 0.112707 0.112181 0.978473
1 0.936479 0.312705 0.113567 0.112684 0.978427
11 0.687855 0.437092 0.1122 0.112813 0.978352
5 0.936677 0.561242 0.113021 0.112719 0.977956
0 0.93598 0.188715 0.11279 0.111717 0.977621
2 0.81227 0.31309 0.112186 0.112968 0.977493
8 0.564003 0.43735 0.111967 0.113236 0.977481
7 0.687991 0.313231 0.112107 0.112279 0.977461
0 0.0672939 0.809261 0.112166 0.112931 0.977073
7 0.812494 0.437168 0.112926 0.112424 0.97701
0 0.811944 0.0648733 0.112133 0.113262 0.976969
4 0.687989 0.809412 0.110859 0.111111 0.0314342
2 0.564071 0.436946 0.112311 0.112966 0.016122
0 0.688015 0.0636476 0.111592 0.113714 0.0096184
1 0.0669997 0.809153 0.112773 0.112418 0.0078188
2 0.0669978 0.189149 0.112848 0.113261 0.00703912
12 0.811653 0.437563 0.111182 0.113358 0.00692212
10 0.935842 0.685057 0.111552 0.111927 0.00606804
2 0.563675 0.809681 0.111942 0.112229 0.00601671
1 0.440187 0.561469 0.112488 0.111986 0.00546863
2 0.315512 0.809759 0.112099 0.112345 0.0048596
0 0.439604 0.0642011 0.110594 0.113569 0.00475528
1 0.688252 0.561263 0.112167 0.112133 0.00464474
4 0.812558 0.933747 0.111908 0.112956 0.00464172
0 0.936582 0.313091 0.112301 0.111228 0.00462842
0 0.812218 0.188711 0.111584 0.113133 0.00448902
7 0.687774 0.934101 0.112117 0.11227 0.00418567
1 0.812478 0.561327 0.112312 0.112171 0.00411377
1 0.0668998 0.0644024 0.113903 0.113437 0.00408171
3 0.811725 0.685695 0.111892 0.112306 0.00373822
1 0.31591 0.685712 0.112281 0.111401 0.00365143
1 0.564214 0.0645736 0.111683 0.113071 0.00360828
12 0.811533 0.685933 0.110866 0.112244 0.00349079
9 0.687685 0.437736 0.111106 0.111368 0.00347996
5 0.68817 0.436682 0.112114 0.112193 0.00342094
1 0.440014 0.312918 0.112049 0.111929 0.00334176
2 0.315777 0.064562 0.111011 0.113104 0.00332842
0 0.0661563 0.436917 0.114721 0.112443 0.00324072
1 0.81199 0.313455 0.111002 0.111779 0.00322485
12 0.686715 0.313561 0.110407 0.112593 0.00320459
5 0.687778 0.809714 0.112156 0.111979 0.00310437
5 0.564019 0.561245 0.111766 0.112239 0.00309704
7 0.935926 0.0646068 0.113617 0.113413 0.00302964
4 0.31606 0.933707 0.111666 0.11259 0.00300794
10 0.688067 0.436618 0.111761 0.112298 0.00291209
6 0.811654 0.437286 0.113625 0.113123 0.00267827
7 0.439573 0.561352 0.11216 0.112357 0.00266528
6 0.439962 0.809606 0.111989 0.112604 0.00260873
0 0.191639 0.437927 0.110739 0.112036 0.0025695
7 0.439775 0.313219 0.111756 0.11177 0.00256014
5 0.192056 0.0651947 0.111647 0.111708 0.00252502
1 0.687729 0.934216 0.112327 0.113157 0.00252274
3 0.315495 0.561499 0.112977 0.111772 0.00251397
7 0.688193 0.809813 0.113231 0.113585 0.00246372
3 0.19111 0.685415 0.112792 0.111781 0.00239136
10 0.439965 0.934231 0.11228 0.113 0.00238517
10 0.935816 0.933069 0.111795 0.11174 0.00238376
1 0.936509 0.809253 0.112241 0.111581 0.00229536
7 0.81167 0.560918 0.112664 0.113954 0.00226676
6 0.44013 0.685182 0.111089 0.111195 0.00222426
7 0.687771 0.561114 0.111904 0.112303 0.00219483
12 0.93614 0.437268 0.111206 0.112366 0.00215456
4 0.439928 0.437984 0.110878 0.112527 0.00206898
11 0.0666568 0.685022 0.112824 0.111878 0.00204516
5 0.811387 0.313106 0.11269 0.11182 0.00204509
12 0.687767 0.809938 0.112667 0.111753 0.00204056
0 0.191386 0.809581 0.111692 0.113525 0.00203521
0 0.563547 0.438089 0.111333 0.112625 0.00202594
12 0.067517 0.561091 0.112815 0.114591 0.00202531
2 0.688166 0.437219 0.11247 0.111602 0.00193415
10 0.937002 0.561192 0.111689 0.112021 0.00192116
0 0.813131 0.685627 0.112136 0.111167 0.00191715
10 0.564021 0.561111 0.112264 0.112797 0.00189396
1 0.315808 0.561414 0.112405 0.112879 0.00189112
12 0.315606 0.189235 0.111975 0.111867 0.00184116
4 0.813028 0.437991 0.109431 0.111861 0.00183523
12 0.935802 0.933888 0.111827 0.112767 0.00183509
12 0.439926 0.436605 0.110774 0.110446 0.00178753
3 0.811864 0.313772 0.111983 0.111791 0.00178513
6 0.439928 0.437984 0.110878 0.112527 0.00175958
8 0.811503 0.312842 0.111546 0.112926 0.00175668
9 0.6882 0.189385 0.11342 0.112295 0.00170132
5 0.0671024 0.933628 0.113015 0.112649 0.00168994
7 0.0673457 0.685314 0.113577 0.113331 0.00167723
1 0.812212 0.0643035 0.111154 0.113337 0.00166868
4 0.56322 0.933455 0.112393 0.113806 0.00164895
2 0.688084 0.0647544 0.112239 0.11254 0.00160869
2 0.440085 0.312815 0.111708 0.112654 0.00159664
2 0.936509 0.809253 0.112241 0.111581 0.00159405
9 0.935794 0.189102 0.112661 0.112755 0.00159107
12 0.0667696 0.68533 0.11167 0.112137 0.00158042
3 0.190949 0.189226 0.112759 0.11222 0.00157464
3 0.935887 0.064526 0.112021 0.113885 0.00157327
8 0.688158 0.43705 0.111758 0.112779 0.0015576
1 0.687655 0.685103 0.113026 0.112022 0.00155357
4 0.811855 0.189369 0.112069 0.112226 0.0015508
13 0.687665 0.809783 0.111478 0.112279 0.00151475
9 0.439877 0.934236 0.111007 0.11277 0.00148409
10 0.81254 0.561236 0.111835 0.112401 0.00147909
10 0.315616 0.313545 0.112328 0.11226 0.00147285
11 0.811686 0.93338 0.111942 0.112478 0.00146908
8 0.688075 0.684718 0.112965 0.112624 0.00146177
5 0.811686 0.93338 0.111942 0.112478 0.00145865
11 0.563641 0.437546 0.11258 0.112204 0.00138672
2 0.81254 0.561236 0.111835 0.112401 0.00137391
12 0.19178 0.436747 0.111256 0.111747 0.00135786
1 0.191892 0.933758 0.111621 0.11283 0.0013437
4 0.0666581 0.437017 0.113537 0.112794 0.00132409
12 0.191892 0.933758 0.111621 0.11283 0.00131513
2 0.6882 0.189385 0.11342 0.112295 0.00130985
10 0.439463 0.437907 0.110579 0.112195 0.00130435
1 0.1913 0.18946 0.111831 0.11146 0.00129449
10 0.936509 0.809253 0.112241 0.111581 0.00128853
6 0.191431 0.312898 0.111584 0.111591 0.00128198
5 0.688232 0.189137 0.114292 0.112063 0.00128143
12 0.811807 0.934126 0.112739 0.113041 0.00127172
5 0.439965 0.934231 0.11228 0.113 0.0012695
0 0.315451 0.189285 0.11181 0.11186 0.0012674
1 0.811384 0.808984 0.112628 0.112742 0.00126673
7 0.937149 0.436448 0.110593 0.112865 0.00124414
12 0.68778 0.188984 0.111514 0.112355 0.00123295
7 0.935764 0.809634 0.112331 0.112662 0.00122991
2 0.439955 0.561377 0.111958 0.111749 0.00122273
3 0.0665556 0.933576 0.115589 0.114263 0.00121749
2 0.688064 0.93377 0.112015 0.112513 0.00120952
3 0.191079 0.0649093 0.112738 0.112918 0.00120771
9 0.688075 0.684718 0.112965 0.112624 0.00119723
6 0.688233 0.313358 0.112197 0.113432 0.00118818
11 0.936164 0.933833 0.112528 0.112089 0.00118134
13 0.31606 0.933782 0.111933 0.11136 0.0011614
10 0.0666568 0.685022 0.112824 0.111878 0.00115809
8 0.439877 0.934236 0.111007 0.11277 0.00115368
1 0.19147 0.685376 0.112612 0.111833 0.00115176
12 0.316514 0.933772 0.111485 0.112187 0.00115054
2 0.563701 0.0649285 0.111291 0.112365 0.00115015
4 0.315498 0.313499 0.111905 0.11199 0.00114475
11 0.316234 0.809789 0.111459 0.112525 0.00113883
1 0.19145 0.06503 0.112091 0.111925 0.00112612
10 0.688001 0.313526 0.111657 0.111508 0.00112274
12 0.439649 0.188938 0.111872 0.112671 0.0011196
3 0.936634 0.561105 0.113106 0.112037 0.00108971
8 0.191502 0.438003 0.111772 0.112859 0.0010825
11 0.936271 0.561789 0.112133 0.112222 0.00107827
4 0.563885 0.313465 0.111551 0.111297 0.00106829
7 0.563417 0.1891 0.112688 0.111873 0.0010668
1 0.067169 0.933591 0.114028 0.113318 0.00105313
12 0.563468 0.685405 0.111445 0.112012 0.00105064
10 0.812525 0.437911 0.110145 0.111057 0.00104985
10 0.93617 0.436844 0.110331 0.111241 0.00104771
3 0.067517 0.561091 0.112815 0.114591 0.00104336
7 0.811686 0.93338 0.111942 0.112478 0.00104137
11 0.564004 0.809773 0.111646 0.113112 0.00103551
6 0.563488 0.189394 0.110618 0.112244 0.00102649
5 0.936355 0.809571 0.113251 0.112085 0.00102571
11 0.935876 0.685084 0.111885 0.111582 0.00101347
5 0.811879 0.56126 0.112649 0.111991 0.00101088
4 0.191602 0.809273 0.111574 0.112063 0.00101066
