5 0.31617 0.809221 0.11012 0.11234 0.986196
3 0.191175 0.685374 0.113138 0.112767 0.985918
6 0.811818 0.933694 0.114073 0.113751 0.985653
9 0.687449 0.933708 0.111108 0.114021 0.985602
3 0.439169 0.0652323 0.113184 0.113883 0.985387
6 0.439327 0.809523 0.112732 0.113019 0.984771
0 0.935845 0.933443 0.11259 0.11115 0.984763
10 0.439341 0.685028 0.111469 0.11301 0.984614
4 0.439189 0.933906 0.111232 0.113415 0.984471
7 0.0673098 0.9339 0.113922 0.11406 0.98411
11 0.563181 0.933955 0.112212 0.114183 0.983853
5 0.563516 0.0650643 0.110765 0.112706 0.983631
7 0.687642 0.809431 0.112044 0.112763 0.983257
4 0.0674868 0.809514 0.112832 0.11174 0.983252
7 0.191704 0.809476 0.111278 0.111995 0.983217
4 0.31532 0.0649468 0.11151 0.112577 0.983022
10 0.191495 0.437539 0.112111 0.112082 0.98301
11 0.191739 0.065013 0.112064 0.113525 0.982952
11 0.315136 0.313312 0.111648 0.112287 0.982928
4 0.0671567 0.313598 0.112814 0.112059 0.982684
12 0.315178 0.685199 0.111957 0.113096 0.982656
3 0.0672773 0.0650311 0.112706 0.113845 0.982598
1 0.315952 0.933954 0.112744 0.113047 0.982532
6 0.191594 0.313466 0.111775 0.112116 0.982465
2 0.31551 0.437683 0.112071 0.112672 0.981892
11 0.563281 0.189743 0.112187 0.112768 0.981432
11 0.563346 0.685224 0.111533 0.113206 0.981349
12 0.191368 0.189004 0.111901 0.111557 0.981236
7 0.439237 0.56091 0.11308 0.111654 0.980807
12 0.0673634 0.561393 0.111713 0.111616 0.980715
1 0.315519 0.189131 0.111702 0.111265 0.980677
2 0.191118 0.560988 0.11124 0.111194 0.98046
2 0.0672486 0.189275 0.111873 0.111677 0.98025
0 0.315343 0.560952 0.111894 0.11179 0.980051
12 0.439391 0.188923 0.111928 0.111982 0.979483
5 0.563462 0.437369 0.112191 0.112464 0.979467
2 0.191619 0.933477 0.111498 0.112405 0.979446
12 0.439337 0.437295 0.111901 0.111926 0.979375
10 0.687842 0.437015 0.111482 0.112812 0.979317
0 0.811691 0.808849 0.111943 0.112134 0.97928
11 0.935683 0.684966 0.112423 0.113062 0.979178
13 0.81168 0.189292 0.113137 0.113129 0.9791
1 0.936578 0.809481 0.112796 0.112476 0.979069
9 0.687576 0.0646096 0.11175 0.113684 0.978996
12 0.688152 0.561107 0.112131 0.113106 0.978899
1 0.93635 0.561179 0.11411 0.112969 0.978828
12 0.812127 0.0644838 0.111565 0.112714 0.978711
0 0.563808 0.808986 0.111607 0.113046 0.978528
0 0.56347 0.561119 0.111092 0.112904 0.978295
9 0.81184 0.43698 0.112101 0.113086 0.978248
0 0.563489 0.313255 0.111837 0.112629 0.978005
2 0.811951 0.561254 0.112117 0.112309 0.977694
2 0.936069 0.436731 0.113015 0.112762 0.977603
2 0.936277 0.0645202 0.113757 0.114517 0.977602
0 0.935958 0.188654 0.112709 0.111511 0.97756
8 0.936223 0.312577 0.1133 0.113782 0.977291
8 0.0672476 0.437287 0.112764 0.11218 0.977291
8 0.687178 0.685307 0.11133 0.111876 0.97726
8 0.439601 0.313086 0.111419 0.11169 0.977165
8 0.811328 0.313007 0.110738 0.11138 0.976806
8 0.687678 0.189496 0.110045 0.111293 0.976619
8 0.066924 0.685277 0.111878 0.112914 0.976564
8 0.688002 0.313435 0.111149 0.111941 0.976206
8 0.812102 0.685335 0.112581 0.113256 0.975517
2 0.688174 0.313288 0.111859 0.111919 0.0332542
2 0.688058 0.189243 0.111768 0.11254 0.0267997
2 0.811439 0.313541 0.112359 0.111937 0.0204351
2 0.688156 0.684978 0.111959 0.11169 0.0170945
2 0.0668695 0.43719 0.114777 0.112021 0.015851
2 0.0670191 0.685408 0.113934 0.112688 0.0146544
2 0.935906 0.313086 0.114418 0.114058 0.00931532
2 0.811784 0.68554 0.111975 0.113687 0.00882376
2 0.439815 0.313633 0.111885 0.113193 0.00718448
6 0.439438 0.437614 0.11171 0.112608 0.00690734
6 0.439252 0.189595 0.110729 0.112634 0.00671025
6 0.812246 0.0649876 0.111567 0.114038 0.0065867
7 0.439404 0.933736 0.111412 0.111858 0.00657468
12 0.439705 0.0646288 0.112615 0.112514 0.00646661
1 0.563627 0.560836 0.111532 0.112384 0.00607158
6 0.688151 0.561622 0.111587 0.112386 0.00606783
6 0.191322 0.189403 0.111121 0.112454 0.0060667
12 0.812347 0.43669 0.111457 0.112868 0.00579648
6 0.0671039 0.561703 0.11196 0.111758 0.00577859
1 0.811468 0.933666 0.112451 0.114229 0.00555517
6 0.315596 0.685388 0.112318 0.11337 0.00494638
5 0.563933 0.68522 0.111738 0.112459 0.00468767
13 0.687409 0.437437 0.111096 0.111904 0.00426518
5 0.563738 0.189628 0.111674 0.11248 0.00412823
0 0.688177 0.93329 0.111256 0.112617 0.00387481
1 0.563792 0.809011 0.111502 0.112519 0.00371146
12 0.688122 0.064493 0.110562 0.113129 0.00365655
6 0.439705 0.0646288 0.112615 0.112514 0.00358556
9 0.935872 0.685428 0.112243 0.113217 0.00339491
1 0.563545 0.31292 0.111492 0.112603 0.00335906
13 0.439351 0.685002 0.111472 0.112003 0.00333422
0 0.936373 0.560688 0.113544 0.111416 0.00325974
5 0.563655 0.93392 0.112382 0.113576 0.00323815
1 0.0673761 0.313304 0.113458 0.112214 0.00310527
3 0.812169 0.93338 0.113374 0.114037 0.00306321
10 0.315956 0.313308 0.111007 0.112109 0.00302046
1 0.31553 0.438021 0.109933 0.11099 0.00291823
8 0.688177 0.93329 0.111256 0.112617 0.00289926
4 0.191495 0.437539 0.112111 0.112082 0.00289907
4 0.687636 0.438107 0.109101 0.113224 0.00283367
3 0.439598 0.809479 0.11161 0.111948 0.00279012
11 0.563168 0.436573 0.110898 0.111143 0.00271252
10 0.935666 0.685002 0.112986 0.112582 0.0027051
11 0.81186 0.685332 0.112773 0.112716 0.0026965
0 0.936649 0.809564 0.112155 0.112621 0.00258167
5 0.811345 0.561277 0.112621 0.112381 0.00254002
1 0.315638 0.0647948 0.111955 0.112997 0.00253791
5 0.935666 0.685002 0.112986 0.112582 0.00253067
7 0.191861 0.313592 0.11166 0.111305 0.00247834
4 0.439572 0.685128 0.112916 0.112903 0.00247811
1 0.0671711 0.809281 0.113822 0.112677 0.00245871
13 0.191373 0.437468 0.111133 0.111584 0.00242377
2 0.315325 0.808949 0.111936 0.112468 0.00238721
13 0.315136 0.313312 0.111648 0.112287 0.00236119
11 0.0672382 0.685518 0.113179 0.112285 0.0022872
1 0.315343 0.560879 0.111821 0.112472 0.00219945
1 0.439436 0.933999 0.112099 0.113412 0.00216515
8 0.56375 0.932785 0.113125 0.1134 0.00213618
13 0.191407 0.0646965 0.112397 0.113393 0.00210252
1 0.811691 0.808849 0.111943 0.112134 0.00206302
9 0.935928 0.933722 0.111166 0.111455 0.00205083
12 0.686791 0.809422 0.111818 0.112667 0.00204291
5 0.935874 0.4367 0.113537 0.11431 0.00194019
10 0.563679 0.189688 0.113274 0.111967 0.00193832
1 0.936413 0.0645348 0.113274 0.114699 0.00193604
11 0.687643 0.685493 0.111665 0.112035 0.00192753
8 0.0666331 0.189412 0.113865 0.112421 0.00191601
7 0.686879 0.436913 0.111847 0.111752 0.00189768
3 0.191594 0.313466 0.111775 0.112116 0.00188472
3 0.191504 0.93385 0.112228 0.113258 0.00188393
11 0.811886 0.313535 0.112237 0.112649 0.00188084
0 0.935881 0.313282 0.111096 0.114932 0.00187087
1 0.936142 0.436514 0.111106 0.112131 0.00186709
2 0.935872 0.685428 0.112243 0.113217 0.00185347
7 0.8117 0.1899 0.112361 0.113607 0.00182843
4 0.439627 0.561327 0.112014 0.112562 0.00178613
3 0.812153 0.561393 0.112029 0.112669 0.00178251
1 0.192082 0.313142 0.112247 0.112428 0.00176123
0 0.812156 0.437991 0.112255 0.113426 0.00176093
11 0.687617 0.189608 0.11198 0.112582 0.00175225
4 0.68819 0.809293 0.112996 0.112333 0.00173715
12 0.688177 0.93329 0.111256 0.112617 0.00172551
8 0.31553 0.438021 0.109933 0.11099 0.0017247
0 0.688235 0.0641836 0.110942 0.112967 0.0016834
7 0.31503 0.0646629 0.111681 0.112726 0.00165928
1 0.191514 0.685048 0.112259 0.112247 0.00162287
6 0.191514 0.685048 0.112259 0.112247 0.00161113
2 0.563658 0.436749 0.109593 0.111914 0.00160887
3 0.812347 0.43669 0.111457 0.112868 0.00160552
8 0.192206 0.933727 0.1105 0.111332 0.00157336
10 0.191398 0.0651976 0.111856 0.11204 0.00155474
0 0.316081 0.934084 0.111885 0.112733 0.00153821
8 0.935646 0.0650576 0.113943 0.114574 0.0015218
10 0.563523 0.0647333 0.111541 0.112217 0.00151711
13 0.563161 0.933459 0.111248 0.114309 0.0015054
7 0.0667852 0.80908 0.111704 0.112048 0.00149911
13 0.563738 0.189628 0.111674 0.11248 0.00149725
6 0.686791 0.809422 0.111818 0.112667 0.00149025
0 0.688214 0.561653 0.111287 0.113134 0.00148486
4 0.191704 0.809476 0.111278 0.111995 0.0014831
3 0.191095 0.56125 0.112752 0.111952 0.00148056
1 0.439939 0.809871 0.112591 0.112455 0.001459
11 0.688094 0.314007 0.111882 0.112943 0.00145595
8 0.811453 0.561173 0.111322 0.113344 0.00144904
10 0.688169 0.0647032 0.112777 0.112175 0.00144605
0 0.315578 0.188998 0.111143 0.111719 0.0014205
3 0.3151 0.188858 0.11113 0.111583 0.00141406
5 0.936044 0.0648744 0.113781 0.114456 0.00138148
5 0.688089 0.437432 0.111188 0.112409 0.00137708
10 0.31521 0.0646135 0.111311 0.112363 0.00133255
7 0.0664162 0.313153 0.112229 0.11268 0.00132754
10 0.563693 0.684949 0.111036 0.113083 0.00130436
10 0.811241 0.189347 0.114244 0.114591 0.00130048
6 0.0667852 0.80908 0.111704 0.112048 0.00128438
10 0.563161 0.933459 0.111248 0.114309 0.00127251
13 0.935666 0.685002 0.112986 0.112582 0.00127146
0 0.688166 0.685393 0.111951 0.112389 0.00126988
3 0.93616 0.437091 0.113453 0.113093 0.00126252
1 0.0673456 0.189023 0.112131 0.112509 0.00125054
7 0.812169 0.93338 0.113374 0.114037 0.00124821
4 0.0673098 0.9339 0.113922 0.11406 0.00123519
7 0.191338 0.437184 0.111518 0.112077 0.00121691
1 0.191359 0.560881 0.111639 0.11196 0.00121224
3 0.0670993 0.561068 0.112302 0.113253 0.00121018
4 0.563825 0.437857 0.111291 0.110388 0.00119759
0 0.687407 0.189326 0.11087 0.112112 0.00118406
3 0.315148 0.437727 0.112557 0.111959 0.00118096
9 0.935995 0.189 0.112416 0.112492 0.00117926
1 0.439766 0.0646351 0.112437 0.112956 0.00116442
8 0.935875 0.932875 0.111185 0.111337 0.00115382
1 0.81213 0.561128 0.112282 0.112116 0.00115167
13 0.68816 0.0643726 0.111859 0.112926 0.00114714
11 0.68816 0.0643726 0.111859 0.112926 0.00113684
11 0.4392 0.3133 0.112353 0.111712 0.00113541
2 0.0673761 0.313304 0.113458 0.112214 0.00112126
7 0.439277 0.684972 0.111265 0.111941 0.00111724
3 0.687813 0.561075 0.112004 0.113268 0.0011146
11 0.0668695 0.43719 0.114777 0.112021 0.00110619
4 0.936578 0.809481 0.112796 0.112476 0.00110442
1 0.0666035 0.0650248 0.112714 0.112428 0.0011006
10 0.687801 0.933446 0.111084 0.114148 0.00108952
12 0.31521 0.0646135 0.111311 0.112363 0.00108094
4 0.936373 0.560688 0.113544 0.111416 0.0010767
10 0.439189 0.933906 0.111232 0.113415 0.00106812
10 0.0671711 0.809281 0.113822 0.112677 0.0010562
4 0.315578 0.188998 0.111143 0.111719 0.00105258
5 0.191276 0.56097 0.111635 0.111676 0.00104696
3 0.0666331 0.189412 0.113865 0.112421 0.00104542
3 0.439521 0.436698 0.110122 0.112437 0.00104225
13 0.563933 0.68522 0.111738 0.112459 0.00103637
8 0.191215 0.0649383 0.112492 0.112993 0.00102605
12 0.811325 0.188727 0.112427 0.112838 0.00101967
0 0.811882 0.31349 0.110139 0.11117 0.00101073
