7 0.439527 0.933959 0.110278 0.11172 0.987236
3 0.0671938 0.437419 0.112694 0.113717 0.986079
5 0.56364 0.809708 0.110803 0.112966 0.985867
7 0.315527 0.809563 0.111514 0.11141 0.985462
3 0.315824 0.685509 0.111617 0.112713 0.985203
0 0.935978 0.933364 0.112444 0.111024 0.984643
6 0.687756 0.933852 0.110784 0.113699 0.98459
6 0.0672022 0.809513 0.112439 0.111454 0.984543
11 0.563142 0.934212 0.111992 0.113576 0.984442
12 0.439749 0.685369 0.110793 0.112285 0.984342
3 0.315538 0.189469 0.11201 0.113553 0.98385
2 0.31613 0.560961 0.110844 0.112154 0.983501
2 0.563555 0.0649091 0.110318 0.112472 0.983399
5 0.0664388 0.0655887 0.11301 0.112573 0.983232
9 0.191734 0.685203 0.110495 0.111318 0.982864
5 0.191272 0.189001 0.11183 0.111922 0.982832
9 0.687878 0.809626 0.111547 0.112473 0.982796
5 0.315592 0.0650829 0.110414 0.111708 0.982761
2 0.81204 0.933733 0.113619 0.113565 0.982753
13 0.192048 0.933815 0.11061 0.112914 0.982682
12 0.0666077 0.189386 0.113054 0.112671 0.982672
13 0.0672035 0.685503 0.11318 0.11326 0.982444
4 0.812291 0.809609 0.112579 0.113427 0.981641
1 0.31596 0.933936 0.112845 0.11314 0.981575
1 0.439657 0.809508 0.111989 0.112478 0.981503
13 0.191977 0.80951 0.110934 0.112338 0.981499
10 0.564043 0.685082 0.112181 0.112808 0.981493
2 0.316008 0.437343 0.111324 0.111755 0.981199
5 0.439737 0.189604 0.110663 0.112138 0.981198
6 0.191285 0.064729 0.113028 0.113461 0.98117
1 0.191298 0.313305 0.111239 0.111343 0.980902
0 0.315128 0.312883 0.11198 0.112483 0.980856
5 0.935518 0.189075 0.111436 0.112073 0.980792
0 0.191447 0.43723 0.111479 0.111604 0.980664
8 0.0670156 0.313302 0.111447 0.110464 0.980653
1 0.0670993 0.934176 0.114114 0.113948 0.980295
2 0.440281 0.56082 0.111783 0.112588 0.979958
9 0.687323 0.189301 0.111831 0.112586 0.979576
6 0.563609 0.313275 0.111603 0.111435 0.979574
13 0.439292 0.313651 0.112581 0.111443 0.979521
12 0.936225 0.685571 0.112416 0.111637 0.979481
1 0.563456 0.18894 0.1121 0.11242 0.978963
11 0.563605 0.436993 0.111926 0.113578 0.97893
9 0.811437 0.685717 0.112053 0.112419 0.978873
6 0.687601 0.313059 0.112131 0.111184 0.978744
1 0.439542 0.064718 0.112203 0.113053 0.978609
5 0.687678 0.560955 0.111899 0.112781 0.978589
10 0.812233 0.560819 0.111974 0.112565 0.978502
0 0.687694 0.685051 0.111702 0.112863 0.978438
4 0.936582 0.561228 0.113748 0.113387 0.978326
1 0.687811 0.0644215 0.112345 0.112906 0.978223
0 0.439301 0.437095 0.111004 0.112963 0.978214
8 0.812119 0.0653905 0.111899 0.112869 0.978154
8 0.936273 0.809814 0.113018 0.113196 0.978129
0 0.811872 0.313039 0.112163 0.112969 0.978105
1 0.936335 0.312744 0.113952 0.113049 0.977976
8 0.812073 0.436991 0.112085 0.111487 0.977941
8 0.191845 0.561071 0.111569 0.110798 0.977931
6 0.936417 0.0646834 0.114825 0.113014 0.977714
0 0.935781 0.436835 0.112827 0.11119 0.9777
0 0.0677055 0.561089 0.112407 0.112307 0.977604
8 0.564048 0.560935 0.111325 0.112195 0.977528
2 0.687537 0.437342 0.111203 0.111125 0.977493
8 0.81197 0.188744 0.112341 0.111726 0.977468
3 0.191543 0.685012 0.111341 0.111404 0.016128
2 0.191893 0.561183 0.112391 0.111578 0.0151034
8 0.813175 0.933655 0.110337 0.110851 0.0145783
3 0.687878 0.809626 0.111547 0.112473 0.0142707
1 0.066822 0.560666 0.114485 0.11195 0.0136405
3 0.81171 0.685213 0.111915 0.112273 0.010003
2 0.0668438 0.313343 0.112277 0.109408 0.00807664
3 0.687324 0.189319 0.110788 0.11186 0.00663838
2 0.0666713 0.436701 0.11425 0.11334 0.00627999
11 0.564066 0.561115 0.111514 0.111755 0.00568963
2 0.936039 0.809878 0.112205 0.113627 0.00555584
5 0.56371 0.934207 0.112652 0.113618 0.00489389
2 0.563789 0.560947 0.111844 0.110852 0.00448634
0 0.688335 0.0636417 0.111526 0.112313 0.00439613
1 0.688374 0.933046 0.110756 0.11228 0.00439286
2 0.812056 0.4367 0.112237 0.111607 0.00422152
1 0.688213 0.312962 0.112022 0.111519 0.00403784
11 0.811791 0.0648547 0.111723 0.112621 0.00390926
1 0.936627 0.561292 0.113528 0.113645 0.00384075
1 0.687678 0.684941 0.111995 0.112229 0.00383446
7 0.0667863 0.684869 0.1146 0.113729 0.00379444
7 0.439323 0.313672 0.111602 0.112793 0.00378929
1 0.315378 0.438028 0.10886 0.109801 0.0037442
0 0.936299 0.313072 0.113309 0.111937 0.00374338
8 0.688148 0.437092 0.110923 0.111514 0.00361513
12 0.191986 0.809393 0.11183 0.111634 0.00336857
12 0.811885 0.685564 0.113116 0.113073 0.00332826
1 0.688135 0.436966 0.112972 0.112095 0.00325195
5 0.563721 0.437775 0.111847 0.112476 0.00319569
1 0.192006 0.0650016 0.112087 0.112601 0.00317458
12 0.688285 0.80944 0.112544 0.112589 0.00301059
6 0.81156 0.808992 0.113121 0.112137 0.00299837
2 0.811727 0.189451 0.112006 0.111367 0.0029276
3 0.688174 0.561307 0.112109 0.112034 0.00284739
0 0.936645 0.685414 0.11116 0.111642 0.00279867
12 0.688132 0.189181 0.111788 0.112282 0.00273069
1 0.439426 0.437096 0.110941 0.112597 0.00270757
2 0.812162 0.809614 0.112113 0.113236 0.00266118
0 0.563711 0.188594 0.11137 0.112094 0.00265456
2 0.811791 0.0648547 0.111723 0.112621 0.00264268
2 0.936627 0.561292 0.113528 0.113645 0.00256718
0 0.688132 0.189181 0.111788 0.112282 0.00253364
12 0.191428 0.684964 0.112203 0.112376 0.00250078
6 0.4397 0.685504 0.111896 0.11292 0.00242228
4 0.688174 0.561307 0.112109 0.112034 0.00239442
2 0.688174 0.561307 0.112109 0.112034 0.00237933
11 0.8118 0.188846 0.112396 0.112439 0.00229527
3 0.0669163 0.809333 0.114338 0.112731 0.00226505
0 0.439757 0.064373 0.11139 0.112853 0.00226141
12 0.439815 0.313261 0.112161 0.11263 0.00215268
3 0.688365 0.437503 0.110818 0.112873 0.00213938
10 0.935892 0.189272 0.11216 0.112332 0.00213649
1 0.812297 0.809164 0.111823 0.112568 0.00210945
0 0.191133 0.313544 0.110942 0.111567 0.0020927
11 0.812152 0.436681 0.112149 0.110928 0.00206588
5 0.811511 0.560948 0.112107 0.1118 0.00205653
2 0.315339 0.685451 0.112661 0.112485 0.00205253
1 0.563741 0.313222 0.111388 0.111694 0.00204688
1 0.936017 0.0647946 0.112313 0.113922 0.00203605
10 0.812297 0.809164 0.111823 0.112568 0.00199348
1 0.811985 0.312636 0.112013 0.112861 0.00199139
10 0.439157 0.189088 0.111904 0.112464 0.00193506
6 0.936074 0.561318 0.113614 0.113119 0.00193303
1 0.191228 0.437096 0.112099 0.112208 0.00192953
10 0.687795 0.560967 0.1111 0.111786 0.00191584
1 0.43992 0.560724 0.112138 0.112354 0.00191281
3 0.687707 0.933694 0.110252 0.11189 0.00184749
2 0.688174 0.0647171 0.110954 0.111957 0.00181814
1 0.563719 0.0645791 0.110397 0.112682 0.0018056
1 0.812471 0.93355 0.112761 0.11243 0.00179265
8 0.315378 0.438028 0.10886 0.109801 0.00178692
10 0.56379 0.436833 0.11126 0.1125 0.00177298
10 0.190928 0.189292 0.11177 0.112493 0.00176904
4 0.812233 0.561326 0.112082 0.112275 0.00176576
11 0.0670512 0.313099 0.111235 0.110045 0.0017515
9 0.936132 0.933703 0.111066 0.111644 0.00171013
3 0.315678 0.560983 0.112953 0.112584 0.00169962
3 0.563319 0.18895 0.111308 0.112111 0.00167937
7 0.191911 0.933683 0.11106 0.112991 0.00165965
1 0.315755 0.560704 0.111886 0.112028 0.00165711
7 0.936686 0.685592 0.112607 0.111248 0.0016561
4 0.564043 0.685082 0.112181 0.112808 0.00164246
10 0.0662085 0.0654112 0.112098 0.111188 0.00163556
11 0.936323 0.809842 0.113211 0.111806 0.00158911
4 0.439913 0.933837 0.109906 0.111694 0.00158698
6 0.067107 0.436467 0.114331 0.114932 0.0015696
9 0.935782 0.436908 0.112382 0.111216 0.0015628
3 0.936196 0.0646875 0.114935 0.114496 0.00155913
0 0.688285 0.80944 0.112544 0.112589 0.00153635
10 0.191825 0.93317 0.111194 0.111367 0.00151579
0 0.316101 0.934083 0.112012 0.112696 0.00151369
3 0.687442 0.312851 0.112352 0.112471 0.00149851
4 0.191313 0.189294 0.11194 0.112495 0.00149844
7 0.811528 0.560544 0.111869 0.112711 0.00149203
12 0.563955 0.6852 0.112418 0.112572 0.00148917
4 0.563711 0.188594 0.11137 0.112094 0.00147552
0 0.067456 0.313668 0.111315 0.110682 0.00146344
11 0.191659 0.561155 0.110929 0.11152 0.00145046
3 0.191188 0.0648617 0.113088 0.113364 0.00138215
10 0.314702 0.0647893 0.111103 0.111708 0.00137489
0 0.439782 0.809574 0.111398 0.112067 0.00137373
0 0.936554 0.809775 0.111675 0.113022 0.00136541
4 0.439708 0.809522 0.111078 0.111644 0.00135589
12 0.314988 0.685336 0.111863 0.112294 0.00134859
0 0.066746 0.933836 0.113985 0.114575 0.00129628
0 0.813019 0.0654378 0.109655 0.112426 0.00129464
12 0.0667848 0.437265 0.112474 0.11311 0.00128987
12 0.314854 0.189051 0.111922 0.112663 0.00126771
6 0.315089 0.188939 0.111907 0.112285 0.00125466
0 0.811921 0.43802 0.110869 0.111772 0.00124932
4 0.067107 0.436467 0.114331 0.114932 0.00123279
6 0.688174 0.0647171 0.110954 0.111957 0.0011998
7 0.811649 0.80886 0.111953 0.113311 0.00118073
13 0.563461 0.934031 0.111546 0.113442 0.00117649
7 0.19163 0.809293 0.112026 0.112805 0.00117644
0 0.811553 0.188703 0.111646 0.112665 0.00117155
4 0.315991 0.809431 0.110687 0.111152 0.00116271
13 0.563442 0.685122 0.111866 0.111886 0.00115895
4 0.0669959 0.93427 0.113644 0.114099 0.00114457
12 0.0668821 0.685206 0.112123 0.112783 0.00111428
8 0.935868 0.436949 0.110233 0.111209 0.00109875
3 0.439796 0.560874 0.112965 0.112599 0.00107401
6 0.31578 0.685466 0.113722 0.112643 0.00106824
12 0.811699 0.561227 0.112815 0.111936 0.00106157
4 0.31578 0.685466 0.113722 0.112643 0.00105303
1 0.315128 0.312883 0.11198 0.112483 0.00103657
10 0.936404 0.56162 0.113249 0.113735 0.00101356
13 0.811606 0.560912 0.111856 0.11228 0.00101013
