5 0.315234 0.934148 0.11146 0.113156 0.986452
13 0.315664 0.685514 0.110599 0.111267 0.985717
3 0.0667519 0.685376 0.112829 0.113375 0.985579
9 0.191009 0.933665 0.111837 0.112196 0.985264
2 0.43959 0.80968 0.112426 0.112384 0.985064
5 0.43908 0.0655042 0.111 0.112385 0.985062
7 0.314728 0.0651856 0.110959 0.111181 0.985015
10 0.191398 0.685419 0.112236 0.111945 0.984985
9 0.563463 0.809904 0.111417 0.111918 0.984633
4 0.191464 0.561014 0.111525 0.112331 0.984523
5 0.563368 0.934466 0.111623 0.113969 0.984508
10 0.19163 0.809379 0.112078 0.111452 0.984405
8 0.439225 0.933994 0.111803 0.113649 0.984396
12 0.687886 0.933965 0.110422 0.113113 0.984178
2 0.935804 0.934158 0.112643 0.11237 0.983696
6 0.440194 0.685572 0.111654 0.112259 0.983274
13 0.563612 0.0652249 0.111276 0.113132 0.983239
4 0.19136 0.0647789 0.112091 0.112849 0.982952
6 0.315793 0.437455 0.112268 0.112615 0.982869
11 0.811412 0.934273 0.113127 0.113341 0.982817
8 0.190972 0.437543 0.112015 0.113416 0.982501
7 0.191339 0.189257 0.113345 0.112441 0.982322
4 0.687773 0.0650825 0.111753 0.113319 0.982116
12 0.0671392 0.809438 0.112245 0.112966 0.98211
10 0.0671337 0.437395 0.113043 0.111851 0.982055
4 0.439321 0.188976 0.113523 0.113243 0.981574
8 0.315505 0.80965 0.112656 0.112642 0.981541
12 0.066885 0.064733 0.112603 0.113534 0.981436
7 0.439695 0.561576 0.113226 0.111986 0.981371
8 0.688111 0.809811 0.111477 0.11253 0.98135
11 0.191212 0.312982 0.112443 0.112663 0.981295
12 0.0668821 0.189015 0.112348 0.112404 0.981228
8 0.314786 0.18917 0.11187 0.112934 0.980972
13 0.812193 0.0657409 0.112007 0.112953 0.980886
12 0.314877 0.313328 0.112071 0.112006 0.980589
2 0.0673259 0.313251 0.112286 0.11359 0.980215
8 0.687636 0.189708 0.111526 0.113701 0.980087
3 0.563678 0.437442 0.112163 0.112397 0.979845
2 0.812006 0.810261 0.11174 0.111993 0.979703
0 0.315082 0.561112 0.112977 0.111653 0.979528
6 0.564189 0.188925 0.112391 0.113608 0.9795
13 0.5635 0.31349 0.112199 0.112828 0.979395
2 0.0670758 0.933802 0.112608 0.11336 0.979276
0 0.439293 0.437581 0.111538 0.111808 0.979126
6 0.564394 0.561598 0.112732 0.113084 0.979094
9 0.687582 0.685665 0.111756 0.111743 0.979071
0 0.0670277 0.561225 0.112404 0.112928 0.979055
1 0.439156 0.313245 0.112948 0.113125 0.978991
2 0.935586 0.0652927 0.112115 0.112587 0.978919
13 0.812164 0.686051 0.112406 0.112238 0.978662
4 0.688083 0.312948 0.112574 0.112544 0.978586
12 0.688055 0.561345 0.11214 0.112903 0.978582
7 0.563601 0.685927 0.11208 0.111523 0.978545
13 0.812005 0.189373 0.112531 0.112464 0.978426
2 0.687349 0.437637 0.111594 0.111697 0.978325
8 0.936311 0.809747 0.112852 0.112792 0.978312
10 0.8123 0.436887 0.112483 0.113105 0.978286
4 0.93681 0.436963 0.113857 0.113463 0.978245
11 0.936215 0.685141 0.112882 0.112353 0.978114
6 0.936426 0.188964 0.112588 0.112332 0.977938
2 0.812121 0.561799 0.112629 0.113783 0.977804
2 0.936278 0.312962 0.112967 0.112935 0.977754
7 0.936481 0.561758 0.112594 0.112685 0.977456
7 0.812217 0.313086 0.112448 0.112695 0.976912
2 0.191061 0.437474 0.112058 0.112182 0.0222028
2 0.315804 0.809738 0.112561 0.113219 0.0153004
12 0.811803 0.189044 0.11169 0.111648 0.0131274
2 0.936297 0.80961 0.1128 0.111983 0.012428
2 0.688245 0.809658 0.113074 0.111841 0.0109448
4 0.811476 0.437009 0.115345 0.109481 0.0102047
12 0.811565 0.313339 0.111153 0.113091 0.00875173
1 0.0669012 0.560988 0.112962 0.112685 0.00867794
4 0.0664609 0.437586 0.110871 0.110613 0.00853091
2 0.314786 0.18917 0.11187 0.112934 0.0077521
3 0.564109 0.188703 0.111936 0.112698 0.00760202
2 0.439657 0.934037 0.112484 0.113629 0.00692981
8 0.688128 0.437353 0.110537 0.113134 0.00515654
1 0.315414 0.561106 0.111877 0.11284 0.0051555
1 0.687442 0.437936 0.109931 0.112074 0.00489834
2 0.68815 0.188993 0.112682 0.112581 0.00473048
6 0.0667947 0.0644252 0.112521 0.113077 0.00462668
12 0.563863 0.313463 0.1106 0.111918 0.00452263
0 0.688299 0.685881 0.112082 0.11192 0.0044432
6 0.0668813 0.188662 0.112534 0.111955 0.00433678
10 0.936516 0.685411 0.112451 0.111248 0.00376898
12 0.936137 0.56177 0.112448 0.112945 0.00368845
1 0.936543 0.437091 0.113534 0.113717 0.00344239
7 0.811584 0.436684 0.112417 0.113378 0.00331657
7 0.936516 0.436958 0.113419 0.112395 0.00326385
5 0.19095 0.313158 0.112524 0.11276 0.00320867
5 0.811476 0.437009 0.115345 0.109481 0.00314302
3 0.315761 0.437178 0.112545 0.11248 0.00307951
1 0.935909 0.313429 0.111651 0.113044 0.0030778
3 0.688299 0.685881 0.112082 0.11192 0.00304083
12 0.811349 0.68621 0.111394 0.112202 0.00303571
1 0.19136 0.0647789 0.112091 0.112849 0.00296655
9 0.563849 0.436564 0.111428 0.112443 0.00277821
6 0.687584 0.933769 0.110563 0.11258 0.0027731
3 0.440194 0.685572 0.111654 0.112259 0.00274821
1 0.439271 0.188992 0.112181 0.112818 0.00273714
12 0.688249 0.685866 0.111206 0.111298 0.00272545
10 0.811244 0.933626 0.111859 0.111805 0.0027213
1 0.687973 0.0645747 0.11152 0.113753 0.00271851
5 0.93586 0.93377 0.112933 0.11337 0.00263071
1 0.687964 0.313187 0.111891 0.11276 0.00262438
6 0.687906 0.561469 0.11118 0.111296 0.00262196
1 0.439521 0.436819 0.111765 0.112556 0.00262088
1 0.0668037 0.313646 0.111951 0.111925 0.00260029
6 0.812214 0.313494 0.112251 0.112469 0.0025763
2 0.687762 0.313441 0.111241 0.113146 0.00256345
8 0.811164 0.933345 0.112785 0.111044 0.00255421
0 0.439441 0.31355 0.111521 0.113499 0.00254574
9 0.811164 0.933345 0.112785 0.111044 0.00248962
3 0.564418 0.56146 0.111533 0.112697 0.00247364
7 0.191612 0.0648129 0.11181 0.11163 0.00234862
5 0.811343 0.809931 0.113685 0.11237 0.00234496
1 0.191457 0.561249 0.111763 0.112266 0.00232339
12 0.315666 0.0648031 0.110933 0.112992 0.00227
13 0.191519 0.809594 0.112271 0.112357 0.00225065
8 0.0668469 0.934145 0.114278 0.114261 0.00218347
7 0.0679145 0.438012 0.111919 0.10999 0.00217821
5 0.0664609 0.437586 0.110871 0.110613 0.00217269
5 0.935909 0.0647462 0.113597 0.113472 0.00213019
3 0.935739 0.18931 0.112289 0.112795 0.00204948
0 0.190599 0.438068 0.11218 0.114039 0.0020372
5 0.811412 0.934273 0.113127 0.113341 0.00199054
1 0.812056 0.561678 0.112532 0.113225 0.00198603
1 0.812013 0.809819 0.112612 0.113193 0.00196547
7 0.564384 0.561538 0.111531 0.112331 0.00196427
1 0.439761 0.809551 0.112999 0.112396 0.00194482
6 0.936047 0.561444 0.112459 0.112626 0.00191923
5 0.811361 0.561556 0.112932 0.11157 0.0018905
8 0.935791 0.685058 0.111998 0.111814 0.0018685
6 0.0671392 0.809438 0.112245 0.112966 0.001853
5 0.191486 0.809453 0.112745 0.111961 0.00184777
12 0.811433 0.0652312 0.110828 0.111887 0.00183548
7 0.687772 0.0651796 0.112668 0.112658 0.0017838
13 0.191422 0.685437 0.112359 0.112159 0.0017599
5 0.936016 0.685281 0.11287 0.113111 0.00174615
0 0.936333 0.809993 0.111812 0.113129 0.00173121
3 0.688116 0.43761 0.112016 0.113081 0.00171872
3 0.93577 0.313508 0.112053 0.111711 0.00169792
0 0.688145 0.189389 0.112835 0.11403 0.00169601
8 0.935925 0.934001 0.112644 0.113003 0.00165914
1 0.936274 0.0645921 0.112961 0.113604 0.0016465
4 0.936114 0.561628 0.11254 0.111874 0.00162879
7 0.812529 0.685912 0.111874 0.111669 0.0016283
7 0.439426 0.189037 0.112396 0.113007 0.00161327
7 0.935739 0.18931 0.112289 0.112795 0.00159568
10 0.315236 0.933853 0.112205 0.112289 0.00157726
2 0.687773 0.0650825 0.111753 0.113319 0.00157087
10 0.563514 0.313799 0.111908 0.113343 0.00157077
10 0.439509 0.0648853 0.111817 0.111967 0.00156961
3 0.687858 0.5612 0.111287 0.112127 0.00155983
0 0.563944 0.809965 0.112063 0.111256 0.00147225
12 0.315331 0.685627 0.1118 0.112096 0.00147016
6 0.191488 0.189078 0.111595 0.111764 0.00146176
1 0.93617 0.933788 0.112821 0.113461 0.00146002
6 0.440261 0.561283 0.111961 0.112671 0.00145029
10 0.191434 0.313421 0.112235 0.111127 0.00143673
8 0.811482 0.561482 0.111511 0.112631 0.00142348
3 0.812006 0.810261 0.11174 0.111993 0.00142305
8 0.936073 0.064947 0.112584 0.112659 0.00140778
12 0.191252 0.189239 0.112686 0.112277 0.00139479
7 0.564087 0.188986 0.111711 0.113312 0.00136625
2 0.439164 0.189117 0.111789 0.113074 0.00135958
12 0.563868 0.809956 0.112071 0.111285 0.00134327
7 0.315896 0.685654 0.112533 0.111972 0.00133215
6 0.31497 0.312959 0.111367 0.112224 0.00133159
6 0.5644 0.685763 0.111775 0.111868 0.0013181
4 0.812272 0.313444 0.111086 0.112583 0.00129986
9 0.935824 0.685867 0.111719 0.112326 0.00129531
9 0.0671391 0.685198 0.114859 0.114457 0.00129089
1 0.0670724 0.933891 0.113792 0.113357 0.00127551
12 0.440228 0.56132 0.112261 0.114004 0.00127253
3 0.564016 0.8102 0.111451 0.11193 0.00126606
12 0.563753 0.436492 0.11147 0.111396 0.00125931
4 0.439339 0.312831 0.112662 0.113442 0.00124419
10 0.563402 0.934151 0.111825 0.112125 0.00124271
11 0.563891 0.933954 0.111958 0.112664 0.00124155
2 0.936355 0.437218 0.112823 0.113825 0.00123107
3 0.811978 0.561727 0.111637 0.111904 0.00121594
5 0.935908 0.312917 0.113571 0.113721 0.0012149
12 0.564344 0.68584 0.111616 0.112982 0.0011972
2 0.191438 0.561334 0.112405 0.11269 0.00119333
1 0.563678 0.437442 0.112163 0.112397 0.00118728
7 0.191438 0.561334 0.112405 0.11269 0.00117613
8 0.811452 0.809836 0.112173 0.113115 0.00116224
7 0.440194 0.685572 0.111654 0.112259 0.00116035
5 0.1914 0.685281 0.112596 0.112003 0.00115585
10 0.687762 0.313441 0.111241 0.113146 0.00115477
10 0.687923 0.933763 0.109447 0.112296 0.00113861
0 0.68829 0.933428 0.112096 0.11252 0.00113165
0 0.688245 0.809956 0.113567 0.112989 0.00111815
5 0.686764 0.437488 0.114713 0.111213 0.00109153
13 0.0667501 0.436844 0.111837 0.111388 0.0010809
3 0.0665492 0.933855 0.11504 0.114206 0.00108071
11 0.439731 0.934141 0.112553 0.112657 0.00107353
6 0.936516 0.436958 0.113419 0.112395 0.00106657
4 0.439933 0.561554 0.112312 0.111879 0.00106186
5 0.191121 0.560998 0.111847 0.111376 0.0010586
11 0.935942 0.810065 0.110923 0.113813 0.00105601
3 0.0672572 0.809539 0.113592 0.112728 0.00105258
8 0.0671739 0.313313 0.11165 0.111993 0.00103293
8 0.935911 0.313505 0.111908 0.112256 0.00103173
7 0.687787 0.313237 0.111121 0.111071 0.00103154
0 0.688197 0.561658 0.111152 0.112771 0.00103039
11 0.315879 0.809772 0.112081 0.112495 0.00102635
13 0.936039 0.685433 0.112727 0.112673 0.00102387
3 0.440205 0.80948 0.111746 0.11264 0.00102323
3 0.935804 0.934158 0.112643 0.11237 0.00101992
8 0.688299 0.685881 0.112082 0.11192 0.00101808
1 0.0665078 0.685378 0.112039 0.112438 0.00100219
