3 0.439231 0.934027 0.112927 0.112562 0.987064
5 0.935685 0.933953 0.113033 0.11305 0.986845
9 0.190322 0.93357 0.112104 0.112238 0.986784
8 0.439923 0.809661 0.112285 0.112484 0.986047
4 0.564025 0.80976 0.111844 0.112674 0.985609
11 0.31489 0.933913 0.112247 0.1132 0.985403
4 0.0671136 0.685181 0.112284 0.111438 0.984915
6 0.316492 0.685715 0.11149 0.111705 0.984734
1 0.563823 0.933586 0.112192 0.113116 0.984318
8 0.68823 0.933504 0.112554 0.113761 0.984288
6 0.189858 0.0650729 0.112474 0.113109 0.984154
11 0.0661325 0.934298 0.113221 0.114461 0.983915
1 0.81165 0.933337 0.112089 0.112663 0.983693
10 0.440541 0.68557 0.112296 0.111673 0.983662
6 0.316339 0.561682 0.111704 0.112396 0.983644
4 0.314413 0.0651031 0.112257 0.112291 0.983619
11 0.315348 0.809645 0.111939 0.111552 0.983562
4 0.191735 0.561624 0.112066 0.111709 0.98343
1 0.190793 0.809097 0.113337 0.112196 0.983264
10 0.936612 0.80964 0.112804 0.110528 0.983048
10 0.315138 0.313084 0.113479 0.112163 0.982993
13 0.935779 0.0656058 0.112063 0.1125 0.982274
5 0.0665176 0.190063 0.112122 0.112704 0.982243
1 0.688066 0.808908 0.111801 0.112495 0.982195
9 0.0668551 0.561952 0.112949 0.112201 0.981942
11 0.19171 0.685682 0.112611 0.111512 0.981794
2 0.189998 0.189244 0.112922 0.113202 0.981389
2 0.190617 0.313732 0.112211 0.11271 0.981148
1 0.315405 0.437259 0.112121 0.111789 0.981112
0 0.19103 0.437321 0.11303 0.112504 0.98103
2 0.439677 0.56152 0.111866 0.113189 0.980971
7 0.562971 0.065064 0.111632 0.111914 0.980939
2 0.0666799 0.438127 0.11156 0.112372 0.980907
1 0.439015 0.064875 0.112042 0.112907 0.980666
0 0.812152 0.809226 0.112383 0.112264 0.980589
2 0.0662044 0.0652289 0.109528 0.112606 0.980435
10 0.563352 0.312697 0.112526 0.113966 0.979765
0 0.0665384 0.313873 0.111379 0.112832 0.979748
4 0.564091 0.561352 0.112915 0.113446 0.979716
9 0.563474 0.437528 0.11192 0.111944 0.97943
1 0.314414 0.188894 0.112429 0.111834 0.979307
1 0.811569 0.436987 0.113341 0.112581 0.979302
1 0.439099 0.312906 0.112569 0.113632 0.979063
0 0.439412 0.437536 0.111466 0.111781 0.978974
13 0.687587 0.561895 0.112523 0.112471 0.978883
1 0.564242 0.685811 0.112095 0.112614 0.978805
9 0.812101 0.313085 0.112731 0.112525 0.978701
9 0.936141 0.189151 0.110608 0.112208 0.97869
3 0.687449 0.188089 0.11154 0.111942 0.978615
8 0.936029 0.437406 0.113058 0.112782 0.978585
6 0.812118 0.561713 0.113223 0.113072 0.978452
8 0.936028 0.561944 0.113068 0.112216 0.978399
2 0.686978 0.437237 0.110575 0.111662 0.978383
1 0.563039 0.18841 0.112347 0.11281 0.978357
0 0.439107 0.188515 0.111302 0.1118 0.978258
8 0.687441 0.313153 0.112305 0.113092 0.978251
8 0.687293 0.68541 0.110945 0.111416 0.978242
1 0.687341 0.0640903 0.112728 0.112266 0.978188
4 0.936889 0.685487 0.113104 0.112622 0.978069
3 0.936377 0.313731 0.1115 0.1122 0.978004
2 0.812106 0.685751 0.112732 0.113032 0.977974
6 0.812903 0.188221 0.113505 0.113214 0.977818
0 0.0666085 0.809035 0.111673 0.113306 0.977547
0 0.811447 0.0652611 0.111455 0.110872 0.976692
2 0.688271 0.68528 0.113093 0.111528 0.00886408
2 0.68672 0.312418 0.112158 0.111888 0.00569
1 0.0663558 0.313337 0.11241 0.112239 0.00564947
1 0.0663704 0.808849 0.112171 0.112198 0.00530501
2 0.935761 0.561497 0.112725 0.111358 0.00454943
2 0.440312 0.809817 0.112438 0.112624 0.0043223
12 0.688104 0.561758 0.111765 0.111822 0.00422999
9 0.686604 0.188724 0.111966 0.111788 0.00415505
1 0.066562 0.438146 0.111855 0.112176 0.00407316
11 0.935536 0.933924 0.113031 0.114315 0.00403449
9 0.936044 0.313287 0.111462 0.113557 0.00396617
10 0.935978 0.933183 0.111938 0.111667 0.00396336
1 0.687033 0.437921 0.109262 0.111125 0.00394346
3 0.81279 0.188648 0.112945 0.112979 0.00376017
5 0.686599 0.437097 0.113263 0.111056 0.00370759
0 0.811601 0.933126 0.112717 0.112169 0.00349239
12 0.812257 0.313382 0.111244 0.112135 0.00345841
0 0.688079 0.0631771 0.112068 0.112115 0.00342991
8 0.688076 0.43723 0.110985 0.111946 0.003378
7 0.0666847 0.685146 0.113343 0.111935 0.00331755
1 0.564148 0.561759 0.112351 0.112768 0.00327378
3 0.3162 0.56131 0.112211 0.112812 0.00322624
0 0.813077 0.313554 0.111954 0.112484 0.00321749
3 0.189858 0.0650729 0.112474 0.113109 0.0031763
7 0.936221 0.68571 0.113098 0.111702 0.00311653
1 0.314864 0.0649513 0.111965 0.112618 0.00296847
12 0.93655 0.188915 0.111746 0.113081 0.00295721
3 0.31619 0.685432 0.111504 0.112234 0.00294974
5 0.315753 0.809655 0.113613 0.112859 0.00293609
0 0.563833 0.438054 0.113361 0.113757 0.00275882
3 0.812052 0.561678 0.112129 0.113289 0.00270299
12 0.936035 0.313324 0.111825 0.113085 0.00261602
1 0.563954 0.809073 0.11163 0.112399 0.00259847
2 0.688117 0.933482 0.112327 0.11341 0.00253851
2 0.936015 0.437222 0.112416 0.111774 0.00250453
1 0.440179 0.561437 0.112062 0.113689 0.00248029
5 0.191396 0.685723 0.113854 0.112724 0.00247902
1 0.936563 0.685727 0.112474 0.113056 0.00247795
2 0.936563 0.685727 0.112474 0.113056 0.00243033
5 0.811345 0.685564 0.114093 0.112062 0.00240006
8 0.813084 0.685747 0.109346 0.111649 0.00236002
1 0.191801 0.561792 0.112432 0.111885 0.00235989
12 0.687338 0.188437 0.111722 0.112295 0.00232405
0 0.688052 0.313282 0.113095 0.114632 0.00231289
0 0.935448 0.438126 0.111303 0.114951 0.00231274
12 0.563623 0.438053 0.110966 0.11258 0.00211284
3 0.687853 0.437531 0.112021 0.112379 0.00204889
0 0.563514 0.187658 0.112548 0.112831 0.00202476
12 0.0673941 0.561332 0.111897 0.113541 0.00202212
7 0.314807 0.0650885 0.112661 0.112238 0.0020181
2 0.564025 0.80976 0.111844 0.112674 0.0019399
7 0.688128 0.562058 0.112118 0.112166 0.00193865
4 0.5647 0.685925 0.111211 0.111454 0.00191731
5 0.0661775 0.93418 0.114604 0.11512 0.0019082
4 0.688218 0.808911 0.111106 0.110987 0.00187562
10 0.191548 0.685414 0.113018 0.111225 0.00185318
1 0.0670889 0.68553 0.112748 0.111691 0.00180198
1 0.190561 0.313572 0.112422 0.113142 0.00177952
1 0.812288 0.685532 0.11302 0.112463 0.00177123
0 0.688547 0.93305 0.114641 0.114319 0.00174901
8 0.066562 0.438146 0.111855 0.112176 0.0017435
8 0.315793 0.809593 0.112124 0.111873 0.00168274
4 0.564006 0.933527 0.112157 0.112702 0.00168131
4 0.563398 0.313094 0.112346 0.113892 0.00166311
4 0.439491 0.313243 0.112443 0.113243 0.00165883
8 0.315243 0.933787 0.112315 0.113649 0.00164441
0 0.688218 0.808911 0.111106 0.110987 0.00164336
0 0.439164 0.0645416 0.111399 0.113344 0.00164021
2 0.564148 0.561759 0.112351 0.112768 0.00161887
8 0.811393 0.313204 0.112208 0.112764 0.00161206
2 0.688308 0.809037 0.111696 0.111322 0.0016079
8 0.813067 0.809025 0.112223 0.113059 0.00159524
4 0.315173 0.31316 0.113092 0.11326 0.00154891
1 0.813177 0.188503 0.112335 0.114674 0.00153156
2 0.688147 0.188618 0.112742 0.112103 0.00152039
2 0.191675 0.561972 0.113813 0.112427 0.00150306
0 0.811797 0.436083 0.11393 0.112411 0.00147891
1 0.190155 0.189234 0.112412 0.113151 0.00147397
2 0.0666847 0.685146 0.113343 0.111935 0.00147074
4 0.811575 0.437253 0.11286 0.112773 0.00145341
4 0.315683 0.437475 0.112183 0.112061 0.00143428
4 0.314804 0.189068 0.112571 0.113309 0.00143149
0 0.936168 0.562233 0.112151 0.113256 0.0014262
6 0.564221 0.80928 0.111463 0.112062 0.00140887
1 0.439064 0.188074 0.111546 0.112138 0.00139157
10 0.0660253 0.189719 0.11131 0.112251 0.00138161
1 0.0662507 0.0650165 0.111245 0.113165 0.00136784
13 0.440392 0.685852 0.112185 0.111792 0.00136282
5 0.315339 0.933834 0.114059 0.114471 0.00135949
2 0.688041 0.0643122 0.111759 0.111753 0.00135118
10 0.93525 0.0653719 0.109485 0.110628 0.00134479
7 0.191446 0.561595 0.112383 0.111611 0.00133787
4 0.440094 0.685661 0.11321 0.112567 0.00133539
0 0.439419 0.312695 0.112224 0.113445 0.00131243
4 0.563126 0.188851 0.11166 0.113284 0.00130346
4 0.563344 0.0648292 0.112449 0.112601 0.00130306
4 0.191052 0.809066 0.112977 0.112631 0.00127171
11 0.687721 0.685167 0.111464 0.111935 0.00126901
0 0.067169 0.561388 0.112074 0.114263 0.00126774
1 0.439547 0.436972 0.112044 0.112596 0.00126762
3 0.0673941 0.561332 0.111897 0.113541 0.00125721
3 0.813071 0.312777 0.112073 0.111273 0.00125079
0 0.688264 0.68554 0.113282 0.112199 0.00125032
7 0.316339 0.561682 0.111704 0.112396 0.00124584
0 0.315568 0.437007 0.112815 0.112528 0.00124474
8 0.563584 0.437643 0.112029 0.111743 0.0012358
11 0.440308 0.810025 0.111533 0.112188 0.00122979
13 0.19171 0.685682 0.112611 0.111512 0.00122728
11 0.935779 0.0656058 0.112063 0.1125 0.0011961
9 0.812424 0.0647837 0.112287 0.112109 0.00119595
8 0.191721 0.685429 0.112623 0.111841 0.00118752
3 0.936216 0.189102 0.110613 0.112623 0.00113695
1 0.936344 0.313402 0.110781 0.11155 0.00113595
5 0.688172 0.188208 0.114069 0.111198 0.00113167
11 0.68672 0.312418 0.112158 0.111888 0.00112913
4 0.81165 0.933337 0.112089 0.112663 0.00111993
2 0.314413 0.0651031 0.112257 0.112291 0.00111397
3 0.0657994 0.065098 0.112901 0.11282 0.00111265
13 0.0661218 0.933955 0.112623 0.113767 0.00111263
10 0.315793 0.809593 0.112124 0.111873 0.00111163
3 0.812044 0.68582 0.112325 0.11151 0.00110109
5 0.0666375 0.437393 0.111981 0.112147 0.00109712
6 0.563358 0.0647693 0.112233 0.112084 0.00109025
0 0.191052 0.809066 0.112977 0.112631 0.00108319
7 0.81279 0.188648 0.112945 0.112979 0.00106523
13 0.56281 0.312741 0.111887 0.112459 0.00105771
6 0.563823 0.561506 0.11212 0.112646 0.00104831
0 0.936216 0.189102 0.110613 0.112623 0.00104727
0 0.563643 0.933481 0.111028 0.111867 0.00104614
3 0.563998 0.436726 0.111254 0.111181 0.00104385
2 0.563985 0.685803 0.110664 0.111711 0.00104163
1 0.19103 0.437321 0.11303 0.112504 0.00103055
7 0.936047 0.809492 0.113173 0.112104 0.00102413
8 0.0663244 0.0651672 0.111435 0.11293 0.00101983
0 0.31466 0.188712 0.112625 0.113391 0.00101027
4 0.439015 0.064875 0.112042 0.112907 0.00100891
7 0.315573 0.313504 0.112563 0.111643 0.00100451
13 0.314622 0.313069 0.111815 0.111959 0.00100291
