3 0.439543 0.933658 0.112392 0.112544 0.988165
9 0.439494 0.809543 0.111197 0.111288 0.987297
3 0.316043 0.685511 0.111131 0.111654 0.985618
12 0.19223 0.933568 0.109774 0.112331 0.985548
3 0.563517 0.064867 0.111317 0.112217 0.985279
6 0.315863 0.809518 0.110531 0.111476 0.985072
0 0.935881 0.933408 0.112566 0.111255 0.984828
9 0.687691 0.80965 0.112083 0.111934 0.984683
4 0.191546 0.809648 0.112582 0.112054 0.984347
8 0.81171 0.933751 0.113438 0.113288 0.984079
12 0.688171 0.933643 0.110706 0.112786 0.98399
1 0.563612 0.934066 0.112846 0.113163 0.983781
10 0.0672854 0.809456 0.112322 0.110644 0.98372
11 0.315008 0.065134 0.111088 0.112162 0.983512
6 0.56343 0.80932 0.111154 0.112241 0.983111
7 0.936021 0.685291 0.111936 0.110603 0.983006
1 0.31606 0.934108 0.111324 0.11249 0.982722
1 0.191431 0.561658 0.111097 0.111249 0.982593
5 0.0670265 0.189634 0.112842 0.112265 0.982565
13 0.315887 0.313312 0.111924 0.110654 0.982373
9 0.439365 0.18913 0.11147 0.112093 0.98217
8 0.191646 0.0651922 0.11244 0.113197 0.982018
10 0.0678047 0.31339 0.112776 0.110661 0.981861
13 0.0677285 0.437263 0.113253 0.111566 0.981767
12 0.191603 0.437486 0.11141 0.11091 0.981584
0 0.811847 0.809018 0.112304 0.112411 0.981375
8 0.315602 0.189678 0.112285 0.112019 0.981238
10 0.439285 0.437034 0.111425 0.111116 0.981226
11 0.19168 0.189161 0.111839 0.112687 0.981218
1 0.315419 0.437545 0.111807 0.111388 0.981168
3 0.936078 0.0654331 0.113074 0.112843 0.981084
6 0.191181 0.313044 0.111528 0.11192 0.980919
2 0.0671757 0.561719 0.11237 0.111947 0.98063
3 0.563558 0.189405 0.111828 0.111844 0.980615
13 0.0675207 0.685339 0.113695 0.111916 0.980602
0 0.31533 0.561355 0.111469 0.111387 0.980527
6 0.0669933 0.933966 0.113618 0.113745 0.980124
2 0.439347 0.312947 0.112129 0.112638 0.979822
4 0.563928 0.560833 0.112005 0.11246 0.979765
4 0.936714 0.80961 0.114328 0.113703 0.979599
0 0.191325 0.6848 0.112108 0.111211 0.979499
12 0.439692 0.0645501 0.111754 0.113163 0.979437
3 0.56372 0.437483 0.111751 0.112005 0.979296
5 0.687974 0.68523 0.111597 0.112632 0.979277
6 0.812463 0.561282 0.112384 0.111726 0.979271
1 0.439556 0.561429 0.112194 0.11276 0.979231
6 0.812441 0.685592 0.113003 0.11155 0.979229
0 0.0673723 0.0650273 0.111884 0.112562 0.979156
13 0.687499 0.064712 0.112626 0.111674 0.979154
13 0.564365 0.685362 0.112383 0.112569 0.979102
10 0.687709 0.188767 0.1119 0.112898 0.979067
9 0.811769 0.312777 0.111276 0.112703 0.978953
1 0.811855 0.188389 0.112035 0.111315 0.978873
12 0.687743 0.437079 0.11142 0.112183 0.978865
0 0.439297 0.685405 0.112271 0.112278 0.978781
10 0.687863 0.561006 0.112432 0.112792 0.978671
4 0.936374 0.436696 0.113402 0.112079 0.978465
5 0.687796 0.312901 0.11208 0.112907 0.97839
0 0.563145 0.313723 0.111213 0.111679 0.978275
0 0.935482 0.189021 0.110954 0.111411 0.977924
10 0.936403 0.312645 0.114096 0.114682 0.97787
2 0.936577 0.561365 0.113395 0.113834 0.977825
10 0.81202 0.436896 0.113103 0.113222 0.977825
0 0.811472 0.0654202 0.111372 0.11215 0.977085
1 0.192152 0.685143 0.112008 0.11203 0.00868296
4 0.811481 0.685383 0.113572 0.111631 0.00602555
3 0.811789 0.561043 0.112505 0.111962 0.00577648
1 0.563968 0.561217 0.111534 0.111413 0.00496418
1 0.93644 0.43688 0.113605 0.112639 0.00476943
3 0.563989 0.809649 0.111432 0.112129 0.00475606
11 0.564032 0.685289 0.111414 0.112335 0.00473177
1 0.06709 0.0641961 0.113639 0.113345 0.00472804
4 0.68812 0.561455 0.111735 0.113111 0.00468378
3 0.315793 0.809209 0.111211 0.111954 0.00440982
2 0.19188 0.0650233 0.111555 0.112712 0.00437944
1 0.191176 0.809481 0.112448 0.111994 0.00403453
3 0.191179 0.312681 0.11016 0.111297 0.00402523
3 0.0667138 0.561334 0.11522 0.111584 0.003927
3 0.811582 0.685476 0.113566 0.111698 0.00388298
3 0.0670587 0.933388 0.113876 0.113995 0.00372444
7 0.811511 0.685319 0.111982 0.112589 0.00369163
4 0.811411 0.561335 0.11238 0.111634 0.00365619
11 0.686796 0.313237 0.110117 0.110284 0.0036239
1 0.936879 0.809683 0.114272 0.113513 0.0036091
0 0.811701 0.188271 0.111561 0.111739 0.00351694
0 0.68822 0.809547 0.111748 0.11078 0.00345201
2 0.315806 0.189264 0.111506 0.111289 0.00344173
5 0.935751 0.312989 0.115118 0.113512 0.00342993
13 0.439297 0.437352 0.111533 0.111378 0.0033722
10 0.687943 0.933501 0.108574 0.112565 0.00330638
1 0.811966 0.0645019 0.110511 0.113035 0.00325257
12 0.687481 0.0648662 0.111194 0.111538 0.00323784
7 0.68812 0.561455 0.111735 0.113111 0.00312607
12 0.564 0.685225 0.110956 0.112056 0.00289268
5 0.688042 0.189025 0.113217 0.112653 0.00270636
12 0.935767 0.0652078 0.111186 0.112238 0.00264618
11 0.0666899 0.437673 0.114486 0.111773 0.00260738
12 0.0669507 0.685493 0.111845 0.112245 0.00258353
5 0.688084 0.561152 0.112431 0.111189 0.0025807
12 0.811787 0.31327 0.109317 0.111626 0.00253101
1 0.563713 0.312716 0.111253 0.11244 0.00250442
11 0.0668408 0.313249 0.112435 0.110805 0.00249376
0 0.563689 0.93416 0.11177 0.111959 0.00243784
7 0.0678242 0.436543 0.112464 0.113849 0.00243353
11 0.812297 0.933431 0.113813 0.113641 0.00243028
7 0.191942 0.313508 0.112159 0.111603 0.00237714
11 0.686753 0.561276 0.113935 0.111124 0.0023696
0 0.811927 0.313282 0.11074 0.111745 0.0023283
0 0.813194 0.934156 0.11102 0.113496 0.00232549
1 0.439319 0.313497 0.111288 0.111821 0.00229638
11 0.0674603 0.685567 0.11315 0.112663 0.00226994
5 0.93616 0.561408 0.113718 0.113991 0.00226389
12 0.0676248 0.436906 0.111823 0.112453 0.00225467
9 0.688342 0.0643488 0.112075 0.112668 0.0022308
8 0.68822 0.809547 0.111748 0.11078 0.00218506
2 0.688233 0.685189 0.1112 0.112955 0.00213685
7 0.811508 0.561202 0.110816 0.112439 0.00212983
3 0.688215 0.685352 0.111561 0.112949 0.00210096
4 0.0670587 0.933388 0.113876 0.113995 0.00208467
6 0.564241 0.561168 0.11166 0.11094 0.00208108
7 0.563597 0.809219 0.110461 0.111227 0.00206073
7 0.936341 0.436851 0.112672 0.111837 0.00203678
10 0.0666899 0.437673 0.114486 0.111773 0.00203587
9 0.935989 0.933702 0.111234 0.111683 0.00201304
0 0.439647 0.561145 0.112126 0.112368 0.00197153
11 0.811368 0.436725 0.112712 0.113391 0.00195418
7 0.688062 0.189211 0.112448 0.114069 0.00194152
12 0.68822 0.809547 0.111748 0.11078 0.00193378
6 0.935784 0.685468 0.112099 0.112844 0.0019072
5 0.067394 0.56099 0.112645 0.113788 0.00189787
5 0.811004 0.437251 0.11159 0.111678 0.0018912
0 0.191311 0.561151 0.111809 0.11177 0.00188038
11 0.687935 0.0653584 0.113313 0.11301 0.00187536
9 0.811414 0.933838 0.111609 0.110989 0.00187135
1 0.936562 0.561319 0.113222 0.113694 0.00185424
9 0.688305 0.9331 0.111485 0.111759 0.00184816
12 0.439629 0.933484 0.110775 0.111217 0.00184591
4 0.688062 0.189211 0.112448 0.114069 0.00184541
5 0.31616 0.685203 0.111852 0.111519 0.00182928
9 0.563713 0.189029 0.111282 0.112562 0.00179411
0 0.688096 0.437252 0.110785 0.11234 0.00178057
5 0.191422 0.809399 0.112482 0.11202 0.00177736
11 0.81139 0.312722 0.111243 0.113166 0.00176047
9 0.936117 0.312733 0.114243 0.112792 0.00175933
10 0.936817 0.809574 0.113763 0.112379 0.00172837
13 0.687332 0.188848 0.111597 0.111542 0.00172047
12 0.687685 0.189202 0.112158 0.111878 0.00171197
0 0.3156 0.437707 0.112369 0.112367 0.00169777
9 0.935882 0.189144 0.112793 0.112176 0.0016898
11 0.935699 0.3131 0.111539 0.111457 0.00168638
7 0.315863 0.809518 0.110531 0.111476 0.00167737
4 0.563577 0.437217 0.110983 0.11175 0.00167694
12 0.439701 0.437555 0.110231 0.111757 0.00167313
4 0.688233 0.685189 0.1112 0.112955 0.00162283
1 0.439825 0.685232 0.111105 0.111933 0.00161285
13 0.191387 0.189209 0.111712 0.111766 0.00160737
2 0.688181 0.313436 0.112396 0.112034 0.00158757
4 0.563593 0.189232 0.111798 0.112318 0.00158327
5 0.563998 0.188706 0.109903 0.110679 0.00157648
2 0.191176 0.809481 0.112448 0.111994 0.00156314
9 0.56445 0.438031 0.111875 0.111944 0.00154442
10 0.688181 0.313436 0.112396 0.112034 0.00153556
7 0.936436 0.80981 0.113338 0.11238 0.00151832
0 0.316083 0.93424 0.111838 0.112602 0.0015153
4 0.935767 0.0652078 0.111186 0.112238 0.00150468
9 0.811872 0.437267 0.113441 0.111837 0.00150273
2 0.563905 0.436633 0.112283 0.112805 0.00148661
12 0.935795 0.685655 0.112664 0.113073 0.00148328
11 0.0670687 0.808744 0.112839 0.110813 0.00147512
8 0.936241 0.561279 0.113408 0.112153 0.0014338
4 0.43972 0.561601 0.111692 0.111823 0.00143165
6 0.936229 0.0652178 0.11236 0.112676 0.00143111
8 0.811787 0.31327 0.109317 0.111626 0.00142485
10 0.0666917 0.189287 0.112979 0.113538 0.00141115
3 0.687889 0.436554 0.110344 0.112304 0.00140841
1 0.315566 0.561063 0.111913 0.111843 0.0014063
10 0.191375 0.437407 0.110774 0.111032 0.00139356
3 0.688045 0.313369 0.111577 0.113295 0.00136985
0 0.688337 0.933102 0.112038 0.112224 0.00136937
6 0.686653 0.438115 0.113021 0.112064 0.00136143
4 0.811565 0.188876 0.111592 0.110763 0.00135201
12 0.688052 0.561154 0.11265 0.111439 0.00134648
4 0.688045 0.313369 0.111577 0.113295 0.00133351
12 0.56445 0.438031 0.111875 0.111944 0.00132635
12 0.315241 0.313506 0.111441 0.111491 0.00132342
12 0.811673 0.436942 0.113714 0.112281 0.00130999
5 0.936447 0.809457 0.112775 0.111823 0.00128009
2 0.936817 0.809574 0.113763 0.112379 0.00127872
9 0.0670643 0.313434 0.112979 0.110782 0.00127802
4 0.935937 0.685167 0.112423 0.112151 0.00127005
11 0.686858 0.188851 0.11236 0.11229 0.00125662
0 0.439518 0.189294 0.111221 0.111265 0.00124406
7 0.686697 0.437663 0.110283 0.112333 0.00123975
10 0.191434 0.189233 0.111052 0.112241 0.00123332
7 0.439725 0.436618 0.110482 0.112759 0.00122419
1 0.811847 0.809018 0.112304 0.112411 0.00122047
1 0.0672597 0.561228 0.112563 0.111424 0.00122017
12 0.440118 0.809557 0.111767 0.111702 0.00119183
13 0.0673423 0.313607 0.112329 0.112442 0.00117714
10 0.688233 0.685189 0.1112 0.112955 0.00115896
1 0.191179 0.312681 0.11016 0.111297 0.00115826
11 0.191646 0.0651922 0.11244 0.113197 0.00114208
5 0.191851 0.189648 0.111544 0.111511 0.0011419
4 0.315652 0.437342 0.111387 0.111664 0.00113349
2 0.812232 0.93387 0.112678 0.113545 0.0011219
5 0.563905 0.436633 0.112283 0.112805 0.00110563
7 0.0674649 0.313617 0.112563 0.111872 0.00110185
10 0.0674603 0.685567 0.11315 0.112663 0.00109151
4 0.191179 0.312681 0.11016 0.111297 0.00107496
11 0.687754 0.809396 0.111211 0.111246 0.00106588
13 0.687562 0.561115 0.111526 0.11156 0.001064
2 0.563663 0.189471 0.110914 0.111387 0.00106271
4 0.191496 0.561353 0.110647 0.111164 0.00105815
5 0.936614 0.065043 0.112784 0.112886 0.00105684
3 0.936241 0.561279 0.113408 0.112153 0.0010542
5 0.439621 0.933196 0.111333 0.112834 0.00104371
4 0.315793 0.809209 0.111211 0.111954 0.0010435
6 0.5641 0.437997 0.1117 0.111591 0.00104244
1 0.563267 0.0653627 0.111363 0.111818 0.00103974
9 0.0674115 0.809233 0.112639 0.110548 0.00103608
12 0.935593 0.436877 0.111635 0.111526 0.0010306
1 0.0670587 0.933388 0.113876 0.113995 0.00102276
13 0.936116 0.313151 0.111698 0.114835 0.00101932
13 0.811066 0.437514 0.111654 0.111739 0.00101832
12 0.56337 0.189328 0.110915 0.112215 0.0010087
7 0.0677549 0.685328 0.113573 0.11411 0.00100774
8 0.0669195 0.561372 0.112804 0.11182 0.00100694
9 0.315628 0.685154 0.11155 0.111721 0.00100452
2 0.688055 0.809525 0.110595 0.11122 0.0010033
13 0.81139 0.312722 0.111243 0.113166 0.00100018
