7 0.439763 0.809621 0.111133 0.111564 0.985622
5 0.440791 0.685576 0.110304 0.111692 0.985152
3 0.811535 0.933972 0.113418 0.114063 0.985113
6 0.438855 0.0649631 0.111761 0.112846 0.98449
4 0.563824 0.809437 0.111408 0.112636 0.98443
5 0.687827 0.809311 0.11147 0.112438 0.984335
11 0.563249 0.933896 0.11127 0.113482 0.98432
5 0.0678958 0.685681 0.11099 0.111793 0.984298
7 0.687723 0.933711 0.111885 0.113717 0.98428
1 0.190605 0.809277 0.113304 0.111857 0.984196
10 0.191783 0.561767 0.11278 0.112129 0.98412
13 0.315759 0.685328 0.111794 0.112824 0.984016
13 0.19044 0.0652787 0.113602 0.114605 0.983844
13 0.190629 0.189475 0.11349 0.114024 0.983767
11 0.439179 0.933863 0.111872 0.113968 0.983719
4 0.31532 0.933569 0.11268 0.113634 0.983515
4 0.067188 0.561881 0.112778 0.112112 0.983264
9 0.811764 0.809683 0.112902 0.112633 0.983176
11 0.315283 0.437566 0.111638 0.112113 0.983128
7 0.191686 0.685727 0.112101 0.111973 0.983076
7 0.314785 0.189391 0.113255 0.11246 0.982844
6 0.191286 0.437591 0.11202 0.112381 0.98266
5 0.191511 0.9334 0.111228 0.113047 0.982379
13 0.314298 0.0653813 0.11187 0.113395 0.982361
7 0.439317 0.437312 0.112729 0.112215 0.982358
3 0.0670384 0.437997 0.111867 0.112761 0.982327
6 0.0665214 0.189725 0.111339 0.112009 0.982259
9 0.0666482 0.933483 0.113036 0.113348 0.982026
2 0.0667291 0.313664 0.110715 0.111087 0.98149
1 0.190577 0.313437 0.11267 0.112883 0.981484
2 0.31506 0.313379 0.112233 0.112223 0.981412
12 0.0662028 0.0651635 0.112222 0.113815 0.981297
11 0.935596 0.933454 0.112894 0.113641 0.980708
0 0.315701 0.809267 0.112529 0.111821 0.98067
12 0.563547 0.188258 0.111954 0.113197 0.979788
0 0.315405 0.561353 0.112614 0.111747 0.979613
13 0.687323 0.561441 0.112242 0.113136 0.979595
9 0.687327 0.312998 0.112354 0.112262 0.979573
4 0.562878 0.0646719 0.111473 0.112757 0.979447
11 0.563479 0.561326 0.111517 0.114438 0.979328
7 0.56319 0.437546 0.112391 0.112177 0.979282
12 0.440222 0.561247 0.111754 0.113238 0.979246
13 0.812053 0.313112 0.11339 0.113415 0.979239
4 0.811911 0.436981 0.112972 0.112574 0.979082
12 0.936105 0.561484 0.113461 0.11278 0.979072
2 0.687888 0.685549 0.111989 0.112166 0.97889
4 0.812361 0.685304 0.112737 0.112208 0.97884
11 0.438661 0.188897 0.111679 0.114214 0.978732
3 0.935538 0.437531 0.114779 0.114135 0.978624
11 0.935713 0.685621 0.113024 0.113409 0.978543
4 0.935839 0.0650962 0.112352 0.112833 0.978261
0 0.562786 0.313167 0.111791 0.11344 0.977977
5 0.812714 0.187864 0.11359 0.113319 0.977908
0 0.687721 0.188031 0.112869 0.113478 0.97789
5 0.687419 0.43676 0.111794 0.113191 0.977744
6 0.812562 0.0646385 0.113868 0.113424 0.977732
11 0.936577 0.313028 0.112643 0.11417 0.977599
0 0.936838 0.188625 0.111568 0.112527 0.977305
8 0.93629 0.809584 0.11205 0.111725 0.977165
8 0.43926 0.31318 0.111417 0.112637 0.977161
0 0.0665 0.809146 0.111235 0.112704 0.977033
8 0.687741 0.0646102 0.11053 0.110787 0.976926
8 0.563873 0.686081 0.11173 0.111882 0.976906
8 0.811183 0.56157 0.111007 0.111631 0.976378
2 0.68813 0.0643612 0.110529 0.111283 0.0156061
1 0.066312 0.809084 0.112057 0.111857 0.0104327
2 0.81153 0.561343 0.111117 0.112407 0.00982986
2 0.688147 0.808829 0.111607 0.113642 0.0088585
2 0.439602 0.313548 0.111603 0.11302 0.00822551
2 0.563973 0.685903 0.111566 0.112154 0.00743272
12 0.687292 0.313246 0.110838 0.112209 0.00590872
2 0.935913 0.809848 0.112509 0.111339 0.00545134
10 0.936363 0.312834 0.111537 0.11381 0.00537077
5 0.936137 0.685448 0.11152 0.113797 0.00500421
10 0.439316 0.933785 0.111301 0.111668 0.00478968
10 0.936059 0.933115 0.112164 0.11337 0.00410523
11 0.811764 0.188477 0.112609 0.113049 0.00399564
11 0.190884 0.933109 0.11223 0.112395 0.00387419
1 0.563314 0.0644546 0.111411 0.113089 0.00366996
1 0.811493 0.436977 0.112675 0.113299 0.00356985
7 0.936104 0.0646364 0.109295 0.110592 0.00346295
6 0.563553 0.189256 0.111161 0.1136 0.00338957
1 0.563061 0.312623 0.11199 0.113096 0.00333606
12 0.811549 0.809724 0.111484 0.112477 0.00332613
1 0.0668394 0.561207 0.113845 0.112746 0.0033012
6 0.0662028 0.0651635 0.112222 0.113815 0.00329825
3 0.811549 0.809724 0.111484 0.112477 0.00326861
1 0.315697 0.561188 0.112304 0.112908 0.00320674
2 0.688047 0.436803 0.112437 0.112786 0.00318961
9 0.936045 0.685988 0.111527 0.112521 0.0030679
11 0.189897 0.0654935 0.112474 0.113292 0.00299769
6 0.0673294 0.438123 0.113163 0.113159 0.00287837
0 0.687979 0.312674 0.111425 0.113243 0.00286433
4 0.191783 0.561767 0.11278 0.112129 0.00279957
1 0.31547 0.933704 0.113024 0.114308 0.00278619
1 0.936453 0.064948 0.111182 0.113385 0.00275965
0 0.935569 0.561761 0.114387 0.113231 0.00273886
1 0.811908 0.685505 0.112923 0.112375 0.00272558
2 0.8131 0.18829 0.113384 0.114588 0.00268923
11 0.686767 0.436931 0.111359 0.111178 0.00268425
10 0.935517 0.685644 0.112954 0.112841 0.00265428
10 0.812605 0.685523 0.111136 0.113039 0.00265096
12 0.811704 0.933768 0.111933 0.113017 0.00260681
7 0.811707 0.684789 0.112598 0.113575 0.00254934
0 0.81311 0.809288 0.114133 0.111518 0.00253516
11 0.936189 0.80982 0.111921 0.111326 0.00252603
3 0.191086 0.437394 0.113543 0.112912 0.00248581
3 0.686669 0.313178 0.111839 0.112422 0.00236683
1 0.564136 0.809567 0.112226 0.112282 0.00235338
9 0.813087 0.934028 0.111398 0.111038 0.00234866
3 0.812562 0.0646385 0.113868 0.113424 0.00231246
9 0.935584 0.933595 0.111164 0.112075 0.00231139
8 0.68825 0.68543 0.110761 0.11164 0.00229973
13 0.191442 0.561424 0.111529 0.11174 0.00228754
1 0.191138 0.436923 0.109507 0.10961 0.00228024
1 0.688027 0.187454 0.112278 0.112973 0.00224333
3 0.688149 0.685173 0.110536 0.112317 0.00221037
8 0.563802 0.93287 0.111869 0.113145 0.00220375
2 0.811493 0.436977 0.112675 0.113299 0.00219344
10 0.811662 0.437361 0.111596 0.113527 0.00219084
13 0.315283 0.437566 0.111638 0.112113 0.00214771
10 0.438804 0.189048 0.110659 0.112523 0.00209234
6 0.439953 0.561498 0.111742 0.112936 0.00206244
3 0.8131 0.18829 0.113384 0.114588 0.00206146
3 0.0665214 0.189725 0.111339 0.112009 0.00202681
3 0.0666659 0.68535 0.113545 0.113093 0.00200889
11 0.811337 0.56148 0.112622 0.11294 0.00199995
5 0.93631 0.31277 0.111729 0.113214 0.00198789
7 0.191532 0.438068 0.112596 0.111867 0.00197641
4 0.687505 0.933546 0.112669 0.112996 0.00197065
12 0.936372 0.438096 0.112278 0.113924 0.00195063
2 0.0668394 0.561207 0.113845 0.112746 0.00192281
4 0.440129 0.80947 0.110925 0.111186 0.00192275
2 0.936453 0.064948 0.111182 0.113385 0.00190637
13 0.439672 0.933916 0.112425 0.113457 0.0019043
13 0.93547 0.933518 0.113104 0.113391 0.00189447
3 0.315312 0.313434 0.112051 0.113112 0.00189387
5 0.438814 0.189177 0.112074 0.112552 0.001888
13 0.438814 0.189177 0.112074 0.112552 0.00187456
10 0.811793 0.188379 0.115239 0.113919 0.00185352
6 0.563974 0.436635 0.110068 0.113039 0.00184265
5 0.935596 0.933454 0.112894 0.113641 0.00184245
10 0.190428 0.189665 0.112153 0.112518 0.00183921
6 0.439706 0.436611 0.109826 0.113146 0.0018102
7 0.562974 0.0646992 0.111168 0.11194 0.00179666
9 0.936372 0.438096 0.112278 0.113924 0.00179064
11 0.564265 0.685875 0.111529 0.113528 0.00177852
13 0.563679 0.933919 0.111895 0.11292 0.00174339
10 0.316752 0.437849 0.109899 0.110145 0.00173286
6 0.936184 0.438062 0.1128 0.113492 0.00173098
5 0.563438 0.561469 0.111247 0.113272 0.00172019
11 0.68812 0.809019 0.111971 0.113204 0.00168754
4 0.191686 0.685727 0.112101 0.111973 0.00166447
6 0.811666 0.685098 0.114203 0.112832 0.00166094
1 0.688236 0.685395 0.111939 0.112817 0.00165752
10 0.563438 0.561469 0.111247 0.113272 0.00164915
10 0.687289 0.437307 0.111197 0.111566 0.0016438
2 0.0675926 0.438155 0.112473 0.112599 0.00160717
1 0.315749 0.809227 0.112027 0.112277 0.00159623
1 0.066893 0.313576 0.111251 0.112295 0.00158692
4 0.563759 0.43761 0.112162 0.112659 0.00158357
1 0.315418 0.313749 0.111233 0.111461 0.00157299
2 0.813087 0.934028 0.111398 0.111038 0.00157127
3 0.439478 0.0649241 0.112374 0.113037 0.00156535
11 0.438921 0.313398 0.111865 0.111749 0.00156141
6 0.811638 0.93354 0.113109 0.112466 0.00155287
11 0.314298 0.0653813 0.11187 0.113395 0.00154328
1 0.813142 0.0644622 0.110525 0.112216 0.0015424
4 0.439803 0.437777 0.112591 0.112853 0.00152803
5 0.688236 0.685395 0.111939 0.112817 0.00152497
6 0.936202 0.561607 0.112482 0.112593 0.00152012
11 0.687693 0.0647356 0.111967 0.11258 0.00148215
13 0.935517 0.685644 0.112954 0.112841 0.00147243
10 0.314869 0.0651393 0.111516 0.111831 0.00145577
12 0.315711 0.685338 0.111953 0.112472 0.00145523
12 0.0667316 0.933404 0.112902 0.113803 0.00145324
4 0.190578 0.313864 0.112763 0.113012 0.00145158
3 0.0663563 0.313749 0.11252 0.112233 0.00144427
11 0.190134 0.189761 0.112237 0.113189 0.00142184
12 0.0675926 0.438155 0.112473 0.112599 0.00141907
3 0.688047 0.436803 0.112437 0.112786 0.00140876
0 0.563841 0.188686 0.112514 0.113835 0.00140447
6 0.811322 0.436627 0.112966 0.112136 0.00140319
1 0.439123 0.0649419 0.110909 0.112396 0.0013823
10 0.19085 0.933183 0.112637 0.112659 0.00137745
12 0.686855 0.933516 0.110785 0.112461 0.00137009
5 0.563679 0.933919 0.111895 0.11292 0.00136683
10 0.936339 0.0647502 0.11132 0.113479 0.00135994
4 0.688147 0.808829 0.111607 0.113642 0.00135497
7 0.315345 0.933365 0.112381 0.113091 0.00135444
3 0.439807 0.561317 0.111689 0.113922 0.00134877
5 0.439672 0.933916 0.112425 0.113457 0.0013486
3 0.68812 0.809019 0.111971 0.113204 0.00134783
12 0.686652 0.5613 0.11013 0.112261 0.00133364
7 0.811949 0.313812 0.11306 0.113808 0.00131773
10 0.563824 0.809437 0.111408 0.112636 0.00130081
7 0.811401 0.436286 0.112403 0.113336 0.00130059
10 0.811534 0.313221 0.114233 0.114349 0.00129864
2 0.812064 0.685299 0.112244 0.11302 0.00129176
6 0.936306 0.0643881 0.111955 0.112229 0.00129157
4 0.190857 0.809239 0.112788 0.112328 0.00129043
1 0.811976 0.933525 0.112138 0.112866 0.00125987
2 0.936372 0.438096 0.112278 0.113924 0.00125757
13 0.563747 0.561403 0.111021 0.112284 0.00123214
7 0.0666862 0.560991 0.11224 0.112584 0.00122164
13 0.93572 0.313633 0.113671 0.113714 0.00120785
10 0.19048 0.0649827 0.111654 0.112278 0.00120313
4 0.8131 0.18829 0.113384 0.114588 0.00120116
0 0.688131 0.0647952 0.110855 0.112452 0.00120071
1 0.0668404 0.189357 0.112105 0.112372 0.00119981
3 0.936163 0.561061 0.1124 0.113408 0.00118437
2 0.936045 0.685988 0.111527 0.112521 0.00118262
8 0.0663563 0.313749 0.11252 0.112233 0.00117071
10 0.688213 0.932819 0.113698 0.113892 0.00116796
8 0.314997 0.436615 0.108995 0.11222 0.00114866
0 0.440187 0.561602 0.111989 0.113375 0.00114746
6 0.0664723 0.561523 0.112124 0.11231 0.00114018
7 0.563826 0.809277 0.111325 0.111971 0.00112158
1 0.936805 0.188395 0.111472 0.113059 0.00108672
9 0.43924 0.933861 0.111253 0.112027 0.00108302
0 0.190857 0.809239 0.112788 0.112328 0.00107867
6 0.688213 0.932819 0.113698 0.113892 0.00107666
10 0.562878 0.0646719 0.111473 0.112757 0.00104343
0 0.936388 0.809822 0.11047 0.111361 0.00103916
12 0.563731 0.436498 0.110516 0.112389 0.00103615
9 0.936569 0.189152 0.11152 0.1135 0.0010319
10 0.56318 0.933434 0.110368 0.113529 0.00102923
8 0.563443 0.560897 0.110575 0.112955 0.00101964
0 0.190577 0.313437 0.11267 0.112883 0.00100533
8 0.439426 0.932888 0.112714 0.113285 0.0010032
