9 0.315567 0.561428 0.111361 0.113252 0.985751
10 0.315445 0.93374 0.111778 0.113114 0.985368
6 0.563716 0.809297 0.111808 0.11282 0.98528
4 0.563698 0.934104 0.112705 0.114035 0.985108
0 0.936048 0.93328 0.112491 0.111365 0.984827
7 0.0666473 0.064812 0.113876 0.113338 0.98474
7 0.687837 0.933843 0.112472 0.114095 0.984073
10 0.191322 0.933393 0.111542 0.112934 0.983709
13 0.315128 0.685446 0.111722 0.112618 0.983648
3 0.439213 0.68536 0.113389 0.113322 0.9836
3 0.0669132 0.189323 0.111896 0.113405 0.983547
0 0.439521 0.933495 0.112464 0.113405 0.98349
5 0.0671124 0.437769 0.112546 0.112194 0.982841
10 0.0672035 0.561548 0.112686 0.112674 0.982831
11 0.439758 0.810179 0.110829 0.11113 0.982597
1 0.811927 0.933692 0.111702 0.112664 0.982266
6 0.315391 0.312824 0.111801 0.112661 0.982197
4 0.439469 0.312996 0.11316 0.113539 0.982114
13 0.19163 0.561672 0.11112 0.112391 0.981985
13 0.563631 0.0648455 0.112447 0.114016 0.98195
11 0.0668494 0.313731 0.112583 0.111749 0.981755
9 0.0674735 0.934204 0.112391 0.113745 0.981752
2 0.190874 0.188742 0.112144 0.112703 0.981593
1 0.190874 0.313184 0.111909 0.111719 0.98142
13 0.439409 0.561475 0.112655 0.111603 0.981152
1 0.190967 0.0642262 0.112057 0.11348 0.981086
1 0.315053 0.43736 0.111626 0.111564 0.981072
1 0.687725 0.809429 0.111606 0.112843 0.980638
0 0.191265 0.437157 0.112225 0.111859 0.980524
0 0.315309 0.809425 0.112368 0.112399 0.980476
1 0.439523 0.0649478 0.111822 0.113284 0.980452
1 0.31479 0.188804 0.11214 0.111723 0.980368
13 0.687467 0.0646261 0.111673 0.111637 0.980199
12 0.81225 0.810017 0.112696 0.112675 0.980138
11 0.439443 0.437009 0.112311 0.111584 0.980094
6 0.563865 0.313266 0.112349 0.11275 0.979847
12 0.936549 0.809835 0.111702 0.111304 0.979721
11 0.563592 0.188783 0.111451 0.112665 0.979561
12 0.687341 0.68549 0.111868 0.111408 0.979437
13 0.687434 0.189078 0.112615 0.112976 0.979381
8 0.31515 0.0646113 0.111461 0.111816 0.979206
1 0.81208 0.437079 0.112923 0.112928 0.978999
6 0.812378 0.188753 0.112325 0.112463 0.97868
12 0.687776 0.313487 0.11204 0.111944 0.978668
12 0.812305 0.312981 0.11239 0.112729 0.978655
0 0.811868 0.561329 0.112429 0.112677 0.978606
5 0.811743 0.685809 0.111967 0.1125 0.97838
7 0.687663 0.56154 0.112278 0.113257 0.978368
2 0.563431 0.56117 0.112357 0.114187 0.978325
0 0.439293 0.18885 0.111904 0.112938 0.97819
2 0.687406 0.437383 0.111645 0.111713 0.978183
2 0.936186 0.561777 0.111879 0.112694 0.97785
8 0.0674095 0.685548 0.112007 0.112255 0.977841
0 0.936083 0.188833 0.112743 0.11152 0.977647
8 0.564 0.685174 0.111797 0.113522 0.97762
7 0.936557 0.437138 0.113402 0.11364 0.977594
2 0.936354 0.685776 0.112665 0.113325 0.977582
0 0.812047 0.0645122 0.112447 0.113249 0.977556
8 0.0674805 0.809813 0.112126 0.111986 0.977436
8 0.936286 0.0653732 0.111816 0.112598 0.977269
8 0.563493 0.437564 0.111571 0.111653 0.977163
8 0.191172 0.809467 0.111455 0.111107 0.977036
2 0.936704 0.312817 0.113004 0.113753 0.976924
8 0.191246 0.685313 0.11193 0.112338 0.976712
2 0.191006 0.685556 0.111477 0.112136 0.0273151
2 0.563819 0.436926 0.111481 0.112099 0.0178145
2 0.19126 0.809494 0.112799 0.112687 0.0161234
2 0.314896 0.0644716 0.112067 0.113029 0.0126961
2 0.0668125 0.685326 0.114873 0.113456 0.011275
2 0.563908 0.685371 0.111365 0.111721 0.0109154
2 0.0669222 0.809499 0.114463 0.113328 0.00934914
6 0.687948 0.313725 0.110596 0.11229 0.00840633
3 0.0670407 0.933652 0.11407 0.113734 0.00650522
12 0.686745 0.561603 0.110691 0.112926 0.00644966
13 0.937439 0.436525 0.11243 0.113428 0.00571363
2 0.935989 0.0652019 0.111795 0.113216 0.00507867
4 0.0668688 0.561284 0.114885 0.112754 0.00451537
1 0.936238 0.313236 0.111636 0.114527 0.00427145
1 0.687354 0.437886 0.110018 0.111282 0.00416965
0 0.811729 0.933046 0.113144 0.113125 0.00402127
5 0.439492 0.436956 0.111897 0.111834 0.00396421
0 0.812101 0.43643 0.112723 0.112259 0.00365572
10 0.06654 0.313487 0.112055 0.111166 0.00364099
5 0.686825 0.437355 0.11475 0.111732 0.00352037
5 0.439935 0.81023 0.111995 0.111859 0.00347694
1 0.811892 0.560729 0.112179 0.112446 0.0034415
5 0.936255 0.312701 0.113501 0.114499 0.00336288
7 0.439515 0.31314 0.111484 0.11196 0.00334499
1 0.439886 0.313169 0.112624 0.114083 0.00308102
12 0.936073 0.437165 0.113902 0.114304 0.00304554
5 0.563913 0.189436 0.111242 0.111468 0.00300235
7 0.439865 0.561266 0.111343 0.112858 0.00298343
1 0.5635 0.933705 0.111733 0.112631 0.00298249
0 0.688099 0.809025 0.110906 0.111362 0.00295295
5 0.936034 0.685803 0.113788 0.114743 0.00266996
1 0.439577 0.188953 0.112224 0.112817 0.00266102
6 0.686746 0.561505 0.113145 0.112257 0.00245459
0 0.190967 0.0642262 0.112057 0.11348 0.00245054
1 0.812291 0.0641688 0.111173 0.113589 0.00241467
6 0.688108 0.685643 0.112022 0.111308 0.00239394
0 0.43941 0.0643205 0.11175 0.114043 0.00230123
1 0.563514 0.561216 0.112522 0.113442 0.00227965
5 0.936085 0.561381 0.11359 0.114613 0.00225912
1 0.936392 0.685806 0.112505 0.113104 0.00219992
3 0.563925 0.561141 0.112246 0.11289 0.00218254
13 0.191537 0.933576 0.111244 0.11164 0.00214999
12 0.439581 0.561145 0.112049 0.112315 0.00214166
3 0.564154 0.809056 0.111577 0.112729 0.00208037
4 0.687676 0.933563 0.112937 0.114129 0.00206486
1 0.936442 0.561487 0.113099 0.113906 0.00204003
12 0.191465 0.561057 0.111332 0.111554 0.00202042
11 0.563518 0.437179 0.111819 0.112338 0.00199206
12 0.314978 0.685412 0.111916 0.112232 0.0019818
7 0.811604 0.810155 0.112483 0.113359 0.00195344
4 0.563925 0.561141 0.112246 0.11289 0.00193356
0 0.190982 0.313322 0.110507 0.112075 0.00193334
2 0.688183 0.809207 0.112368 0.112541 0.00193141
3 0.812076 0.188657 0.111652 0.112709 0.00192721
4 0.93652 0.436739 0.113771 0.112997 0.00190447
0 0.936256 0.064872 0.111854 0.112776 0.00189135
11 0.563702 0.685085 0.111638 0.111768 0.00189037
13 0.0669671 0.561392 0.112992 0.112699 0.00187072
4 0.315969 0.933986 0.111599 0.113187 0.0018335
5 0.0674666 0.313478 0.112947 0.111176 0.00182932
10 0.191272 0.561201 0.111933 0.112805 0.00182264
8 0.688108 0.437255 0.111451 0.113001 0.0018168
3 0.813125 0.685776 0.113087 0.113878 0.00181579
12 0.0677656 0.933956 0.113184 0.112431 0.00179884
2 0.813125 0.685776 0.113087 0.113878 0.00174496
10 0.813012 0.809303 0.11183 0.112662 0.00174047
4 0.191322 0.933393 0.111542 0.112934 0.00173563
1 0.31534 0.809385 0.112309 0.112894 0.00172469
12 0.686827 0.934097 0.110819 0.1129 0.00172387
3 0.315465 0.313158 0.111152 0.113084 0.00171353
7 0.564125 0.0649827 0.112729 0.113876 0.00168687
0 0.314863 0.188511 0.112232 0.112956 0.00166682
7 0.0670254 0.560902 0.11336 0.113629 0.00166143
1 0.190812 0.189158 0.111858 0.11241 0.00163259
3 0.563943 0.312801 0.112068 0.112884 0.00163004
11 0.811546 0.685908 0.112949 0.111031 0.00161961
1 0.19128 0.436805 0.112577 0.112025 0.00160024
9 0.439684 0.437663 0.111282 0.111498 0.00159668
7 0.31573 0.933352 0.113339 0.113136 0.00157867
11 0.191109 0.685272 0.111579 0.111115 0.00156616
13 0.06654 0.313487 0.112055 0.111166 0.00154672
5 0.191289 0.188986 0.111872 0.112099 0.00154076
3 0.066866 0.436361 0.112839 0.111908 0.0015281
0 0.315216 0.437338 0.112415 0.112402 0.00152799
12 0.315982 0.560846 0.111615 0.113239 0.00152078
7 0.687654 0.18943 0.113011 0.113473 0.00149762
2 0.813103 0.932903 0.111953 0.113505 0.00149523
10 0.439689 0.436833 0.111199 0.111371 0.00149405
13 0.315299 0.933716 0.11182 0.111326 0.00148938
3 0.936126 0.561433 0.112853 0.112069 0.00147787
3 0.936059 0.685795 0.112703 0.11159 0.00147579
3 0.315982 0.560846 0.111615 0.113239 0.00146661
7 0.191543 0.933182 0.113076 0.113182 0.00145002
3 0.687859 0.437014 0.112282 0.112262 0.00144861
5 0.563551 0.561569 0.112808 0.112887 0.00139282
12 0.0668339 0.188209 0.112522 0.113032 0.00137036
12 0.68668 0.189247 0.110658 0.111755 0.00135168
3 0.19067 0.188935 0.112708 0.11322 0.00131426
13 0.688247 0.933254 0.114595 0.115095 0.00131015
9 0.936024 0.189252 0.112254 0.112515 0.0013086
7 0.936109 0.809577 0.111264 0.113942 0.0012841
1 0.439286 0.685525 0.11196 0.112392 0.00127952
12 0.191737 0.933524 0.112284 0.113744 0.0012787
11 0.191172 0.809467 0.111455 0.111107 0.00126812
10 0.439523 0.561034 0.112154 0.113448 0.00123737
6 0.936979 0.437916 0.111354 0.114577 0.00121622
4 0.688099 0.809025 0.110906 0.111362 0.00120827
3 0.688148 0.313014 0.111006 0.11198 0.00115509
4 0.688088 0.56171 0.112353 0.113372 0.00114932
9 0.936144 0.933662 0.111668 0.111863 0.00114137
11 0.067695 0.809778 0.112912 0.114115 0.00113443
6 0.439286 0.685525 0.11196 0.112392 0.00112914
2 0.439886 0.313169 0.112624 0.114083 0.00112821
7 0.811572 0.313354 0.111604 0.113322 0.00111204
3 0.936339 0.312642 0.112235 0.114418 0.00110184
0 0.315982 0.560846 0.111615 0.113239 0.00109742
7 0.315522 0.685474 0.111627 0.11197 0.00109063
12 0.812291 0.0641688 0.111173 0.113589 0.0010906
13 0.68684 0.561209 0.111103 0.11268 0.00108255
6 0.936336 0.809615 0.111834 0.111624 0.00108007
12 0.686702 0.0649292 0.109542 0.110382 0.00107579
9 0.439741 0.809957 0.111494 0.111944 0.00106545
4 0.315121 0.189115 0.112399 0.113208 0.00105484
6 0.811957 0.313845 0.112973 0.11215 0.00105027
0 0.688119 0.313474 0.110918 0.113115 0.00104651
11 0.0675354 0.685277 0.112942 0.1151 0.00104464
7 0.564246 0.934033 0.112652 0.112448 0.00104377
0 0.688205 0.685681 0.11201 0.112319 0.00104011
0 0.81307 0.81006 0.110218 0.111559 0.00103819
3 0.811604 0.810155 0.112483 0.113359 0.00103801
6 0.811604 0.810155 0.112483 0.113359 0.00102422
7 0.6883 0.0638608 0.112011 0.113851 0.00102332
0 0.813031 0.313407 0.109321 0.111713 0.00100779
4 0.315255 0.437715 0.11217 0.112387 0.00100392
