9 0.315807 0.933928 0.110978 0.113026 0.987622
12 0.564096 0.933873 0.110967 0.113022 0.986234
9 0.0669682 0.685444 0.112277 0.112136 0.985948
12 0.316014 0.809461 0.111362 0.112175 0.985809
5 0.314784 0.065646 0.110442 0.111077 0.985555
7 0.439556 0.0653019 0.110939 0.111435 0.985353
2 0.439323 0.809863 0.111813 0.112181 0.985352
7 0.191519 0.685693 0.111108 0.111439 0.984843
7 0.315657 0.561917 0.112195 0.112421 0.984764
12 0.439828 0.685376 0.110924 0.111762 0.984582
4 0.563707 0.809768 0.111738 0.111906 0.984413
10 0.192127 0.809317 0.111328 0.111194 0.984304
4 0.191934 0.933596 0.110568 0.111471 0.984009
13 0.688021 0.93395 0.112389 0.112545 0.983998
5 0.563202 0.0656098 0.110404 0.11205 0.983665
5 0.0670723 0.56223 0.112002 0.11193 0.983569
6 0.190951 0.06462 0.111781 0.112634 0.983561
5 0.315863 0.438063 0.111672 0.112133 0.983206
12 0.315405 0.31299 0.112077 0.111837 0.982879
5 0.0648795 0.0655611 0.111952 0.11137 0.982771
12 0.0671748 0.437451 0.112247 0.111364 0.982618
9 0.811812 0.934225 0.111308 0.111929 0.982562
12 0.0656128 0.312971 0.111768 0.111146 0.98254
1 0.936506 0.809442 0.112635 0.111959 0.982475
7 0.1909 0.189193 0.114033 0.112296 0.982205
2 0.0669619 0.933793 0.113475 0.113883 0.982197
10 0.687822 0.80961 0.111452 0.111868 0.982174
13 0.190674 0.313322 0.113907 0.111882 0.982082
1 0.191353 0.561755 0.111865 0.112649 0.981863
8 0.439316 0.934013 0.112383 0.113076 0.981591
2 0.935805 0.933979 0.112143 0.112095 0.981044
4 0.687969 0.065033 0.111088 0.112244 0.981015
11 0.0653441 0.18844 0.112284 0.111773 0.980981
11 0.191477 0.437164 0.111793 0.112061 0.980422
11 0.563616 0.685299 0.110268 0.110965 0.980217
9 0.439669 0.561454 0.111033 0.112048 0.980165
12 0.687843 0.685261 0.11118 0.111686 0.97993
6 0.564174 0.561474 0.112284 0.1129 0.979907
6 0.563731 0.189195 0.11153 0.112878 0.979639
4 0.563837 0.313038 0.112675 0.112548 0.979614
6 0.4396 0.189122 0.111994 0.112831 0.979521
8 0.31515 0.189335 0.112971 0.112185 0.979299
13 0.0671949 0.809331 0.113273 0.111869 0.979287
11 0.43957 0.437221 0.112203 0.112628 0.979162
5 0.563444 0.437485 0.111926 0.112151 0.979026
10 0.68791 0.561119 0.112246 0.11255 0.979016
12 0.687703 0.313418 0.111759 0.111533 0.978787
10 0.812243 0.561209 0.112481 0.112572 0.978746
8 0.811924 0.809693 0.111829 0.112637 0.978617
6 0.812424 0.18912 0.112263 0.112506 0.978386
5 0.687746 0.437155 0.112474 0.112623 0.978373
12 0.936497 0.561343 0.112795 0.112488 0.978362
12 0.8127 0.685242 0.111953 0.112356 0.978321
1 0.93634 0.0644394 0.11411 0.114235 0.978141
12 0.936266 0.312731 0.112354 0.111659 0.97805
5 0.93654 0.437017 0.11314 0.112238 0.977975
8 0.439259 0.313358 0.111548 0.112266 0.977937
2 0.812367 0.437236 0.11262 0.11317 0.977874
8 0.812066 0.313048 0.111999 0.112148 0.977818
8 0.316024 0.685349 0.112268 0.11246 0.977729
0 0.811884 0.0646276 0.112023 0.113076 0.977506
2 0.936288 0.685678 0.112514 0.112555 0.977437
2 0.936235 0.189056 0.112608 0.112853 0.977142
8 0.687653 0.189353 0.111272 0.111941 0.976447
10 0.935828 0.437161 0.111058 0.111697 0.0146409
2 0.315244 0.685608 0.112187 0.112099 0.00861972
1 0.811938 0.437973 0.10976 0.11233 0.00617207
7 0.191865 0.933561 0.11211 0.112239 0.00522836
2 0.687941 0.188717 0.112044 0.112961 0.00519378
2 0.439323 0.312961 0.110888 0.112321 0.00489227
0 0.813142 0.93293 0.110785 0.111315 0.00450468
5 0.192109 0.437916 0.113059 0.111226 0.00412799
4 0.688175 0.561551 0.11108 0.112321 0.00362256
2 0.812694 0.808996 0.112399 0.112937 0.00357114
1 0.564093 0.312929 0.112403 0.112337 0.00335709
5 0.935923 0.933649 0.113214 0.113506 0.00330458
2 0.811707 0.313158 0.111235 0.112492 0.00328835
2 0.688087 0.437476 0.113296 0.111554 0.00326616
5 0.811549 0.437422 0.113166 0.111946 0.00325923
3 0.439328 0.189118 0.111179 0.113 0.00322531
2 0.439523 0.934036 0.11219 0.112933 0.00317538
1 0.688267 0.0643482 0.112131 0.113303 0.0031261
8 0.813116 0.933736 0.110386 0.112278 0.00308842
5 0.935952 0.189172 0.113899 0.113105 0.00305733
5 0.440344 0.438022 0.113565 0.111107 0.00297581
0 0.936142 0.0643434 0.112676 0.113898 0.00295914
10 0.19106 0.436809 0.111325 0.110873 0.00286259
1 0.812154 0.0642296 0.11081 0.113355 0.00284116
6 0.8119 0.685547 0.112105 0.111382 0.00280365
5 0.936048 0.685699 0.113252 0.11369 0.00273831
2 0.315103 0.188895 0.111359 0.112064 0.00268619
1 0.191873 0.933822 0.112056 0.11264 0.00262181
1 0.564072 0.809782 0.112531 0.112103 0.00259375
7 0.687823 0.0648425 0.111356 0.111396 0.00259254
4 0.688329 0.809726 0.112886 0.112927 0.00256997
3 0.439804 0.561512 0.111352 0.112106 0.00254867
7 0.563934 0.56117 0.113219 0.113021 0.00249996
9 0.439668 0.437799 0.111499 0.111814 0.00247265
3 0.936172 0.68576 0.112693 0.111161 0.00243068
4 0.812097 0.561462 0.110567 0.112675 0.0023867
6 0.191865 0.933561 0.11211 0.112239 0.00238406
12 0.440148 0.561298 0.111582 0.112882 0.0023764
3 0.563319 0.189295 0.11107 0.11336 0.00236655
0 0.93667 0.809378 0.111819 0.112354 0.00231967
6 0.687763 0.313083 0.112364 0.111612 0.0023037
10 0.065148 0.189304 0.112085 0.111193 0.00227994
3 0.812 0.18931 0.11191 0.11334 0.00223654
1 0.936371 0.685722 0.112251 0.112461 0.00222302
12 0.19085 0.313074 0.111089 0.111295 0.0022146
10 0.439904 0.436943 0.111736 0.111373 0.00208674
10 0.68767 0.43751 0.11131 0.111714 0.00207786
5 0.0653441 0.18844 0.112284 0.111773 0.00203876
3 0.812042 0.437161 0.112456 0.111813 0.00203188
3 0.688087 0.437476 0.113296 0.111554 0.00201948
6 0.687602 0.685501 0.112175 0.111542 0.0019998
11 0.81154 0.809541 0.110901 0.111857 0.00199649
6 0.06654 0.437139 0.113378 0.111199 0.00198874
8 0.813073 0.43758 0.109626 0.112052 0.00192895
2 0.563989 0.313123 0.111445 0.112831 0.00189531
10 0.564099 0.685427 0.110054 0.110844 0.00189442
10 0.687414 0.93347 0.110069 0.111604 0.00186764
4 0.563555 0.437872 0.111319 0.111269 0.00182287
12 0.0671705 0.685389 0.113017 0.113684 0.00181541
4 0.687599 0.437955 0.110752 0.110283 0.00178277
3 0.0664508 0.933686 0.114789 0.113659 0.00177915
3 0.190904 0.0650622 0.112627 0.113237 0.00177184
11 0.0665949 0.809375 0.11305 0.111851 0.00174875
11 0.688089 0.189327 0.112862 0.113898 0.0016852
12 0.066646 0.809168 0.111995 0.11173 0.00167096
7 0.811618 0.685704 0.110678 0.113041 0.00163681
3 0.563555 0.437872 0.111319 0.111269 0.00163123
10 0.0666693 0.809868 0.112462 0.112272 0.00162022
5 0.811448 0.561353 0.111895 0.111484 0.00161681
1 0.43986 0.809541 0.112643 0.112767 0.00160375
7 0.688175 0.561551 0.11108 0.112321 0.00157717
1 0.936247 0.933522 0.1129 0.113367 0.0015372
1 0.936384 0.188976 0.112556 0.112472 0.0015371
0 0.439757 0.31365 0.111046 0.111477 0.00153603
4 0.315639 0.437876 0.112382 0.110466 0.00153054
9 0.811539 0.809769 0.111348 0.11275 0.00151783
0 0.812075 0.313547 0.111013 0.111583 0.00149457
5 0.687997 0.809662 0.111607 0.111513 0.00149305
2 0.687969 0.065033 0.111088 0.112244 0.001459
0 0.191209 0.561347 0.112136 0.11286 0.00144457
3 0.439323 0.809863 0.111813 0.112181 0.001429
13 0.190391 0.189345 0.112693 0.112198 0.00141798
4 0.44039 0.0649825 0.1104 0.11227 0.00141366
12 0.811619 0.561493 0.113228 0.112289 0.00140563
3 0.564332 0.561303 0.111922 0.112622 0.00139557
11 0.688061 0.43748 0.113587 0.113225 0.00137172
7 0.688329 0.809726 0.112886 0.112927 0.00135908
4 0.936506 0.809442 0.112635 0.111959 0.00135577
8 0.564099 0.685427 0.110054 0.110844 0.00133734
5 0.563972 0.68536 0.110831 0.111137 0.00132989
5 0.0667643 0.933498 0.112927 0.112323 0.00132911
5 0.688137 0.561325 0.111153 0.111825 0.00132891
3 0.0665237 0.685354 0.113905 0.111596 0.0012927
2 0.563454 0.0651136 0.112371 0.112092 0.00129245
0 0.688089 0.189327 0.112862 0.113898 0.00129167
12 0.811522 0.933945 0.111243 0.111885 0.00129125
1 0.066961 0.933531 0.114218 0.113141 0.00128237
12 0.812154 0.0642296 0.11081 0.113355 0.00128149
0 0.440148 0.561298 0.111582 0.112882 0.00127966
6 0.563588 0.809363 0.111731 0.112247 0.00126345
3 0.935693 0.189665 0.112458 0.112299 0.00125852
4 0.936487 0.437875 0.111881 0.111 0.00124065
3 0.315639 0.437876 0.112382 0.110466 0.00124028
2 0.564222 0.437952 0.113073 0.112473 0.00124008
11 0.56343 0.0652687 0.112477 0.112678 0.00122821
11 0.93584 0.437242 0.111262 0.11128 0.00121614
13 0.936345 0.313345 0.110534 0.112086 0.00120938
7 0.439735 0.189251 0.112276 0.113094 0.00120164
0 0.68821 0.685204 0.112766 0.112275 0.0012011
3 0.0667718 0.561047 0.112728 0.112427 0.00120018
4 0.191353 0.561755 0.111865 0.112649 0.00118408
10 0.563989 0.313123 0.111445 0.112831 0.00117752
9 0.191341 0.437574 0.11161 0.111712 0.00117737
12 0.687841 0.56135 0.112223 0.111702 0.00117711
11 0.315108 0.436676 0.111287 0.109623 0.00117071
10 0.0670305 0.561164 0.112373 0.113308 0.00116756
2 0.563917 0.809386 0.110969 0.111185 0.00116434
12 0.68809 0.809922 0.11213 0.111303 0.0011581
11 0.563008 0.436592 0.111072 0.110112 0.00115055
11 0.440176 0.934136 0.112252 0.112511 0.001132
5 0.191537 0.809498 0.112257 0.111783 0.00113195
9 0.936345 0.313345 0.110534 0.112086 0.00113155
3 0.0671635 0.436516 0.111135 0.113542 0.00112964
12 0.316153 0.933954 0.113157 0.112119 0.0011242
3 0.936662 0.561074 0.112224 0.113195 0.00112108
11 0.811408 0.31284 0.109985 0.111986 0.0011185
0 0.688133 0.313301 0.111766 0.112293 0.00111168
7 0.811588 0.188915 0.110892 0.113486 0.00110471
7 0.190484 0.313656 0.11239 0.111988 0.00109514
13 0.065148 0.189304 0.112085 0.111193 0.00108334
7 0.190904 0.0650622 0.112627 0.113237 0.00108322
13 0.687863 0.561221 0.110965 0.111829 0.00105491
3 0.68815 0.312884 0.112057 0.112029 0.00104872
10 0.936573 0.313192 0.111063 0.111748 0.00104788
11 0.811524 0.560958 0.11163 0.112003 0.00103004
4 0.935839 0.0650119 0.112885 0.113273 0.00102449
10 0.0657243 0.313368 0.111404 0.110904 0.00102021
3 0.935949 0.933974 0.113185 0.112021 0.00100691
11 0.6882 0.809116 0.111385 0.111272 0.00100534
