7 0.439508 0.934185 0.112146 0.113684 0.986241
13 0.811923 0.809818 0.11257 0.113395 0.985856
2 0.563642 0.809822 0.113041 0.11307 0.985792
10 0.191852 0.809522 0.112045 0.112185 0.985752
6 0.315133 0.809556 0.112581 0.112657 0.985712
7 0.563914 0.934087 0.110798 0.113304 0.98562
9 0.439337 0.685503 0.11242 0.113308 0.985558
2 0.439235 0.809851 0.112601 0.112639 0.985226
11 0.0671158 0.809343 0.112633 0.113258 0.984649
3 0.439168 0.0648995 0.111986 0.113481 0.984631
10 0.687732 0.93402 0.112546 0.114632 0.984614
5 0.936649 0.809494 0.112051 0.112325 0.984375
7 0.315243 0.437259 0.112696 0.112065 0.983724
13 0.315548 0.313275 0.113319 0.113725 0.983708
6 0.191509 0.68544 0.111232 0.11144 0.9837
13 0.0672607 0.0651059 0.114955 0.115096 0.983632
13 0.19166 0.313389 0.112493 0.113683 0.983623
2 0.315439 0.685449 0.112561 0.112392 0.983589
9 0.191566 0.189103 0.111242 0.111975 0.983527
4 0.191685 0.933778 0.111639 0.112851 0.983324
9 0.191162 0.437258 0.112325 0.112896 0.983309
10 0.0670697 0.437622 0.113514 0.112102 0.983227
13 0.315432 0.0646873 0.113153 0.114698 0.983173
6 0.315245 0.18929 0.110985 0.112216 0.982918
13 0.191313 0.561254 0.11208 0.113463 0.982843
2 0.935795 0.934193 0.112474 0.112964 0.982706
7 0.812208 0.933875 0.111455 0.113616 0.982553
6 0.067357 0.561464 0.112392 0.112162 0.982378
12 0.3157 0.934113 0.110435 0.113062 0.982332
3 0.19161 0.0649481 0.111271 0.113521 0.982244
6 0.0671779 0.313322 0.112764 0.112734 0.982226
13 0.68801 0.0653493 0.11195 0.114245 0.98217
12 0.687901 0.810194 0.112856 0.113134 0.982041
5 0.9359 0.0650803 0.112513 0.113648 0.981886
1 0.0667755 0.188838 0.112872 0.112303 0.981886
3 0.0675213 0.934154 0.112628 0.114118 0.981804
2 0.315578 0.561413 0.112189 0.112881 0.981457
10 0.563865 0.685541 0.111833 0.113282 0.981419
4 0.936167 0.685458 0.112928 0.112667 0.981416
13 0.439311 0.560733 0.111908 0.111445 0.98117
10 0.439172 0.437281 0.11231 0.111922 0.980901
9 0.439749 0.188906 0.111337 0.112653 0.980419
3 0.439895 0.313333 0.111732 0.112926 0.98019
10 0.563686 0.561193 0.112371 0.113789 0.979868
13 0.687485 0.561384 0.112334 0.11335 0.979825
2 0.812295 0.0650257 0.112238 0.113238 0.979761
4 0.687941 0.68529 0.112519 0.112318 0.979634
12 0.563964 0.312684 0.11221 0.113222 0.979367
4 0.812296 0.561331 0.11293 0.112601 0.979322
1 0.812239 0.685213 0.113149 0.113138 0.97932
12 0.563959 0.0642606 0.112252 0.113818 0.979289
7 0.563786 0.437191 0.111702 0.113357 0.979245
4 0.687877 0.188679 0.112386 0.112779 0.979214
2 0.0671603 0.685278 0.11164 0.111917 0.979208
3 0.56357 0.189001 0.112655 0.112711 0.979043
6 0.688146 0.437032 0.112752 0.112017 0.978941
5 0.687853 0.312842 0.111986 0.113632 0.978494
6 0.812451 0.188824 0.112075 0.112493 0.978442
4 0.936802 0.561312 0.112977 0.112236 0.978422
7 0.936337 0.437019 0.112799 0.113051 0.978093
9 0.936322 0.313773 0.111369 0.11201 0.97798
5 0.812317 0.31272 0.112805 0.113298 0.97794
11 0.936288 0.188825 0.110734 0.111581 0.977573
8 0.812121 0.437064 0.111874 0.112995 0.976616
2 0.812162 0.436791 0.111415 0.112718 0.014156
7 0.191874 0.933546 0.111824 0.112292 0.0100418
4 0.0665105 0.437848 0.111928 0.11168 0.00979845
6 0.563847 0.313781 0.111115 0.113352 0.00946716
12 0.936434 0.313543 0.112003 0.112628 0.00685481
11 0.0665921 0.0652536 0.113949 0.113493 0.00646301
6 0.563809 0.0650926 0.111366 0.113943 0.00613938
5 0.93597 0.933946 0.112276 0.11404 0.00530482
12 0.811653 0.933712 0.111554 0.11311 0.00504081
12 0.192375 0.0645935 0.111699 0.112183 0.00475554
3 0.936245 0.313452 0.111783 0.113412 0.0047069
6 0.315702 0.934292 0.111774 0.113977 0.00455098
13 0.439326 0.437482 0.111039 0.111824 0.00374142
10 0.812434 0.561535 0.111239 0.113731 0.00361503
6 0.687901 0.810194 0.112856 0.113134 0.00350478
12 0.439794 0.0642257 0.111397 0.112145 0.00349261
4 0.563968 0.685615 0.112706 0.113028 0.00346729
5 0.935258 0.189176 0.11384 0.114092 0.00335635
10 0.936021 0.188872 0.112215 0.114163 0.00333567
1 0.811912 0.561357 0.112954 0.112971 0.00324857
1 0.687839 0.685459 0.113086 0.112368 0.00317192
12 0.191318 0.189147 0.112578 0.113009 0.00306305
12 0.439247 0.189137 0.112617 0.11269 0.00303663
5 0.811623 0.065064 0.112675 0.113008 0.00302082
11 0.811656 0.313054 0.112905 0.112848 0.0030153
7 0.687752 0.188967 0.11137 0.112101 0.00300541
4 0.19142 0.809099 0.112774 0.112818 0.00293158
3 0.687983 0.436809 0.113087 0.112716 0.00281533
4 0.563896 0.561586 0.112458 0.112887 0.00281059
1 0.811605 0.189341 0.112237 0.112725 0.00280462
12 0.439789 0.313138 0.111273 0.111766 0.002801
8 0.813061 0.0649226 0.109549 0.113324 0.00275801
3 0.812278 0.189231 0.112148 0.113519 0.00273953
1 0.687736 0.188943 0.113029 0.112504 0.00269166
12 0.191468 0.560858 0.111108 0.111816 0.00264919
1 0.936273 0.561335 0.112656 0.112494 0.00261379
4 0.439622 0.437727 0.113088 0.112716 0.00256275
6 0.191874 0.933546 0.111824 0.112292 0.00254062
3 0.315567 0.809616 0.111266 0.111873 0.00248632
7 0.687747 0.685597 0.111602 0.112161 0.00244862
2 0.936286 0.809202 0.1129 0.113771 0.00240711
13 0.191231 0.809444 0.111985 0.112399 0.00234845
4 0.936286 0.809202 0.1129 0.113771 0.00230019
10 0.687584 0.189034 0.111535 0.113071 0.00228864
6 0.811726 0.933297 0.111047 0.113557 0.00227244
1 0.813066 0.0644223 0.112846 0.112386 0.00225387
7 0.067487 0.31345 0.112764 0.113001 0.00215315
1 0.191484 0.933892 0.112918 0.114309 0.00214694
7 0.811692 0.560769 0.112569 0.113696 0.00209681
1 0.687983 0.436809 0.113087 0.112716 0.00209674
12 0.936045 0.437121 0.113349 0.114484 0.00208909
6 0.936042 0.436909 0.112594 0.114166 0.00208815
3 0.191509 0.68544 0.111232 0.11144 0.00206519
12 0.191254 0.436688 0.110708 0.112087 0.00205046
4 0.439692 0.933862 0.111956 0.11336 0.00204596
2 0.812989 0.684943 0.112375 0.113422 0.00204539
1 0.0673075 0.561323 0.113556 0.113343 0.00201732
4 0.563733 0.933723 0.110831 0.113001 0.00201342
7 0.935982 0.561556 0.111047 0.111607 0.00200823
4 0.812154 0.685149 0.112466 0.112284 0.00200258
5 0.439711 0.809538 0.112117 0.112398 0.00199429
12 0.439495 0.685512 0.112156 0.113655 0.00193767
3 0.936339 0.809276 0.112795 0.113588 0.00193619
11 0.687791 0.934039 0.112833 0.114068 0.00190885
11 0.314961 0.0651381 0.111871 0.113609 0.00190479
3 0.315439 0.685449 0.112561 0.112392 0.00189939
12 0.439296 0.560995 0.111686 0.112392 0.00189929
7 0.0663206 0.436472 0.111091 0.112286 0.00188019
2 0.687678 0.188716 0.111275 0.113347 0.00187689
3 0.315261 0.561365 0.113142 0.112663 0.00183611
1 0.191507 0.685622 0.111051 0.11176 0.00183087
7 0.935983 0.68557 0.111893 0.112566 0.0018147
1 0.936423 0.685341 0.112638 0.113786 0.00179232
9 0.688191 0.0645654 0.112424 0.114893 0.00179059
6 0.564263 0.437929 0.110348 0.112857 0.00178821
5 0.563832 0.809947 0.112497 0.111795 0.00177864
3 0.067357 0.561464 0.112392 0.112162 0.00176634
2 0.688122 0.313196 0.11307 0.113151 0.00176507
10 0.315369 0.0648245 0.111701 0.112313 0.00175833
1 0.0676171 0.31275 0.113732 0.113446 0.00173782
10 0.0670393 0.809119 0.112067 0.113886 0.00173735
4 0.563877 0.437621 0.112085 0.112712 0.00172921
3 0.439235 0.809851 0.112601 0.112639 0.00170556
0 0.688246 0.809593 0.112427 0.113228 0.00168941
0 0.812712 0.685136 0.111795 0.112301 0.00168172
4 0.81248 0.933557 0.110737 0.112628 0.00167329
10 0.687697 0.685453 0.112032 0.112832 0.00167037
4 0.316035 0.43795 0.110567 0.112812 0.00164209
13 0.687854 0.934129 0.111727 0.111752 0.00160762
11 0.688104 0.313168 0.113035 0.115006 0.00159793
10 0.936423 0.685341 0.112638 0.113786 0.00159775
3 0.315729 0.189338 0.111461 0.112356 0.00159545
4 0.936942 0.436433 0.111976 0.114188 0.00159276
1 0.315891 0.81013 0.111503 0.112362 0.001591
6 0.316035 0.43795 0.110567 0.112812 0.00158037
2 0.813031 0.313237 0.113612 0.114909 0.00156958
13 0.0671158 0.809343 0.112633 0.113258 0.00154045
12 0.563407 0.188738 0.111649 0.112464 0.00152809
3 0.936132 0.934094 0.113273 0.11337 0.00152651
10 0.688122 0.313196 0.11307 0.113151 0.00152586
3 0.563962 0.809366 0.111067 0.112731 0.00151881
7 0.688371 0.933872 0.113326 0.114366 0.00151068
12 0.688052 0.56101 0.111236 0.112649 0.00149617
0 0.0667755 0.188838 0.112872 0.112303 0.00149162
0 0.191161 0.438011 0.113497 0.11411 0.00148089
1 0.315976 0.189115 0.1117 0.1125 0.00147725
2 0.936444 0.561327 0.112547 0.113167 0.00145326
5 0.0670095 0.809191 0.113152 0.112973 0.00143836
3 0.0666076 0.685421 0.113869 0.112133 0.00141821
11 0.191251 0.313667 0.110472 0.112635 0.00141294
3 0.0671779 0.313322 0.112764 0.112734 0.00140414
6 0.811607 0.561258 0.114043 0.112176 0.00139764
10 0.0673453 0.0651887 0.11203 0.112779 0.00139645
13 0.563097 0.561319 0.111528 0.112251 0.00138384
7 0.563618 0.561571 0.111691 0.112416 0.00138213
1 0.315445 0.56106 0.112435 0.112949 0.00136947
12 0.191633 0.313007 0.110917 0.111796 0.00136884
2 0.811994 0.561348 0.112531 0.113402 0.00136229
12 0.563948 0.436509 0.110387 0.112395 0.00134239
3 0.439596 0.685668 0.112287 0.113283 0.00133467
10 0.936512 0.561534 0.11168 0.112669 0.00131813
13 0.935258 0.189176 0.11384 0.114092 0.00131035
5 0.688316 0.933698 0.112678 0.113951 0.0012841
1 0.439726 0.31306 0.111263 0.111958 0.00127565
9 0.935923 0.189182 0.11187 0.112682 0.00126495
7 0.56382 0.685604 0.111149 0.112218 0.00125509
11 0.812053 0.437628 0.111881 0.113108 0.0012512
11 0.93605 0.933932 0.111291 0.114974 0.00124807
10 0.811641 0.312937 0.114209 0.113242 0.00124495
13 0.0664715 0.436906 0.111724 0.111561 0.00123037
9 0.0671056 0.809013 0.111799 0.112295 0.00122914
3 0.19131 0.437583 0.110822 0.111148 0.00118282
4 0.0667305 0.189516 0.112967 0.11265 0.00117546
2 0.936423 0.685341 0.112638 0.113786 0.00116082
7 0.439225 0.437452 0.111823 0.112709 0.00116063
0 0.811381 0.437975 0.109222 0.112345 0.00115675
2 0.936351 0.0647107 0.113254 0.114332 0.0011494
4 0.812458 0.313206 0.112279 0.111929 0.00113858
13 0.563438 0.685643 0.111893 0.111935 0.00113653
1 0.563942 0.809389 0.112988 0.112505 0.00113495
10 0.687557 0.0645614 0.111122 0.112323 0.00113277
1 0.0667526 0.933777 0.112895 0.113243 0.00113097
4 0.688371 0.933872 0.113326 0.114366 0.00112449
3 0.316059 0.934143 0.113564 0.112894 0.00112258
1 0.439652 0.0643827 0.111766 0.112622 0.00112114
1 0.936229 0.933582 0.112849 0.113626 0.00112103
12 0.315536 0.436533 0.110471 0.111598 0.00111696
1 0.0670878 0.685125 0.112124 0.111248 0.00111321
2 0.687697 0.685453 0.112032 0.112832 0.00110445
1 0.439541 0.809304 0.113071 0.112731 0.00109254
10 0.811726 0.933297 0.111047 0.113557 0.00108473
1 0.315638 0.684822 0.112451 0.112704 0.00107382
4 0.688033 0.313281 0.11167 0.112313 0.00107148
3 0.813031 0.313237 0.113612 0.114909 0.00105898
10 0.191251 0.313667 0.110472 0.112635 0.00104467
1 0.191602 0.0644652 0.112143 0.112615 0.00104053
11 0.315285 0.313763 0.111717 0.113367 0.00102356
10 0.191484 0.933892 0.112918 0.114309 0.00102339
7 0.191215 0.80922 0.112275 0.112379 0.00102034
13 0.811726 0.933297 0.111047 0.113557 0.00101986
11 0.68801 0.0653493 0.11195 0.114245 0.00101782
5 0.191403 0.809494 0.112056 0.111741 0.0010164
0 0.191313 0.189193 0.112364 0.112927 0.00101101
4 0.9359 0.0650803 0.112513 0.113648 0.00100949
6 0.43977 0.313646 0.111605 0.111773 0.00100654
12 0.191429 0.933702 0.112717 0.113746 0.00100172
