2 0.439308 0.934067 0.112227 0.113062 0.985892
2 0.687882 0.934062 0.112078 0.112852 0.985698
6 0.315945 0.685383 0.11227 0.112455 0.985552
12 0.439839 0.809652 0.111388 0.112406 0.985429
4 0.563752 0.933793 0.111678 0.112736 0.985283
7 0.31494 0.0651763 0.111326 0.11136 0.984726
3 0.0669543 0.437504 0.11282 0.113677 0.984581
1 0.315478 0.933971 0.112147 0.111998 0.984424
0 0.936158 0.933357 0.112643 0.111219 0.984051
3 0.563036 0.065072 0.11226 0.113241 0.984046
12 0.0670443 0.933965 0.112837 0.113379 0.983925
2 0.315144 0.809867 0.11266 0.112264 0.983895
1 0.812514 0.933398 0.111925 0.112923 0.983446
5 0.19123 0.188671 0.111656 0.111496 0.983332
6 0.315407 0.188656 0.112415 0.112873 0.983199
3 0.687398 0.0651814 0.112616 0.113436 0.98301
13 0.93574 0.0656907 0.112414 0.112516 0.982724
12 0.812619 0.809566 0.111459 0.113055 0.98266
10 0.0679104 0.561547 0.111998 0.111429 0.982571
10 0.439588 0.437093 0.112535 0.11131 0.982148
13 0.191182 0.561571 0.112894 0.111566 0.981803
10 0.191708 0.313012 0.112779 0.112626 0.981774
10 0.68791 0.809709 0.111839 0.112033 0.981741
12 0.936121 0.685332 0.112055 0.111346 0.981555
11 0.0671769 0.685937 0.112759 0.112004 0.981545
2 0.315069 0.56144 0.112031 0.111648 0.981356
0 0.191632 0.933714 0.110917 0.11191 0.981063
13 0.563629 0.809452 0.111007 0.112015 0.980946
11 0.19153 0.437233 0.112025 0.112376 0.980892
2 0.191928 0.809422 0.111547 0.112639 0.98065
12 0.812625 0.065152 0.110844 0.112617 0.980583
8 0.936427 0.809804 0.111813 0.112251 0.980428
8 0.315213 0.437358 0.11262 0.112635 0.980189
11 0.563749 0.561072 0.11193 0.113433 0.979905
8 0.0669845 0.0646982 0.11224 0.113346 0.979851
4 0.564038 0.312851 0.112819 0.112691 0.979838
11 0.439206 0.312793 0.112335 0.112714 0.979755
8 0.191339 0.0652568 0.111095 0.111441 0.97968
13 0.439077 0.189374 0.111627 0.112122 0.979671
4 0.688168 0.56118 0.113066 0.112739 0.979436
1 0.563589 0.437182 0.112385 0.113496 0.979435
1 0.439434 0.561294 0.113186 0.11351 0.979316
13 0.687697 0.437263 0.112217 0.112265 0.979271
3 0.812066 0.685668 0.112108 0.11238 0.979252
11 0.563414 0.188832 0.111404 0.112921 0.979207
1 0.563954 0.685376 0.112082 0.112944 0.9792
8 0.191146 0.685422 0.111664 0.111062 0.979148
8 0.43914 0.0650896 0.112484 0.112786 0.979128
0 0.314913 0.312974 0.112705 0.111632 0.978918
11 0.811953 0.561377 0.112427 0.113312 0.978843
9 0.811998 0.189001 0.112123 0.112905 0.978811
0 0.439162 0.685599 0.111393 0.111796 0.978706
13 0.81204 0.43722 0.112544 0.112206 0.978629
13 0.687692 0.31321 0.112268 0.11217 0.978557
8 0.067483 0.189072 0.111913 0.112472 0.978493
12 0.812202 0.312918 0.112606 0.112188 0.978488
1 0.936022 0.561263 0.114411 0.113225 0.978455
5 0.687671 0.685282 0.112191 0.112096 0.978423
0 0.0670465 0.313063 0.1127 0.113285 0.978219
0 0.0673592 0.809687 0.112628 0.113008 0.978045
2 0.936424 0.437148 0.112854 0.113323 0.977656
8 0.935787 0.189226 0.111579 0.113065 0.977601
5 0.936269 0.312746 0.113168 0.112582 0.977597
8 0.687976 0.189059 0.111974 0.112546 0.977317
5 0.192085 0.437978 0.113046 0.110477 0.0120319
1 0.066759 0.31264 0.113228 0.112532 0.00956149
2 0.688199 0.189065 0.112687 0.112296 0.00808625
1 0.0670876 0.809599 0.112861 0.112297 0.00695151
12 0.811717 0.437192 0.111096 0.111418 0.0067902
2 0.439404 0.0647005 0.111158 0.113331 0.00648525
2 0.315826 0.436938 0.11167 0.112748 0.00589282
2 0.0663462 0.0647057 0.114492 0.112727 0.00498372
1 0.688298 0.561316 0.112099 0.111998 0.00440216
12 0.687857 0.437953 0.112712 0.110312 0.004153
2 0.191165 0.685525 0.112274 0.111689 0.00410657
2 0.936006 0.188886 0.111032 0.11246 0.00401976
5 0.811941 0.561273 0.112115 0.112176 0.00368543
1 0.935939 0.437897 0.109771 0.112768 0.0034883
0 0.812739 0.933668 0.110851 0.111382 0.0033802
1 0.31529 0.312736 0.112422 0.112755 0.00337112
4 0.688377 0.8098 0.113143 0.113285 0.00335519
1 0.564153 0.312866 0.112298 0.112132 0.00327752
10 0.811378 0.561484 0.109795 0.111566 0.00327622
7 0.688228 0.313442 0.113149 0.112921 0.003243
12 0.439372 0.188675 0.111616 0.112165 0.00321613
2 0.0669607 0.188779 0.111725 0.112281 0.00319276
3 0.315146 0.561382 0.112442 0.111536 0.00317106
2 0.936427 0.809804 0.111813 0.112251 0.00311609
3 0.813003 0.188932 0.112159 0.112301 0.00308041
1 0.564001 0.933828 0.112449 0.112934 0.00305999
12 0.688169 0.313398 0.112962 0.113327 0.0030352
2 0.190805 0.0649715 0.112771 0.112261 0.00300889
3 0.315945 0.685383 0.11227 0.112455 0.00296806
12 0.563708 0.809297 0.111153 0.111627 0.00289303
10 0.191263 0.436873 0.111444 0.110706 0.00285797
0 0.315027 0.438056 0.111631 0.113778 0.00284199
0 0.936336 0.560845 0.113582 0.112053 0.00282361
6 0.811609 0.685953 0.111642 0.112817 0.00275104
2 0.688151 0.685299 0.112179 0.112051 0.00268692
12 0.812133 0.188972 0.111683 0.112031 0.00253014
3 0.191195 0.80972 0.113182 0.112311 0.00249685
5 0.439654 0.313338 0.113565 0.111492 0.00246423
12 0.811609 0.685953 0.111642 0.112817 0.00245759
8 0.688599 0.933609 0.112851 0.112624 0.00236835
7 0.687831 0.561233 0.111889 0.112367 0.00235665
5 0.563554 0.188511 0.111039 0.112632 0.00235662
13 0.811459 0.06515 0.110988 0.112283 0.00233475
3 0.687976 0.933593 0.11165 0.112966 0.00230076
0 0.813003 0.189372 0.112042 0.113387 0.00226398
10 0.0674353 0.685261 0.114376 0.113428 0.00220811
11 0.688127 0.685517 0.112266 0.112232 0.00209222
9 0.813078 0.686146 0.112126 0.110452 0.0020286
2 0.564098 0.312985 0.111263 0.112845 0.00202664
2 0.813183 0.932489 0.111851 0.113424 0.00199708
3 0.315144 0.809867 0.11266 0.112264 0.00199059
1 0.43955 0.68518 0.111568 0.112194 0.0019684
9 0.191824 0.437896 0.112255 0.112263 0.00195579
4 0.191484 0.31309 0.111219 0.111717 0.0018653
3 0.936272 0.437044 0.11291 0.111676 0.00185283
3 0.315118 0.188962 0.111281 0.112462 0.00182169
1 0.688529 0.933557 0.113305 0.113155 0.00179851
5 0.688302 0.0649 0.112062 0.111835 0.00178691
8 0.563686 0.560841 0.11159 0.11237 0.00173921
0 0.936035 0.809377 0.111027 0.112669 0.00169246
1 0.439823 0.933553 0.11315 0.113517 0.0016665
10 0.439459 0.313673 0.1118 0.112607 0.00166408
12 0.191148 0.561206 0.11175 0.11175 0.00165189
4 0.439633 0.561429 0.112494 0.112591 0.00164662
7 0.688377 0.8098 0.113143 0.113285 0.00161597
10 0.687796 0.685589 0.111422 0.112064 0.00161563
1 0.315502 0.561322 0.112365 0.112652 0.00157511
0 0.563774 0.436642 0.111729 0.113166 0.00157489
5 0.68803 0.809675 0.112104 0.111974 0.00156464
4 0.440108 0.437417 0.11177 0.111792 0.00154536
9 0.686693 0.0652025 0.110565 0.112197 0.00154069
4 0.56397 0.685431 0.111678 0.111959 0.00153831
13 0.439489 0.437411 0.112078 0.111619 0.00153362
7 0.191705 0.313438 0.112573 0.11173 0.00152317
12 0.688129 0.810052 0.112454 0.111722 0.001515
4 0.563761 0.437452 0.112272 0.112506 0.00149329
10 0.191074 0.189108 0.112054 0.112206 0.00147708
10 0.563883 0.560977 0.112243 0.113126 0.00146247
2 0.813078 0.686146 0.112126 0.110452 0.00145942
5 0.935955 0.437061 0.113572 0.113835 0.00143205
7 0.315546 0.685644 0.113167 0.112297 0.0014054
11 0.563822 0.809632 0.11195 0.111936 0.00138135
5 0.0667067 0.685157 0.113201 0.111084 0.001359
13 0.0667067 0.685157 0.113201 0.111084 0.00134697
10 0.936015 0.313255 0.11085 0.111504 0.00134594
7 0.811459 0.06515 0.110988 0.112283 0.00133696
5 0.563941 0.561213 0.111658 0.112288 0.00133283
1 0.315669 0.809679 0.113042 0.112408 0.00132797
4 0.936252 0.313254 0.11241 0.11242 0.00128106
7 0.811596 0.810204 0.112178 0.113129 0.0012739
3 0.688127 0.685517 0.112266 0.112232 0.00126599
7 0.81151 0.312639 0.110832 0.113672 0.00126442
9 0.811297 0.561173 0.110284 0.110847 0.00125664
10 0.564098 0.312985 0.111263 0.112845 0.00125556
1 0.812066 0.685668 0.112108 0.11238 0.0012539
2 0.688269 0.0651714 0.11158 0.112165 0.00125376
1 0.687752 0.0651149 0.111856 0.112533 0.00125211
6 0.0673738 0.437981 0.114482 0.112795 0.00124187
7 0.812595 0.436512 0.111211 0.112255 0.0012368
9 0.0673738 0.437981 0.114482 0.112795 0.00122767
13 0.811419 0.313292 0.111379 0.112909 0.00122715
5 0.19131 0.8097 0.112119 0.111728 0.00121059
2 0.563752 0.933793 0.111678 0.112736 0.00121057
0 0.315518 0.933802 0.11146 0.112355 0.00120336
7 0.688199 0.437295 0.11162 0.111649 0.00119963
0 0.564077 0.685231 0.111937 0.112687 0.00119704
8 0.811428 0.189268 0.112219 0.113236 0.00119664
8 0.811297 0.561173 0.110284 0.110847 0.00117668
0 0.935951 0.188803 0.110986 0.111584 0.00117389
8 0.936821 0.436705 0.110704 0.11226 0.00116042
9 0.936294 0.933755 0.111267 0.111787 0.00115938
0 0.0675623 0.18924 0.111891 0.112984 0.00115673
11 0.688193 0.189357 0.113336 0.113449 0.00115103
12 0.687524 0.0649116 0.111335 0.111853 0.00114113
9 0.439457 0.313082 0.111574 0.11191 0.00113937
0 0.688193 0.189357 0.113336 0.113449 0.00113087
12 0.0676011 0.43802 0.113501 0.113058 0.00111575
10 0.563554 0.188511 0.111039 0.112632 0.00110913
13 0.19164 0.313165 0.111676 0.111758 0.00110633
4 0.315518 0.933802 0.11146 0.112355 0.00109727
13 0.811596 0.810204 0.112178 0.113129 0.00109704
4 0.936336 0.560845 0.113582 0.112053 0.00108577
2 0.688298 0.561316 0.112099 0.111998 0.0010855
1 0.191454 0.809636 0.113028 0.112066 0.00108525
0 0.439735 0.561251 0.113093 0.113162 0.00108354
8 0.439459 0.313673 0.1118 0.112607 0.00105422
9 0.0674602 0.933432 0.113508 0.112063 0.00103199
4 0.316045 0.0648014 0.111009 0.112378 0.00102988
6 0.812874 0.809117 0.111317 0.112094 0.00101651
4 0.687976 0.933593 0.11165 0.112966 0.00101209
10 0.935266 0.0651895 0.109801 0.111187 0.00100377
