9 0.315909 0.933768 0.110829 0.11296 0.987839
5 0.315262 0.809952 0.1112 0.111533 0.98621
11 0.439402 0.809536 0.110753 0.111056 0.985228
10 0.439912 0.933829 0.112757 0.113477 0.985207
6 0.0671251 0.685237 0.113382 0.11252 0.985159
13 0.81213 0.933703 0.111352 0.1116 0.984557
10 0.563965 0.933709 0.111602 0.112868 0.984346
9 0.563643 0.0651653 0.111289 0.113071 0.983837
6 0.0672179 0.561483 0.113623 0.11301 0.983832
5 0.315771 0.188811 0.111348 0.11175 0.983405
12 0.81187 0.809793 0.112115 0.112214 0.983303
10 0.192156 0.933571 0.111722 0.112595 0.983275
6 0.191346 0.188621 0.112155 0.112814 0.983152
5 0.0668714 0.313928 0.112576 0.112364 0.983075
9 0.936404 0.809669 0.112075 0.111462 0.98307
6 0.0664034 0.189249 0.113264 0.113008 0.982798
13 0.19115 0.561597 0.110651 0.11114 0.982752
12 0.0669365 0.437517 0.112452 0.110922 0.982615
13 0.315264 0.561686 0.111682 0.11175 0.982457
0 0.191244 0.685401 0.11217 0.111839 0.982239
0 0.688367 0.933531 0.112683 0.113282 0.982153
10 0.0675608 0.933811 0.112683 0.11255 0.981878
10 0.192214 0.0648384 0.11191 0.11143 0.981868
2 0.687475 0.0652539 0.110524 0.112168 0.981836
10 0.191671 0.312991 0.111997 0.112316 0.981748
8 0.563587 0.809746 0.112098 0.11226 0.981716
2 0.315362 0.437348 0.112823 0.11274 0.981709
8 0.935767 0.933511 0.112798 0.112156 0.981598
5 0.56381 0.685464 0.110374 0.111538 0.981273
10 0.687844 0.809694 0.111458 0.111619 0.981125
13 0.0666997 0.0654113 0.114006 0.113245 0.981036
6 0.439667 0.313349 0.113489 0.113061 0.980895
1 0.439464 0.0650577 0.111666 0.112955 0.980882
5 0.440114 0.685855 0.111298 0.111764 0.980757
0 0.19138 0.437543 0.112348 0.11251 0.980539
2 0.43943 0.437417 0.112236 0.112226 0.980103
0 0.315183 0.313523 0.112755 0.11208 0.979976
3 0.936096 0.685292 0.11348 0.11281 0.979676
0 0.315243 0.0641773 0.112121 0.112878 0.97967
5 0.56385 0.189106 0.111406 0.112111 0.979565
11 0.439673 0.56112 0.111876 0.112909 0.97952
9 0.687519 0.189204 0.111734 0.112418 0.979382
11 0.439729 0.188933 0.113779 0.113411 0.97924
13 0.0672882 0.809365 0.112884 0.111891 0.979185
3 0.687746 0.313485 0.111902 0.112299 0.97903
13 0.563766 0.43734 0.111861 0.112332 0.978946
10 0.688 0.561263 0.112231 0.112515 0.978943
13 0.812017 0.561682 0.112496 0.112333 0.978886
13 0.563792 0.313319 0.111999 0.112045 0.978874
8 0.315854 0.685212 0.112213 0.112611 0.978776
10 0.936619 0.0646628 0.112926 0.113298 0.978699
10 0.812393 0.188556 0.112199 0.112718 0.978696
1 0.812137 0.685149 0.113043 0.112882 0.978646
0 0.563823 0.561174 0.112078 0.113614 0.978645
12 0.812196 0.312864 0.113154 0.112579 0.978605
11 0.68788 0.437302 0.11223 0.112981 0.978582
13 0.936235 0.561591 0.112949 0.112032 0.978541
8 0.812042 0.0651212 0.112406 0.113029 0.978341
8 0.191178 0.809298 0.112185 0.111452 0.978312
8 0.688286 0.685547 0.112381 0.11279 0.977951
11 0.81223 0.437226 0.112292 0.1132 0.977915
1 0.936308 0.312743 0.114016 0.112703 0.977725
5 0.93649 0.188353 0.11289 0.112753 0.977674
3 0.936527 0.436913 0.113007 0.113222 0.977524
12 0.563853 0.437308 0.111161 0.111903 0.00946894
2 0.563851 0.809779 0.111804 0.111983 0.00877405
5 0.812626 0.437954 0.113021 0.111198 0.00746773
2 0.315073 0.685464 0.112179 0.112469 0.00708665
10 0.811598 0.43721 0.109729 0.111704 0.00684835
2 0.190976 0.809556 0.111815 0.112268 0.00549647
2 0.687838 0.685416 0.112406 0.111845 0.00546184
1 0.439514 0.437996 0.110732 0.111919 0.00540793
1 0.315417 0.437937 0.110748 0.11135 0.00460251
4 0.687844 0.809694 0.111458 0.111619 0.00439732
2 0.81198 0.064928 0.111338 0.113408 0.0042333
3 0.688182 0.189278 0.112329 0.113779 0.00417163
12 0.811513 0.932947 0.109578 0.109935 0.00414166
4 0.688211 0.56174 0.111219 0.112532 0.00407459
0 0.688146 0.189154 0.111828 0.113203 0.00375756
4 0.19146 0.31308 0.110481 0.111348 0.00371071
4 0.812087 0.189147 0.110925 0.112461 0.00363846
5 0.688374 0.437996 0.113609 0.111715 0.00358711
3 0.0671251 0.685237 0.113382 0.11252 0.0033678
10 0.935863 0.188584 0.111356 0.111855 0.00320831
10 0.811931 0.933466 0.109911 0.111982 0.00312175
3 0.935955 0.810175 0.111078 0.113176 0.00293893
12 0.0667986 0.809134 0.111444 0.111565 0.00281922
1 0.688146 0.0647317 0.110917 0.112126 0.002725
9 0.687598 0.437454 0.111108 0.111898 0.002632
3 0.0672179 0.561483 0.113623 0.11301 0.00260854
12 0.688146 0.189154 0.111828 0.113203 0.00258048
3 0.439869 0.313482 0.111284 0.113292 0.00257502
3 0.56377 0.0650135 0.111723 0.111839 0.00251797
8 0.688155 0.0650254 0.109416 0.112481 0.00244515
3 0.315399 0.43777 0.112316 0.111576 0.00237392
3 0.0662276 0.189157 0.11266 0.112599 0.00230615
12 0.935955 0.810175 0.111078 0.113176 0.00230327
0 0.936452 0.312912 0.112827 0.111546 0.00229752
2 0.935969 0.933775 0.112643 0.112722 0.00227616
12 0.191302 0.561195 0.11073 0.111007 0.00225554
10 0.688199 0.436781 0.111842 0.112478 0.00221622
0 0.813036 0.0653109 0.110223 0.113663 0.00220164
9 0.688172 0.313557 0.111167 0.112377 0.00218076
3 0.19102 0.18895 0.111496 0.112304 0.00213805
0 0.81256 0.685082 0.111254 0.112045 0.00210563
12 0.564077 0.0648383 0.112255 0.111893 0.00209977
4 0.563965 0.933709 0.111602 0.112868 0.00206018
9 0.439612 0.561382 0.110861 0.111444 0.00192705
10 0.439942 0.809566 0.110326 0.111114 0.00192487
9 0.935936 0.437216 0.112204 0.113368 0.00186489
5 0.43968 0.188577 0.111845 0.112334 0.00185946
12 0.68802 0.810033 0.112005 0.111258 0.00185019
0 0.43939 0.0644302 0.111405 0.113529 0.00181892
12 0.935912 0.437282 0.112309 0.113069 0.00180408
12 0.935872 0.0655785 0.112564 0.112737 0.00180058
7 0.191697 0.313398 0.112291 0.112108 0.00179563
1 0.31536 0.31288 0.11233 0.112554 0.00177184
11 0.0667716 0.809312 0.112878 0.111923 0.0017519
7 0.0667711 0.561057 0.113921 0.113429 0.00173107
12 0.812071 0.561309 0.112122 0.111995 0.00171854
5 0.439631 0.561279 0.111689 0.111883 0.00171411
9 0.811546 0.437476 0.111091 0.111978 0.00169345
11 0.688307 0.685578 0.112495 0.113059 0.0016913
7 0.688336 0.809814 0.112618 0.112989 0.00168218
4 0.812004 0.684984 0.112477 0.112008 0.00166143
1 0.315243 0.0641773 0.112121 0.112878 0.00164029
12 0.935857 0.561504 0.110865 0.11164 0.00163018
5 0.688146 0.0647317 0.110917 0.112126 0.00161129
9 0.439501 0.809617 0.111149 0.111825 0.00160934
5 0.68828 0.809625 0.111862 0.112503 0.00160655
7 0.564167 0.436628 0.111421 0.112728 0.00159712
10 0.4397 0.561101 0.111917 0.112602 0.00158794
7 0.688211 0.56174 0.111219 0.112532 0.00158727
2 0.688172 0.313557 0.111167 0.112377 0.00154867
12 0.811813 0.18949 0.112175 0.112401 0.00152237
13 0.936554 0.0649188 0.111304 0.111406 0.00150661
6 0.811557 0.685209 0.111034 0.113858 0.00150557
4 0.191172 0.0647297 0.111435 0.111294 0.00149803
3 0.687833 0.0643523 0.110297 0.112444 0.00149617
7 0.811492 0.31311 0.111913 0.113417 0.00146962
5 0.688168 0.561519 0.111119 0.111999 0.00146792
4 0.936423 0.313468 0.112194 0.113099 0.00146158
12 0.564112 0.933539 0.111283 0.11196 0.00146008
12 0.935883 0.685715 0.112488 0.113499 0.001451
7 0.811492 0.810068 0.112267 0.113242 0.00144537
3 0.439858 0.437744 0.112191 0.112613 0.00143746
12 0.563999 0.313057 0.111681 0.112336 0.00140874
12 0.315212 0.561372 0.112022 0.111948 0.00137576
12 0.687816 0.561511 0.112067 0.111588 0.00135114
2 0.93646 0.809716 0.111051 0.111601 0.00134581
8 0.68817 0.43719 0.112132 0.11347 0.00132748
9 0.935853 0.933517 0.111812 0.112169 0.00130621
9 0.439967 0.189121 0.112323 0.112685 0.00130389
13 0.191689 0.0647289 0.111875 0.111336 0.00130081
11 0.066249 0.065416 0.114081 0.112466 0.00128727
13 0.811492 0.31311 0.111913 0.113417 0.00128243
9 0.935917 0.68556 0.112342 0.113663 0.00128198
13 0.811492 0.810068 0.112267 0.113242 0.00128166
0 0.935315 0.933769 0.111393 0.112187 0.0012582
1 0.68773 0.313203 0.111586 0.11215 0.00124976
8 0.439942 0.809566 0.110326 0.111114 0.00124873
5 0.811952 0.189041 0.112012 0.112041 0.00124182
10 0.0667986 0.809134 0.111444 0.111565 0.00123969
10 0.43968 0.188577 0.111845 0.112334 0.00123204
5 0.688199 0.313374 0.112825 0.112235 0.00123137
8 0.439934 0.561759 0.111095 0.111486 0.0012233
0 0.935913 0.810125 0.111063 0.11348 0.00120718
10 0.315079 0.189147 0.111691 0.112223 0.00120385
10 0.0670215 0.0654189 0.111802 0.111787 0.00120057
12 0.688199 0.313374 0.112825 0.112235 0.00120004
10 0.439686 0.685704 0.112267 0.11261 0.00119972
7 0.0666926 0.685417 0.114263 0.113216 0.00118908
7 0.0666997 0.0654113 0.114006 0.113245 0.00118886
13 0.811616 0.188788 0.11251 0.113254 0.0011752
13 0.440363 0.93387 0.112276 0.111901 0.00117281
4 0.43986 0.0649338 0.112054 0.113331 0.00115727
12 0.316246 0.93386 0.113193 0.111741 0.00113999
13 0.191068 0.933705 0.112093 0.110821 0.00113449
13 0.191661 0.313263 0.111183 0.111374 0.00112918
13 0.687749 0.561435 0.111661 0.111545 0.00110691
8 0.812047 0.438182 0.112597 0.112539 0.00110563
1 0.19142 0.436952 0.11227 0.112378 0.00109737
13 0.688003 0.809825 0.11153 0.112308 0.0010944
11 0.564288 0.809891 0.111571 0.112894 0.00109439
8 0.439514 0.437996 0.110732 0.111919 0.00108156
1 0.56391 0.560831 0.111937 0.112608 0.00107565
11 0.81213 0.933703 0.111352 0.1116 0.00107267
1 0.191205 0.685289 0.112039 0.112472 0.00106352
7 0.191548 0.189238 0.112493 0.112597 0.0010374
11 0.0663669 0.31382 0.112533 0.111647 0.00103712
5 0.564112 0.933539 0.111283 0.11196 0.00103404
11 0.936498 0.561323 0.11272 0.11168 0.00102697
6 0.936449 0.313379 0.112594 0.11503 0.0010268
4 0.0671594 0.313476 0.113424 0.112674 0.00102444
2 0.812626 0.437954 0.113021 0.111198 0.00102316
3 0.811492 0.810068 0.112267 0.113242 0.00100993
11 0.811596 0.064603 0.111038 0.111619 0.0010088
7 0.0670064 0.189182 0.112921 0.113255 0.00100062
