3 0.563393 0.809737 0.111764 0.111856 0.986699
4 0.191841 0.809413 0.111729 0.112877 0.986441
5 0.439459 0.934009 0.111402 0.112853 0.985976
4 0.316165 0.561227 0.112156 0.113208 0.985583
1 0.315483 0.933935 0.111981 0.112414 0.985425
7 0.811918 0.934094 0.112268 0.111703 0.985369
7 0.935728 0.0657399 0.113622 0.112688 0.984864
10 0.191469 0.685573 0.112189 0.112084 0.984829
5 0.563463 0.934063 0.110393 0.112621 0.984708
10 0.191811 0.0647498 0.112777 0.112718 0.984623
9 0.0669114 0.933937 0.11297 0.112988 0.984445
12 0.687883 0.933902 0.112616 0.113973 0.984312
9 0.191842 0.189107 0.111705 0.11114 0.984302
6 0.563468 0.0648009 0.112159 0.113002 0.984285
13 0.315121 0.685408 0.111368 0.111548 0.984142
9 0.067133 0.56178 0.112273 0.11229 0.983931
1 0.936304 0.809577 0.112209 0.11183 0.983731
6 0.935966 0.933759 0.113223 0.11259 0.983548
9 0.066919 0.4374 0.112218 0.112008 0.98353
5 0.315886 0.437627 0.11154 0.112158 0.983399
5 0.687979 0.810038 0.111158 0.11137 0.983287
2 0.687629 0.0652364 0.110397 0.112181 0.983224
5 0.812158 0.0659411 0.11135 0.111772 0.982949
7 0.191884 0.934042 0.112111 0.112278 0.982867
13 0.439448 0.809801 0.111708 0.111901 0.982792
9 0.811916 0.809968 0.113158 0.11146 0.982684
13 0.315463 0.189089 0.112273 0.111404 0.982618
13 0.31526 0.809768 0.111552 0.1116 0.982123
13 0.0669183 0.0652753 0.113772 0.113877 0.982066
12 0.439406 0.0648315 0.11163 0.112745 0.981866
6 0.439913 0.437342 0.112341 0.11271 0.981803
11 0.191319 0.312997 0.110958 0.112004 0.981364
3 0.687658 0.685558 0.111427 0.11135 0.981324
1 0.563703 0.685166 0.11165 0.112848 0.98085
2 0.191189 0.561118 0.111657 0.111892 0.980799
3 0.811979 0.685466 0.111658 0.111923 0.980733
0 0.190997 0.437389 0.111999 0.111752 0.980316
8 0.0673752 0.189459 0.111603 0.111986 0.979759
10 0.563777 0.436851 0.112318 0.113949 0.979702
13 0.56372 0.189143 0.112126 0.11228 0.979691
8 0.315283 0.0651437 0.111944 0.113312 0.979686
11 0.439591 0.560811 0.111878 0.113391 0.979413
9 0.935753 0.685887 0.111209 0.112111 0.979353
10 0.68804 0.436896 0.112303 0.113369 0.979219
12 0.563575 0.561553 0.112324 0.111929 0.979158
11 0.68781 0.561166 0.111833 0.113318 0.979154
12 0.43939 0.685541 0.111663 0.111575 0.979092
10 0.688015 0.312588 0.112324 0.113582 0.979089
8 0.067321 0.685776 0.112482 0.112392 0.979078
9 0.811673 0.188845 0.112155 0.112043 0.979058
1 0.439338 0.312755 0.112471 0.112819 0.979047
0 0.314825 0.312823 0.113015 0.111583 0.979007
0 0.811888 0.561373 0.11228 0.112596 0.978723
1 0.936318 0.312651 0.113263 0.112476 0.978693
4 0.812473 0.436936 0.112842 0.112913 0.978655
10 0.936557 0.561098 0.113427 0.11384 0.978509
11 0.93639 0.436917 0.112859 0.11352 0.978432
0 0.563225 0.313558 0.111394 0.111832 0.978257
0 0.935675 0.188612 0.112842 0.111904 0.977898
2 0.812121 0.312793 0.112386 0.11344 0.977798
0 0.687675 0.188809 0.111918 0.112896 0.977694
0 0.439191 0.188933 0.111747 0.113113 0.977654
0 0.0674442 0.313332 0.112138 0.113157 0.976862
0 0.0674101 0.809642 0.112722 0.113521 0.976688
5 0.687992 0.561093 0.11091 0.111907 0.0374566
5 0.439552 0.561136 0.111223 0.112039 0.0270854
2 0.0665717 0.189488 0.113547 0.111928 0.0221949
1 0.0667072 0.313471 0.112349 0.112344 0.0216181
1 0.0669492 0.809394 0.113965 0.112911 0.0154154
6 0.56376 0.561338 0.112543 0.11311 0.0112138
10 0.439602 0.933674 0.111085 0.11129 0.0108003
2 0.0671237 0.685424 0.11388 0.11216 0.00988575
2 0.315577 0.0652857 0.111605 0.112903 0.00805074
3 0.811895 0.313762 0.111945 0.112331 0.00749377
4 0.688158 0.437162 0.111486 0.113033 0.00699555
12 0.81161 0.933471 0.112148 0.111113 0.0061973
6 0.439401 0.685491 0.112257 0.112998 0.00579601
1 0.68792 0.188209 0.111783 0.11281 0.00517671
4 0.688174 0.3131 0.112168 0.114442 0.00458904
9 0.811593 0.685649 0.112426 0.112416 0.00453766
1 0.811882 0.313331 0.111194 0.112994 0.00425619
12 0.81165 0.685548 0.112278 0.112354 0.00404916
4 0.563635 0.437111 0.111003 0.112846 0.00380587
10 0.439869 0.809307 0.110465 0.111948 0.00375196
1 0.439258 0.18844 0.111729 0.112695 0.00363359
12 0.439869 0.809307 0.110465 0.111948 0.00358025
5 0.191127 0.312892 0.111753 0.111948 0.00329848
0 0.936217 0.312921 0.112248 0.11114 0.0032859
2 0.688117 0.809431 0.111711 0.113054 0.00325076
1 0.315167 0.312562 0.112215 0.112582 0.00312463
11 0.439647 0.933556 0.110991 0.111103 0.00310697
10 0.936916 0.436559 0.111723 0.112682 0.00297091
11 0.315577 0.0652857 0.111605 0.112903 0.00294173
7 0.811715 0.436628 0.112862 0.114603 0.00290748
4 0.688166 0.685417 0.111943 0.111898 0.00278258
5 0.811481 0.312977 0.112789 0.112951 0.00275742
1 0.563793 0.312321 0.111765 0.112948 0.00274086
8 0.811475 0.810002 0.11223 0.112401 0.0027061
12 0.315762 0.809457 0.110243 0.11168 0.0026751
2 0.68819 0.685664 0.111539 0.111051 0.00247769
1 0.191053 0.43732 0.112516 0.112564 0.00246049
1 0.688177 0.064575 0.111419 0.113093 0.00244381
3 0.191504 0.561295 0.112859 0.111842 0.00227586
8 0.811352 0.189055 0.111999 0.112489 0.00220957
11 0.811573 0.0649773 0.112163 0.111318 0.0021861
2 0.68813 0.561325 0.111016 0.112629 0.00218302
5 0.935991 0.436568 0.113612 0.112719 0.0021366
1 0.316119 0.561332 0.113098 0.113267 0.00211809
1 0.81256 0.437008 0.11274 0.113327 0.00210781
0 0.439543 0.313201 0.110898 0.112784 0.00206775
0 0.813063 0.809704 0.11316 0.11109 0.00204679
8 0.68819 0.0647276 0.110347 0.112926 0.00204317
4 0.563824 0.809364 0.112313 0.111546 0.00203984
12 0.31552 0.685145 0.110262 0.111294 0.00203208
0 0.0672116 0.437981 0.111474 0.111228 0.00202838
0 0.688314 0.933708 0.113765 0.113443 0.00200521
7 0.191219 0.809652 0.112397 0.112588 0.00199261
6 0.811676 0.933131 0.111249 0.111565 0.00194701
5 0.688133 0.312848 0.112547 0.113755 0.00194403
1 0.811788 0.560912 0.112754 0.112436 0.00192865
10 0.687684 0.8097 0.11137 0.112045 0.00191989
11 0.314881 0.189418 0.111511 0.111582 0.00189782
3 0.564092 0.0646346 0.111365 0.112918 0.00189451
7 0.31552 0.685145 0.110262 0.111294 0.00188148
6 0.439406 0.0648315 0.11163 0.112745 0.00187339
7 0.315762 0.809457 0.110243 0.11168 0.00185078
3 0.688192 0.0655883 0.11066 0.112339 0.00184487
13 0.687409 0.437113 0.111831 0.111901 0.00184402
7 0.439913 0.437342 0.112341 0.11271 0.00183091
3 0.688091 0.809703 0.112282 0.112892 0.00181736
11 0.5637 0.189304 0.11196 0.112885 0.00181557
5 0.688158 0.437162 0.111486 0.113033 0.0017717
7 0.0663024 0.0650573 0.113775 0.112288 0.0017329
4 0.812349 0.934029 0.112112 0.112327 0.00170042
11 0.686873 0.809462 0.110454 0.110052 0.00169955
8 0.067084 0.438067 0.113796 0.11218 0.00167
6 0.812487 0.684838 0.111226 0.111865 0.00164784
6 0.68819 0.685664 0.111539 0.111051 0.00164032
10 0.811676 0.933131 0.111249 0.111565 0.00162263
4 0.688117 0.809431 0.111711 0.113054 0.00161244
4 0.56394 0.685133 0.111424 0.1119 0.00161027
8 0.81301 0.313273 0.11078 0.113261 0.00160086
10 0.439751 0.560905 0.112281 0.112943 0.00159929
5 0.688177 0.064575 0.111419 0.113093 0.00159238
4 0.191884 0.934042 0.112111 0.112278 0.00159094
11 0.31525 0.4366 0.111192 0.110669 0.00157533
4 0.936304 0.809577 0.112209 0.11183 0.00152422
5 0.191387 0.560986 0.11169 0.113252 0.00151927
0 0.936267 0.809389 0.111377 0.111902 0.00150346
1 0.563553 0.809484 0.111911 0.111818 0.00148334
4 0.935728 0.0657399 0.113622 0.112688 0.00147157
10 0.315762 0.809457 0.110243 0.11168 0.00146765
10 0.563603 0.934124 0.110938 0.111758 0.00146557
4 0.936361 0.561117 0.113201 0.112397 0.00146535
1 0.191325 0.560958 0.112458 0.113072 0.00144927
3 0.440244 0.437098 0.113014 0.113063 0.00143453
12 0.935933 0.0654495 0.113363 0.112704 0.00142034
2 0.19169 0.809969 0.11279 0.113449 0.00141817
1 0.191841 0.809413 0.111729 0.112877 0.0014085
11 0.0663024 0.0650573 0.113775 0.112288 0.00140147
12 0.811897 0.188852 0.111968 0.11129 0.00139602
13 0.811676 0.933131 0.111249 0.111565 0.00138828
12 0.687719 0.685369 0.111351 0.111944 0.00137802
11 0.0668904 0.189362 0.111653 0.111617 0.00135243
12 0.5637 0.189304 0.11196 0.112885 0.0013335
10 0.68819 0.561062 0.112239 0.11333 0.00132019
1 0.81189 0.685581 0.112049 0.112561 0.00131386
4 0.191811 0.0647498 0.112777 0.112718 0.00130846
2 0.813028 0.685625 0.110662 0.110386 0.00130661
4 0.439553 0.31324 0.111926 0.11241 0.00129416
12 0.314881 0.189418 0.111511 0.111582 0.00129388
11 0.067481 0.685143 0.112285 0.113382 0.0012767
2 0.81256 0.437008 0.11274 0.113327 0.00126078
10 0.81256 0.437008 0.11274 0.113327 0.00125734
13 0.935987 0.561469 0.111058 0.11205 0.00122594
13 0.191246 0.685468 0.112462 0.111985 0.00122388
0 0.812976 0.189177 0.112329 0.111126 0.00121918
10 0.688099 0.934086 0.110425 0.112817 0.00121597
0 0.563994 0.685079 0.111653 0.112697 0.00121495
7 0.688174 0.3131 0.112168 0.114442 0.00119624
12 0.935984 0.68605 0.111762 0.11346 0.00119243
1 0.563845 0.0653005 0.111475 0.112354 0.00118035
10 0.0673132 0.0652599 0.111648 0.112035 0.0011789
4 0.315628 0.933797 0.111355 0.112927 0.00117776
13 0.191244 0.0653429 0.111903 0.11181 0.00117395
10 0.31552 0.685145 0.110262 0.111294 0.00117367
1 0.687922 0.685394 0.11142 0.111761 0.00117226
9 0.688292 0.933786 0.113176 0.113261 0.00117075
7 0.936304 0.933662 0.113332 0.113479 0.00115823
12 0.0674091 0.561301 0.112443 0.113267 0.00114809
0 0.0666847 0.561709 0.114667 0.111478 0.00113079
7 0.688201 0.437433 0.111248 0.113431 0.00113028
10 0.811412 0.064759 0.11106 0.112045 0.00112835
5 0.563553 0.437002 0.111036 0.111772 0.00112284
7 0.439869 0.809307 0.110465 0.111948 0.00111344
8 0.935945 0.685985 0.111752 0.113474 0.00111025
11 0.563657 0.933821 0.111719 0.112718 0.00110768
10 0.190993 0.313055 0.110884 0.112127 0.00110012
5 0.191202 0.809675 0.112571 0.112105 0.00109661
0 0.315628 0.933797 0.111355 0.112927 0.00109497
1 0.935438 0.188809 0.112438 0.112003 0.00108548
11 0.811442 0.809643 0.112983 0.112627 0.00108274
7 0.936134 0.561104 0.113301 0.113912 0.0010536
10 0.935672 0.0650031 0.112518 0.113764 0.00104382
6 0.811662 0.437013 0.113824 0.113587 0.00103926
11 0.811331 0.188906 0.112112 0.112902 0.00103753
2 0.811559 0.0647945 0.112449 0.111828 0.00101266
5 0.688221 0.685394 0.112398 0.111199 0.00100903
