5 0.563959 0.934014 0.112033 0.114578 0.986929
8 0.563888 0.685226 0.111499 0.112331 0.986719
2 0.43909 0.934205 0.11275 0.113323 0.98664
2 0.315092 0.934114 0.112547 0.113 0.986607
11 0.563676 0.809306 0.111759 0.112354 0.986539
2 0.439425 0.685447 0.111873 0.112056 0.985463
8 0.687821 0.809672 0.112228 0.11274 0.985441
10 0.191595 0.685219 0.111745 0.111164 0.984928
2 0.563188 0.065197 0.111039 0.11242 0.984861
5 0.0672022 0.934109 0.113297 0.114491 0.984616
8 0.687736 0.0654231 0.111929 0.112419 0.983934
7 0.687885 0.933895 0.112442 0.113635 0.983932
9 0.315506 0.313067 0.112427 0.111979 0.98386
7 0.935829 0.0655003 0.11309 0.112611 0.983773
7 0.81224 0.80987 0.112129 0.111874 0.983436
6 0.0668401 0.809622 0.111994 0.111498 0.98336
1 0.315587 0.685232 0.111884 0.112455 0.983189
6 0.0669201 0.685523 0.11199 0.111498 0.983161
13 0.0676414 0.188929 0.112148 0.11109 0.982932
13 0.812057 0.934055 0.112686 0.11294 0.982932
10 0.31596 0.064367 0.111763 0.112329 0.982853
8 0.0666171 0.0651363 0.113973 0.113756 0.982729
8 0.812006 0.0653528 0.112737 0.112916 0.982686
0 0.315655 0.809414 0.111839 0.111998 0.982659
13 0.31553 0.437691 0.112802 0.111314 0.982518
6 0.0667125 0.56132 0.11216 0.111539 0.982372
5 0.0673969 0.313577 0.113032 0.112887 0.982333
3 0.191765 0.313546 0.1105 0.111607 0.982282
2 0.563122 0.189707 0.110935 0.11278 0.982278
8 0.936433 0.809816 0.112407 0.112765 0.982237
7 0.191162 0.561338 0.11332 0.111588 0.982196
11 0.191559 0.933895 0.111821 0.11341 0.982195
8 0.191227 0.0651259 0.112499 0.113082 0.981964
4 0.439391 0.0649929 0.111524 0.112178 0.981911
11 0.191316 0.437106 0.111517 0.112107 0.981771
11 0.315494 0.561205 0.112786 0.111638 0.981763
13 0.439708 0.561675 0.112469 0.111303 0.981538
1 0.439785 0.809741 0.112404 0.113176 0.98109
2 0.314707 0.189153 0.111727 0.113035 0.981048
1 0.067244 0.437686 0.112784 0.112909 0.980996
2 0.191182 0.189342 0.111204 0.112689 0.980799
12 0.936679 0.933538 0.111982 0.113177 0.980795
11 0.439012 0.189233 0.112041 0.112579 0.980561
12 0.43951 0.437685 0.112209 0.112174 0.98011
8 0.191324 0.809744 0.112674 0.112579 0.979789
9 0.563541 0.313562 0.111367 0.111245 0.979787
8 0.936014 0.685586 0.112751 0.112543 0.979421
11 0.687974 0.436754 0.111768 0.113057 0.979388
9 0.687846 0.188964 0.111725 0.113011 0.979344
10 0.68807 0.684879 0.112717 0.112864 0.979327
10 0.687994 0.560967 0.112433 0.113085 0.979205
11 0.812253 0.436872 0.112595 0.113294 0.979097
1 0.812372 0.684982 0.113082 0.11338 0.979029
10 0.812281 0.561069 0.112861 0.112939 0.978881
1 0.687786 0.313225 0.112384 0.112632 0.978705
9 0.935795 0.18912 0.11085 0.112233 0.978666
2 0.563475 0.437398 0.111975 0.112577 0.978616
0 0.563605 0.561922 0.111631 0.111981 0.978577
6 0.812565 0.312816 0.112885 0.111896 0.978391
1 0.812332 0.188831 0.112436 0.112754 0.978382
8 0.43937 0.31327 0.112963 0.112554 0.978224
1 0.93615 0.312779 0.114144 0.11271 0.978144
7 0.936588 0.561415 0.112364 0.112332 0.977742
8 0.936453 0.437214 0.112838 0.112446 0.977416
12 0.43981 0.561529 0.111374 0.111478 0.0119668
4 0.68811 0.560952 0.111928 0.112148 0.0114868
2 0.811783 0.0653484 0.11149 0.112856 0.0114852
12 0.811583 0.933478 0.11149 0.111164 0.00710666
2 0.936758 0.436802 0.112383 0.112887 0.00653037
10 0.936376 0.933595 0.111092 0.112935 0.00645197
2 0.687794 0.0647093 0.111763 0.112636 0.00579404
10 0.811627 0.436868 0.110247 0.112284 0.00508432
3 0.066552 0.56085 0.11285 0.111691 0.004702
12 0.811601 0.810035 0.112563 0.113549 0.00436476
1 0.563571 0.437963 0.110327 0.11202 0.00419023
6 0.811569 0.80969 0.113824 0.113548 0.00418305
8 0.564254 0.809058 0.110656 0.112536 0.00402382
3 0.81253 0.312271 0.110656 0.111525 0.00396567
2 0.0668704 0.0648194 0.113094 0.11313 0.00394545
11 0.811534 0.560991 0.111807 0.112869 0.00375033
8 0.688247 0.436478 0.110984 0.112968 0.00373337
3 0.0666323 0.809137 0.112499 0.111352 0.00367369
2 0.439635 0.312974 0.112168 0.112208 0.00356123
2 0.688014 0.809082 0.11141 0.111772 0.00352145
2 0.191429 0.0648974 0.111779 0.112461 0.00343609
1 0.439391 0.0649929 0.111524 0.112178 0.0033408
0 0.688023 0.312476 0.112474 0.112698 0.00332958
10 0.811969 0.933721 0.111878 0.11375 0.0032953
0 0.936133 0.313034 0.112867 0.111714 0.00324386
5 0.68811 0.560952 0.111928 0.112148 0.00321775
11 0.688417 0.809793 0.11212 0.112642 0.00317476
2 0.936545 0.685548 0.112942 0.113619 0.00303613
3 0.0666732 0.685146 0.112822 0.111654 0.0030241
7 0.688148 0.561279 0.111366 0.113512 0.00300013
4 0.68825 0.685155 0.112539 0.113265 0.00298861
0 0.688208 0.189159 0.112128 0.11299 0.00296235
0 0.812736 0.187992 0.112015 0.112491 0.00289972
3 0.563904 0.437774 0.112061 0.112698 0.00281417
13 0.191559 0.933895 0.111821 0.11341 0.00281208
0 0.31564 0.313591 0.111935 0.111715 0.00261522
4 0.811484 0.313082 0.113308 0.11185 0.00259062
11 0.811969 0.933721 0.111878 0.11375 0.00256742
2 0.564605 0.685448 0.111161 0.113259 0.00247009
4 0.687834 0.93372 0.113137 0.114043 0.00239814
9 0.813075 0.933031 0.110859 0.112133 0.00221932
9 0.688014 0.809082 0.11141 0.111772 0.00221545
8 0.31569 0.561527 0.111913 0.112162 0.00219103
2 0.936672 0.810065 0.11238 0.113329 0.00216071
3 0.563862 0.18986 0.111974 0.113036 0.00215885
8 0.811972 0.437418 0.113275 0.113243 0.00214213
0 0.56404 0.313575 0.111161 0.111298 0.00212825
2 0.191547 0.809805 0.112017 0.112559 0.00211955
1 0.563593 0.0644526 0.111714 0.113201 0.0020452
5 0.6882 0.684901 0.112034 0.112312 0.00202013
13 0.935971 0.933452 0.112854 0.114337 0.00198648
0 0.812886 0.684951 0.111945 0.112814 0.00198003
13 0.191278 0.437578 0.11192 0.112222 0.00196018
5 0.314709 0.189002 0.112355 0.112365 0.00193463
12 0.688208 0.189159 0.112128 0.11299 0.00192587
1 0.563543 0.188974 0.112063 0.112975 0.0019199
11 0.688192 0.0650063 0.111637 0.113614 0.00190616
11 0.0665762 0.189147 0.113703 0.111513 0.00188359
10 0.0666132 0.934193 0.113694 0.113633 0.00184747
8 0.191559 0.933895 0.111821 0.11341 0.00182091
11 0.440103 0.561554 0.111365 0.112373 0.00181688
1 0.43998 0.685073 0.113235 0.112483 0.00179629
9 0.812182 0.561326 0.111974 0.111475 0.00178787
8 0.191278 0.437578 0.11192 0.112222 0.00175871
2 0.688068 0.313363 0.1116 0.112845 0.00175268
10 0.68845 0.436437 0.111604 0.112561 0.00175202
6 0.936144 0.561422 0.111899 0.113258 0.00173515
11 0.315668 0.437926 0.111873 0.112655 0.00170693
12 0.315817 0.437886 0.108853 0.114266 0.00170397
8 0.315757 0.313565 0.111556 0.111896 0.00162409
0 0.935492 0.438046 0.109833 0.113717 0.00161319
5 0.811529 0.561228 0.112147 0.11181 0.00160366
11 0.191781 0.80975 0.111863 0.112631 0.0016028
7 0.68825 0.685155 0.112539 0.113265 0.00156933
5 0.564452 0.80943 0.112317 0.112364 0.00156116
7 0.811577 0.312791 0.111593 0.113152 0.0015581
12 0.936143 0.561585 0.112323 0.11336 0.00155684
9 0.936168 0.437668 0.114224 0.112424 0.00153207
3 0.563997 0.0653193 0.111832 0.112995 0.00153206
0 0.0666365 0.436868 0.114703 0.11232 0.00152832
1 0.439873 0.933592 0.113588 0.113613 0.0015179
7 0.0669201 0.685523 0.11199 0.111498 0.00151381
11 0.564456 0.685432 0.111469 0.112998 0.00149865
10 0.315593 0.5611 0.112184 0.112644 0.00148994
4 0.812194 0.684876 0.112825 0.112957 0.00148602
8 0.564119 0.313549 0.110805 0.111287 0.00147683
0 0.936469 0.809918 0.111521 0.112512 0.00147342
7 0.936028 0.933234 0.111811 0.114574 0.0014676
3 0.440205 0.68542 0.111851 0.111926 0.00144389
1 0.0675951 0.561075 0.112399 0.113958 0.00144286
4 0.811601 0.810035 0.112563 0.113549 0.00143689
7 0.0668401 0.809622 0.111994 0.111498 0.00143145
11 0.812006 0.0653528 0.112737 0.112916 0.00140136
1 0.563985 0.560915 0.112068 0.112629 0.0013993
10 0.191011 0.436859 0.110561 0.110116 0.00139524
4 0.191245 0.561278 0.111841 0.112203 0.00139092
7 0.439908 0.0649089 0.111292 0.113089 0.00139072
10 0.564188 0.933595 0.112473 0.11421 0.00138706
11 0.936149 0.437379 0.110913 0.113247 0.0013727
12 0.811953 0.561221 0.113371 0.112097 0.00136531
4 0.936143 0.561585 0.112323 0.11336 0.00135642
9 0.811761 0.0656637 0.111939 0.111793 0.00135582
4 0.687779 0.313475 0.112127 0.112244 0.00134451
4 0.439829 0.80962 0.111637 0.112691 0.00134436
12 0.936201 0.188967 0.111485 0.112036 0.00132358
4 0.812158 0.189196 0.112028 0.11268 0.00131465
1 0.314945 0.188859 0.111994 0.113329 0.00131274
3 0.439895 0.933811 0.11201 0.113085 0.00130849
12 0.564119 0.313549 0.110805 0.111287 0.00130663
12 0.315661 0.0646126 0.112259 0.112787 0.00129567
4 0.315587 0.685232 0.111884 0.112455 0.00128958
2 0.812955 0.188814 0.11131 0.113548 0.00127707
0 0.688192 0.0650063 0.111637 0.113614 0.00127347
13 0.31569 0.561527 0.111913 0.112162 0.00126935
2 0.813002 0.684875 0.112629 0.113276 0.00125964
9 0.936246 0.933696 0.111669 0.110652 0.00125857
0 0.439971 0.809642 0.112117 0.113362 0.00124773
12 0.935929 0.0651953 0.113783 0.113603 0.00124639
12 0.688233 0.561163 0.112361 0.111795 0.00122637
1 0.190893 0.188917 0.112138 0.112791 0.00122388
3 0.688255 0.189214 0.112877 0.113097 0.00121454
1 0.315693 0.93358 0.113218 0.113353 0.00121348
11 0.936939 0.809218 0.112579 0.112614 0.00119524
13 0.687746 0.561116 0.111471 0.111568 0.00119013
10 0.688437 0.933558 0.114293 0.114758 0.00117133
11 0.0666171 0.0651363 0.113973 0.113756 0.00115861
9 0.191011 0.436859 0.110561 0.110116 0.00114891
6 0.43902 0.438195 0.113869 0.111887 0.00114846
5 0.563516 0.189412 0.113401 0.113268 0.00113819
9 0.811522 0.436721 0.111338 0.111707 0.00113491
8 0.315663 0.934327 0.111953 0.113338 0.00111918
5 0.315402 0.933616 0.112351 0.111736 0.00110595
0 0.439818 0.313668 0.111445 0.111902 0.00110337
12 0.315757 0.313565 0.111556 0.111896 0.0010995
0 0.315572 0.685222 0.112114 0.113064 0.00109875
5 0.315709 0.561346 0.11208 0.112406 0.0010947
7 0.0667125 0.56132 0.11216 0.111539 0.00109359
8 0.688208 0.189159 0.112128 0.11299 0.00109268
13 0.688054 0.685252 0.111844 0.111926 0.0010911
10 0.564254 0.809058 0.110656 0.112536 0.00108038
1 0.315675 0.809416 0.111836 0.112726 0.00106665
13 0.191088 0.685195 0.112302 0.111895 0.00106439
3 0.190666 0.189119 0.112363 0.112477 0.00106052
11 0.191227 0.0651259 0.112499 0.113082 0.00103811
12 0.688248 0.685339 0.112606 0.111457 0.00102393
8 0.439956 0.934395 0.11251 0.113406 0.00102367
10 0.0675701 0.313496 0.113228 0.114165 0.00101922
7 0.315213 0.064703 0.112129 0.112694 0.00101106
11 0.935961 0.188738 0.112271 0.113729 0.00101058
