9 0.190538 0.933606 0.113382 0.112746 0.986833
5 0.440564 0.809667 0.111042 0.11203 0.986664
4 0.440402 0.685212 0.112001 0.111927 0.986087
9 0.190526 0.809484 0.112637 0.111206 0.986044
9 0.56357 0.933743 0.111708 0.112838 0.985904
5 0.316474 0.686121 0.111666 0.112005 0.98542
5 0.563962 0.80974 0.111095 0.112211 0.984802
10 0.936358 0.933645 0.113544 0.112852 0.984566
3 0.0664577 0.4378 0.112205 0.112459 0.984299
10 0.315237 0.933716 0.113476 0.113948 0.984245
11 0.313902 0.0654609 0.111668 0.111626 0.984116
11 0.43848 0.0655138 0.111681 0.111988 0.983999
1 0.936272 0.809415 0.112956 0.112227 0.983957
8 0.0668228 0.809554 0.111818 0.112761 0.983895
10 0.316232 0.561569 0.112477 0.112263 0.983605
10 0.191438 0.561795 0.11303 0.112188 0.983506
7 0.439707 0.933733 0.11217 0.112604 0.983445
5 0.563058 0.0657199 0.111147 0.111716 0.983154
10 0.0667055 0.0650435 0.112887 0.11232 0.983004
12 0.0670013 0.68548 0.111455 0.111666 0.982974
3 0.315557 0.437495 0.111968 0.112556 0.982961
9 0.0663196 0.313773 0.112462 0.111715 0.982938
3 0.190671 0.313481 0.112116 0.112128 0.982829
1 0.0661048 0.933887 0.112568 0.113466 0.982457
7 0.812044 0.933869 0.112373 0.112374 0.982403
13 0.439813 0.562027 0.112371 0.11183 0.982178
0 0.688273 0.933125 0.111988 0.112634 0.981984
8 0.688196 0.809588 0.111509 0.112464 0.981838
6 0.812403 0.809607 0.11197 0.113036 0.9815
0 0.315778 0.809348 0.111978 0.111768 0.981406
13 0.0663022 0.189746 0.112407 0.112658 0.981377
0 0.19138 0.685792 0.112528 0.111448 0.981282
0 0.190807 0.437485 0.113034 0.112434 0.981085
0 0.189967 0.188768 0.112704 0.112742 0.980888
8 0.190314 0.0647596 0.110746 0.112793 0.980646
12 0.314685 0.313575 0.112408 0.111913 0.980038
12 0.314585 0.189104 0.11305 0.112491 0.979787
9 0.438962 0.313166 0.112089 0.113126 0.979764
5 0.438811 0.18867 0.11195 0.112811 0.979695
10 0.563241 0.312974 0.112364 0.113364 0.979683
0 0.0669101 0.561763 0.111648 0.11273 0.979489
12 0.563443 0.188529 0.112673 0.113351 0.979282
13 0.811485 0.437243 0.112968 0.112688 0.979114
1 0.564296 0.68571 0.111924 0.112374 0.979073
12 0.687642 0.188191 0.111676 0.111772 0.978981
11 0.812135 0.685155 0.112817 0.112245 0.978973
8 0.563556 0.437421 0.111821 0.112962 0.978799
6 0.687862 0.312852 0.11306 0.113221 0.978725
8 0.687425 0.43711 0.112146 0.112436 0.978644
5 0.936241 0.561543 0.113415 0.112449 0.978627
0 0.811461 0.561541 0.112599 0.112604 0.978587
5 0.688012 0.685391 0.112274 0.111566 0.97843
2 0.563829 0.561419 0.111926 0.113181 0.97838
8 0.812455 0.188195 0.113537 0.113072 0.978355
5 0.68751 0.561392 0.112012 0.111974 0.978337
0 0.439493 0.43754 0.111543 0.111862 0.978272
1 0.687464 0.0641136 0.112603 0.112185 0.978195
1 0.936636 0.313148 0.113356 0.112697 0.978166
4 0.936796 0.437127 0.11387 0.113299 0.978156
0 0.936147 0.68557 0.112769 0.112409 0.977966
8 0.936478 0.0647653 0.11179 0.113688 0.977841
7 0.81231 0.313101 0.112954 0.112958 0.977336
0 0.936932 0.188692 0.111858 0.112703 0.977331
0 0.811762 0.0654394 0.111722 0.111063 0.976987
2 0.688323 0.809524 0.112547 0.111366 0.014529
12 0.81104 0.437412 0.111867 0.111995 0.00925698
2 0.813077 0.18806 0.113116 0.114065 0.00870313
1 0.0663631 0.56139 0.113817 0.112284 0.00870031
12 0.811594 0.933077 0.111371 0.111137 0.00820248
5 0.31443 0.0648429 0.111476 0.112441 0.00810414
2 0.0667461 0.809498 0.112309 0.112878 0.00693202
3 0.812677 0.809122 0.111924 0.11249 0.00659719
2 0.93606 0.0651772 0.112025 0.112841 0.00654028
12 0.811516 0.313153 0.11256 0.113602 0.00627137
2 0.686672 0.436571 0.110946 0.110856 0.00592958
8 0.811256 0.685164 0.111251 0.11077 0.00557295
7 0.812193 0.436503 0.112034 0.111991 0.00432636
9 0.315781 0.436709 0.111828 0.112337 0.00410688
5 0.812152 0.685457 0.112153 0.111534 0.003942
2 0.189786 0.0648106 0.11282 0.113252 0.00393312
0 0.688108 0.0633129 0.111994 0.112108 0.00379893
11 0.686654 0.561828 0.112047 0.110632 0.00344832
1 0.936438 0.437274 0.113638 0.113682 0.0033359
13 0.81167 0.932574 0.110803 0.11157 0.00301731
1 0.563622 0.56164 0.111613 0.112769 0.00291758
7 0.936456 0.437153 0.11328 0.112335 0.00290303
9 0.0670223 0.436877 0.110069 0.113631 0.00288872
6 0.811467 0.313055 0.113787 0.113037 0.0027927
3 0.688129 0.561447 0.112125 0.112276 0.00277077
0 0.936618 0.313524 0.113231 0.112025 0.00271665
0 0.5631 0.438108 0.111006 0.113218 0.00267896
0 0.688043 0.437528 0.111779 0.113826 0.00256221
9 0.811256 0.685164 0.111251 0.11077 0.00255082
12 0.439209 0.313402 0.111848 0.112404 0.00248981
0 0.439184 0.313426 0.112598 0.112131 0.00245911
2 0.563471 0.437361 0.11182 0.112292 0.00238377
10 0.936884 0.561268 0.111536 0.110767 0.00236804
12 0.440025 0.561795 0.111518 0.111776 0.00235709
3 0.564148 0.561753 0.111459 0.112505 0.00235411
1 0.4396 0.436967 0.112007 0.112547 0.00232201
1 0.811437 0.561142 0.112592 0.112368 0.00228946
12 0.066413 0.189192 0.111653 0.112484 0.002242
4 0.564148 0.561753 0.111459 0.112505 0.00222561
2 0.688129 0.561447 0.112125 0.112276 0.00221123
1 0.440504 0.685666 0.112397 0.111611 0.00215564
0 0.688149 0.1884 0.112234 0.112837 0.00202087
1 0.688135 0.312996 0.11232 0.113596 0.00198391
6 0.811557 0.932291 0.111575 0.110774 0.0019561
3 0.687932 0.313123 0.111876 0.11225 0.00191388
0 0.813093 0.188768 0.113861 0.115284 0.00187842
2 0.68807 0.064346 0.111419 0.11166 0.00187708
4 0.564707 0.685721 0.110831 0.111258 0.00185181
2 0.440305 0.685706 0.111901 0.112083 0.00181323
3 0.688327 0.685537 0.112416 0.112753 0.00181031
4 0.688342 0.685277 0.111888 0.112512 0.0018002
6 0.686809 0.187643 0.111514 0.11074 0.00179972
4 0.563341 0.313411 0.111834 0.113135 0.00179427
10 0.314541 0.0650371 0.113236 0.111423 0.00178887
11 0.561726 0.0652496 0.10983 0.110059 0.00178683
11 0.686672 0.436571 0.110946 0.110856 0.00178665
4 0.440013 0.933402 0.11162 0.112712 0.0017699
10 0.563214 0.0648742 0.112619 0.110851 0.00172811
2 0.0673534 0.438115 0.113678 0.113025 0.00168651
4 0.688129 0.561447 0.112125 0.112276 0.00166679
7 0.440509 0.685507 0.111555 0.112119 0.00162187
4 0.812343 0.933404 0.112391 0.113141 0.00159469
9 0.936217 0.685488 0.111776 0.112226 0.00158131
2 0.563214 0.0648742 0.112619 0.110851 0.00158022
10 0.812331 0.685484 0.112433 0.112212 0.0015799
0 0.936472 0.0647558 0.110676 0.111476 0.00149048
10 0.438932 0.188961 0.112163 0.112799 0.00147609
2 0.688342 0.685277 0.111888 0.112512 0.00147044
12 0.190655 0.313702 0.111806 0.111989 0.00145484
6 0.440509 0.685507 0.111555 0.112119 0.00144908
13 0.936012 0.93375 0.113528 0.112898 0.00143665
0 0.0666403 0.313908 0.112458 0.112278 0.00142324
11 0.936453 0.56118 0.113181 0.110986 0.00141783
7 0.440242 0.561437 0.111764 0.112305 0.00141752
7 0.688087 0.312779 0.112885 0.114121 0.00139261
12 0.0667899 0.31387 0.112502 0.112413 0.00138783
4 0.316017 0.561506 0.113076 0.112592 0.00138054
0 0.936272 0.809415 0.112956 0.112227 0.00137676
1 0.190807 0.437485 0.113034 0.112434 0.0013519
4 0.0662093 0.934025 0.111405 0.113116 0.00134804
8 0.564166 0.933406 0.112496 0.112403 0.0013433
5 0.438823 0.064888 0.110758 0.112517 0.00133848
4 0.936256 0.809254 0.112331 0.111941 0.00133518
6 0.315003 0.313641 0.111248 0.112231 0.00132867
8 0.813073 0.0642824 0.111925 0.111608 0.0013048
10 0.688342 0.685277 0.111888 0.112512 0.00130386
10 0.687228 0.561474 0.111408 0.111983 0.00126697
9 0.936693 0.189357 0.111532 0.113574 0.00124896
12 0.0673534 0.438115 0.113678 0.113025 0.00123109
4 0.812346 0.313453 0.11196 0.112395 0.0012228
10 0.439131 0.0648925 0.112305 0.111877 0.00121972
7 0.0673825 0.685375 0.112449 0.113612 0.00121602
4 0.191472 0.56173 0.113614 0.112449 0.00121559
1 0.812975 0.0634252 0.111711 0.111976 0.00121094
12 0.315513 0.436634 0.111737 0.111056 0.00120904
7 0.066413 0.189192 0.111653 0.112484 0.00119652
0 0.564214 0.933293 0.112718 0.112133 0.00119525
10 0.315794 0.685651 0.11227 0.112229 0.00118355
6 0.315996 0.437991 0.113427 0.111743 0.00118256
11 0.688316 0.809747 0.113103 0.112416 0.00116198
9 0.190018 0.313873 0.112678 0.112587 0.00116029
11 0.563439 0.437504 0.112293 0.113221 0.00114949
2 0.936438 0.437274 0.113638 0.113682 0.00114787
1 0.315732 0.437628 0.112598 0.11248 0.00114489
10 0.440225 0.809922 0.111528 0.112004 0.00114473
1 0.191263 0.68562 0.113551 0.111984 0.00114308
1 0.189967 0.188768 0.112704 0.112742 0.00113194
11 0.065787 0.189657 0.113086 0.112323 0.00110808
7 0.93601 0.933537 0.112785 0.112799 0.00109824
9 0.812795 0.064848 0.112573 0.112211 0.00109762
7 0.686716 0.18891 0.11018 0.111651 0.00108945
13 0.562735 0.31292 0.11166 0.112219 0.00108934
8 0.688583 0.932413 0.113608 0.112022 0.00108889
3 0.0673387 0.685286 0.112812 0.113017 0.00106007
0 0.0663086 0.933789 0.112509 0.11373 0.00105767
1 0.315832 0.809322 0.112184 0.112611 0.00102893
0 0.563468 0.188743 0.112015 0.111534 0.00101886
1 0.688173 0.933459 0.110719 0.111746 0.0010054
