3 0.315542 0.68572 0.112958 0.112685 0.987005
9 0.439477 0.0649046 0.111476 0.113396 0.986167
6 0.315088 0.809609 0.112565 0.112597 0.985639
10 0.191723 0.933915 0.112006 0.11354 0.985465
7 0.563809 0.934129 0.110549 0.113188 0.985315
10 0.935945 0.934046 0.113636 0.113624 0.985132
2 0.439247 0.809955 0.112646 0.112704 0.985088
6 0.315543 0.933937 0.112338 0.11317 0.985023
5 0.687755 0.933912 0.112374 0.113537 0.984724
4 0.439478 0.934122 0.112397 0.114026 0.984609
4 0.936198 0.809582 0.112748 0.11222 0.98435
10 0.067529 0.561673 0.113553 0.113168 0.984074
4 0.563754 0.809598 0.111777 0.11314 0.984053
7 0.191262 0.809541 0.111273 0.111842 0.983968
10 0.315192 0.0645414 0.111582 0.112908 0.983906
5 0.687815 0.809699 0.111141 0.112682 0.983784
11 0.0668592 0.68569 0.112295 0.112376 0.983742
2 0.812187 0.933744 0.112307 0.113241 0.983282
4 0.191517 0.188781 0.113041 0.112539 0.983047
10 0.31518 0.189002 0.112902 0.11229 0.982915
4 0.563738 0.685495 0.111353 0.112996 0.982777
3 0.0672103 0.189432 0.112026 0.113008 0.98265
5 0.563437 0.0648105 0.112157 0.113239 0.982532
5 0.191917 0.313288 0.111302 0.111816 0.982512
3 0.315525 0.561627 0.111614 0.113489 0.982443
6 0.315595 0.313267 0.112107 0.112635 0.982388
6 0.0671631 0.0646472 0.113316 0.113524 0.982242
9 0.191345 0.561373 0.111275 0.112801 0.982072
4 0.067171 0.93427 0.112498 0.11274 0.981944
7 0.191436 0.0649344 0.112559 0.112211 0.981894
6 0.0672617 0.437421 0.112037 0.111538 0.981576
10 0.439222 0.561123 0.111977 0.11156 0.98133
11 0.439388 0.685446 0.111235 0.112523 0.98125
0 0.935931 0.684989 0.113406 0.111976 0.980911
6 0.563462 0.189433 0.111142 0.112689 0.98057
9 0.0673243 0.809615 0.113331 0.113578 0.980355
13 0.563395 0.313451 0.112785 0.113408 0.980107
2 0.19094 0.685179 0.112271 0.111841 0.980031
0 0.811812 0.809319 0.112062 0.112624 0.979851
13 0.687836 0.437349 0.112647 0.113084 0.979717
11 0.935501 0.188987 0.113197 0.113548 0.97959
1 0.439699 0.312927 0.111839 0.113312 0.979486
9 0.68807 0.188545 0.112173 0.112002 0.979385
7 0.563928 0.437185 0.111875 0.113503 0.979358
4 0.68795 0.313044 0.112069 0.112761 0.979347
12 0.812611 0.436839 0.11173 0.113139 0.979308
5 0.687892 0.685361 0.111601 0.11228 0.979229
5 0.439102 0.436826 0.112134 0.113465 0.979228
12 0.688219 0.561142 0.111634 0.113145 0.979151
4 0.812433 0.685375 0.112286 0.112093 0.979091
12 0.936399 0.0644654 0.112489 0.113999 0.978867
8 0.0670953 0.313034 0.112678 0.11225 0.97877
2 0.563834 0.561077 0.112659 0.113295 0.978645
3 0.688002 0.0650429 0.112676 0.112489 0.9785
1 0.936509 0.561204 0.113541 0.112642 0.978424
11 0.81217 0.561343 0.112803 0.113951 0.978359
5 0.812248 0.188585 0.111863 0.113776 0.978209
8 0.315176 0.437164 0.112196 0.11227 0.97801
6 0.936567 0.312909 0.113429 0.111898 0.977941
2 0.811974 0.312928 0.112337 0.112855 0.977935
0 0.439206 0.188846 0.111977 0.113523 0.977834
8 0.191003 0.43711 0.111705 0.111698 0.97774
3 0.936003 0.437478 0.111865 0.11266 0.977739
8 0.812041 0.0647478 0.110367 0.112115 0.977113
2 0.191334 0.437041 0.112954 0.112523 0.0137366
2 0.315385 0.436819 0.11078 0.11331 0.0130246
13 0.191525 0.933862 0.11106 0.111578 0.0129985
4 0.315352 0.188747 0.111446 0.112281 0.0117249
11 0.688271 0.933243 0.113052 0.114104 0.00984892
2 0.811521 0.0650862 0.112562 0.113615 0.0090408
8 0.811839 0.932923 0.112259 0.113673 0.00901559
2 0.0668219 0.313176 0.113503 0.113175 0.00783415
6 0.812633 0.437504 0.111111 0.112824 0.00710034
4 0.315583 0.0647884 0.112371 0.113637 0.00564656
2 0.688271 0.933243 0.113052 0.114104 0.00562623
1 0.439092 0.188909 0.111379 0.112377 0.00520661
7 0.439826 0.934102 0.111589 0.112149 0.00462437
7 0.191325 0.188918 0.111116 0.1121 0.0041954
6 0.687991 0.561467 0.112344 0.113122 0.00417825
2 0.688177 0.685061 0.111517 0.112714 0.00382356
12 0.687788 0.188913 0.112406 0.112505 0.00370049
1 0.0668477 0.934164 0.113835 0.114172 0.00368831
0 0.688096 0.18877 0.112575 0.113395 0.00367627
2 0.688168 0.809372 0.111977 0.11343 0.00355592
4 0.439787 0.561521 0.112461 0.112559 0.00354086
13 0.439456 0.561096 0.111228 0.112237 0.0034771
1 0.563905 0.685469 0.112261 0.112747 0.00338749
5 0.935044 0.189165 0.113979 0.114185 0.00338453
10 0.687809 0.313494 0.11026 0.113228 0.00332245
5 0.811762 0.561356 0.112199 0.112787 0.00325978
10 0.811589 0.561193 0.110752 0.113127 0.00323909
3 0.315768 0.934003 0.110973 0.112487 0.00316955
7 0.687839 0.313202 0.11102 0.111448 0.0031111
1 0.191517 0.188781 0.113041 0.112539 0.0030773
3 0.936276 0.313279 0.112742 0.112875 0.00298351
6 0.936399 0.0644654 0.112489 0.113999 0.00295926
10 0.936082 0.188899 0.113017 0.113503 0.00294218
10 0.812657 0.685439 0.110756 0.112866 0.00287132
4 0.067529 0.561673 0.113553 0.113168 0.00281505
5 0.439624 0.685668 0.111696 0.112228 0.00280964
7 0.936004 0.933417 0.112336 0.113724 0.00279246
8 0.813021 0.561556 0.111832 0.114408 0.0027889
13 0.935583 0.933849 0.111774 0.111776 0.00275301
0 0.936489 0.560873 0.113131 0.111466 0.00271993
9 0.439377 0.685385 0.111847 0.11217 0.00266312
10 0.0669584 0.685246 0.112498 0.113462 0.00261831
5 0.811413 0.313209 0.112996 0.113205 0.00261279
11 0.811713 0.188893 0.111677 0.112869 0.00259103
1 0.68794 0.313293 0.11207 0.111927 0.00257846
1 0.811894 0.685648 0.112566 0.112269 0.00256179
3 0.315516 0.809651 0.111304 0.111806 0.00246301
11 0.811923 0.0648685 0.112436 0.113542 0.00243345
2 0.687822 0.313192 0.11071 0.112965 0.00241436
1 0.564074 0.809691 0.112724 0.112809 0.00228972
12 0.687771 0.0642134 0.112022 0.112574 0.00227637
1 0.811795 0.313435 0.110934 0.112401 0.00226723
11 0.688146 0.809512 0.111875 0.113552 0.00223183
7 0.811762 0.684931 0.112067 0.113577 0.00219742
1 0.0674241 0.437026 0.112987 0.112409 0.00219223
1 0.439758 0.934241 0.11322 0.114186 0.00215858
3 0.315595 0.313267 0.112107 0.112635 0.00215311
3 0.190975 0.685388 0.113551 0.112885 0.00213674
1 0.936513 0.312834 0.113612 0.113281 0.00212222
4 0.563584 0.933729 0.110684 0.112844 0.0020872
12 0.0673327 0.809508 0.113493 0.11393 0.00208535
12 0.439306 0.064677 0.112191 0.11238 0.00203739
7 0.935661 0.809658 0.111479 0.112289 0.00201215
11 0.688157 0.685135 0.111241 0.113052 0.00200677
11 0.191066 0.436972 0.112277 0.111877 0.00200073
0 0.688169 0.561495 0.111223 0.11342 0.00197752
12 0.935991 0.437377 0.112648 0.113606 0.00193223
11 0.315114 0.436997 0.111959 0.11184 0.00187415
10 0.687872 0.933978 0.11127 0.111891 0.00182516
1 0.936436 0.809422 0.112683 0.113481 0.00180053
7 0.315051 0.0647146 0.111531 0.113455 0.00179276
0 0.0675042 0.313643 0.111616 0.113796 0.00177526
3 0.688137 0.188908 0.113825 0.113365 0.00177503
11 0.811839 0.932923 0.112259 0.113673 0.00177037
12 0.687793 0.436564 0.110803 0.113324 0.00176821
1 0.315942 0.810213 0.111599 0.112497 0.00176224
1 0.315953 0.312842 0.112175 0.112856 0.00175814
3 0.0672617 0.437421 0.112037 0.111538 0.00175511
9 0.688179 0.436668 0.110489 0.112458 0.00175079
4 0.563977 0.437622 0.112194 0.112817 0.00171257
10 0.563754 0.809598 0.111777 0.11314 0.00167051
3 0.439247 0.809955 0.112646 0.112704 0.00166532
12 0.191306 0.560964 0.110786 0.112713 0.0016582
6 0.564429 0.437927 0.110479 0.112795 0.00163687
3 0.563779 0.561316 0.112436 0.112541 0.00163456
4 0.191485 0.809513 0.110765 0.111539 0.00163065
1 0.811812 0.809319 0.112062 0.112624 0.00162058
4 0.936004 0.933417 0.112336 0.113724 0.00160409
0 0.439827 0.313257 0.110796 0.112717 0.00160364
0 0.81216 0.437177 0.113145 0.113199 0.00157897
1 0.0675404 0.0643851 0.114145 0.113877 0.00157727
1 0.563834 0.561077 0.112659 0.113295 0.00156664
3 0.564042 0.189443 0.112016 0.112425 0.00155281
9 0.936691 0.438008 0.112319 0.114356 0.00154439
5 0.0666419 0.685144 0.113027 0.112467 0.00153377
1 0.813125 0.93295 0.11337 0.113268 0.00150364
5 0.439695 0.809672 0.111903 0.112246 0.00149995
7 0.315917 0.313439 0.112055 0.111929 0.00148537
10 0.191532 0.313004 0.111424 0.11186 0.00147788
1 0.563669 0.189233 0.111706 0.112895 0.00145422
3 0.0671631 0.0646472 0.113316 0.113524 0.00144681
11 0.439164 0.436412 0.110496 0.111937 0.00144126
13 0.935044 0.189165 0.113979 0.114185 0.00140344
2 0.812127 0.685508 0.11172 0.112858 0.00139521
6 0.191325 0.188918 0.111116 0.1121 0.00136728
3 0.0670141 0.809089 0.112393 0.111892 0.0013594
1 0.315155 0.561435 0.112661 0.112445 0.00134918
11 0.19157 0.312957 0.110889 0.111515 0.00133759
8 0.811569 0.3136 0.111605 0.112505 0.0013305
4 0.191589 0.933737 0.113376 0.114422 0.00131619
13 0.0668733 0.561488 0.112385 0.112534 0.00130716
3 0.812584 0.436474 0.110807 0.112726 0.00130667
7 0.315219 0.189058 0.112394 0.113363 0.00130543
10 0.439287 0.685499 0.111546 0.113013 0.00129591
10 0.563544 0.0645909 0.112403 0.112411 0.00129439
12 0.564101 0.436513 0.110467 0.112413 0.00128806
4 0.439782 0.313428 0.111693 0.112771 0.00128607
7 0.0675064 0.561251 0.112482 0.113426 0.00127565
9 0.935808 0.189174 0.112131 0.112878 0.00127363
13 0.31457 0.064467 0.111628 0.112439 0.00126881
6 0.811716 0.685254 0.113823 0.112701 0.00126416
6 0.0668548 0.933815 0.113663 0.113637 0.00126042
10 0.936436 0.809422 0.112683 0.113481 0.00125185
1 0.688053 0.0643395 0.112001 0.112921 0.00124314
9 0.688298 0.064829 0.111206 0.112128 0.00123189
13 0.811762 0.561356 0.112199 0.112787 0.00121383
1 0.316102 0.934391 0.111863 0.113047 0.00119796
7 0.563608 0.809538 0.112072 0.112515 0.00119539
6 0.936384 0.437966 0.112543 0.113337 0.00119226
10 0.687892 0.685451 0.111273 0.111977 0.00118551
2 0.191517 0.188781 0.113041 0.112539 0.00118532
5 0.936166 0.809668 0.112116 0.112608 0.00118457
4 0.936585 0.561521 0.111543 0.112034 0.0011764
10 0.439043 0.436785 0.113012 0.112564 0.00116485
13 0.0666419 0.685144 0.113027 0.112467 0.00115878
4 0.19146 0.313325 0.111065 0.111781 0.0011569
10 0.563738 0.685495 0.111353 0.112996 0.0011442
1 0.439519 0.809398 0.113054 0.112788 0.00114253
7 0.0665481 0.933773 0.112363 0.112828 0.00114009
1 0.315675 0.685442 0.112155 0.11243 0.00113813
2 0.936436 0.809422 0.112683 0.113481 0.00112225
7 0.936405 0.313462 0.111732 0.11238 0.00111677
3 0.191299 0.560929 0.1109 0.111551 0.00110502
7 0.439279 0.561317 0.11189 0.112504 0.00109962
10 0.811705 0.1888 0.112326 0.113267 0.00108117
7 0.191314 0.93344 0.112773 0.11346 0.0010728
12 0.191223 0.188617 0.111556 0.111989 0.00105447
3 0.6879 0.561053 0.111828 0.113286 0.00104698
4 0.688177 0.685061 0.111517 0.112714 0.0010445
2 0.812996 0.189046 0.113152 0.115275 0.00103956
10 0.191223 0.188617 0.111556 0.111989 0.00103834
2 0.563738 0.685495 0.111353 0.112996 0.00103629
7 0.563868 0.685607 0.112531 0.112327 0.00103456
7 0.688095 0.43765 0.112513 0.113203 0.00103053
10 0.687873 0.809639 0.11133 0.112205 0.00102009
2 0.688298 0.064829 0.111206 0.112128 0.00101907
1 0.935931 0.684989 0.113406 0.111976 0.00101533
5 0.563597 0.561591 0.112921 0.112453 0.00101489
13 0.439388 0.685446 0.111235 0.112523 0.00101445
3 0.812996 0.189046 0.113152 0.115275 0.00100656
6 0.688298 0.064829 0.111206 0.112128 0.00100279
6 0.315155 0.561435 0.112661 0.112445 0.0010016
