9 0.563836 0.809678 0.111946 0.112377 0.987474
9 0.563647 0.933955 0.111884 0.11293 0.987296
4 0.31608 0.93409 0.111751 0.112427 0.986938
3 0.439552 0.685087 0.11322 0.11181 0.986853
9 0.314906 0.064835 0.111526 0.111875 0.986818
3 0.191931 0.809449 0.111257 0.11252 0.986459
9 0.936566 0.8096 0.112237 0.110577 0.986377
8 0.439427 0.809636 0.112506 0.112116 0.986221
4 0.315986 0.809682 0.112504 0.111719 0.986014
0 0.93573 0.933462 0.113011 0.111968 0.985278
13 0.440194 0.934008 0.112722 0.113482 0.984945
11 0.563154 0.0649609 0.111651 0.112619 0.984421
5 0.067002 0.561465 0.113018 0.113798 0.983792
6 0.687931 0.933588 0.112078 0.112947 0.983708
8 0.0668011 0.313822 0.113807 0.113447 0.983064
11 0.811996 0.809516 0.112607 0.112502 0.982805
8 0.0668976 0.0652212 0.114103 0.113775 0.98257
11 0.0665751 0.93412 0.113958 0.114523 0.982551
11 0.0666905 0.437288 0.113514 0.112257 0.982528
4 0.191659 0.43713 0.112869 0.112174 0.982523
7 0.191532 0.0648903 0.112206 0.112609 0.982479
6 0.687609 0.809407 0.111126 0.112216 0.982042
1 0.19132 0.561708 0.111956 0.112668 0.981806
2 0.0669441 0.189477 0.111677 0.111993 0.981728
11 0.19153 0.312736 0.111597 0.112618 0.98171
1 0.0672348 0.685239 0.112103 0.111846 0.981499
0 0.191434 0.685422 0.111566 0.111547 0.981491
1 0.315542 0.437362 0.112353 0.112266 0.981463
9 0.439873 0.188789 0.111807 0.11189 0.981366
13 0.315635 0.685342 0.112349 0.111089 0.981221
8 0.439614 0.561077 0.11183 0.11206 0.981188
1 0.315229 0.189023 0.112347 0.112252 0.980908
4 0.68789 0.0651784 0.111877 0.112737 0.980708
10 0.812418 0.933614 0.111666 0.11299 0.980593
11 0.811824 0.0650221 0.112702 0.112711 0.980543
0 0.315407 0.313499 0.112455 0.111946 0.980489
13 0.936034 0.065457 0.113361 0.113515 0.980368
0 0.191039 0.188935 0.112004 0.11149 0.980282
8 0.687506 0.189697 0.11265 0.112828 0.98023
9 0.439526 0.437668 0.111304 0.111886 0.980138
13 0.192192 0.934048 0.11293 0.113793 0.979843
13 0.563936 0.685212 0.111233 0.112155 0.979788
6 0.564153 0.437276 0.111721 0.112292 0.979785
9 0.68756 0.437378 0.111608 0.111582 0.979755
4 0.564033 0.561261 0.113059 0.112985 0.979651
8 0.315512 0.561436 0.112579 0.111691 0.979616
6 0.688322 0.561422 0.112166 0.112008 0.979553
0 0.935698 0.685113 0.113485 0.112011 0.979543
6 0.440019 0.064431 0.111979 0.112682 0.979509
6 0.812705 0.68553 0.112227 0.111895 0.979402
4 0.688303 0.685209 0.113149 0.112496 0.979159
1 0.563594 0.189053 0.112135 0.11314 0.978661
6 0.937058 0.437051 0.113251 0.111919 0.978536
0 0.811902 0.561444 0.112896 0.112823 0.978508
0 0.0673641 0.809542 0.112034 0.113303 0.97843
1 0.812332 0.188693 0.112664 0.112795 0.978416
0 0.563646 0.31316 0.111485 0.112886 0.97838
0 0.812046 0.313079 0.11253 0.112656 0.97833
10 0.812609 0.436843 0.112546 0.113387 0.978319
8 0.439305 0.313285 0.112665 0.112725 0.97828
12 0.936595 0.56144 0.112712 0.111837 0.978197
13 0.936311 0.188713 0.113084 0.113005 0.978068
7 0.687827 0.313107 0.112301 0.112888 0.97806
10 0.936732 0.312684 0.113248 0.113937 0.977909
4 0.811643 0.685701 0.111957 0.112117 0.010185
7 0.811682 0.685465 0.110579 0.112989 0.00873579
2 0.315682 0.561252 0.111283 0.112898 0.00621453
12 0.192163 0.934049 0.111629 0.11141 0.00584213
3 0.687961 0.561084 0.111834 0.111727 0.00541196
4 0.813042 0.436856 0.112368 0.113031 0.00531549
1 0.688192 0.685543 0.112797 0.111943 0.00521113
3 0.936607 0.436609 0.112598 0.112116 0.00495726
1 0.563917 0.561545 0.112494 0.111986 0.00492338
3 0.564088 0.436877 0.111258 0.112123 0.00480265
0 0.68815 0.437394 0.111064 0.112121 0.00475666
2 0.439687 0.56112 0.112253 0.112256 0.00475245
10 0.811614 0.809378 0.110667 0.113395 0.00464464
1 0.0666825 0.809232 0.113364 0.113197 0.00461656
11 0.440338 0.933885 0.111159 0.113073 0.004463
2 0.0665725 0.313736 0.114344 0.112273 0.00441659
8 0.812226 0.809021 0.113103 0.11326 0.00441592
10 0.811569 0.0647083 0.110508 0.11195 0.00420476
2 0.439637 0.312903 0.112124 0.112184 0.00415668
1 0.19165 0.437382 0.112904 0.112268 0.00412628
2 0.687963 0.188919 0.112597 0.112314 0.00394574
1 0.68789 0.0651784 0.111877 0.112737 0.0038058
10 0.067069 0.436386 0.112211 0.112656 0.00375451
1 0.315385 0.809673 0.112532 0.111796 0.00372313
12 0.935991 0.188507 0.110636 0.111223 0.00371188
3 0.439681 0.0641932 0.111974 0.112899 0.00364049
4 0.936254 0.437136 0.113301 0.112844 0.00360565
1 0.31569 0.934193 0.111712 0.11269 0.00341117
13 0.0665751 0.93412 0.113958 0.114523 0.0033879
11 0.192061 0.933955 0.11198 0.113394 0.00338084
5 0.936165 0.313215 0.113855 0.112756 0.00334454
2 0.0671377 0.0649223 0.113308 0.113205 0.00332927
3 0.687806 0.809791 0.111976 0.112123 0.00318493
5 0.813095 0.932626 0.112209 0.112981 0.00316932
10 0.439655 0.933927 0.1115 0.11132 0.00314171
4 0.813095 0.932626 0.112209 0.112981 0.00312944
12 0.563738 0.685592 0.111744 0.112325 0.00307317
0 0.440113 0.43797 0.110504 0.112139 0.00300401
12 0.686749 0.313509 0.110823 0.113557 0.0029857
11 0.315974 0.685362 0.110573 0.111437 0.00296763
3 0.688139 0.933973 0.112435 0.112797 0.00285886
0 0.812744 0.18809 0.11216 0.112327 0.00284217
1 0.564372 0.436769 0.108884 0.112239 0.00279036
2 0.439775 0.810005 0.112137 0.113225 0.00271071
11 0.563968 0.685387 0.111222 0.112082 0.00250707
3 0.811964 0.685285 0.112046 0.111043 0.00250525
6 0.686778 0.313709 0.114461 0.11389 0.00249384
12 0.439841 0.934268 0.111392 0.111695 0.00235554
7 0.81313 0.93319 0.111517 0.115269 0.00230405
8 0.439922 0.438052 0.111188 0.112515 0.00227512
5 0.813042 0.436856 0.112368 0.113031 0.00225088
12 0.936135 0.809987 0.110537 0.113321 0.00222
5 0.813062 0.0653009 0.111251 0.11363 0.00215326
11 0.811662 0.933132 0.113247 0.112527 0.00211226
4 0.31584 0.43777 0.112137 0.112785 0.00207133
11 0.688092 0.189234 0.112797 0.114433 0.00206902
13 0.811651 0.933346 0.111196 0.112961 0.0020615
10 0.191643 0.934015 0.111357 0.111025 0.00205073
6 0.564298 0.561589 0.1127 0.111361 0.00202245
3 0.936135 0.809987 0.110537 0.113321 0.00199165
8 0.68815 0.437394 0.111064 0.112121 0.00199056
7 0.688296 0.809512 0.112527 0.113684 0.00196279
5 0.191591 0.313276 0.113151 0.112181 0.00195418
1 0.811818 0.561006 0.11314 0.112526 0.00195382
11 0.811733 0.436852 0.111573 0.113727 0.00193291
4 0.563922 0.189292 0.111846 0.113412 0.00190067
7 0.936291 0.561504 0.110157 0.113734 0.00188513
12 0.315232 0.685212 0.111524 0.111863 0.00186936
12 0.68815 0.437394 0.111064 0.112121 0.00185428
4 0.315572 0.189341 0.112248 0.113865 0.00183068
7 0.813065 0.437098 0.110235 0.114434 0.00182882
5 0.0668008 0.188603 0.112793 0.11244 0.00182223
11 0.315882 0.561159 0.111373 0.112944 0.00180637
0 0.563666 0.188757 0.111921 0.113378 0.00177591
9 0.935861 0.933659 0.111724 0.112197 0.00175138
0 0.0676078 0.313898 0.112462 0.113926 0.00172195
7 0.688214 0.561084 0.1119 0.113241 0.00168942
7 0.688579 0.933343 0.113423 0.113677 0.00167728
4 0.19132 0.561708 0.111956 0.112668 0.0016551
1 0.563746 0.312598 0.111276 0.112342 0.00165293
5 0.191992 0.809097 0.111466 0.111311 0.00164694
5 0.0665977 0.933457 0.113804 0.113799 0.00160973
11 0.439345 0.80954 0.112185 0.111951 0.00159335
1 0.315619 0.313015 0.11183 0.111936 0.00157615
7 0.93634 0.437087 0.112167 0.113398 0.00156582
9 0.0669934 0.436528 0.111823 0.112063 0.00156283
13 0.0666905 0.437288 0.113514 0.112257 0.00154947
4 0.812128 0.18912 0.112045 0.112644 0.00153902
3 0.688194 0.43664 0.111529 0.111915 0.00148051
3 0.936887 0.561192 0.110903 0.112251 0.001478
7 0.563796 0.437043 0.111237 0.111588 0.00146034
1 0.937264 0.436567 0.109306 0.112997 0.00145143
6 0.688746 0.685482 0.112488 0.110924 0.00143075
4 0.0672348 0.685239 0.112103 0.111846 0.00141847
12 0.812424 0.437364 0.112051 0.11204 0.00141738
10 0.936971 0.561466 0.110753 0.111206 0.00140711
9 0.811511 0.809243 0.111679 0.112721 0.00140313
8 0.564119 0.933425 0.111296 0.112015 0.00139913
6 0.191646 0.437535 0.111451 0.111903 0.00139765
7 0.688155 0.0647256 0.111096 0.11313 0.00139387
13 0.191308 0.313149 0.111758 0.112235 0.00138205
13 0.936531 0.312776 0.111732 0.11184 0.00136596
0 0.688092 0.189234 0.112797 0.114433 0.00132198
8 0.191259 0.313052 0.111379 0.112165 0.00131614
10 0.0665977 0.933457 0.113804 0.113799 0.00130864
10 0.6879 0.313395 0.113192 0.112748 0.00130163
0 0.439717 0.313627 0.111813 0.112399 0.00129955
1 0.812077 0.312754 0.11202 0.112971 0.00127002
0 0.439759 0.189147 0.111936 0.112225 0.00126798
4 0.687878 0.313355 0.112337 0.112599 0.00126292
9 0.687672 0.189734 0.112462 0.112048 0.00126109
0 0.315566 0.0648535 0.112052 0.112137 0.00124571
2 0.936596 0.809582 0.111188 0.111864 0.00124337
11 0.439826 0.561147 0.111012 0.113283 0.00123007
3 0.0663575 0.189358 0.113834 0.111554 0.001227
4 0.688091 0.809805 0.11142 0.112205 0.00121121
5 0.315356 0.809409 0.112595 0.112863 0.00120638
5 0.0668093 0.436922 0.113215 0.11207 0.00120554
12 0.440227 0.436712 0.111414 0.111799 0.00119894
5 0.812085 0.809741 0.112995 0.111994 0.00119405
13 0.811856 0.43755 0.111684 0.111846 0.00117321
1 0.0670011 0.188921 0.112593 0.112199 0.00116616
9 0.812424 0.437364 0.112051 0.11204 0.00116188
9 0.935802 0.685245 0.112423 0.112099 0.0011615
9 0.812439 0.933904 0.111964 0.112462 0.00115254
7 0.936431 0.313255 0.112101 0.115309 0.00112971
11 0.935948 0.189193 0.113997 0.113429 0.00112752
0 0.31531 0.188853 0.11267 0.113457 0.00111017
10 0.191259 0.313052 0.111379 0.112165 0.00110525
2 0.812972 0.188706 0.110603 0.11359 0.00110482
9 0.811458 0.0645375 0.110873 0.111235 0.0011002
11 0.0668976 0.0652212 0.114103 0.113775 0.00109079
8 0.43989 0.189106 0.111705 0.111942 0.00107795
0 0.315802 0.438035 0.111773 0.113681 0.00106994
8 0.0666905 0.437288 0.113514 0.112257 0.00106449
2 0.315385 0.809673 0.112532 0.111796 0.00105417
9 0.936365 0.312989 0.113046 0.112295 0.00105077
12 0.688214 0.561084 0.1119 0.113241 0.0010481
1 0.688377 0.56116 0.111221 0.11279 0.00104759
1 0.191355 0.685159 0.111523 0.112087 0.00104351
7 0.191362 0.436589 0.111114 0.112068 0.00103988
8 0.0665751 0.93412 0.113958 0.114523 0.0010354
2 0.31569 0.934193 0.111712 0.11269 0.00103526
10 0.315347 0.685066 0.110613 0.111405 0.00103076
0 0.0670073 0.684908 0.112347 0.112002 0.00102689
8 0.935828 0.933132 0.112179 0.112275 0.00102061
7 0.564286 0.561544 0.112527 0.11225 0.00102041
11 0.43956 0.313686 0.111844 0.112604 0.00101823
12 0.688296 0.809512 0.112527 0.113684 0.0010116
1 0.191706 0.809218 0.112467 0.112584 0.00101067
0 0.564166 0.933395 0.111437 0.112111 0.0010087
12 0.81228 0.933846 0.112463 0.112484 0.00100859
12 0.564095 0.809427 0.111091 0.111555 0.00100349
12 0.936047 0.0650684 0.11287 0.112797 0.00100157
11 0.936034 0.065457 0.113361 0.113515 0.00100124
