9 0.439737 0.684542 0.110312 0.111245 0.986531
9 0.439605 0.808789 0.111285 0.111744 0.986512
9 0.314854 0.933713 0.11486 0.112517 0.986001
3 0.316103 0.685538 0.112355 0.112073 0.985718
7 0.0666178 0.438109 0.113571 0.112668 0.985005
5 0.439385 0.933818 0.110299 0.11119 0.984898
4 0.315658 0.561263 0.112984 0.113972 0.984482
4 0.316186 0.809399 0.112679 0.113443 0.983957
0 0.935541 0.932857 0.111346 0.111979 0.983743
13 0.315703 0.313885 0.112326 0.113675 0.983398
7 0.563579 0.683959 0.11121 0.110744 0.983379
0 0.190983 0.437226 0.113412 0.114307 0.983367
13 0.811333 0.685271 0.113215 0.111619 0.983078
6 0.19179 0.56127 0.110188 0.110517 0.98288
5 0.563924 0.809304 0.110605 0.112699 0.982866
6 0.067421 0.56178 0.113705 0.112182 0.982779
6 0.81248 0.933908 0.113119 0.112123 0.982681
6 0.0667005 0.313954 0.113266 0.112187 0.982624
4 0.191263 0.188197 0.1122 0.113915 0.982181
11 0.314919 0.0642228 0.111381 0.110632 0.982004
6 0.0662226 0.0641706 0.112091 0.112134 0.981986
1 0.316083 0.437693 0.112291 0.110801 0.981878
10 0.191605 0.0640757 0.113135 0.111862 0.981805
11 0.812412 0.809761 0.113019 0.112337 0.98033
4 0.936053 0.809234 0.111302 0.109898 0.980306
2 0.189971 0.933949 0.11321 0.112172 0.9799
13 0.314466 0.188603 0.112702 0.112763 0.979653
13 0.812212 0.0649256 0.112059 0.111013 0.979626
6 0.56416 0.560869 0.112132 0.111666 0.979479
10 0.687393 0.0649274 0.112177 0.11125 0.979347
2 0.0671556 0.934055 0.110863 0.110684 0.979275
1 0.191111 0.80944 0.111497 0.111693 0.979248
8 0.0674449 0.188949 0.112611 0.113739 0.9792
6 0.563674 0.313162 0.112961 0.112115 0.978983
10 0.936717 0.188171 0.111942 0.112826 0.978948
9 0.439309 0.188595 0.112888 0.113373 0.978925
8 0.192167 0.312557 0.112618 0.113101 0.978898
9 0.812195 0.313166 0.112001 0.112592 0.978882
4 0.936847 0.561674 0.11104 0.112116 0.978827
10 0.68742 0.188299 0.112037 0.112916 0.978776
10 0.936991 0.312421 0.112086 0.11216 0.978771
8 0.688141 0.933758 0.113431 0.115562 0.978728
0 0.0664359 0.810839 0.111259 0.116186 0.978621
8 0.0674737 0.685429 0.111716 0.112326 0.978374
12 0.936819 0.685341 0.111523 0.111687 0.978363
3 0.439638 0.561425 0.111114 0.112268 0.978363
8 0.563591 0.0650627 0.111111 0.11171 0.978333
12 0.563429 0.188509 0.111475 0.111915 0.978323
11 0.811733 0.188013 0.113488 0.112715 0.978257
5 0.687704 0.685335 0.112063 0.112301 0.97808
11 0.439593 0.437232 0.110237 0.112905 0.97804
8 0.190683 0.684698 0.109972 0.11239 0.977881
1 0.439337 0.312741 0.111203 0.112088 0.977877
8 0.563606 0.934501 0.112514 0.113744 0.977636
8 0.812344 0.561621 0.112417 0.11294 0.977624
2 0.68861 0.43757 0.112001 0.113387 0.977552
1 0.56435 0.437397 0.112978 0.111339 0.97755
8 0.936662 0.437294 0.111938 0.114128 0.97743
3 0.688415 0.561785 0.111778 0.11154 0.977316
2 0.687944 0.313079 0.112615 0.113115 0.977201
8 0.439912 0.0646981 0.113398 0.111408 0.977063
1 0.812838 0.437244 0.110755 0.111805 0.977034
11 0.936599 0.0643862 0.113118 0.111996 0.976613
1 0.688646 0.810111 0.112425 0.112177 0.976057
13 0.936264 0.187855 0.112853 0.112497 0.0251136
2 0.190386 0.684866 0.110481 0.112069 0.0140759
2 0.811922 0.561249 0.111962 0.11445 0.0104933
2 0.688523 0.562071 0.112222 0.110523 0.00751805
1 0.813523 0.933693 0.112525 0.111335 0.00672483
2 0.936874 0.436723 0.112838 0.1164 0.00660308
2 0.066482 0.684925 0.114921 0.112779 0.00654579
2 0.562963 0.0646234 0.110811 0.111712 0.00633349
8 0.813216 0.809761 0.11271 0.113579 0.00611779
2 0.4393 0.0644204 0.110924 0.110792 0.00590215
2 0.191526 0.312535 0.111429 0.111913 0.00570138
3 0.8116 0.313017 0.110653 0.113168 0.00510592
7 0.191266 0.188116 0.111735 0.113116 0.00504084
7 0.686627 0.187867 0.111439 0.113498 0.0045131
4 0.686635 0.188972 0.112445 0.112965 0.00437055
7 0.688349 0.0648417 0.115479 0.11384 0.00434979
1 0.687976 0.438254 0.112125 0.113913 0.00431592
3 0.81307 0.933797 0.113272 0.112499 0.00428105
13 0.687264 0.188377 0.112544 0.111961 0.00426941
2 0.688213 0.685067 0.111947 0.113317 0.00424788
7 0.93628 0.311625 0.111666 0.112766 0.00412729
13 0.936496 0.312563 0.111375 0.112313 0.00410978
3 0.440357 0.685012 0.110514 0.1109 0.00407972
5 0.935828 0.065057 0.112908 0.112009 0.00376972
1 0.936551 0.561236 0.111416 0.112258 0.00366919
1 0.68822 0.312879 0.114416 0.114287 0.00354539
4 0.93628 0.311625 0.111666 0.112766 0.0034689
12 0.811118 0.685335 0.111997 0.111077 0.00334242
12 0.8116 0.313017 0.110653 0.113168 0.00328268
7 0.936185 0.187245 0.11057 0.113021 0.0032235
9 0.811691 0.8097 0.109786 0.111131 0.00321873
1 0.191458 0.188344 0.111676 0.113506 0.00309005
2 0.688139 0.933528 0.113213 0.112705 0.00308173
2 0.0663998 0.18904 0.115404 0.113589 0.00306752
8 0.68844 0.437702 0.114312 0.114973 0.00297127
9 0.688523 0.562071 0.112222 0.110523 0.00294564
8 0.688233 0.313154 0.113489 0.114467 0.00293918
7 0.936252 0.561918 0.111135 0.111628 0.0028659
8 0.936034 0.0643311 0.110909 0.10995 0.00278698
3 0.191462 0.560267 0.111001 0.111301 0.0027351
0 0.81352 0.437016 0.110076 0.112515 0.00270078
0 0.191697 0.313246 0.113381 0.115256 0.00269704
2 0.563433 0.934231 0.112106 0.110545 0.00267587
3 0.688213 0.685067 0.111947 0.113317 0.0025892
7 0.936413 0.809412 0.110433 0.111038 0.00255441
0 0.813164 0.562117 0.114236 0.114854 0.00255133
1 0.315859 0.560963 0.113656 0.114118 0.00254105
4 0.936185 0.187245 0.11057 0.113021 0.0025368
0 0.688673 0.810362 0.113115 0.113887 0.00253196
11 0.686793 0.685763 0.110222 0.109871 0.00252277
3 0.0666625 0.560678 0.114718 0.112302 0.00249998
0 0.688679 0.933661 0.11487 0.112672 0.00246712
5 0.935525 0.189036 0.113798 0.112689 0.00244278
5 0.812412 0.809761 0.113019 0.112337 0.00239607
10 0.936295 0.809432 0.109805 0.111143 0.00234853
13 0.688067 0.064685 0.113129 0.111398 0.00230529
5 0.811038 0.189104 0.113255 0.112166 0.0022978
1 0.936295 0.809432 0.109805 0.111143 0.00226797
9 0.936034 0.0643311 0.110909 0.10995 0.00226761
6 0.191266 0.188116 0.111735 0.113116 0.00224835
4 0.688349 0.0648417 0.115479 0.11384 0.00223481
0 0.813039 0.313205 0.111688 0.113805 0.00222202
0 0.439531 0.313432 0.11075 0.112158 0.00222189
8 0.811188 0.187605 0.11275 0.111497 0.00221628
10 0.935828 0.065057 0.112908 0.112009 0.00221529
12 0.687982 0.56117 0.111203 0.111275 0.00220486
1 0.935966 0.932113 0.108269 0.111524 0.00215862
0 0.316009 0.43842 0.111308 0.110493 0.00209512
6 0.936352 0.808534 0.110055 0.110677 0.00209001
12 0.439535 0.188966 0.113115 0.113194 0.00207144
12 0.440791 0.684926 0.111038 0.112082 0.00207072
9 0.314683 0.188875 0.110619 0.110991 0.0020103
10 0.811792 0.809617 0.10857 0.110509 0.00198728
2 0.813228 0.809643 0.112578 0.113988 0.0019647
13 0.191494 0.0640308 0.111893 0.110557 0.00190156
5 0.439383 0.436793 0.110784 0.112096 0.00189565
10 0.0666327 0.438238 0.114031 0.113678 0.00188472
9 0.811188 0.187605 0.11275 0.111497 0.00187507
1 0.688343 0.561756 0.111479 0.111272 0.00185139
12 0.686635 0.188972 0.112445 0.112965 0.00184449
5 0.936107 0.312285 0.1126 0.112093 0.00183309
10 0.439634 0.933999 0.111109 0.11114 0.00183133
10 0.811257 0.187766 0.112938 0.111937 0.00181477
3 0.439425 0.188724 0.111888 0.112509 0.00177211
0 0.563461 0.0648182 0.111704 0.112677 0.00176449
4 0.190885 0.0643141 0.112556 0.110643 0.00176218
5 0.686755 0.313341 0.113816 0.112109 0.00173195
1 0.31609 0.809388 0.114139 0.113719 0.00172109
4 0.0660024 0.436615 0.113853 0.110861 0.0017162
4 0.563335 0.684433 0.112239 0.112101 0.00171291
0 0.936423 0.436957 0.111707 0.113099 0.00169361
1 0.190434 0.933937 0.11262 0.111709 0.00168455
3 0.563825 0.56024 0.112812 0.112851 0.00167279
5 0.688319 0.0646546 0.115963 0.11261 0.00166569
12 0.439568 0.561207 0.111348 0.111639 0.00166242
9 0.439932 0.4376 0.110379 0.111133 0.00164815
3 0.563444 0.312607 0.113216 0.11266 0.00163006
9 0.315988 0.313745 0.111653 0.113698 0.00159185
12 0.687439 0.0652536 0.114026 0.111716 0.00156931
2 0.191458 0.188344 0.111676 0.113506 0.00156721
7 0.19137 0.0642546 0.113189 0.111891 0.00155874
1 0.0670613 0.934032 0.111728 0.110954 0.00152499
6 0.315709 0.809308 0.113665 0.113881 0.00151859
7 0.936145 0.68604 0.108101 0.110945 0.00150841
1 0.563701 0.313248 0.112662 0.113835 0.00150347
6 0.0666327 0.438238 0.114031 0.113678 0.00149669
12 0.440584 0.809316 0.111329 0.11231 0.00149662
6 0.93627 0.56106 0.110975 0.112787 0.00149658
1 0.0653269 0.808825 0.112255 0.113668 0.00144504
12 0.811509 0.0648483 0.110904 0.111261 0.00143864
11 0.066482 0.684925 0.114921 0.112779 0.00139356
7 0.315709 0.809308 0.113665 0.113881 0.00139338
5 0.315289 0.0645266 0.112015 0.110815 0.00137486
1 0.563964 0.56088 0.111875 0.112866 0.00136969
12 0.936107 0.312285 0.1126 0.112093 0.00136469
12 0.935525 0.189036 0.113798 0.112689 0.00134625
1 0.315901 0.685488 0.112736 0.112578 0.00134592
12 0.0673536 0.438211 0.113212 0.113577 0.0013436
4 0.564272 0.436327 0.113442 0.11155 0.00134225
7 0.0667005 0.313954 0.113266 0.112187 0.00133069
1 0.439994 0.561427 0.111274 0.111726 0.00133065
11 0.935773 0.436925 0.112862 0.112713 0.00132054
11 0.439634 0.933999 0.111109 0.11114 0.0013114
11 0.191109 0.312397 0.11368 0.11232 0.00129325
0 0.439934 0.0645809 0.111498 0.11079 0.00127561
0 0.439415 0.189007 0.112448 0.114083 0.00127543
4 0.688213 0.685067 0.111947 0.113317 0.00127348
10 0.936283 0.56204 0.110903 0.112493 0.0012722
11 0.563335 0.934262 0.11225 0.110812 0.00126323
3 0.563707 0.80914 0.111256 0.114657 0.0012463
10 0.43953 0.438192 0.110394 0.112772 0.00124051
9 0.439745 0.561086 0.111667 0.112544 0.00118397
2 0.315723 0.684875 0.116383 0.112521 0.00117447
6 0.315356 0.561207 0.112799 0.112927 0.00117101
13 0.936145 0.68604 0.108101 0.110945 0.00115482
0 0.564343 0.43647 0.111651 0.110494 0.00115467
8 0.315514 0.934037 0.114703 0.11242 0.0011359
6 0.93611 0.685142 0.111598 0.111879 0.001133
11 0.563701 0.809241 0.110889 0.113766 0.00112803
3 0.0665045 0.313858 0.112827 0.112082 0.00112706
2 0.936551 0.561236 0.111416 0.112258 0.0011147
2 0.439435 0.56143 0.110383 0.111947 0.00111425
0 0.19069 0.810184 0.112777 0.113281 0.00110956
2 0.936758 0.809074 0.110845 0.11093 0.00110531
13 0.935828 0.065057 0.112908 0.112009 0.00109635
11 0.314497 0.188815 0.112577 0.113609 0.00108672
2 0.563722 0.809115 0.111211 0.113523 0.00108396
0 0.0677112 0.189414 0.113734 0.115324 0.00106335
13 0.067072 0.436271 0.111955 0.114306 0.00104595
4 0.439116 0.313161 0.112466 0.112355 0.00104386
0 0.563093 0.934186 0.112719 0.112441 0.00104028
12 0.564018 0.684834 0.111583 0.111393 0.00103727
2 0.44031 0.809146 0.111457 0.112185 0.00101941
3 0.0660197 0.934014 0.114086 0.111217 0.00101736
7 0.315356 0.561207 0.112799 0.112927 0.00101631
3 0.440584 0.809316 0.111329 0.11231 0.0010129
0 0.316131 0.934569 0.11483 0.112619 0.00100393
