3 0.315121 0.80952 0.11346 0.112651 0.98728
5 0.315368 0.933841 0.111051 0.112809 0.986746
9 0.0670504 0.809626 0.113647 0.113707 0.986561
6 0.19159 0.933856 0.111825 0.1126 0.98638
7 0.935975 0.93374 0.113914 0.113765 0.985505
3 0.439178 0.685362 0.112795 0.112603 0.985466
10 0.564067 0.809641 0.112378 0.113702 0.984981
11 0.439035 0.809589 0.111302 0.112751 0.984952
11 0.563007 0.93386 0.110902 0.113377 0.984945
11 0.438758 0.0652552 0.110536 0.11215 0.98493
5 0.315901 0.561718 0.111003 0.112813 0.984098
3 0.0664433 0.189511 0.112525 0.11369 0.984051
3 0.191008 0.685184 0.113216 0.112329 0.984038
8 0.315519 0.685645 0.112499 0.111917 0.984007
8 0.687896 0.934014 0.112653 0.113484 0.983758
7 0.0673602 0.437736 0.113284 0.113182 0.983688
13 0.191846 0.437617 0.111054 0.112436 0.983466
3 0.191208 0.189501 0.111618 0.113155 0.983127
5 0.315132 0.189231 0.110831 0.112501 0.982934
9 0.9362 0.68525 0.113085 0.112881 0.982888
3 0.0670942 0.561871 0.113374 0.114205 0.982821
7 0.687898 0.0653275 0.112034 0.11375 0.982775
10 0.191569 0.561374 0.11209 0.112219 0.982685
2 0.687734 0.809419 0.112551 0.113382 0.982508
4 0.19154 0.809569 0.112238 0.11261 0.982493
6 0.0669198 0.313662 0.113287 0.113 0.982399
5 0.315499 0.313644 0.111544 0.112898 0.982389
2 0.0667195 0.934234 0.114607 0.114084 0.982215
5 0.0668333 0.065383 0.113014 0.113625 0.982137
4 0.191263 0.0647463 0.11291 0.113988 0.982007
13 0.811859 0.809815 0.11364 0.113782 0.981796
4 0.439435 0.18901 0.11336 0.114034 0.98141
12 0.936327 0.809797 0.112134 0.112643 0.981362
2 0.811734 0.933557 0.113006 0.113616 0.981273
2 0.315002 0.437064 0.112596 0.112231 0.981236
1 0.190976 0.31346 0.111996 0.111728 0.98121
2 0.315057 0.0645284 0.112001 0.11277 0.980727
10 0.43928 0.56121 0.112938 0.112149 0.980519
12 0.0669636 0.685626 0.113568 0.112185 0.979819
10 0.563825 0.188841 0.112228 0.114672 0.979668
11 0.687872 0.685162 0.11215 0.112676 0.979636
4 0.563868 0.437008 0.113285 0.114603 0.979611
12 0.687547 0.188865 0.111808 0.111483 0.979606
3 0.439689 0.4375 0.111235 0.111807 0.979164
10 0.564134 0.561373 0.112466 0.114106 0.979147
7 0.563961 0.313279 0.112251 0.113595 0.979093
11 0.811645 0.0654101 0.112092 0.113352 0.979003
5 0.687839 0.437231 0.112351 0.11347 0.978956
8 0.439357 0.934172 0.112548 0.113479 0.978797
10 0.812311 0.188527 0.112695 0.114288 0.978732
12 0.439659 0.313159 0.112834 0.11313 0.978713
7 0.811696 0.685848 0.112908 0.112382 0.97871
1 0.936185 0.561139 0.113973 0.112893 0.978478
5 0.936512 0.312982 0.113064 0.112867 0.978476
2 0.563481 0.064941 0.111884 0.112767 0.978395
0 0.811935 0.313104 0.112525 0.112371 0.978067
12 0.688299 0.56113 0.112204 0.113001 0.978059
0 0.935901 0.188702 0.112863 0.112253 0.977933
12 0.936311 0.0644643 0.113074 0.113263 0.977766
8 0.81243 0.437142 0.112242 0.112807 0.977731
2 0.563805 0.685455 0.111993 0.11217 0.977675
2 0.936667 0.43711 0.112277 0.112686 0.977129
2 0.812288 0.561504 0.112234 0.112389 0.977
8 0.687961 0.313076 0.111176 0.111562 0.976885
6 0.936503 0.809184 0.110603 0.111732 0.154364
6 0.0670108 0.685653 0.112659 0.111949 0.0183518
6 0.688159 0.561276 0.111684 0.111595 0.0153725
6 0.935477 0.0650751 0.113335 0.113855 0.0135679
6 0.687769 0.18917 0.112973 0.113327 0.0101985
2 0.688348 0.312339 0.111903 0.111684 0.0098004
8 0.811551 0.932968 0.113114 0.110792 0.00698988
2 0.812549 0.436743 0.112289 0.112945 0.00657145
5 0.439415 0.0653574 0.111116 0.112859 0.00646856
5 0.687742 0.809378 0.111902 0.111852 0.006446
12 0.811421 0.685668 0.111903 0.112704 0.00546444
6 0.43955 0.313789 0.111114 0.113105 0.00532121
8 0.936459 0.436333 0.111919 0.110681 0.00459023
7 0.936061 0.0646246 0.11158 0.112678 0.00376349
1 0.564195 0.437287 0.112333 0.113878 0.00358741
5 0.811423 0.561495 0.113201 0.111427 0.00356225
11 0.811558 0.436606 0.110036 0.111742 0.00345083
10 0.811517 0.0651474 0.111159 0.111729 0.00336969
5 0.811714 0.0658431 0.112036 0.113366 0.00310759
1 0.314821 0.43792 0.110312 0.109449 0.00304533
12 0.564285 0.561492 0.112283 0.112169 0.00303369
7 0.936084 0.809801 0.110846 0.113499 0.0028334
1 0.688182 0.809653 0.111459 0.112809 0.002786
11 0.686798 0.437676 0.109573 0.111273 0.00278157
11 0.687732 0.312674 0.110915 0.110924 0.00274697
4 0.688196 0.809222 0.110847 0.112735 0.00269313
1 0.935989 0.437925 0.10943 0.111687 0.00266466
12 0.564136 0.809401 0.111898 0.112163 0.00265564
5 0.564136 0.809401 0.111898 0.112163 0.00259497
5 0.811569 0.188686 0.114379 0.112038 0.00259212
0 0.936413 0.560746 0.113001 0.111736 0.00256928
3 0.688196 0.809222 0.110847 0.112735 0.00256392
11 0.316029 0.685593 0.112134 0.113125 0.00252917
3 0.314809 0.436955 0.11241 0.112122 0.00250985
7 0.439498 0.189069 0.112108 0.113137 0.00250411
2 0.688162 0.437563 0.11301 0.113225 0.00248261
5 0.439478 0.809921 0.111976 0.11322 0.00246917
3 0.0665472 0.313625 0.112067 0.112714 0.00242956
11 0.440179 0.9345 0.112934 0.113358 0.00238162
10 0.315334 0.934105 0.111475 0.111947 0.00234735
10 0.9363 0.313307 0.111042 0.111808 0.00233653
5 0.0668404 0.933918 0.112703 0.111925 0.00232055
12 0.935803 0.933723 0.112164 0.112567 0.00231297
11 0.811674 0.933324 0.11144 0.112544 0.00229234
4 0.563751 0.189123 0.111649 0.113548 0.0022892
12 0.811216 0.810134 0.11181 0.112637 0.00228098
0 0.811684 0.43801 0.110637 0.112224 0.00224414
12 0.439689 0.4375 0.111235 0.111807 0.0022345
11 0.936213 0.312969 0.112566 0.113226 0.002161
7 0.191556 0.0645474 0.111634 0.112419 0.00214824
2 0.315826 0.685672 0.112179 0.113208 0.0021477
2 0.439357 0.934172 0.112548 0.113479 0.00210816
3 0.066339 0.933695 0.114875 0.11341 0.00210203
1 0.439946 0.18921 0.113413 0.1136 0.00209082
5 0.563378 0.934176 0.11193 0.113667 0.00208144
8 0.688176 0.685078 0.112568 0.112821 0.00206719
5 0.563845 0.685542 0.111783 0.113697 0.0020645
10 0.0673007 0.4379 0.111825 0.114352 0.00205516
4 0.935975 0.93374 0.113914 0.113765 0.00195999
1 0.563623 0.0641981 0.111359 0.113589 0.00194394
1 0.56399 0.685129 0.112609 0.112765 0.00190186
1 0.812025 0.312709 0.112143 0.112994 0.0018991
4 0.563971 0.809369 0.112489 0.113692 0.00189904
5 0.936072 0.436958 0.112867 0.113532 0.00189666
4 0.0668134 0.437398 0.114871 0.112276 0.00189662
13 0.0673007 0.4379 0.111825 0.114352 0.00188641
11 0.687896 0.934014 0.112653 0.113484 0.00187502
5 0.811551 0.932968 0.113114 0.110792 0.00186996
2 0.688468 0.933388 0.113781 0.112982 0.00186896
1 0.191459 0.0646636 0.112757 0.113672 0.00181381
12 0.563868 0.188612 0.112234 0.11366 0.00178753
10 0.687815 0.685052 0.111269 0.111945 0.00176693
6 0.811364 0.685121 0.112746 0.112518 0.00176392
8 0.936097 0.685788 0.111474 0.114638 0.00175503
5 0.315688 0.436852 0.111191 0.113873 0.00174984
3 0.19159 0.933856 0.111825 0.1126 0.00169884
4 0.812034 0.189135 0.112099 0.11392 0.00169059
10 0.687551 0.437588 0.111858 0.112403 0.00166306
0 0.687854 0.313407 0.11134 0.111551 0.00164481
6 0.43964 0.437996 0.11327 0.112278 0.00163905
1 0.812477 0.561355 0.112268 0.112284 0.00159906
4 0.563886 0.561726 0.111868 0.113118 0.0015793
3 0.564108 0.685315 0.111425 0.111869 0.00154968
12 0.191202 0.189398 0.111998 0.112587 0.00154619
10 0.0660792 0.0655235 0.112836 0.112047 0.0015241
11 0.564136 0.809401 0.111898 0.112163 0.0015221
4 0.936503 0.809184 0.110603 0.111732 0.00149627
0 0.688453 0.93381 0.113325 0.113425 0.00148609
12 0.686777 0.0650077 0.10913 0.111895 0.00148004
8 0.812054 0.560913 0.111226 0.111174 0.00146723
10 0.31493 0.189112 0.111684 0.112379 0.00145986
0 0.688126 0.189094 0.112144 0.113602 0.00144053
11 0.81166 0.188411 0.112825 0.115269 0.00144001
4 0.688163 0.0648467 0.110885 0.111763 0.00143486
7 0.0673317 0.313761 0.113027 0.112528 0.00143262
12 0.936756 0.68546 0.112344 0.112588 0.00142666
12 0.563953 0.313475 0.112254 0.112725 0.00142604
4 0.439345 0.561444 0.112611 0.113354 0.00141917
12 0.439878 0.561457 0.112926 0.112848 0.00140006
1 0.19142 0.809768 0.113583 0.113592 0.00139796
3 0.688145 0.437643 0.11352 0.114303 0.00139265
4 0.688221 0.437872 0.111189 0.111954 0.00136383
4 0.191148 0.56115 0.11227 0.112865 0.00132381
12 0.811909 0.189312 0.113285 0.113425 0.00132192
1 0.812258 0.933442 0.112468 0.11335 0.00131945
4 0.191052 0.31384 0.11181 0.112666 0.00131769
11 0.564285 0.561492 0.112283 0.112169 0.00131711
7 0.191139 0.809497 0.112823 0.113125 0.00131389
12 0.0666406 0.188818 0.112789 0.11308 0.00131311
5 0.688181 0.685168 0.112525 0.112528 0.00130339
1 0.315351 0.0643474 0.111888 0.113489 0.00128051
13 0.811479 0.685316 0.111408 0.113018 0.00124806
5 0.315059 0.0648694 0.112245 0.111491 0.00124198
1 0.0665372 0.561678 0.113353 0.113069 0.00122566
8 0.56352 0.0644083 0.111643 0.112066 0.00122165
7 0.191291 0.436604 0.111337 0.112955 0.00121471
4 0.936413 0.560746 0.113001 0.111736 0.00120994
6 0.439498 0.189069 0.112108 0.113137 0.00120866
12 0.0671692 0.8095 0.113233 0.11341 0.0011905
12 0.0670313 0.43656 0.111789 0.111663 0.00119008
3 0.314815 0.0647265 0.112437 0.112303 0.00118119
12 0.19182 0.685442 0.111831 0.111836 0.00117414
4 0.564108 0.685315 0.111425 0.111869 0.00116781
12 0.191914 0.43765 0.11136 0.111707 0.0011618
0 0.190987 0.313196 0.111875 0.112426 0.00114776
6 0.68814 0.0649768 0.110773 0.113142 0.00113761
0 0.93639 0.685037 0.112993 0.114004 0.0011199
10 0.315461 0.31344 0.111796 0.112553 0.00111458
10 0.68814 0.0649768 0.110773 0.113142 0.00111278
6 0.935825 0.933391 0.111183 0.112945 0.00109814
5 0.56365 0.189112 0.11282 0.112887 0.00108802
4 0.812605 0.685604 0.112729 0.113363 0.00108484
13 0.439554 0.561365 0.111453 0.111598 0.00106316
5 0.563457 0.561533 0.111653 0.111779 0.00105783
2 0.564195 0.437287 0.112333 0.113878 0.00105626
8 0.563701 0.933469 0.111976 0.112829 0.0010481
3 0.936503 0.809184 0.110603 0.111732 0.00104205
4 0.191181 0.189169 0.111761 0.112032 0.00103856
0 0.688262 0.56152 0.111889 0.112394 0.00103326
9 0.439555 0.809691 0.111867 0.1127 0.00103244
3 0.687813 0.56117 0.112339 0.112826 0.00102308
1 0.315301 0.809417 0.112487 0.112402 0.00102296
4 0.563977 0.313888 0.111881 0.113471 0.00100956
9 0.811526 0.437064 0.111101 0.113284 0.00100533
5 0.191159 0.809452 0.11262 0.112405 0.0010006
