4 0.316122 0.809461 0.112052 0.11311 0.987052
6 0.439894 0.933945 0.113193 0.113882 0.986503
6 0.315593 0.934069 0.111608 0.11279 0.986137
6 0.191491 0.934028 0.111934 0.112885 0.98573
7 0.93643 0.809663 0.112586 0.111173 0.985633
5 0.191882 0.685418 0.110617 0.111803 0.985458
0 0.935734 0.933332 0.112863 0.112064 0.985146
5 0.563889 0.809447 0.111036 0.112349 0.985138
13 0.812304 0.933798 0.111445 0.112237 0.984869
10 0.563925 0.933748 0.112058 0.114403 0.984809
5 0.0674871 0.685519 0.1117 0.111656 0.984784
4 0.936272 0.685406 0.112998 0.11304 0.98429
10 0.316074 0.0645776 0.112919 0.112989 0.983973
1 0.191307 0.809533 0.111759 0.112589 0.983409
4 0.191416 0.313522 0.111938 0.112974 0.983388
13 0.688346 0.93382 0.1129 0.113692 0.983379
6 0.0669128 0.313455 0.113717 0.112721 0.983128
7 0.19164 0.189283 0.111995 0.111531 0.983104
11 0.811696 0.809824 0.112532 0.112095 0.983059
13 0.315446 0.43763 0.112648 0.111424 0.983053
6 0.439875 0.561499 0.112046 0.112348 0.983002
7 0.315981 0.685657 0.111492 0.111277 0.982742
5 0.315796 0.189239 0.111607 0.112376 0.982541
3 0.19172 0.0648802 0.111237 0.112099 0.982093
1 0.191199 0.561507 0.111633 0.112137 0.981989
1 0.0670301 0.437565 0.112693 0.112035 0.981713
12 0.0675404 0.18874 0.113605 0.112231 0.981684
12 0.315815 0.313001 0.113278 0.112798 0.981657
1 0.563665 0.685107 0.11174 0.112426 0.98135
11 0.439132 0.0650854 0.110697 0.112061 0.9812
3 0.0670086 0.561453 0.112264 0.112212 0.981178
0 0.315197 0.561353 0.112471 0.112297 0.981071
1 0.687781 0.809524 0.111687 0.112808 0.981007
3 0.811955 0.0650761 0.112505 0.113126 0.980911
11 0.439354 0.685215 0.110828 0.111544 0.980908
9 0.43996 0.437478 0.112197 0.112078 0.980634
0 0.191359 0.437594 0.112271 0.112288 0.980615
12 0.439644 0.809606 0.112122 0.112872 0.980585
1 0.0665947 0.934026 0.113558 0.113292 0.980028
9 0.563528 0.43775 0.111882 0.111999 0.979875
7 0.687773 0.0653048 0.111352 0.112039 0.979674
10 0.687869 0.188724 0.112887 0.113855 0.979652
13 0.687599 0.313256 0.112448 0.112457 0.979335
3 0.563155 0.313568 0.112257 0.112512 0.979268
12 0.563446 0.561627 0.112135 0.111866 0.979206
5 0.563387 0.188504 0.11115 0.113018 0.979193
13 0.687799 0.561608 0.112318 0.112362 0.979067
3 0.811681 0.188937 0.112072 0.112516 0.979052
6 0.812494 0.685505 0.113099 0.113092 0.97904
0 0.0675792 0.0649464 0.111975 0.112411 0.979013
13 0.812224 0.313329 0.112881 0.112197 0.978805
0 0.687685 0.437162 0.112101 0.113226 0.978674
10 0.936584 0.56118 0.11325 0.113459 0.97848
0 0.563457 0.0649416 0.11175 0.112932 0.97848
0 0.687808 0.685472 0.112292 0.112852 0.978368
11 0.439289 0.313068 0.111504 0.113351 0.978343
1 0.936288 0.0641437 0.113833 0.113559 0.978327
11 0.439281 0.189236 0.111673 0.112404 0.978238
4 0.936566 0.436866 0.113794 0.114212 0.978215
0 0.0672269 0.809445 0.111806 0.113386 0.978086
7 0.812232 0.561558 0.112908 0.112946 0.977958
1 0.936347 0.312816 0.113701 0.112471 0.977897
4 0.93631 0.188627 0.113539 0.114416 0.97787
2 0.812188 0.436984 0.112417 0.113564 0.977868
5 0.439484 0.188801 0.111634 0.112496 0.0326111
5 0.439461 0.685407 0.111164 0.111675 0.0312953
10 0.812247 0.933382 0.11166 0.11408 0.0212116
5 0.439238 0.313474 0.111645 0.112302 0.0187349
5 0.439479 0.0645588 0.110603 0.11262 0.00963914
6 0.563789 0.561387 0.11238 0.11283 0.0090098
3 0.812381 0.437497 0.112379 0.112264 0.00811916
1 0.0666223 0.809219 0.11314 0.112541 0.00682261
4 0.688129 0.189212 0.112912 0.114875 0.00611595
1 0.811846 0.437864 0.108883 0.112033 0.00491126
12 0.811548 0.561649 0.112627 0.112497 0.00488634
12 0.811661 0.189166 0.11298 0.113129 0.00470197
10 0.688103 0.933395 0.110877 0.113095 0.00467714
1 0.0670766 0.0641489 0.113913 0.112955 0.00430502
12 0.192133 0.0648909 0.111814 0.111828 0.00414729
9 0.811592 0.189315 0.112765 0.113502 0.00394546
1 0.687828 0.436728 0.112202 0.112634 0.00394399
6 0.439644 0.809606 0.112122 0.112872 0.00378144
7 0.191493 0.313308 0.111655 0.112071 0.00350963
12 0.811544 0.0650685 0.113513 0.113088 0.00339619
12 0.686818 0.0652185 0.10935 0.111507 0.00304143
2 0.0660873 0.561246 0.114569 0.113086 0.00302643
4 0.688109 0.0648657 0.111344 0.111436 0.00301409
12 0.936206 0.810022 0.11277 0.11337 0.00294159
7 0.315351 0.437738 0.111445 0.111792 0.00285509
1 0.936027 0.189072 0.112745 0.114038 0.00275895
2 0.936463 0.685573 0.11317 0.114405 0.00246912
6 0.811486 0.561308 0.113179 0.111617 0.00235792
0 0.687976 0.809061 0.111334 0.111322 0.00228908
0 0.936299 0.312973 0.112715 0.111418 0.00227599
1 0.936545 0.436981 0.114237 0.114633 0.00227277
10 0.191423 0.685267 0.11186 0.111988 0.00226083
5 0.811696 0.809824 0.112532 0.112095 0.00225171
1 0.191264 0.313384 0.111365 0.112352 0.00223993
5 0.6881 0.189017 0.113446 0.114416 0.00222166
6 0.192133 0.0648909 0.111814 0.111828 0.00218864
0 0.935942 0.064681 0.112664 0.113008 0.00217063
4 0.56379 0.684968 0.111337 0.111451 0.00216505
12 0.812247 0.933382 0.11166 0.11408 0.00214823
4 0.191354 0.189249 0.111831 0.11083 0.00210761
0 0.43974 0.438109 0.114023 0.112844 0.00207222
6 0.563873 0.313314 0.112347 0.112798 0.00206869
10 0.688076 0.0647949 0.111197 0.112838 0.00206216
1 0.936463 0.685573 0.11317 0.114405 0.00201637
4 0.315703 0.685308 0.111704 0.110753 0.00199627
1 0.687821 0.685201 0.112412 0.111938 0.00192965
6 0.936208 0.809824 0.111694 0.11307 0.00188659
2 0.688182 0.80916 0.112737 0.112807 0.00188645
9 0.190435 0.0650599 0.111435 0.111792 0.00186809
4 0.687976 0.809061 0.111334 0.111322 0.00182515
2 0.936273 0.189035 0.112935 0.11449 0.00181809
8 0.813031 0.437268 0.109609 0.112309 0.00179609
8 0.811352 0.809519 0.112144 0.112632 0.00178818
12 0.315691 0.437878 0.109034 0.113057 0.00177859
1 0.0666264 0.561339 0.1128 0.112129 0.00177642
1 0.563535 0.0639359 0.11146 0.113136 0.00175465
12 0.688103 0.933395 0.110877 0.113095 0.00175116
4 0.191249 0.809445 0.112223 0.112921 0.00174037
4 0.191199 0.561507 0.111633 0.112137 0.00171045
4 0.936506 0.561199 0.112973 0.112132 0.00167947
10 0.811426 0.809621 0.111741 0.113224 0.0016761
10 0.191608 0.189102 0.113492 0.113657 0.00166618
12 0.687885 0.313312 0.110896 0.11158 0.00166348
1 0.316122 0.809461 0.112052 0.11311 0.0016354
12 0.688268 0.560929 0.111285 0.111519 0.00162979
6 0.811544 0.0650685 0.113513 0.113088 0.00157702
5 0.811435 0.437102 0.113046 0.112956 0.00156662
9 0.935853 0.93355 0.111634 0.112322 0.00156499
7 0.812247 0.933382 0.11166 0.11408 0.0015488
4 0.936762 0.809586 0.112332 0.111513 0.00154694
13 0.687626 0.189071 0.111897 0.112626 0.00153386
7 0.688129 0.189212 0.112912 0.114875 0.0015282
2 0.315945 0.809997 0.113522 0.113629 0.00151885
8 0.439653 0.43811 0.11263 0.111868 0.00149509
12 0.439653 0.43811 0.11263 0.111868 0.00147661
9 0.81148 0.0650721 0.113727 0.113377 0.00147097
4 0.936348 0.313521 0.11209 0.112913 0.00146791
6 0.686852 0.065391 0.111555 0.111171 0.00144643
6 0.31553 0.313406 0.112686 0.113133 0.00142493
6 0.0673383 0.560988 0.112656 0.112679 0.00139899
0 0.564196 0.436786 0.111228 0.113297 0.00138592
7 0.0679069 0.313804 0.114724 0.113776 0.00137803
10 0.191645 0.313166 0.112899 0.112742 0.00135704
4 0.316074 0.0645776 0.112919 0.112989 0.00133931
13 0.93602 0.561633 0.110829 0.111846 0.00133315
2 0.191264 0.313384 0.111365 0.112352 0.00131284
6 0.688182 0.80916 0.112737 0.112807 0.0013076
7 0.688179 0.561509 0.110907 0.111539 0.00129762
0 0.0664916 0.436678 0.114694 0.111492 0.00124659
11 0.812319 0.933607 0.112476 0.113576 0.00123967
10 0.439618 0.68534 0.112715 0.111921 0.00122166
1 0.811487 0.685871 0.113303 0.112907 0.00121669
10 0.687773 0.561429 0.112258 0.112306 0.0012123
7 0.93599 0.188647 0.113791 0.114885 0.00120676
4 0.0670301 0.437565 0.112693 0.112035 0.00120446
7 0.688103 0.933395 0.110877 0.113095 0.00120359
10 0.687587 0.313805 0.112171 0.113255 0.00120265
12 0.812508 0.313378 0.111467 0.111485 0.00119779
7 0.936132 0.561304 0.113023 0.113729 0.00119032
1 0.19149 0.0648476 0.111667 0.112115 0.00118886
6 0.315213 0.809538 0.112435 0.112904 0.00117598
1 0.811194 0.0652086 0.112313 0.112331 0.00117009
6 0.811956 0.189366 0.111871 0.113154 0.00115622
3 0.439968 0.5613 0.112718 0.112981 0.00115611
7 0.936105 0.436664 0.113429 0.114734 0.00114736
3 0.0666923 0.313471 0.112955 0.112199 0.00114546
1 0.563155 0.313568 0.112257 0.112512 0.00114399
3 0.56389 0.561335 0.11209 0.113182 0.00113924
10 0.439655 0.189045 0.111689 0.1118 0.00113476
2 0.812974 0.189501 0.110509 0.112114 0.00112126
11 0.688346 0.93382 0.1129 0.113692 0.00110875
4 0.0665947 0.934026 0.113558 0.113292 0.00110584
8 0.56365 0.437438 0.112253 0.110856 0.00110046
0 0.56379 0.684968 0.111337 0.111451 0.00109194
1 0.811681 0.188937 0.112072 0.112516 0.00108824
10 0.0669004 0.685505 0.111822 0.112203 0.00108711
4 0.811838 0.56124 0.112968 0.112055 0.00108348
7 0.688113 0.313395 0.111979 0.11214 0.00108096
4 0.936336 0.0648232 0.112134 0.113527 0.00107324
3 0.440093 0.810023 0.112584 0.111924 0.00107046
10 0.43917 0.313386 0.110716 0.112814 0.00106167
6 0.936412 0.313445 0.112171 0.114627 0.00105461
2 0.936545 0.436981 0.114237 0.114633 0.00104318
0 0.0665947 0.934026 0.113558 0.113292 0.00103996
12 0.563715 0.438039 0.111795 0.111806 0.00103785
4 0.56403 0.933214 0.111161 0.112631 0.00103408
8 0.935993 0.932873 0.111781 0.111919 0.00103021
1 0.315372 0.561113 0.112866 0.112534 0.00102988
12 0.563781 0.313547 0.112783 0.112258 0.00102925
10 0.314959 0.189086 0.111016 0.111748 0.00102826
10 0.563099 0.189037 0.111125 0.112213 0.00102204
3 0.812535 0.685105 0.112978 0.113212 0.00100978
