9 0.439564 0.934161 0.11231 0.112785 0.987417
3 0.563726 0.809297 0.112562 0.11199 0.987279
3 0.439402 0.0648489 0.111379 0.111394 0.987136
5 0.3155 0.934162 0.11193 0.11419 0.986751
5 0.315448 0.809585 0.11222 0.113235 0.986534
11 0.563658 0.933823 0.111346 0.113097 0.986456
9 0.936361 0.810003 0.111719 0.110321 0.986352
3 0.688014 0.80933 0.112593 0.112011 0.986297
9 0.191809 0.809473 0.111169 0.112231 0.985747
11 0.935847 0.933983 0.113372 0.11281 0.985528
3 0.81259 0.809414 0.113239 0.112767 0.984526
2 0.0675148 0.809616 0.112692 0.112998 0.984325
6 0.190909 0.685584 0.111262 0.111413 0.984213
2 0.439001 0.189561 0.111763 0.11291 0.983842
3 0.0674017 0.561639 0.112525 0.112919 0.983756
6 0.315222 0.68568 0.11079 0.111273 0.983694
12 0.812731 0.933672 0.111358 0.112823 0.98357
5 0.439561 0.685333 0.111709 0.113668 0.983532
5 0.191687 0.561832 0.111862 0.112766 0.983292
9 0.0673424 0.313185 0.113669 0.112259 0.983236
7 0.0668879 0.189379 0.113297 0.11265 0.983143
2 0.0671965 0.685819 0.112229 0.112395 0.982953
4 0.315546 0.189067 0.112998 0.112762 0.982842
5 0.315656 0.437574 0.112389 0.112963 0.982705
5 0.0671091 0.0652821 0.112775 0.113457 0.9827
3 0.935959 0.0651419 0.112266 0.112009 0.982549
4 0.315777 0.06523 0.113314 0.113036 0.982523
1 0.0667455 0.934184 0.112418 0.113506 0.982414
13 0.439811 0.809517 0.111807 0.112462 0.982355
11 0.191456 0.933833 0.111703 0.113438 0.982355
11 0.0666982 0.437357 0.113436 0.112482 0.982227
4 0.43959 0.561176 0.112549 0.112381 0.982017
6 0.190624 0.437228 0.111895 0.112128 0.981811
0 0.688045 0.933574 0.112097 0.112759 0.981737
10 0.56358 0.0649156 0.111525 0.11253 0.981706
12 0.315584 0.313761 0.112415 0.11189 0.981582
1 0.191246 0.0646306 0.111897 0.113211 0.981381
11 0.19148 0.313035 0.111416 0.112892 0.981371
12 0.191356 0.188886 0.112535 0.112512 0.980826
9 0.439353 0.313537 0.112391 0.112189 0.980287
0 0.315201 0.561192 0.112646 0.11183 0.980152
11 0.563116 0.189216 0.111731 0.112753 0.980062
4 0.564182 0.685103 0.11222 0.113476 0.979986
12 0.439395 0.437757 0.112238 0.112085 0.979885
12 0.563165 0.313893 0.112116 0.111795 0.979685
11 0.687931 0.561113 0.112207 0.112833 0.979246
1 0.687972 0.0648485 0.112155 0.113317 0.979068
13 0.687739 0.189083 0.112425 0.112631 0.978986
4 0.812513 0.685023 0.113127 0.112576 0.978981
0 0.687832 0.684998 0.112615 0.11341 0.978898
6 0.936715 0.685564 0.113028 0.111665 0.978871
9 0.812024 0.437065 0.111626 0.112589 0.97872
9 0.936408 0.56185 0.11117 0.111494 0.978661
6 0.812553 0.312712 0.112769 0.111883 0.978628
12 0.936021 0.188609 0.112907 0.112705 0.978497
11 0.812102 0.188495 0.112182 0.113299 0.978478
12 0.936056 0.312795 0.113148 0.112252 0.978477
13 0.687509 0.313221 0.112331 0.112434 0.978468
0 0.935928 0.437056 0.113148 0.11262 0.978306
8 0.563979 0.561392 0.111949 0.112651 0.978219
6 0.812526 0.0645173 0.112753 0.112527 0.978212
3 0.687624 0.437592 0.111234 0.112143 0.978034
7 0.81235 0.56159 0.112244 0.112031 0.977681
8 0.563883 0.437411 0.111918 0.113089 0.97707
12 0.439788 0.810006 0.111826 0.11188 0.0108605
10 0.812694 0.933708 0.110363 0.112866 0.0103444
2 0.563727 0.561346 0.110839 0.11298 0.0095893
4 0.936153 0.685604 0.112634 0.113004 0.00619242
12 0.686623 0.313423 0.10993 0.111007 0.00489026
12 0.811512 0.561943 0.110975 0.112293 0.00458541
10 0.935915 0.933872 0.111254 0.112517 0.00450006
3 0.19085 0.685127 0.111313 0.111726 0.00448421
1 0.439853 0.561639 0.111953 0.11177 0.00422989
3 0.190703 0.437009 0.111813 0.111938 0.00412536
12 0.687854 0.189026 0.111798 0.112149 0.00405357
3 0.812007 0.0643101 0.111973 0.113077 0.00403384
3 0.812509 0.312323 0.111025 0.111578 0.00397185
3 0.936032 0.685413 0.112687 0.111198 0.00394375
2 0.564202 0.436987 0.111633 0.113346 0.00393265
1 0.564038 0.685374 0.111615 0.111981 0.00392184
1 0.812484 0.685339 0.113086 0.112874 0.00378729
0 0.688101 0.0640606 0.111776 0.113284 0.003739
6 0.811459 0.561666 0.112686 0.112239 0.00365696
1 0.315243 0.189077 0.111354 0.111622 0.00365647
4 0.811464 0.31294 0.11327 0.111622 0.00353672
8 0.688271 0.56113 0.111207 0.112326 0.00351411
3 0.0665163 0.685473 0.114722 0.112195 0.00348127
1 0.315271 0.0652213 0.111613 0.111571 0.00347717
10 0.067172 0.436502 0.112055 0.112898 0.00340706
3 0.0666874 0.80952 0.114668 0.112394 0.00311385
0 0.0675923 0.313601 0.113241 0.113601 0.00295942
9 0.813125 0.809802 0.111141 0.112324 0.002936
2 0.688205 0.0650733 0.111578 0.111961 0.00290987
3 0.315229 0.685217 0.110776 0.111616 0.00288158
1 0.191446 0.43679 0.108657 0.111283 0.00280294
13 0.191456 0.933833 0.111703 0.113438 0.0027098
2 0.813125 0.809802 0.111141 0.112324 0.00269001
8 0.564227 0.933286 0.111958 0.112393 0.00268248
8 0.0676888 0.313581 0.112656 0.113188 0.00261307
4 0.564078 0.0646286 0.111898 0.1133 0.0025627
13 0.93602 0.93379 0.112882 0.114081 0.00253478
1 0.68791 0.684904 0.112502 0.11262 0.00234117
9 0.813115 0.933759 0.109943 0.112904 0.00227172
7 0.190909 0.685584 0.111262 0.111413 0.00223215
1 0.315626 0.561169 0.112129 0.113025 0.00223036
0 0.439678 0.313608 0.111336 0.111441 0.00215584
12 0.936087 0.562012 0.109887 0.112308 0.00214874
3 0.812621 0.436583 0.111099 0.111239 0.00213684
8 0.81146 0.188611 0.110697 0.111795 0.00211023
11 0.564091 0.561237 0.111696 0.112856 0.00210681
0 0.563298 0.438147 0.111378 0.113034 0.00207939
12 0.439942 0.0646751 0.111486 0.111823 0.00207362
0 0.81309 0.437523 0.110699 0.111544 0.00206784
8 0.811398 0.4372 0.110322 0.11226 0.00205156
10 0.812694 0.685481 0.112358 0.112761 0.00200498
12 0.688205 0.809564 0.111986 0.112658 0.00199301
12 0.935581 0.0648505 0.110135 0.111397 0.0019854
12 0.812621 0.436583 0.111099 0.111239 0.00196817
10 0.811564 0.188687 0.110346 0.112667 0.00195781
11 0.439926 0.809402 0.110724 0.112357 0.00193505
7 0.315222 0.68568 0.11079 0.111273 0.00193031
5 0.0666535 0.684851 0.112354 0.112064 0.00188262
2 0.688222 0.437629 0.110373 0.11067 0.00188162
2 0.0668191 0.561284 0.115338 0.112356 0.00187753
1 0.439441 0.189032 0.112589 0.11302 0.00183809
9 0.0670683 0.436681 0.111865 0.112101 0.00181919
13 0.0666982 0.437357 0.113436 0.112482 0.00181348
11 0.563587 0.437457 0.112897 0.112532 0.00181199
0 0.191246 0.0646306 0.111897 0.113211 0.00180918
7 0.811638 0.0646275 0.110842 0.112499 0.00180173
8 0.191456 0.933833 0.111703 0.113438 0.00176166
1 0.688392 0.809568 0.111871 0.112008 0.0017212
7 0.936159 0.685673 0.112111 0.11323 0.00170297
1 0.812004 0.80944 0.112033 0.112248 0.00169674
7 0.811559 0.312639 0.111563 0.112883 0.00166818
9 0.687894 0.436639 0.111196 0.112465 0.00165523
3 0.936087 0.562012 0.109887 0.112308 0.00163309
12 0.564111 0.0651019 0.112714 0.113112 0.00162452
13 0.191238 0.313339 0.112047 0.112605 0.00160088
4 0.315377 0.437828 0.112141 0.11088 0.00159442
5 0.067232 0.561063 0.113297 0.11362 0.00159298
12 0.936113 0.809998 0.110209 0.112883 0.001559
6 0.438917 0.438249 0.114163 0.112225 0.00149798
5 0.813144 0.809684 0.112718 0.112045 0.00148978
8 0.93602 0.93379 0.112882 0.114081 0.00148976
10 0.688218 0.561039 0.11157 0.111956 0.00148723
8 0.439791 0.313583 0.11098 0.111424 0.0014607
12 0.688624 0.438031 0.112201 0.112187 0.00146002
5 0.688386 0.809443 0.112418 0.113029 0.00143817
10 0.936691 0.313052 0.111658 0.112524 0.00142537
3 0.439774 0.189657 0.112075 0.112943 0.00141255
0 0.0667725 0.934061 0.113231 0.113935 0.00140777
10 0.315223 0.934373 0.111833 0.112379 0.00139238
5 0.68813 0.561104 0.11183 0.111664 0.00136275
4 0.688205 0.809564 0.111986 0.112658 0.00135414
10 0.0673287 0.0654772 0.112453 0.113127 0.00134934
1 0.0667057 0.561593 0.112778 0.11231 0.00133761
11 0.687628 0.313766 0.113067 0.112463 0.0013249
2 0.688365 0.809669 0.111948 0.11253 0.00132214
4 0.811512 0.561943 0.110975 0.112293 0.00131349
7 0.563762 0.0650894 0.112141 0.112866 0.00129526
6 0.31572 0.313453 0.112052 0.112598 0.00128842
10 0.936587 0.188752 0.111781 0.112906 0.00126714
0 0.813146 0.933559 0.110607 0.112676 0.00126465
1 0.563856 0.809513 0.111616 0.111925 0.00125543
7 0.316013 0.0652389 0.112193 0.112981 0.00125059
9 0.81146 0.188611 0.110697 0.111795 0.00124779
8 0.68846 0.932786 0.114155 0.112424 0.00124413
13 0.813115 0.933759 0.109943 0.112904 0.00123694
5 0.813009 0.189252 0.111622 0.114321 0.00122916
4 0.68819 0.437403 0.111461 0.112425 0.0012229
7 0.190624 0.437228 0.111895 0.112128 0.00122038
7 0.811687 0.684724 0.112553 0.115243 0.00121965
5 0.0668578 0.437061 0.113174 0.11234 0.00121906
4 0.439942 0.0646751 0.111486 0.111823 0.00121097
10 0.0669913 0.189236 0.113904 0.113454 0.00119713
5 0.935847 0.933983 0.113372 0.11281 0.00118572
11 0.811361 0.437067 0.11142 0.112508 0.00116942
5 0.315245 0.0655155 0.112424 0.111655 0.00116682
7 0.811711 0.933767 0.11133 0.11229 0.00116523
5 0.0674937 0.809566 0.114119 0.113465 0.00114329
8 0.0666982 0.437357 0.113436 0.112482 0.00114185
12 0.813144 0.809684 0.112718 0.112045 0.00114147
8 0.191198 0.313292 0.111698 0.112409 0.00114083
12 0.439791 0.313583 0.11098 0.111424 0.00113064
2 0.936603 0.809837 0.11063 0.111413 0.0011296
1 0.688031 0.93349 0.112352 0.112556 0.00112958
5 0.68825 0.437248 0.11186 0.112011 0.00111561
2 0.812694 0.685481 0.112358 0.112761 0.00111513
8 0.563694 0.188663 0.111963 0.112712 0.00110694
1 0.935931 0.0649839 0.110803 0.111736 0.00109634
6 0.688307 0.437995 0.111758 0.111826 0.00109496
1 0.066974 0.685355 0.11343 0.111888 0.00109438
6 0.936007 0.0650156 0.111546 0.11214 0.00108503
2 0.315243 0.189077 0.111354 0.111622 0.00108042
8 0.936096 0.80994 0.110061 0.113024 0.00107863
7 0.315778 0.189128 0.112183 0.112277 0.00107425
6 0.811641 0.685215 0.114568 0.113494 0.0010682
10 0.563969 0.933629 0.110198 0.113121 0.00106466
10 0.314815 0.437537 0.112155 0.112393 0.00106336
3 0.811711 0.933767 0.11133 0.11229 0.00105436
1 0.439866 0.0648703 0.1113 0.112091 0.00103074
1 0.0672319 0.809467 0.114049 0.112057 0.00102907
10 0.191039 0.313486 0.1123 0.114259 0.00102435
5 0.56418 0.933964 0.112106 0.113174 0.0010239
11 0.314869 0.436629 0.11072 0.109556 0.00102146
10 0.439563 0.685588 0.112495 0.112994 0.00102087
4 0.563665 0.313192 0.112493 0.113065 0.00102
5 0.563713 0.189115 0.111248 0.112549 0.00101015
