9 0.315559 0.809508 0.112393 0.111908 0.98829
11 0.563204 0.809282 0.111857 0.112055 0.986165
3 0.315436 0.685232 0.112269 0.110744 0.985863
11 0.31554 0.933831 0.111631 0.113008 0.985598
2 0.439301 0.0650073 0.112152 0.113079 0.985531
10 0.191845 0.809363 0.112188 0.111462 0.985245
7 0.439793 0.809422 0.111718 0.112275 0.985228
2 0.687253 0.809586 0.11145 0.112502 0.983923
7 0.19113 0.685168 0.11131 0.111326 0.983689
6 0.811418 0.809723 0.112156 0.111825 0.983654
5 0.19164 0.561769 0.111896 0.11257 0.98349
9 0.191609 0.313058 0.112133 0.111569 0.983455
10 0.316132 0.0644552 0.111792 0.112812 0.983311
3 0.191438 0.43768 0.111295 0.112206 0.983131
13 0.191913 0.188964 0.111334 0.111292 0.983095
7 0.0667634 0.561421 0.112778 0.11261 0.982926
5 0.190956 0.0652667 0.111519 0.112864 0.982924
7 0.687635 0.934095 0.112873 0.113929 0.98264
8 0.0667112 0.0652974 0.114004 0.113922 0.982621
13 0.811796 0.934081 0.112951 0.113429 0.982596
4 0.43935 0.934547 0.112454 0.113097 0.982494
7 0.315516 0.561568 0.112841 0.111413 0.982493
10 0.439405 0.188986 0.112735 0.112158 0.982183
13 0.439624 0.561786 0.112198 0.111439 0.982023
1 0.066696 0.43761 0.112557 0.112439 0.982016
11 0.315619 0.313091 0.11223 0.112972 0.981984
11 0.0667976 0.189191 0.113174 0.111833 0.981913
2 0.315159 0.437038 0.11251 0.112954 0.981835
13 0.191512 0.933764 0.112625 0.113285 0.981797
10 0.439405 0.437104 0.11221 0.111479 0.981752
6 0.316101 0.188829 0.111578 0.112511 0.981138
2 0.935395 0.0654921 0.112464 0.1132 0.981119
6 0.0666666 0.312984 0.112544 0.112253 0.981106
11 0.687391 0.0649384 0.111854 0.112644 0.981093
12 0.563636 0.933949 0.112347 0.113758 0.98089
7 0.0667553 0.934113 0.114062 0.114227 0.98085
4 0.439542 0.684791 0.113009 0.112273 0.980651
10 0.563664 0.0647364 0.111156 0.112944 0.980546
8 0.0670859 0.685238 0.113661 0.112738 0.980507
8 0.0668957 0.80962 0.114051 0.113259 0.980346
9 0.56343 0.313418 0.111444 0.111267 0.980282
9 0.439439 0.313165 0.111542 0.113177 0.980062
10 0.936358 0.933851 0.113214 0.112032 0.979979
11 0.563071 0.189378 0.111411 0.112881 0.979914
1 0.563661 0.684773 0.11145 0.112997 0.979758
11 0.687232 0.685121 0.111949 0.112518 0.979673
7 0.811924 0.0653599 0.112723 0.112226 0.979487
4 0.688065 0.56119 0.112447 0.112639 0.979342
10 0.936509 0.809529 0.114047 0.112564 0.979252
5 0.687949 0.188864 0.112789 0.113651 0.979071
0 0.563742 0.560972 0.11167 0.113184 0.978792
12 0.812117 0.561647 0.112834 0.11254 0.978786
9 0.936343 0.437548 0.11091 0.111883 0.97869
12 0.687953 0.43722 0.112089 0.112445 0.978624
12 0.811561 0.313772 0.112128 0.111941 0.978556
2 0.563327 0.437168 0.111784 0.112171 0.978541
13 0.9362 0.685447 0.112702 0.112198 0.978457
12 0.812277 0.685403 0.112942 0.112481 0.978379
4 0.936949 0.561202 0.114154 0.113328 0.978243
2 0.812404 0.437226 0.112406 0.113455 0.978209
3 0.812377 0.188696 0.111864 0.113037 0.977967
5 0.936734 0.312556 0.113571 0.11311 0.977891
3 0.935682 0.189035 0.111494 0.112742 0.977655
8 0.687723 0.313588 0.111331 0.11174 0.977444
12 0.440095 0.561528 0.111324 0.111405 0.0311253
5 0.68824 0.0648961 0.112292 0.112395 0.0109184
2 0.688179 0.31306 0.111047 0.112105 0.00751833
4 0.811288 0.809318 0.112821 0.112092 0.00714694
12 0.936007 0.685727 0.111328 0.112037 0.00702102
12 0.811525 0.933642 0.11167 0.111086 0.0069336
12 0.192065 0.93407 0.111952 0.111634 0.00684823
12 0.191656 0.189247 0.111691 0.111579 0.00573579
8 0.688248 0.684978 0.11104 0.11317 0.00553741
1 0.687942 0.561339 0.112223 0.112352 0.005164
2 0.0669792 0.0649455 0.113175 0.113324 0.00510479
1 0.937104 0.561346 0.114257 0.114033 0.00474499
3 0.811418 0.809723 0.112156 0.111825 0.00431879
2 0.0670737 0.68537 0.11362 0.11412 0.00422657
8 0.563854 0.808974 0.110825 0.112288 0.00405406
1 0.439576 0.685362 0.112258 0.11161 0.00403501
2 0.0667158 0.809204 0.114587 0.112397 0.00374244
1 0.812006 0.437944 0.110019 0.111852 0.0037335
12 0.81147 0.0649755 0.111588 0.113008 0.0036004
7 0.811572 0.685797 0.112296 0.113555 0.00355608
4 0.56388 0.68472 0.111705 0.111957 0.00354075
1 0.43935 0.934547 0.112454 0.113097 0.00338089
3 0.315361 0.188487 0.111182 0.112369 0.00336848
3 0.687849 0.808876 0.111424 0.112874 0.00332895
5 0.935804 0.0646213 0.113705 0.11383 0.00325382
10 0.811794 0.933784 0.112061 0.114401 0.00323522
5 0.563605 0.189259 0.110943 0.11259 0.00319207
13 0.439465 0.437376 0.111403 0.111336 0.00303705
0 0.0661862 0.437 0.114775 0.112157 0.00299174
3 0.563913 0.437426 0.111864 0.112865 0.0029869
3 0.0664715 0.312744 0.111181 0.111674 0.00292275
0 0.439529 0.313492 0.111622 0.111676 0.0028825
8 0.688154 0.809557 0.110009 0.112302 0.0028369
12 0.686749 0.934364 0.111195 0.112292 0.00274433
5 0.936117 0.809474 0.112321 0.112442 0.00274161
4 0.564147 0.0643878 0.111734 0.113815 0.00271191
11 0.811794 0.933784 0.112061 0.114401 0.00266926
11 0.191748 0.933867 0.111698 0.113208 0.00266192
2 0.563558 0.684732 0.111359 0.112987 0.00239531
0 0.191438 0.313537 0.112188 0.112079 0.00236722
12 0.935686 0.188995 0.11095 0.111344 0.00229739
10 0.1912 0.0649511 0.112282 0.112841 0.00228246
1 0.68814 0.809374 0.112031 0.113279 0.00224731
6 0.686749 0.934364 0.111195 0.112292 0.00223908
1 0.563664 0.437016 0.111981 0.113385 0.00219122
5 0.564011 0.809442 0.112446 0.112025 0.00207541
7 0.811381 0.80933 0.112133 0.112713 0.00206397
6 0.81162 0.189046 0.110885 0.11276 0.00202725
3 0.812228 0.437821 0.112841 0.112605 0.00200092
10 0.68824 0.0648961 0.112292 0.112395 0.00198588
8 0.813083 0.43751 0.109554 0.112667 0.00198496
6 0.811572 0.685797 0.112296 0.113555 0.00196379
5 0.811543 0.437416 0.112745 0.111971 0.00195901
5 0.686815 0.809761 0.114835 0.111304 0.00194744
1 0.0664715 0.312744 0.111181 0.111674 0.00193098
7 0.936885 0.561302 0.113231 0.112929 0.00192744
5 0.0673167 0.189125 0.113171 0.112699 0.00192256
11 0.439969 0.561637 0.111591 0.112381 0.00190264
0 0.563953 0.313591 0.11116 0.111032 0.00186703
11 0.191526 0.809223 0.112508 0.111898 0.00185654
8 0.191543 0.313515 0.111701 0.112109 0.00182559
13 0.935336 0.934222 0.112141 0.111505 0.00180214
10 0.936391 0.313167 0.111229 0.111798 0.00179761
8 0.439626 0.313474 0.110937 0.111543 0.0017943
12 0.564106 0.0648869 0.112609 0.113562 0.00178897
6 0.811426 0.0648327 0.11248 0.112497 0.00174109
1 0.439688 0.0645571 0.111578 0.113823 0.00174013
10 0.935992 0.685185 0.110852 0.111389 0.00173827
1 0.315506 0.436972 0.112484 0.113625 0.00173539
7 0.0676905 0.313467 0.11347 0.112559 0.00171816
4 0.315361 0.188487 0.111182 0.112369 0.00169669
11 0.936167 0.685215 0.112862 0.111528 0.00168006
7 0.439601 0.934448 0.111385 0.111767 0.00167081
4 0.68777 0.933921 0.113989 0.11418 0.00164383
4 0.440137 0.809235 0.112007 0.112918 0.0016347
11 0.688182 0.313558 0.112225 0.113714 0.00162965
10 0.688255 0.933736 0.114714 0.115404 0.00158863
4 0.191444 0.685238 0.111764 0.112167 0.00156102
1 0.563838 0.560822 0.111871 0.112526 0.0015604
10 0.191597 0.933777 0.111598 0.111474 0.00155716
9 0.93595 0.933992 0.112462 0.112671 0.00155491
6 0.563675 0.933698 0.111692 0.113917 0.00154675
1 0.93612 0.064465 0.113075 0.113568 0.00153869
3 0.688175 0.189447 0.114461 0.114797 0.0015088
4 0.0667553 0.934113 0.114062 0.114227 0.00150601
12 0.439814 0.437629 0.110908 0.112405 0.00150468
13 0.315791 0.933911 0.111373 0.113224 0.00150068
6 0.811848 0.313863 0.112597 0.11189 0.00148547
12 0.937099 0.43654 0.11089 0.112134 0.00147404
5 0.31586 0.933964 0.112614 0.113814 0.00147339
10 0.688197 0.18933 0.113543 0.113399 0.00147043
0 0.688171 0.437435 0.111659 0.112315 0.00146984
6 0.68702 0.438177 0.113617 0.112075 0.00146942
12 0.811812 0.188807 0.111564 0.112473 0.00146912
11 0.936141 0.313093 0.113151 0.113885 0.00145816
7 0.563735 0.0649318 0.111565 0.113008 0.0014577
3 0.81209 0.561289 0.110592 0.111803 0.00144506
9 0.191647 0.438 0.113146 0.112902 0.00140287
4 0.191845 0.809363 0.112188 0.111462 0.00137481
3 0.935395 0.0654921 0.112464 0.1132 0.00136838
11 0.191071 0.189044 0.112205 0.111928 0.00136664
4 0.0667596 0.437077 0.113379 0.11257 0.00135982
12 0.564005 0.313569 0.110896 0.111189 0.00135855
13 0.439762 0.188766 0.111932 0.111611 0.00135314
10 0.563854 0.808974 0.110825 0.112288 0.00135276
9 0.811812 0.188807 0.111564 0.112473 0.00134406
10 0.93718 0.561699 0.113613 0.113836 0.00134082
12 0.439626 0.313474 0.110937 0.111543 0.00132421
5 0.19162 0.809135 0.112396 0.112183 0.00130851
2 0.688197 0.18933 0.113543 0.113399 0.00130566
4 0.315461 0.561503 0.112157 0.112676 0.00129812
12 0.315813 0.0646347 0.112363 0.113227 0.00128331
3 0.688109 0.436613 0.110577 0.112451 0.00126559
3 0.937099 0.43654 0.11089 0.112134 0.00125583
11 0.0673858 0.685301 0.113471 0.114638 0.00125405
8 0.564005 0.313569 0.110896 0.111189 0.00125323
4 0.688197 0.18933 0.113543 0.113399 0.00125309
4 0.81242 0.685033 0.111443 0.111663 0.00124272
5 0.687818 0.685297 0.112848 0.112204 0.00124174
2 0.93718 0.561699 0.113613 0.113836 0.0012265
13 0.0667976 0.189191 0.113174 0.111833 0.00122165
7 0.439812 0.436656 0.110897 0.112969 0.00122011
8 0.315759 0.313536 0.112145 0.112789 0.00121533
6 0.812524 0.561566 0.111414 0.112124 0.00121137
0 0.563247 0.685129 0.111254 0.112638 0.00118877
12 0.439879 0.189158 0.112781 0.112998 0.00118346
6 0.439601 0.934448 0.111385 0.111767 0.00118176
11 0.936084 0.437056 0.111781 0.113268 0.00117669
10 0.0665022 0.189192 0.113599 0.11145 0.00117428
11 0.0676614 0.809598 0.113508 0.114635 0.00117314
5 0.315824 0.685406 0.111565 0.110982 0.00116119
3 0.811443 0.313658 0.111896 0.113189 0.00115784
5 0.439667 0.0646832 0.111577 0.111627 0.00115676
2 0.191847 0.438035 0.111841 0.112408 0.00115662
3 0.812236 0.685531 0.111754 0.11279 0.00115658
0 0.688182 0.313558 0.112225 0.113714 0.00114734
10 0.688108 0.561747 0.111806 0.113208 0.00114552
5 0.936763 0.561379 0.112742 0.111961 0.00113218
12 0.56374 0.560899 0.112619 0.112578 0.0011321
4 0.0664715 0.312744 0.111181 0.111674 0.00113179
4 0.936881 0.313182 0.112882 0.114037 0.00113136
10 0.688286 0.685004 0.112161 0.113169 0.00112991
10 0.81242 0.685033 0.111443 0.111663 0.00112923
5 0.315806 0.313343 0.111935 0.112359 0.00110564
9 0.68773 0.313927 0.112296 0.111628 0.001097
12 0.191543 0.313515 0.111701 0.112109 0.00109668
3 0.563661 0.684773 0.11145 0.112997 0.00109613
6 0.191647 0.438 0.113146 0.112902 0.00109359
7 0.811533 0.312962 0.111213 0.113794 0.00109358
6 0.440042 0.685335 0.112775 0.111195 0.00108296
12 0.935997 0.933875 0.113755 0.112604 0.00107791
7 0.315607 0.188735 0.111892 0.112663 0.00107108
5 0.3155 0.436785 0.110755 0.113257 0.00107036
10 0.563676 0.189282 0.112655 0.112414 0.00104429
2 0.813 0.189322 0.109802 0.11103 0.00104073
7 0.688115 0.561367 0.112154 0.112239 0.00103893
8 0.315791 0.933911 0.111373 0.113224 0.00102446
12 0.191847 0.438035 0.111841 0.112408 0.00102056
7 0.811436 0.561557 0.110569 0.113516 0.00100162
