9 0.43967 0.809658 0.111595 0.112124 0.987623
5 0.563772 0.809569 0.11188 0.11369 0.986233
3 0.192007 0.933915 0.112117 0.113614 0.985801
11 0.93587 0.933904 0.113456 0.112723 0.985596
9 0.563642 0.0649473 0.111787 0.113179 0.985518
8 0.31559 0.685484 0.112031 0.11142 0.984977
10 0.316025 0.809622 0.112154 0.111811 0.984929
3 0.0673174 0.934172 0.11356 0.11412 0.984699
12 0.439761 0.933699 0.111622 0.113061 0.984658
7 0.935852 0.0655546 0.113135 0.112702 0.98422
7 0.936682 0.809741 0.111777 0.111242 0.98418
1 0.315459 0.933939 0.112286 0.112674 0.984042
8 0.812076 0.80972 0.113431 0.113298 0.983972
7 0.687877 0.933906 0.112306 0.113226 0.983954
1 0.563442 0.934076 0.112236 0.113297 0.983658
6 0.0668373 0.685362 0.111862 0.111629 0.983383
13 0.0672317 0.064768 0.112424 0.111833 0.983176
9 0.191537 0.437412 0.111361 0.11223 0.983137
13 0.812137 0.934123 0.112891 0.112939 0.983075
13 0.192036 0.189026 0.111457 0.111211 0.98302
3 0.190989 0.0646956 0.111945 0.111141 0.982958
7 0.315663 0.313295 0.113828 0.112334 0.982877
3 0.0673581 0.437542 0.111997 0.11215 0.982757
11 0.191322 0.685447 0.111842 0.112308 0.982737
3 0.0669846 0.313273 0.1122 0.112232 0.982689
5 0.315498 0.189542 0.111304 0.112515 0.982644
12 0.315364 0.0646564 0.111384 0.112245 0.982457
7 0.0672831 0.809518 0.113249 0.112761 0.982401
2 0.43909 0.189461 0.111582 0.112874 0.9824
10 0.0670681 0.561521 0.112899 0.11109 0.9823
10 0.439788 0.685235 0.11094 0.111545 0.982253
5 0.812069 0.065309 0.111837 0.112772 0.982165
10 0.439439 0.560939 0.111967 0.111827 0.981775
2 0.315216 0.561331 0.112329 0.112948 0.981686
1 0.191399 0.561512 0.112034 0.112817 0.981497
1 0.314986 0.437242 0.112044 0.11166 0.981165
6 0.191469 0.3129 0.111503 0.111803 0.981023
4 0.687924 0.0650967 0.112134 0.113054 0.980858
1 0.439519 0.0650587 0.111564 0.113239 0.980845
1 0.687756 0.809603 0.112096 0.113368 0.980612
1 0.0675294 0.188774 0.112392 0.112671 0.980362
4 0.564313 0.685156 0.112453 0.113124 0.980045
8 0.191519 0.809803 0.112386 0.112938 0.97974
11 0.563726 0.436911 0.11194 0.113369 0.979672
6 0.68836 0.68543 0.112701 0.112344 0.979613
10 0.56396 0.312805 0.112706 0.113861 0.979593
11 0.563618 0.188684 0.111116 0.113433 0.979463
9 0.687527 0.437172 0.111505 0.111771 0.97945
1 0.687758 0.561309 0.112383 0.112503 0.979034
2 0.56382 0.561172 0.112064 0.114031 0.978973
4 0.812571 0.685164 0.113256 0.112367 0.978876
13 0.687643 0.31322 0.112242 0.112372 0.978743
1 0.8122 0.437089 0.112991 0.112754 0.978713
0 0.439287 0.437327 0.111439 0.111724 0.97869
12 0.812365 0.312987 0.113024 0.112928 0.978593
5 0.812292 0.188621 0.112708 0.113435 0.978583
13 0.93625 0.685466 0.11266 0.112439 0.978451
6 0.936815 0.436995 0.113741 0.11171 0.978387
2 0.687264 0.18915 0.111761 0.111941 0.978349
13 0.936096 0.188842 0.113096 0.112816 0.97824
13 0.936229 0.313158 0.113242 0.112742 0.978072
3 0.811742 0.561467 0.111225 0.111664 0.978008
8 0.43922 0.313381 0.112213 0.112671 0.977666
2 0.936477 0.56147 0.112795 0.113414 0.977533
3 0.936434 0.436588 0.112713 0.112203 0.00619402
12 0.811627 0.933637 0.111601 0.111392 0.00603664
12 0.935984 0.68574 0.111322 0.112216 0.00541104
10 0.935947 0.933791 0.111307 0.112932 0.00459138
3 0.687869 0.685318 0.112222 0.111874 0.00455502
0 0.688152 0.437391 0.110888 0.111695 0.00422083
12 0.687585 0.31328 0.110993 0.111345 0.00416625
5 0.686822 0.189373 0.113289 0.112188 0.00397913
1 0.81252 0.685406 0.113024 0.112642 0.0039741
11 0.812792 0.809192 0.113694 0.113381 0.00397105
2 0.439528 0.313041 0.111663 0.111901 0.00393375
2 0.316026 0.685555 0.111548 0.112716 0.0036849
1 0.687924 0.0650967 0.112134 0.113054 0.00364757
1 0.564165 0.685279 0.111648 0.111562 0.00364346
6 0.936176 0.809608 0.11218 0.113836 0.00341148
3 0.68758 0.189771 0.112547 0.113136 0.00337604
3 0.190958 0.312655 0.109673 0.111073 0.00334195
12 0.936177 0.8098 0.112973 0.114494 0.00330223
0 0.81232 0.436395 0.112913 0.112477 0.00324244
10 0.811998 0.93372 0.111995 0.113631 0.00316724
11 0.81156 0.0652985 0.111958 0.112167 0.00310348
0 0.688098 0.809208 0.111463 0.111846 0.00289692
12 0.191668 0.189188 0.111475 0.111688 0.00285948
3 0.0666287 0.685017 0.11277 0.11176 0.00283355
12 0.93573 0.18874 0.110581 0.110897 0.0027426
8 0.563926 0.437312 0.111946 0.112527 0.0026484
3 0.5641 0.561294 0.112384 0.112773 0.00261955
2 0.812527 0.810079 0.112848 0.114508 0.00261264
13 0.936042 0.933788 0.112845 0.114007 0.00255115
0 0.688179 0.561131 0.111768 0.111065 0.0024651
11 0.811998 0.93372 0.111995 0.113631 0.00237275
10 0.315741 0.313479 0.113721 0.112379 0.00237088
4 0.687831 0.933751 0.113135 0.113666 0.0022866
1 0.564064 0.560984 0.1126 0.113522 0.00227798
7 0.688233 0.685055 0.113038 0.114235 0.00222289
12 0.688152 0.437391 0.110888 0.111695 0.00221335
11 0.811602 0.18917 0.112806 0.112626 0.00220961
0 0.191684 0.437925 0.109705 0.111502 0.00220835
13 0.191322 0.685447 0.111842 0.112308 0.00219215
9 0.813102 0.933282 0.110934 0.112704 0.00215907
1 0.936501 0.561448 0.112525 0.113035 0.00214802
9 0.812568 0.809214 0.113305 0.112547 0.00212263
1 0.688052 0.188951 0.114143 0.113232 0.00212179
0 0.43948 0.0645132 0.111466 0.11387 0.0020999
5 0.936193 0.561535 0.113101 0.113852 0.00203459
10 0.81274 0.685538 0.112224 0.112829 0.00202405
2 0.191745 0.809841 0.111452 0.112453 0.00195324
1 0.936939 0.436507 0.110041 0.112091 0.00187147
8 0.191253 0.43801 0.111346 0.111646 0.00186715
8 0.688152 0.437391 0.110888 0.111695 0.00181823
11 0.936307 0.68523 0.112857 0.111618 0.00180119
1 0.192212 0.933561 0.111375 0.11132 0.00179895
3 0.93629 0.561439 0.111209 0.11393 0.00177748
10 0.563926 0.437312 0.111946 0.112527 0.00173667
11 0.191216 0.189119 0.112206 0.111802 0.00171041
0 0.563411 0.933761 0.111212 0.112098 0.00170199
1 0.439469 0.188905 0.11187 0.113369 0.00169343
7 0.191752 0.313506 0.113066 0.112253 0.0016718
11 0.315943 0.685542 0.111341 0.112695 0.00166217
8 0.936042 0.933788 0.112845 0.114007 0.0016493
2 0.813071 0.561688 0.10952 0.109088 0.00161163
12 0.936005 0.313191 0.112382 0.113299 0.00159812
7 0.0668373 0.685362 0.111862 0.111629 0.00153262
1 0.811689 0.561437 0.11185 0.111795 0.00152288
4 0.935997 0.436866 0.113229 0.112935 0.00151988
8 0.191322 0.685447 0.111842 0.112308 0.00151667
11 0.0669318 0.561321 0.113716 0.111236 0.00150946
1 0.31555 0.561107 0.11299 0.113482 0.00149941
4 0.563777 0.313044 0.111848 0.112938 0.00149544
0 0.315407 0.43718 0.112914 0.112941 0.00149201
7 0.688195 0.0646858 0.111545 0.113407 0.001472
11 0.19196 0.809791 0.111337 0.112549 0.00145535
11 0.935933 0.313818 0.113721 0.112529 0.00144963
9 0.813071 0.561688 0.10952 0.109088 0.00144039
10 0.935996 0.685059 0.110885 0.111348 0.00143423
11 0.0662551 0.0648803 0.11396 0.112162 0.00142559
2 0.688188 0.80937 0.112759 0.113022 0.00142373
11 0.935781 0.189363 0.113942 0.113441 0.00142369
6 0.811674 0.56171 0.110518 0.111835 0.00140976
0 0.0670145 0.188614 0.113085 0.112752 0.00140928
2 0.688055 0.561369 0.111305 0.112021 0.0014018
4 0.936547 0.809358 0.112492 0.112882 0.00139763
13 0.439704 0.685239 0.112252 0.112028 0.00138386
2 0.563883 0.809651 0.112122 0.112541 0.00136385
2 0.81252 0.685406 0.113024 0.112642 0.00135778
11 0.687816 0.313671 0.112751 0.112386 0.00135076
4 0.687913 0.809597 0.112289 0.11314 0.0013489
0 0.315556 0.933795 0.111607 0.113101 0.00133045
7 0.812541 0.685606 0.112274 0.111582 0.00132962
9 0.0668143 0.933565 0.113126 0.112604 0.00131375
6 0.688188 0.80937 0.112759 0.113022 0.00131228
0 0.813113 0.810217 0.111474 0.1145 0.00131049
2 0.0668543 0.933775 0.114406 0.11312 0.00131043
5 0.0675379 0.933615 0.113396 0.113027 0.00130632
4 0.439496 0.561058 0.111956 0.112815 0.00130297
9 0.563718 0.436748 0.110841 0.112039 0.00129575
4 0.0672831 0.809518 0.113249 0.112761 0.00128803
4 0.315355 0.43761 0.112567 0.112955 0.00128654
5 0.56375 0.189028 0.110727 0.112274 0.00128437
4 0.191399 0.561512 0.112034 0.112817 0.00128296
10 0.811459 0.06482 0.111614 0.112315 0.00128137
7 0.811533 0.313541 0.112133 0.113457 0.00127688
2 0.0676747 0.43802 0.112855 0.112951 0.00126427
13 0.0669678 0.561537 0.112657 0.112078 0.00125339
4 0.687875 0.560754 0.112232 0.112207 0.0012529
12 0.440081 0.685383 0.112074 0.111754 0.0012465
10 0.688384 0.933557 0.114386 0.114765 0.00124625
10 0.811609 0.188961 0.113489 0.113073 0.00124558
10 0.439954 0.933945 0.11231 0.113198 0.00124427
12 0.935931 0.0652938 0.113853 0.113751 0.00124065
9 0.0664374 0.3131 0.112556 0.111513 0.00123389
4 0.563411 0.933761 0.111212 0.112098 0.00122799
2 0.0675846 0.313412 0.112875 0.113701 0.00122789
1 0.439729 0.43689 0.111596 0.112715 0.00121389
0 0.439648 0.313755 0.111153 0.111971 0.00120998
3 0.688201 0.437432 0.11212 0.112138 0.00118811
9 0.0670681 0.561521 0.112899 0.11109 0.00118319
5 0.93587 0.933904 0.113456 0.112723 0.0011744
9 0.0674589 0.437987 0.114129 0.113181 0.001172
5 0.3153 0.80938 0.111838 0.111769 0.00115894
12 0.191773 0.436665 0.1107 0.11115 0.00115152
10 0.31478 0.189382 0.111595 0.11237 0.0011236
10 0.563945 0.809483 0.112581 0.113775 0.00111656
10 0.191201 0.188973 0.111531 0.111823 0.00111399
8 0.688047 0.189169 0.112462 0.113458 0.00110824
0 0.191299 0.561184 0.112293 0.113131 0.00110775
3 0.81306 0.189235 0.113065 0.114821 0.00110185
10 0.563798 0.1888 0.112459 0.112971 0.0010882
8 0.936126 0.561536 0.112609 0.111632 0.00108757
3 0.811533 0.313541 0.112133 0.113457 0.00107974
4 0.0669986 0.189263 0.112833 0.113132 0.00106848
4 0.315556 0.933795 0.111607 0.113101 0.00106023
12 0.811674 0.56171 0.110518 0.111835 0.00105918
0 0.563699 0.0649617 0.110612 0.112103 0.00105682
12 0.686797 0.934094 0.110936 0.111468 0.00103719
12 0.563986 0.313614 0.1114 0.113075 0.00103079
4 0.192166 0.0648863 0.111433 0.111667 0.00102875
11 0.315127 0.809489 0.11159 0.111562 0.00102761
3 0.0669807 0.188442 0.112312 0.112426 0.00102486
9 0.563552 0.188664 0.111513 0.112354 0.00102296
6 0.935835 0.0650934 0.113684 0.113168 0.00101809
0 0.813056 0.313295 0.108934 0.112283 0.00101008
12 0.563699 0.0649617 0.110612 0.112103 0.00100742
9 0.935893 0.933506 0.112263 0.112004 0.00100736
2 0.81306 0.189235 0.113065 0.114821 0.00100483
3 0.439801 0.189587 0.111942 0.113023 0.00100207
