5 0.935703 0.934211 0.112839 0.112918 0.987162
9 0.315092 0.809562 0.112182 0.11159 0.986925
3 0.0671138 0.809521 0.112856 0.113433 0.986371
10 0.1915 0.68529 0.112165 0.111933 0.98535
13 0.56345 0.933951 0.112121 0.113864 0.985115
4 0.687995 0.933922 0.112338 0.114209 0.985054
7 0.191148 0.934026 0.111583 0.111719 0.985018
4 0.563541 0.809688 0.112097 0.113326 0.984932
11 0.315048 0.934216 0.11127 0.112654 0.984915
8 0.439495 0.933973 0.112333 0.113875 0.984901
8 0.191431 0.80954 0.111535 0.112656 0.984855
12 0.439504 0.809511 0.111112 0.112509 0.984681
8 0.315584 0.685318 0.111924 0.112349 0.9844
9 0.0669468 0.68527 0.113051 0.113426 0.984216
3 0.0668335 0.933945 0.113711 0.114508 0.984211
6 0.0669676 0.56167 0.113506 0.112583 0.983658
1 0.936242 0.809503 0.112618 0.112137 0.983618
13 0.3148 0.065035 0.111594 0.112567 0.983588
6 0.19171 0.0644608 0.111393 0.113142 0.983479
9 0.315558 0.313333 0.111981 0.1121 0.983392
4 0.812113 0.933898 0.112073 0.114081 0.983293
9 0.0672072 0.188807 0.112773 0.111757 0.982956
8 0.439193 0.0647741 0.111397 0.113594 0.982953
8 0.0665596 0.437676 0.112619 0.113567 0.982919
10 0.191331 0.437614 0.112287 0.11221 0.982777
8 0.31574 0.56142 0.112386 0.113231 0.982613
8 0.0665176 0.313621 0.112571 0.113601 0.982417
13 0.439246 0.68544 0.111619 0.112393 0.982384
6 0.191404 0.313431 0.111845 0.112728 0.98237
5 0.440246 0.561874 0.111813 0.11263 0.981869
12 0.191412 0.188714 0.112343 0.112715 0.98156
1 0.315309 0.437367 0.112238 0.111834 0.981542
8 0.0667925 0.0646358 0.112922 0.114418 0.981204
2 0.191289 0.561345 0.111868 0.111956 0.980973
8 0.81214 0.809537 0.112459 0.113347 0.980953
2 0.314889 0.189076 0.112479 0.112724 0.980953
5 0.439577 0.437591 0.112519 0.112616 0.980943
8 0.563415 0.0649491 0.111417 0.113796 0.980655
1 0.68791 0.809388 0.111892 0.113193 0.980565
8 0.687825 0.0649636 0.111236 0.11378 0.980325
10 0.812009 0.0646795 0.111739 0.112311 0.979944
1 0.563654 0.685256 0.111857 0.113001 0.979944
8 0.936258 0.0648922 0.112543 0.114528 0.979826
12 0.439362 0.188729 0.112053 0.112125 0.979772
2 0.439377 0.313284 0.111566 0.111157 0.97953
5 0.563508 0.313 0.111928 0.112765 0.979373
4 0.563499 0.188803 0.112409 0.113182 0.979315
13 0.687783 0.561689 0.112167 0.112329 0.979244
11 0.81195 0.437061 0.112508 0.113246 0.979194
5 0.563655 0.561383 0.111883 0.112636 0.979185
6 0.812214 0.685331 0.112153 0.113036 0.979125
8 0.811893 0.189446 0.112076 0.11431 0.978601
2 0.811954 0.313014 0.112623 0.113589 0.978545
8 0.81202 0.561642 0.112531 0.112639 0.978543
7 0.563961 0.437445 0.112067 0.112821 0.978475
8 0.68753 0.189494 0.111945 0.113924 0.978445
10 0.936639 0.312892 0.113077 0.112876 0.978359
2 0.687247 0.4377 0.111273 0.111516 0.978356
8 0.93593 0.685507 0.112814 0.112221 0.978348
2 0.687356 0.685434 0.11125 0.111765 0.978322
13 0.936116 0.189064 0.11307 0.112698 0.978312
4 0.93682 0.43704 0.113647 0.113125 0.978206
7 0.687893 0.313266 0.112229 0.11295 0.977938
3 0.936324 0.56178 0.11186 0.112118 0.977913
2 0.0663209 0.313566 0.11295 0.112723 0.0148132
2 0.0663621 0.437752 0.113516 0.113046 0.0104219
2 0.0663114 0.0647452 0.113984 0.11327 0.0101588
2 0.935915 0.065211 0.112935 0.113549 0.00898422
2 0.688059 0.188778 0.112875 0.113675 0.00825358
2 0.812113 0.809699 0.1125 0.112354 0.00794559
2 0.315637 0.685375 0.112075 0.112909 0.00781007
2 0.688177 0.0642934 0.111281 0.112196 0.00650174
2 0.811859 0.561202 0.112193 0.112014 0.00573924
6 0.564369 0.437988 0.110288 0.11279 0.00550167
12 0.564428 0.436703 0.110956 0.110504 0.00516247
12 0.439296 0.685245 0.111518 0.111946 0.0048377
1 0.68748 0.437921 0.109772 0.111813 0.00482457
2 0.811673 0.189606 0.112253 0.11325 0.00477353
2 0.935994 0.685205 0.11313 0.112052 0.00474227
3 0.812573 0.685118 0.111924 0.11266 0.00467513
3 0.0667088 0.561074 0.114211 0.113019 0.0042692
2 0.315557 0.561159 0.112651 0.113269 0.00409627
7 0.936393 0.437079 0.113137 0.112156 0.0040353
12 0.686824 0.3134 0.109494 0.112506 0.00402219
2 0.191395 0.809588 0.111993 0.112914 0.00400575
1 0.688226 0.685363 0.112538 0.112931 0.00351789
2 0.439961 0.934018 0.112807 0.113975 0.00347359
1 0.936496 0.437187 0.11327 0.113492 0.0034348
10 0.935528 0.93353 0.112028 0.112155 0.00341343
3 0.191123 0.0646945 0.111221 0.113085 0.00332134
2 0.563583 0.0647632 0.112081 0.112022 0.00332009
12 0.68817 0.561559 0.111653 0.112288 0.00329718
3 0.191349 0.313174 0.110749 0.112429 0.00325314
7 0.811734 0.93301 0.112937 0.114012 0.00315716
3 0.688356 0.685167 0.111558 0.11254 0.00304074
1 0.563484 0.808872 0.111944 0.113231 0.00297867
9 0.936885 0.561106 0.112863 0.11243 0.00296464
2 0.439644 0.0647514 0.111949 0.113767 0.00296387
10 0.812303 0.436679 0.111826 0.111843 0.0029019
1 0.687907 0.933305 0.112669 0.114218 0.00289464
6 0.439674 0.809154 0.110649 0.112639 0.00289254
1 0.811748 0.313452 0.111714 0.112433 0.00280808
1 0.563374 0.188916 0.11139 0.112994 0.00274683
4 0.564369 0.437988 0.110288 0.11279 0.00266628
0 0.0664658 0.438114 0.11274 0.11448 0.0026151
8 0.688134 0.437295 0.111 0.113193 0.00261067
1 0.439184 0.313508 0.11164 0.11177 0.0025676
6 0.686866 0.313663 0.112911 0.112908 0.00247673
0 0.688067 0.809144 0.111215 0.111805 0.00240551
8 0.811224 0.436721 0.111988 0.111431 0.00238657
12 0.315691 0.313563 0.112444 0.111547 0.00237874
3 0.688152 0.43759 0.111738 0.112745 0.00237723
11 0.935696 0.934035 0.112649 0.113998 0.00230833
8 0.813028 0.313467 0.110847 0.112866 0.0022377
4 0.439904 0.437906 0.112395 0.111911 0.00220047
5 0.812211 0.437129 0.112304 0.112553 0.00211471
12 0.935919 0.561826 0.111387 0.112657 0.00210399
0 0.688169 0.0646369 0.111644 0.113581 0.00207931
3 0.811854 0.31373 0.111913 0.112952 0.00206893
4 0.688356 0.685167 0.111558 0.11254 0.0020275
7 0.688239 0.933896 0.112 0.112244 0.00198019
10 0.812212 0.933469 0.112015 0.113717 0.00195962
1 0.31504 0.188958 0.112167 0.113016 0.00195751
8 0.688246 0.685429 0.111723 0.11208 0.00195093
1 0.191302 0.561151 0.112072 0.112559 0.0019066
9 0.811224 0.436721 0.111988 0.111431 0.00190639
2 0.812113 0.933898 0.112073 0.114081 0.00189733
2 0.563541 0.809688 0.112097 0.113326 0.00188437
7 0.688197 0.561628 0.111787 0.112214 0.00184839
4 0.191394 0.933748 0.111282 0.112344 0.00183651
1 0.812113 0.933898 0.112073 0.114081 0.00175115
2 0.563215 0.189133 0.111284 0.113306 0.00174539
0 0.936231 0.80928 0.11192 0.112095 0.00172708
5 0.3154 0.934129 0.113116 0.114004 0.00168928
4 0.688067 0.809144 0.111215 0.111805 0.00166779
4 0.191217 0.437222 0.112699 0.112685 0.00165539
0 0.688068 0.189184 0.11351 0.11438 0.00161749
4 0.563786 0.685128 0.111676 0.111978 0.00159577
4 0.93612 0.313791 0.113416 0.112033 0.00158015
1 0.0667441 0.809272 0.113043 0.112252 0.00155876
11 0.811382 0.56137 0.111085 0.112009 0.00155001
2 0.687995 0.933922 0.112338 0.114209 0.00154674
13 0.191048 0.437225 0.111962 0.11125 0.00153871
0 0.0671401 0.313772 0.112373 0.11386 0.0015145
0 0.315635 0.313593 0.112472 0.110937 0.00151133
4 0.688152 0.43759 0.111738 0.112745 0.00147962
0 0.563786 0.685128 0.111676 0.111978 0.00145124
8 0.315324 0.934076 0.111693 0.113473 0.00143996
6 0.936393 0.437079 0.113137 0.112156 0.00142813
7 0.563313 0.189202 0.112288 0.112397 0.00142369
4 0.688143 0.313465 0.112648 0.113612 0.00141699
4 0.31558 0.437658 0.112293 0.113218 0.00140899
12 0.0672904 0.685268 0.113394 0.113729 0.00140694
4 0.811854 0.31373 0.111913 0.112952 0.00139442
3 0.191413 0.561417 0.113097 0.111951 0.0013936
10 0.439395 0.437411 0.111777 0.112359 0.00139328
4 0.936242 0.809503 0.112618 0.112137 0.00137709
0 0.936161 0.0649027 0.111849 0.112333 0.0013698
12 0.56369 0.933949 0.111362 0.11222 0.00135502
13 0.811499 0.064755 0.11327 0.1124 0.00134882
7 0.191714 0.313558 0.112923 0.113058 0.0013283
2 0.688182 0.809133 0.112573 0.112314 0.0013126
12 0.0674489 0.188925 0.113259 0.112794 0.00130646
13 0.191151 0.685433 0.112447 0.111879 0.00130286
3 0.439926 0.313646 0.111939 0.113004 0.00130002
7 0.191382 0.437998 0.113124 0.112458 0.0012965
1 0.936324 0.56178 0.11186 0.112118 0.00126626
0 0.315612 0.437388 0.112825 0.112999 0.00126558
3 0.439904 0.437906 0.112395 0.111911 0.00123529
0 0.0673249 0.188966 0.113486 0.112864 0.00123225
10 0.315324 0.934076 0.111693 0.113473 0.00122305
0 0.813042 0.810126 0.113234 0.114158 0.00120744
10 0.563535 0.313423 0.112989 0.112811 0.00120036
5 0.191347 0.561161 0.11126 0.11238 0.00119267
9 0.0663682 0.933838 0.115069 0.11332 0.00118866
4 0.439703 0.313375 0.11078 0.113473 0.00117308
7 0.811562 0.064622 0.113037 0.112727 0.00116483
3 0.314973 0.189036 0.111725 0.113016 0.00115018
12 0.936058 0.189144 0.112737 0.113089 0.00114836
5 0.811245 0.313046 0.113407 0.112692 0.00114743
11 0.811569 0.809323 0.112164 0.112506 0.00112881
6 0.56378 0.809353 0.111992 0.112644 0.00112704
11 0.811383 0.188849 0.111641 0.112791 0.00112569
11 0.439989 0.934105 0.112467 0.11256 0.00112071
2 0.936292 0.437323 0.112666 0.113603 0.00111008
10 0.439192 0.68524 0.111613 0.112157 0.00110601
7 0.936102 0.312715 0.113781 0.113861 0.00110542
9 0.0676808 0.809761 0.114832 0.113407 0.0011053
11 0.315865 0.561108 0.111517 0.112424 0.00110316
5 0.688226 0.685363 0.112538 0.112931 0.00109965
7 0.563814 0.809654 0.112745 0.112228 0.00109462
11 0.563579 0.064407 0.111248 0.113452 0.00108005
7 0.0669676 0.56167 0.113506 0.112583 0.00105834
10 0.439512 0.561428 0.111679 0.111977 0.00104509
1 0.0663417 0.933513 0.113208 0.112941 0.00103895
6 0.93575 0.809634 0.112948 0.115085 0.00102545
5 0.813013 0.0649097 0.11228 0.113656 0.00101352
5 0.686715 0.437564 0.114535 0.110988 0.0010112
6 0.439388 0.188619 0.111199 0.112522 0.00100837
