5 0.191593 0.810002 0.111602 0.113066 0.986822
5 0.191488 0.934294 0.112322 0.114627 0.986532
3 0.687672 0.934013 0.113162 0.113099 0.98615
2 0.439438 0.809511 0.112201 0.112745 0.98614
9 0.935817 0.933885 0.112949 0.112686 0.985981
6 0.315795 0.809397 0.111929 0.112707 0.985822
5 0.439462 0.934516 0.112305 0.114265 0.985565
8 0.191338 0.685309 0.11176 0.112812 0.985488
7 0.0670208 0.685283 0.112623 0.11214 0.984389
8 0.31552 0.933649 0.111925 0.113351 0.983942
5 0.0664399 0.934596 0.113433 0.11562 0.983666
9 0.936558 0.809805 0.112092 0.111458 0.983626
11 0.0668747 0.809566 0.113521 0.113255 0.98356
12 0.812015 0.933602 0.110473 0.112179 0.983521
10 0.564101 0.93363 0.112493 0.113776 0.983463
1 0.315655 0.685232 0.11184 0.112056 0.983409
10 0.191467 0.561405 0.111894 0.111945 0.9834
5 0.315786 0.31399 0.112407 0.112927 0.98331
10 0.191997 0.064912 0.11226 0.112132 0.983219
6 0.68796 0.809696 0.111946 0.113245 0.98302
8 0.0666621 0.437518 0.113033 0.113404 0.982964
4 0.315676 0.188794 0.112304 0.112721 0.982955
7 0.191547 0.437424 0.111782 0.111524 0.982939
4 0.0671586 0.189012 0.113815 0.112753 0.982625
10 0.19183 0.313201 0.112522 0.112069 0.982345
5 0.0668117 0.0656016 0.113594 0.113536 0.982309
7 0.935956 0.0653339 0.11255 0.112145 0.982193
7 0.19162 0.189018 0.112416 0.112761 0.982128
4 0.439407 0.188854 0.113791 0.113638 0.982108
11 0.0666481 0.313758 0.114359 0.113571 0.981853
11 0.315749 0.43718 0.113438 0.112553 0.981811
7 0.563635 0.0651776 0.111479 0.112088 0.981718
11 0.315645 0.561093 0.113374 0.112133 0.981603
5 0.43952 0.437524 0.112809 0.112783 0.980671
6 0.687694 0.0648873 0.111402 0.113469 0.980439
6 0.439449 0.313368 0.112684 0.112053 0.980183
3 0.43954 0.561571 0.112389 0.112504 0.980089
13 0.563981 0.685477 0.111667 0.112669 0.979772
9 0.687797 0.68552 0.112022 0.111852 0.979698
13 0.563645 0.313596 0.112329 0.112396 0.979441
4 0.563989 0.188799 0.112316 0.113362 0.979358
0 0.812051 0.809335 0.112306 0.112808 0.979325
0 0.315261 0.0637718 0.11206 0.113081 0.979277
11 0.687536 0.561276 0.111838 0.113027 0.979248
9 0.563795 0.561763 0.111953 0.111657 0.979184
6 0.564184 0.437265 0.112526 0.112698 0.979009
11 0.687672 0.188674 0.112535 0.113275 0.978964
3 0.687904 0.313474 0.112167 0.112238 0.97891
12 0.936229 0.437272 0.113008 0.11251 0.978763
12 0.812423 0.437067 0.111916 0.112547 0.978732
11 0.812372 0.685085 0.112978 0.112782 0.978714
4 0.812575 0.561392 0.11338 0.112715 0.978657
0 0.439377 0.685386 0.111886 0.112038 0.97856
13 0.9362 0.561693 0.113007 0.112437 0.978542
2 0.687484 0.4374 0.110617 0.11177 0.97852
12 0.936218 0.312903 0.112683 0.112228 0.978334
0 0.564159 0.809454 0.112189 0.113469 0.978328
8 0.936422 0.685659 0.112892 0.11247 0.978262
2 0.812158 0.313086 0.112792 0.113589 0.977924
1 0.439325 0.0647257 0.111563 0.112983 0.977898
2 0.811949 0.0647626 0.111983 0.112245 0.977861
11 0.935886 0.188658 0.110922 0.111521 0.977798
8 0.811997 0.188896 0.112501 0.11284 0.97766
0 0.0672768 0.561319 0.112307 0.113037 0.97704
1 0.0666624 0.560857 0.114682 0.112872 0.0220568
2 0.0663498 0.43772 0.113924 0.112859 0.0127048
5 0.315336 0.561493 0.113035 0.11313 0.0112013
10 0.936028 0.188759 0.111324 0.11098 0.00812141
5 0.812359 0.685525 0.112208 0.111992 0.00777061
5 0.688014 0.188609 0.112298 0.113092 0.00750093
5 0.315329 0.437514 0.112421 0.112477 0.00692708
3 0.688159 0.809149 0.111155 0.111816 0.00692511
2 0.812087 0.189608 0.112147 0.112655 0.00689307
4 0.191342 0.313194 0.111665 0.111553 0.00635589
5 0.687722 0.561489 0.111732 0.112243 0.00595374
5 0.0668632 0.809471 0.114945 0.113431 0.00568572
1 0.687511 0.438011 0.110348 0.112004 0.00550643
8 0.811512 0.685023 0.111561 0.111973 0.00544754
12 0.191471 0.436712 0.110834 0.109593 0.00510931
2 0.936371 0.685338 0.113201 0.111894 0.00509584
2 0.31552 0.933649 0.111925 0.113351 0.0040507
3 0.315795 0.809397 0.111929 0.112707 0.00404158
12 0.564004 0.313554 0.110543 0.111273 0.00387991
12 0.687979 0.313117 0.11101 0.11171 0.00376817
1 0.315676 0.188794 0.112304 0.112721 0.00372809
0 0.688373 0.685672 0.112302 0.11232 0.00371114
1 0.812352 0.56154 0.112861 0.113042 0.00353386
8 0.688159 0.437602 0.110533 0.112941 0.00352632
7 0.0665978 0.189151 0.112728 0.112264 0.00338215
6 0.191385 0.438033 0.112148 0.111054 0.00325187
9 0.811512 0.685023 0.111561 0.111973 0.00320318
9 0.440129 0.561113 0.11278 0.112579 0.0031335
3 0.688373 0.685672 0.112302 0.11232 0.0031259
9 0.68851 0.933492 0.113744 0.112831 0.00302924
9 0.688244 0.313534 0.111698 0.112382 0.00301396
2 0.191207 0.685241 0.112267 0.112943 0.00296971
1 0.563814 0.188931 0.111286 0.112758 0.00295199
1 0.439535 0.188827 0.112292 0.112847 0.00294476
12 0.191163 0.18883 0.111903 0.111732 0.00292428
8 0.686642 0.56115 0.110855 0.112362 0.00285301
10 0.315668 0.561069 0.112846 0.112351 0.0028039
3 0.812183 0.313844 0.112021 0.112664 0.00269272
12 0.936028 0.0652639 0.112774 0.112808 0.0026916
1 0.0671586 0.189012 0.113815 0.112753 0.00269084
1 0.811909 0.313453 0.111508 0.11214 0.00267059
9 0.686642 0.56115 0.110855 0.112362 0.00263291
10 0.315709 0.43689 0.111925 0.110748 0.00259816
12 0.68832 0.685662 0.111707 0.111671 0.00259559
12 0.563787 0.685703 0.111397 0.11206 0.00254726
1 0.315261 0.0637718 0.11206 0.113081 0.00253754
10 0.812481 0.933525 0.109913 0.112717 0.00253118
3 0.439793 0.313413 0.111124 0.112909 0.00237418
0 0.439424 0.0638537 0.111199 0.113334 0.00233767
8 0.811458 0.312772 0.112712 0.113632 0.0023168
12 0.564306 0.561331 0.111726 0.112466 0.00230714
3 0.687825 0.0649126 0.112001 0.113257 0.00221934
13 0.191763 0.313186 0.111267 0.111692 0.00221905
1 0.564256 0.809436 0.111801 0.112767 0.00221682
0 0.0665442 0.438094 0.112385 0.11443 0.00221611
13 0.191492 0.561153 0.111652 0.11197 0.00219162
4 0.564101 0.93363 0.112493 0.113776 0.002166
10 0.687911 0.561094 0.112031 0.112142 0.00215395
3 0.688192 0.43783 0.112125 0.112605 0.0021235
4 0.191977 0.438002 0.111024 0.112609 0.00209354
13 0.191665 0.436759 0.110024 0.111231 0.00207281
2 0.812352 0.56154 0.112861 0.113042 0.00201211
4 0.439838 0.437877 0.112551 0.111811 0.00196031
3 0.564284 0.437506 0.111822 0.112237 0.00194182
3 0.564306 0.561331 0.111726 0.112466 0.0019266
1 0.812146 0.0645675 0.112153 0.113488 0.00191554
7 0.812056 0.561517 0.113142 0.112013 0.0019063
2 0.68851 0.933492 0.113744 0.112831 0.00190603
1 0.439899 0.685218 0.112054 0.112614 0.00189906
6 0.812128 0.437065 0.111594 0.11171 0.00188186
7 0.191448 0.313587 0.111872 0.111736 0.00186437
12 0.93605 0.81023 0.111267 0.113488 0.00186304
10 0.812423 0.685228 0.112397 0.112717 0.00185461
10 0.688135 0.189033 0.113611 0.11306 0.00183695
1 0.439649 0.809324 0.112989 0.112874 0.00182918
12 0.935785 0.934158 0.112262 0.113619 0.00177006
7 0.811636 0.933458 0.111489 0.112521 0.00173248
8 0.811441 0.0645186 0.112187 0.112866 0.00172035
1 0.688263 0.0648325 0.110933 0.113132 0.0017164
10 0.191475 0.934056 0.112778 0.112732 0.0016699
5 0.811324 0.0646982 0.112508 0.112012 0.00164537
11 0.0662453 0.0654838 0.113943 0.1128 0.00162845
3 0.93605 0.81023 0.111267 0.113488 0.00161799
6 0.81168 0.561242 0.114445 0.112978 0.00159291
10 0.0677087 0.313444 0.113814 0.112417 0.00157738
3 0.812483 0.436544 0.110495 0.112213 0.00156806
10 0.563592 0.313828 0.112126 0.113137 0.00155182
5 0.066967 0.313241 0.114385 0.11336 0.0015492
5 0.688522 0.933301 0.113442 0.112777 0.00150847
9 0.686693 0.188607 0.111941 0.112617 0.0015084
7 0.688304 0.80964 0.113899 0.113287 0.00149969
4 0.812183 0.313844 0.112021 0.112664 0.00149465
7 0.439571 0.189079 0.112888 0.112726 0.00149436
10 0.0671639 0.0654362 0.112244 0.112419 0.00149149
5 0.935567 0.189501 0.113133 0.113232 0.00148562
11 0.0664399 0.934596 0.113433 0.11562 0.00145425
1 0.812051 0.809335 0.112306 0.112808 0.00142566
0 0.563885 0.561789 0.111182 0.111181 0.00141844
10 0.439737 0.934234 0.112688 0.112881 0.00140804
2 0.563801 0.189149 0.111181 0.113227 0.0013798
11 0.191533 0.685376 0.111392 0.111888 0.00136447
8 0.935806 0.188315 0.112798 0.112161 0.00135926
12 0.935975 0.561744 0.110393 0.111378 0.00135664
1 0.439981 0.561386 0.112397 0.112664 0.00135652
3 0.81201 0.0654481 0.111868 0.112646 0.00133338
7 0.811492 0.437789 0.110996 0.113 0.00133037
10 0.0662158 0.934134 0.113781 0.113759 0.00132975
10 0.936218 0.561508 0.112888 0.111828 0.00131965
7 0.31545 0.188956 0.112232 0.112573 0.00131208
2 0.688244 0.313534 0.111698 0.112382 0.00130693
4 0.0666032 0.685163 0.113841 0.111614 0.00130566
11 0.936218 0.561508 0.112888 0.111828 0.00128557
0 0.812461 0.437594 0.110606 0.112579 0.00127827
0 0.936028 0.810086 0.111148 0.1137 0.00125593
3 0.439838 0.437877 0.112551 0.111811 0.00125005
10 0.439437 0.437387 0.111852 0.112558 0.00125005
7 0.563902 0.189215 0.112135 0.112327 0.0012388
2 0.0665978 0.189151 0.112728 0.112264 0.00123747
4 0.935956 0.0653339 0.11255 0.112145 0.0012371
7 0.564284 0.437506 0.111822 0.112237 0.00123495
2 0.439445 0.18898 0.111797 0.113182 0.00122494
0 0.93622 0.685254 0.111335 0.112145 0.00121904
7 0.688215 0.0647933 0.111607 0.112901 0.00121799
13 0.191585 0.0648517 0.111895 0.11147 0.00121537
4 0.191218 0.561191 0.112299 0.11222 0.00120361
4 0.688192 0.43783 0.112125 0.112605 0.00120033
12 0.439582 0.561158 0.111734 0.112311 0.00119414
6 0.935309 0.438117 0.112937 0.114077 0.00118931
12 0.563747 0.0648498 0.112448 0.111832 0.00118365
13 0.0666813 0.809192 0.113604 0.11233 0.00118042
5 0.811334 0.313113 0.113576 0.112484 0.00117889
4 0.564091 0.0648372 0.111283 0.113467 0.00116723
1 0.688262 0.933646 0.112067 0.112674 0.00116454
11 0.439064 0.436674 0.111778 0.110016 0.00115894
0 0.315638 0.685106 0.112144 0.112646 0.00114945
10 0.0671161 0.80918 0.113742 0.113485 0.00113397
13 0.0665007 0.313701 0.113933 0.11257 0.00111659
11 0.936132 0.685479 0.111209 0.113684 0.00111415
6 0.935932 0.0650359 0.112396 0.112446 0.0011139
4 0.315655 0.685232 0.11184 0.112056 0.00111035
1 0.687914 0.313431 0.111716 0.112103 0.00109635
7 0.936013 0.437211 0.11121 0.11328 0.00107964
12 0.563998 0.933575 0.111802 0.112865 0.00107639
2 0.936621 0.809835 0.111139 0.111665 0.00107509
11 0.811438 0.188754 0.111208 0.11268 0.00107487
10 0.812442 0.561477 0.112424 0.113397 0.00107375
3 0.811636 0.933458 0.111489 0.112521 0.00105698
4 0.315833 0.313607 0.111769 0.112048 0.00104727
10 0.191071 0.809878 0.111936 0.112373 0.00104564
6 0.811636 0.933458 0.111489 0.112521 0.00104496
1 0.688339 0.809768 0.112738 0.113946 0.00102045
6 0.935675 0.313486 0.111756 0.113062 0.00101775
3 0.936532 0.436588 0.109726 0.111896 0.00100541
13 0.936532 0.436588 0.109726 0.111896 0.00100364
