6 0.315392 0.93405 0.111885 0.112929 0.986355
4 0.936478 0.809521 0.112628 0.112777 0.98615
6 0.439721 0.685142 0.112997 0.112968 0.985806
0 0.93575 0.933397 0.112999 0.111687 0.985612
5 0.191879 0.685376 0.110815 0.111757 0.985567
9 0.314546 0.0648214 0.111447 0.111588 0.985509
9 0.0671466 0.685548 0.112088 0.111782 0.985391
4 0.936192 0.685232 0.112832 0.112485 0.985175
12 0.439693 0.934032 0.113214 0.11411 0.985137
6 0.687951 0.9336 0.113134 0.113663 0.985065
5 0.812214 0.934164 0.111093 0.112004 0.984778
7 0.812077 0.809744 0.112959 0.112154 0.984476
9 0.314403 0.189043 0.111133 0.111721 0.98433
11 0.93532 0.0657154 0.112653 0.112568 0.983984
5 0.19168 0.561623 0.110863 0.111644 0.983746
7 0.0670959 0.189466 0.112785 0.111478 0.983728
11 0.563487 0.933878 0.110561 0.112484 0.983549
5 0.0676097 0.561548 0.112261 0.112149 0.983505
2 0.191396 0.933859 0.113117 0.113428 0.983307
7 0.315345 0.561512 0.113359 0.111708 0.983173
7 0.191444 0.189354 0.112007 0.111505 0.983104
10 0.315205 0.437278 0.112133 0.111527 0.98295
13 0.190981 0.313863 0.11147 0.112553 0.982582
12 0.0672195 0.934069 0.112898 0.11402 0.982564
12 0.439407 0.809642 0.112501 0.112985 0.982425
4 0.439389 0.4373 0.112127 0.112363 0.982413
3 0.0675634 0.0648418 0.112783 0.112656 0.982397
13 0.563714 0.809634 0.112293 0.112696 0.9821
12 0.687703 0.809584 0.112219 0.113156 0.98208
7 0.439463 0.188948 0.114046 0.112496 0.98203
3 0.191276 0.437342 0.111569 0.111733 0.981848
11 0.315338 0.685261 0.110629 0.111321 0.981798
13 0.439399 0.0647917 0.112116 0.111537 0.981696
13 0.687703 0.064679 0.111974 0.111669 0.981635
3 0.811967 0.0651535 0.11228 0.11301 0.98154
8 0.191705 0.0654745 0.111279 0.112715 0.981459
3 0.315731 0.809712 0.113206 0.11206 0.981446
12 0.0674884 0.313124 0.114165 0.112689 0.981209
11 0.315185 0.313172 0.112116 0.112268 0.980989
10 0.56376 0.685488 0.112099 0.113029 0.980471
0 0.0672164 0.809458 0.113211 0.111952 0.980433
9 0.563146 0.313577 0.111843 0.11149 0.980229
13 0.687968 0.685391 0.112523 0.112651 0.980119
12 0.563291 0.0649591 0.111784 0.112999 0.979801
2 0.067352 0.437074 0.112221 0.112868 0.979777
10 0.563672 0.437129 0.112181 0.113465 0.979732
6 0.563928 0.561425 0.113217 0.112946 0.979567
6 0.688052 0.437201 0.113072 0.112949 0.979225
3 0.812007 0.685546 0.11172 0.111801 0.979142
4 0.687831 0.561173 0.112646 0.112613 0.979127
8 0.191147 0.809324 0.111336 0.11139 0.978775
10 0.936337 0.561093 0.113212 0.113436 0.978707
11 0.81215 0.437095 0.112036 0.113297 0.978704
2 0.439424 0.56098 0.112663 0.113431 0.978654
11 0.936113 0.437103 0.112979 0.113527 0.978557
12 0.936056 0.189042 0.112011 0.111463 0.978499
2 0.687577 0.313024 0.111081 0.111092 0.978416
0 0.68773 0.188744 0.112216 0.112977 0.978335
8 0.439037 0.313197 0.112328 0.112976 0.978264
2 0.563225 0.18883 0.111719 0.113945 0.978238
3 0.812023 0.561271 0.112541 0.11267 0.978227
0 0.812063 0.312949 0.112271 0.112323 0.978211
2 0.811316 0.188709 0.112213 0.112407 0.978193
7 0.936466 0.313066 0.112772 0.113065 0.977293
2 0.439391 0.313725 0.11103 0.113025 0.0256124
5 0.315373 0.685512 0.111012 0.111561 0.0180071
5 0.563286 0.93358 0.110294 0.112515 0.0136852
5 0.315293 0.312986 0.11201 0.11225 0.0102358
5 0.812205 0.437527 0.112167 0.112036 0.0101425
11 0.811711 0.933314 0.111533 0.110199 0.00974452
12 0.811598 0.809998 0.112751 0.112811 0.00610956
2 0.190884 0.0654545 0.111905 0.111851 0.00547367
3 0.811665 0.189861 0.111511 0.111934 0.00503108
12 0.56412 0.809071 0.11018 0.111841 0.00458209
3 0.688159 0.313738 0.111458 0.112114 0.00451837
10 0.936883 0.436655 0.111079 0.112221 0.00439912
3 0.43942 0.561123 0.111708 0.112306 0.00419697
2 0.19146 0.809409 0.11229 0.112179 0.00418843
6 0.563291 0.0649591 0.111784 0.112999 0.00413251
1 0.0668721 0.43801 0.111625 0.110874 0.00413194
1 0.687547 0.313322 0.110694 0.112854 0.00403462
6 0.439407 0.809642 0.112501 0.112985 0.00399923
10 0.811488 0.437106 0.110334 0.11246 0.00354303
8 0.688123 0.312981 0.111184 0.113958 0.00331225
4 0.0667207 0.189503 0.113188 0.110743 0.00325157
10 0.56412 0.809071 0.11018 0.111841 0.00322313
6 0.811549 0.809483 0.112878 0.112129 0.00303389
7 0.687631 0.561334 0.111579 0.111958 0.0030269
6 0.687703 0.809584 0.112219 0.113156 0.00298555
11 0.191424 0.809416 0.111744 0.11225 0.00293798
12 0.811559 0.685646 0.11179 0.111868 0.00291645
4 0.564076 0.437628 0.111437 0.111881 0.00288055
2 0.936588 0.80969 0.113034 0.114165 0.0028308
12 0.811526 0.0651259 0.11305 0.112939 0.00276195
2 0.813153 0.93298 0.113186 0.113517 0.00265783
2 0.936384 0.685396 0.113087 0.1139 0.00262689
2 0.190525 0.437951 0.112486 0.112237 0.00258446
5 0.93532 0.0657154 0.112653 0.112568 0.00255357
1 0.688131 0.561364 0.112239 0.112328 0.00254225
6 0.812481 0.684941 0.111155 0.111669 0.00247299
9 0.935851 0.933693 0.111746 0.112106 0.00245416
4 0.315248 0.437367 0.111795 0.11299 0.00238323
9 0.811418 0.561779 0.112688 0.112148 0.00236529
5 0.935752 0.436865 0.113546 0.112537 0.00236071
5 0.0672216 0.436726 0.111488 0.113915 0.00229423
6 0.0669118 0.313501 0.113726 0.112856 0.00224438
12 0.811472 0.561665 0.112317 0.112332 0.00218438
3 0.191396 0.933859 0.113117 0.113428 0.00217406
4 0.935933 0.313967 0.113725 0.111829 0.00216093
10 0.936196 0.313428 0.11254 0.114368 0.00213234
12 0.936172 0.313355 0.112988 0.113332 0.00212555
11 0.19135 0.0652227 0.111207 0.112127 0.00211743
8 0.0668721 0.43801 0.111625 0.110874 0.00206751
10 0.439551 0.189065 0.112648 0.112284 0.0020665
1 0.439939 0.437141 0.113452 0.113055 0.00206582
4 0.191186 0.189299 0.111727 0.110817 0.00204627
10 0.191423 0.685243 0.111856 0.111964 0.00202836
1 0.936384 0.685396 0.113087 0.1139 0.00200814
11 0.190743 0.313571 0.111343 0.111875 0.00199926
3 0.0665022 0.437005 0.114688 0.111473 0.00198769
9 0.811508 0.68572 0.112268 0.111813 0.00194123
3 0.563952 0.189612 0.111274 0.112608 0.00193843
4 0.315694 0.561324 0.11265 0.111307 0.00192737
0 0.688179 0.809874 0.112558 0.112606 0.00191339
12 0.688325 0.684787 0.111069 0.111374 0.00190584
7 0.56412 0.809071 0.11018 0.111841 0.00190238
6 0.81241 0.561183 0.111377 0.112304 0.00188946
6 0.439693 0.934032 0.113214 0.11411 0.00186456
1 0.439424 0.56098 0.112663 0.113431 0.0018515
1 0.811532 0.189009 0.111405 0.112409 0.0018414
1 0.066797 0.809121 0.114121 0.112532 0.00184069
7 0.439407 0.437586 0.111644 0.112197 0.00183564
1 0.811268 0.561591 0.112099 0.112053 0.00183384
12 0.563712 0.313587 0.112385 0.112019 0.00180409
6 0.191521 0.437991 0.113612 0.112656 0.00180118
6 0.811526 0.0651259 0.11305 0.112939 0.00177495
1 0.93652 0.809165 0.112403 0.113113 0.00176543
1 0.315022 0.809239 0.112479 0.111981 0.00175801
10 0.935914 0.065199 0.111915 0.1128 0.00172898
9 0.19146 0.809409 0.11229 0.112179 0.00172358
10 0.191406 0.189141 0.113033 0.113498 0.00170913
7 0.688273 0.933265 0.114499 0.113791 0.00169085
1 0.687933 0.188189 0.112092 0.113109 0.00166679
2 0.688131 0.561364 0.112239 0.112328 0.00162487
6 0.31607 0.809156 0.11199 0.112142 0.00161953
4 0.935653 0.189228 0.113118 0.112501 0.00159323
5 0.811321 0.188867 0.112277 0.113227 0.0015819
1 0.56334 0.188781 0.111544 0.113698 0.00156588
2 0.813026 0.685815 0.110684 0.109889 0.00153787
10 0.315694 0.685325 0.112128 0.111733 0.00151419
5 0.191734 0.933863 0.113227 0.112236 0.00150051
11 0.439258 0.065404 0.111394 0.112264 0.00149396
4 0.936221 0.561082 0.112993 0.112135 0.00146668
1 0.811714 0.685634 0.111795 0.112181 0.00144466
7 0.935594 0.809837 0.111572 0.112104 0.00143933
10 0.812082 0.93377 0.110868 0.111562 0.0014371
10 0.0673237 0.189153 0.113863 0.113766 0.00143076
4 0.563726 0.685332 0.111216 0.112322 0.0014048
4 0.81258 0.809528 0.112597 0.111927 0.00140221
7 0.688325 0.684787 0.111069 0.111374 0.00139828
12 0.191985 0.438025 0.113795 0.112378 0.0013872
1 0.0666545 0.0654564 0.112639 0.112164 0.00136873
2 0.812165 0.561511 0.11202 0.112257 0.00133579
6 0.935653 0.189228 0.113118 0.112501 0.00133148
1 0.688298 0.933413 0.11284 0.114115 0.00131034
1 0.688193 0.43734 0.112045 0.113906 0.00129888
6 0.936087 0.313116 0.11299 0.11283 0.00127042
10 0.191279 0.561243 0.111108 0.111472 0.00126878
1 0.812148 0.312563 0.112028 0.113036 0.00126619
10 0.687774 0.685169 0.112053 0.111667 0.00124656
9 0.811466 0.0651118 0.113379 0.113019 0.0012429
13 0.935715 0.561549 0.110956 0.111879 0.00124195
7 0.688375 0.437484 0.111992 0.111417 0.00123506
8 0.935813 0.93294 0.111936 0.111628 0.0012307
0 0.56364 0.313606 0.112512 0.112207 0.00122775
1 0.191517 0.933449 0.113462 0.113265 0.0011996
7 0.31559 0.438048 0.1126 0.113205 0.00119043
3 0.688095 0.437049 0.113092 0.112679 0.00118462
3 0.563866 0.561162 0.112969 0.112973 0.00118038
12 0.439258 0.065404 0.111394 0.112264 0.00117604
6 0.066486 0.0652931 0.112435 0.111605 0.00117185
10 0.315126 0.313163 0.111073 0.112702 0.00116831
3 0.439721 0.685142 0.112997 0.112968 0.00116692
5 0.439356 0.561179 0.112299 0.114 0.00116335
13 0.563165 0.43723 0.112244 0.112348 0.00114914
13 0.314988 0.437278 0.111962 0.112075 0.00113537
12 0.19155 0.313244 0.111241 0.111581 0.00113185
1 0.811104 0.0652209 0.111914 0.111931 0.00113181
11 0.439506 0.313778 0.11217 0.112836 0.0011253
4 0.439583 0.189265 0.111857 0.111898 0.00110015
1 0.191588 0.437777 0.111637 0.111622 0.00109905
7 0.935963 0.561143 0.113289 0.113936 0.00109757
5 0.563479 0.437439 0.111076 0.111516 0.00109475
8 0.563401 0.188898 0.112172 0.113106 0.00109264
8 0.811413 0.188687 0.11171 0.11387 0.0010714
2 0.439939 0.437141 0.113452 0.113055 0.0010684
7 0.688153 0.0643441 0.111003 0.112967 0.00106715
8 0.191606 0.934013 0.112457 0.113791 0.00106103
5 0.936195 0.809555 0.112627 0.111822 0.00105549
5 0.688109 0.312836 0.112749 0.1142 0.00104692
8 0.811396 0.43691 0.110856 0.111719 0.00104493
12 0.315134 0.189315 0.111856 0.111053 0.00104362
3 0.0672914 0.560846 0.111763 0.112394 0.00101976
9 0.811396 0.43691 0.110856 0.111719 0.00100898
