5 0.19166 0.93422 0.11216 0.114517 0.986933
6 0.31614 0.933931 0.11172 0.113306 0.98608
13 0.191489 0.809193 0.111347 0.112232 0.985291
10 0.315957 0.809377 0.112488 0.112231 0.98492
12 0.439525 0.933986 0.111211 0.112859 0.984837
9 0.191324 0.68536 0.111964 0.112786 0.984669
13 0.563763 0.809569 0.112041 0.11319 0.984419
8 0.0671716 0.809427 0.113079 0.11346 0.984406
12 0.688065 0.934014 0.111018 0.113252 0.984319
11 0.438866 0.0656441 0.111805 0.112483 0.984304
1 0.56374 0.933967 0.111985 0.114036 0.984223
6 0.31573 0.561782 0.111799 0.112433 0.983872
3 0.314895 0.0648177 0.112194 0.111873 0.98386
11 0.0666085 0.934496 0.114096 0.115101 0.983813
13 0.812162 0.809967 0.112735 0.113027 0.983567
1 0.0671222 0.685367 0.112721 0.112642 0.983539
10 0.440356 0.809436 0.111889 0.11229 0.983524
10 0.0677699 0.0647718 0.114329 0.112925 0.983375
2 0.935979 0.934218 0.113151 0.112589 0.983268
5 0.191526 0.562388 0.111836 0.112547 0.98326
12 0.315513 0.685371 0.110803 0.111909 0.983255
10 0.191993 0.189057 0.11286 0.112227 0.983158
6 0.0668122 0.437614 0.113587 0.112701 0.98303
11 0.0665834 0.561802 0.113587 0.112679 0.98301
6 0.0666538 0.313536 0.113374 0.112709 0.982888
13 0.315296 0.43749 0.112492 0.111679 0.982885
8 0.563399 0.189703 0.111234 0.113208 0.982819
10 0.19129 0.43757 0.112374 0.112009 0.982645
6 0.315812 0.313661 0.111749 0.112837 0.982451
4 0.4394 0.561424 0.112852 0.112176 0.982412
8 0.687914 0.809613 0.111636 0.113435 0.982328
12 0.439562 0.685474 0.11137 0.112124 0.982276
10 0.439426 0.313144 0.113053 0.111783 0.981942
10 0.191389 0.31339 0.11386 0.112005 0.981848
2 0.315104 0.189224 0.112715 0.112899 0.98117
1 0.936635 0.809532 0.11227 0.112106 0.980977
4 0.812145 0.0650511 0.112344 0.113735 0.980942
1 0.19101 0.064725 0.112306 0.11284 0.980884
8 0.812098 0.933746 0.112155 0.114244 0.980795
1 0.0670073 0.18883 0.113243 0.112991 0.980779
6 0.439497 0.437437 0.112986 0.112258 0.980538
9 0.439717 0.188924 0.111681 0.11235 0.980059
1 0.563478 0.684936 0.112341 0.1132 0.979588
6 0.564169 0.561371 0.112508 0.112552 0.979429
13 0.687786 0.685723 0.112555 0.112508 0.979305
5 0.563683 0.313094 0.111901 0.112475 0.979224
11 0.812025 0.561494 0.112576 0.112887 0.979166
6 0.935771 0.0648272 0.11271 0.113664 0.978942
1 0.812064 0.188738 0.112276 0.112653 0.978872
6 0.936375 0.685586 0.111964 0.11163 0.978869
11 0.68772 0.188673 0.112307 0.11326 0.978811
1 0.687805 0.0640917 0.112632 0.11392 0.978679
11 0.812162 0.312865 0.112159 0.112862 0.978651
5 0.68766 0.312905 0.112097 0.112453 0.978549
9 0.936433 0.437199 0.111089 0.111494 0.978542
10 0.812444 0.436993 0.112953 0.113479 0.97847
10 0.812297 0.685328 0.112838 0.11252 0.97844
7 0.687321 0.437159 0.112156 0.11186 0.978214
8 0.563744 0.437278 0.112227 0.113318 0.978188
2 0.687572 0.561359 0.111894 0.113884 0.978143
3 0.936645 0.561598 0.111788 0.112181 0.977726
0 0.563808 0.0649473 0.111571 0.113118 0.977689
3 0.936613 0.313318 0.112071 0.11244 0.977641
11 0.9359 0.188866 0.110752 0.111215 0.97723
4 0.191329 0.31319 0.11216 0.111174 0.0223432
10 0.936005 0.188977 0.11123 0.110667 0.0137624
2 0.811834 0.933909 0.112137 0.113003 0.0137003
2 0.563943 0.189555 0.111667 0.112938 0.0135817
2 0.688165 0.809292 0.111484 0.111726 0.0120157
0 0.688091 0.0634074 0.112066 0.113848 0.0104618
5 0.191329 0.31319 0.11216 0.111174 0.0092225
6 0.43972 0.68531 0.111304 0.112027 0.00668279
2 0.563582 0.437366 0.112346 0.111945 0.00655138
4 0.811534 0.437357 0.115802 0.110013 0.00620297
12 0.936406 0.56134 0.111287 0.112325 0.00599269
6 0.688346 0.437959 0.11003 0.112797 0.00576754
12 0.68856 0.436574 0.111064 0.111549 0.00559204
2 0.0668345 0.809041 0.114087 0.113033 0.00538346
4 0.439908 0.313381 0.111833 0.112276 0.00507125
5 0.688057 0.188497 0.111816 0.112944 0.00506393
13 0.191883 0.313323 0.11139 0.111672 0.00462854
5 0.81202 0.561603 0.11262 0.112568 0.00456258
0 0.81211 0.188729 0.112211 0.113797 0.00447603
5 0.0665018 0.561349 0.11443 0.113162 0.00396647
10 0.0672606 0.560977 0.113409 0.113107 0.00382222
11 0.686714 0.313462 0.111991 0.111163 0.00381759
3 0.936425 0.685303 0.111741 0.112154 0.00359244
0 0.563628 0.933866 0.110472 0.113225 0.00358722
12 0.811442 0.809969 0.111946 0.112732 0.00357868
12 0.936134 0.313102 0.110814 0.113093 0.00355158
12 0.31533 0.436731 0.111152 0.112031 0.00354889
3 0.31614 0.933931 0.11172 0.113306 0.00343446
11 0.81159 0.933348 0.111288 0.111466 0.00342701
4 0.563843 0.684867 0.111811 0.111392 0.00340403
6 0.439666 0.933834 0.110706 0.113234 0.00335332
3 0.066625 0.436792 0.114382 0.112761 0.00329585
1 0.688081 0.561112 0.112231 0.11317 0.00324015
5 0.0668171 0.934335 0.115157 0.11506 0.00321129
0 0.0667761 0.188714 0.1128 0.113109 0.0032075
3 0.31572 0.561347 0.112268 0.112821 0.00314477
5 0.811862 0.313081 0.111895 0.113064 0.00300466
10 0.811533 0.312849 0.110255 0.112043 0.00299753
1 0.812397 0.06512 0.113007 0.114432 0.00287245
5 0.811534 0.437357 0.115802 0.110013 0.00282709
1 0.563728 0.0641275 0.110657 0.11341 0.00279518
8 0.811306 0.561266 0.111047 0.110708 0.00279248
8 0.688091 0.561281 0.109384 0.113075 0.00276397
2 0.688079 0.0643277 0.111727 0.112366 0.00268671
12 0.688185 0.685549 0.11146 0.112222 0.00268416
2 0.563491 0.685014 0.111379 0.111938 0.00264327
7 0.811765 0.0652672 0.113017 0.112751 0.00264302
5 0.935802 0.933835 0.113528 0.113542 0.00260061
1 0.439688 0.561486 0.112684 0.112472 0.00255449
3 0.066643 0.313432 0.112358 0.112599 0.00250997
7 0.811641 0.436953 0.112739 0.113644 0.00243627
0 0.936907 0.80938 0.111327 0.112473 0.00241267
13 0.439828 0.313371 0.111429 0.111794 0.00241238
0 0.191296 0.0645799 0.111292 0.113248 0.00240174
12 0.564043 0.809441 0.111724 0.112285 0.00232937
5 0.686746 0.561347 0.114325 0.111203 0.00223271
10 0.688137 0.188784 0.112653 0.112954 0.00222114
3 0.564171 0.56126 0.111607 0.11245 0.00220621
6 0.687717 0.933866 0.111166 0.112736 0.00214382
6 0.936253 0.561818 0.110686 0.113149 0.00214311
10 0.811393 0.5615 0.110087 0.111673 0.00214266
2 0.688114 0.313396 0.112291 0.112738 0.00204241
9 0.811433 0.312679 0.111209 0.111172 0.00203386
7 0.439674 0.561374 0.111958 0.112069 0.00201959
3 0.315829 0.313339 0.110869 0.112534 0.00201038
7 0.564211 0.561235 0.111454 0.111912 0.00199647
9 0.811306 0.561266 0.111047 0.110708 0.00197921
4 0.688346 0.437959 0.11003 0.112797 0.00195859
1 0.315243 0.189013 0.11226 0.113598 0.00194223
4 0.811604 0.685403 0.112873 0.112737 0.00193894
7 0.191576 0.313647 0.112806 0.111712 0.00192718
13 0.191587 0.437725 0.111376 0.111639 0.00190977
7 0.811604 0.685403 0.112873 0.112737 0.00190954
2 0.812145 0.0650511 0.112344 0.113735 0.00189163
12 0.937074 0.436546 0.111126 0.11145 0.00189044
10 0.19171 0.934116 0.112669 0.112732 0.00188025
3 0.439962 0.43759 0.112434 0.112798 0.0018727
8 0.811433 0.312679 0.111209 0.111172 0.00186469
4 0.191266 0.437275 0.112843 0.11281 0.00186278
6 0.315699 0.685428 0.110937 0.111913 0.00179958
3 0.688114 0.313396 0.112291 0.112738 0.00179951
3 0.935771 0.0648272 0.11271 0.113664 0.00179726
9 0.936945 0.313268 0.112762 0.113847 0.00174967
9 0.937012 0.561125 0.113042 0.113107 0.00172297
4 0.811658 0.189217 0.112612 0.112952 0.00169219
5 0.439669 0.0653137 0.112636 0.113458 0.00164616
12 0.439504 0.189003 0.113065 0.111835 0.00163251
12 0.191447 0.809714 0.111985 0.112033 0.00161059
9 0.686752 0.188616 0.112067 0.113895 0.00160239
8 0.936019 0.934048 0.11348 0.113224 0.00158724
0 0.688281 0.933393 0.113219 0.112692 0.00155033
8 0.686752 0.188616 0.112067 0.113895 0.00154182
13 0.191676 0.189363 0.112081 0.112341 0.00149253
1 0.936156 0.933839 0.113177 0.113563 0.00146657
0 0.0669547 0.685224 0.112764 0.112709 0.00145711
7 0.0673826 0.313565 0.113845 0.113164 0.00145517
13 0.0666778 0.934108 0.11364 0.11394 0.00143628
10 0.191074 0.561605 0.111223 0.111556 0.00142754
2 0.439919 0.561667 0.112745 0.112838 0.00140163
5 0.935603 0.189704 0.113495 0.113015 0.00139574
7 0.936425 0.685303 0.111741 0.112154 0.00138835
6 0.81163 0.064759 0.114481 0.112665 0.00136006
10 0.812283 0.809045 0.112873 0.113495 0.00135756
4 0.439965 0.809493 0.1129 0.113171 0.00135441
6 0.937177 0.313309 0.11304 0.114715 0.00135048
5 0.811604 0.685403 0.112873 0.112737 0.00134915
7 0.936064 0.0645272 0.112554 0.11375 0.00132646
13 0.0665834 0.561802 0.113587 0.112679 0.00132603
9 0.688253 0.933385 0.113003 0.112514 0.00131814
3 0.937074 0.436546 0.111126 0.11145 0.0013112
0 0.688168 0.809677 0.112055 0.113078 0.001305
4 0.191423 0.189154 0.113026 0.113812 0.00128575
7 0.191405 0.438007 0.113424 0.112302 0.00128136
10 0.0671481 0.933829 0.113922 0.113416 0.00125978
1 0.936645 0.561598 0.111788 0.112181 0.00125524
5 0.439955 0.809712 0.111861 0.111821 0.00124612
7 0.315551 0.436695 0.111494 0.111281 0.00124292
4 0.68794 0.313296 0.111819 0.112015 0.00124284
3 0.935979 0.934218 0.113151 0.112589 0.00123822
0 0.563306 0.438021 0.111565 0.113541 0.00120497
11 0.812667 0.436435 0.111566 0.113662 0.00119071
10 0.688083 0.933962 0.110257 0.112465 0.00118956
3 0.315774 0.685369 0.112013 0.11197 0.00118627
11 0.19118 0.561284 0.111405 0.110912 0.00118142
3 0.687879 0.561212 0.111061 0.111535 0.00115343
7 0.439982 0.437725 0.112482 0.112881 0.00115264
4 0.688271 0.561282 0.111291 0.112685 0.0011506
0 0.563087 0.685233 0.110733 0.112024 0.00114729
4 0.0671222 0.685367 0.112721 0.112642 0.00114411
7 0.688211 0.685552 0.112017 0.112134 0.00112489
7 0.31573 0.561782 0.111799 0.112433 0.00112173
12 0.563728 0.0641275 0.110657 0.11341 0.0011097
11 0.935896 0.933993 0.11235 0.114387 0.00110731
3 0.315161 0.189046 0.112708 0.113739 0.00109672
1 0.936606 0.312975 0.111354 0.111776 0.00109273
0 0.439384 0.189035 0.112966 0.111794 0.0010756
11 0.563578 0.189137 0.113144 0.113093 0.00107452
13 0.439652 0.809898 0.111671 0.112175 0.00106773
7 0.812283 0.809045 0.112873 0.113495 0.00106315
11 0.191083 0.809359 0.112044 0.112216 0.00106285
10 0.688114 0.313396 0.112291 0.112738 0.00106154
0 0.937074 0.436546 0.111126 0.11145 0.00105701
12 0.191614 0.685556 0.112117 0.112281 0.00105303
4 0.564036 0.313478 0.111506 0.111711 0.00104659
3 0.563508 0.6849 0.111386 0.112455 0.00104515
10 0.563628 0.313572 0.113194 0.11231 0.00104315
5 0.43973 0.313257 0.111326 0.111419 0.00102101
11 0.0677128 0.809322 0.113167 0.114176 0.00101287
0 0.811751 0.933968 0.111512 0.112107 0.00100976
