9 0.439439 0.934106 0.112773 0.114472 0.98849
3 0.563223 0.934288 0.112759 0.114496 0.987732
10 0.439521 0.809187 0.112024 0.113214 0.985642
7 0.315151 0.0652918 0.112077 0.112551 0.985265
0 0.935839 0.933443 0.11275 0.111744 0.984822
13 0.315014 0.685252 0.111316 0.112888 0.984793
13 0.687817 0.934148 0.112493 0.114212 0.984683
9 0.191082 0.0649041 0.111886 0.112157 0.984657
4 0.563585 0.809564 0.111889 0.113081 0.984306
3 0.936096 0.809953 0.113533 0.113041 0.983986
9 0.0670821 0.437371 0.113401 0.112955 0.983945
13 0.563495 0.685348 0.111543 0.113522 0.983937
2 0.439347 0.0649367 0.11146 0.112835 0.983843
13 0.191424 0.313279 0.113005 0.113945 0.983688
5 0.192003 0.933617 0.110947 0.112976 0.983647
12 0.315594 0.934033 0.110981 0.113741 0.98352
4 0.315277 0.188976 0.112513 0.112456 0.983213
9 0.315688 0.313166 0.112258 0.113063 0.983187
11 0.066939 0.561549 0.112652 0.112668 0.983041
13 0.19125 0.561189 0.112637 0.113916 0.982996
3 0.315618 0.561452 0.111827 0.113688 0.982974
3 0.0671345 0.313905 0.112292 0.113274 0.982513
11 0.0672528 0.189105 0.112554 0.112513 0.982471
4 0.0672316 0.0648267 0.113723 0.113307 0.982444
10 0.191706 0.188685 0.11372 0.112669 0.982289
11 0.687184 0.809679 0.111283 0.112836 0.982239
4 0.0668577 0.934233 0.112891 0.113086 0.982214
11 0.811607 0.933782 0.112006 0.113723 0.982211
12 0.191017 0.809709 0.111478 0.112363 0.981722
1 0.314985 0.437123 0.111799 0.111582 0.980782
5 0.43904 0.313077 0.111591 0.113385 0.980348
5 0.687936 0.0649575 0.111314 0.112701 0.980197
9 0.563047 0.313462 0.111802 0.111804 0.979943
2 0.439231 0.188867 0.112739 0.112296 0.979723
11 0.563362 0.560883 0.111673 0.114102 0.979494
12 0.687619 0.188841 0.112052 0.112092 0.97943
1 0.687759 0.561287 0.1128 0.113109 0.979412
1 0.563398 0.43718 0.112303 0.113091 0.979409
13 0.812 0.56143 0.112613 0.112869 0.979257
6 0.688025 0.685412 0.112881 0.112348 0.9792
1 0.687679 0.313159 0.112529 0.112952 0.979067
3 0.811599 0.188514 0.111953 0.112746 0.978758
10 0.936582 0.188464 0.113163 0.113794 0.978618
11 0.812116 0.685111 0.112617 0.114168 0.978602
13 0.936144 0.31341 0.113293 0.113182 0.978586
10 0.936757 0.561251 0.113027 0.113459 0.978526
6 0.812345 0.436936 0.112925 0.112342 0.978484
0 0.439186 0.685143 0.112231 0.113642 0.97843
0 0.190771 0.437339 0.111959 0.111711 0.978351
0 0.687518 0.437247 0.111715 0.112802 0.978276
0 0.439301 0.437178 0.111649 0.113203 0.978272
0 0.812008 0.809523 0.112786 0.113407 0.978261
0 0.936101 0.685098 0.113263 0.111897 0.978257
0 0.315397 0.809393 0.112362 0.113428 0.978216
6 0.936421 0.436817 0.1137 0.112348 0.978206
1 0.936359 0.064161 0.113838 0.113729 0.978085
2 0.812133 0.312957 0.112558 0.112781 0.977702
0 0.563069 0.0654565 0.111338 0.11132 0.977672
0 0.812226 0.0644326 0.111953 0.112896 0.977113
8 0.56352 0.188891 0.111158 0.113003 0.976517
8 0.439673 0.56116 0.112465 0.112984 0.976052
8 0.0667882 0.685554 0.112051 0.112954 0.975836
8 0.19115 0.685158 0.112036 0.112242 0.975578
0 0.0670882 0.809722 0.112229 0.112704 0.973112
1 0.0670893 0.80944 0.112727 0.112415 0.0556056
2 0.191217 0.685499 0.111915 0.112439 0.0267259
8 0.813084 0.933564 0.111274 0.114752 0.013176
2 0.0668618 0.685496 0.113672 0.11286 0.0105751
2 0.439459 0.561071 0.111494 0.113451 0.0101253
2 0.563475 0.189073 0.112492 0.112794 0.00910639
1 0.811871 0.809437 0.112663 0.112739 0.00889608
1 0.190855 0.437183 0.112633 0.112702 0.00839494
6 0.687679 0.189536 0.111537 0.113239 0.00732082
1 0.687576 0.437079 0.111319 0.112645 0.00631957
1 0.315424 0.809446 0.112434 0.113148 0.00582571
8 0.688068 0.809087 0.111213 0.113887 0.0054573
1 0.439371 0.685111 0.112271 0.112971 0.00496073
12 0.563357 0.313492 0.111933 0.112721 0.00437498
12 0.811546 0.188802 0.111603 0.112569 0.00428305
4 0.191487 0.188982 0.112804 0.113019 0.00399579
12 0.315436 0.313533 0.112621 0.113013 0.00393076
11 0.0670367 0.685645 0.112621 0.112161 0.00387336
1 0.0666059 0.934075 0.114141 0.114527 0.00370578
9 0.811495 0.188822 0.112272 0.112665 0.00366902
1 0.439454 0.437117 0.111438 0.112618 0.00355141
10 0.0666402 0.561208 0.114139 0.113254 0.003546
3 0.812166 0.436695 0.113333 0.113508 0.00344328
6 0.191286 0.809889 0.111786 0.113114 0.00334621
5 0.066834 0.561376 0.112871 0.112677 0.0033068
1 0.563412 0.0641323 0.11148 0.113485 0.00322109
1 0.0672316 0.0648267 0.113723 0.113307 0.00308417
6 0.315636 0.934378 0.112252 0.114494 0.00304326
11 0.191621 0.933583 0.111784 0.111982 0.00302889
1 0.315524 0.188727 0.112647 0.112477 0.00293104
11 0.191263 0.685397 0.112318 0.112642 0.00290661
0 0.688007 0.312653 0.112525 0.113054 0.00283366
3 0.936111 0.436914 0.113147 0.113242 0.00279713
5 0.811622 0.685455 0.112528 0.112735 0.00277298
5 0.687544 0.809832 0.111448 0.112002 0.00271107
0 0.936161 0.0641492 0.112065 0.11366 0.00270948
1 0.811425 0.436796 0.11085 0.113847 0.00261025
7 0.936227 0.560812 0.112398 0.11361 0.00255046
2 0.688085 0.561089 0.112028 0.113196 0.00254893
10 0.811607 0.685056 0.110644 0.113055 0.00254607
4 0.936227 0.560812 0.112398 0.11361 0.00254012
13 0.936227 0.561307 0.110833 0.111714 0.002484
0 0.688205 0.560924 0.112249 0.111759 0.00247705
1 0.563907 0.809657 0.112703 0.112625 0.00246466
3 0.68779 0.685215 0.112548 0.113035 0.00240525
12 0.0672587 0.436607 0.111353 0.113367 0.00237863
10 0.687665 0.0646311 0.111301 0.11193 0.00233987
10 0.0666953 0.189012 0.114071 0.112539 0.00221043
13 0.935969 0.188761 0.112301 0.112209 0.0021919
1 0.811965 0.313465 0.111402 0.112434 0.00211757
13 0.0668597 0.188987 0.112483 0.112306 0.00208495
1 0.688198 0.685089 0.112154 0.113637 0.00207375
13 0.19108 0.188993 0.111731 0.112111 0.00205027
10 0.811924 0.933455 0.112482 0.114199 0.00203944
10 0.687625 0.809157 0.111601 0.113314 0.00203404
9 0.811525 0.933126 0.111212 0.11304 0.00197363
12 0.191133 0.0647862 0.112388 0.112189 0.00197029
1 0.812339 0.0638674 0.110911 0.113063 0.00193467
4 0.936149 0.18878 0.112451 0.11386 0.00192837
8 0.811565 0.313024 0.112677 0.114116 0.00189008
0 0.688049 0.189283 0.112036 0.114339 0.0018877
12 0.935908 0.809756 0.11169 0.112519 0.00188753
8 0.813045 0.685526 0.111772 0.114271 0.00182242
5 0.811461 0.313215 0.113624 0.112949 0.00181403
13 0.811635 0.93392 0.112254 0.11313 0.00181372
11 0.563435 0.189006 0.112686 0.113325 0.00180266
11 0.439187 0.560872 0.11257 0.112577 0.00177967
4 0.687764 0.313283 0.112219 0.112602 0.00176283
4 0.563636 0.437155 0.112162 0.112233 0.00174
10 0.687771 0.933465 0.110915 0.113242 0.00173974
7 0.0665234 0.0650245 0.1121 0.112036 0.00172419
0 0.067284 0.437942 0.111196 0.112827 0.00172013
9 0.687543 0.9336 0.112351 0.114306 0.00171566
13 0.439316 0.80946 0.111596 0.112318 0.00170747
4 0.439432 0.313235 0.111493 0.112977 0.00167526
2 0.688056 0.313342 0.111884 0.113166 0.00166378
2 0.688181 0.064574 0.112294 0.112613 0.00163918
0 0.563351 0.313061 0.112267 0.112286 0.00161885
1 0.936489 0.809866 0.111736 0.112291 0.00161715
11 0.686854 0.0650218 0.10947 0.111366 0.00161431
5 0.563273 0.561104 0.111375 0.112991 0.00161181
8 0.563361 0.560395 0.111244 0.113168 0.00161052
6 0.0675223 0.313811 0.112974 0.112964 0.00161028
0 0.315449 0.313567 0.112495 0.112335 0.00160331
10 0.935786 0.313211 0.111062 0.112224 0.00159896
5 0.0668597 0.188987 0.112483 0.112306 0.00158703
6 0.936126 0.810265 0.111712 0.113227 0.00156865
10 0.191621 0.933583 0.111784 0.111982 0.00155426
10 0.563273 0.561104 0.111375 0.112991 0.001549
4 0.315237 0.437342 0.112145 0.112444 0.00152883
12 0.439861 0.933658 0.113505 0.114911 0.00152835
1 0.439409 0.18876 0.111995 0.113065 0.00152787
0 0.563477 0.437083 0.1117 0.113013 0.00151194
1 0.936263 0.436625 0.113884 0.113921 0.00149892
7 0.935801 0.31391 0.112707 0.113751 0.00148115
12 0.314938 0.685117 0.111784 0.112367 0.00147886
4 0.439837 0.809436 0.113143 0.113108 0.0014507
3 0.439388 0.189034 0.11201 0.113263 0.00143476
7 0.19121 0.188889 0.112643 0.113345 0.00142841
12 0.56337 0.685338 0.111612 0.112439 0.00141935
1 0.439564 0.0646696 0.111271 0.11341 0.00140684
3 0.191471 0.809876 0.111941 0.111734 0.00134958
2 0.688092 0.809109 0.112391 0.113212 0.00131569
4 0.68794 0.560722 0.112677 0.112809 0.00130277
12 0.191168 0.560979 0.111546 0.112007 0.0012978
3 0.563337 0.313669 0.112048 0.113518 0.00129341
7 0.439472 0.809148 0.111909 0.11263 0.00128219
10 0.563585 0.809564 0.111889 0.113081 0.00128163
7 0.0664066 0.933759 0.112964 0.113252 0.00126864
13 0.687544 0.809832 0.111448 0.112002 0.00126809
13 0.066939 0.561549 0.112652 0.112668 0.00126737
7 0.936168 0.187891 0.113531 0.114299 0.00126558
7 0.314882 0.188548 0.111384 0.111933 0.00126415
9 0.935992 0.933654 0.111407 0.112047 0.00126118
3 0.439432 0.313235 0.111493 0.112977 0.001258
5 0.811635 0.93392 0.112254 0.11313 0.00123851
1 0.315109 0.561207 0.11237 0.112149 0.00123161
0 0.31523 0.4371 0.112243 0.112541 0.00121044
1 0.936101 0.685098 0.113263 0.111897 0.00116267
13 0.811622 0.685455 0.112528 0.112735 0.00114567
9 0.0666953 0.189012 0.114071 0.112539 0.0011419
13 0.563588 0.561124 0.111268 0.112039 0.00113737
10 0.438984 0.313035 0.112466 0.112609 0.00111533
4 0.935936 0.0645957 0.112675 0.112936 0.00108351
2 0.439471 0.313106 0.111698 0.112179 0.00105039
6 0.0668577 0.934233 0.112891 0.113086 0.00104886
7 0.56366 0.809387 0.111903 0.1123 0.00104036
9 0.687664 0.809623 0.111325 0.112101 0.00103026
4 0.688181 0.064574 0.112294 0.112613 0.00101355
6 0.811546 0.188802 0.111603 0.112569 0.00100621
