9 0.563611 0.064986 0.110631 0.112277 0.98708
2 0.5639 0.809648 0.111948 0.113066 0.986639
9 0.067174 0.685504 0.112936 0.112644 0.986125
6 0.439714 0.933733 0.111567 0.1136 0.986075
5 0.191709 0.685492 0.110935 0.112312 0.985479
8 0.687853 0.934116 0.11091 0.11261 0.985266
1 0.563994 0.933976 0.112744 0.113072 0.985042
3 0.191314 0.313603 0.111706 0.113373 0.984876
5 0.0674715 0.809605 0.112491 0.112406 0.984822
5 0.315915 0.561943 0.111275 0.112935 0.984016
10 0.439904 0.809509 0.112664 0.113176 0.983678
12 0.811281 0.933747 0.112837 0.113072 0.983578
10 0.439461 0.0652759 0.112295 0.113119 0.983552
7 0.191534 0.0652265 0.112194 0.112009 0.983317
5 0.314823 0.0658101 0.110276 0.111631 0.983071
13 0.315601 0.437791 0.111984 0.112187 0.982899
13 0.31564 0.313069 0.111489 0.110729 0.982889
12 0.066848 0.189322 0.113286 0.112786 0.982851
11 0.0663447 0.933974 0.115033 0.114608 0.982762
1 0.19131 0.561578 0.11162 0.111317 0.982692
2 0.0678053 0.561018 0.111541 0.111207 0.982691
6 0.0666989 0.313786 0.112646 0.111825 0.982499
13 0.688016 0.80936 0.112214 0.113448 0.982022
4 0.315922 0.933344 0.113456 0.113285 0.981995
2 0.936068 0.934038 0.112012 0.111359 0.981922
1 0.936499 0.809312 0.113096 0.112737 0.981695
4 0.0675584 0.0650664 0.112624 0.112715 0.981563
11 0.191142 0.93371 0.112135 0.113717 0.98141
2 0.0679149 0.437375 0.112365 0.112141 0.981235
10 0.315333 0.685148 0.112839 0.110788 0.981188
10 0.19139 0.809327 0.112724 0.111808 0.981008
6 0.439774 0.312962 0.112946 0.111067 0.980854
13 0.56349 0.189363 0.111493 0.111682 0.980848
0 0.191287 0.188519 0.112012 0.112424 0.98063
13 0.439435 0.68529 0.111349 0.110789 0.980376
8 0.812023 0.809661 0.112242 0.112432 0.980026
10 0.439307 0.560897 0.112211 0.111283 0.979928
4 0.688246 0.685224 0.111539 0.112426 0.979714
4 0.687914 0.436913 0.11147 0.112385 0.979505
4 0.811685 0.0650663 0.11079 0.111675 0.979394
0 0.315549 0.809143 0.111921 0.112261 0.979365
10 0.563855 0.560576 0.111698 0.113335 0.979104
4 0.687841 0.561115 0.111949 0.112439 0.979048
5 0.81159 0.56116 0.111802 0.112793 0.978915
6 0.811985 0.437034 0.112582 0.111183 0.978898
8 0.191614 0.437363 0.111737 0.11118 0.978853
12 0.935849 0.188548 0.112785 0.111097 0.978676
9 0.811835 0.188906 0.112463 0.11301 0.978633
6 0.687753 0.0646568 0.112431 0.112326 0.978556
1 0.936107 0.0643482 0.114848 0.113969 0.978486
13 0.563495 0.437512 0.112352 0.112328 0.978449
1 0.936242 0.312571 0.114016 0.113089 0.97842
3 0.936048 0.561194 0.113662 0.114159 0.978268
11 0.315521 0.188837 0.112359 0.112298 0.97822
8 0.439208 0.189315 0.111704 0.110852 0.978005
0 0.935718 0.436836 0.113042 0.11142 0.97791
2 0.687493 0.189311 0.111029 0.111868 0.977894
2 0.811861 0.685748 0.111995 0.112255 0.97784
8 0.439726 0.437469 0.110915 0.111446 0.977755
8 0.56428 0.685228 0.112208 0.112314 0.977749
2 0.688022 0.312931 0.111803 0.111867 0.977679
7 0.812131 0.313043 0.112266 0.111898 0.977462
8 0.56391 0.313055 0.111233 0.111455 0.977302
7 0.936468 0.685255 0.112419 0.112009 0.977049
2 0.191536 0.437586 0.112622 0.111643 0.0128322
1 0.812265 0.436594 0.109673 0.110508 0.0109579
3 0.811684 0.18927 0.112047 0.112301 0.0104932
5 0.191648 0.933335 0.112556 0.112497 0.0104863
12 0.439658 0.685229 0.111553 0.111685 0.01044
1 0.688264 0.0646298 0.111148 0.111986 0.0083886
7 0.315566 0.313334 0.110627 0.11213 0.00836338
5 0.0671932 0.93359 0.115067 0.114227 0.00804115
7 0.563463 0.18967 0.111794 0.112685 0.00796783
6 0.191762 0.313304 0.111956 0.111525 0.00741237
12 0.811494 0.313131 0.112325 0.112533 0.0071597
1 0.688107 0.437096 0.111416 0.112197 0.00702052
1 0.688111 0.561272 0.11203 0.112469 0.00668296
5 0.315419 0.188864 0.111412 0.111744 0.00664049
1 0.811944 0.0653938 0.111158 0.112709 0.0062357
6 0.935899 0.561688 0.112116 0.113634 0.00593778
11 0.811931 0.80978 0.112004 0.111359 0.00570878
2 0.563933 0.313416 0.111188 0.111613 0.0054561
12 0.564098 0.437075 0.112519 0.112745 0.0052759
2 0.812862 0.809279 0.11155 0.112356 0.00519698
12 0.936153 0.685498 0.113214 0.112881 0.00518581
4 0.440036 0.561247 0.112659 0.112763 0.00502001
2 0.563999 0.685202 0.11266 0.110952 0.00491971
11 0.564312 0.685509 0.112013 0.111451 0.0048971
2 0.439567 0.437289 0.111538 0.111992 0.00487177
11 0.439635 0.189114 0.111227 0.111515 0.00482662
11 0.564058 0.313099 0.111364 0.111763 0.0048111
7 0.688335 0.809458 0.113503 0.112466 0.00460887
1 0.316037 0.933877 0.11256 0.113464 0.00450327
12 0.56394 0.189299 0.112207 0.113417 0.00444181
13 0.439576 0.560919 0.111615 0.112512 0.00437158
13 0.43978 0.80935 0.111817 0.112467 0.00428681
1 0.0670504 0.438038 0.109937 0.110003 0.00417698
4 0.935856 0.68505 0.113564 0.11225 0.00384681
2 0.811821 0.0654628 0.111407 0.112336 0.00383475
2 0.439715 0.189261 0.111361 0.111787 0.00374756
4 0.564116 0.561173 0.111529 0.112595 0.00372299
1 0.688042 0.685458 0.1108 0.111951 0.00368015
7 0.439663 0.685364 0.110933 0.112295 0.00365992
0 0.936301 0.312899 0.113361 0.111903 0.00357232
12 0.0669534 0.685154 0.114619 0.115455 0.00352314
1 0.688221 0.313146 0.112642 0.11238 0.00337983
3 0.563611 0.064986 0.110631 0.112277 0.00337727
10 0.192104 0.933414 0.111221 0.111312 0.00329531
8 0.688085 0.18901 0.11154 0.112877 0.00327552
2 0.688111 0.561272 0.11203 0.112469 0.00326089
0 0.812087 0.933792 0.110843 0.113051 0.00322986
12 0.439984 0.0650379 0.111456 0.112865 0.00314186
8 0.688245 0.313145 0.112057 0.112146 0.00310285
1 0.688076 0.188907 0.113343 0.112879 0.00306847
1 0.0672215 0.0652942 0.11272 0.112505 0.00300267
6 0.811406 0.0648769 0.111206 0.11065 0.00296657
2 0.688489 0.933056 0.112518 0.11152 0.00287254
8 0.813101 0.685571 0.109946 0.11109 0.00286454
2 0.688042 0.685458 0.1108 0.111951 0.00279666
13 0.191679 0.809345 0.111656 0.111992 0.00278635
1 0.811437 0.68559 0.114395 0.111578 0.00259315
0 0.935945 0.0644881 0.113026 0.1134 0.00258798
12 0.315585 0.436813 0.111294 0.111901 0.00258733
11 0.191536 0.437586 0.112622 0.111643 0.0024706
11 0.688054 0.934151 0.111013 0.111623 0.00246444
0 0.936659 0.809313 0.112606 0.113001 0.00242106
4 0.315548 0.685297 0.112745 0.111935 0.00239427
11 0.439498 0.437158 0.111682 0.111993 0.00234291
3 0.811927 0.436761 0.113741 0.112923 0.00224378
3 0.0668509 0.684898 0.114543 0.112561 0.00219948
13 0.439529 0.0645889 0.111556 0.112124 0.00218429
7 0.563592 0.436556 0.111544 0.113289 0.00211349
8 0.0670504 0.438038 0.109937 0.110003 0.00209622
1 0.936225 0.933646 0.11257 0.112581 0.00204596
4 0.191762 0.313304 0.111956 0.111525 0.00202337
12 0.439614 0.561494 0.112792 0.112665 0.00198193
12 0.563934 0.0650239 0.111524 0.111607 0.00193282
12 0.811898 0.189092 0.111695 0.111996 0.00189269
2 0.688107 0.437096 0.111416 0.112197 0.00185399
7 0.687769 0.43751 0.111033 0.111779 0.00182435
1 0.439741 0.933273 0.111935 0.111515 0.00180409
1 0.315615 0.809116 0.112059 0.112973 0.00179522
0 0.56402 0.934084 0.111342 0.111954 0.00179388
9 0.192043 0.933518 0.111341 0.111695 0.00179254
6 0.936163 0.685292 0.112079 0.112585 0.00178983
3 0.191527 0.684997 0.112324 0.112595 0.00178282
6 0.811543 0.312885 0.111702 0.112238 0.00175688
4 0.811528 0.313514 0.113215 0.111609 0.00174958
5 0.935935 0.933806 0.114312 0.113567 0.00173699
4 0.191527 0.684997 0.112324 0.112595 0.00172324
1 0.564191 0.809131 0.112498 0.112374 0.00170825
1 0.0673254 0.560697 0.111875 0.110247 0.00166732
0 0.191235 0.438096 0.111105 0.112235 0.00165066
12 0.93556 0.561347 0.111684 0.112393 0.00164729
5 0.68818 0.809651 0.112455 0.11317 0.00164679
6 0.687825 0.68545 0.111307 0.112141 0.00161506
3 0.0666197 0.436767 0.114555 0.111076 0.00161087
0 0.191224 0.560966 0.112155 0.111703 0.00159921
6 0.687769 0.43751 0.111033 0.111779 0.00159452
12 0.563721 0.561212 0.111885 0.112631 0.00158542
3 0.812695 0.685412 0.111935 0.112566 0.00157483
4 0.439714 0.809432 0.112407 0.112801 0.00156222
1 0.439839 0.313171 0.112411 0.111335 0.00154924
10 0.0668458 0.80904 0.112277 0.112208 0.00150929
12 0.688269 0.809504 0.112901 0.112123 0.00150574
9 0.935772 0.436856 0.112538 0.111528 0.0015023
6 0.687956 0.561222 0.112899 0.112265 0.00148823
7 0.0675158 0.0652338 0.111759 0.112131 0.00144571
4 0.191946 0.0652014 0.112116 0.112428 0.00141684
3 0.0668378 0.560556 0.114274 0.111379 0.00141169
10 0.811127 0.561159 0.111048 0.111711 0.00140215
6 0.316122 0.933839 0.112175 0.113363 0.00139525
5 0.811437 0.68559 0.114395 0.111578 0.00139451
10 0.0671002 0.933732 0.113451 0.113512 0.0013943
13 0.563186 0.56086 0.111678 0.112601 0.00138485
10 0.314729 0.0648558 0.11101 0.111715 0.00138386
5 0.191572 0.80926 0.111743 0.111567 0.00136268
5 0.439519 0.56096 0.11186 0.112113 0.00136046
0 0.688472 0.93339 0.11241 0.112425 0.00131517
3 0.0666082 0.313513 0.112523 0.111747 0.00131115
3 0.688175 0.313636 0.110967 0.112547 0.00129818
3 0.811271 0.933403 0.112509 0.112966 0.00129451
2 0.316037 0.933877 0.11256 0.113464 0.00128597
4 0.93564 0.0648501 0.113617 0.113204 0.00128137
10 0.315231 0.189064 0.111061 0.112324 0.00127853
4 0.935899 0.561688 0.112116 0.113634 0.00126145
12 0.315563 0.685495 0.112584 0.111775 0.00125095
12 0.191762 0.313304 0.111956 0.111525 0.0012361
3 0.439714 0.933733 0.111567 0.1136 0.00123343
1 0.935882 0.561357 0.112119 0.112356 0.00122608
5 0.564722 0.809865 0.111525 0.112141 0.00122428
3 0.439599 0.313253 0.112127 0.112838 0.00121256
7 0.687732 0.561242 0.111477 0.112077 0.00119945
7 0.0675654 0.313912 0.11229 0.11045 0.00119517
6 0.811271 0.933403 0.112509 0.112966 0.00119303
3 0.811687 0.560955 0.111707 0.111622 0.00117365
13 0.0667332 0.934506 0.114252 0.114169 0.0011704
4 0.191369 0.561213 0.111137 0.111207 0.00116885
10 0.191201 0.685098 0.112052 0.112634 0.00116861
5 0.439937 0.809305 0.111845 0.111839 0.00116805
11 0.811415 0.18929 0.1125 0.113503 0.00115451
7 0.687825 0.68545 0.111307 0.112141 0.00115055
4 0.936499 0.809312 0.113096 0.112737 0.00115054
10 0.811979 0.313481 0.111444 0.111876 0.00114729
7 0.315544 0.437586 0.112767 0.112238 0.00114145
2 0.0667142 0.0650935 0.111682 0.110846 0.00112296
3 0.687554 0.064825 0.112748 0.114113 0.00112278
7 0.440025 0.313642 0.112276 0.110694 0.00110002
0 0.813073 0.810011 0.112561 0.113226 0.00106355
4 0.936068 0.934038 0.112012 0.111359 0.00104202
12 0.315997 0.31324 0.111665 0.112055 0.0010362
1 0.191287 0.188519 0.112012 0.112424 0.00103174
0 0.439082 0.438057 0.111328 0.112236 0.00102704
5 0.563175 0.561011 0.111974 0.112145 0.00102422
4 0.439415 0.065126 0.111934 0.113296 0.00102049
7 0.439714 0.809432 0.112407 0.112801 0.0010186
5 0.0665896 0.0653415 0.111551 0.11089 0.00101796
1 0.191492 0.313144 0.111426 0.111721 0.00100523
3 0.564495 0.809283 0.110295 0.112258 0.00100408
13 0.314895 0.68532 0.111918 0.111635 0.00100405
