5 0.191895 0.809436 0.111171 0.112242 0.986192
8 0.687838 0.934131 0.112122 0.11245 0.986051
7 0.439528 0.933961 0.112011 0.11325 0.986042
8 0.439147 0.065268 0.112461 0.111878 0.985673
4 0.316024 0.685852 0.112743 0.111462 0.985564
3 0.812375 0.933842 0.113401 0.113202 0.984372
9 0.93568 0.0654781 0.112424 0.111975 0.984334
9 0.190937 0.0647447 0.111633 0.111632 0.984171
7 0.563584 0.934057 0.111932 0.113299 0.983937
2 0.0673145 0.809505 0.112639 0.113455 0.983848
13 0.936244 0.934222 0.112988 0.112856 0.983729
6 0.191024 0.68577 0.110909 0.111289 0.983651
3 0.315765 0.562006 0.110585 0.111924 0.98365
10 0.316181 0.933896 0.112152 0.112767 0.983562
11 0.0668782 0.6855 0.112852 0.112474 0.98353
4 0.315618 0.437164 0.113288 0.11284 0.983327
11 0.439333 0.685217 0.111117 0.111787 0.983296
9 0.19137 0.437591 0.111481 0.112603 0.983204
10 0.564144 0.809584 0.111116 0.111715 0.983139
3 0.688073 0.0648655 0.111926 0.112314 0.98312
10 0.315258 0.188737 0.112852 0.112039 0.98302
3 0.191781 0.56175 0.110479 0.111806 0.982897
13 0.192011 0.189086 0.110933 0.110914 0.982809
9 0.811603 0.0655944 0.11089 0.111983 0.982809
9 0.0671879 0.188757 0.113119 0.111934 0.982792
8 0.315404 0.809643 0.112424 0.111292 0.982668
4 0.191597 0.313414 0.112773 0.112233 0.982591
13 0.0673522 0.313235 0.112044 0.111241 0.982296
8 0.314681 0.065115 0.112425 0.112026 0.982252
10 0.0675109 0.0647102 0.11292 0.11208 0.98223
13 0.0670997 0.437216 0.112828 0.111764 0.98208
4 0.439522 0.312932 0.113524 0.113241 0.981908
1 0.687805 0.809629 0.112045 0.113712 0.981793
4 0.440083 0.809617 0.112302 0.111784 0.981749
13 0.0673553 0.561607 0.112757 0.111984 0.981089
7 0.439402 0.189228 0.113841 0.113259 0.980959
4 0.563752 0.0650199 0.111781 0.112453 0.980645
13 0.0672137 0.934102 0.114294 0.114016 0.980526
6 0.440179 0.561446 0.112896 0.113089 0.98015
0 0.93566 0.685067 0.113155 0.110994 0.980132
10 0.812117 0.809506 0.113196 0.112269 0.979913
3 0.563578 0.43748 0.112214 0.11233 0.979712
11 0.56373 0.312758 0.111749 0.113871 0.979477
8 0.315252 0.313327 0.112697 0.112523 0.97933
10 0.563692 0.188568 0.112204 0.113362 0.979295
4 0.688191 0.436845 0.113476 0.113296 0.97928
0 0.191572 0.933253 0.112742 0.113409 0.979231
11 0.812214 0.436746 0.112414 0.113391 0.979216
5 0.563524 0.561385 0.11229 0.113782 0.9792
10 0.936519 0.809555 0.113861 0.112754 0.97892
1 0.812155 0.685329 0.113286 0.112723 0.978845
5 0.687899 0.312894 0.112266 0.113301 0.978726
7 0.687934 0.189068 0.112291 0.113276 0.978621
4 0.812567 0.312884 0.113337 0.113036 0.978534
5 0.687819 0.561326 0.112737 0.113637 0.978438
10 0.812242 0.188669 0.113183 0.113768 0.978419
12 0.563432 0.685583 0.112539 0.112118 0.978303
5 0.688087 0.685307 0.112861 0.113391 0.978141
8 0.439411 0.437313 0.112449 0.11272 0.978039
6 0.936653 0.188831 0.113194 0.112458 0.977775
7 0.812283 0.561782 0.112814 0.112492 0.977718
7 0.936513 0.437094 0.112971 0.113211 0.977452
7 0.936408 0.561731 0.112796 0.11287 0.976984
7 0.936682 0.313045 0.112548 0.112368 0.976618
2 0.439557 0.0647026 0.111774 0.112354 0.0108977
2 0.315116 0.0645953 0.111891 0.112669 0.0107362
2 0.439959 0.436984 0.112241 0.113734 0.00556828
1 0.687965 0.437004 0.113013 0.112854 0.00544325
12 0.935997 0.934173 0.111663 0.112819 0.00544085
2 0.315763 0.809989 0.111786 0.112385 0.00465961
1 0.191304 0.31328 0.111482 0.112085 0.00464603
2 0.813152 0.933914 0.111065 0.110936 0.00459742
3 0.439818 0.560778 0.112163 0.112691 0.00458515
1 0.315995 0.685947 0.112966 0.112158 0.00431873
6 0.563934 0.685633 0.113339 0.112631 0.00420931
1 0.439777 0.313346 0.112288 0.112777 0.00418234
1 0.81232 0.313636 0.113226 0.11324 0.00414959
3 0.190962 0.685364 0.111437 0.111701 0.00399473
1 0.315883 0.437461 0.113193 0.112949 0.00398358
6 0.811446 0.561508 0.113147 0.112333 0.00391708
1 0.563752 0.0650199 0.111781 0.112453 0.00388667
8 0.43981 0.685388 0.110823 0.111888 0.00376246
12 0.811498 0.561804 0.111309 0.112383 0.0037338
0 0.191632 0.437968 0.110314 0.112468 0.00359257
3 0.935962 0.188883 0.112862 0.112838 0.00358545
4 0.440025 0.561634 0.11171 0.112183 0.00340621
1 0.439614 0.809652 0.112044 0.111834 0.00328129
7 0.0672432 0.436577 0.11279 0.113239 0.00316826
8 0.191314 0.438051 0.111756 0.112947 0.00304817
10 0.811559 0.436846 0.109964 0.11217 0.00304117
2 0.315457 0.312976 0.112436 0.112169 0.00287659
11 0.81164 0.188793 0.113253 0.114388 0.00283776
0 0.68821 0.809107 0.111647 0.112167 0.00282803
12 0.191757 0.18906 0.112184 0.112154 0.00276471
7 0.191024 0.68577 0.110909 0.111289 0.00272096
3 0.066567 0.809476 0.114635 0.112753 0.00271293
11 0.936244 0.934222 0.112988 0.112856 0.00265995
5 0.0667214 0.684925 0.113238 0.112242 0.00263361
11 0.0663287 0.437551 0.114487 0.111536 0.00258474
0 0.812542 0.685324 0.111883 0.112417 0.00257568
5 0.813173 0.933558 0.111839 0.110988 0.00254114
9 0.811763 0.933048 0.113114 0.111209 0.00250944
10 0.935961 0.933624 0.111536 0.111499 0.00250859
4 0.56362 0.933783 0.112436 0.113722 0.00249493
11 0.315967 0.809927 0.111838 0.112748 0.00246714
13 0.0668782 0.6855 0.112852 0.112474 0.00245584
0 0.0673237 0.188961 0.113207 0.114001 0.00241091
0 0.439148 0.438118 0.111796 0.113684 0.00240746
2 0.688155 0.313485 0.112978 0.112745 0.00238554
4 0.56411 0.188489 0.111569 0.112505 0.00233317
1 0.440298 0.561265 0.11207 0.113422 0.00231164
10 0.687873 0.313187 0.11169 0.111976 0.00225582
4 0.439914 0.933747 0.112008 0.1137 0.00221257
8 0.06748 0.188929 0.112816 0.113276 0.00220135
2 0.688222 0.561725 0.111714 0.112902 0.00216836
12 0.936208 0.313326 0.112459 0.11353 0.00207635
11 0.0670553 0.93413 0.113488 0.114115 0.00205194
5 0.936036 0.809674 0.112279 0.112609 0.00205191
5 0.811371 0.809642 0.112611 0.112306 0.00201819
6 0.936001 0.43686 0.11317 0.113413 0.0020091
2 0.191747 0.809577 0.11235 0.112273 0.00200126
5 0.811663 0.188664 0.112219 0.111836 0.0019951
5 0.191476 0.561154 0.11203 0.111971 0.00197928
3 0.688203 0.561844 0.112049 0.113311 0.00197834
3 0.688317 0.685735 0.112204 0.11317 0.00194768
12 0.936148 0.0652797 0.111687 0.112565 0.00193712
5 0.56354 0.188627 0.111742 0.111637 0.0019008
12 0.936093 0.437165 0.112764 0.113774 0.00185202
6 0.936218 0.31316 0.112206 0.113405 0.0018491
8 0.812089 0.437269 0.1128 0.113299 0.00182641
11 0.0666028 0.313448 0.113511 0.111744 0.00180716
4 0.563955 0.809349 0.111816 0.112423 0.00180029
11 0.811476 0.0650396 0.11121 0.113062 0.00179527
7 0.0673792 0.56118 0.11254 0.113441 0.0017719
9 0.687892 0.933583 0.111328 0.112005 0.00176484
2 0.688334 0.685516 0.111822 0.113407 0.00176478
12 0.0671915 0.436919 0.11149 0.11202 0.00174276
5 0.688315 0.0647537 0.110815 0.111918 0.00172864
11 0.688133 0.313512 0.113203 0.113977 0.00172179
6 0.935945 0.561691 0.112316 0.11347 0.00169009
0 0.68863 0.933856 0.11332 0.113077 0.00166884
4 0.936056 0.18901 0.11274 0.112967 0.00166806
4 0.316181 0.933896 0.112152 0.112767 0.00163002
2 0.688216 0.809353 0.113142 0.113057 0.00162078
6 0.812369 0.313502 0.113383 0.111996 0.00161063
11 0.439411 0.437313 0.112449 0.11272 0.00159166
2 0.191304 0.31328 0.111482 0.112085 0.00158464
9 0.81194 0.809487 0.112326 0.111704 0.00156133
4 0.68821 0.809107 0.111647 0.112167 0.00155485
10 0.93656 0.313406 0.112665 0.113262 0.00155027
4 0.688201 0.18936 0.113188 0.113741 0.00152571
12 0.0669922 0.561864 0.112294 0.111957 0.00151855
12 0.0665638 0.934266 0.11231 0.112149 0.00151731
6 0.688175 0.189144 0.112845 0.114508 0.00151341
4 0.811498 0.561804 0.111309 0.112383 0.00150366
4 0.688334 0.685516 0.111822 0.113407 0.001501
3 0.563837 0.685649 0.111436 0.113487 0.00149313
0 0.812979 0.0649094 0.108427 0.111638 0.00148829
10 0.0663287 0.437551 0.114487 0.111536 0.00145785
11 0.191153 0.1892 0.112011 0.111503 0.00145488
11 0.0673995 0.561872 0.113096 0.112817 0.00144273
12 0.935946 0.561878 0.112763 0.113405 0.00142829
4 0.688121 0.313371 0.111866 0.113369 0.0014235
2 0.688285 0.0651789 0.110269 0.111631 0.00141599
11 0.688542 0.934174 0.113259 0.112667 0.00139094
5 0.191461 0.313091 0.111981 0.11148 0.00136472
12 0.811986 0.189262 0.113595 0.11292 0.0013535
1 0.315208 0.561748 0.112415 0.112185 0.00135104
8 0.564067 0.313344 0.111763 0.112772 0.00135068
10 0.0671368 0.685184 0.113319 0.113426 0.00134428
4 0.688251 0.0649774 0.111475 0.112611 0.00133922
9 0.564349 0.438017 0.112479 0.112652 0.00133608
5 0.440042 0.685387 0.111732 0.111773 0.00130644
11 0.686821 0.561637 0.110646 0.109973 0.00130572
9 0.811454 0.436658 0.110618 0.11159 0.0012992
11 0.811406 0.809179 0.11206 0.11277 0.0012979
5 0.564061 0.313074 0.111374 0.112516 0.00129547
12 0.686795 0.189519 0.110013 0.112518 0.00129502
4 0.688222 0.561725 0.111714 0.112902 0.00127891
8 0.811508 0.0652566 0.110766 0.112299 0.00127677
5 0.439647 0.809622 0.112393 0.112145 0.00127303
12 0.811975 0.809675 0.113099 0.111889 0.00126196
0 0.315588 0.313692 0.111598 0.112727 0.00125097
3 0.688121 0.313371 0.111866 0.113369 0.00124482
10 0.0670253 0.93403 0.111512 0.111478 0.00123427
7 0.688463 0.436891 0.113182 0.113064 0.00123291
4 0.812097 0.684867 0.1127 0.111903 0.00122699
11 0.315197 0.313278 0.112428 0.112278 0.00122242
4 0.563688 0.685584 0.111863 0.111901 0.0012219
12 0.564477 0.809813 0.112051 0.11179 0.00121478
12 0.564349 0.438017 0.112479 0.112652 0.00121192
0 0.19133 0.0648764 0.112464 0.112755 0.00121087
8 0.191379 0.0648359 0.112058 0.111981 0.00120475
4 0.936208 0.313326 0.112459 0.11353 0.00119504
10 0.688222 0.561725 0.111714 0.112902 0.00118445
1 0.688041 0.064895 0.111464 0.11239 0.00118362
4 0.935946 0.561878 0.112763 0.113405 0.00118096
2 0.563523 0.437489 0.110412 0.111285 0.00117896
11 0.936432 0.809384 0.11367 0.111892 0.00117311
12 0.811461 0.0653642 0.110921 0.111524 0.00117219
7 0.564166 0.0648981 0.111237 0.113291 0.00116593
10 0.688334 0.685516 0.111822 0.113407 0.00115229
2 0.687892 0.933583 0.111328 0.112005 0.00115033
8 0.0668397 0.809687 0.11273 0.113088 0.00114768
11 0.563386 0.809767 0.111848 0.112135 0.00112479
8 0.0668782 0.6855 0.112852 0.112474 0.00112279
10 0.563591 0.313301 0.112653 0.114118 0.00112232
7 0.811714 0.312608 0.113183 0.115379 0.00111388
10 0.191264 0.809843 0.111713 0.112129 0.00110907
5 0.56386 0.809386 0.111445 0.111574 0.00110298
1 0.812204 0.933641 0.111195 0.112011 0.00109939
12 0.563982 0.18905 0.112427 0.112312 0.00109302
5 0.563661 0.0653942 0.112291 0.111731 0.00109146
10 0.43981 0.685388 0.110823 0.111888 0.00108659
2 0.81232 0.313636 0.113226 0.11324 0.00108217
4 0.936093 0.437165 0.112764 0.113774 0.00107239
10 0.439352 0.189147 0.113247 0.112551 0.0010691
6 0.688535 0.437096 0.113566 0.112388 0.00105729
1 0.191547 0.56146 0.11168 0.111832 0.00105538
9 0.315827 0.561303 0.111143 0.11173 0.00104504
12 0.19171 0.436685 0.110824 0.111285 0.00103573
10 0.0669183 0.313461 0.112272 0.112387 0.00101551
5 0.0674541 0.809439 0.113936 0.114038 0.00100931
