3 0.439206 0.934214 0.112484 0.11394 0.988736
3 0.0671019 0.809589 0.111874 0.112982 0.987048
2 0.315195 0.809662 0.113087 0.112887 0.986673
2 0.687784 0.933907 0.112343 0.113239 0.98635
5 0.563582 0.809849 0.111159 0.113072 0.986133
7 0.56367 0.933926 0.111481 0.112588 0.986026
3 0.191709 0.933896 0.111416 0.113575 0.98602
9 0.439343 0.809742 0.111742 0.112019 0.985828
12 0.315652 0.933933 0.111672 0.113114 0.985827
12 0.0668736 0.934092 0.111929 0.11327 0.985118
2 0.31498 0.0645172 0.111131 0.11218 0.984065
5 0.0671898 0.561866 0.1126 0.112815 0.98401
2 0.68781 0.809873 0.112301 0.11321 0.983709
3 0.935923 0.809679 0.113447 0.113129 0.983688
9 0.191436 0.685451 0.111059 0.1116 0.983634
5 0.191495 0.437921 0.111467 0.112498 0.983526
10 0.439388 0.0649875 0.111844 0.11274 0.983492
1 0.191203 0.80942 0.112083 0.112368 0.983252
8 0.812239 0.933858 0.111781 0.113064 0.98305
13 0.315602 0.313783 0.111393 0.112571 0.982898
8 0.563613 0.06516 0.111676 0.112947 0.982295
6 0.191628 0.313121 0.112481 0.112766 0.982264
4 0.439316 0.188609 0.112848 0.112945 0.982099
2 0.315963 0.43729 0.111361 0.112775 0.981956
7 0.93643 0.933994 0.112335 0.113117 0.981935
10 0.812356 0.0655136 0.112336 0.113186 0.981848
4 0.687961 0.0654661 0.111277 0.112816 0.981823
10 0.191315 0.188637 0.113299 0.112505 0.981796
10 0.0676512 0.313036 0.113602 0.112676 0.981742
11 0.190841 0.0652331 0.111751 0.112601 0.981707
1 0.0670285 0.43756 0.112956 0.112647 0.981553
4 0.0676076 0.0651598 0.112617 0.112889 0.981408
2 0.811998 0.809762 0.112485 0.11312 0.981325
1 0.315135 0.188902 0.112222 0.112061 0.981269
4 0.0678069 0.188754 0.113495 0.113366 0.981182
7 0.439133 0.437375 0.112887 0.111918 0.981114
6 0.439416 0.313141 0.112994 0.111778 0.980737
2 0.563579 0.189249 0.110645 0.113107 0.980344
0 0.315205 0.561148 0.112264 0.111416 0.980241
4 0.563741 0.560992 0.112263 0.11323 0.98009
8 0.0674637 0.685675 0.11177 0.11216 0.979737
3 0.563136 0.313457 0.111699 0.112057 0.979443
7 0.563721 0.685747 0.111933 0.111778 0.979378
6 0.687806 0.188956 0.112295 0.111956 0.979296
11 0.439444 0.684992 0.112571 0.113828 0.978935
11 0.563397 0.437077 0.111927 0.114483 0.978827
13 0.68789 0.437324 0.112932 0.113247 0.978752
6 0.936601 0.43711 0.113275 0.111799 0.978653
8 0.688257 0.685597 0.112146 0.112258 0.978391
0 0.9362 0.685349 0.11288 0.112596 0.97832
3 0.812336 0.312612 0.112802 0.113504 0.978285
2 0.812111 0.685755 0.111984 0.112422 0.978122
8 0.936612 0.561706 0.111302 0.111825 0.977994
8 0.936301 0.188532 0.112477 0.111946 0.977694
7 0.687709 0.313409 0.111748 0.111628 0.977658
8 0.315743 0.685413 0.111681 0.11257 0.977653
11 0.812072 0.561343 0.112309 0.114283 0.977587
8 0.1916 0.561271 0.111376 0.112105 0.977462
8 0.439834 0.561099 0.112476 0.11329 0.977395
2 0.936206 0.0654675 0.111367 0.111837 0.97735
2 0.812067 0.437359 0.111918 0.112094 0.976893
8 0.688054 0.561401 0.112392 0.112945 0.976887
13 0.811981 0.188556 0.112152 0.111944 0.976695
13 0.936214 0.313516 0.111055 0.112092 0.976638
2 0.688179 0.561318 0.112216 0.111778 0.0215194
7 0.812312 0.189347 0.111697 0.113096 0.0177125
5 0.8118 0.561354 0.111819 0.112172 0.0135354
2 0.0668675 0.685451 0.113688 0.112378 0.0128838
3 0.191231 0.685283 0.111743 0.111744 0.0115375
7 0.315409 0.313424 0.1107 0.112252 0.0112024
5 0.191218 0.0646976 0.111422 0.111857 0.0111414
2 0.688295 0.685409 0.112416 0.11138 0.0106089
2 0.191459 0.56127 0.113011 0.112287 0.0101943
5 0.439458 0.68543 0.111692 0.112665 0.00844863
11 0.688074 0.561375 0.112806 0.112154 0.00825566
3 0.439343 0.809742 0.111742 0.112019 0.00823207
11 0.688175 0.685812 0.112371 0.111389 0.00718817
5 0.563519 0.437777 0.111885 0.1129 0.00645387
12 0.686862 0.31325 0.110456 0.112714 0.00560963
2 0.813223 0.932813 0.111115 0.112077 0.00541054
7 0.936082 0.313054 0.114037 0.114102 0.00529193
1 0.563929 0.561385 0.111954 0.112787 0.00522884
2 0.315226 0.685168 0.112896 0.112363 0.0051879
4 0.935908 0.933857 0.113553 0.112862 0.0051805
2 0.439369 0.561171 0.11281 0.111824 0.00516618
12 0.936102 0.93392 0.113015 0.112879 0.00468266
2 0.936779 0.561543 0.111664 0.113256 0.00464088
2 0.0666244 0.809521 0.113393 0.112694 0.00461244
8 0.688508 0.933292 0.11372 0.11221 0.00436455
12 0.191737 0.312957 0.111797 0.111218 0.00413951
2 0.564142 0.0651109 0.111419 0.112526 0.0038471
12 0.688172 0.43727 0.112752 0.112633 0.00364776
6 0.191493 0.933765 0.112118 0.111663 0.00355921
1 0.812517 0.436566 0.111713 0.112378 0.0034951
1 0.0674689 0.18897 0.113062 0.112316 0.00341277
7 0.688199 0.437228 0.112553 0.112472 0.00339142
1 0.68825 0.188873 0.111707 0.112667 0.00335894
4 0.0673937 0.313444 0.112864 0.112925 0.00328365
10 0.811557 0.561326 0.111003 0.112769 0.0032137
11 0.315393 0.685582 0.112616 0.11286 0.00314059
3 0.812679 0.437393 0.112138 0.113595 0.00306012
4 0.43921 0.934114 0.111809 0.111656 0.00304049
6 0.93596 0.810277 0.111787 0.113311 0.00300521
1 0.0673929 0.0652843 0.112984 0.112691 0.00299074
4 0.812995 0.0651257 0.110552 0.113797 0.00292677
1 0.68796 0.0647507 0.111414 0.113081 0.00288374
1 0.439593 0.188749 0.111976 0.112661 0.00285215
2 0.687961 0.0654661 0.111277 0.112816 0.00276103
6 0.811696 0.313093 0.112021 0.113445 0.00274
1 0.936125 0.0648861 0.113568 0.113805 0.00273133
2 0.935873 0.189148 0.112527 0.112192 0.0027097
12 0.439947 0.0647547 0.11128 0.112798 0.00269225
0 0.813236 0.933615 0.111027 0.113771 0.00263533
6 0.43921 0.934114 0.111809 0.111656 0.00249007
12 0.191043 0.685246 0.112299 0.112639 0.00248928
8 0.813107 0.437113 0.110538 0.111894 0.00243116
12 0.43941 0.436541 0.110981 0.11086 0.00238621
1 0.937163 0.436615 0.109236 0.11084 0.00237214
1 0.315244 0.437924 0.109738 0.108969 0.00236861
0 0.936086 0.188647 0.111032 0.111121 0.0023614
10 0.191313 0.0650981 0.111612 0.111716 0.00234523
8 0.813078 0.685518 0.110446 0.112057 0.00231661
10 0.563858 0.436836 0.110838 0.112574 0.00222447
7 0.0675727 0.313456 0.113146 0.112995 0.0021392
8 0.813022 0.809536 0.110381 0.112357 0.00211338
11 0.564142 0.0651109 0.111419 0.112526 0.00211239
4 0.563863 0.933637 0.111017 0.112177 0.00209917
4 0.439403 0.064754 0.111319 0.112847 0.00207208
3 0.812792 0.685504 0.111473 0.112914 0.00206029
11 0.439548 0.561291 0.112448 0.112738 0.00204637
1 0.811597 0.685817 0.115429 0.112284 0.00203985
12 0.935513 0.313531 0.114023 0.113826 0.00203105
6 0.688096 0.313049 0.112218 0.112519 0.00200789
10 0.811623 0.189375 0.114473 0.112448 0.00198744
1 0.688389 0.933388 0.113197 0.112631 0.00190634
6 0.936123 0.933667 0.111733 0.112696 0.00188679
6 0.439604 0.436585 0.110154 0.112369 0.00188632
12 0.811616 0.189424 0.111793 0.112182 0.00183958
1 0.315404 0.561108 0.112142 0.112583 0.00183856
1 0.563698 0.188857 0.112199 0.113009 0.00181905
2 0.563929 0.561385 0.111954 0.112787 0.00180922
4 0.191335 0.188583 0.112793 0.113713 0.00180234
11 0.935991 0.188764 0.111869 0.112327 0.00179719
13 0.439943 0.0643023 0.111805 0.111864 0.00176026
5 0.811827 0.189376 0.113192 0.113271 0.00175626
8 0.688253 0.809666 0.112894 0.112303 0.00173194
1 0.811551 0.809762 0.114973 0.1127 0.0017168
4 0.68812 0.313053 0.112855 0.112751 0.00171531
2 0.439547 0.189099 0.111156 0.112458 0.00169049
5 0.811551 0.809762 0.114973 0.1127 0.00168256
3 0.315566 0.437371 0.113078 0.112701 0.00168076
7 0.812995 0.0651257 0.110552 0.113797 0.00167841
12 0.439649 0.809347 0.112516 0.112942 0.00166516
1 0.315387 0.064497 0.111496 0.112723 0.00164744
10 0.191562 0.437642 0.111619 0.111996 0.00163166
1 0.688065 0.809478 0.113223 0.112766 0.00160584
4 0.191562 0.437642 0.111619 0.111996 0.00160162
5 0.812994 0.0650491 0.11226 0.113108 0.00157848
7 0.688136 0.0648075 0.110949 0.111464 0.00157093
3 0.93642 0.437088 0.113654 0.113333 0.00156765
7 0.0671846 0.188029 0.112084 0.112374 0.00155698
4 0.315516 0.189236 0.11225 0.113829 0.00154708
2 0.191244 0.934104 0.112407 0.113144 0.00150805
4 0.191203 0.80942 0.112083 0.112368 0.00149403
1 0.0664124 0.809282 0.112173 0.111855 0.00148043
10 0.439318 0.684935 0.111813 0.112209 0.001478
0 0.936613 0.561347 0.111493 0.111561 0.00147781
5 0.688337 0.810117 0.112427 0.112138 0.0014708
4 0.93593 0.0650619 0.111747 0.112567 0.0014563
11 0.191196 0.561138 0.112518 0.110736 0.00144994
1 0.936248 0.809945 0.11194 0.112188 0.00143783
3 0.812853 0.809367 0.111291 0.112977 0.00143184
13 0.191317 0.188288 0.112097 0.111608 0.00142245
1 0.31554 0.809254 0.112928 0.112079 0.00141426
0 0.0668736 0.934092 0.111929 0.11327 0.0014048
13 0.0673751 0.312874 0.113164 0.112942 0.00140447
11 0.812118 0.934044 0.111716 0.111737 0.00140248
7 0.439431 0.188912 0.111689 0.11268 0.00139404
11 0.936417 0.561186 0.113093 0.111647 0.00138983
11 0.06696 0.685662 0.112776 0.112402 0.00138471
7 0.0675547 0.0651637 0.112049 0.112338 0.00136453
9 0.439262 0.685112 0.112086 0.112434 0.00134
4 0.811696 0.313093 0.112021 0.113445 0.00132876
12 0.812088 0.313275 0.111972 0.11226 0.0013224
4 0.439897 0.437108 0.11198 0.112004 0.00129075
10 0.936145 0.3133 0.11317 0.113782 0.00126958
6 0.564031 0.685487 0.112468 0.112908 0.00126292
6 0.0664124 0.809282 0.112173 0.111855 0.00125859
6 0.315567 0.934057 0.112843 0.113986 0.00125852
2 0.066884 0.189058 0.111683 0.111128 0.00123802
6 0.56384 0.31362 0.111354 0.111419 0.00123213
7 0.439403 0.064754 0.111319 0.112847 0.00122016
4 0.564185 0.685347 0.111715 0.112257 0.00121935
1 0.191493 0.933765 0.112118 0.111663 0.00120837
6 0.066884 0.189058 0.111683 0.111128 0.00120506
12 0.935783 0.809929 0.111525 0.112267 0.00120359
2 0.0668152 0.0650764 0.111982 0.111125 0.00117219
1 0.439479 0.313415 0.112462 0.112 0.00117143
1 0.811361 0.313116 0.112164 0.112617 0.00116438
12 0.812822 0.065467 0.111167 0.113625 0.00115181
12 0.439593 0.188749 0.111976 0.112661 0.0011498
3 0.315195 0.809662 0.113087 0.112887 0.00114466
3 0.439361 0.313297 0.111567 0.113334 0.00113604
13 0.811687 0.0651221 0.111868 0.112672 0.00112728
9 0.936291 0.685313 0.111801 0.111905 0.00112523
9 0.813025 0.313553 0.110689 0.111167 0.00112498
6 0.563537 0.561213 0.111654 0.112218 0.00112463
0 0.0664479 0.436611 0.114727 0.112265 0.00112399
3 0.687434 0.18916 0.111757 0.1134 0.00111797
10 0.0665814 0.561332 0.112583 0.112498 0.00111112
4 0.191493 0.933765 0.112118 0.111663 0.00110824
10 0.688011 0.313443 0.112324 0.112795 0.0011015
9 0.563418 0.437225 0.111453 0.112365 0.00108244
7 0.191757 0.313729 0.11183 0.111092 0.00107356
3 0.688089 0.809396 0.111275 0.112556 0.00107262
5 0.936125 0.0648861 0.113568 0.113805 0.00107023
0 0.563676 0.0647452 0.111201 0.111859 0.00106054
1 0.439765 0.934037 0.111732 0.112616 0.00105904
0 0.315245 0.18911 0.112214 0.113411 0.00105882
5 0.935513 0.313531 0.114023 0.113826 0.00105624
4 0.0669647 0.436828 0.113285 0.112798 0.00105138
5 0.066691 0.065333 0.111882 0.111171 0.00104442
3 0.191302 0.313489 0.111829 0.112587 0.00103861
13 0.93643 0.933994 0.112335 0.113117 0.00102777
10 0.439399 0.437897 0.109822 0.111881 0.00102688
1 0.563136 0.313457 0.111699 0.112057 0.00102569
3 0.935875 0.0646944 0.112455 0.11242 0.00100891
