9 0.439706 0.93418 0.11249 0.113576 0.989048
9 0.315604 0.934126 0.1114 0.112725 0.988818
9 0.56345 0.0648113 0.111577 0.112772 0.986477
7 0.563805 0.933861 0.11101 0.112562 0.9864
5 0.191698 0.934066 0.11203 0.113598 0.986308
7 0.315234 0.809784 0.112029 0.111757 0.985773
9 0.563891 0.809717 0.111403 0.112364 0.985625
9 0.19129 0.809482 0.111886 0.111804 0.985515
13 0.688108 0.933835 0.112031 0.11356 0.985472
12 0.439694 0.809743 0.111766 0.112678 0.98526
12 0.0671518 0.685784 0.112434 0.112094 0.985257
5 0.0674028 0.809805 0.112775 0.113238 0.985063
9 0.56396 0.685245 0.111068 0.112038 0.98485
10 0.935753 0.93392 0.113707 0.113558 0.98459
12 0.191361 0.561456 0.111587 0.112219 0.984422
6 0.191485 0.685595 0.111675 0.111603 0.984122
5 0.687292 0.0658511 0.110523 0.112125 0.984073
9 0.191501 0.313148 0.111591 0.112336 0.98392
6 0.315666 0.685553 0.111521 0.111564 0.983838
13 0.315409 0.562004 0.111612 0.112464 0.983804
5 0.066915 0.437866 0.112664 0.112469 0.983671
11 0.0661939 0.0653153 0.113535 0.113213 0.983225
12 0.688151 0.810129 0.11139 0.113022 0.983222
5 0.191418 0.0647825 0.111536 0.111819 0.983104
9 0.191456 0.437225 0.111952 0.112476 0.98264
8 0.812139 0.934 0.111366 0.112726 0.982264
6 0.315717 0.18863 0.112667 0.111481 0.982022
6 0.191202 0.188871 0.112179 0.112681 0.981971
3 0.811656 0.0649785 0.112569 0.113947 0.981953
5 0.439996 0.0655791 0.110808 0.112654 0.981787
12 0.315229 0.313698 0.112777 0.113279 0.98178
7 0.0667042 0.934102 0.113059 0.113118 0.981643
12 0.812627 0.810046 0.112145 0.1137 0.981553
10 0.0667228 0.189302 0.113062 0.112133 0.9815
11 0.935712 0.809538 0.111751 0.112233 0.981311
2 0.0676612 0.313257 0.111519 0.112218 0.981013
5 0.43991 0.31373 0.11107 0.11253 0.98061
7 0.936336 0.0650831 0.112667 0.112434 0.980488
13 0.43924 0.437599 0.112772 0.111849 0.980083
3 0.935767 0.189135 0.113419 0.114249 0.979846
8 0.31523 0.0651074 0.112476 0.111613 0.979751
9 0.563627 0.437068 0.112179 0.112204 0.979736
11 0.0660978 0.56118 0.11407 0.113193 0.979619
12 0.687742 0.312859 0.112117 0.112569 0.979488
8 0.4395 0.189308 0.112182 0.11232 0.979457
6 0.687804 0.437251 0.112484 0.111994 0.979354
6 0.812098 0.561506 0.113046 0.111657 0.979239
12 0.811861 0.188445 0.112173 0.112172 0.979095
9 0.936053 0.685912 0.111723 0.112813 0.979055
10 0.687938 0.560869 0.112055 0.11324 0.978885
3 0.687585 0.685669 0.111594 0.112266 0.978836
7 0.563918 0.561411 0.112421 0.112843 0.978552
3 0.81122 0.313271 0.112253 0.112706 0.978226
6 0.936591 0.313079 0.113076 0.111028 0.978209
2 0.687757 0.18893 0.110489 0.11118 0.978185
10 0.936942 0.560993 0.113152 0.113297 0.978128
7 0.811607 0.685916 0.111804 0.1122 0.978039
11 0.439693 0.685326 0.113079 0.11386 0.977908
8 0.563641 0.189421 0.111244 0.112472 0.977873
8 0.563783 0.312873 0.11194 0.112348 0.977628
11 0.439549 0.560742 0.11194 0.114426 0.977483
7 0.936665 0.437109 0.113182 0.113405 0.977456
11 0.812057 0.437149 0.112221 0.113694 0.977294
11 0.315017 0.437086 0.1121 0.113076 0.976372
3 0.191212 0.437258 0.112068 0.112539 0.0172688
3 0.563891 0.809717 0.111403 0.112364 0.0152693
5 0.439557 0.561192 0.111428 0.112949 0.0143733
12 0.811603 0.685677 0.111918 0.112938 0.0133615
5 0.06661 0.0646675 0.112967 0.112372 0.0129128
5 0.0660978 0.56118 0.11407 0.113193 0.0119752
5 0.315017 0.437086 0.1121 0.113076 0.00940382
12 0.439553 0.437385 0.111342 0.11163 0.00753613
5 0.439578 0.685583 0.112072 0.112896 0.00738562
4 0.935563 0.0650516 0.113852 0.112858 0.00704569
2 0.563671 0.18916 0.112771 0.111571 0.00685555
3 0.936197 0.685969 0.111201 0.114145 0.00675872
5 0.813081 0.437939 0.110633 0.112099 0.00652523
3 0.56396 0.685245 0.111068 0.112038 0.00635753
3 0.563761 0.437554 0.111095 0.113353 0.0059739
2 0.563645 0.313121 0.112969 0.11201 0.00545485
2 0.811991 0.934198 0.111515 0.11135 0.00525978
4 0.68812 0.561305 0.110822 0.112963 0.00504964
3 0.19129 0.809482 0.111886 0.111804 0.00496254
12 0.936197 0.685969 0.111201 0.114145 0.00491941
10 0.191686 0.933823 0.11172 0.111388 0.00437683
4 0.936321 0.436926 0.113345 0.112826 0.00427521
12 0.936311 0.437159 0.113203 0.113881 0.00415184
10 0.687385 0.0648602 0.110871 0.111751 0.00382308
1 0.0671853 0.313645 0.111199 0.111837 0.00379917
10 0.811522 0.437151 0.110879 0.112893 0.00376406
11 0.563894 0.188875 0.111363 0.11206 0.00372713
11 0.439784 0.188937 0.111864 0.111796 0.00354691
0 0.812546 0.809582 0.111132 0.11271 0.00351921
11 0.563986 0.312794 0.112105 0.112365 0.00346026
11 0.315502 0.0648699 0.111881 0.112581 0.00338002
1 0.68828 0.436706 0.109566 0.111225 0.00328112
1 0.812586 0.561173 0.111179 0.1121 0.00324072
12 0.936465 0.313237 0.113075 0.112578 0.00316568
6 0.81164 0.313246 0.112214 0.113282 0.00303685
4 0.067324 0.188581 0.112565 0.11412 0.00301875
10 0.19165 0.0646646 0.110951 0.111346 0.00286269
13 0.687845 0.561234 0.110874 0.111983 0.00280158
12 0.936212 0.0650808 0.11303 0.112462 0.00279503
2 0.439806 0.189276 0.112013 0.112131 0.00278769
6 0.811656 0.685374 0.110806 0.112453 0.00278114
5 0.936295 0.809737 0.112619 0.111883 0.00274862
6 0.811521 0.0648968 0.112509 0.11295 0.00274034
3 0.439706 0.93418 0.11249 0.113576 0.00264745
12 0.191221 0.313444 0.112371 0.113084 0.00264299
0 0.687879 0.80973 0.111038 0.111224 0.00252835
1 0.688163 0.188882 0.113439 0.11322 0.00251689
0 0.813164 0.933771 0.110274 0.113663 0.00251487
2 0.68819 0.685968 0.111861 0.111585 0.00244656
0 0.563902 0.438047 0.112275 0.114082 0.00243081
3 0.191353 0.313374 0.110844 0.112247 0.0024088
10 0.439457 0.0647423 0.111426 0.11183 0.00239157
3 0.56345 0.0648113 0.111577 0.112772 0.00238378
7 0.68812 0.561305 0.110822 0.112963 0.00232576
12 0.191186 0.436697 0.111181 0.112285 0.00231787
3 0.812021 0.561376 0.113233 0.113329 0.00228898
13 0.936455 0.561341 0.110942 0.111946 0.00227935
12 0.563864 0.438038 0.111446 0.112879 0.00225811
10 0.687392 0.933464 0.111876 0.111856 0.00225654
8 0.688174 0.188904 0.11246 0.112736 0.00224477
4 0.564039 0.933625 0.110628 0.112331 0.00217523
0 0.688082 0.313075 0.111271 0.112689 0.00212687
6 0.936786 0.437958 0.111186 0.114714 0.00207107
6 0.935919 0.189019 0.112951 0.113521 0.0019857
10 0.0670281 0.560909 0.113864 0.114822 0.00198041
7 0.936302 0.560813 0.112659 0.114125 0.00195922
10 0.315297 0.436739 0.111102 0.112304 0.001884
3 0.688078 0.0651106 0.111914 0.111188 0.00187054
3 0.687703 0.437193 0.112484 0.112917 0.00185537
12 0.31539 0.561681 0.111547 0.111782 0.00183621
12 0.563986 0.685205 0.112618 0.112969 0.00182553
2 0.315064 0.0649259 0.11242 0.112251 0.0018209
0 0.191101 0.313477 0.112025 0.113936 0.0018132
6 0.687585 0.685669 0.111594 0.112266 0.00181305
11 0.686845 0.0653337 0.110513 0.11108 0.00177662
3 0.191187 0.685329 0.112524 0.113032 0.00176621
12 0.564366 0.809404 0.112096 0.113034 0.00173935
10 0.935822 0.809786 0.111249 0.11231 0.00171731
3 0.0668319 0.313157 0.112022 0.111149 0.00170989
11 0.811991 0.934198 0.111515 0.11135 0.00170489
12 0.191327 0.809545 0.112669 0.112426 0.00168532
6 0.439737 0.809941 0.112888 0.113357 0.00168317
6 0.936125 0.0648603 0.112736 0.111307 0.00167582
4 0.936302 0.560813 0.112659 0.114125 0.0016642
0 0.191156 0.438023 0.112081 0.114621 0.00165921
12 0.563852 0.0648336 0.112567 0.11223 0.00165697
7 0.935893 0.933452 0.112656 0.113885 0.00165299
4 0.688158 0.685619 0.11223 0.112593 0.00161691
4 0.0670087 0.934083 0.111991 0.112107 0.00160395
3 0.315604 0.934126 0.1114 0.112725 0.00158855
12 0.935659 0.188889 0.11219 0.112587 0.0015704
7 0.688108 0.933835 0.112031 0.11356 0.00156795
6 0.315391 0.31311 0.112769 0.113059 0.00153559
13 0.935572 0.93389 0.11145 0.111207 0.00151155
6 0.564139 0.561069 0.111399 0.112724 0.00148147
10 0.0666177 0.809244 0.112512 0.112912 0.00147582
9 0.43961 0.561014 0.111364 0.111973 0.00147329
7 0.315347 0.561639 0.112198 0.113095 0.0014695
4 0.811726 0.685372 0.112966 0.112541 0.00146498
5 0.688083 0.561093 0.111022 0.112159 0.00145278
10 0.0663949 0.0652073 0.1127 0.111617 0.00142555
9 0.43936 0.685436 0.11209 0.112364 0.00141677
4 0.81164 0.313246 0.112214 0.113282 0.00141444
11 0.687845 0.933525 0.111762 0.113761 0.00140208
12 0.315872 0.933594 0.112526 0.113864 0.00139915
6 0.687823 0.313062 0.111617 0.112361 0.00137065
12 0.440078 0.933619 0.113717 0.114485 0.00137052
6 0.811582 0.809714 0.111602 0.114735 0.00134452
10 0.439723 0.560822 0.112567 0.113383 0.00132792
4 0.0670806 0.437852 0.113587 0.110361 0.00132748
4 0.688078 0.0651106 0.111914 0.111188 0.00130689
7 0.0671722 0.189003 0.112375 0.112145 0.00126389
0 0.0671518 0.685784 0.112434 0.112094 0.00125639
10 0.067125 0.436693 0.111893 0.112597 0.00124636
6 0.811246 0.188935 0.112583 0.112383 0.00122527
4 0.315757 0.809777 0.111015 0.111331 0.00122465
1 0.315831 0.188772 0.111921 0.111645 0.00122391
12 0.687845 0.933525 0.111762 0.113761 0.00120913
3 0.191202 0.188871 0.112179 0.112681 0.00119907
7 0.936517 0.313578 0.11136 0.110445 0.00119738
3 0.315438 0.685407 0.111668 0.112858 0.00119732
4 0.564416 0.56108 0.111901 0.112356 0.00118662
10 0.43953 0.312811 0.11109 0.111859 0.00118393
7 0.439503 0.43786 0.112896 0.113224 0.00117895
13 0.0667533 0.188083 0.111686 0.112058 0.00117645
3 0.936465 0.313237 0.113075 0.112578 0.00117214
2 0.688078 0.0651106 0.111914 0.111188 0.001165
12 0.811183 0.0646465 0.111975 0.11246 0.00115327
10 0.439765 0.685299 0.113513 0.113219 0.00114865
0 0.315012 0.0648264 0.111263 0.111766 0.00113585
4 0.811521 0.0648968 0.112509 0.11295 0.00112467
1 0.191771 0.188733 0.112435 0.112415 0.00111395
9 0.315164 0.437065 0.111672 0.112518 0.00110758
13 0.0667042 0.934102 0.113059 0.113118 0.00110105
10 0.812546 0.809582 0.111132 0.11271 0.00109084
6 0.19123 0.561447 0.111704 0.112416 0.00108859
1 0.935753 0.189129 0.112657 0.113037 0.00108705
4 0.935659 0.188889 0.11219 0.112587 0.00107338
5 0.688163 0.188882 0.113439 0.11322 0.00106856
12 0.687934 0.685649 0.111696 0.112056 0.00106359
1 0.315438 0.685407 0.111668 0.112858 0.00106213
12 0.812014 0.313403 0.112085 0.111931 0.0010596
2 0.439408 0.685236 0.11155 0.112512 0.00105483
12 0.563986 0.561108 0.111561 0.113392 0.0010506
1 0.191187 0.685329 0.112524 0.113032 0.00104742
4 0.191556 0.0644954 0.111724 0.11131 0.00104316
6 0.687742 0.810253 0.112137 0.11278 0.0010416
1 0.81122 0.313271 0.112253 0.112706 0.00103953
1 0.687934 0.685649 0.111696 0.112056 0.00103902
3 0.315217 0.188779 0.111541 0.112766 0.00103768
1 0.936103 0.313028 0.111479 0.113354 0.001023
3 0.811501 0.810494 0.112137 0.113593 0.00100497
7 0.0670782 0.685561 0.113943 0.114174 0.00100354
