9 0.191227 0.933876 0.113091 0.114515 0.986825
11 0.439293 0.934106 0.111864 0.113638 0.986101
3 0.687758 0.934191 0.11352 0.114166 0.986022
3 0.563126 0.0652657 0.112191 0.113046 0.985742
13 0.563697 0.80964 0.112427 0.113968 0.985221
6 0.0670187 0.809565 0.112822 0.112141 0.985199
9 0.687994 0.0652823 0.11109 0.113034 0.985164
5 0.19176 0.685474 0.110688 0.112383 0.985068
8 0.0665818 0.561649 0.113901 0.113025 0.984887
2 0.315006 0.809073 0.112995 0.11228 0.984582
11 0.438666 0.0652207 0.110716 0.112316 0.984237
11 0.439252 0.809594 0.111567 0.112334 0.984026
4 0.31568 0.685476 0.113141 0.113261 0.983939
13 0.43955 0.685314 0.112861 0.113511 0.983845
7 0.811924 0.934013 0.112783 0.113383 0.983623
8 0.0666067 0.31351 0.113528 0.113252 0.983622
13 0.0672578 0.933918 0.113044 0.113903 0.983417
3 0.191576 0.561566 0.111526 0.113255 0.983248
3 0.190621 0.0650867 0.112294 0.112337 0.983162
9 0.812435 0.809608 0.111631 0.113605 0.983051
5 0.19172 0.313483 0.110573 0.112381 0.982965
6 0.563877 0.934147 0.112088 0.114392 0.982956
13 0.315789 0.313407 0.112286 0.113484 0.982951
7 0.935645 0.0650615 0.114723 0.114534 0.982903
9 0.315139 0.437664 0.112244 0.113234 0.982777
11 0.0668935 0.685945 0.11407 0.113902 0.982756
6 0.0671166 0.189074 0.11379 0.113422 0.982694
7 0.936215 0.685144 0.113487 0.113464 0.982626
5 0.812213 0.0661434 0.110972 0.112259 0.982552
2 0.0668048 0.437576 0.113151 0.112339 0.982374
5 0.315404 0.189417 0.111024 0.112383 0.982235
4 0.191295 0.809698 0.113161 0.112631 0.982139
8 0.0662857 0.0648546 0.114445 0.113865 0.981794
4 0.315592 0.934222 0.113414 0.114167 0.981679
0 0.191204 0.437401 0.112705 0.112717 0.981617
4 0.439423 0.560989 0.112811 0.112757 0.981492
5 0.563595 0.189633 0.110339 0.112206 0.981355
2 0.315054 0.561163 0.112176 0.112027 0.981144
4 0.439338 0.189057 0.113308 0.113704 0.980835
2 0.191133 0.188826 0.112323 0.112494 0.980782
13 0.936643 0.809364 0.113225 0.114913 0.980684
8 0.935941 0.934005 0.113384 0.114121 0.980623
3 0.68775 0.685594 0.11223 0.112659 0.980103
1 0.688008 0.809609 0.112159 0.113305 0.979713
9 0.439278 0.437779 0.111042 0.111547 0.979685
12 0.31502 0.0646833 0.111649 0.113639 0.979613
5 0.563622 0.313323 0.11207 0.113622 0.97952
7 0.564181 0.56162 0.112544 0.113624 0.979188
13 0.935951 0.437297 0.113945 0.114122 0.97899
4 0.812221 0.436875 0.11349 0.114089 0.978942
11 0.687601 0.313092 0.111725 0.11411 0.978782
1 0.439174 0.313283 0.112349 0.113223 0.978516
0 0.687482 0.18913 0.111381 0.111991 0.978491
7 0.687894 0.561529 0.112559 0.113893 0.978484
1 0.812069 0.68555 0.113202 0.11299 0.978388
12 0.564118 0.68546 0.110943 0.112713 0.978194
3 0.81223 0.561325 0.112713 0.113543 0.978066
7 0.812139 0.189162 0.112278 0.113579 0.977848
0 0.9358 0.188639 0.113047 0.111674 0.977827
12 0.936362 0.312795 0.112244 0.112615 0.977789
8 0.936401 0.561603 0.111174 0.111564 0.97761
2 0.8123 0.312741 0.111884 0.112193 0.977492
8 0.564104 0.437321 0.111563 0.112292 0.977212
8 0.687807 0.437196 0.111678 0.112323 0.977181
6 0.563924 0.685183 0.110726 0.111606 0.0369674
2 0.0665625 0.560868 0.115125 0.111709 0.029517
2 0.0665395 0.313667 0.113993 0.111852 0.012855
2 0.936317 0.560862 0.113378 0.110804 0.0103137
2 0.0660998 0.0650162 0.114938 0.111947 0.00854729
12 0.811587 0.93356 0.111021 0.11103 0.00851566
2 0.687956 0.436792 0.111662 0.113134 0.00777551
5 0.687725 0.314039 0.112102 0.113277 0.00662601
2 0.564207 0.436913 0.111665 0.113251 0.00596552
6 0.935673 0.313389 0.112815 0.111454 0.00580457
1 0.811673 0.313228 0.110678 0.111998 0.00570425
11 0.811457 0.0653892 0.112228 0.111814 0.0053348
13 0.811668 0.933012 0.110247 0.11152 0.00497645
12 0.811393 0.189241 0.111094 0.112747 0.00465325
12 0.688211 0.0651273 0.111186 0.112974 0.00444464
12 0.686778 0.561618 0.110655 0.112736 0.00394887
2 0.935802 0.934166 0.113856 0.113937 0.00380691
5 0.0674231 0.436713 0.11253 0.114681 0.00375894
12 0.439706 0.436734 0.110968 0.112549 0.00371997
3 0.563892 0.933641 0.112062 0.113189 0.00368914
1 0.812071 0.436947 0.113201 0.114052 0.00360357
3 0.066089 0.436367 0.11426 0.111199 0.00358382
7 0.0675697 0.933806 0.113824 0.114945 0.00344944
12 0.81304 0.809657 0.111845 0.113316 0.00336913
1 0.0668831 0.43797 0.1108 0.109459 0.00316511
6 0.315267 0.0651417 0.112804 0.114293 0.00309033
0 0.81309 0.809722 0.112224 0.112625 0.00299658
0 0.315405 0.438025 0.110811 0.112814 0.00293496
5 0.439255 0.0653274 0.111523 0.113231 0.00285921
12 0.315444 0.436739 0.110236 0.112104 0.00280409
7 0.811483 0.436311 0.11223 0.114816 0.00277071
3 0.812435 0.809608 0.111631 0.113605 0.00276822
8 0.813041 0.313139 0.109468 0.111791 0.00273755
1 0.440125 0.561341 0.113058 0.113065 0.00269111
7 0.439459 0.188976 0.112168 0.113125 0.00266955
2 0.688328 0.933677 0.114445 0.113261 0.00266318
5 0.811522 0.312788 0.112541 0.111772 0.00260599
0 0.563521 0.438059 0.111558 0.111599 0.00251477
12 0.935884 0.685333 0.112436 0.113017 0.00248344
0 0.688183 0.437307 0.110983 0.11393 0.00245724
7 0.439384 0.56109 0.112126 0.112363 0.00244633
3 0.0670187 0.809565 0.112822 0.112141 0.00242786
12 0.439836 0.685278 0.111879 0.112064 0.00240895
5 0.439688 0.809954 0.112271 0.112863 0.00238013
10 0.0669321 0.933504 0.115358 0.115184 0.00237099
0 0.688272 0.809364 0.111812 0.111939 0.00236447
3 0.0670223 0.189364 0.11375 0.113566 0.002347
8 0.811611 0.809988 0.11198 0.112979 0.00234267
0 0.812627 0.685432 0.11185 0.112569 0.00232044
0 0.439601 0.438101 0.113271 0.113973 0.00228751
5 0.688344 0.933389 0.113619 0.113552 0.00227728
12 0.564413 0.561204 0.111206 0.113653 0.00221502
11 0.935846 0.934136 0.111251 0.112791 0.00221297
0 0.688211 0.0651273 0.111186 0.112974 0.00220716
4 0.935645 0.0650615 0.114723 0.114534 0.00220087
8 0.68808 0.313217 0.111161 0.115059 0.00214966
12 0.811586 0.561491 0.111486 0.112992 0.00214141
4 0.812358 0.93381 0.112826 0.114472 0.00210274
2 0.688264 0.809655 0.112588 0.112221 0.0020933
9 0.811529 0.561485 0.112597 0.112949 0.00206731
1 0.315585 0.561145 0.112027 0.112587 0.00201974
4 0.688238 0.685652 0.111702 0.112638 0.00196646
6 0.811558 0.932525 0.110742 0.110543 0.00196335
1 0.315793 0.9342 0.113791 0.114904 0.00195234
1 0.31568 0.685476 0.113141 0.113261 0.00190162
10 0.19122 0.685579 0.111826 0.11214 0.00190032
1 0.439809 0.189232 0.113286 0.113386 0.00189562
11 0.0675993 0.561062 0.113751 0.115116 0.00180256
9 0.935876 0.188999 0.11276 0.112895 0.00180177
9 0.688328 0.933677 0.114445 0.113261 0.00178859
12 0.935844 0.0648407 0.113569 0.113451 0.00176479
11 0.936109 0.561285 0.110342 0.112864 0.00174778
5 0.315448 0.561146 0.110991 0.112445 0.0017422
2 0.688271 0.685924 0.111316 0.111452 0.00172781
3 0.315183 0.560827 0.112226 0.111564 0.00172429
7 0.936016 0.312833 0.11075 0.113493 0.00171098
0 0.0675452 0.313639 0.112541 0.113181 0.00170592
6 0.68814 0.561534 0.110987 0.114036 0.00170246
5 0.0665135 0.685809 0.114174 0.114258 0.00168176
1 0.191435 0.809659 0.113403 0.112982 0.00162204
4 0.936215 0.685144 0.113487 0.113464 0.00162034
7 0.191109 0.809442 0.11231 0.112434 0.00157795
4 0.688272 0.809364 0.111812 0.111939 0.00154929
0 0.439444 0.313574 0.111117 0.11328 0.00154444
10 0.1911 0.312949 0.111398 0.111956 0.00150874
1 0.191062 0.188992 0.111782 0.111187 0.00148798
10 0.686739 0.313031 0.113239 0.113395 0.00147968
12 0.687597 0.933998 0.111164 0.112028 0.00146511
11 0.563758 0.437276 0.112146 0.111607 0.00144002
1 0.811649 0.561589 0.112089 0.112416 0.00143056
10 0.811295 0.0650977 0.111702 0.112584 0.00141428
1 0.315643 0.809188 0.112829 0.112384 0.00140955
3 0.687994 0.0652823 0.11109 0.113034 0.00139611
11 0.687905 0.437963 0.111968 0.112374 0.00138843
10 0.314714 0.188922 0.111638 0.112326 0.00138245
12 0.19145 0.561031 0.111215 0.111827 0.00138042
10 0.935856 0.437066 0.111118 0.11194 0.00137495
1 0.687899 0.188377 0.111599 0.112709 0.0013738
12 0.191814 0.064865 0.11125 0.111919 0.00137318
8 0.0668831 0.43797 0.1108 0.109459 0.00135694
5 0.315659 0.809701 0.112352 0.112781 0.00132453
4 0.811893 0.189734 0.113538 0.11316 0.00132047
4 0.439545 0.313541 0.112395 0.113184 0.00131666
10 0.563094 0.189428 0.111225 0.11205 0.0012709
13 0.686891 0.561226 0.111761 0.112586 0.00126756
6 0.564183 0.561188 0.111814 0.1128 0.00126709
4 0.812146 0.685104 0.112523 0.11239 0.00125588
6 0.688271 0.685924 0.111316 0.111452 0.00125071
7 0.440587 0.685337 0.112742 0.11339 0.00124439
12 0.935623 0.809914 0.111642 0.112576 0.00121647
10 0.315248 0.313064 0.113111 0.113908 0.00121336
0 0.93641 0.561552 0.111636 0.112444 0.00120805
4 0.564383 0.561448 0.112597 0.113356 0.00120707
3 0.190789 0.18896 0.112498 0.111343 0.00120499
6 0.811452 0.188975 0.111177 0.11318 0.00119057
4 0.563522 0.0651623 0.113076 0.111971 0.00118533
13 0.811452 0.188975 0.111177 0.11318 0.00116376
10 0.936267 0.809424 0.113251 0.113726 0.00116013
12 0.191625 0.934077 0.11283 0.111839 0.00115572
12 0.563926 0.809782 0.111759 0.112419 0.00114118
5 0.439981 0.934023 0.112852 0.113088 0.00113148
3 0.439475 0.437579 0.111407 0.113029 0.0011277
8 0.688051 0.189077 0.112666 0.112604 0.00111872
9 0.936679 0.437833 0.108542 0.115904 0.00111861
2 0.813077 0.561918 0.110183 0.110223 0.00111753
4 0.563892 0.933641 0.112062 0.113189 0.00110425
1 0.563965 0.933699 0.111584 0.11293 0.00110028
5 0.563609 0.0649273 0.112416 0.111654 0.00109458
9 0.315248 0.313064 0.113111 0.113908 0.00109102
11 0.0662857 0.0648546 0.114445 0.113865 0.00108975
2 0.812071 0.436947 0.113201 0.114052 0.00107921
10 0.563658 0.313723 0.113441 0.113077 0.00107461
6 0.811586 0.561491 0.111486 0.112992 0.0010691
4 0.191461 0.313275 0.111638 0.112156 0.00106376
7 0.564052 0.685622 0.11211 0.112358 0.00106238
12 0.688037 0.685681 0.11184 0.112218 0.00105368
0 0.0672626 0.0647918 0.112907 0.112945 0.00105192
7 0.564175 0.934263 0.112485 0.114147 0.00104945
4 0.688154 0.561448 0.111131 0.113335 0.00104184
6 0.439459 0.188976 0.112168 0.113125 0.00103027
5 0.19112 0.809378 0.112354 0.111958 0.00102974
5 0.6883 0.685568 0.111915 0.112505 0.00102519
10 0.439335 0.685332 0.111334 0.111947 0.00101695
4 0.688295 0.933461 0.114341 0.113893 0.00100288
8 0.315364 0.438114 0.111786 0.113047 0.00100042
