4 0.936171 0.934027 0.112968 0.113397 0.986943
5 0.316161 0.933726 0.111053 0.113254 0.986767
6 0.315615 0.809319 0.113362 0.112851 0.985873
6 0.563545 0.933879 0.112453 0.113857 0.985849
2 0.56331 0.809352 0.111709 0.112318 0.98549
12 0.191354 0.933994 0.113047 0.113457 0.984522
6 0.687935 0.809354 0.112584 0.113171 0.984306
5 0.439552 0.0651157 0.111209 0.112086 0.98397
11 0.9353 0.0656764 0.112949 0.11305 0.983938
0 0.935604 0.684881 0.113527 0.111665 0.983929
1 0.440255 0.809521 0.11239 0.112967 0.983927
0 0.439824 0.933972 0.11232 0.113076 0.983907
9 0.191749 0.313163 0.111884 0.111548 0.98354
1 0.936412 0.80922 0.112524 0.112376 0.983461
3 0.563346 0.685191 0.111346 0.111412 0.983438
4 0.191821 0.0649825 0.113317 0.113694 0.983357
9 0.81175 0.933994 0.112896 0.111835 0.983295
4 0.439567 0.312753 0.112397 0.113426 0.982642
2 0.687859 0.0651372 0.111471 0.113214 0.982446
12 0.0674553 0.809777 0.112645 0.11283 0.982339
1 0.0664851 0.437348 0.112151 0.111803 0.981982
1 0.191371 0.561347 0.11211 0.113118 0.981944
13 0.0668431 0.0651276 0.113906 0.113781 0.981649
12 0.0669138 0.561599 0.113062 0.112824 0.981587
13 0.563871 0.0646825 0.112617 0.112659 0.981569
11 0.315407 0.685329 0.110394 0.111068 0.981492
12 0.31547 0.437339 0.112173 0.112329 0.981462
2 0.315319 0.561119 0.111705 0.11166 0.981293
1 0.315275 0.188828 0.112529 0.112171 0.981251
0 0.688225 0.93356 0.112398 0.113496 0.980711
0 0.19114 0.437027 0.11235 0.112498 0.980566
2 0.191154 0.188989 0.111854 0.112289 0.980545
5 0.68825 0.685627 0.111573 0.111139 0.980309
8 0.0673762 0.313361 0.112139 0.112309 0.980249
3 0.0671058 0.685212 0.112125 0.111786 0.980183
2 0.0671946 0.189092 0.11141 0.11206 0.98011
1 0.687753 0.561236 0.112233 0.113124 0.980004
0 0.314956 0.312959 0.112507 0.111656 0.979975
6 0.81243 0.684918 0.112838 0.112948 0.979891
3 0.439202 0.685482 0.111871 0.111007 0.97984
11 0.315085 0.0648974 0.111344 0.112195 0.979818
9 0.811302 0.0650814 0.112444 0.111882 0.979604
1 0.563369 0.188907 0.111482 0.112419 0.979353
2 0.191204 0.809329 0.112081 0.111942 0.97931
0 0.191302 0.685224 0.112737 0.112503 0.979302
9 0.811833 0.188902 0.112534 0.113171 0.979102
8 0.811745 0.809229 0.112246 0.112765 0.979008
1 0.936308 0.561216 0.11417 0.113629 0.979007
10 0.812322 0.561246 0.11292 0.113354 0.978873
0 0.563547 0.561221 0.11168 0.113335 0.978871
12 0.563611 0.43742 0.112202 0.112216 0.978782
2 0.0674159 0.933704 0.112214 0.113425 0.978742
4 0.812615 0.437073 0.112971 0.113193 0.978506
2 0.687454 0.437467 0.111618 0.111902 0.978486
3 0.439565 0.561418 0.112596 0.11239 0.978066
0 0.439758 0.187859 0.111233 0.111893 0.978064
11 0.687682 0.188825 0.11234 0.113342 0.978011
8 0.439568 0.437506 0.11163 0.112035 0.978006
3 0.81132 0.313348 0.112036 0.11231 0.977937
2 0.687464 0.312965 0.111275 0.111266 0.977781
5 0.936517 0.188377 0.112465 0.112407 0.977589
3 0.936691 0.313633 0.112054 0.112446 0.977506
7 0.936848 0.437162 0.112787 0.113294 0.977432
8 0.563678 0.312803 0.112058 0.11231 0.977258
2 0.563655 0.313682 0.11096 0.113626 0.0557821
5 0.3158 0.0645124 0.111158 0.112411 0.0412902
2 0.066683 0.313644 0.113376 0.112357 0.0404175
5 0.688067 0.189341 0.113146 0.112897 0.0252537
6 0.563689 0.437397 0.111694 0.112734 0.016115
2 0.811608 0.809467 0.112579 0.112236 0.0155404
5 0.315419 0.685557 0.11101 0.111413 0.0137718
6 0.439908 0.561329 0.114156 0.113174 0.00744624
6 0.936833 0.31346 0.112123 0.113258 0.00682279
3 0.688364 0.437288 0.11227 0.113091 0.00646706
2 0.439621 0.437015 0.11251 0.1129 0.00644816
3 0.564209 0.809316 0.111483 0.112988 0.00608269
3 0.688159 0.313747 0.111539 0.112667 0.00559227
4 0.439908 0.561329 0.114156 0.113174 0.00491667
10 0.935898 0.188695 0.111054 0.111698 0.00465764
0 0.688223 0.561148 0.111224 0.111844 0.00456917
1 0.688095 0.312961 0.112601 0.113722 0.004288
1 0.688136 0.436933 0.112567 0.113437 0.00427911
6 0.315514 0.437435 0.112499 0.112689 0.00391663
8 0.688156 0.437046 0.110878 0.112927 0.00369958
0 0.0660893 0.436543 0.114039 0.111747 0.00347564
8 0.811561 0.933524 0.112365 0.112094 0.00338505
7 0.191788 0.0648895 0.111775 0.111693 0.00328523
1 0.688227 0.0645779 0.11198 0.113681 0.00317151
0 0.563566 0.188398 0.11148 0.113023 0.00315784
0 0.936692 0.561514 0.112438 0.113168 0.00314869
2 0.688165 0.685145 0.112153 0.112609 0.00313546
3 0.315627 0.561157 0.113245 0.112301 0.00308626
12 0.936373 0.437461 0.112506 0.113176 0.002876
6 0.0675921 0.684705 0.112421 0.111923 0.00280271
6 0.811929 0.31355 0.111441 0.11259 0.00278443
8 0.688108 0.313124 0.111271 0.113567 0.00276214
3 0.19152 0.809437 0.11302 0.112449 0.00266442
5 0.9353 0.0656764 0.112949 0.11305 0.00252021
4 0.81237 0.561236 0.112571 0.112139 0.00238274
0 0.315661 0.188933 0.111642 0.11321 0.00238008
1 0.191459 0.685354 0.111712 0.112511 0.00237457
7 0.811829 0.436793 0.113519 0.115202 0.00234717
1 0.812679 0.437177 0.113184 0.113735 0.0023279
2 0.9373 0.313476 0.112744 0.113368 0.00230013
7 0.0662609 0.0649016 0.113905 0.112257 0.00229739
8 0.067076 0.933862 0.114251 0.114019 0.00227312
2 0.688067 0.189341 0.113146 0.112897 0.00226215
8 0.811494 0.0648918 0.11293 0.112727 0.00219775
4 0.563669 0.685073 0.111927 0.11169 0.00219216
7 0.935844 0.933807 0.112861 0.114794 0.00218931
2 0.688015 0.561269 0.111025 0.112406 0.00217766
0 0.813121 0.93347 0.111809 0.111084 0.00215649
6 0.440207 0.685092 0.111614 0.11131 0.00213642
0 0.93651 0.809079 0.111467 0.112539 0.00212614
6 0.0670639 0.809487 0.114343 0.113535 0.00209677
4 0.936429 0.436719 0.112887 0.111994 0.00208728
10 0.687763 0.685468 0.111559 0.112037 0.00208145
2 0.0661792 0.684899 0.1142 0.112754 0.00204087
1 0.439758 0.187859 0.111233 0.111893 0.00203047
0 0.191371 0.561347 0.11211 0.113118 0.00203021
1 0.936718 0.313258 0.111513 0.11211 0.00198547
5 0.0668437 0.188533 0.113192 0.112969 0.00198442
12 0.811579 0.313205 0.113156 0.112784 0.00195803
6 0.0669518 0.561233 0.113572 0.11307 0.00192418
7 0.439776 0.313059 0.112199 0.112368 0.00191296
12 0.936373 0.313122 0.113941 0.113729 0.00186099
1 0.440043 0.312578 0.113253 0.113507 0.00185772
1 0.315344 0.312639 0.112164 0.112406 0.0018576
6 0.564041 0.684853 0.110781 0.111667 0.00185071
3 0.688143 0.685425 0.1125 0.112584 0.00184685
10 0.315618 0.934192 0.11147 0.11193 0.00183698
5 0.191557 0.809347 0.112193 0.111677 0.00183367
1 0.563749 0.560998 0.111895 0.112739 0.00179796
1 0.687937 0.933532 0.11228 0.11301 0.0017843
0 0.191081 0.313532 0.11291 0.111966 0.00176558
1 0.936171 0.934027 0.112968 0.113397 0.00174596
8 0.811464 0.189073 0.112822 0.112754 0.00174387
5 0.315543 0.560982 0.111415 0.11256 0.00173634
8 0.688245 0.0646779 0.111324 0.113437 0.00173316
1 0.191628 0.0650152 0.112393 0.113866 0.00172307
4 0.067174 0.685084 0.114519 0.113863 0.00171296
10 0.68675 0.189063 0.113623 0.11285 0.00167476
1 0.067471 0.933742 0.113353 0.113974 0.00166014
8 0.191146 0.313522 0.1124 0.111481 0.00164723
4 0.688165 0.685145 0.112153 0.112609 0.00164417
12 0.439388 0.561314 0.111994 0.112175 0.00163447
0 0.440384 0.809597 0.110888 0.11261 0.00161903
10 0.315773 0.685294 0.112381 0.111572 0.00161143
1 0.0669272 0.189225 0.112294 0.112671 0.00160574
8 0.0667106 0.188834 0.112781 0.111846 0.00160368
9 0.935885 0.684946 0.112239 0.111521 0.00159369
0 0.438709 0.438046 0.112068 0.114923 0.00158946
0 0.812968 0.0646226 0.109996 0.112123 0.00158574
10 0.439841 0.0648482 0.111322 0.111956 0.00154305
2 0.936423 0.934202 0.113371 0.114894 0.00153882
1 0.563765 0.809132 0.113105 0.113068 0.00152858
7 0.811614 0.561434 0.113117 0.113419 0.00152319
1 0.315609 0.561022 0.112975 0.112927 0.00151918
11 0.811462 0.0646566 0.112873 0.1131 0.00148773
11 0.811526 0.933071 0.112328 0.111895 0.00147916
12 0.811989 0.188895 0.112617 0.11242 0.00145137
2 0.812633 0.313524 0.112009 0.111514 0.00142399
5 0.0671873 0.933874 0.112798 0.112588 0.00140351
6 0.811766 0.437022 0.114649 0.113873 0.00138272
10 0.935935 0.0650821 0.112275 0.112847 0.00138035
1 0.688263 0.80973 0.112146 0.113816 0.00136684
12 0.563553 0.561011 0.112663 0.1127 0.00136577
2 0.439576 0.56157 0.11115 0.11164 0.001365
11 0.563854 0.0651786 0.11243 0.1135 0.00136395
1 0.190934 0.189289 0.111514 0.112128 0.00136008
4 0.066467 0.436782 0.112954 0.11199 0.00135936
3 0.688369 0.0653751 0.111947 0.113426 0.00134644
5 0.811549 0.561378 0.112341 0.112027 0.00133999
6 0.936384 0.437291 0.111775 0.113167 0.00133808
0 0.812977 0.189115 0.11206 0.112562 0.00133549
1 0.439494 0.561399 0.112168 0.112179 0.0013278
11 0.811745 0.809229 0.112246 0.112765 0.00132425
3 0.315615 0.809319 0.113362 0.112851 0.00129052
12 0.440047 0.933942 0.112067 0.113262 0.00128533
2 0.812679 0.437177 0.113184 0.113735 0.00126624
11 0.439087 0.437272 0.112147 0.112472 0.00125917
10 0.191821 0.0649825 0.113317 0.113694 0.00124478
7 0.564124 0.0645309 0.111392 0.113608 0.00123441
7 0.688231 0.809533 0.11345 0.11352 0.00123134
1 0.81132 0.313348 0.112036 0.11231 0.00122176
1 0.0664913 0.684851 0.111843 0.112159 0.0012134
1 0.563374 0.685277 0.111425 0.111887 0.00121178
12 0.812029 0.0645333 0.11304 0.112303 0.00121102
4 0.315743 0.188972 0.111782 0.112866 0.00120906
9 0.440047 0.933942 0.112067 0.113262 0.00120467
11 0.0662609 0.0649016 0.113905 0.112257 0.00118868
1 0.439836 0.685268 0.111806 0.11215 0.0011787
12 0.191146 0.313522 0.1124 0.111481 0.00117734
4 0.936521 0.560685 0.113647 0.112479 0.00117622
12 0.439758 0.187859 0.111233 0.111893 0.00117588
5 0.688227 0.0645779 0.11198 0.113681 0.00116654
3 0.191041 0.188993 0.111289 0.111623 0.00116401
12 0.563854 0.0651786 0.11243 0.1135 0.0011573
5 0.563728 0.809739 0.111724 0.112168 0.00113594
11 0.68685 0.685396 0.110859 0.110113 0.00113075
11 0.811438 0.188947 0.112831 0.113525 0.00113039
4 0.439216 0.685527 0.111499 0.111742 0.00111777
5 0.686804 0.437342 0.115002 0.111882 0.00110384
10 0.31549 0.0651892 0.113059 0.111729 0.00109585
5 0.686821 0.313417 0.11426 0.111953 0.00109277
12 0.0671059 0.0646267 0.11364 0.113551 0.00105919
13 0.811462 0.0646566 0.112873 0.1131 0.00104896
3 0.563814 0.436676 0.11091 0.113023 0.00104894
6 0.191777 0.934125 0.110547 0.112861 0.00104761
1 0.19114 0.437027 0.11235 0.112498 0.00104626
10 0.936549 0.437852 0.110286 0.112616 0.00104183
0 0.0674417 0.313773 0.112144 0.114256 0.00103409
4 0.191439 0.561189 0.112058 0.113128 0.00103279
1 0.191423 0.809017 0.112969 0.112468 0.00102685
4 0.563566 0.188398 0.11148 0.113023 0.0010216
3 0.81243 0.684918 0.112838 0.112948 0.00101626
1 0.811521 0.685585 0.112723 0.11241 0.00100693
2 0.440108 0.313132 0.112837 0.114139 0.00100493
