7 0.191261 0.685565 0.111729 0.113234 0.985415
9 0.190985 0.562204 0.109953 0.110301 0.985381
3 0.438996 0.065362 0.114685 0.111956 0.984717
7 0.0671616 0.0657002 0.11372 0.113672 0.984455
13 0.191871 0.438034 0.112584 0.114796 0.984365
13 0.316097 0.437976 0.11233 0.112374 0.984229
6 0.0667422 0.685595 0.113275 0.112628 0.984157
7 0.563443 0.684764 0.11147 0.112044 0.983868
5 0.31449 0.0653762 0.111398 0.110661 0.98384
6 0.191247 0.0649854 0.111823 0.111567 0.983362
5 0.191116 0.189274 0.110802 0.112307 0.982774
6 0.0664972 0.437434 0.113372 0.114097 0.98268
5 0.190747 0.810443 0.113088 0.114977 0.982244
10 0.315418 0.313162 0.112977 0.114301 0.98218
10 0.0666238 0.80991 0.111449 0.11509 0.981347
1 0.0677535 0.933827 0.113357 0.112356 0.980932
0 0.189597 0.934349 0.110442 0.109521 0.980792
0 0.812222 0.809031 0.111494 0.112371 0.980762
6 0.935089 0.809178 0.112383 0.112448 0.980563
2 0.0664126 0.561858 0.114191 0.112234 0.980518
1 0.812901 0.932957 0.112664 0.1123 0.980289
1 0.191031 0.311574 0.112934 0.110902 0.980256
8 0.562757 0.0653538 0.111409 0.110756 0.980019
2 0.0666347 0.312548 0.112182 0.112395 0.979995
13 0.563648 0.56128 0.113381 0.113184 0.97987
12 0.067202 0.189773 0.112568 0.112623 0.97968
12 0.935229 0.933716 0.112047 0.113211 0.979456
0 0.563564 0.808669 0.11117 0.112853 0.979391
1 0.315508 0.683922 0.114762 0.111922 0.979364
8 0.439651 0.684834 0.110287 0.110098 0.979022
10 0.687258 0.18832 0.113625 0.113979 0.978802
6 0.314715 0.18892 0.111464 0.110927 0.978685
12 0.439883 0.188965 0.113323 0.111608 0.978621
6 0.936452 0.685084 0.110775 0.111385 0.978589
1 0.56274 0.933387 0.113405 0.112783 0.978584
10 0.563477 0.18881 0.111819 0.114808 0.978531
9 0.81204 0.31312 0.111357 0.111882 0.978436
8 0.811994 0.0649032 0.111832 0.110774 0.978362
7 0.563507 0.437041 0.112479 0.112233 0.978262
11 0.812244 0.437891 0.112696 0.114497 0.978223
5 0.811627 0.685809 0.112472 0.111554 0.978218
0 0.688958 0.933695 0.114481 0.111174 0.978039
2 0.687754 0.684844 0.11223 0.112706 0.978004
1 0.439313 0.313214 0.111298 0.112382 0.97782
6 0.812211 0.561687 0.111726 0.110861 0.97764
0 0.315046 0.809279 0.114881 0.115403 0.977572
2 0.4396 0.437312 0.109793 0.11194 0.977497
1 0.315186 0.933554 0.11481 0.110966 0.977483
3 0.56366 0.31271 0.11282 0.112133 0.977393
2 0.936292 0.311771 0.112063 0.112749 0.977271
0 0.688354 0.437647 0.112296 0.113918 0.977185
2 0.936343 0.187294 0.110695 0.110336 0.977157
8 0.439537 0.561421 0.110888 0.11099 0.977156
11 0.93643 0.0650225 0.113116 0.112999 0.9771
12 0.687479 0.809922 0.11227 0.111284 0.977067
0 0.936152 0.436979 0.112008 0.113219 0.976866
3 0.68835 0.561875 0.111568 0.11137 0.976842
0 0.315368 0.560991 0.112559 0.112122 0.976721
8 0.688177 0.313375 0.112376 0.111111 0.976466
1 0.687265 0.0639783 0.113383 0.109616 0.976275
1 0.812208 0.188173 0.112488 0.111192 0.97608
1 0.439972 0.810298 0.110439 0.111067 0.975539
0 0.438989 0.934011 0.110573 0.109283 0.975537
1 0.936233 0.562389 0.11062 0.111331 0.975309
6 0.68727 0.810313 0.111016 0.111077 0.0723636
6 0.935208 0.933957 0.109579 0.111623 0.0380236
2 0.68827 0.312371 0.111999 0.110747 0.021958
8 0.935898 0.310708 0.111703 0.110551 0.0104012
1 0.438783 0.438123 0.109264 0.11138 0.00771756
2 0.5628 0.0636445 0.110579 0.110925 0.00678519
2 0.440113 0.685192 0.111091 0.112977 0.00596481
5 0.686681 0.684987 0.112907 0.110952 0.00544643
0 0.563338 0.0645362 0.110602 0.112296 0.00471441
1 0.935751 0.188236 0.110548 0.111672 0.00438765
2 0.439121 0.56114 0.110802 0.113317 0.00434871
1 0.688935 0.933666 0.112988 0.110592 0.0041483
6 0.0668323 0.19047 0.113241 0.113979 0.00394848
0 0.687149 0.0625707 0.113327 0.110655 0.00368993
0 0.813174 0.0647303 0.111485 0.112951 0.00365796
0 0.936586 0.559936 0.110725 0.109977 0.00362977
8 0.935977 0.186789 0.110291 0.108343 0.0035495
5 0.81201 0.43891 0.114172 0.115358 0.0034159
2 0.688593 0.561936 0.11166 0.110191 0.00334848
0 0.812377 0.18616 0.113511 0.110923 0.00331064
1 0.935929 0.312952 0.10879 0.111024 0.00330158
12 0.812112 0.313373 0.110451 0.113154 0.00326714
12 0.191708 0.56134 0.108291 0.110192 0.00325976
10 0.191162 0.188329 0.112043 0.112988 0.00315179
1 0.0662195 0.313694 0.111653 0.111252 0.00302793
4 0.0669218 0.0656401 0.114619 0.112743 0.00282383
8 0.81159 0.312711 0.108907 0.112097 0.00275578
5 0.936123 0.311263 0.111637 0.113983 0.00271286
8 0.0664977 0.312362 0.112304 0.110206 0.00263247
12 0.687745 0.561378 0.110612 0.110843 0.00261708
3 0.934808 0.809608 0.111259 0.112446 0.00258652
8 0.688145 0.684701 0.111838 0.11308 0.0025225
2 0.811468 0.0633865 0.108516 0.111185 0.00245641
1 0.688135 0.684454 0.114352 0.113555 0.00244329
0 0.813972 0.933406 0.112967 0.112244 0.00229513
11 0.811557 0.68541 0.112768 0.111155 0.00229127
5 0.439489 0.0646405 0.11261 0.11204 0.0022758
0 0.439275 0.313896 0.111564 0.112713 0.00223733
8 0.438783 0.438123 0.109264 0.11138 0.00223232
0 0.688151 0.313901 0.112627 0.111509 0.00220247
0 0.190469 0.311048 0.113465 0.110611 0.00217788
0 0.812275 0.31338 0.110952 0.114906 0.00213913
3 0.935843 0.684957 0.111211 0.113261 0.00213132
1 0.189647 0.934305 0.110463 0.109649 0.00209301
11 0.440325 0.685116 0.111596 0.112862 0.00209183
7 0.686421 0.810078 0.111583 0.110647 0.00200194
11 0.811994 0.0649032 0.111832 0.110774 0.0020005
11 0.191183 0.188713 0.111031 0.111916 0.00199686
2 0.0665413 0.933312 0.113568 0.113523 0.00198765
0 0.564058 0.933351 0.111727 0.110918 0.00197019
6 0.439468 0.189678 0.112509 0.112418 0.00196413
4 0.563387 0.684956 0.112645 0.113102 0.00195191
6 0.563682 0.93375 0.114002 0.111649 0.00195131
1 0.688081 0.436935 0.112876 0.113881 0.00195022
6 0.813972 0.933406 0.112967 0.112244 0.00188315
5 0.0671841 0.560829 0.11454 0.116275 0.00186468
3 0.812043 0.561903 0.111089 0.111542 0.00185312
7 0.935897 0.685356 0.110468 0.111277 0.00184523
11 0.43954 0.561007 0.111009 0.112569 0.00183471
10 0.811506 0.437739 0.110612 0.113091 0.00180819
4 0.935208 0.933957 0.109579 0.111623 0.00178637
12 0.439437 0.0649405 0.112455 0.111827 0.00178519
11 0.686809 0.188128 0.111406 0.116288 0.00176417
0 0.191421 0.561427 0.108115 0.110563 0.00176122
1 0.688293 0.561853 0.111269 0.111011 0.00176015
7 0.56352 0.189349 0.11189 0.115597 0.00175548
3 0.314739 0.189392 0.112113 0.112797 0.00171191
3 0.190718 0.0653576 0.112929 0.112263 0.00169578
0 0.439492 0.808434 0.110226 0.111308 0.00169498
7 0.811259 0.561648 0.110102 0.111225 0.00168786
9 0.936365 0.438146 0.110222 0.114351 0.00168391
13 0.686727 0.188194 0.111106 0.116189 0.00160916
6 0.688072 0.561152 0.112982 0.113993 0.0016017
8 0.813103 0.438191 0.114662 0.116071 0.00158762
2 0.811126 0.685049 0.112054 0.111752 0.00158713
10 0.190086 0.810602 0.112531 0.112967 0.00158083
8 0.066121 0.559731 0.114202 0.110502 0.0015648
11 0.811553 0.31259 0.109311 0.112315 0.00155946
3 0.066121 0.559731 0.114202 0.110502 0.00153616
0 0.0706886 0.93245 0.107072 0.108335 0.00153296
10 0.935856 0.0648163 0.111083 0.112142 0.00150879
0 0.31529 0.933941 0.112122 0.109889 0.00150522
4 0.56352 0.189349 0.11189 0.115597 0.00149508
9 0.314993 0.809033 0.113933 0.114634 0.00149284
7 0.935208 0.933957 0.109579 0.111623 0.00143102
8 0.935788 0.0648193 0.111107 0.111031 0.00141491
1 0.0675053 0.561081 0.112082 0.111816 0.00137137
4 0.191252 0.684886 0.111605 0.112206 0.00136204
7 0.316322 0.437297 0.112515 0.112646 0.00133044
3 0.0667422 0.685595 0.113275 0.112628 0.00131229
4 0.68727 0.810313 0.111016 0.111077 0.00130506
4 0.813972 0.933406 0.112967 0.112244 0.00129592
13 0.686421 0.810078 0.111583 0.110647 0.00129554
11 0.688098 0.31438 0.111983 0.111076 0.0012822
1 0.563422 0.808692 0.111609 0.11319 0.00127811
9 0.56386 0.313455 0.114499 0.112718 0.00126935
11 0.314445 0.064965 0.111796 0.11154 0.00125983
10 0.314098 0.0650677 0.110814 0.111191 0.00124645
3 0.688319 0.809414 0.112929 0.110687 0.00124237
4 0.688593 0.561936 0.11166 0.110191 0.00124209
7 0.191958 0.437888 0.11309 0.113845 0.00119302
7 0.688104 0.188814 0.113214 0.117806 0.00118474
7 0.316071 0.313491 0.11239 0.114093 0.00118056
5 0.686727 0.188194 0.111106 0.116189 0.00118046
4 0.315249 0.934122 0.114092 0.110371 0.00117998
7 0.43982 0.189185 0.112423 0.111909 0.00116786
10 0.191631 0.43755 0.113535 0.114151 0.00116103
11 0.686803 0.684833 0.109808 0.112147 0.0011478
13 0.0668555 0.810242 0.112351 0.112848 0.00113595
9 0.19132 0.437414 0.115364 0.115096 0.00113029
4 0.0665413 0.933312 0.113568 0.113523 0.00112481
2 0.563681 0.313185 0.112391 0.111629 0.00112406
12 0.563398 0.188587 0.112293 0.114169 0.00111534
12 0.56335 0.313422 0.113647 0.112608 0.00111452
2 0.190589 0.810563 0.113279 0.113644 0.00111161
5 0.563876 0.312676 0.113048 0.112537 0.00110246
6 0.315249 0.934122 0.114092 0.110371 0.00109888
8 0.81341 0.80984 0.111974 0.112355 0.00109838
3 0.936291 0.310965 0.112776 0.115082 0.00109522
9 0.439002 0.934094 0.1101 0.109224 0.00107951
13 0.316151 0.313473 0.111572 0.114052 0.00106651
11 0.190073 0.810423 0.112606 0.112928 0.00106255
6 0.563917 0.436387 0.112196 0.113801 0.00105063
10 0.811139 0.685952 0.111291 0.111618 0.00104764
3 0.0664972 0.437434 0.113372 0.114097 0.00104627
12 0.563621 0.436366 0.111549 0.112705 0.00104545
5 0.935863 0.0658946 0.113532 0.113958 0.00104042
4 0.43912 0.313477 0.112598 0.112764 0.00103505
0 0.315226 0.684415 0.11495 0.113805 0.001028
0 0.438965 0.562986 0.113804 0.11605 0.00102631
1 0.43941 0.0650733 0.112355 0.112112 0.00100784
