9 0.439815 0.933944 0.112098 0.113296 0.988837
3 0.315337 0.809764 0.112283 0.111921 0.987683
2 0.314987 0.933925 0.112974 0.113781 0.98689
2 0.4399 0.809866 0.112528 0.112151 0.98619
13 0.688235 0.933592 0.112012 0.113464 0.985859
9 0.190101 0.0647313 0.112675 0.112225 0.985771
12 0.0671759 0.686133 0.111933 0.111959 0.984964
3 0.191249 0.43788 0.111817 0.113578 0.984886
10 0.564377 0.809554 0.111391 0.112391 0.984822
3 0.0665281 0.189737 0.111579 0.112852 0.984624
2 0.191608 0.80969 0.110932 0.11155 0.984429
8 0.563828 0.934279 0.11174 0.11303 0.98435
12 0.439086 0.0649797 0.111033 0.112146 0.983778
12 0.314604 0.064936 0.111308 0.112376 0.983713
13 0.191122 0.314102 0.111297 0.111979 0.983529
12 0.0669508 0.438076 0.112672 0.112597 0.983298
13 0.0665607 0.933926 0.111802 0.114029 0.983176
13 0.315528 0.43786 0.111859 0.112598 0.983044
13 0.191628 0.562352 0.111883 0.112106 0.982944
3 0.811775 0.809711 0.112817 0.112701 0.982773
10 0.315066 0.31288 0.112655 0.111493 0.982628
10 0.314664 0.188446 0.112529 0.111927 0.982532
8 0.812234 0.933843 0.112016 0.113323 0.982484
5 0.562814 0.0655878 0.110803 0.111878 0.982423
13 0.93668 0.933811 0.112302 0.113816 0.982212
0 0.191537 0.685462 0.112594 0.111612 0.982085
4 0.190934 0.933384 0.112983 0.113172 0.982035
10 0.316048 0.684798 0.113041 0.111468 0.981412
1 0.688057 0.809137 0.112053 0.112564 0.981393
2 0.0673281 0.313835 0.110569 0.111513 0.981023
9 0.564362 0.685732 0.110518 0.111271 0.980864
4 0.438986 0.312767 0.11253 0.112803 0.980429
0 0.189825 0.188663 0.112699 0.113001 0.980277
10 0.93586 0.0652803 0.112759 0.113314 0.980098
9 0.440301 0.561696 0.111723 0.112731 0.979993
9 0.563348 0.437141 0.11231 0.112281 0.979826
10 0.688337 0.685448 0.111682 0.112592 0.979716
0 0.0656711 0.0642541 0.112101 0.112825 0.979646
12 0.439369 0.188827 0.112425 0.112324 0.979379
1 0.687306 0.312582 0.112914 0.112748 0.979074
0 0.439384 0.437472 0.111212 0.111698 0.97905
4 0.812376 0.312672 0.113208 0.112954 0.978925
10 0.936866 0.188556 0.111951 0.113637 0.978769
10 0.812751 0.1876 0.113131 0.113503 0.978742
13 0.687531 0.561662 0.112668 0.112974 0.978698
9 0.93604 0.313609 0.110875 0.112237 0.978593
0 0.563515 0.561707 0.111445 0.113882 0.978584
5 0.936527 0.685447 0.112481 0.11311 0.978535
8 0.0673981 0.809834 0.110688 0.111392 0.978483
0 0.687335 0.436958 0.112023 0.113158 0.978428
0 0.687621 0.187783 0.111905 0.112537 0.97831
8 0.936474 0.809841 0.112541 0.111135 0.978301
6 0.93653 0.437501 0.113807 0.111874 0.978171
11 0.81198 0.685521 0.112201 0.113223 0.977857
11 0.56312 0.188286 0.11156 0.114144 0.977759
11 0.0659906 0.561418 0.113123 0.112533 0.977692
7 0.812132 0.437052 0.113086 0.112819 0.977635
2 0.687939 0.0648932 0.111556 0.110757 0.977458
2 0.562707 0.312777 0.110756 0.111368 0.977387
8 0.812385 0.0642488 0.112212 0.110808 0.977195
8 0.316219 0.561408 0.111955 0.112693 0.977111
2 0.811961 0.561447 0.113338 0.112695 0.977012
8 0.439886 0.685685 0.111031 0.111374 0.976849
2 0.936272 0.561947 0.111138 0.111425 0.976747
2 0.0667235 0.809458 0.112511 0.111506 0.0217281
4 0.813043 0.187884 0.11381 0.114993 0.0175543
5 0.0659906 0.561418 0.113123 0.112533 0.0139035
5 0.811865 0.685879 0.111106 0.112475 0.0089522
12 0.811496 0.437014 0.112815 0.112863 0.00872034
2 0.316134 0.561496 0.112853 0.112338 0.00779573
6 0.191099 0.437987 0.112066 0.111768 0.00671274
1 0.812226 0.312857 0.112971 0.113302 0.00657612
2 0.440111 0.685697 0.112569 0.111753 0.00620461
2 0.564237 0.934274 0.11196 0.112539 0.00559187
2 0.813249 0.932889 0.111157 0.112064 0.00553666
6 0.811513 0.809715 0.113508 0.111588 0.00467821
11 0.440469 0.685971 0.111973 0.111942 0.00467252
6 0.314913 0.0646831 0.111553 0.112612 0.00409314
6 0.191249 0.933334 0.111868 0.111965 0.00408238
5 0.813043 0.187884 0.11381 0.114993 0.00400527
3 0.563663 0.437516 0.111089 0.113176 0.00394357
1 0.688192 0.0640175 0.112261 0.110882 0.003926
2 0.936885 0.809952 0.110557 0.111212 0.00386602
3 0.564362 0.685732 0.110518 0.111271 0.0038523
2 0.813094 0.0640362 0.111312 0.111739 0.00382405
4 0.688333 0.685277 0.111091 0.112734 0.00378653
3 0.812323 0.56159 0.112267 0.113519 0.00373576
3 0.440246 0.561814 0.111869 0.112409 0.00371851
12 0.191601 0.561531 0.112055 0.111627 0.00365537
1 0.563013 0.313338 0.110232 0.11219 0.00348157
0 0.813105 0.0648229 0.111597 0.112638 0.0033542
7 0.687614 0.561238 0.111461 0.113156 0.00332102
4 0.315129 0.312968 0.112177 0.113079 0.00328776
10 0.936087 0.933965 0.113481 0.113636 0.00328032
12 0.936322 0.313682 0.112225 0.11286 0.00315999
5 0.5634 0.188319 0.111327 0.112967 0.00311568
0 0.68776 0.31181 0.112687 0.112432 0.00310277
10 0.811505 0.685579 0.110723 0.112187 0.00305036
1 0.563698 0.56125 0.111869 0.113039 0.0030232
3 0.936226 0.313728 0.112461 0.112558 0.00295329
0 0.813258 0.933687 0.11102 0.11402 0.00280545
1 0.0656711 0.0642541 0.112101 0.112825 0.00277412
3 0.439815 0.933944 0.112098 0.113296 0.00277375
1 0.936616 0.561356 0.112298 0.112074 0.00275842
8 0.688207 0.0642161 0.111296 0.110886 0.00273016
6 0.811656 0.312607 0.114132 0.112164 0.00268489
12 0.686626 0.561923 0.110285 0.111525 0.00268399
12 0.936064 0.933794 0.111684 0.112678 0.0026371
1 0.190934 0.933384 0.112983 0.113172 0.00263347
1 0.439282 0.312919 0.111946 0.112621 0.00257178
3 0.936565 0.561907 0.111941 0.113134 0.0025148
7 0.813064 0.187996 0.111856 0.115947 0.00250881
1 0.687462 0.436397 0.112148 0.112661 0.00244406
4 0.811719 0.436772 0.112966 0.112209 0.00243684
0 0.563733 0.438068 0.112254 0.114081 0.00243028
13 0.936656 0.188634 0.111057 0.111318 0.00239026
1 0.0669125 0.314171 0.111071 0.111072 0.00233525
6 0.439377 0.188964 0.112126 0.112897 0.00232395
13 0.688133 0.685481 0.111148 0.112041 0.00231521
1 0.937375 0.436763 0.109336 0.111715 0.00230929
2 0.190961 0.437834 0.11191 0.112324 0.00225574
2 0.688242 0.809267 0.112434 0.111865 0.00220871
3 0.936238 0.437451 0.113935 0.113573 0.00220063
1 0.811365 0.561339 0.114077 0.112702 0.00219054
10 0.687752 0.933129 0.111799 0.111853 0.00213012
10 0.066458 0.561707 0.112549 0.112258 0.00212585
11 0.812116 0.0641928 0.11187 0.11149 0.00210189
7 0.688333 0.685277 0.111091 0.112734 0.00208395
11 0.315726 0.561571 0.111864 0.112428 0.00200606
11 0.936087 0.933965 0.113481 0.113636 0.00198846
7 0.315555 0.437684 0.111985 0.112576 0.00196724
7 0.811737 0.312071 0.112962 0.113981 0.00190746
11 0.0669474 0.809756 0.111612 0.111547 0.00187981
1 0.811547 0.809446 0.111937 0.111723 0.00185051
4 0.688313 0.809018 0.111332 0.110902 0.00184633
1 0.439452 0.43688 0.112422 0.113174 0.00183674
12 0.440077 0.561373 0.111764 0.113125 0.00183098
1 0.315528 0.933433 0.113087 0.113116 0.00182811
1 0.440257 0.809465 0.112636 0.11177 0.00180757
0 0.688313 0.809018 0.111332 0.110902 0.00180059
10 0.0665112 0.932989 0.111212 0.112422 0.00179708
12 0.563663 0.438062 0.111261 0.112836 0.00179681
6 0.811541 0.436769 0.111855 0.112619 0.0017943
12 0.191408 0.43811 0.112376 0.112079 0.00179053
7 0.439368 0.313064 0.111452 0.111762 0.00175954
13 0.314578 0.312624 0.111769 0.112167 0.00175565
4 0.314718 0.188596 0.112186 0.113091 0.00172033
7 0.936371 0.0641753 0.112512 0.112785 0.00169283
11 0.687886 0.933364 0.111696 0.113841 0.00167676
3 0.563736 0.31332 0.110078 0.112636 0.00165609
11 0.936414 0.810084 0.11229 0.110203 0.00162524
4 0.811578 0.809841 0.111394 0.112393 0.00160232
2 0.812007 0.31353 0.112252 0.11311 0.00156619
13 0.936866 0.0643401 0.110734 0.111296 0.00156551
12 0.315255 0.437122 0.111618 0.112276 0.00155013
10 0.562878 0.0647671 0.111222 0.11156 0.00153273
11 0.564237 0.934274 0.11196 0.112539 0.00150614
12 0.564273 0.685669 0.111881 0.112376 0.00149605
4 0.316116 0.684765 0.113043 0.112616 0.00149519
1 0.315061 0.809279 0.112188 0.111584 0.0014847
1 0.189825 0.188663 0.112699 0.113001 0.00145486
4 0.563415 0.0649814 0.112281 0.111175 0.00144872
3 0.0665644 0.313672 0.111959 0.110736 0.00142837
10 0.936583 0.685833 0.112057 0.112924 0.00142383
1 0.191413 0.685374 0.112613 0.112358 0.00141428
2 0.813041 0.810068 0.112483 0.109863 0.00140726
0 0.936632 0.809985 0.110978 0.111985 0.00140341
2 0.315337 0.809764 0.112283 0.111921 0.00140179
12 0.44019 0.933368 0.113197 0.114183 0.0013682
4 0.191062 0.43759 0.111924 0.112231 0.00136767
12 0.190424 0.0648499 0.112829 0.111991 0.00136337
0 0.0671759 0.686133 0.111933 0.111959 0.00136182
7 0.936427 0.188204 0.111553 0.113401 0.0013491
1 0.190956 0.809422 0.113336 0.111263 0.00131779
2 0.0660632 0.189733 0.112554 0.112276 0.00131759
7 0.19086 0.313798 0.111258 0.111711 0.00131383
1 0.687983 0.187484 0.112238 0.113332 0.00130164
7 0.315431 0.313336 0.11252 0.112269 0.00129976
13 0.812187 0.187473 0.112193 0.112897 0.00128509
11 0.812129 0.93402 0.112334 0.11207 0.00126654
7 0.191155 0.933496 0.112329 0.112571 0.00125257
3 0.563382 0.0651036 0.112695 0.111951 0.00123855
11 0.0663797 0.933677 0.112761 0.114094 0.0012375
5 0.563275 0.312947 0.113387 0.112286 0.00121899
5 0.811365 0.561339 0.114077 0.112702 0.00120805
8 0.563285 0.312766 0.112568 0.112004 0.00119927
7 0.0671057 0.685758 0.113308 0.114277 0.00118337
8 0.688085 0.187844 0.112481 0.113709 0.00116863
4 0.564151 0.809309 0.111182 0.112029 0.00116573
12 0.0660287 0.189412 0.111594 0.112773 0.0011593
12 0.315352 0.188563 0.111726 0.112302 0.00115796
12 0.191045 0.313608 0.111312 0.111333 0.00114135
13 0.31575 0.685091 0.112207 0.112065 0.00113326
3 0.314987 0.933925 0.112974 0.113781 0.00112886
5 0.688272 0.68508 0.110567 0.111998 0.00111819
13 0.314567 0.188268 0.111708 0.112444 0.00111614
6 0.0662351 0.188903 0.111806 0.112772 0.00110993
12 0.811578 0.809841 0.111394 0.112393 0.00110199
7 0.688235 0.933592 0.112012 0.113464 0.00110122
7 0.564151 0.809309 0.111182 0.112029 0.00109852
12 0.315677 0.31292 0.111969 0.112135 0.00109241
5 0.936132 0.561618 0.114135 0.113762 0.00109189
8 0.563663 0.438062 0.111261 0.112836 0.00107519
4 0.936283 0.685455 0.112657 0.114057 0.00107498
6 0.439276 0.0649115 0.110917 0.112549 0.00105898
8 0.811478 0.561245 0.113262 0.113206 0.00105674
13 0.564059 0.809913 0.112284 0.111906 0.00105474
4 0.936802 0.188984 0.111876 0.113472 0.00105164
12 0.439282 0.312919 0.111946 0.112621 0.00103755
2 0.190934 0.933384 0.112983 0.113172 0.00102877
10 0.439199 0.313313 0.112723 0.112661 0.00102565
9 0.191196 0.438074 0.113133 0.112709 0.00101875
