3 0.0672574 0.809597 0.111962 0.113032 0.986587
2 0.439518 0.809798 0.11248 0.112871 0.986265
3 0.0673949 0.437454 0.112153 0.11369 0.985214
12 0.191507 0.685811 0.111226 0.112088 0.984953
10 0.688043 0.934103 0.112499 0.114161 0.984893
11 0.563075 0.934026 0.110907 0.113245 0.984616
7 0.0669746 0.18952 0.11253 0.111115 0.98461
2 0.19213 0.809576 0.110336 0.112015 0.9844
12 0.563983 0.809737 0.111495 0.112893 0.984107
0 0.439502 0.933664 0.111894 0.112915 0.983985
5 0.067214 0.561999 0.11242 0.112369 0.983984
9 0.315415 0.68557 0.111559 0.111505 0.9837
1 0.06713 0.685464 0.112976 0.112579 0.98355
12 0.191345 0.561701 0.111368 0.111853 0.983548
9 0.439819 0.189081 0.11203 0.112841 0.983527
5 0.56339 0.685331 0.110576 0.11274 0.98343
6 0.315464 0.561499 0.111914 0.112007 0.983023
4 0.439674 0.685358 0.111765 0.112664 0.982919
11 0.0663887 0.933924 0.114558 0.114343 0.982871
13 0.812233 0.93374 0.111555 0.113749 0.982442
10 0.315008 0.436835 0.112653 0.111348 0.982161
12 0.066718 0.0648859 0.113273 0.113837 0.982113
13 0.936454 0.934015 0.112431 0.113725 0.981954
12 0.315458 0.313779 0.112411 0.113055 0.981781
10 0.191322 0.188733 0.113207 0.1121 0.98166
2 0.191963 0.437323 0.110928 0.112144 0.981555
11 0.562832 0.0655637 0.110992 0.112529 0.981503
5 0.440227 0.437966 0.111682 0.113234 0.981449
10 0.191449 0.313118 0.112936 0.111873 0.98136
4 0.43936 0.0645564 0.112024 0.112507 0.98129
12 0.93711 0.809684 0.11258 0.113124 0.981205
10 0.0675628 0.313012 0.113377 0.112141 0.981132
1 0.315008 0.188883 0.112838 0.11267 0.98111
1 0.191294 0.064537 0.111461 0.113399 0.981047
11 0.315568 0.933732 0.112255 0.113787 0.980467
7 0.812278 0.809695 0.112924 0.112497 0.980449
1 0.687704 0.561204 0.112192 0.113045 0.98014
1 0.687901 0.809361 0.111733 0.113519 0.979924
1 0.439376 0.561299 0.1125 0.112871 0.97989
3 0.6875 0.0649105 0.11132 0.1135 0.97972
0 0.191669 0.933414 0.111499 0.112609 0.979329
10 0.563571 0.188849 0.111843 0.113854 0.979278
1 0.687815 0.31297 0.112332 0.112184 0.979251
8 0.315588 0.0647587 0.111802 0.111544 0.979239
6 0.812146 0.561467 0.112958 0.111441 0.979124
6 0.68796 0.43705 0.112509 0.111966 0.979115
9 0.811964 0.1889 0.112289 0.113216 0.978897
1 0.936488 0.312669 0.113347 0.112212 0.978829
1 0.936314 0.561216 0.114419 0.113637 0.978808
12 0.936482 0.436877 0.113027 0.11189 0.97873
1 0.936138 0.0643112 0.114075 0.113892 0.978624
12 0.81207 0.0643283 0.111898 0.112039 0.978469
10 0.812209 0.685448 0.11258 0.112772 0.978306
2 0.563453 0.437233 0.111221 0.111631 0.978275
2 0.687631 0.18922 0.111839 0.112043 0.978144
2 0.687533 0.685369 0.110707 0.111978 0.977899
0 0.563277 0.313083 0.111296 0.11293 0.977723
0 0.935791 0.188746 0.110156 0.111109 0.977615
2 0.936116 0.685187 0.112854 0.112696 0.977407
2 0.812416 0.436896 0.112703 0.112413 0.97731
2 0.81221 0.313042 0.112166 0.11173 0.976979
8 0.564076 0.56097 0.112009 0.112815 0.976762
8 0.439902 0.31319 0.110883 0.111033 0.976757
8 0.316005 0.809532 0.112549 0.112521 0.976441
2 0.44003 0.313636 0.111088 0.112159 0.0198153
2 0.315593 0.809987 0.113008 0.112332 0.0137061
4 0.315637 0.437327 0.112222 0.112923 0.0136443
5 0.0670552 0.933564 0.11484 0.113806 0.0130143
4 0.191163 0.313367 0.110996 0.112607 0.0100563
6 0.191315 0.561514 0.11181 0.11181 0.00943256
12 0.811535 0.809626 0.113387 0.112722 0.00923514
3 0.811949 0.189311 0.111504 0.112513 0.00826003
5 0.563436 0.934053 0.11148 0.113192 0.00790919
1 0.563518 0.312685 0.11178 0.11252 0.00684825
5 0.563487 0.0655287 0.111179 0.112966 0.00652153
11 0.564098 0.56109 0.112211 0.11203 0.0062176
0 0.936521 0.313084 0.11221 0.110911 0.00550914
2 0.0668073 0.809513 0.113883 0.112848 0.00536998
2 0.564082 0.561079 0.111641 0.111837 0.0053053
1 0.688374 0.436624 0.109329 0.11104 0.00518679
4 0.0672231 0.313437 0.11325 0.11273 0.00492378
4 0.813032 0.684752 0.112647 0.112241 0.004912
2 0.0667415 0.43688 0.114307 0.113324 0.00489548
11 0.315847 0.0645208 0.111519 0.112566 0.00473886
5 0.316043 0.93327 0.11283 0.11266 0.00472355
12 0.81152 0.933638 0.111372 0.111119 0.00423878
0 0.936958 0.809369 0.11101 0.112219 0.00410265
1 0.439674 0.685358 0.111765 0.112664 0.00389834
0 0.688151 0.561113 0.111234 0.111819 0.00388437
1 0.811528 0.437158 0.11338 0.11155 0.00386183
3 0.315415 0.68557 0.111559 0.111505 0.00378213
0 0.93579 0.0647889 0.112672 0.113355 0.00365193
5 0.8118 0.934012 0.112461 0.113453 0.0036473
11 0.315792 0.810047 0.112519 0.11252 0.00360437
4 0.563594 0.189138 0.111967 0.113434 0.00349101
1 0.439698 0.064758 0.11073 0.112877 0.00348188
6 0.811578 0.809386 0.112155 0.112221 0.00345182
6 0.812274 0.0646236 0.110531 0.112584 0.00340365
0 0.688248 0.809414 0.11156 0.111944 0.00336393
2 0.688097 0.313113 0.112083 0.112508 0.00326202
0 0.936677 0.561506 0.112435 0.113188 0.00322484
7 0.8118 0.934012 0.112461 0.113453 0.00311059
0 0.687906 0.31366 0.110953 0.112725 0.00309195
1 0.811964 0.561085 0.113544 0.11244 0.00301334
12 0.563777 0.189103 0.111929 0.113797 0.00297615
1 0.191011 0.437952 0.109069 0.108984 0.00293012
1 0.811912 0.313602 0.110493 0.111305 0.00288748
8 0.688215 0.685325 0.112102 0.112036 0.0028675
8 0.813113 0.437144 0.110339 0.112273 0.00281516
4 0.191351 0.188717 0.112664 0.113554 0.00278825
7 0.811689 0.684953 0.11306 0.113789 0.00274194
0 0.191294 0.064537 0.111461 0.113399 0.00271215
3 0.936387 0.685326 0.111585 0.112986 0.00255892
3 0.811998 0.5613 0.113136 0.113155 0.00255513
11 0.935875 0.934167 0.113554 0.113494 0.00255045
1 0.688142 0.189172 0.113499 0.113011 0.00253894
10 0.935875 0.934167 0.113554 0.113494 0.00253893
12 0.315261 0.685363 0.112685 0.112175 0.00252207
1 0.936021 0.685396 0.114179 0.114329 0.00245569
0 0.315401 0.189112 0.112071 0.114063 0.00245073
7 0.937077 0.436429 0.111638 0.112551 0.00240491
3 0.812683 0.43748 0.112406 0.113746 0.00237893
12 0.935869 0.933941 0.112614 0.113122 0.0023627
4 0.0666017 0.189411 0.113085 0.110319 0.00235274
3 0.687861 0.436913 0.112694 0.113212 0.00231423
3 0.191282 0.437467 0.113045 0.112016 0.00231214
6 0.687428 0.064632 0.11162 0.112089 0.00228123
0 0.936532 0.437265 0.112213 0.112841 0.00224738
1 0.315924 0.561126 0.1108 0.111844 0.00219709
9 0.935807 0.189026 0.112251 0.112399 0.00217805
1 0.563621 0.436716 0.11183 0.113123 0.00216448
13 0.191502 0.312941 0.111137 0.111816 0.00214231
6 0.0663782 0.0648523 0.113038 0.112904 0.00213065
2 0.688138 0.809359 0.112103 0.112104 0.00211602
8 0.813047 0.313398 0.111032 0.11192 0.00210504
6 0.56385 0.809965 0.112278 0.113 0.00209428
7 0.0674696 0.31345 0.113622 0.113017 0.00206823
6 0.315693 0.31317 0.112411 0.112867 0.00206127
2 0.43941 0.0650939 0.110854 0.11241 0.00205992
0 0.439405 0.561197 0.112385 0.112428 0.00205507
12 0.439644 0.18925 0.112589 0.112513 0.00205259
2 0.315699 0.0647476 0.111998 0.113199 0.00201907
8 0.68815 0.189151 0.112732 0.1127 0.00199074
5 0.687874 0.934004 0.113138 0.113921 0.00196953
3 0.439352 0.189134 0.111722 0.112653 0.00196629
3 0.31546 0.561167 0.112638 0.113156 0.00194807
3 0.936978 0.436498 0.110075 0.112946 0.00194111
13 0.688113 0.933992 0.111578 0.111579 0.00192109
6 0.4394 0.685288 0.11164 0.11242 0.00190268
1 0.688199 0.685353 0.113402 0.112867 0.00186925
5 0.936021 0.685396 0.114179 0.114329 0.00185507
7 0.191465 0.313433 0.112175 0.112742 0.00184955
12 0.687428 0.064632 0.11162 0.112089 0.00180177
2 0.688005 0.561248 0.110958 0.112518 0.00179751
3 0.812194 0.313861 0.110754 0.112492 0.00179462
6 0.0673066 0.437983 0.113504 0.113733 0.0017673
1 0.191564 0.933293 0.111542 0.113174 0.00175032
12 0.812037 0.189065 0.111539 0.11199 0.00173012
11 0.439508 0.312875 0.111215 0.111723 0.00171365
13 0.0663685 0.312707 0.112352 0.112674 0.00170449
1 0.439765 0.809217 0.11284 0.112402 0.00169503
5 0.813032 0.684752 0.112647 0.112241 0.00167379
13 0.191188 0.189003 0.112168 0.111726 0.00166573
5 0.563561 0.189373 0.112376 0.112524 0.00164786
4 0.811457 0.809484 0.113567 0.11279 0.00162475
4 0.688143 0.064914 0.112115 0.112933 0.00159962
2 0.688161 0.0650948 0.111141 0.112005 0.00159112
13 0.315078 0.436898 0.111412 0.112444 0.00150951
3 0.191359 0.809772 0.113209 0.112435 0.00149402
12 0.191564 0.933293 0.111542 0.113174 0.00148076
7 0.439724 0.685218 0.111704 0.112457 0.0014804
10 0.316004 0.933547 0.112119 0.112037 0.00146745
6 0.936695 0.809952 0.113871 0.111865 0.0014512
0 0.0669109 0.685331 0.113038 0.112772 0.00145041
7 0.315049 0.436428 0.110687 0.113592 0.0014391
4 0.439853 0.437856 0.112896 0.112002 0.00143618
5 0.811417 0.313237 0.113222 0.111376 0.00143177
12 0.439668 0.933628 0.111762 0.113133 0.00141641
10 0.563507 0.0652699 0.11293 0.111609 0.00141194
11 0.687874 0.934004 0.113138 0.113921 0.00140156
0 0.812977 0.189348 0.113297 0.113054 0.00139724
3 0.564394 0.437102 0.111305 0.113035 0.00137316
4 0.68802 0.313185 0.111919 0.111586 0.00130962
5 0.811528 0.437158 0.11338 0.11155 0.0013053
13 0.811653 0.685611 0.111749 0.111719 0.00130288
7 0.439755 0.064565 0.111201 0.111457 0.00129939
2 0.439674 0.685358 0.111765 0.112664 0.00129564
7 0.936715 0.810024 0.112729 0.112149 0.00129437
1 0.0664933 0.809188 0.112239 0.111796 0.00124511
10 0.439592 0.437529 0.112301 0.113061 0.0012424
7 0.563594 0.189138 0.111967 0.113434 0.00122804
12 0.315434 0.437145 0.112452 0.112683 0.0012271
6 0.0664933 0.809188 0.112239 0.111796 0.00122208
12 0.066724 0.43737 0.11242 0.112856 0.00119921
1 0.191333 0.809289 0.112865 0.111484 0.00119904
1 0.687618 0.0646552 0.111896 0.112888 0.00119502
12 0.687874 0.934004 0.113138 0.113921 0.00117914
4 0.812041 0.313656 0.111139 0.111142 0.00117165
7 0.688423 0.933576 0.113111 0.114165 0.00117028
6 0.936862 0.436444 0.111023 0.112404 0.00116742
10 0.563419 0.685486 0.11176 0.112508 0.00116385
4 0.439703 0.561107 0.112133 0.113122 0.0011618
5 0.688201 0.0646858 0.111968 0.111953 0.00115976
8 0.191011 0.437952 0.109069 0.108984 0.00115645
5 0.688142 0.189172 0.113499 0.113011 0.00115499
4 0.688423 0.933576 0.113111 0.114165 0.00115185
4 0.315529 0.189186 0.112253 0.113524 0.0011466
10 0.0665449 0.933571 0.113359 0.113234 0.00114384
10 0.811709 0.933746 0.111407 0.112143 0.00114258
6 0.439755 0.064565 0.111201 0.111457 0.00113964
4 0.06713 0.685464 0.112976 0.112579 0.00113864
7 0.19165 0.561108 0.112048 0.112426 0.00113724
6 0.191183 0.685651 0.111611 0.112395 0.00113513
4 0.936564 0.56067 0.113674 0.112457 0.00113021
3 0.688306 0.685183 0.111445 0.112249 0.00112332
12 0.191961 0.313243 0.112269 0.112484 0.00111924
7 0.811399 0.0640661 0.110392 0.113116 0.00110799
11 0.811525 0.189201 0.112161 0.113236 0.0010888
12 0.191959 0.188893 0.112172 0.112049 0.00108393
3 0.936695 0.809952 0.113871 0.111865 0.00107672
4 0.688272 0.189424 0.110989 0.11224 0.00106975
5 0.191186 0.3134 0.111655 0.111832 0.00106389
13 0.563154 0.933877 0.110611 0.113161 0.00106188
9 0.439668 0.933628 0.111762 0.113133 0.00106038
7 0.191351 0.188717 0.112664 0.113554 0.00104642
3 0.439518 0.809798 0.11248 0.112871 0.00104272
4 0.68767 0.56091 0.112445 0.11305 0.00104008
13 0.066821 0.934399 0.113892 0.113948 0.00103738
13 0.315771 0.933971 0.111477 0.112727 0.00103293
5 0.688199 0.685353 0.113402 0.112867 0.00102266
3 0.438985 0.436627 0.112229 0.110705 0.00100967
8 0.935498 0.188829 0.112097 0.111544 0.00100709
12 0.811849 0.685499 0.113343 0.11221 0.00100154
