9 0.315143 0.809471 0.1118 0.112345 0.98724
5 0.315705 0.934384 0.110655 0.112416 0.986468
3 0.315231 0.685248 0.113082 0.112829 0.985843
7 0.190942 0.0652314 0.111181 0.111129 0.985591
7 0.439644 0.809741 0.11175 0.112141 0.985576
6 0.563723 0.809376 0.111819 0.112925 0.984926
12 0.439792 0.933903 0.111708 0.113502 0.984847
2 0.439127 0.0649878 0.111921 0.113085 0.9847
9 0.314915 0.0647736 0.111699 0.11284 0.98458
9 0.0674956 0.561833 0.111635 0.112609 0.984142
2 0.563333 0.0651074 0.11185 0.113035 0.983982
4 0.19184 0.561183 0.112234 0.112842 0.983916
9 0.0677272 0.0650187 0.112827 0.112755 0.983915
7 0.191371 0.437716 0.111823 0.112267 0.983761
1 0.563559 0.933963 0.111817 0.11327 0.983759
4 0.0671277 0.437266 0.113679 0.113122 0.983745
6 0.0676233 0.685645 0.112667 0.112086 0.983648
10 0.439831 0.685267 0.1116 0.112508 0.983592
3 0.191106 0.189165 0.110988 0.113246 0.983479
4 0.19155 0.933572 0.111289 0.112967 0.983354
4 0.935983 0.934332 0.113726 0.113177 0.982836
3 0.936356 0.8097 0.11378 0.113173 0.982652
13 0.31519 0.189313 0.113287 0.112205 0.982648
13 0.315252 0.561306 0.112646 0.111382 0.982549
7 0.812362 0.809615 0.113007 0.112956 0.982535
6 0.56397 0.685017 0.11111 0.112249 0.982374
1 0.066668 0.934164 0.11225 0.112908 0.982328
1 0.191187 0.809585 0.11153 0.111981 0.982284
11 0.31542 0.43706 0.111932 0.111431 0.982254
6 0.935486 0.0652627 0.113246 0.113519 0.982124
4 0.439504 0.189023 0.113247 0.113376 0.982001
7 0.439467 0.313443 0.113201 0.112855 0.981926
11 0.0669757 0.188762 0.112458 0.111715 0.981764
2 0.191186 0.313111 0.11204 0.11256 0.981469
2 0.0668928 0.313049 0.112777 0.112591 0.981195
10 0.439507 0.560654 0.112608 0.111457 0.981159
6 0.811437 0.0653255 0.112342 0.112883 0.981033
0 0.687951 0.933261 0.11219 0.112729 0.980567
12 0.812637 0.933604 0.111253 0.113592 0.980518
0 0.314968 0.312468 0.112383 0.112642 0.980506
13 0.563374 0.313219 0.112464 0.11289 0.979978
12 0.687665 0.188655 0.112134 0.111889 0.979825
11 0.563469 0.188885 0.11122 0.11285 0.97976
1 0.687695 0.809636 0.111623 0.113018 0.979554
12 0.687447 0.685517 0.111799 0.111527 0.979078
1 0.812264 0.437077 0.113031 0.112978 0.979026
4 0.812448 0.312944 0.113161 0.113485 0.978989
0 0.563361 0.561165 0.111996 0.113762 0.978972
7 0.563678 0.437428 0.112278 0.113112 0.978908
1 0.812246 0.685271 0.113493 0.112957 0.978904
13 0.812016 0.561534 0.113014 0.113418 0.978895
12 0.68793 0.561358 0.111821 0.113052 0.978779
6 0.935616 0.188969 0.111391 0.111419 0.978647
13 0.81163 0.188944 0.112577 0.113112 0.978573
11 0.687434 0.0653432 0.111334 0.112458 0.978524
7 0.687829 0.313092 0.112186 0.113141 0.978289
9 0.936387 0.437337 0.111066 0.111727 0.978266
3 0.936123 0.685803 0.112002 0.112915 0.978158
0 0.687302 0.436986 0.111945 0.112905 0.978049
0 0.439068 0.437297 0.111561 0.113088 0.977981
8 0.067367 0.809742 0.111911 0.112065 0.977397
7 0.93686 0.561517 0.112888 0.113261 0.977226
8 0.191188 0.685279 0.112055 0.11244 0.976806
7 0.936886 0.313043 0.112658 0.112884 0.976721
2 0.191022 0.685506 0.111617 0.112384 0.0273752
1 0.687347 0.436629 0.112627 0.112842 0.0130406
3 0.936151 0.4373 0.111794 0.11448 0.0123794
1 0.439043 0.437288 0.111435 0.111732 0.0107505
2 0.0667888 0.809391 0.114261 0.113221 0.00907038
5 0.687711 0.0653724 0.111314 0.11206 0.00810917
12 0.811598 0.810135 0.112707 0.113628 0.00704301
7 0.191572 0.933256 0.111541 0.112193 0.00672239
6 0.687567 0.561147 0.111628 0.112204 0.00599528
12 0.936372 0.313266 0.112587 0.113796 0.00559007
1 0.812476 0.312907 0.113108 0.11411 0.00522232
12 0.68683 0.313262 0.110085 0.112881 0.00492304
12 0.93617 0.437299 0.111785 0.113911 0.00438566
12 0.936349 0.561635 0.112753 0.113836 0.00406192
13 0.191394 0.436605 0.110432 0.111559 0.00401296
12 0.811476 0.188555 0.111967 0.112233 0.00377383
0 0.812321 0.436313 0.113008 0.112496 0.00354753
1 0.0668695 0.313538 0.112354 0.112605 0.00349866
12 0.564026 0.43666 0.110687 0.111413 0.00347781
0 0.688141 0.809179 0.110968 0.11151 0.00325048
12 0.81141 0.561629 0.111866 0.11269 0.0031291
5 0.563858 0.189539 0.111042 0.111699 0.00303713
1 0.19105 0.313606 0.111245 0.111925 0.0030238
7 0.439355 0.189088 0.111931 0.112747 0.002949
4 0.440123 0.560993 0.112094 0.112928 0.00287795
3 0.935928 0.064635 0.112021 0.113469 0.00283209
1 0.0672573 0.436999 0.114454 0.113225 0.00282071
1 0.563554 0.560926 0.112263 0.113347 0.00277616
12 0.191047 0.436559 0.11049 0.110844 0.00270127
13 0.439263 0.685314 0.111852 0.111566 0.00268072
10 0.812816 0.933716 0.110957 0.112851 0.00264429
6 0.936236 0.685927 0.11156 0.113836 0.00259511
4 0.439831 0.685267 0.1116 0.112508 0.00252316
1 0.191688 0.561172 0.113458 0.113751 0.00248786
3 0.56415 0.809027 0.111487 0.112767 0.00246685
7 0.190976 0.560757 0.111914 0.112311 0.00242141
6 0.811578 0.809752 0.113737 0.113563 0.00237678
3 0.56439 0.685137 0.110891 0.11168 0.00236853
3 0.81167 0.0645965 0.111241 0.113201 0.00234867
3 0.0676233 0.685645 0.112667 0.112086 0.0023369
1 0.439911 0.189229 0.113013 0.113045 0.0023368
12 0.0676801 0.0648317 0.112796 0.113036 0.00227055
13 0.812123 0.934057 0.112508 0.112243 0.00223413
6 0.191572 0.933256 0.111541 0.112193 0.0021989
7 0.811683 0.312162 0.112504 0.115146 0.00219343
6 0.936106 0.81023 0.111307 0.113693 0.00216529
6 0.936265 0.561293 0.112841 0.113351 0.00216412
6 0.688128 0.685602 0.11189 0.111147 0.00213459
3 0.315143 0.809471 0.1118 0.112345 0.00213215
1 0.93622 0.933902 0.112893 0.114387 0.00212187
3 0.935886 0.189011 0.111913 0.112938 0.00206515
1 0.687951 0.933261 0.11219 0.112729 0.00201747
12 0.315267 0.0647497 0.112495 0.11233 0.00200679
9 0.686759 0.0645733 0.110679 0.112922 0.00200346
1 0.563564 0.0644463 0.112161 0.113548 0.00199178
0 0.812081 0.685152 0.112537 0.112476 0.00197075
9 0.813111 0.933816 0.108781 0.112354 0.00193863
0 0.563515 0.93372 0.110727 0.11202 0.00193119
2 0.688173 0.809491 0.112289 0.112572 0.00192109
6 0.191553 0.18889 0.111815 0.111936 0.00188314
13 0.686934 0.312875 0.112273 0.112113 0.00184633
10 0.315378 0.561109 0.111802 0.113107 0.00183161
4 0.936741 0.561139 0.113009 0.112563 0.00177373
12 0.191231 0.188417 0.11162 0.111916 0.00177175
6 0.439928 0.933879 0.111017 0.11286 0.00176132
1 0.191445 0.933637 0.112765 0.113501 0.00176054
13 0.439428 0.560882 0.111342 0.112036 0.00175013
13 0.066484 0.189226 0.11301 0.111242 0.00174195
1 0.439395 0.0643767 0.111547 0.11403 0.00170878
3 0.191488 0.313352 0.111947 0.111727 0.00169288
5 0.43944 0.0644353 0.111532 0.111759 0.00169067
7 0.563762 0.313452 0.112574 0.113575 0.00166026
2 0.688125 0.0647179 0.111429 0.111679 0.00165103
11 0.191077 0.685213 0.112022 0.111468 0.00163645
6 0.688109 0.313209 0.111459 0.113965 0.0016317
7 0.935715 0.933925 0.112041 0.112557 0.0016104
4 0.44002 0.809263 0.11175 0.112587 0.00160978
5 0.315183 0.436953 0.111759 0.11178 0.00160218
12 0.0673939 0.561033 0.112022 0.114541 0.00160117
7 0.439581 0.560828 0.112586 0.112484 0.00159596
12 0.315125 0.561295 0.112477 0.112565 0.00158132
8 0.688113 0.0645235 0.110709 0.113019 0.00157673
4 0.936358 0.313761 0.113141 0.112081 0.00156573
7 0.0663184 0.436475 0.111999 0.112645 0.00156282
7 0.439765 0.685064 0.11305 0.112545 0.00156222
5 0.0667621 0.189487 0.112984 0.111998 0.00155453
9 0.936321 0.809478 0.11268 0.113947 0.00154111
1 0.936499 0.810014 0.111902 0.112181 0.00153682
13 0.564202 0.436697 0.110443 0.112866 0.0015346
10 0.066484 0.189226 0.11301 0.111242 0.00151936
0 0.191093 0.809466 0.111971 0.112586 0.00151233
12 0.440318 0.685385 0.111965 0.112553 0.00149055
5 0.0662479 0.313195 0.113057 0.112077 0.00147103
7 0.688121 0.561567 0.110087 0.112189 0.00144362
5 0.191614 0.313217 0.111474 0.111297 0.00143859
7 0.811462 0.189531 0.11306 0.113451 0.00143733
10 0.315533 0.436779 0.110893 0.110728 0.00143541
12 0.439686 0.313477 0.112296 0.112391 0.0014236
12 0.936106 0.81023 0.111307 0.113693 0.00142164
12 0.440123 0.560993 0.112094 0.112928 0.00142163
12 0.315754 0.809359 0.112175 0.112882 0.0013801
6 0.93629 0.313042 0.113172 0.113434 0.00137871
6 0.811602 0.312892 0.114212 0.113281 0.00137354
6 0.564224 0.43796 0.110628 0.112858 0.00135854
0 0.0666306 0.93404 0.113168 0.113289 0.00132239
10 0.315122 0.934179 0.111576 0.111782 0.00131299
12 0.936236 0.685927 0.11156 0.113836 0.00129468
0 0.688109 0.188858 0.112465 0.112315 0.00129263
13 0.811683 0.809748 0.112552 0.114062 0.00128075
10 0.686871 0.0647603 0.110386 0.110403 0.0012786
1 0.0668164 0.685224 0.114016 0.113142 0.00126594
10 0.93622 0.933902 0.112893 0.114387 0.00124368
4 0.191265 0.43738 0.112494 0.11194 0.00121671
4 0.812081 0.685152 0.112537 0.112476 0.0012167
1 0.315289 0.685537 0.112106 0.112601 0.0012059
3 0.0662309 0.312753 0.113311 0.112806 0.00120199
5 0.563594 0.0647197 0.11294 0.11243 0.00118333
0 0.0673939 0.561033 0.112022 0.114541 0.00117674
4 0.687834 0.809626 0.111841 0.112767 0.00117065
1 0.936449 0.685649 0.11197 0.112449 0.00116969
2 0.812476 0.312907 0.113108 0.11411 0.00116276
6 0.439355 0.189088 0.111931 0.112747 0.00116061
7 0.81194 0.561043 0.113404 0.113506 0.00114785
13 0.937575 0.561179 0.112589 0.113305 0.00113092
7 0.315348 0.189313 0.112131 0.113115 0.00112665
1 0.191553 0.18889 0.111815 0.111936 0.0011207
6 0.935983 0.934332 0.113726 0.113177 0.00110873
12 0.191202 0.0648255 0.112675 0.111877 0.00109103
11 0.0675805 0.809709 0.112909 0.114275 0.00108095
0 0.813142 0.933596 0.10893 0.111733 0.00107331
7 0.439928 0.933879 0.111017 0.11286 0.00107194
6 0.688173 0.809491 0.112289 0.112572 0.00106953
4 0.563515 0.93372 0.110727 0.11202 0.00106653
12 0.31511 0.188625 0.111802 0.111989 0.00105239
1 0.56385 0.685542 0.111308 0.112654 0.00104942
0 0.688192 0.6856 0.112132 0.112216 0.00103915
10 0.936673 0.313407 0.112067 0.113985 0.00103896
0 0.936815 0.438022 0.112613 0.116919 0.00103861
4 0.812709 0.809025 0.113296 0.113408 0.00103453
7 0.811715 0.933714 0.111204 0.112015 0.00102481
4 0.564224 0.43796 0.110628 0.112858 0.00101566
3 0.0673939 0.561033 0.112022 0.114541 0.00100785
