9 0.315327 0.809744 0.11222 0.111792 0.98782
4 0.191758 0.809639 0.11173 0.111539 0.986769
4 0.191599 0.934009 0.111718 0.1126 0.986584
2 0.315525 0.685467 0.112229 0.112069 0.986503
8 0.563642 0.809845 0.112204 0.112629 0.986498
8 0.5634 0.933991 0.111606 0.112488 0.986385
8 0.439064 0.0651114 0.111586 0.112048 0.984967
4 0.191601 0.685701 0.112598 0.111186 0.984471
9 0.190828 0.0647398 0.112385 0.111885 0.984425
10 0.0674601 0.809583 0.112768 0.111968 0.984162
9 0.315797 0.18886 0.111909 0.111483 0.984007
1 0.315798 0.933631 0.112319 0.112893 0.983962
6 0.936585 0.809592 0.112092 0.111186 0.983873
6 0.81189 0.933749 0.111845 0.112126 0.983711
8 0.811903 0.809861 0.113342 0.113271 0.983657
9 0.315642 0.437495 0.111451 0.112541 0.983602
9 0.687886 0.685461 0.112233 0.111926 0.983528
3 0.191422 0.437692 0.110986 0.111697 0.983311
11 0.0666435 0.561536 0.113838 0.113191 0.983218
13 0.0663448 0.0649063 0.111929 0.111955 0.983089
6 0.687715 0.809754 0.111775 0.112055 0.983084
0 0.439954 0.933755 0.112365 0.112789 0.98298
7 0.0669458 0.313565 0.113347 0.113088 0.982727
11 0.0667569 0.934055 0.113611 0.114716 0.982655
3 0.315589 0.313624 0.111086 0.111573 0.982608
7 0.19182 0.313171 0.111969 0.112407 0.982087
4 0.687939 0.934259 0.113065 0.113623 0.982031
11 0.0658812 0.189313 0.112323 0.111689 0.981924
11 0.315488 0.561246 0.112988 0.112158 0.981886
13 0.439696 0.313494 0.111614 0.111493 0.981835
12 0.439628 0.68546 0.111282 0.112257 0.981634
11 0.191057 0.188922 0.112958 0.113217 0.981623
13 0.439729 0.189396 0.112377 0.112252 0.981594
12 0.315457 0.0645096 0.11114 0.112205 0.981538
2 0.19127 0.561359 0.111783 0.112317 0.981323
13 0.439953 0.809622 0.111595 0.112282 0.981116
9 0.563652 0.189252 0.111102 0.112802 0.980962
0 0.936009 0.685043 0.11324 0.111575 0.980818
12 0.936555 0.93355 0.111936 0.112984 0.980782
4 0.563746 0.065011 0.112377 0.11284 0.980752
13 0.067276 0.685436 0.112373 0.111241 0.980629
11 0.43955 0.561096 0.111956 0.113718 0.979869
9 0.687592 0.437226 0.111532 0.111432 0.979813
4 0.564219 0.685256 0.112614 0.112864 0.979557
10 0.563881 0.312983 0.112644 0.11345 0.979446
0 0.439421 0.437498 0.111933 0.112097 0.979418
6 0.688435 0.313069 0.111532 0.111958 0.97928
13 0.687847 0.189294 0.112309 0.112581 0.979219
1 0.687941 0.0645597 0.111788 0.113926 0.979165
7 0.56382 0.561654 0.112028 0.112685 0.978967
4 0.81258 0.685251 0.113012 0.11227 0.97893
10 0.812372 0.188548 0.112626 0.113778 0.97881
12 0.812605 0.437181 0.111879 0.112231 0.978419
11 0.811897 0.0650746 0.112618 0.113072 0.978361
3 0.811758 0.561632 0.111124 0.111589 0.978019
11 0.936625 0.561311 0.112485 0.112671 0.977967
4 0.936748 0.0648522 0.113025 0.113619 0.977833
0 0.936163 0.18857 0.112846 0.111647 0.977821
7 0.93648 0.437087 0.112765 0.113339 0.977548
11 0.93671 0.312634 0.112044 0.112167 0.977521
8 0.687808 0.561706 0.112155 0.112619 0.977406
8 0.564035 0.43736 0.111782 0.113059 0.977028
8 0.811915 0.313335 0.110866 0.111845 0.976456
12 0.067147 0.437868 0.112429 0.11215 0.975954
6 0.0674764 0.436715 0.110763 0.111518 0.0294389
5 0.0663295 0.189194 0.111904 0.113094 0.0126543
2 0.687727 0.561496 0.110904 0.113059 0.0105636
10 0.937165 0.561155 0.112508 0.112032 0.00938562
2 0.439335 0.0646122 0.111191 0.112726 0.00917207
7 0.81177 0.93331 0.112081 0.111707 0.00907847
12 0.43989 0.809826 0.111859 0.112079 0.00768487
4 0.81177 0.93331 0.112081 0.111707 0.00600371
4 0.936295 0.809657 0.113059 0.113249 0.00529835
3 0.688459 0.31264 0.111276 0.112123 0.0048872
10 0.936194 0.933579 0.110876 0.112572 0.0048706
0 0.688124 0.0639896 0.111595 0.113404 0.00476267
0 0.688212 0.685268 0.111111 0.111349 0.00464931
9 0.812017 0.314065 0.113297 0.111831 0.00462137
12 0.439837 0.313317 0.111268 0.11171 0.00459532
1 0.191582 0.685829 0.112948 0.112076 0.00459271
7 0.936297 0.809698 0.112101 0.113576 0.00447908
1 0.812593 0.685493 0.112753 0.112355 0.00420807
1 0.936748 0.0648522 0.113025 0.113619 0.0041822
1 0.56409 0.68566 0.11169 0.111671 0.00397152
1 0.563746 0.065011 0.112377 0.11284 0.00390636
1 0.687939 0.934259 0.113065 0.113623 0.00388957
1 0.191769 0.809818 0.112636 0.112585 0.00380468
10 0.81167 0.0647254 0.109677 0.111422 0.00375836
0 0.6882 0.437513 0.111414 0.11183 0.00375221
10 0.0671049 0.560936 0.112747 0.114653 0.003702
12 0.439722 0.189037 0.11185 0.112363 0.00365716
13 0.0667569 0.934055 0.113611 0.114716 0.00354336
11 0.812627 0.809304 0.113449 0.1134 0.0034895
2 0.564124 0.436985 0.111509 0.113795 0.00347411
1 0.191652 0.934203 0.112938 0.113853 0.00344435
12 0.688007 0.189077 0.111779 0.112057 0.00336861
2 0.688175 0.0648577 0.110707 0.112226 0.00333664
13 0.0666435 0.561536 0.113838 0.113191 0.0033267
2 0.812269 0.810138 0.112201 0.115086 0.00312882
8 0.439715 0.561337 0.111469 0.112792 0.00304955
3 0.936585 0.809592 0.112092 0.111186 0.00301379
10 0.936325 0.312624 0.110567 0.112776 0.00286544
4 0.0671168 0.437282 0.112373 0.1113 0.00283426
8 0.688256 0.685289 0.11224 0.112179 0.00270458
2 0.812632 0.313156 0.112765 0.112062 0.00264526
10 0.0672637 0.313504 0.114074 0.114032 0.00258685
6 0.811836 0.438138 0.113632 0.112431 0.00257311
11 0.564268 0.810069 0.111748 0.1134 0.00252663
3 0.687715 0.809754 0.111775 0.112055 0.00251552
0 0.316165 0.437913 0.109979 0.112027 0.00244694
0 0.56338 0.438098 0.110899 0.113168 0.00242058
11 0.688087 0.561365 0.111903 0.112836 0.00235389
12 0.6882 0.437513 0.111414 0.11183 0.00234563
8 0.315663 0.5616 0.112136 0.112326 0.00232649
12 0.0668707 0.68557 0.111089 0.111462 0.00230469
2 0.564116 0.810141 0.111608 0.113728 0.00225567
7 0.688233 0.809186 0.113496 0.11437 0.00222822
11 0.563692 0.43737 0.112485 0.11289 0.00218121
11 0.439974 0.809484 0.110384 0.11199 0.00208426
9 0.811556 0.0645678 0.110619 0.111308 0.00205767
3 0.812001 0.933391 0.11159 0.112676 0.00203813
10 0.191432 0.313487 0.11258 0.112707 0.0020032
4 0.563727 0.313286 0.112055 0.112844 0.00197683
11 0.812158 0.31411 0.113343 0.113258 0.00192741
5 0.0668294 0.933395 0.11334 0.113896 0.00192359
11 0.811706 0.188493 0.111719 0.114003 0.00190714
1 0.439776 0.436826 0.111945 0.112544 0.00188122
8 0.811556 0.0645678 0.110619 0.111308 0.00187393
12 0.93603 0.437185 0.112687 0.113903 0.00187283
3 0.191452 0.561495 0.113864 0.112489 0.00187028
7 0.688159 0.313053 0.111238 0.111409 0.00185655
9 0.564107 0.809249 0.110747 0.1119 0.00182043
8 0.315729 0.437992 0.111531 0.112739 0.00179714
10 0.812778 0.685653 0.111868 0.112732 0.00177813
5 0.191481 0.809543 0.112241 0.111846 0.00175196
2 0.813049 0.562083 0.109402 0.108814 0.00175141
11 0.0673743 0.685604 0.11198 0.11177 0.00173441
7 0.936308 0.0651073 0.1126 0.112941 0.00173028
11 0.06553 0.0650395 0.113337 0.112251 0.00171603
2 0.563471 0.933453 0.110423 0.112116 0.00167951
11 0.564344 0.934007 0.111129 0.112602 0.00165617
5 0.93682 0.313208 0.112282 0.112271 0.00163715
8 0.687989 0.438032 0.10958 0.11186 0.00163276
7 0.93595 0.933381 0.111478 0.114565 0.00161871
13 0.936327 0.561281 0.112738 0.112695 0.0016181
0 0.315684 0.189222 0.111792 0.112012 0.00160119
13 0.935896 0.933564 0.112439 0.114494 0.00157767
6 0.936028 0.437016 0.112138 0.113849 0.00156918
9 0.936426 0.188905 0.113224 0.113246 0.00156894
12 0.812101 0.189182 0.112931 0.112918 0.00156282
10 0.0668294 0.933395 0.11334 0.113896 0.00155673
5 0.812977 0.188663 0.11331 0.113408 0.00154416
4 0.315862 0.933367 0.111229 0.112924 0.00153787
9 0.191644 0.437999 0.1129 0.112403 0.00149613
6 0.19194 0.933814 0.111438 0.11201 0.00149326
6 0.81165 0.561859 0.110613 0.112095 0.00148983
10 0.0656512 0.189378 0.112856 0.111562 0.00148341
1 0.811713 0.561642 0.11165 0.111627 0.00147335
10 0.439596 0.561099 0.11173 0.113428 0.00146804
2 0.191303 0.809544 0.111757 0.111706 0.00146237
9 0.813049 0.562083 0.109402 0.108814 0.00144252
12 0.564239 0.561285 0.110347 0.112229 0.00143425
3 0.688249 0.43757 0.11231 0.112463 0.00141676
10 0.439929 0.313372 0.111355 0.112591 0.0013974
1 0.315939 0.684945 0.11276 0.112692 0.00139216
7 0.81157 0.437906 0.111311 0.112943 0.00138672
12 0.688212 0.685268 0.111111 0.111349 0.00135489
11 0.067127 0.80885 0.113544 0.112304 0.00135167
0 0.315494 0.93345 0.111742 0.111848 0.001334
8 0.936288 0.313411 0.112533 0.111605 0.00131705
0 0.812383 0.313609 0.111522 0.11213 0.00130946
13 0.0658812 0.189313 0.112323 0.111689 0.00129631
5 0.936241 0.561098 0.112325 0.112592 0.00129226
2 0.812593 0.685493 0.112753 0.112355 0.00129026
9 0.812627 0.809304 0.113449 0.1134 0.00128997
12 0.316159 0.436707 0.110808 0.111926 0.00128017
5 0.563642 0.0652894 0.112485 0.111963 0.00127256
10 0.315596 0.561101 0.111934 0.112825 0.00127241
13 0.190903 0.189094 0.112977 0.112642 0.0012661
2 0.191116 0.685545 0.112432 0.111548 0.00126463
1 0.191463 0.437958 0.110736 0.111099 0.00125549
0 0.68815 0.561843 0.111921 0.113215 0.00123428
4 0.0672017 0.313462 0.113702 0.113356 0.00123129
12 0.56386 0.189181 0.110885 0.111385 0.00121437
3 0.812792 0.436574 0.110035 0.111264 0.00120156
8 0.936327 0.561281 0.112738 0.112695 0.00119558
0 0.191375 0.0647448 0.112995 0.112565 0.00119532
1 0.191418 0.561125 0.112387 0.113242 0.0011835
11 0.439929 0.313372 0.111355 0.112591 0.0011825
12 0.563956 0.313749 0.111538 0.112745 0.00117967
6 0.191469 0.685646 0.111816 0.112035 0.00117889
4 0.191372 0.313438 0.112435 0.112627 0.00116734
2 0.936748 0.0648522 0.113025 0.113619 0.00116044
7 0.812586 0.685624 0.112151 0.1115 0.00115934
7 0.564184 0.0649068 0.111592 0.113558 0.00114869
0 0.563744 0.189226 0.110883 0.111592 0.00114827
9 0.0675365 0.809315 0.113127 0.111953 0.0011357
7 0.563727 0.313286 0.112055 0.112844 0.00113528
9 0.936043 0.933679 0.111893 0.110984 0.00113288
8 0.439374 0.933683 0.11218 0.111856 0.00112902
13 0.315663 0.5616 0.112136 0.112326 0.00111987
5 0.0665862 0.560748 0.114212 0.112998 0.00111088
4 0.686907 0.809725 0.112781 0.11143 0.00111005
5 0.191554 0.561181 0.111407 0.111375 0.001107
8 0.191423 0.064699 0.112496 0.112017 0.00109748
9 0.0658338 0.189343 0.111795 0.112609 0.00109158
2 0.191788 0.438033 0.111272 0.11204 0.00109012
2 0.191188 0.934012 0.112366 0.113009 0.00108716
5 0.811924 0.0653377 0.112745 0.113055 0.00108607
7 0.0673965 0.685461 0.112602 0.112033 0.00108363
5 0.563349 0.313039 0.111577 0.111759 0.00108237
13 0.936406 0.313363 0.112241 0.112087 0.00108197
7 0.0669446 0.438198 0.114004 0.111086 0.00107345
7 0.812984 0.188927 0.111807 0.115121 0.00106063
4 0.563792 0.561532 0.112059 0.112459 0.00105663
6 0.191644 0.437999 0.1129 0.112403 0.00104234
9 0.936247 0.685233 0.11205 0.112076 0.00104003
10 0.190862 0.189062 0.11218 0.113717 0.00103628
1 0.315085 0.313505 0.11158 0.112016 0.00103039
9 0.812231 0.189053 0.111725 0.112584 0.00102789
12 0.191788 0.438033 0.111272 0.11204 0.00102746
10 0.066537 0.0652747 0.111058 0.111797 0.0010273
4 0.688088 0.0649611 0.111432 0.113117 0.00102463
12 0.81165 0.561859 0.110613 0.112095 0.00102403
11 0.688101 0.189677 0.11298 0.112826 0.00102362
8 0.191161 0.561386 0.11156 0.112538 0.00101755
9 0.688093 0.561468 0.112287 0.111615 0.00100866
5 0.315708 0.561346 0.112273 0.112441 0.00100578
4 0.937364 0.436496 0.110401 0.112068 0.00100465
5 0.191291 0.189276 0.112828 0.112138 0.0010006
