7 0.439542 0.933959 0.111691 0.11226 0.987345
2 0.563605 0.809738 0.112068 0.113152 0.986392
10 0.563847 0.933903 0.112105 0.114283 0.986085
9 0.31518 0.0647657 0.111315 0.112269 0.985928
13 0.439627 0.809935 0.111793 0.113016 0.985405
13 0.688023 0.933689 0.112181 0.114208 0.98528
7 0.563517 0.0653724 0.111461 0.111875 0.985226
1 0.315524 0.933838 0.111808 0.112168 0.985101
5 0.440336 0.685775 0.110834 0.11228 0.985052
2 0.315196 0.685458 0.112454 0.112288 0.984777
5 0.0673411 0.685788 0.112422 0.112671 0.984609
7 0.0670603 0.31354 0.112458 0.111373 0.984345
7 0.315325 0.18961 0.110636 0.110545 0.984337
13 0.191323 0.437849 0.111564 0.11231 0.983748
13 0.0673858 0.0651014 0.112823 0.113165 0.983605
4 0.315386 0.312971 0.112574 0.112357 0.983507
4 0.315307 0.561019 0.112055 0.11191 0.983334
13 0.315173 0.437535 0.112321 0.11154 0.982925
4 0.191704 0.809449 0.111849 0.112073 0.982861
4 0.0670373 0.934103 0.113008 0.113353 0.982733
6 0.191481 0.561679 0.111272 0.112186 0.982338
1 0.812259 0.933716 0.111924 0.113368 0.982245
5 0.440046 0.0651406 0.110303 0.112195 0.982216
6 0.191556 0.312983 0.112207 0.112552 0.982203
10 0.9358 0.0656478 0.113103 0.113993 0.982137
4 0.0671607 0.809817 0.113155 0.112432 0.982045
4 0.439211 0.312892 0.11243 0.112696 0.981982
10 0.812506 0.809815 0.112425 0.113715 0.981493
12 0.191637 0.0647924 0.111913 0.112707 0.981479
4 0.563919 0.685533 0.111131 0.112396 0.981282
2 0.191723 0.189069 0.110581 0.111529 0.981148
12 0.439761 0.561585 0.112118 0.112937 0.981135
1 0.0668608 0.189084 0.112543 0.11247 0.981096
5 0.936048 0.685492 0.111769 0.110899 0.981089
5 0.440152 0.437969 0.111268 0.112424 0.981082
11 0.687168 0.809749 0.110834 0.112284 0.98091
0 0.191508 0.685329 0.112043 0.111575 0.980603
4 0.936572 0.933882 0.112143 0.111829 0.980486
0 0.315347 0.809377 0.112497 0.112749 0.980404
9 0.563456 0.313628 0.111765 0.111637 0.979939
4 0.563341 0.188655 0.111619 0.113039 0.979831
0 0.191548 0.933071 0.112293 0.112894 0.979739
6 0.687611 0.188857 0.112202 0.111856 0.979329
1 0.687662 0.312996 0.112489 0.113155 0.979173
3 0.687543 0.561284 0.111836 0.112138 0.97895
0 0.811822 0.561261 0.1126 0.112918 0.978892
10 0.688027 0.685125 0.112131 0.112775 0.978821
10 0.812449 0.312747 0.112459 0.112918 0.978713
5 0.936521 0.561104 0.112979 0.113252 0.97868
8 0.0673577 0.437249 0.112004 0.112308 0.978547
0 0.687522 0.437031 0.111771 0.112716 0.978529
7 0.563255 0.437327 0.112188 0.111002 0.978462
11 0.563498 0.560959 0.111677 0.114111 0.978399
8 0.812215 0.0653481 0.1118 0.113056 0.978373
6 0.687707 0.0645938 0.112389 0.112331 0.978275
2 0.936547 0.809964 0.111727 0.110876 0.978245
13 0.812137 0.685672 0.112585 0.112885 0.977914
0 0.936043 0.188828 0.112767 0.111621 0.977869
6 0.93687 0.312962 0.113191 0.111186 0.977566
8 0.812104 0.188701 0.112142 0.111977 0.977554
11 0.81214 0.436987 0.112138 0.113719 0.976848
2 0.936475 0.436737 0.113276 0.112822 0.976788
11 0.439475 0.189322 0.111751 0.11249 0.976132
0 0.0670282 0.561129 0.111803 0.112123 0.975932
1 0.0667722 0.560925 0.114516 0.112348 0.024249
5 0.439398 0.189549 0.111561 0.112544 0.0235839
2 0.0668225 0.43676 0.114226 0.111657 0.0194832
5 0.813096 0.437624 0.110549 0.111675 0.011743
4 0.813019 0.809251 0.112741 0.113961 0.00989267
5 0.687791 0.809882 0.110943 0.111452 0.00651838
1 0.315842 0.561251 0.112304 0.113039 0.00628469
7 0.0666781 0.0648778 0.113089 0.112133 0.00509888
1 0.688233 0.0645006 0.110743 0.112151 0.00482468
1 0.687661 0.436527 0.111986 0.112411 0.00459431
1 0.0668162 0.809327 0.113486 0.112364 0.0042675
3 0.563629 0.31355 0.111673 0.113152 0.00416638
6 0.439755 0.561524 0.112265 0.113411 0.00415864
4 0.688218 0.68551 0.111265 0.112775 0.00404933
2 0.812094 0.18946 0.111552 0.112942 0.00404073
1 0.811803 0.560776 0.112611 0.11297 0.00401788
0 0.688041 0.312414 0.112213 0.112711 0.00384796
4 0.0668224 0.313358 0.112549 0.110351 0.00384223
1 0.688179 0.188781 0.112101 0.112379 0.00375787
0 0.812713 0.933826 0.111249 0.111577 0.00369801
5 0.563295 0.561309 0.11071 0.112534 0.00368503
3 0.936562 0.437232 0.112548 0.11374 0.00365962
12 0.81149 0.685996 0.110721 0.112325 0.00359497
1 0.563919 0.685533 0.111131 0.112396 0.00347346
12 0.439693 0.809779 0.112129 0.112259 0.00346485
6 0.686815 0.561285 0.112698 0.112462 0.00330115
1 0.066775 0.933643 0.113379 0.113247 0.00328713
2 0.812985 0.064432 0.109825 0.112083 0.00326746
1 0.191552 0.809309 0.112002 0.112067 0.00323078
10 0.811572 0.436922 0.11062 0.112741 0.00320741
5 0.813019 0.809251 0.112741 0.113961 0.00317827
4 0.81299 0.313239 0.110677 0.114204 0.00316757
1 0.563515 0.188796 0.111205 0.112652 0.00312797
12 0.563849 0.436479 0.111242 0.111542 0.00305595
7 0.8115 0.685577 0.112877 0.111858 0.00301641
11 0.812001 0.0646914 0.111409 0.112612 0.00296521
12 0.563945 0.313569 0.112141 0.112211 0.00294551
12 0.191451 0.437372 0.111438 0.111448 0.00289613
3 0.1915 0.561438 0.112879 0.113288 0.00269161
1 0.439506 0.313059 0.112035 0.112659 0.00265018
7 0.813041 0.809619 0.111121 0.115269 0.00264332
1 0.315671 0.312979 0.112122 0.112124 0.00256721
10 0.439667 0.0646224 0.111527 0.112011 0.00254997
12 0.315518 0.06483 0.112666 0.112067 0.00254716
1 0.936592 0.436498 0.111589 0.112438 0.00246051
1 0.936076 0.809948 0.1144 0.11383 0.00241572
12 0.3154 0.436962 0.11151 0.111996 0.00237379
2 0.688058 0.5616 0.111677 0.11135 0.00235875
12 0.935679 0.934065 0.11334 0.112275 0.00229911
1 0.191968 0.561114 0.110833 0.11233 0.0022734
2 0.563338 0.189433 0.110598 0.112456 0.00225319
13 0.687901 0.685532 0.111072 0.111972 0.00222401
4 0.564128 0.0648607 0.11169 0.113311 0.00219552
5 0.9361 0.436725 0.114196 0.114018 0.00218488
3 0.936704 0.312981 0.113783 0.113187 0.00218155
7 0.688218 0.68551 0.111265 0.112775 0.00212327
6 0.563954 0.436515 0.110822 0.113036 0.00204743
0 0.0665544 0.188849 0.11168 0.111919 0.00195809
11 0.811898 0.188889 0.111541 0.112429 0.00193231
10 0.563765 0.560974 0.112356 0.113594 0.00189838
2 0.563919 0.685533 0.111131 0.112396 0.00188917
10 0.439282 0.189198 0.111417 0.111955 0.00187013
7 0.439712 0.313185 0.111103 0.111508 0.00186808
2 0.688215 0.809467 0.111355 0.11298 0.0018576
10 0.687404 0.93324 0.112284 0.112249 0.00184982
12 0.687513 0.561331 0.111455 0.112078 0.00183179
1 0.563936 0.809406 0.112555 0.112702 0.00181652
4 0.440007 0.933792 0.111222 0.112103 0.00179816
1 0.315412 0.809328 0.112391 0.11336 0.00178338
2 0.688003 0.313122 0.111683 0.113712 0.00175859
0 0.3156 0.93371 0.111116 0.112516 0.00173112
10 0.936343 0.685605 0.112253 0.112626 0.00172899
7 0.811693 0.312542 0.112523 0.113518 0.00169894
1 0.191354 0.685311 0.112579 0.112019 0.00168143
6 0.066704 0.80947 0.111621 0.111938 0.0016709
4 0.688038 0.561131 0.111897 0.112582 0.00163343
13 0.93664 0.0647288 0.111547 0.112162 0.00163111
7 0.315423 0.437648 0.112209 0.112643 0.00160653
2 0.93623 0.934175 0.112422 0.113479 0.00159728
11 0.687721 0.933397 0.112084 0.114495 0.00159174
10 0.0673343 0.313536 0.11288 0.112338 0.00157223
0 0.81172 0.188668 0.111554 0.112542 0.00156302
1 0.191133 0.189293 0.111343 0.110997 0.00154038
2 0.813137 0.933091 0.111344 0.113407 0.00152118
7 0.439627 0.809935 0.111793 0.113016 0.00151284
3 0.31518 0.0647657 0.111315 0.112269 0.00151048
7 0.935601 0.933762 0.111268 0.111812 0.00150408
0 0.812999 0.065104 0.110281 0.11326 0.00149704
4 0.439808 0.437871 0.112372 0.111263 0.00149653
1 0.93597 0.934056 0.112252 0.112933 0.00148644
3 0.687407 0.0647414 0.112001 0.11395 0.00146954
1 0.936704 0.312981 0.113783 0.113187 0.00145357
10 0.936674 0.56115 0.111978 0.112369 0.00144685
5 0.688171 0.685283 0.110963 0.11215 0.00143261
4 0.564203 0.43681 0.111622 0.112075 0.00140941
2 0.315842 0.561251 0.112304 0.113039 0.00140485
7 0.191532 0.80962 0.112058 0.112199 0.00139916
1 0.315484 0.685075 0.112461 0.111761 0.00138216
6 0.315201 0.561072 0.112131 0.112442 0.00136682
6 0.935982 0.933428 0.112859 0.112764 0.00129833
10 0.439614 0.43756 0.11176 0.11236 0.00128418
7 0.315589 0.312946 0.112202 0.112107 0.00128045
3 0.191119 0.313195 0.111154 0.112435 0.00127588
3 0.93685 0.809707 0.110796 0.11199 0.00127222
7 0.936262 0.0644502 0.11325 0.113754 0.0012659
9 0.935969 0.189213 0.112406 0.112629 0.00126542
5 0.936076 0.809948 0.1144 0.11383 0.00125383
4 0.687739 0.313273 0.111967 0.11242 0.00125281
0 0.563806 0.313605 0.111499 0.112634 0.00124596
3 0.191064 0.188994 0.111552 0.111419 0.00123903
10 0.439631 0.685177 0.111985 0.112649 0.00122001
2 0.191552 0.809309 0.112002 0.112067 0.0012121
0 0.066887 0.438069 0.111992 0.113314 0.00120201
6 0.0666902 0.933602 0.112023 0.112543 0.00119896
10 0.0666861 0.685172 0.112315 0.112768 0.0011969
5 0.811964 0.31271 0.112244 0.112116 0.00119557
2 0.813138 0.437317 0.111186 0.114585 0.00118686
12 0.563548 0.933863 0.112402 0.113913 0.00118572
3 0.936053 0.685757 0.112944 0.113186 0.0011796
12 0.687721 0.933397 0.112084 0.114495 0.00117781
3 0.315196 0.685458 0.112454 0.112288 0.00116452
12 0.315671 0.312979 0.112122 0.112124 0.00116402
11 0.0668225 0.43676 0.114226 0.111657 0.00115972
7 0.688023 0.933689 0.112181 0.114208 0.00115788
3 0.68762 0.188906 0.112564 0.112769 0.0011529
4 0.936007 0.685582 0.11352 0.113872 0.00114578
1 0.687543 0.561284 0.111836 0.112138 0.00114519
10 0.687941 0.809433 0.11282 0.112983 0.00114472
10 0.8115 0.685577 0.112877 0.111858 0.001144
2 0.0668162 0.809327 0.113486 0.112364 0.00113519
13 0.811754 0.312734 0.111429 0.112118 0.00113199
3 0.440109 0.561162 0.112346 0.112936 0.00112959
3 0.564309 0.809435 0.110851 0.112378 0.00112422
5 0.564517 0.809958 0.111994 0.112197 0.00111356
7 0.191584 0.313682 0.111502 0.110987 0.00110758
2 0.439717 0.313482 0.111393 0.112766 0.00110287
12 0.439506 0.313059 0.112035 0.112659 0.00110137
7 0.563802 0.685405 0.112523 0.112518 0.00109545
12 0.563515 0.188796 0.111205 0.112652 0.00107453
4 0.315887 0.189206 0.111545 0.111532 0.00105337
3 0.439567 0.437647 0.111365 0.111745 0.00105254
10 0.19153 0.809541 0.112403 0.112654 0.00104406
1 0.191744 0.313153 0.111744 0.111768 0.00104324
6 0.191069 0.0650365 0.111089 0.112252 0.00103844
9 0.439475 0.189322 0.111751 0.11249 0.00103118
4 0.936547 0.809964 0.111727 0.110876 0.0010277
6 0.0673343 0.313536 0.11288 0.112338 0.00102304
3 0.936673 0.560995 0.113406 0.112602 0.00102181
