5 0.315384 0.809701 0.112048 0.113582 0.986348
2 0.439037 0.0651516 0.111335 0.112391 0.986045
7 0.439315 0.933997 0.112168 0.113168 0.98554
11 0.935976 0.933834 0.113401 0.11274 0.98546
8 0.315204 0.934292 0.112727 0.112522 0.985154
8 0.563249 0.0654406 0.111919 0.112422 0.984993
3 0.315558 0.561614 0.111016 0.112198 0.984339
7 0.564017 0.809521 0.111758 0.112695 0.98409
5 0.191489 0.561509 0.111659 0.11293 0.983953
6 0.191067 0.9337 0.111276 0.11256 0.983947
11 0.191263 0.809244 0.11162 0.112733 0.983809
7 0.56338 0.934027 0.111964 0.113428 0.983803
12 0.688216 0.933699 0.111841 0.113416 0.983714
2 0.0672465 0.68563 0.112322 0.112649 0.98364
3 0.0674341 0.561739 0.111997 0.112236 0.983519
2 0.0674802 0.809753 0.11256 0.113185 0.983473
2 0.687455 0.0654032 0.110733 0.112069 0.983368
5 0.191365 0.43763 0.112141 0.112961 0.983287
9 0.067167 0.313087 0.11311 0.111664 0.983272
2 0.811587 0.934034 0.111728 0.112582 0.983268
11 0.439388 0.685126 0.111327 0.112151 0.983064
8 0.0667347 0.437721 0.113051 0.112606 0.983063
7 0.314927 0.0647893 0.11195 0.112124 0.98298
11 0.19113 0.685446 0.111475 0.112305 0.982944
7 0.687819 0.809731 0.111487 0.112564 0.982909
3 0.439964 0.561273 0.110774 0.111918 0.982777
11 0.935566 0.0653899 0.113246 0.113085 0.982603
13 0.315865 0.313103 0.111066 0.111453 0.982504
6 0.0662372 0.934021 0.112556 0.112866 0.982278
1 0.315208 0.685576 0.111932 0.112203 0.982193
4 0.19163 0.0649736 0.112818 0.112926 0.982017
1 0.439624 0.809672 0.112293 0.113351 0.981907
3 0.0672098 0.188835 0.111721 0.110976 0.981879
4 0.812476 0.80969 0.113395 0.113447 0.981144
12 0.191357 0.313546 0.11189 0.111763 0.981056
2 0.190649 0.189316 0.112268 0.112498 0.981014
7 0.812087 0.0655174 0.112783 0.112505 0.980914
5 0.439099 0.18936 0.111964 0.113522 0.980812
6 0.315806 0.188595 0.111225 0.112139 0.98049
7 0.439395 0.437417 0.113495 0.112123 0.980432
6 0.315012 0.437243 0.111356 0.111672 0.980271
11 0.439571 0.313038 0.112895 0.113013 0.980017
10 0.936576 0.809484 0.113765 0.112604 0.979785
13 0.563591 0.189263 0.11187 0.112441 0.979325
6 0.812408 0.685576 0.111936 0.111305 0.979283
11 0.563516 0.312935 0.11159 0.11323 0.979191
9 0.811976 0.188927 0.1114 0.112492 0.978993
12 0.563673 0.685548 0.112228 0.112073 0.978971
13 0.687542 0.561695 0.112467 0.112757 0.978959
13 0.68759 0.189198 0.112053 0.112444 0.978939
6 0.687955 0.312906 0.112114 0.111986 0.978896
10 0.812138 0.312929 0.113136 0.11349 0.978758
0 0.563421 0.561125 0.11169 0.112967 0.978729
7 0.563671 0.437344 0.112268 0.112559 0.978691
10 0.936501 0.436862 0.113673 0.114067 0.978651
0 0.811987 0.561421 0.112498 0.112843 0.978632
4 0.936387 0.685052 0.113441 0.112285 0.978495
10 0.8123 0.436868 0.112572 0.113294 0.978347
13 0.936478 0.561711 0.113096 0.112755 0.978301
5 0.687708 0.436915 0.112359 0.113335 0.978286
0 0.0673631 0.0644057 0.112062 0.112722 0.978025
2 0.68715 0.685581 0.111112 0.112276 0.977968
2 0.936219 0.188802 0.11285 0.113174 0.977298
8 0.936583 0.313372 0.111321 0.111919 0.976946
2 0.0664323 0.437416 0.114456 0.111732 0.0107159
1 0.0668627 0.063443 0.113027 0.112501 0.0104364
4 0.811465 0.685571 0.111646 0.111118 0.00733297
10 0.93606 0.933689 0.110925 0.112306 0.00555746
8 0.811743 0.933367 0.112244 0.112062 0.00541648
3 0.687912 0.31237 0.111439 0.112137 0.00508113
2 0.563456 0.0649134 0.111939 0.113056 0.00432779
12 0.686631 0.561845 0.110124 0.111077 0.00431966
1 0.936464 0.685398 0.113465 0.112926 0.00408725
8 0.439916 0.685218 0.111265 0.112328 0.00400491
12 0.687703 0.189209 0.11161 0.112124 0.00397203
3 0.811492 0.6854 0.112318 0.111142 0.00388531
12 0.936227 0.561766 0.110985 0.113113 0.00378213
7 0.811487 0.685495 0.110201 0.111838 0.00373513
10 0.81236 0.809493 0.112488 0.112385 0.00362822
3 0.191007 0.933487 0.111392 0.112484 0.00353306
3 0.935689 0.189642 0.112117 0.112777 0.00349004
1 0.191 0.0648982 0.110947 0.111178 0.00330352
3 0.0665218 0.685375 0.114767 0.112617 0.00326186
10 0.688008 0.933583 0.109551 0.113264 0.00320398
9 0.935903 0.313487 0.113433 0.111319 0.00320378
1 0.812212 0.809677 0.113028 0.1131 0.00319445
3 0.315161 0.18824 0.110627 0.112344 0.00318916
8 0.0673814 0.313505 0.111833 0.112307 0.00314554
0 0.0673128 0.313519 0.112655 0.112745 0.00310708
2 0.936185 0.312886 0.111173 0.113683 0.00308726
3 0.688007 0.685374 0.111861 0.112252 0.00306381
12 0.811485 0.0650871 0.111426 0.113236 0.00301561
1 0.68817 0.0646669 0.111713 0.112866 0.00296759
9 0.936493 0.809242 0.112393 0.111115 0.00286991
13 0.936043 0.437051 0.111891 0.111265 0.0028425
11 0.811606 0.436781 0.111587 0.113328 0.00283984
0 0.0666473 0.438157 0.111922 0.114329 0.00283028
3 0.315174 0.437152 0.111388 0.111829 0.00282784
11 0.811529 0.312893 0.112495 0.113864 0.00281926
6 0.563941 0.685139 0.1107 0.111692 0.00277875
13 0.440168 0.436691 0.110752 0.111453 0.00275669
5 0.935994 0.188888 0.113742 0.113343 0.00272448
3 0.0663879 0.93356 0.112161 0.112663 0.00267553
3 0.0667376 0.809741 0.114493 0.112542 0.00266843
4 0.563358 0.933779 0.112881 0.113912 0.00264231
5 0.686761 0.685772 0.114721 0.11044 0.00259076
2 0.688136 0.43736 0.112207 0.113262 0.00257683
13 0.936191 0.933688 0.112954 0.114201 0.0025298
8 0.688156 0.68571 0.11028 0.112422 0.00249757
12 0.563655 0.188987 0.111479 0.112208 0.00248372
11 0.563456 0.0649134 0.111939 0.113056 0.00245599
1 0.315996 0.436817 0.109214 0.111751 0.00243628
0 0.812966 0.189011 0.109847 0.112404 0.00235207
11 0.686793 0.437223 0.111497 0.110994 0.00226392
6 0.686764 0.810172 0.111671 0.11274 0.00226366
13 0.19113 0.685446 0.111475 0.112305 0.00224932
12 0.686764 0.810172 0.111671 0.11274 0.00221948
4 0.439581 0.933838 0.11259 0.113735 0.00220245
3 0.688136 0.43736 0.112207 0.113262 0.00218576
5 0.811633 0.933192 0.113452 0.111098 0.00215177
9 0.688339 0.933107 0.113446 0.112695 0.00213871
1 0.811917 0.560826 0.112015 0.112589 0.00212101
1 0.688145 0.685439 0.112489 0.113316 0.00210107
9 0.812044 0.437322 0.112015 0.111812 0.00197954
4 0.686837 0.313163 0.112425 0.111487 0.00197851
10 0.439417 0.437873 0.111491 0.111962 0.00197343
9 0.936157 0.436967 0.113381 0.112322 0.00196766
8 0.563953 0.313544 0.112029 0.112613 0.00192617
8 0.936191 0.933688 0.112954 0.114201 0.0019087
12 0.812044 0.437322 0.112015 0.111812 0.00190823
10 0.935946 0.0647008 0.111614 0.112779 0.00185885
3 0.687859 0.0656834 0.111514 0.112467 0.00182086
8 0.19113 0.685446 0.111475 0.112305 0.00178523
8 0.68818 0.0648975 0.110552 0.11291 0.00177137
1 0.936375 0.188714 0.112711 0.11241 0.00176649
2 0.0668134 0.561363 0.114515 0.111753 0.00174367
5 0.68817 0.0646669 0.111713 0.112866 0.00174217
12 0.439924 0.436671 0.110567 0.11026 0.00173959
9 0.811858 0.313362 0.112505 0.11231 0.0017335
4 0.564151 0.809307 0.112177 0.11329 0.00170534
0 0.936342 0.313397 0.111114 0.112885 0.00168729
6 0.811564 0.0648184 0.111799 0.113558 0.00166308
7 0.936183 0.685408 0.112542 0.111614 0.00165229
1 0.563684 0.560812 0.111776 0.112575 0.00162541
1 0.315161 0.18824 0.110627 0.112344 0.00162462
12 0.315249 0.313588 0.111126 0.111365 0.00162131
11 0.811743 0.933367 0.112244 0.112062 0.00161272
4 0.0663879 0.93356 0.112161 0.112663 0.00160698
1 0.439541 0.0645828 0.111795 0.113424 0.00159333
5 0.936115 0.809676 0.111832 0.112264 0.00156409
12 0.564192 0.436596 0.109868 0.110165 0.00155392
5 0.0671049 0.561067 0.112764 0.113036 0.00154713
11 0.687748 0.561724 0.113099 0.112369 0.00154422
1 0.315046 0.561599 0.112092 0.111987 0.00153911
13 0.563404 0.313615 0.111902 0.113065 0.0015236
1 0.812332 0.933396 0.112776 0.113205 0.00151502
5 0.811422 0.437287 0.111554 0.111805 0.00151315
10 0.439428 0.189421 0.112287 0.11308 0.00151153
4 0.687957 0.809385 0.112436 0.112731 0.00150274
8 0.439907 0.3133 0.111897 0.112595 0.00149638
8 0.811553 0.18917 0.110493 0.11245 0.00147609
7 0.687958 0.313395 0.112261 0.111459 0.00145853
4 0.564052 0.437938 0.111618 0.112529 0.00143782
13 0.191263 0.809244 0.11162 0.112733 0.00143762
12 0.936004 0.43685 0.114851 0.113192 0.00142521
11 0.31604 0.934339 0.112626 0.112685 0.00140411
7 0.191659 0.0650021 0.112025 0.112483 0.00140306
7 0.937081 0.561195 0.111502 0.112181 0.0013958
12 0.81169 0.313473 0.113334 0.112935 0.0013909
11 0.0664323 0.437416 0.114456 0.111732 0.00136993
2 0.81236 0.809493 0.112488 0.112385 0.00136846
2 0.315815 0.934391 0.112625 0.113094 0.00135933
8 0.191263 0.809244 0.11162 0.112733 0.00134595
5 0.0672405 0.809686 0.113884 0.113749 0.00133211
5 0.0673413 0.685238 0.11329 0.113834 0.00132827
12 0.812059 0.189038 0.111193 0.111237 0.00132687
4 0.439894 0.43795 0.112452 0.112745 0.00132461
5 0.191014 0.189238 0.112303 0.112036 0.00131975
11 0.936854 0.436424 0.112497 0.113961 0.00131267
0 0.439805 0.809562 0.112185 0.113523 0.00131173
11 0.687811 0.189695 0.113057 0.112922 0.00128966
1 0.0663879 0.93356 0.112161 0.112663 0.00127519
10 0.563497 0.437859 0.11083 0.111559 0.00127318
4 0.315161 0.18824 0.110627 0.112344 0.00127194
7 0.191067 0.9337 0.111276 0.11256 0.00126938
1 0.0666634 0.561672 0.11228 0.111798 0.00126771
4 0.191216 0.43784 0.112511 0.109995 0.00125826
4 0.688136 0.43736 0.112207 0.113262 0.00125821
4 0.439632 0.80946 0.111783 0.11294 0.00125027
11 0.190657 0.436598 0.110487 0.109481 0.00122528
10 0.563316 0.313398 0.112259 0.113065 0.00122497
11 0.935949 0.809268 0.1124 0.113523 0.0012161
10 0.68762 0.561646 0.11243 0.112551 0.00121016
4 0.315288 0.685306 0.112136 0.11274 0.00120738
1 0.0670859 0.68531 0.113405 0.112161 0.00120664
5 0.191276 0.809357 0.112383 0.112605 0.00119966
9 0.688251 0.18857 0.111913 0.112362 0.00119473
5 0.440179 0.68531 0.112176 0.11232 0.00119437
11 0.811517 0.189132 0.111176 0.112942 0.00117229
13 0.811524 0.437591 0.111447 0.111726 0.00115911
11 0.936185 0.312886 0.111173 0.113683 0.00115338
4 0.813036 0.437274 0.110588 0.112936 0.0011461
9 0.936006 0.933424 0.111877 0.111366 0.00114339
1 0.190877 0.189086 0.112166 0.112759 0.00114198
5 0.811719 0.809715 0.112856 0.112269 0.00112787
2 0.936464 0.685398 0.113465 0.112926 0.00111818
0 0.688376 0.93313 0.113937 0.113058 0.00111764
7 0.315012 0.437243 0.111356 0.111672 0.00111635
1 0.439894 0.561217 0.112167 0.112478 0.00111507
6 0.811486 0.809601 0.11412 0.112996 0.00110711
0 0.315288 0.685306 0.112136 0.11274 0.00108887
12 0.439683 0.561185 0.111281 0.112037 0.00108564
4 0.935689 0.189642 0.112117 0.112777 0.00108157
8 0.067 0.809917 0.112751 0.112826 0.00108125
7 0.811511 0.809038 0.112414 0.11432 0.00107033
3 0.564157 0.685502 0.112989 0.112591 0.00105943
10 0.190896 0.437616 0.111874 0.112172 0.00105369
2 0.191 0.0648982 0.110947 0.111178 0.0010486
5 0.439802 0.31317 0.111745 0.112145 0.00104134
6 0.564052 0.437938 0.111618 0.112529 0.0010409
6 0.191654 0.313072 0.112126 0.111948 0.00103173
9 0.0662136 0.1892 0.113361 0.111148 0.00102866
1 0.0671348 0.809632 0.113689 0.112171 0.0010216
12 0.0668629 0.0645255 0.113391 0.113091 0.00101594
