10 0.315561 0.933443 0.112448 0.113794 0.986104
6 0.439578 0.933968 0.112604 0.113762 0.985848
10 0.563466 0.933704 0.11197 0.114262 0.985434
13 0.812082 0.809907 0.112551 0.113646 0.985191
10 0.0675014 0.685635 0.113587 0.11312 0.985079
12 0.688002 0.934344 0.113101 0.11381 0.985038
7 0.935852 0.933882 0.112676 0.112292 0.985001
7 0.935707 0.065547 0.113682 0.113512 0.98411
2 0.687855 0.809822 0.112592 0.113285 0.984043
7 0.687931 0.0655803 0.11186 0.113299 0.984027
1 0.315611 0.685134 0.111912 0.112339 0.98372
10 0.563383 0.0648778 0.111178 0.113119 0.98335
7 0.0670322 0.31384 0.112562 0.112369 0.98333
5 0.439294 0.685416 0.111799 0.112998 0.983318
5 0.563721 0.685488 0.111715 0.113051 0.983273
11 0.19148 0.0650055 0.111801 0.113117 0.983145
2 0.812096 0.933838 0.112254 0.113218 0.983142
5 0.315957 0.189062 0.111876 0.112417 0.982782
12 0.0669864 0.437415 0.112276 0.112664 0.982384
7 0.191314 0.189116 0.113442 0.112381 0.982321
2 0.936322 0.80963 0.112789 0.112948 0.981627
12 0.191193 0.809662 0.111228 0.112408 0.98145
1 0.43926 0.0649142 0.112314 0.113267 0.981331
11 0.191532 0.933597 0.111412 0.113319 0.981236
2 0.0672194 0.064651 0.112286 0.112514 0.981211
1 0.19112 0.313197 0.111698 0.111957 0.981122
12 0.315143 0.0647018 0.111653 0.112333 0.980926
2 0.0673087 0.188935 0.111595 0.111639 0.980812
8 0.563701 0.809994 0.11217 0.11256 0.980709
0 0.191043 0.437311 0.111804 0.11184 0.980625
2 0.191076 0.560923 0.111562 0.111703 0.980583
3 0.812523 0.685576 0.113524 0.113147 0.979999
2 0.812208 0.06507 0.112035 0.11326 0.979989
7 0.687648 0.189217 0.111467 0.112004 0.979841
1 0.0670364 0.933099 0.113223 0.113467 0.979722
4 0.687981 0.437075 0.112498 0.112705 0.979646
11 0.439235 0.560807 0.111921 0.114142 0.979627
0 0.315093 0.561055 0.112406 0.111415 0.979597
12 0.563912 0.436959 0.111827 0.113304 0.97955
11 0.43925 0.189016 0.112019 0.112776 0.979468
0 0.936147 0.68514 0.113046 0.111831 0.979465
9 0.43907 0.313103 0.111901 0.113624 0.979299
7 0.563773 0.313235 0.112167 0.113513 0.979198
9 0.563613 0.561447 0.112214 0.111943 0.97916
0 0.314775 0.313144 0.112725 0.111878 0.979004
3 0.56354 0.18907 0.112851 0.113032 0.978965
0 0.315136 0.809202 0.112801 0.112317 0.978811
4 0.812343 0.188488 0.112772 0.11325 0.978777
9 0.936378 0.561806 0.111288 0.111926 0.978716
9 0.812066 0.561606 0.112173 0.111829 0.978458
5 0.811979 0.437137 0.111878 0.11257 0.978396
8 0.439555 0.809934 0.112116 0.112459 0.978384
0 0.687961 0.685296 0.112044 0.113207 0.978382
7 0.935839 0.18857 0.111346 0.111715 0.978256
2 0.688026 0.561475 0.111984 0.112438 0.978169
8 0.315077 0.437011 0.112452 0.112538 0.978028
4 0.936651 0.312797 0.113179 0.112989 0.978016
0 0.439231 0.437159 0.111667 0.113879 0.977868
2 0.936334 0.436779 0.112715 0.113413 0.977725
8 0.687975 0.313595 0.11167 0.112489 0.976949
8 0.812213 0.312875 0.112122 0.113064 0.976722
8 0.191193 0.68517 0.111835 0.112105 0.976562
0 0.0672367 0.809803 0.112366 0.112736 0.974074
0 0.0668962 0.561229 0.111552 0.112055 0.973643
1 0.0671399 0.809536 0.112738 0.112313 0.0350427
1 0.0666146 0.560871 0.114285 0.112471 0.0336861
2 0.688117 0.313211 0.11232 0.112966 0.0284543
8 0.811803 0.933165 0.11275 0.113228 0.0174899
2 0.811667 0.313527 0.112793 0.112971 0.0151969
2 0.564077 0.810062 0.112396 0.112541 0.0102905
2 0.191339 0.685427 0.112403 0.112691 0.0100559
2 0.315323 0.436734 0.111056 0.113017 0.00831061
2 0.439555 0.809934 0.112116 0.112459 0.00771023
3 0.936191 0.561804 0.111237 0.113727 0.00533469
1 0.688017 0.685154 0.112467 0.112416 0.00479364
1 0.43922 0.4368 0.111865 0.113971 0.00466186
11 0.811687 0.437028 0.11223 0.112274 0.00384342
12 0.936191 0.561804 0.111237 0.113727 0.0038003
6 0.315458 0.0648566 0.112066 0.113959 0.0037241
3 0.439802 0.93386 0.111854 0.11325 0.0036058
12 0.811672 0.685665 0.111617 0.112523 0.00352839
12 0.439237 0.313622 0.112331 0.112472 0.00349847
6 0.563716 0.437662 0.112473 0.112735 0.00332784
11 0.191307 0.68536 0.112117 0.112406 0.00322655
4 0.563874 0.0651271 0.112519 0.113261 0.00320865
12 0.811569 0.561918 0.110636 0.112448 0.00318206
8 0.813027 0.0651062 0.109058 0.112678 0.00316234
1 0.687965 0.436941 0.112145 0.112889 0.00312349
2 0.813079 0.437114 0.11215 0.114273 0.00305488
1 0.812098 0.188792 0.112019 0.113782 0.00298023
7 0.687794 0.437563 0.111208 0.111888 0.00297364
3 0.811569 0.561918 0.110636 0.112448 0.00288451
11 0.439815 0.810027 0.112557 0.112171 0.00282731
12 0.936025 0.0652481 0.113696 0.113704 0.00278314
10 0.81186 0.188926 0.111592 0.113919 0.0027758
1 0.936291 0.313017 0.112638 0.113426 0.00276986
12 0.936008 0.189199 0.11334 0.114336 0.00264447
2 0.812098 0.188792 0.112019 0.113782 0.00262863
10 0.439201 0.188916 0.111187 0.113269 0.00256586
1 0.315077 0.312811 0.112131 0.112518 0.00247342
1 0.315458 0.809449 0.111793 0.112848 0.00245827
6 0.191471 0.809841 0.111563 0.113142 0.00244468
12 0.563917 0.561228 0.111568 0.114152 0.00235384
1 0.315366 0.561025 0.112021 0.112828 0.00231762
13 0.191167 0.0647218 0.112071 0.112823 0.00231328
2 0.687865 0.437179 0.111814 0.112815 0.00226193
5 0.68823 0.809652 0.113165 0.114355 0.00223836
0 0.813079 0.561683 0.111297 0.111762 0.00222336
10 0.439418 0.685253 0.111694 0.112166 0.00221728
3 0.688006 0.809212 0.110658 0.113229 0.00221173
9 0.813105 0.685945 0.111292 0.110572 0.00220705
6 0.0669864 0.437415 0.112276 0.112664 0.00218627
0 0.688312 0.933253 0.113221 0.113061 0.00217602
10 0.687933 0.437529 0.110237 0.114249 0.00217518
11 0.811803 0.933165 0.11275 0.113228 0.00216206
4 0.688172 0.189161 0.112711 0.11302 0.00214287
8 0.0665098 0.0646866 0.114143 0.113267 0.00212064
7 0.935734 0.313145 0.110758 0.111632 0.00207777
8 0.688188 0.561303 0.111261 0.112421 0.00206712
5 0.811612 0.0653226 0.113073 0.113229 0.00204637
4 0.935707 0.065547 0.113682 0.113512 0.00204633
13 0.43925 0.189016 0.112019 0.112776 0.00204171
3 0.688194 0.560967 0.111003 0.112966 0.00202282
13 0.191569 0.933664 0.111958 0.113293 0.00200455
4 0.0675014 0.685635 0.113587 0.11312 0.00200352
3 0.813079 0.437114 0.11215 0.114273 0.00198754
4 0.688205 0.0650402 0.112515 0.113345 0.00195634
7 0.811703 0.187881 0.112916 0.11441 0.00195281
1 0.813037 0.0645508 0.112874 0.111932 0.00191704
5 0.936042 0.436859 0.113488 0.114687 0.00188504
12 0.563422 0.188788 0.11177 0.112753 0.00184983
1 0.936614 0.436559 0.110604 0.112759 0.00180515
0 0.439243 0.0643466 0.111857 0.113981 0.00179932
2 0.936291 0.313017 0.112638 0.113426 0.00178443
12 0.935778 0.93356 0.113266 0.113542 0.00178149
5 0.688175 0.561319 0.112792 0.113651 0.0017656
11 0.315015 0.436865 0.112241 0.112149 0.00172938
5 0.93602 0.809666 0.113994 0.114536 0.00172712
1 0.688175 0.561319 0.112792 0.113651 0.00172473
1 0.191017 0.436908 0.111952 0.112297 0.00171182
4 0.935563 0.189401 0.11333 0.113736 0.00167791
8 0.190964 0.0649586 0.112405 0.112728 0.00165696
10 0.439284 0.561038 0.111509 0.113087 0.00165309
11 0.563994 0.810008 0.111488 0.113041 0.00165125
1 0.813107 0.933079 0.113778 0.112675 0.00163918
10 0.0670126 0.313528 0.112536 0.11301 0.00163257
4 0.936215 0.933625 0.112028 0.112854 0.00160329
3 0.936274 0.437157 0.112992 0.113723 0.00158348
10 0.191277 0.065179 0.111614 0.111838 0.0015759
4 0.067044 0.313483 0.112462 0.112435 0.00156802
0 0.563556 0.561266 0.112013 0.112232 0.00156033
1 0.936462 0.809262 0.112778 0.113229 0.00152994
6 0.811672 0.685665 0.111617 0.112523 0.00150314
6 0.935933 0.0650878 0.113208 0.112722 0.0014954
6 0.936007 0.188986 0.112796 0.113839 0.00149535
12 0.68684 0.189629 0.110299 0.113445 0.00148909
3 0.563572 0.561426 0.111951 0.113682 0.00148643
6 0.688164 0.934071 0.112091 0.114212 0.00148308
8 0.688239 0.80959 0.112138 0.113086 0.00147394
6 0.811629 0.188511 0.113791 0.112799 0.00145654
3 0.19121 0.561184 0.113325 0.11259 0.00144235
11 0.812039 0.313565 0.11248 0.113709 0.00143443
7 0.563657 0.0651272 0.111154 0.112661 0.00141416
0 0.563962 0.437274 0.112109 0.113234 0.00141298
8 0.0665371 0.18902 0.113463 0.112569 0.00140709
1 0.06729 0.189177 0.111434 0.111932 0.00139957
3 0.936563 0.80901 0.112923 0.113471 0.00139428
0 0.0665028 0.933762 0.113879 0.113689 0.00137496
10 0.688217 0.0650012 0.112025 0.112963 0.00136573
5 0.439284 0.561038 0.111509 0.113087 0.00134094
1 0.812297 0.68543 0.112192 0.112581 0.00133864
4 0.315561 0.933443 0.112448 0.113794 0.00133238
5 0.43925 0.189016 0.112019 0.112776 0.00133115
3 0.0665371 0.18902 0.113463 0.112569 0.00132908
4 0.315611 0.685134 0.111912 0.112339 0.00131768
0 0.191068 0.312828 0.11204 0.112696 0.00131191
10 0.811676 0.436926 0.114356 0.112897 0.0013083
4 0.19109 0.313522 0.11184 0.112803 0.00130802
1 0.68823 0.809652 0.113165 0.114355 0.0013063
4 0.191074 0.189352 0.111568 0.112111 0.00128112
0 0.439218 0.313658 0.112089 0.112067 0.00128104
12 0.686808 0.065593 0.10989 0.112413 0.0012749
10 0.191539 0.93364 0.111776 0.113741 0.00123963
13 0.439154 0.561126 0.111553 0.112862 0.00123791
3 0.0672939 0.436541 0.110551 0.114102 0.00121604
6 0.935785 0.93331 0.112157 0.113599 0.00121483
11 0.439418 0.685253 0.111694 0.112166 0.00121123
10 0.936187 0.313278 0.111957 0.113558 0.00120928
3 0.191584 0.809797 0.111868 0.111801 0.00119437
11 0.687856 0.313897 0.112202 0.113494 0.00119273
1 0.191295 0.560731 0.112293 0.11263 0.00118066
7 0.439802 0.93386 0.111854 0.11325 0.00116993
6 0.688148 0.189047 0.112723 0.113532 0.00115547
4 0.439593 0.0648533 0.112655 0.113816 0.00114199
1 0.0674341 0.0646135 0.112482 0.113205 0.00112645
10 0.688148 0.189047 0.112723 0.113532 0.00111149
1 0.439571 0.933807 0.112817 0.113161 0.00108433
10 0.811461 0.809427 0.112511 0.113115 0.00108295
13 0.315687 0.933905 0.112234 0.112024 0.00107799
7 0.315521 0.933381 0.113187 0.113624 0.00107398
7 0.56382 0.933478 0.112629 0.113148 0.00106643
4 0.563466 0.933704 0.11197 0.114262 0.00105805
3 0.56392 0.436637 0.110004 0.113118 0.00105266
12 0.563758 0.0645833 0.112176 0.113482 0.00105251
8 0.191288 0.933262 0.111793 0.112573 0.00104375
10 0.315068 0.188877 0.112955 0.11284 0.00103098
0 0.315515 0.685223 0.112297 0.113037 0.00102994
13 0.563098 0.0647063 0.111697 0.112282 0.00101701
2 0.0670557 0.809538 0.111768 0.112041 0.00101282
7 0.0672901 0.684978 0.112654 0.113704 0.00100996
