12 0.315932 0.809758 0.111236 0.11262 0.987119
3 0.68744 0.809705 0.112759 0.114082 0.986393
10 0.563892 0.933588 0.111802 0.11381 0.986351
5 0.192009 0.933773 0.110764 0.113007 0.985976
8 0.439403 0.934305 0.112644 0.112988 0.985627
5 0.191845 0.809525 0.110705 0.112454 0.985518
10 0.68837 0.933775 0.111954 0.113644 0.984935
8 0.3154 0.934198 0.112341 0.11244 0.984824
8 0.439404 0.80976 0.111589 0.11225 0.984692
9 0.314842 0.0646317 0.110832 0.112538 0.984358
12 0.812274 0.934057 0.110999 0.112551 0.984088
13 0.936153 0.809808 0.112949 0.112962 0.984054
7 0.563944 0.685005 0.111148 0.112193 0.983984
8 0.687835 0.065592 0.112175 0.11225 0.983818
6 0.066778 0.93387 0.113339 0.113637 0.983588
7 0.191277 0.189286 0.111557 0.112021 0.983461
9 0.811713 0.809835 0.111241 0.113054 0.98334
5 0.315803 0.437714 0.111947 0.112902 0.983219
5 0.0674216 0.437691 0.112868 0.11299 0.982918
7 0.315729 0.561244 0.111946 0.112064 0.982897
12 0.439753 0.685559 0.111387 0.112566 0.982866
11 0.315148 0.685759 0.111332 0.112175 0.982555
4 0.191602 0.437205 0.112225 0.112004 0.982438
11 0.563405 0.810022 0.11121 0.112622 0.982419
2 0.191407 0.0652308 0.111712 0.113021 0.982145
5 0.935995 0.065746 0.112553 0.113122 0.982123
11 0.438945 0.0653382 0.111883 0.11272 0.981738
8 0.936153 0.934189 0.113123 0.113089 0.981448
11 0.06689 0.685665 0.112953 0.112769 0.981417
2 0.191286 0.313445 0.111875 0.112777 0.981325
4 0.0676241 0.313251 0.113314 0.113514 0.981274
8 0.315242 0.31327 0.112364 0.112867 0.981226
0 0.191173 0.685339 0.11193 0.111907 0.981163
2 0.191187 0.561246 0.112052 0.112841 0.981093
4 0.0677135 0.0650686 0.113318 0.113351 0.980988
1 0.314942 0.188981 0.112363 0.111746 0.980782
10 0.0672964 0.189081 0.112647 0.114225 0.980582
6 0.439284 0.313143 0.112954 0.113127 0.980165
5 0.439204 0.437192 0.112182 0.113669 0.979583
9 0.563666 0.561541 0.111933 0.111997 0.979538
4 0.563628 0.436914 0.112301 0.113805 0.979486
1 0.439437 0.561242 0.113115 0.113382 0.979347
4 0.563552 0.188764 0.112202 0.113636 0.979313
1 0.687759 0.561285 0.112842 0.113057 0.979209
13 0.936134 0.437465 0.113677 0.113542 0.979052
4 0.687907 0.188773 0.112249 0.113381 0.978949
9 0.811753 0.0650395 0.111675 0.111301 0.97889
2 0.68731 0.437091 0.111803 0.112511 0.978737
1 0.812191 0.18871 0.112865 0.113309 0.978591
13 0.935914 0.188774 0.113403 0.113831 0.978577
2 0.563478 0.312888 0.112156 0.112095 0.978566
4 0.812452 0.561007 0.112527 0.113118 0.978495
3 0.81198 0.31298 0.111087 0.111885 0.97846
0 0.687797 0.685332 0.111898 0.112752 0.978405
11 0.812075 0.436982 0.112651 0.113527 0.978364
11 0.936448 0.685454 0.112549 0.113355 0.978183
2 0.812242 0.685601 0.112333 0.112998 0.978049
4 0.936832 0.561256 0.113249 0.11346 0.977959
2 0.68797 0.312753 0.111832 0.112019 0.977926
0 0.43927 0.188739 0.111905 0.113309 0.97788
2 0.936321 0.313026 0.112794 0.113814 0.977493
0 0.563493 0.0650926 0.11146 0.113108 0.977421
0 0.0672372 0.80957 0.112442 0.112458 0.975752
0 0.0674148 0.561061 0.111651 0.111903 0.975625
3 0.687973 0.314187 0.112772 0.112675 0.0321374
3 0.687965 0.437806 0.112683 0.113024 0.0302017
1 0.0668578 0.560998 0.114341 0.112543 0.0270265
3 0.935774 0.314004 0.113295 0.112778 0.0164305
1 0.0671752 0.80954 0.11293 0.112399 0.0155667
3 0.563856 0.313936 0.112984 0.113419 0.0141046
10 0.812427 0.436555 0.111113 0.113749 0.0139441
3 0.812671 0.685139 0.113131 0.113647 0.00876655
9 0.935997 0.934295 0.11327 0.112393 0.00767488
10 0.936159 0.685708 0.111778 0.113389 0.00567292
10 0.192187 0.933578 0.111764 0.111582 0.00502699
3 0.190892 0.313598 0.112487 0.1131 0.005021
8 0.688169 0.437486 0.111221 0.113681 0.00458274
0 0.813081 0.0648654 0.107907 0.11199 0.00419382
1 0.563583 0.0642463 0.110899 0.113308 0.00379588
9 0.936204 0.685808 0.111441 0.112637 0.00379258
10 0.439071 0.437303 0.111939 0.112722 0.00376171
1 0.563482 0.18949 0.111567 0.112881 0.00373186
1 0.563583 0.437227 0.112119 0.113322 0.00359687
2 0.688266 0.0646171 0.111718 0.112655 0.0034876
1 0.191276 0.437377 0.112173 0.112328 0.00346815
1 0.687766 0.189578 0.111854 0.1129 0.00342086
1 0.8123 0.561168 0.113197 0.113378 0.00329771
2 0.191276 0.437377 0.112173 0.112328 0.00319723
1 0.687872 0.68505 0.112136 0.112161 0.00310177
1 0.936752 0.561386 0.113767 0.113883 0.00299144
1 0.0671845 0.313163 0.113566 0.11312 0.00292827
3 0.19071 0.065369 0.112724 0.112749 0.00291245
8 0.813081 0.685667 0.109796 0.113659 0.00286435
0 0.813148 0.80982 0.11207 0.112268 0.00286307
9 0.687891 0.0656506 0.112369 0.112444 0.00284611
8 0.688167 0.31344 0.111908 0.11398 0.00282174
1 0.0666904 0.0649659 0.112346 0.112364 0.00279964
9 0.439587 0.933726 0.111666 0.113442 0.00279131
9 0.812365 0.436709 0.110811 0.112155 0.00269526
9 0.813159 0.933082 0.110405 0.112908 0.0026698
10 0.812446 0.933522 0.110288 0.112918 0.00265858
5 0.688149 0.933914 0.111601 0.113007 0.00255585
10 0.43953 0.0645608 0.111527 0.111433 0.00249897
11 0.936616 0.934151 0.111497 0.111843 0.00246756
4 0.688303 0.809266 0.112883 0.11386 0.00245119
10 0.0670053 0.68503 0.113511 0.115393 0.00241848
2 0.0667434 0.31337 0.111443 0.11195 0.00241832
9 0.813069 0.313568 0.109408 0.111893 0.00239786
0 0.813184 0.932967 0.110981 0.112565 0.00239522
2 0.68808 0.561142 0.112002 0.112936 0.00237115
7 0.68855 0.933313 0.113838 0.114045 0.00236992
2 0.0666904 0.0649659 0.112346 0.112364 0.00231009
6 0.563879 0.189505 0.111936 0.11304 0.0022789
10 0.936312 0.0649548 0.111348 0.112101 0.00225772
5 0.0662917 0.313275 0.112714 0.112812 0.00225184
7 0.563954 0.933081 0.112256 0.113144 0.00223478
0 0.688187 0.561025 0.111895 0.111545 0.002202
8 0.56368 0.809224 0.112331 0.11242 0.0021994
2 0.8123 0.561168 0.113197 0.113378 0.00219173
8 0.811556 0.437956 0.110525 0.112837 0.00218679
6 0.811839 0.313228 0.110688 0.113715 0.00217791
11 0.688065 0.0648323 0.111759 0.113347 0.00216792
5 0.688359 0.80933 0.112347 0.11324 0.00213038
6 0.687944 0.189629 0.112045 0.112652 0.00210427
6 0.191365 0.437501 0.111331 0.112193 0.00203482
0 0.8123 0.188708 0.113002 0.114062 0.0020344
4 0.0672964 0.189081 0.112647 0.114225 0.00200886
2 0.563583 0.437227 0.112119 0.113322 0.00200616
3 0.56393 0.437345 0.11166 0.11281 0.00199403
2 0.439951 0.809904 0.111913 0.112518 0.00199183
11 0.192187 0.933578 0.111764 0.111582 0.00196293
2 0.813069 0.313568 0.109408 0.111893 0.00195977
12 0.93573 0.80976 0.112648 0.114057 0.00195886
1 0.687747 0.437892 0.110003 0.112383 0.00194722
5 0.191263 0.312882 0.111895 0.11182 0.00193812
0 0.688254 0.0649429 0.111917 0.113952 0.001907
3 0.191571 0.561648 0.112054 0.113226 0.00188729
5 0.811614 0.685586 0.114011 0.112346 0.00188448
12 0.688003 0.809766 0.111923 0.112609 0.00184334
11 0.439823 0.809816 0.11089 0.113027 0.00181413
1 0.813083 0.685299 0.11369 0.113993 0.00180946
2 0.936752 0.561386 0.113767 0.113883 0.00180355
9 0.315546 0.933744 0.111495 0.113235 0.00179327
11 0.440087 0.934113 0.111895 0.112869 0.00178288
3 0.563879 0.189505 0.111936 0.11304 0.00177464
6 0.56393 0.437345 0.11166 0.11281 0.00176758
4 0.439633 0.561339 0.112496 0.112713 0.00168959
8 0.563496 0.313162 0.112422 0.11382 0.00168739
4 0.812003 0.189043 0.112689 0.113163 0.00167628
3 0.687944 0.189629 0.112045 0.112652 0.00163943
2 0.688334 0.809568 0.112327 0.113363 0.00163168
5 0.936041 0.561658 0.112177 0.11295 0.00162822
5 0.0664717 0.0653822 0.112718 0.112069 0.00162444
1 0.936455 0.312953 0.112818 0.113509 0.0016164
9 0.439596 0.809257 0.111285 0.113141 0.00161516
10 0.191247 0.809683 0.11183 0.112452 0.00158425
4 0.439233 0.437891 0.112213 0.111478 0.00157467
1 0.688155 0.313374 0.113158 0.114495 0.00156533
8 0.935774 0.314004 0.113295 0.112778 0.00156167
12 0.811839 0.313228 0.110688 0.113715 0.00155967
7 0.935974 0.188595 0.112112 0.114057 0.00154977
4 0.315217 0.189258 0.112509 0.113586 0.00154395
9 0.315218 0.313654 0.112598 0.113007 0.00153152
7 0.936811 0.561678 0.112763 0.113521 0.00152843
2 0.563482 0.18949 0.111567 0.112881 0.00152753
0 0.315573 0.313807 0.110902 0.112785 0.00150763
4 0.563954 0.933081 0.112256 0.113144 0.00149763
3 0.812301 0.561247 0.112908 0.113183 0.00149341
11 0.316076 0.933982 0.111804 0.112627 0.0014841
5 0.686885 0.43763 0.114483 0.112181 0.0014619
1 0.190869 0.313606 0.111356 0.112113 0.00144205
11 0.0665887 0.436466 0.111919 0.111489 0.00143203
10 0.0666865 0.437484 0.11196 0.11247 0.00142479
1 0.439333 0.188202 0.111831 0.112605 0.0014247
8 0.813081 0.0648654 0.107907 0.11199 0.00141511
12 0.935919 0.437307 0.112128 0.113839 0.00140853
7 0.0672964 0.189081 0.112647 0.114225 0.00140349
10 0.315033 0.43726 0.113205 0.112209 0.00140324
3 0.936698 0.561384 0.113423 0.113286 0.00139911
6 0.811615 0.561123 0.113103 0.112676 0.00139834
3 0.813181 0.932164 0.11165 0.112118 0.00138592
4 0.563647 0.685123 0.112005 0.11255 0.00137995
5 0.19173 0.0646897 0.11136 0.111695 0.00137034
4 0.68855 0.933313 0.113838 0.114045 0.00136793
4 0.687953 0.56094 0.112576 0.112777 0.00131379
3 0.439852 0.312947 0.112125 0.113574 0.00130683
0 0.56404 0.561176 0.110642 0.114406 0.00130645
4 0.315341 0.437853 0.112013 0.110086 0.00129463
7 0.56393 0.437345 0.11166 0.11281 0.00129454
1 0.191106 0.68524 0.111823 0.112587 0.00127666
4 0.0672804 0.437881 0.113049 0.109856 0.00127114
1 0.563569 0.312783 0.112351 0.114314 0.00126997
7 0.687944 0.189629 0.112045 0.112652 0.00126183
5 0.811382 0.561053 0.112068 0.11259 0.00124422
2 0.687766 0.189578 0.111854 0.1129 0.00122018
5 0.191266 0.560964 0.111874 0.113544 0.00121805
12 0.81153 0.810322 0.11161 0.113375 0.00121386
2 0.315218 0.313654 0.112598 0.113007 0.00120391
11 0.688149 0.933914 0.111601 0.113007 0.00119768
8 0.81157 0.809994 0.111829 0.113216 0.00119216
5 0.563582 0.933703 0.110979 0.113039 0.00118644
5 0.936007 0.313484 0.111948 0.11369 0.00118192
5 0.688155 0.313374 0.113158 0.114495 0.00117709
8 0.56404 0.561176 0.110642 0.114406 0.00116789
10 0.315404 0.68527 0.112593 0.113803 0.00116689
11 0.811602 0.0649502 0.110923 0.111728 0.00116493
5 0.563284 0.313146 0.112256 0.112243 0.00116117
10 0.935856 0.436918 0.110931 0.11167 0.00115352
11 0.811523 0.809965 0.112669 0.113671 0.00115163
12 0.813081 0.0648654 0.107907 0.11199 0.00114557
2 0.315833 0.934261 0.112246 0.113096 0.00113553
5 0.813101 0.31338 0.111842 0.11165 0.00113309
6 0.067312 0.0651751 0.113393 0.113523 0.00112626
0 0.314933 0.18918 0.112267 0.113214 0.00112215
11 0.438536 0.436618 0.111501 0.111164 0.00111798
6 0.315975 0.810208 0.112499 0.113454 0.0010852
2 0.439984 0.934342 0.112779 0.113365 0.00107935
7 0.190836 0.436512 0.111662 0.112258 0.00107923
3 0.439233 0.437891 0.112213 0.111478 0.0010742
6 0.936698 0.561384 0.113423 0.113286 0.00106846
12 0.563621 0.561573 0.110969 0.112231 0.00106226
13 0.563642 0.933784 0.111741 0.111833 0.00106084
7 0.0672762 0.31361 0.112979 0.112873 0.00105186
11 0.936153 0.809808 0.112949 0.112962 0.00104527
1 0.8123 0.312815 0.111858 0.112794 0.00104107
13 0.688492 0.933718 0.112062 0.111766 0.00103971
3 0.81153 0.810322 0.11161 0.113375 0.00103699
1 0.191272 0.561013 0.112653 0.113317 0.00103226
5 0.563572 0.809235 0.110216 0.112042 0.00103159
1 0.688154 0.809631 0.111932 0.11294 0.00102193
0 0.439702 0.561189 0.112923 0.11316 0.00101787
2 0.812937 0.188686 0.111871 0.11417 0.00101445
7 0.812606 0.561389 0.112438 0.113193 0.00100748
11 0.314641 0.43657 0.111053 0.111086 0.00100626
