3 0.191143 0.810025 0.11371 0.113142 0.98655
3 0.315111 0.685793 0.11299 0.112898 0.986161
13 0.811674 0.933985 0.111754 0.113344 0.986059
10 0.315896 0.809712 0.112145 0.112367 0.985474
7 0.315151 0.0653483 0.111958 0.112707 0.985463
6 0.936205 0.809678 0.113575 0.112367 0.985445
13 0.439255 0.685307 0.111543 0.11322 0.985185
10 0.439647 0.809636 0.112043 0.113189 0.985126
9 0.935286 0.065388 0.113534 0.113848 0.984992
6 0.43943 0.0649188 0.111464 0.113111 0.984756
4 0.563306 0.934111 0.11167 0.114095 0.984284
9 0.0675298 0.0648974 0.113133 0.112715 0.984243
10 0.0676378 0.685879 0.113073 0.112209 0.98422
10 0.68739 0.934218 0.113443 0.113819 0.983699
10 0.067569 0.561691 0.113193 0.112737 0.983683
7 0.191265 0.685265 0.111336 0.112008 0.983556
5 0.563518 0.0649394 0.111528 0.112901 0.983371
9 0.191223 0.437193 0.112268 0.112934 0.983343
11 0.31536 0.933916 0.111399 0.113158 0.983201
5 0.315066 0.313005 0.112298 0.112281 0.98283
3 0.0671873 0.313658 0.112179 0.113349 0.982595
7 0.191246 0.189177 0.113651 0.112285 0.982328
2 0.935464 0.934088 0.113166 0.113178 0.982187
9 0.935455 0.685746 0.11431 0.112902 0.982065
4 0.439328 0.437188 0.112261 0.112547 0.982059
4 0.687373 0.809812 0.11157 0.11329 0.981948
4 0.563543 0.685557 0.111565 0.113092 0.981784
1 0.19111 0.313107 0.111995 0.112114 0.981194
2 0.31501 0.561098 0.111961 0.111774 0.981113
9 0.0673938 0.933963 0.112787 0.114062 0.980918
1 0.0668557 0.189355 0.112094 0.112368 0.980689
11 0.439381 0.189152 0.111715 0.11205 0.980622
5 0.439085 0.313199 0.111907 0.113147 0.980491
4 0.687663 0.685207 0.112197 0.112367 0.979833
1 0.811993 0.437018 0.112884 0.11302 0.979674
0 0.19151 0.933428 0.111815 0.112638 0.979518
10 0.687954 0.312896 0.11209 0.113542 0.979497
12 0.563998 0.312567 0.111879 0.113044 0.979458
10 0.687899 0.437029 0.112016 0.113011 0.979455
3 0.563595 0.561347 0.112276 0.112398 0.979313
11 0.68747 0.0650674 0.111358 0.113315 0.979135
10 0.812197 0.561274 0.112463 0.113425 0.978868
12 0.93666 0.561154 0.113401 0.113298 0.978859
0 0.811565 0.809566 0.112827 0.113076 0.978844
9 0.439399 0.561011 0.112138 0.114591 0.978837
2 0.0674767 0.809493 0.112065 0.11174 0.978812
10 0.936646 0.312696 0.113174 0.113318 0.978728
4 0.936622 0.436872 0.113463 0.112712 0.978698
2 0.687803 0.18895 0.110696 0.111742 0.97869
4 0.812036 0.0646052 0.112478 0.113287 0.978661
8 0.563637 0.810009 0.112236 0.112731 0.978494
7 0.812255 0.188866 0.112345 0.113312 0.978469
10 0.812172 0.685403 0.112257 0.11313 0.978443
8 0.191361 0.0649616 0.111429 0.113358 0.978419
0 0.81179 0.313049 0.112114 0.112288 0.978404
2 0.687857 0.560965 0.112515 0.113266 0.978232
8 0.315198 0.437248 0.112415 0.112123 0.978187
8 0.563781 0.189499 0.110359 0.111428 0.97783
0 0.935851 0.188879 0.112611 0.111783 0.977827
8 0.0672349 0.437261 0.112223 0.112012 0.977648
8 0.439427 0.934028 0.112398 0.113213 0.977003
8 0.191114 0.561203 0.111459 0.111364 0.976962
8 0.563568 0.437541 0.112151 0.112065 0.97692
8 0.315174 0.189366 0.112782 0.112092 0.976913
2 0.563877 0.437445 0.112057 0.112677 0.0189517
2 0.0668672 0.437253 0.113974 0.112137 0.0141313
4 0.812148 0.685795 0.110938 0.112731 0.0119945
2 0.315401 0.436859 0.111274 0.11283 0.0106165
4 0.0676378 0.685879 0.113073 0.112209 0.00996627
2 0.56404 0.809985 0.11254 0.112686 0.00865258
6 0.56395 0.313678 0.11078 0.113142 0.00850703
2 0.191419 0.561312 0.112552 0.112558 0.00818627
12 0.811635 0.18916 0.11236 0.114673 0.00752765
2 0.439427 0.934028 0.112398 0.113213 0.00646007
5 0.935728 0.933673 0.113296 0.113589 0.00643654
2 0.315292 0.189193 0.11204 0.112695 0.00614474
11 0.439198 0.933458 0.111545 0.111114 0.00601243
2 0.191076 0.06485 0.112255 0.113011 0.0058867
2 0.563556 0.189278 0.112926 0.112258 0.00538073
11 0.191462 0.0647392 0.111665 0.112923 0.00473566
7 0.811505 0.685073 0.11237 0.113108 0.00408479
4 0.811941 0.561782 0.110683 0.113541 0.00407865
13 0.687599 0.437349 0.111309 0.111488 0.00388081
12 0.191558 0.809491 0.112176 0.112327 0.00387837
1 0.811936 0.0648641 0.111876 0.113881 0.00384553
1 0.811411 0.809524 0.112713 0.11277 0.00379085
8 0.688089 0.561202 0.11023 0.112388 0.00376222
1 0.439721 0.43738 0.111382 0.11279 0.00373251
4 0.687773 0.313813 0.109962 0.113533 0.00371549
1 0.811915 0.312765 0.111938 0.113084 0.00357955
1 0.563677 0.685529 0.112574 0.112851 0.0033821
3 0.936243 0.80928 0.112076 0.112199 0.00336305
7 0.687461 0.809702 0.111734 0.112357 0.00335628
1 0.687512 0.685469 0.112779 0.112283 0.00333428
11 0.315648 0.189283 0.111904 0.112198 0.00332479
0 0.812078 0.436464 0.112809 0.112563 0.00311397
8 0.68812 0.189142 0.112086 0.113413 0.00306693
12 0.936022 0.685905 0.111569 0.113761 0.00305396
6 0.811608 0.189234 0.113976 0.113883 0.002924
7 0.811506 0.560783 0.112378 0.113069 0.00291507
4 0.067569 0.561691 0.113193 0.112737 0.00290947
4 0.439647 0.809636 0.112043 0.113189 0.00289011
7 0.68753 0.685581 0.111647 0.112318 0.0028366
7 0.936053 0.436759 0.111848 0.11192 0.00279917
11 0.191265 0.561162 0.111774 0.112163 0.00279838
6 0.936655 0.561159 0.112111 0.11313 0.00277897
4 0.687657 0.438113 0.109495 0.113457 0.0027722
7 0.686928 0.933883 0.11338 0.112588 0.00274953
1 0.935929 0.809674 0.11148 0.113638 0.00271159
7 0.439412 0.437446 0.111568 0.112132 0.00270697
4 0.936089 0.313328 0.111837 0.113225 0.0026834
12 0.936086 0.0649091 0.113084 0.112671 0.00265148
1 0.563394 0.934232 0.112561 0.113567 0.00264978
3 0.936022 0.685905 0.111569 0.113761 0.00250264
2 0.811936 0.0648641 0.111876 0.113881 0.00245445
13 0.687483 0.934107 0.111623 0.111484 0.00242301
2 0.439721 0.43738 0.111382 0.11279 0.00241907
1 0.687291 0.80993 0.112372 0.112468 0.00239462
1 0.688109 0.189065 0.113413 0.113672 0.00225914
10 0.812083 0.933521 0.111682 0.113825 0.00221926
5 0.68812 0.0645756 0.110898 0.112602 0.00221837
10 0.439411 0.189056 0.110355 0.11194 0.00219271
1 0.935991 0.436967 0.112879 0.113076 0.00214585
11 0.56404 0.809985 0.11254 0.112686 0.00212645
3 0.315275 0.56132 0.113155 0.112678 0.00211184
12 0.439612 0.561078 0.111929 0.11415 0.00210378
13 0.439418 0.809772 0.111368 0.112115 0.00208642
4 0.31563 0.809597 0.113585 0.113373 0.00206258
10 0.686836 0.0645031 0.111169 0.114009 0.00200843
0 0.936164 0.561361 0.114131 0.113771 0.00200195
5 0.439381 0.189152 0.111715 0.11205 0.00199143
12 0.439274 0.685138 0.111798 0.112416 0.00194068
13 0.687726 0.313085 0.110913 0.111926 0.00193916
5 0.686864 0.561439 0.115152 0.112357 0.00192999
12 0.0674941 0.0647174 0.113822 0.113689 0.00191708
11 0.563779 0.189503 0.11203 0.11255 0.00191507
11 0.315136 0.43709 0.112232 0.111761 0.00190248
13 0.315548 0.934 0.111819 0.112901 0.00188692
13 0.439381 0.189152 0.111715 0.11205 0.00188391
7 0.688138 0.437641 0.111074 0.113141 0.00188251
10 0.687731 0.80949 0.109131 0.113683 0.00185849
10 0.811845 0.0648497 0.112045 0.113593 0.00185344
3 0.936022 0.0650919 0.112659 0.113156 0.00183956
1 0.68808 0.561046 0.113095 0.11337 0.00183204
10 0.687768 0.685382 0.109231 0.113955 0.0018141
6 0.0676828 0.313609 0.112576 0.11326 0.00180105
3 0.687788 0.561337 0.111481 0.1123 0.00173825
10 0.563585 0.0646772 0.112757 0.112512 0.0017332
7 0.936129 0.312145 0.11344 0.11456 0.00172097
13 0.68754 0.0650634 0.11138 0.113023 0.00171376
3 0.440044 0.0648937 0.112171 0.113557 0.00168567
7 0.811556 0.0639206 0.112459 0.113533 0.00166634
12 0.0675085 0.933463 0.113611 0.113403 0.00165841
5 0.688146 0.933544 0.11285 0.113778 0.00163605
5 0.0668386 0.809226 0.112266 0.11193 0.00161875
7 0.688145 0.313531 0.111546 0.113868 0.00161275
4 0.191552 0.685539 0.11119 0.111813 0.00159485
3 0.0667914 0.80953 0.113988 0.112666 0.00157439
1 0.440054 0.0647756 0.111539 0.113399 0.00154856
11 0.0668672 0.437253 0.113974 0.112137 0.00152026
3 0.935766 0.93404 0.113559 0.11341 0.00151952
11 0.812083 0.933521 0.111682 0.113825 0.00150792
5 0.688112 0.313338 0.112402 0.113287 0.00150414
12 0.191283 0.43666 0.111071 0.11195 0.00149742
1 0.191698 0.809435 0.111822 0.111787 0.00149502
6 0.439412 0.437446 0.111568 0.112132 0.00146911
6 0.811483 0.0644693 0.112747 0.112302 0.00146002
1 0.191453 0.933344 0.11182 0.113385 0.00145532
10 0.936147 0.437186 0.112357 0.113034 0.001423
5 0.811462 0.561329 0.112296 0.111976 0.00142102
0 0.0668655 0.188711 0.112015 0.111973 0.00139511
1 0.31539 0.560935 0.112491 0.112827 0.00139468
10 0.314999 0.312991 0.113196 0.111983 0.0013876
4 0.315522 0.313257 0.111714 0.112016 0.00137445
11 0.56354 0.437025 0.11265 0.112288 0.00137301
5 0.811261 0.685753 0.112089 0.112434 0.00136891
4 0.439521 0.313361 0.111455 0.112309 0.00136712
7 0.0673965 0.685285 0.112796 0.113201 0.00135976
0 0.19105 0.313247 0.110788 0.112454 0.0013498
0 0.191144 0.437989 0.113392 0.11396 0.00134577
13 0.0670257 0.561558 0.112303 0.112446 0.0013438
2 0.563543 0.685557 0.111565 0.113092 0.00133662
13 0.811162 0.685738 0.111879 0.11185 0.00132761
10 0.439029 0.313158 0.11292 0.112368 0.00130983
7 0.315304 0.809366 0.112195 0.11219 0.00130928
5 0.688107 0.437441 0.111796 0.112595 0.0013083
8 0.688108 0.0642959 0.110231 0.11393 0.00130484
4 0.191041 0.313472 0.111885 0.112879 0.00130374
7 0.563674 0.934063 0.112192 0.112105 0.00129387
13 0.315133 0.809453 0.111857 0.111914 0.00129077
6 0.686858 0.809386 0.113497 0.112215 0.00128869
7 0.563679 0.685652 0.112738 0.112505 0.00127123
6 0.563595 0.561347 0.112276 0.112398 0.00125723
10 0.439512 0.437476 0.110176 0.114179 0.00122892
11 0.935801 0.933678 0.112361 0.114394 0.00121807
3 0.936819 0.560852 0.112369 0.112827 0.00120963
10 0.31536 0.933916 0.111399 0.113158 0.00120745
7 0.439507 0.80964 0.112299 0.112609 0.00120731
1 0.563595 0.561347 0.112276 0.112398 0.00120199
4 0.688177 0.93397 0.112838 0.114458 0.0011876
7 0.067591 0.561265 0.112471 0.112925 0.00118472
2 0.93615 0.436894 0.113151 0.113474 0.00117761
2 0.687386 0.685471 0.111712 0.112892 0.00116984
0 0.563219 0.43803 0.111296 0.113674 0.00114666
4 0.0668557 0.189355 0.112094 0.112368 0.00111373
13 0.066682 0.685503 0.111885 0.11175 0.00110796
13 0.935679 0.313155 0.111233 0.111402 0.00110021
4 0.190989 0.189469 0.111498 0.111896 0.00109875
9 0.686804 0.0645209 0.109662 0.113911 0.00109014
3 0.191132 0.4376 0.111277 0.11169 0.0010563
5 0.688109 0.189065 0.113413 0.113672 0.00104587
4 0.811938 0.189589 0.112984 0.112966 0.00104385
4 0.811953 0.437495 0.111688 0.113236 0.00104381
1 0.315319 0.685449 0.112415 0.112775 0.00104121
0 0.314942 0.438028 0.111405 0.113744 0.0010408
5 0.935918 0.313629 0.113631 0.113178 0.00103344
2 0.687373 0.809812 0.11157 0.11329 0.00102866
11 0.687692 0.934095 0.112537 0.114595 0.00102688
3 0.439698 0.561334 0.112159 0.113303 0.00100923
13 0.811332 0.561284 0.111411 0.112001 0.00100597
