3 0.191629 0.68535 0.111038 0.11243 0.986732
12 0.564041 0.933785 0.110849 0.113026 0.985978
3 0.563192 0.809794 0.11308 0.112784 0.985925
4 0.439563 0.93406 0.11274 0.112931 0.985468
6 0.191763 0.933756 0.112098 0.11281 0.985315
2 0.31513 0.934113 0.11285 0.113173 0.984701
9 0.191513 0.561542 0.110755 0.11199 0.984675
9 0.31537 0.561661 0.111482 0.112229 0.984604
2 0.315018 0.809571 0.112845 0.112506 0.984451
10 0.439664 0.809478 0.111418 0.111535 0.984362
13 0.812213 0.933893 0.111711 0.112169 0.984341
12 0.0676021 0.68519 0.1118 0.111431 0.983991
2 0.439225 0.685366 0.111867 0.111775 0.983761
10 0.0677673 0.8094 0.112415 0.111789 0.983698
10 0.687962 0.933813 0.112119 0.113318 0.983649
7 0.438231 0.0648664 0.113096 0.113137 0.983412
9 0.0657573 0.0644645 0.112029 0.112437 0.982847
6 0.687751 0.809469 0.111398 0.113227 0.982726
9 0.313292 0.0648292 0.111337 0.112729 0.982559
10 0.935906 0.933922 0.113174 0.11211 0.982556
1 0.191405 0.809434 0.111716 0.112301 0.982419
13 0.191083 0.437799 0.111618 0.111808 0.98241
13 0.0669835 0.437662 0.112729 0.111918 0.982313
7 0.0652522 0.313608 0.112714 0.112635 0.981846
4 0.93566 0.0652796 0.112767 0.112731 0.981839
13 0.315116 0.685412 0.110937 0.111383 0.98166
2 0.811918 0.0652254 0.112024 0.112921 0.981358
1 0.0660918 0.188714 0.111611 0.113037 0.980887
12 0.687913 0.685221 0.110779 0.111829 0.980577
10 0.81229 0.8097 0.1129 0.112775 0.980334
13 0.188954 0.189417 0.111685 0.11211 0.980329
7 0.936503 0.685183 0.112611 0.112251 0.98009
1 0.189447 0.0649978 0.111541 0.1126 0.980025
8 0.936183 0.80982 0.111655 0.112083 0.979869
0 0.0673543 0.561194 0.112388 0.112436 0.979821
13 0.0672101 0.933313 0.113424 0.112507 0.979556
5 0.563626 0.189048 0.11133 0.112183 0.979486
8 0.315161 0.437569 0.112747 0.112331 0.979442
13 0.439576 0.561679 0.113322 0.111788 0.979438
12 0.313582 0.188789 0.112313 0.112142 0.979438
2 0.438256 0.189074 0.11263 0.112439 0.979403
1 0.812009 0.685316 0.113188 0.112766 0.979146
11 0.31375 0.312869 0.111778 0.112745 0.979138
12 0.688135 0.56111 0.111312 0.112252 0.978984
1 0.687699 0.064792 0.111593 0.113453 0.97885
0 0.563682 0.0650382 0.111805 0.113269 0.978734
10 0.812482 0.436981 0.112227 0.11266 0.978652
2 0.43872 0.313284 0.112368 0.111925 0.978645
9 0.935921 0.188863 0.112652 0.112485 0.978384
0 0.811999 0.313013 0.112118 0.111988 0.978348
0 0.563568 0.313153 0.111817 0.112989 0.978316
10 0.936797 0.561193 0.11272 0.112656 0.978291
8 0.440032 0.437343 0.112022 0.11284 0.978282
2 0.563545 0.437591 0.111146 0.111841 0.978252
8 0.564217 0.561606 0.11166 0.112465 0.978162
8 0.687944 0.437229 0.111676 0.112599 0.978152
1 0.936351 0.312716 0.113654 0.11231 0.978137
8 0.189789 0.312994 0.111752 0.112229 0.978134
2 0.687772 0.313685 0.111876 0.111896 0.977849
2 0.812204 0.561558 0.112509 0.113455 0.977823
2 0.811523 0.189078 0.112074 0.112172 0.97778
2 0.936437 0.437028 0.113179 0.113849 0.977763
8 0.687963 0.188897 0.111687 0.112512 0.977114
8 0.564134 0.685546 0.111657 0.112696 0.976917
2 0.563816 0.685567 0.111532 0.111479 0.014903
2 0.688247 0.436879 0.111333 0.112872 0.00833105
2 0.563922 0.561501 0.110563 0.112749 0.00742623
2 0.439598 0.43719 0.111866 0.11254 0.00638131
2 0.314891 0.437348 0.111707 0.112386 0.00628604
1 0.563528 0.437947 0.109798 0.111913 0.00602916
2 0.688194 0.188837 0.111953 0.112407 0.00594362
3 0.688314 0.808867 0.111087 0.112349 0.00554409
0 0.688038 0.0639993 0.111535 0.11353 0.00515405
7 0.439734 0.934026 0.111756 0.112136 0.00463881
1 0.0667266 0.560815 0.114449 0.112059 0.00427638
12 0.0671058 0.436539 0.111839 0.113717 0.0042325
3 0.191763 0.933756 0.112098 0.11281 0.0040758
2 0.189428 0.313024 0.11123 0.112126 0.00404502
2 0.936183 0.80982 0.111655 0.112083 0.00371697
5 0.811494 0.561502 0.11359 0.112127 0.00340854
0 0.936226 0.312935 0.112452 0.111223 0.00335631
12 0.439594 0.561516 0.111391 0.111755 0.00329342
3 0.936177 0.436885 0.113688 0.11267 0.00327772
7 0.688195 0.809178 0.112986 0.113158 0.00322596
5 0.81145 0.189193 0.113062 0.112502 0.00312014
12 0.811515 0.933568 0.11041 0.110394 0.00310795
10 0.812129 0.933528 0.110367 0.112444 0.00308601
12 0.936141 0.685542 0.112681 0.114288 0.00306919
1 0.687577 0.313535 0.11114 0.111905 0.00305465
0 0.439445 0.438099 0.111626 0.112998 0.0029931
5 0.314231 0.31332 0.113083 0.11072 0.00291741
5 0.811503 0.0649858 0.113065 0.11217 0.00289473
1 0.440011 0.934051 0.112802 0.113184 0.00284798
2 0.688082 0.0648845 0.11084 0.111978 0.00278876
12 0.936126 0.188948 0.112231 0.11334 0.00274962
1 0.93619 0.0652339 0.111953 0.113431 0.00270511
0 0.6882 0.437574 0.111273 0.11408 0.00268795
0 0.812347 0.68526 0.111751 0.112401 0.00267322
0 0.31515 0.438097 0.111843 0.113474 0.00263709
1 0.935975 0.437868 0.109757 0.112488 0.00263628
6 0.936143 0.685327 0.111714 0.113753 0.00256338
8 0.813028 0.0651386 0.109003 0.112604 0.00253161
10 0.31352 0.313758 0.111333 0.112449 0.00248913
3 0.811872 0.561633 0.112391 0.112062 0.00248469
4 0.812414 0.437572 0.110464 0.112924 0.00246822
1 0.438527 0.313586 0.112849 0.112005 0.0024174
4 0.812538 0.809353 0.110877 0.11226 0.00239793
12 0.314683 0.685126 0.111525 0.1118 0.00239384
5 0.936072 0.437085 0.113292 0.114169 0.00237134
0 0.189453 0.0644686 0.111865 0.113372 0.00233064
3 0.563974 0.43756 0.111826 0.112428 0.0023136
12 0.191385 0.437417 0.110823 0.111249 0.00223757
11 0.688064 0.933546 0.112303 0.112701 0.00211216
1 0.812176 0.312621 0.111812 0.112799 0.00210789
8 0.688114 0.313561 0.110821 0.113341 0.00207767
3 0.688008 0.312943 0.111263 0.111843 0.00206625
1 0.563707 0.312567 0.111946 0.112734 0.00201305
1 0.439663 0.685165 0.112558 0.112389 0.00195087
7 0.0672765 0.436504 0.112456 0.112993 0.00193008
12 0.31576 0.561296 0.11106 0.112377 0.00187043
10 0.0659182 0.313573 0.111952 0.111923 0.00182536
3 0.811712 0.189681 0.111842 0.112002 0.0017734
1 0.812201 0.561494 0.112353 0.11337 0.00175112
11 0.563737 0.685404 0.112402 0.111315 0.00172934
3 0.439225 0.685366 0.111867 0.111775 0.00172373
1 0.56366 0.0640821 0.11153 0.113485 0.00171129
1 0.812293 0.0646399 0.111828 0.113547 0.00169896
12 0.191677 0.561116 0.110577 0.111974 0.0016283
6 0.687765 0.561164 0.111505 0.111603 0.00162443
12 0.688064 0.933546 0.112303 0.112701 0.00162028
3 0.315018 0.809571 0.112845 0.112506 0.00160262
6 0.191548 0.685327 0.112481 0.112411 0.00159972
12 0.313649 0.0646477 0.112546 0.111805 0.00159258
0 0.189883 0.31361 0.110867 0.11152 0.0015705
4 0.936546 0.561377 0.111059 0.112163 0.00155987
12 0.811954 0.809956 0.112669 0.11196 0.00155817
5 0.688108 0.313397 0.112377 0.113066 0.00155558
3 0.31513 0.934113 0.11285 0.113173 0.00154325
1 0.315696 0.933747 0.113551 0.11335 0.00151783
0 0.0655778 0.188467 0.112131 0.112731 0.00150562
3 0.438778 0.313608 0.113011 0.112899 0.00149642
12 0.0663385 0.0646147 0.111994 0.111625 0.00148495
1 0.43871 0.18894 0.113833 0.113001 0.00148415
4 0.438857 0.0649533 0.112894 0.114294 0.00147208
8 0.813047 0.561753 0.109263 0.112545 0.00146444
13 0.935519 0.933919 0.111792 0.111184 0.00146379
1 0.811836 0.189086 0.111879 0.111997 0.0014586
0 0.688214 0.561231 0.110751 0.11176 0.00145177
5 0.811688 0.809859 0.112806 0.112288 0.00143198
0 0.936384 0.809793 0.111968 0.113291 0.00143146
4 0.811771 0.685214 0.112589 0.112397 0.00143021
1 0.315505 0.809388 0.11315 0.112704 0.00140283
7 0.935487 0.0652046 0.110867 0.111493 0.00140146
0 0.688187 0.189138 0.112836 0.113998 0.00139966
5 0.563622 0.437618 0.112355 0.112698 0.00138134
10 0.066884 0.933585 0.112219 0.113097 0.0013693
12 0.0665159 0.933527 0.112428 0.112414 0.00136393
7 0.440002 0.561283 0.111891 0.112687 0.00136181
0 0.0662682 0.0646462 0.112053 0.112104 0.0013616
11 0.563829 0.561614 0.111903 0.11166 0.00135037
4 0.0658615 0.31354 0.111017 0.111324 0.00135006
7 0.935963 0.933419 0.112368 0.11312 0.00134511
0 0.688179 0.685315 0.111854 0.111848 0.00134358
6 0.68757 0.685443 0.111816 0.111631 0.00133901
5 0.438571 0.313592 0.114789 0.112733 0.00133617
1 0.56348 0.809507 0.112068 0.111912 0.00132239
4 0.688654 0.933593 0.113739 0.113236 0.00131987
12 0.935906 0.933922 0.113174 0.11211 0.00130194
11 0.688162 0.188568 0.111322 0.112332 0.00127571
12 0.812115 0.437231 0.112523 0.112729 0.00127029
5 0.315215 0.933841 0.112232 0.111339 0.00126465
4 0.191405 0.809434 0.111716 0.112301 0.00125319
1 0.191548 0.685327 0.112481 0.112411 0.00123756
7 0.688654 0.933593 0.113739 0.113236 0.00123501
3 0.438948 0.189276 0.113199 0.113327 0.00123109
8 0.811549 0.188934 0.112036 0.113372 0.00122085
7 0.811606 0.809272 0.112461 0.112833 0.00121662
7 0.0669566 0.933987 0.114027 0.113622 0.00121581
6 0.688082 0.0648845 0.11084 0.111978 0.00121387
12 0.93613 0.561396 0.113543 0.11188 0.00119436
5 0.438676 0.189338 0.115186 0.112883 0.00119114
5 0.811844 0.437506 0.112046 0.112015 0.00117806
0 0.313688 0.0646671 0.112127 0.111605 0.00117106
0 0.31576 0.561296 0.11106 0.112377 0.00113905
0 0.191345 0.809412 0.112174 0.112961 0.00112963
5 0.688064 0.933546 0.112303 0.112701 0.00111436
3 0.935838 0.18893 0.112227 0.113214 0.00110406
11 0.0665913 0.933727 0.113546 0.113116 0.00109518
4 0.439664 0.809478 0.111418 0.111535 0.00108902
7 0.191487 0.933773 0.112351 0.113452 0.00107768
6 0.439734 0.934026 0.111756 0.112136 0.00106178
13 0.438719 0.0646902 0.114113 0.112757 0.00105924
1 0.688234 0.809433 0.1113 0.113643 0.00105903
5 0.439841 0.809581 0.111876 0.111789 0.00105827
11 0.687911 0.436904 0.111731 0.112029 0.00105562
2 0.439563 0.93406 0.11274 0.112931 0.00104624
3 0.315425 0.561554 0.111623 0.111762 0.00104233
11 0.0663712 0.437 0.114314 0.11222 0.00103829
4 0.936141 0.685542 0.112681 0.114288 0.00103753
0 0.935838 0.18893 0.112227 0.113214 0.00102044
0 0.191677 0.561116 0.110577 0.111974 0.00102002
13 0.687661 0.933803 0.112425 0.111235 0.00101782
13 0.936218 0.561462 0.110697 0.111698 0.00101136
3 0.811813 0.0654869 0.112354 0.112861 0.00100058
