9 0.935178 0.934001 0.113383 0.113891 0.987441
5 0.316028 0.809348 0.110182 0.112285 0.986032
9 0.191582 0.933638 0.112482 0.113556 0.985923
5 0.191735 0.685264 0.110271 0.112017 0.98586
5 0.316269 0.933798 0.11125 0.113781 0.985683
9 0.439218 0.0650609 0.111937 0.113479 0.985651
9 0.687318 0.933969 0.111977 0.114123 0.985354
12 0.935761 0.809848 0.113654 0.112672 0.985157
6 0.439202 0.809564 0.112023 0.112946 0.985139
5 0.191825 0.561036 0.110546 0.11204 0.984683
10 0.563635 0.809583 0.112179 0.113423 0.984627
7 0.0672362 0.68553 0.112347 0.112388 0.984094
7 0.935706 0.0656908 0.113663 0.113356 0.983649
1 0.315087 0.685116 0.112434 0.112999 0.98343
4 0.067019 0.437359 0.113226 0.112572 0.983218
4 0.191414 0.188831 0.11321 0.112532 0.982991
11 0.0669838 0.064812 0.112996 0.113711 0.982929
3 0.191057 0.437502 0.111381 0.112881 0.982899
9 0.315408 0.313065 0.111821 0.112727 0.982801
13 0.315237 0.560654 0.11197 0.111445 0.982607
11 0.190868 0.31335 0.111874 0.112612 0.982587
6 0.0672248 0.561298 0.112021 0.111699 0.982302
2 0.315396 0.437338 0.11221 0.113222 0.982253
6 0.563545 0.0646816 0.111684 0.113677 0.982167
9 0.93552 0.685652 0.11406 0.112853 0.982012
12 0.439396 0.934362 0.11169 0.114168 0.981754
8 0.563241 0.93427 0.11224 0.113487 0.98131
12 0.19103 0.0647591 0.111665 0.112602 0.981178
13 0.439229 0.436746 0.111742 0.111676 0.981122
12 0.0667386 0.313384 0.112025 0.112578 0.981015
1 0.0669047 0.188627 0.112764 0.112946 0.98092
11 0.56315 0.685332 0.111161 0.112988 0.980608
5 0.811628 0.685584 0.112211 0.112669 0.980494
11 0.811224 0.933861 0.112188 0.113923 0.980437
12 0.314922 0.188996 0.1123 0.112761 0.980191
12 0.0671586 0.934039 0.113224 0.114403 0.979937
1 0.56324 0.437091 0.112826 0.114062 0.979802
13 0.687397 0.437174 0.112709 0.113137 0.979716
9 0.563237 0.313377 0.111766 0.111562 0.979629
2 0.191058 0.809325 0.112606 0.111228 0.979526
12 0.687916 0.312588 0.11156 0.112603 0.979417
10 0.68765 0.0648307 0.111519 0.113215 0.979392
2 0.439234 0.189049 0.111856 0.112093 0.979251
3 0.811703 0.0651621 0.112752 0.114445 0.979141
5 0.563314 0.188722 0.111586 0.113556 0.979119
3 0.439659 0.561251 0.112747 0.112703 0.979065
11 0.687672 0.685066 0.112165 0.113923 0.979058
0 0.56351 0.561296 0.111944 0.113953 0.979055
12 0.314919 0.0647046 0.112046 0.112779 0.978976
3 0.687766 0.561185 0.112051 0.112218 0.978959
13 0.936289 0.189659 0.113357 0.114527 0.978882
0 0.439113 0.685252 0.11194 0.113305 0.978547
4 0.936735 0.436751 0.113211 0.112894 0.978451
10 0.8123 0.312689 0.112416 0.11315 0.978305
9 0.811676 0.437391 0.112229 0.112484 0.978262
9 0.935822 0.313092 0.113396 0.113418 0.978072
6 0.81219 0.188946 0.112697 0.112312 0.97805
9 0.811923 0.561428 0.112087 0.113544 0.977784
5 0.936672 0.560933 0.113337 0.113858 0.977634
8 0.687766 0.809762 0.112197 0.113061 0.977589
8 0.439081 0.313095 0.113079 0.112182 0.977199
0 0.0667984 0.809046 0.112613 0.112493 0.97671
8 0.687638 0.189314 0.111332 0.111977 0.976489
8 0.81123 0.809922 0.110983 0.111879 0.975892
2 0.688037 0.189016 0.112558 0.113054 0.0178504
1 0.0668061 0.809087 0.113137 0.112943 0.0156929
6 0.315263 0.0648901 0.112185 0.11435 0.0108902
2 0.811162 0.809858 0.111112 0.112992 0.00857911
4 0.811594 0.313554 0.111005 0.113129 0.00839726
2 0.439725 0.313467 0.111674 0.113481 0.00819067
6 0.315361 0.189435 0.111661 0.113328 0.00791869
8 0.811273 0.933184 0.111645 0.113087 0.00775583
6 0.687837 0.31347 0.110416 0.112657 0.00706282
2 0.688094 0.809304 0.112488 0.112078 0.00705333
12 0.936213 0.313396 0.111665 0.112472 0.00628668
6 0.191226 0.0647979 0.111461 0.113902 0.00600674
7 0.191128 0.188873 0.111624 0.112484 0.0057227
12 0.563534 0.31342 0.111911 0.112778 0.00544714
6 0.439705 0.934673 0.112307 0.114444 0.00500442
4 0.687742 0.0652194 0.112698 0.113074 0.00484152
6 0.0667386 0.313384 0.112025 0.112578 0.00475863
6 0.0671586 0.934039 0.113224 0.114403 0.00461961
1 0.0667495 0.436639 0.114249 0.112722 0.00458565
3 0.936009 0.313274 0.11191 0.113343 0.0043849
12 0.439444 0.561125 0.111976 0.112435 0.00438488
0 0.688146 0.933436 0.112748 0.113083 0.00409545
12 0.315242 0.313466 0.112203 0.112824 0.00398062
9 0.687711 0.685452 0.112017 0.112511 0.00388437
2 0.563517 0.934331 0.11303 0.113159 0.00378259
1 0.811488 0.18878 0.111138 0.113771 0.0037186
8 0.688086 0.684745 0.111346 0.113942 0.0036919
12 0.687664 0.561126 0.111679 0.112289 0.00367531
3 0.439574 0.809621 0.111498 0.11245 0.00364805
8 0.688146 0.933436 0.112748 0.113083 0.00362448
12 0.811474 0.561897 0.110643 0.112294 0.0035825
12 0.812729 0.436547 0.111146 0.112965 0.0034734
12 0.935786 0.934076 0.112037 0.114032 0.00345309
1 0.191414 0.188831 0.11321 0.112532 0.00342886
1 0.563708 0.56089 0.112109 0.11327 0.00342534
3 0.811484 0.437416 0.110791 0.112235 0.00337306
3 0.811921 0.189239 0.112651 0.113607 0.00333733
5 0.687444 0.685462 0.111882 0.112281 0.00325397
12 0.936055 0.685782 0.111724 0.113959 0.00323978
11 0.811382 0.809993 0.111712 0.112418 0.00314366
12 0.811586 0.0649826 0.111448 0.113027 0.00302639
5 0.191583 0.809208 0.112366 0.112198 0.00297702
3 0.936055 0.685782 0.111724 0.113959 0.00295687
1 0.439319 0.685172 0.111886 0.112635 0.00294607
2 0.0667495 0.436639 0.114249 0.112722 0.00293438
6 0.936464 0.809606 0.112382 0.113165 0.00289102
3 0.811474 0.561897 0.110643 0.112294 0.00285681
7 0.811538 0.312133 0.112461 0.113836 0.0027349
10 0.191603 0.3133 0.112413 0.112796 0.00273196
3 0.191082 0.809555 0.11319 0.112346 0.00272279
1 0.936243 0.436839 0.112785 0.113153 0.00267954
0 0.563472 0.437286 0.111927 0.114188 0.00257923
6 0.68681 0.561151 0.112633 0.112655 0.00245859
4 0.935706 0.0656908 0.113663 0.113356 0.00241578
0 0.688077 0.313069 0.110506 0.114045 0.00239609
10 0.0665232 0.0645844 0.114032 0.113525 0.00238678
7 0.68815 0.065088 0.111539 0.113683 0.00231294
11 0.811556 0.685262 0.11257 0.112243 0.00227806
10 0.687649 0.685106 0.11201 0.113698 0.00224132
5 0.190943 0.312974 0.112766 0.113258 0.00223775
12 0.688044 0.436787 0.11198 0.11297 0.00222788
10 0.93542 0.18943 0.111659 0.11267 0.00221868
6 0.191128 0.188873 0.111624 0.112484 0.00221865
0 0.0665201 0.188461 0.112391 0.11246 0.0022119
11 0.563517 0.934331 0.11303 0.113159 0.00220368
2 0.688101 0.56158 0.111739 0.111593 0.00219566
6 0.191302 0.437583 0.111404 0.111327 0.00216536
4 0.563635 0.809583 0.112179 0.113423 0.00214658
3 0.315157 0.437164 0.112738 0.112582 0.00211554
3 0.935786 0.934076 0.112037 0.114032 0.00210727
7 0.935898 0.436705 0.111667 0.112004 0.00210015
12 0.93601 0.0652783 0.11423 0.114267 0.00209269
0 0.8131 0.437143 0.110855 0.111245 0.0020636
13 0.066687 0.0645737 0.113005 0.113593 0.00200839
3 0.0672248 0.561298 0.112021 0.111699 0.00195043
0 0.315278 0.313494 0.112182 0.112184 0.00194458
9 0.811273 0.933184 0.111645 0.113087 0.00193531
6 0.811586 0.0649826 0.111448 0.113027 0.00192302
13 0.687528 0.0644614 0.110649 0.111656 0.00188862
11 0.686835 0.809314 0.111395 0.111499 0.00183777
7 0.935692 0.189731 0.112606 0.114365 0.00182596
5 0.688123 0.0647686 0.112293 0.112778 0.00178552
6 0.935922 0.0651204 0.113636 0.113066 0.00178374
1 0.0671196 0.56119 0.113111 0.112901 0.00177245
3 0.563545 0.0646816 0.111684 0.113677 0.0017572
5 0.811871 0.31368 0.112708 0.112682 0.00170238
0 0.688107 0.809863 0.112495 0.113182 0.00164468
12 0.439095 0.0646762 0.112629 0.112258 0.00164241
5 0.563553 0.685396 0.111745 0.112285 0.00160489
11 0.687508 0.189466 0.112783 0.113236 0.00156926
1 0.439933 0.81013 0.111925 0.112726 0.00155607
3 0.191038 0.560884 0.112131 0.113142 0.00153088
2 0.936305 0.436808 0.112951 0.113705 0.00151086
12 0.31511 0.561039 0.112491 0.112626 0.00150585
1 0.563768 0.0645863 0.110846 0.11264 0.0014941
12 0.688146 0.933436 0.112748 0.113083 0.00149031
0 0.563611 0.313453 0.111903 0.112335 0.00148756
1 0.315406 0.43678 0.112625 0.113517 0.00148741
3 0.190904 0.685129 0.111945 0.113038 0.00148152
1 0.439583 0.561205 0.112282 0.112548 0.00147646
13 0.190868 0.31335 0.111874 0.112612 0.00147183
12 0.191694 0.933331 0.113046 0.113857 0.00145793
4 0.0672362 0.68553 0.112347 0.112388 0.00143267
7 0.0663799 0.436445 0.111508 0.112184 0.00143153
3 0.439075 0.189221 0.112 0.113225 0.00142991
2 0.811515 0.685067 0.113219 0.112763 0.0014266
2 0.314934 0.809031 0.11224 0.11271 0.00142547
1 0.439199 0.188946 0.11208 0.11316 0.00140588
11 0.439081 0.313095 0.113079 0.112182 0.00140178
7 0.563827 0.809623 0.111924 0.112276 0.00140011
3 0.56349 0.313529 0.11208 0.113566 0.00139081
9 0.191314 0.312998 0.111709 0.112209 0.00138966
9 0.688101 0.56158 0.111739 0.111593 0.00138656
10 0.563431 0.188895 0.1133 0.112882 0.00136954
3 0.0675137 0.933905 0.115045 0.113884 0.00134302
10 0.936346 0.437114 0.111995 0.113235 0.0013288
0 0.813091 0.561851 0.111916 0.111141 0.00132434
9 0.811529 0.064871 0.112529 0.113168 0.00132072
5 0.811449 0.93348 0.112694 0.114244 0.00130393
1 0.687766 0.561185 0.112051 0.112218 0.00127758
4 0.563495 0.43704 0.112781 0.113153 0.00126279
0 0.315239 0.685143 0.112036 0.113195 0.00124435
8 0.563466 0.684427 0.111915 0.112856 0.00121127
12 0.439117 0.436577 0.110533 0.113329 0.00121088
13 0.563553 0.685396 0.111745 0.112285 0.00121071
0 0.936351 0.31342 0.112031 0.112904 0.00117727
9 0.687782 0.436541 0.110718 0.112558 0.00117055
12 0.191207 0.437534 0.11141 0.111778 0.00115927
4 0.68808 0.561144 0.111952 0.113124 0.00115751
13 0.563222 0.809705 0.111484 0.11246 0.00114721
2 0.191414 0.188831 0.11321 0.112532 0.00114199
4 0.315361 0.685139 0.111808 0.112388 0.00114119
10 0.563457 0.685114 0.111177 0.11323 0.00113578
5 0.066687 0.0645737 0.113005 0.113593 0.00112725
13 0.811384 0.312661 0.11139 0.11194 0.0011161
9 0.439439 0.4367 0.110213 0.112537 0.00111256
10 0.687827 0.933667 0.112271 0.114151 0.00110709
10 0.811449 0.93348 0.112694 0.114244 0.00110541
1 0.191302 0.437583 0.111404 0.111327 0.00110015
0 0.688045 0.189448 0.113065 0.113998 0.00109256
11 0.191183 0.685136 0.112033 0.11209 0.00108144
2 0.19119 0.684992 0.11148 0.112126 0.00107958
13 0.687444 0.685462 0.111882 0.112281 0.00107048
10 0.19128 0.560602 0.11106 0.111423 0.00106555
3 0.935926 0.809547 0.11187 0.114051 0.00106552
6 0.936107 0.436473 0.113211 0.113607 0.00106151
3 0.439855 0.934364 0.113647 0.113186 0.00103094
2 0.563314 0.437289 0.111639 0.112416 0.001023
4 0.31542 0.188831 0.111138 0.112948 0.00101497
4 0.315189 0.0644796 0.111396 0.113876 0.00100889
