9 0.31606 0.809435 0.111217 0.111646 0.987821
2 0.563557 0.933919 0.111761 0.112962 0.98635
3 0.440466 0.809403 0.111333 0.112005 0.98626
12 0.3158 0.933718 0.111704 0.112981 0.986134
3 0.440612 0.685588 0.111592 0.112634 0.98575
12 0.935874 0.933555 0.112094 0.11196 0.98567
6 0.316809 0.685557 0.112022 0.111951 0.985383
10 0.439881 0.933603 0.112412 0.113339 0.985166
6 0.191125 0.933706 0.112472 0.112705 0.985065
7 0.315944 0.562092 0.111789 0.111538 0.984447
3 0.0667829 0.43777 0.112429 0.113254 0.984409
9 0.191558 0.561885 0.11179 0.112127 0.984333
1 0.812055 0.933397 0.11244 0.113079 0.984069
4 0.438967 0.0649002 0.111186 0.111552 0.98403
4 0.68797 0.933754 0.112145 0.11297 0.983981
10 0.19237 0.685438 0.11175 0.110684 0.983935
1 0.936301 0.809487 0.112529 0.111453 0.983826
7 0.0662243 0.933834 0.112597 0.113239 0.983784
7 0.0663214 0.314226 0.112119 0.112044 0.983568
6 0.811831 0.809681 0.112335 0.111653 0.98347
9 0.0664072 0.189279 0.112357 0.111491 0.983249
13 0.19095 0.437818 0.113159 0.111343 0.982329
11 0.0668698 0.68587 0.11216 0.111173 0.982005
13 0.190716 0.313865 0.113711 0.111688 0.981958
8 0.563928 0.809795 0.111492 0.11157 0.981937
8 0.687623 0.809463 0.111413 0.111502 0.981843
11 0.315565 0.437141 0.113274 0.112562 0.981801
13 0.314915 0.313404 0.113478 0.11142 0.981701
1 0.189754 0.065207 0.112985 0.11301 0.981325
2 0.190177 0.18937 0.11248 0.112419 0.98081
12 0.314794 0.188529 0.111398 0.11174 0.980576
1 0.440284 0.561835 0.112209 0.112666 0.980467
12 0.439756 0.43743 0.111457 0.111697 0.9803
6 0.562905 0.0649123 0.111311 0.112492 0.979978
13 0.0668285 0.809141 0.112334 0.112021 0.979812
8 0.0660883 0.0653755 0.1103 0.112372 0.979601
9 0.686863 0.437701 0.111093 0.111765 0.979414
0 0.314213 0.0647862 0.111929 0.11262 0.979413
3 0.563628 0.437726 0.112268 0.112486 0.979386
0 0.0668501 0.561958 0.111739 0.11289 0.979325
3 0.811886 0.685861 0.112127 0.112327 0.979251
2 0.935935 0.0650667 0.111288 0.111883 0.979218
13 0.564088 0.56192 0.111681 0.112414 0.979086
9 0.811338 0.561889 0.112269 0.11182 0.978945
1 0.438981 0.312878 0.112579 0.112618 0.978868
9 0.936344 0.313816 0.111085 0.11175 0.978856
1 0.68737 0.0643498 0.112511 0.112136 0.978806
6 0.812594 0.0645403 0.112859 0.111888 0.978688
4 0.936508 0.561545 0.113811 0.112603 0.978565
0 0.935661 0.437377 0.113504 0.112383 0.978539
8 0.191341 0.809324 0.11346 0.11195 0.97846
1 0.812402 0.187845 0.1135 0.113148 0.978368
4 0.936757 0.188447 0.112867 0.113347 0.978337
0 0.438348 0.188997 0.111667 0.111913 0.978328
0 0.687865 0.685393 0.111642 0.111917 0.978193
2 0.562815 0.313537 0.111798 0.111974 0.978069
8 0.564764 0.685849 0.111324 0.112221 0.977998
11 0.812174 0.312726 0.113048 0.113395 0.977972
2 0.56319 0.188737 0.112057 0.113368 0.977868
7 0.687801 0.561901 0.111985 0.112041 0.97786
2 0.936244 0.68575 0.112413 0.112997 0.977693
8 0.687774 0.188014 0.1122 0.112884 0.977588
7 0.812099 0.437361 0.112588 0.112623 0.977546
7 0.687732 0.312861 0.112662 0.112762 0.977489
2 0.687925 0.808783 0.110723 0.110799 0.0120048
1 0.0663473 0.561458 0.113823 0.112282 0.0100907
3 0.812441 0.808911 0.111793 0.112295 0.0100307
2 0.564238 0.685731 0.111259 0.111251 0.010018
2 0.56413 0.809849 0.111209 0.111453 0.00826862
3 0.191125 0.933706 0.112472 0.112705 0.00601462
12 0.686681 0.313079 0.11173 0.11345 0.00554752
12 0.8113 0.437482 0.112471 0.113165 0.00544311
2 0.190751 0.809603 0.11274 0.112062 0.0043986
5 0.936212 0.0648959 0.111784 0.112111 0.00433889
12 0.6867 0.562004 0.110859 0.112548 0.00420991
2 0.688114 0.187861 0.112489 0.11346 0.00419804
2 0.0654196 0.065033 0.113767 0.112678 0.00409626
0 0.688046 0.437415 0.111921 0.111723 0.00387885
0 0.687972 0.0635748 0.112012 0.112193 0.00387789
9 0.811315 0.686074 0.112642 0.111734 0.00375975
1 0.936432 0.18868 0.112214 0.113633 0.0037029
1 0.438967 0.0649002 0.111186 0.111552 0.00365882
1 0.936332 0.561564 0.112764 0.11263 0.00348341
7 0.688082 0.933633 0.111775 0.112238 0.00347492
10 0.811488 0.3126 0.11153 0.112698 0.00342831
12 0.811998 0.561341 0.111288 0.112151 0.00321497
5 0.812069 0.313639 0.112577 0.112396 0.00297435
5 0.936042 0.685732 0.11272 0.114062 0.00294203
0 0.812628 0.933613 0.111655 0.113535 0.00292955
3 0.81142 0.56198 0.112017 0.112253 0.00288258
3 0.688091 0.437579 0.112219 0.112622 0.00284496
1 0.563065 0.313471 0.111128 0.112173 0.0028378
12 0.687641 0.438025 0.109054 0.111784 0.00276729
12 0.936425 0.313575 0.111427 0.113203 0.00273423
3 0.316809 0.685557 0.112022 0.111951 0.0026648
5 0.316406 0.437938 0.114414 0.112081 0.00264274
0 0.688118 0.188434 0.112975 0.114872 0.00260007
12 0.564128 0.561468 0.111551 0.112709 0.00250318
1 0.688028 0.933541 0.111879 0.112321 0.00238262
12 0.0662711 0.808955 0.111413 0.111791 0.00238155
12 0.190694 0.313793 0.111172 0.111202 0.00235849
10 0.0670996 0.68508 0.113454 0.112969 0.00234319
10 0.315588 0.436852 0.11126 0.111107 0.00231586
3 0.56325 0.0643363 0.111182 0.111986 0.00225907
7 0.439146 0.0648154 0.111899 0.111427 0.00221977
0 0.812503 0.187555 0.113835 0.114502 0.0021754
4 0.812267 0.438027 0.109999 0.112387 0.00215312
2 0.688037 0.0645497 0.111194 0.111591 0.00210288
5 0.563325 0.189071 0.113756 0.112857 0.00199762
12 0.564424 0.438062 0.112271 0.11137 0.00198101
0 0.189754 0.0646919 0.112653 0.113731 0.00196836
12 0.190979 0.438105 0.109614 0.11208 0.00193042
5 0.563262 0.313338 0.112136 0.112921 0.001909
6 0.686817 0.561666 0.112248 0.112713 0.00188579
1 0.688008 0.685044 0.112041 0.111472 0.0018747
1 0.56417 0.933454 0.112399 0.113611 0.0018726
13 0.936321 0.933662 0.111058 0.112899 0.0018714
6 0.811876 0.438057 0.112259 0.11265 0.00185652
6 0.564102 0.438024 0.111862 0.11111 0.00180564
1 0.936338 0.685757 0.112192 0.112986 0.00178639
9 0.811386 0.312468 0.112223 0.111842 0.00177822
12 0.811357 0.686081 0.112168 0.112053 0.001756
1 0.563122 0.188983 0.11149 0.111134 0.00172724
3 0.935979 0.685859 0.11276 0.11167 0.00171695
7 0.563404 0.0647333 0.112833 0.112304 0.00169839
12 0.191713 0.561424 0.111158 0.112245 0.00168323
6 0.686792 0.312732 0.113186 0.113356 0.00167608
9 0.564144 0.436882 0.11043 0.112674 0.0016069
6 0.0674446 0.438077 0.113436 0.112748 0.00160618
10 0.936321 0.933662 0.111058 0.112899 0.00160545
4 0.43935 0.313128 0.112298 0.112468 0.00158391
3 0.812151 0.064687 0.112904 0.11292 0.00157908
12 0.0676349 0.438113 0.11294 0.112793 0.00157307
7 0.812055 0.0650823 0.113126 0.112476 0.00157252
3 0.563466 0.1886 0.111752 0.112677 0.00156576
0 0.439309 0.312608 0.112264 0.112807 0.00155707
12 0.066649 0.189585 0.111939 0.111934 0.00155382
4 0.687813 0.313268 0.111155 0.112479 0.00153031
1 0.440269 0.685769 0.111567 0.111954 0.00151039
1 0.936599 0.0645672 0.11194 0.11244 0.00150515
11 0.56418 0.685809 0.111802 0.111194 0.001503
0 0.936301 0.809487 0.112529 0.111453 0.00149089
0 0.191713 0.561424 0.111158 0.112245 0.00148502
10 0.93627 0.561448 0.112077 0.11208 0.00147648
3 0.563349 0.313609 0.111602 0.112226 0.00146252
2 0.93627 0.561448 0.112077 0.11208 0.00145676
10 0.0662711 0.808955 0.111413 0.111791 0.00145262
4 0.812489 0.188301 0.113583 0.114147 0.00145224
4 0.440284 0.561835 0.112209 0.112666 0.00144939
7 0.93609 0.188895 0.11175 0.112389 0.00144784
2 0.813023 0.18798 0.111971 0.114467 0.00143478
9 0.0674446 0.438077 0.113436 0.112748 0.00140652
13 0.191698 0.685478 0.112521 0.111714 0.00140346
10 0.811876 0.438057 0.112259 0.11265 0.00138153
2 0.813049 0.932751 0.111897 0.114015 0.0013814
11 0.0662153 0.809163 0.112418 0.111517 0.0013473
4 0.688177 0.561972 0.111572 0.112826 0.00133449
7 0.935579 0.561817 0.111167 0.111456 0.00133085
13 0.0665039 0.684944 0.112483 0.11043 0.00132475
8 0.811386 0.312468 0.112223 0.111842 0.00131697
0 0.0665432 0.189634 0.111918 0.112207 0.00131602
7 0.564417 0.561446 0.111074 0.113131 0.00130593
10 0.0665645 0.314071 0.111926 0.112882 0.00130562
3 0.563889 0.933581 0.111105 0.112895 0.00130091
7 0.811309 0.809562 0.112489 0.111636 0.00129519
2 0.936402 0.188736 0.11148 0.113217 0.00129461
2 0.688028 0.933541 0.111879 0.112321 0.00129303
3 0.189893 0.189226 0.113096 0.112813 0.00129141
6 0.440008 0.437454 0.111034 0.111741 0.0012773
2 0.438967 0.0649002 0.111186 0.111552 0.00125899
12 0.316314 0.809702 0.112297 0.111414 0.00125797
11 0.688232 0.809318 0.112036 0.112267 0.00124925
1 0.811886 0.685861 0.112127 0.112327 0.00124073
1 0.438707 0.188394 0.112048 0.113073 0.00123109
4 0.936292 0.809378 0.112024 0.111448 0.00121583
2 0.0676349 0.438113 0.11294 0.112793 0.00121464
3 0.936295 0.0649496 0.111069 0.111778 0.00121422
7 0.31638 0.685758 0.112947 0.112063 0.00120108
11 0.564561 0.809906 0.110401 0.112218 0.0011965
3 0.93606 0.3134 0.111678 0.112965 0.00119434
13 0.440391 0.933734 0.111999 0.111612 0.0011867
7 0.936024 0.932878 0.110539 0.113618 0.00118655
1 0.190267 0.189459 0.112202 0.111786 0.00118136
8 0.686632 0.437262 0.112381 0.111598 0.00116927
11 0.688079 0.187895 0.111823 0.112606 0.00116336
4 0.0662243 0.933834 0.112597 0.113239 0.00115785
9 0.190979 0.438105 0.109614 0.11208 0.00115606
10 0.687776 0.313309 0.112523 0.112486 0.00114846
4 0.812055 0.933397 0.11244 0.113079 0.00111889
0 0.811137 0.561888 0.111442 0.11212 0.00111861
0 0.936361 0.31361 0.111082 0.112908 0.00109102
0 0.44031 0.561463 0.112307 0.113045 0.00107305
9 0.314213 0.0647862 0.111929 0.11262 0.00106878
13 0.686792 0.312732 0.113186 0.113356 0.00106115
9 0.935637 0.43779 0.113099 0.112672 0.00105887
8 0.688179 0.685004 0.112622 0.111905 0.00104414
9 0.936298 0.93311 0.111415 0.110576 0.00102654
3 0.315643 0.809557 0.11219 0.111146 0.00102609
0 0.688232 0.809318 0.112036 0.112267 0.00102206
12 0.315037 0.313476 0.110308 0.111024 0.00101193
9 0.315588 0.436852 0.11126 0.111107 0.00101081
1 0.563628 0.437726 0.112268 0.112486 0.00100388
2 0.811222 0.561882 0.111775 0.111957 0.00100242
