7 0.191497 0.809491 0.111261 0.111504 0.985586
12 0.315961 0.68528 0.110954 0.111148 0.985184
2 0.563307 0.809872 0.111738 0.112633 0.984969
3 0.315513 0.561326 0.111731 0.11313 0.98496
12 0.0673384 0.809779 0.112243 0.112045 0.984221
3 0.687299 0.80994 0.112597 0.112381 0.984206
5 0.811676 0.0659569 0.111017 0.111228 0.984051
1 0.315431 0.934116 0.112171 0.112519 0.983907
10 0.315247 0.0646775 0.111034 0.111852 0.983723
5 0.563362 0.065604 0.110498 0.112055 0.983671
3 0.191058 0.313534 0.111494 0.112948 0.983544
9 0.0670501 0.0644357 0.11323 0.112873 0.983499
1 0.563436 0.933997 0.111851 0.113202 0.983498
10 0.687781 0.933787 0.112455 0.113324 0.983472
2 0.687675 0.0653434 0.110963 0.112296 0.982941
3 0.190843 0.189325 0.111814 0.113166 0.98292
2 0.315119 0.809746 0.112738 0.11258 0.982778
10 0.812057 0.934076 0.112522 0.112378 0.98276
9 0.439408 0.685531 0.110925 0.111819 0.982745
8 0.439333 0.933899 0.112108 0.112993 0.982395
1 0.439574 0.809803 0.112088 0.113059 0.982211
7 0.812224 0.809525 0.112359 0.112329 0.982083
2 0.0671373 0.685487 0.112731 0.112655 0.981862
1 0.0666383 0.437593 0.112631 0.112673 0.981859
8 0.935899 0.933578 0.112875 0.111959 0.981803
1 0.190999 0.561762 0.112226 0.112725 0.981714
10 0.56356 0.685547 0.110918 0.11131 0.9817
13 0.191164 0.933622 0.111053 0.112227 0.981562
11 0.0666809 0.189279 0.11311 0.112436 0.981353
5 0.439374 0.437554 0.112519 0.112477 0.981337
2 0.0668696 0.933777 0.113394 0.11394 0.981333
0 0.191632 0.685442 0.111685 0.111532 0.981224
10 0.936454 0.809735 0.112788 0.111234 0.98122
1 0.190907 0.0643354 0.111977 0.113387 0.981086
3 0.935429 0.064932 0.113879 0.113917 0.980992
1 0.314808 0.188896 0.112237 0.111654 0.980397
8 0.191204 0.437404 0.11147 0.111677 0.980084
8 0.0657324 0.561416 0.112071 0.11239 0.97988
6 0.564086 0.561353 0.112501 0.113073 0.979879
13 0.93622 0.685444 0.112612 0.111469 0.979759
8 0.315178 0.313306 0.112326 0.11207 0.979734
0 0.0672393 0.312945 0.112186 0.112787 0.979622
1 0.439385 0.064904 0.111551 0.112862 0.979486
2 0.439251 0.313057 0.112141 0.112187 0.979482
1 0.563455 0.437129 0.111877 0.112512 0.979335
8 0.315203 0.437457 0.112505 0.111977 0.979269
13 0.439525 0.561537 0.111972 0.112482 0.979083
12 0.563708 0.188872 0.112113 0.112525 0.978959
13 0.811838 0.685558 0.112191 0.112221 0.978902
4 0.936421 0.43677 0.113913 0.113203 0.978888
1 0.81191 0.188783 0.112315 0.112322 0.978711
13 0.687585 0.313193 0.111394 0.111389 0.978694
4 0.936785 0.561317 0.113696 0.112849 0.978592
11 0.68767 0.561474 0.111915 0.113035 0.978566
6 0.812423 0.313116 0.111891 0.112292 0.978537
0 0.687509 0.437022 0.111749 0.112918 0.978527
1 0.93632 0.312829 0.114015 0.112569 0.978384
8 0.811944 0.437086 0.111898 0.112545 0.978344
0 0.687571 0.189047 0.111689 0.112621 0.978297
0 0.563478 0.313341 0.111545 0.112839 0.978293
0 0.439195 0.188967 0.111757 0.113016 0.978237
2 0.812209 0.561565 0.112457 0.113472 0.977899
8 0.687817 0.685629 0.112189 0.112323 0.977774
2 0.936082 0.189027 0.112884 0.113144 0.977395
2 0.0665748 0.561072 0.1122 0.113662 0.00795698
2 0.687566 0.685462 0.112429 0.111658 0.00706602
2 0.315816 0.436942 0.111708 0.112748 0.00686226
2 0.812233 0.436794 0.111203 0.112304 0.00647943
12 0.811539 0.809694 0.112337 0.113608 0.00504069
5 0.687761 0.561251 0.111604 0.111814 0.00442023
1 0.687662 0.436465 0.111973 0.112526 0.00429224
6 0.811503 0.809294 0.112911 0.113423 0.00409981
2 0.191358 0.436897 0.11151 0.112504 0.00398846
1 0.936183 0.43679 0.113377 0.113496 0.003881
1 0.936521 0.561392 0.112686 0.112849 0.00380315
2 0.314989 0.312988 0.111269 0.112159 0.00371576
10 0.686755 0.561354 0.11264 0.111511 0.0036775
0 0.936229 0.312896 0.112835 0.111555 0.00366966
1 0.439562 0.189005 0.11183 0.113001 0.00354177
5 0.811463 0.561621 0.113645 0.112275 0.00341501
0 0.812118 0.188595 0.111848 0.113046 0.00338871
3 0.812137 0.313433 0.111704 0.113353 0.00337473
12 0.811471 0.685429 0.111092 0.111848 0.00309981
3 0.0664289 0.685338 0.114688 0.112671 0.00304047
12 0.439485 0.561383 0.111218 0.111731 0.00301436
1 0.563635 0.312724 0.111641 0.112847 0.0029159
5 0.688208 0.0648573 0.111536 0.112764 0.00288595
11 0.811675 0.933365 0.113342 0.112042 0.00283749
1 0.0670196 0.312514 0.112695 0.112154 0.00273207
1 0.439382 0.313506 0.111052 0.111374 0.00269389
2 0.439517 0.933926 0.11197 0.112814 0.00267171
13 0.811673 0.933553 0.111344 0.112786 0.00267069
12 0.687787 0.809738 0.111646 0.112439 0.00264822
7 0.68816 0.31339 0.111665 0.112497 0.00262716
0 0.190761 0.438051 0.110938 0.113285 0.00260904
12 0.688105 0.313325 0.111863 0.113458 0.00258517
7 0.563858 0.56107 0.113428 0.113578 0.00255888
0 0.56363 0.436936 0.111292 0.112371 0.00250215
0 0.4393 0.064289 0.11155 0.11361 0.00249935
0 0.190907 0.0643354 0.111977 0.113387 0.00245923
0 0.315022 0.43806 0.111803 0.113495 0.00243065
3 0.811923 0.561571 0.112427 0.112125 0.00236313
1 0.687814 0.188082 0.111186 0.112661 0.00232776
2 0.688181 0.809775 0.112738 0.11146 0.00230067
3 0.315119 0.809746 0.112738 0.11258 0.00228648
5 0.935841 0.189093 0.113809 0.113186 0.00224795
3 0.687886 0.064463 0.110701 0.112787 0.00218104
3 0.563963 0.809389 0.111228 0.112548 0.00217166
0 0.811328 0.438011 0.109866 0.112882 0.00217139
5 0.0667815 0.18841 0.112967 0.112025 0.00212211
2 0.936044 0.933831 0.112419 0.112542 0.00204029
0 0.563357 0.933796 0.110921 0.112006 0.00203951
10 0.066333 0.18913 0.112989 0.111167 0.00202843
12 0.935788 0.685724 0.111479 0.1121 0.00202597
1 0.688208 0.0648573 0.111536 0.112764 0.00197411
8 0.813062 0.561782 0.109074 0.112519 0.00193324
11 0.687941 0.933576 0.112604 0.112769 0.00191785
3 0.0664062 0.933695 0.114632 0.113713 0.00189237
10 0.935897 0.685075 0.111021 0.11152 0.00188517
4 0.68845 0.93355 0.113876 0.113546 0.00188298
0 0.0662884 0.436638 0.113833 0.112047 0.00185928
1 0.19147 0.685497 0.11209 0.111972 0.00185066
1 0.563824 0.809724 0.112348 0.113162 0.00178196
4 0.439592 0.437896 0.111817 0.110943 0.00178011
0 0.315491 0.933996 0.111546 0.112796 0.00175258
9 0.688181 0.809775 0.112738 0.11146 0.0017447
0 0.314953 0.188582 0.11217 0.113262 0.00168321
5 0.688203 0.809606 0.113014 0.111455 0.00167636
1 0.81219 0.561483 0.112346 0.113474 0.0016662
7 0.68845 0.93355 0.113876 0.113546 0.00166264
9 0.935724 0.0648921 0.112147 0.112884 0.00162686
5 0.563756 0.810096 0.112571 0.112487 0.00162583
2 0.936437 0.56133 0.111931 0.112311 0.00162509
2 0.688104 0.561281 0.112696 0.112459 0.00160344
12 0.935697 0.0650186 0.112658 0.112436 0.00156889
12 0.687941 0.933576 0.112604 0.112769 0.00156422
1 0.936215 0.188969 0.112847 0.112503 0.0015374
12 0.439696 0.685418 0.112234 0.112814 0.00153164
7 0.81147 0.313046 0.111332 0.112903 0.00150571
11 0.688132 0.685747 0.112068 0.112212 0.00149882
3 0.439592 0.437896 0.111817 0.110943 0.00149724
7 0.935943 0.561442 0.111533 0.112087 0.00149218
7 0.439811 0.561225 0.111426 0.112577 0.001469
3 0.564263 0.561138 0.112014 0.112653 0.00146223
11 0.190931 0.437692 0.112209 0.111688 0.00143951
9 0.935928 0.933769 0.111089 0.111799 0.00142201
11 0.93622 0.685444 0.112612 0.111469 0.00141745
3 0.935553 0.189579 0.112657 0.112676 0.00138356
0 0.19105 0.561505 0.113424 0.112618 0.00137651
9 0.687529 0.561565 0.110874 0.111587 0.0013765
4 0.563963 0.809389 0.111228 0.112548 0.00137297
5 0.0668553 0.933564 0.112719 0.111826 0.00137116
12 0.067205 0.0647086 0.112809 0.112883 0.0013546
4 0.811539 0.809694 0.112337 0.113608 0.00134719
1 0.315595 0.809577 0.113089 0.112498 0.00134444
2 0.936185 0.436823 0.112933 0.112858 0.00134119
1 0.0670784 0.685459 0.113028 0.112001 0.00132397
0 0.31558 0.313559 0.111413 0.112002 0.0013209
0 0.439734 0.809701 0.111893 0.113201 0.00131961
6 0.315961 0.68528 0.110954 0.111148 0.00131231
0 0.0671429 0.0647454 0.112844 0.113371 0.00130755
12 0.564097 0.685137 0.110887 0.110696 0.00130476
7 0.935588 0.437512 0.112269 0.112443 0.00130456
10 0.439481 0.437403 0.11175 0.112334 0.00129731
10 0.936437 0.56133 0.111931 0.112311 0.00129429
1 0.688027 0.80963 0.111695 0.111725 0.00129198
0 0.935373 0.933967 0.111024 0.112099 0.00129077
1 0.314964 0.561362 0.112253 0.112022 0.00128351
3 0.439746 0.685676 0.111504 0.112247 0.00128125
4 0.190999 0.561762 0.112226 0.112725 0.00126706
4 0.563689 0.437196 0.111475 0.111629 0.00126354
5 0.936195 0.809683 0.11178 0.112105 0.00125515
12 0.190926 0.189141 0.111933 0.112448 0.00125205
4 0.439606 0.809654 0.111504 0.112555 0.001252
0 0.688132 0.685747 0.112068 0.112212 0.00124547
1 0.935801 0.0653283 0.111536 0.111981 0.00121598
5 0.687941 0.933576 0.112604 0.112769 0.00121438
11 0.439035 0.436683 0.111225 0.109604 0.00120798
4 0.811673 0.189214 0.111627 0.112166 0.00120654
4 0.812682 0.933716 0.110963 0.112702 0.00116604
1 0.0670739 0.933566 0.113902 0.112906 0.00115053
3 0.439633 0.313611 0.111591 0.112042 0.0011311
4 0.688154 0.809506 0.113298 0.111855 0.00111257
4 0.56356 0.685547 0.110918 0.11131 0.00109955
12 0.936454 0.809735 0.112788 0.111234 0.00109811
4 0.563357 0.933796 0.110921 0.112006 0.0010859
7 0.813138 0.933695 0.110962 0.113832 0.00107636
4 0.315166 0.189149 0.112221 0.113591 0.00107488
13 0.066333 0.18913 0.112989 0.111167 0.001044
11 0.0669428 0.560949 0.112646 0.114285 0.00103533
10 0.810958 0.0650429 0.111506 0.111959 0.00103135
5 0.813112 0.933048 0.111554 0.112918 0.00102394
11 0.191164 0.933622 0.111053 0.112227 0.00101668
13 0.563391 0.685471 0.111489 0.111575 0.00101471
5 0.0674096 0.685393 0.113353 0.114336 0.00100788
11 0.440167 0.933942 0.111941 0.112377 0.00100153
6 0.936018 0.436659 0.114275 0.112772 0.00100082
