9 0.31515 0.809339 0.112629 0.111534 0.987512
4 0.936159 0.9337 0.11284 0.113389 0.986942
9 0.563268 0.933793 0.111682 0.112484 0.986184
2 0.439454 0.809466 0.1123 0.111986 0.985524
5 0.812409 0.809737 0.111403 0.111027 0.984953
6 0.440568 0.685831 0.111661 0.111442 0.984734
6 0.0669927 0.685817 0.112719 0.111322 0.984733
10 0.191112 0.809413 0.112695 0.111973 0.984607
6 0.316328 0.685917 0.111892 0.111443 0.984519
3 0.562636 0.0651395 0.111313 0.112173 0.984471
10 0.0665306 0.933964 0.111884 0.113434 0.984072
7 0.0665883 0.0655284 0.112496 0.112002 0.983936
4 0.440321 0.561648 0.112048 0.112755 0.983818
3 0.189984 0.933625 0.113846 0.113415 0.983482
7 0.439619 0.933842 0.11215 0.112081 0.983422
10 0.191416 0.437429 0.114142 0.113045 0.983383
13 0.563836 0.809577 0.111896 0.112188 0.983153
9 0.811911 0.93353 0.112778 0.113664 0.983037
6 0.31585 0.312991 0.113086 0.11239 0.982987
11 0.935641 0.0656037 0.11201 0.111999 0.982909
7 0.31546 0.933977 0.112277 0.111417 0.982803
3 0.190691 0.18929 0.111994 0.11196 0.982802
10 0.687818 0.809415 0.112434 0.112964 0.982732
6 0.0668649 0.313387 0.112891 0.112464 0.982728
3 0.936678 0.809574 0.111922 0.111434 0.982384
7 0.438995 0.0653811 0.111713 0.111364 0.982176
13 0.314785 0.0648862 0.112334 0.111463 0.981972
3 0.190734 0.0652358 0.110994 0.111809 0.981832
0 0.191324 0.685485 0.112613 0.111218 0.981752
11 0.191414 0.561719 0.112014 0.11197 0.981584
1 0.190558 0.313377 0.112562 0.112855 0.981485
12 0.31599 0.561716 0.112572 0.112299 0.981447
1 0.315411 0.437391 0.112277 0.112186 0.981339
3 0.687414 0.0649548 0.111296 0.111968 0.981327
9 0.439972 0.437613 0.112062 0.111981 0.98118
12 0.0669118 0.56201 0.11322 0.112449 0.981033
11 0.0663499 0.437883 0.112523 0.112402 0.980988
2 0.314583 0.18908 0.111996 0.112695 0.980826
11 0.935862 0.685532 0.112632 0.111388 0.980543
3 0.43848 0.189251 0.111658 0.11237 0.980269
8 0.687827 0.933455 0.11222 0.113102 0.980076
2 0.0663324 0.189336 0.111137 0.11338 0.980027
9 0.687436 0.313084 0.112129 0.111944 0.980015
9 0.563336 0.437856 0.111736 0.111852 0.979822
6 0.563459 0.313108 0.112967 0.113361 0.979194
1 0.564007 0.685753 0.112241 0.112455 0.979077
6 0.812156 0.43717 0.113785 0.112851 0.979067
3 0.687407 0.561517 0.111593 0.111855 0.979054
9 0.936126 0.562094 0.111414 0.111478 0.979039
9 0.811144 0.561893 0.112317 0.111622 0.979012
12 0.687395 0.685557 0.111521 0.111265 0.978911
1 0.812185 0.685444 0.113389 0.112461 0.978886
7 0.564039 0.561829 0.112286 0.113593 0.97881
12 0.439402 0.313598 0.112016 0.111893 0.978753
7 0.563559 0.188516 0.11227 0.11359 0.978584
4 0.812962 0.18789 0.113957 0.113893 0.978562
5 0.687559 0.436907 0.112067 0.112744 0.978243
11 0.6876 0.187997 0.112829 0.113985 0.978112
2 0.936248 0.437165 0.113047 0.113886 0.977984
8 0.0667825 0.808901 0.110696 0.111499 0.977814
2 0.812228 0.31266 0.113592 0.113905 0.977754
0 0.936843 0.188366 0.111906 0.112813 0.977654
2 0.936691 0.312899 0.112433 0.113928 0.977346
0 0.81245 0.0644751 0.113055 0.111598 0.97711
5 0.191114 0.561968 0.112117 0.112232 0.0137693
5 0.688047 0.187735 0.111784 0.11297 0.0128547
2 0.687827 0.933455 0.11222 0.113102 0.0107783
2 0.0667809 0.808674 0.112788 0.112242 0.0102239
3 0.811924 0.3136 0.113029 0.11276 0.0098891
6 0.687558 0.685436 0.112144 0.112226 0.00667479
1 0.935924 0.437947 0.110494 0.114942 0.00539873
3 0.936296 0.313835 0.111957 0.112289 0.00490722
1 0.81196 0.313244 0.11199 0.113478 0.00470258
8 0.813078 0.932985 0.111002 0.112399 0.00466627
12 0.190857 0.0652216 0.111912 0.111634 0.00462117
1 0.936293 0.313416 0.110848 0.114137 0.00406945
6 0.937076 0.808816 0.11179 0.111109 0.00391698
12 0.564205 0.809055 0.109706 0.111463 0.00381221
12 0.687492 0.561333 0.111053 0.112001 0.00371712
10 0.564205 0.809055 0.109706 0.111463 0.00363552
3 0.936057 0.437668 0.11302 0.112664 0.00363441
10 0.936844 0.685678 0.112429 0.112498 0.0035331
6 0.315947 0.56153 0.113564 0.11295 0.00345829
0 0.68804 0.313038 0.112447 0.111842 0.00340052
7 0.439881 0.561658 0.11207 0.112362 0.00335524
2 0.688035 0.188371 0.113424 0.114007 0.00334632
9 0.686679 0.561728 0.111975 0.111769 0.00329456
5 0.936142 0.685525 0.112174 0.112429 0.00322933
10 0.686714 0.188085 0.114187 0.113442 0.00322036
2 0.688067 0.437196 0.112562 0.11194 0.00309867
9 0.687886 0.933193 0.112631 0.113474 0.00303093
12 0.687302 0.0646088 0.110905 0.110888 0.00299788
4 0.688215 0.809276 0.112375 0.112685 0.00297431
4 0.0662619 0.0656484 0.112887 0.110856 0.00286039
5 0.0661315 0.189157 0.112426 0.11273 0.00284911
0 0.813078 0.932985 0.111002 0.112399 0.0027878
9 0.18941 0.0653569 0.112552 0.112182 0.00265964
6 0.191191 0.933225 0.112495 0.113139 0.00262548
12 0.687532 0.313302 0.111637 0.11191 0.00248512
5 0.0663499 0.437883 0.112523 0.112402 0.00244015
0 0.439807 0.438187 0.113569 0.112566 0.00237841
3 0.0664688 0.68543 0.114123 0.112546 0.00234118
5 0.811509 0.312773 0.114004 0.113472 0.00233007
1 0.440274 0.561802 0.112487 0.112471 0.00231002
1 0.812933 0.188542 0.113309 0.114085 0.00230838
10 0.191491 0.561384 0.112927 0.112699 0.00228
6 0.439033 0.313239 0.112639 0.112696 0.00225759
6 0.563543 0.064799 0.111524 0.112426 0.00222016
0 0.688352 0.933183 0.113466 0.113293 0.00220911
9 0.189401 0.189422 0.113072 0.112509 0.00217657
7 0.935968 0.933364 0.112688 0.114218 0.00216012
3 0.688067 0.437196 0.112562 0.11194 0.00214762
5 0.935641 0.0656037 0.11201 0.111999 0.00210127
5 0.936274 0.31286 0.11263 0.114228 0.00208196
11 0.811565 0.809246 0.113289 0.111349 0.0020665
8 0.811134 0.562046 0.112611 0.112333 0.00206627
4 0.563478 0.188398 0.114349 0.114049 0.00206153
4 0.563288 0.065092 0.113181 0.11199 0.00205862
4 0.440096 0.9338 0.112294 0.112511 0.00204742
2 0.688139 0.0649975 0.111855 0.11103 0.00204495
6 0.190857 0.0652216 0.111912 0.111634 0.00201423
12 0.190501 0.189663 0.112685 0.112748 0.00199468
12 0.936137 0.809607 0.112593 0.112307 0.00199322
5 0.688174 0.808986 0.111726 0.112251 0.00198307
2 0.813198 0.188758 0.113243 0.114285 0.00197961
11 0.686771 0.43714 0.111626 0.110779 0.00197856
6 0.0670196 0.561647 0.113572 0.112559 0.00195822
2 0.688066 0.561846 0.110437 0.11059 0.00194742
5 0.936019 0.437133 0.113533 0.114565 0.00194363
6 0.688139 0.0649975 0.111855 0.11103 0.00192061
12 0.563676 0.438117 0.111405 0.111881 0.00191715
4 0.564455 0.685729 0.111048 0.111055 0.00188732
12 0.439758 0.438186 0.112359 0.111825 0.00187361
8 0.686674 0.313042 0.114109 0.112042 0.00186591
3 0.440218 0.809668 0.111502 0.112038 0.00186112
8 0.936244 0.0647666 0.110152 0.110727 0.00183644
4 0.688123 0.0648912 0.112748 0.112126 0.00181976
0 0.563844 0.438117 0.11309 0.113081 0.00180818
10 0.936312 0.0650249 0.110485 0.111654 0.00179698
2 0.813089 0.808939 0.11378 0.114377 0.00178783
8 0.0665397 0.438195 0.111858 0.113496 0.00178217
2 0.936415 0.93387 0.113265 0.114917 0.00176088
4 0.191121 0.437439 0.112791 0.113523 0.00170842
6 0.439512 0.188987 0.11192 0.112426 0.00169319
8 0.439758 0.438186 0.112359 0.111825 0.00167054
13 0.19095 0.43753 0.112137 0.111774 0.00166495
11 0.0667707 0.808922 0.111404 0.111658 0.00164657
4 0.315934 0.934013 0.111794 0.111867 0.00164086
1 0.936159 0.9337 0.11284 0.113389 0.00163409
0 0.688149 0.685615 0.112233 0.112487 0.0016307
7 0.564205 0.809055 0.109706 0.111463 0.00163042
7 0.191267 0.438172 0.113136 0.112991 0.00162137
1 0.936354 0.80951 0.111389 0.111414 0.00161047
5 0.190755 0.809357 0.112895 0.112439 0.00158446
0 0.81255 0.685219 0.111993 0.111999 0.00158419
4 0.564236 0.561869 0.112234 0.112125 0.00157547
3 0.563919 0.312624 0.112477 0.11279 0.00156048
11 0.314373 0.0654711 0.111679 0.11198 0.00155869
1 0.439949 0.809309 0.112951 0.112423 0.00153014
1 0.812347 0.436657 0.113353 0.112023 0.0015256
4 0.315704 0.437576 0.112353 0.112734 0.00152316
6 0.68754 0.561232 0.110563 0.111722 0.00151643
12 0.190608 0.933398 0.112991 0.112355 0.00149487
8 0.0659539 0.18947 0.11234 0.111717 0.00149252
4 0.190522 0.31388 0.112529 0.113004 0.00148823
1 0.687407 0.561517 0.111593 0.111855 0.00146196
10 0.563409 0.188696 0.112708 0.112788 0.00146044
1 0.0661625 0.189654 0.111063 0.112285 0.00145634
8 0.935924 0.437947 0.110494 0.114942 0.00145055
1 0.314764 0.188959 0.112162 0.113745 0.00141663
10 0.0670125 0.436863 0.111743 0.110637 0.00140767
1 0.191238 0.685452 0.11261 0.112057 0.0013868
2 0.813026 0.685245 0.111622 0.112706 0.00137671
4 0.812156 0.685233 0.113045 0.112029 0.00137597
1 0.687547 0.0647835 0.111389 0.111654 0.00137472
7 0.31542 0.313565 0.112738 0.112442 0.00136826
11 0.811567 0.932785 0.112325 0.11171 0.00135468
8 0.563959 0.933406 0.11307 0.111497 0.00134707
11 0.688134 0.933602 0.1128 0.112873 0.00133764
8 0.813045 0.313128 0.111934 0.113952 0.00130759
3 0.813089 0.808939 0.11378 0.114377 0.00130014
8 0.563582 0.437614 0.112183 0.111111 0.00128978
8 0.935912 0.562031 0.11204 0.11295 0.0012791
12 0.438941 0.189158 0.112229 0.112542 0.00124314
2 0.56332 0.0652039 0.111945 0.111255 0.00123879
1 0.190712 0.933451 0.112639 0.112859 0.00123405
10 0.315087 0.0652733 0.111299 0.111047 0.00121152
7 0.686746 0.686304 0.11129 0.112659 0.00121049
7 0.688215 0.809276 0.112375 0.112685 0.00120665
11 0.56402 0.933472 0.113025 0.111635 0.00119716
7 0.563498 0.313383 0.112372 0.112407 0.00119393
0 0.315705 0.438062 0.111441 0.113126 0.0011902
1 0.190468 0.0652937 0.111901 0.112072 0.00118035
4 0.688067 0.437196 0.112562 0.11194 0.00117913
5 0.81265 0.188387 0.113343 0.112932 0.00117535
1 0.812805 0.0636594 0.112136 0.112019 0.00116715
10 0.687273 0.437554 0.111159 0.111561 0.00116382
6 0.564277 0.561354 0.110919 0.112889 0.00113135
4 0.190367 0.933744 0.112923 0.111991 0.0011284
9 0.936675 0.189022 0.111604 0.113682 0.00112485
1 0.563401 0.313305 0.112027 0.1135 0.00112317
8 0.813071 0.064402 0.112396 0.112112 0.00112238
3 0.812142 0.436921 0.113886 0.113014 0.00110792
4 0.438995 0.0653811 0.111713 0.111364 0.00110595
4 0.688055 0.561464 0.111264 0.111787 0.00109474
2 0.440274 0.561802 0.112487 0.112471 0.00109369
3 0.316131 0.685579 0.113104 0.112411 0.00108786
3 0.440513 0.685489 0.112425 0.112395 0.00107669
8 0.935983 0.685442 0.11132 0.112387 0.00106994
13 0.687879 0.809621 0.111328 0.111785 0.0010668
3 0.687823 0.685619 0.112718 0.112218 0.00106172
5 0.688182 0.0648621 0.112824 0.110096 0.00105961
3 0.315243 0.313364 0.112095 0.112549 0.00104734
8 0.936296 0.313835 0.111957 0.112289 0.00103792
3 0.0662129 0.313905 0.112525 0.111884 0.00103324
12 0.812061 0.561364 0.111807 0.111142 0.00103085
10 0.439073 0.0649529 0.112805 0.112517 0.00103031
12 0.936738 0.561426 0.111483 0.111077 0.00102715
5 0.439938 0.80982 0.112033 0.112427 0.00102686
11 0.811109 0.561771 0.113358 0.112751 0.00102657
10 0.811644 0.809227 0.111532 0.112167 0.0010222
9 0.935965 0.68597 0.111291 0.112195 0.00100946
3 0.0670027 0.561299 0.111518 0.113652 0.0010053
1 0.439122 0.18913 0.111886 0.112561 0.00100404
11 0.936765 0.561475 0.111126 0.111749 0.00100322
12 0.562685 0.0650567 0.111396 0.111659 0.00100274
4 0.438931 0.18931 0.112023 0.112252 0.00100165
9 0.687288 0.188117 0.111757 0.112535 0.0010008
