9 0.314886 0.0648962 0.111513 0.111726 0.986725
3 0.688243 0.933818 0.113352 0.112657 0.9867
2 0.439399 0.934145 0.113281 0.113645 0.986622
11 0.439572 0.809445 0.111457 0.112418 0.985918
9 0.688042 0.809806 0.11193 0.112068 0.985303
8 0.31548 0.934147 0.112402 0.112461 0.985177
8 0.563107 0.0655596 0.111795 0.1121 0.985111
10 0.191837 0.933862 0.111937 0.112699 0.984774
7 0.189998 0.0651541 0.112817 0.111996 0.984294
1 0.563852 0.934069 0.112084 0.113486 0.984166
11 0.0669381 0.809443 0.113798 0.113713 0.983839
5 0.191856 0.561565 0.111913 0.113045 0.98377
11 0.191595 0.809302 0.111784 0.112821 0.983666
7 0.066803 0.685567 0.112981 0.112546 0.983453
11 0.43936 0.685188 0.111488 0.112305 0.983297
13 0.812096 0.934187 0.113066 0.112958 0.983073
6 0.936246 0.809829 0.112222 0.111485 0.983066
2 0.935971 0.934451 0.11253 0.112114 0.982757
8 0.315593 0.809782 0.112962 0.111754 0.982739
5 0.0657682 0.0652324 0.112064 0.112978 0.982554
13 0.315595 0.437464 0.112864 0.111633 0.982428
11 0.190868 0.436899 0.113016 0.112657 0.982214
12 0.439496 0.0646322 0.110782 0.112516 0.982081
3 0.688148 0.685151 0.112551 0.111503 0.982011
0 0.191417 0.68531 0.112255 0.111806 0.981926
12 0.563743 0.80962 0.111364 0.112512 0.981833
13 0.43969 0.437678 0.112325 0.111808 0.98183
5 0.936159 0.685219 0.112586 0.112872 0.981796
12 0.315619 0.685591 0.11128 0.111394 0.98174
11 0.190771 0.188848 0.113269 0.11281 0.98173
1 0.0657428 0.43734 0.112033 0.112296 0.981651
12 0.31541 0.561787 0.112263 0.111688 0.981389
3 0.0658104 0.18911 0.111547 0.112041 0.981363
1 0.19057 0.313178 0.112789 0.112295 0.981321
11 0.0654709 0.313268 0.11228 0.112091 0.981317
7 0.439532 0.189117 0.114166 0.112989 0.981086
1 0.314919 0.18921 0.112408 0.111999 0.980672
0 0.315199 0.312825 0.11227 0.112409 0.980171
12 0.812628 0.80968 0.11155 0.112485 0.980102
3 0.439225 0.313289 0.110607 0.112742 0.98004
9 0.56349 0.1892 0.11083 0.112936 0.979887
10 0.563978 0.684814 0.112328 0.113258 0.979779
10 0.563839 0.561128 0.11246 0.113025 0.979767
13 0.0670526 0.934127 0.11466 0.114579 0.979749
6 0.563906 0.31299 0.112512 0.112339 0.979477
8 0.439568 0.561152 0.111654 0.111967 0.978859
10 0.688136 0.312816 0.112584 0.113445 0.97884
9 0.811652 0.437352 0.112017 0.112299 0.97875
7 0.687832 0.56148 0.112592 0.112134 0.978689
11 0.812214 0.312389 0.112389 0.11311 0.978675
1 0.687799 0.0648519 0.112003 0.113351 0.978634
12 0.81234 0.6855 0.112913 0.112726 0.978418
1 0.936252 0.0641482 0.114048 0.113916 0.978286
0 0.935833 0.436936 0.113319 0.112694 0.978278
0 0.811801 0.561374 0.112288 0.112223 0.978092
5 0.812337 0.188409 0.112448 0.113188 0.977954
0 0.687457 0.437033 0.111997 0.112864 0.977927
8 0.563946 0.437297 0.111774 0.113194 0.977907
0 0.687676 0.188901 0.111738 0.112436 0.977876
7 0.935584 0.188691 0.110538 0.110788 0.977867
11 0.936332 0.312477 0.112648 0.112986 0.977783
2 0.936231 0.561761 0.111802 0.112415 0.977535
0 0.811478 0.0655223 0.111777 0.111702 0.977019
0 0.0671937 0.560998 0.112013 0.112571 0.974562
1 0.0665783 0.56086 0.114058 0.112438 0.0647471
12 0.439748 0.437679 0.111222 0.111437 0.016661
12 0.811598 0.93354 0.111504 0.111249 0.0068213
2 0.439597 0.561358 0.11093 0.113155 0.00676923
1 0.68751 0.43668 0.111976 0.112802 0.00638137
3 0.563928 0.312654 0.111976 0.112723 0.00600041
2 0.564106 0.436952 0.11116 0.113292 0.00562399
2 0.56329 0.065028 0.111701 0.11264 0.00449743
2 0.315976 0.810113 0.112065 0.112524 0.00443353
4 0.935901 0.809839 0.112856 0.112993 0.00412368
8 0.439823 0.685322 0.111299 0.112466 0.00403559
0 0.688104 0.0639417 0.111625 0.113216 0.00398468
1 0.811836 0.560883 0.112661 0.111863 0.00376909
1 0.687951 0.18816 0.111271 0.11238 0.00340255
10 0.81201 0.933813 0.112152 0.113651 0.00320051
10 0.811505 0.312523 0.110202 0.112568 0.00311132
10 0.812847 0.809387 0.111544 0.112083 0.00281041
3 0.936246 0.809829 0.112222 0.111485 0.00272118
13 0.0654709 0.313268 0.11228 0.112091 0.00270761
0 0.688324 0.809757 0.111676 0.110991 0.00269822
12 0.686712 0.561818 0.11108 0.112335 0.00266855
4 0.68822 0.313148 0.111945 0.113939 0.00264116
0 0.936148 0.0640884 0.112197 0.113724 0.00262546
10 0.935843 0.68531 0.111837 0.112498 0.00261855
13 0.0669381 0.809443 0.113798 0.113713 0.00252651
2 0.688137 0.0650093 0.11074 0.111935 0.00248883
7 0.811566 0.81059 0.112599 0.113491 0.00247442
7 0.315881 0.436646 0.111313 0.11241 0.00245633
2 0.6885 0.93355 0.112843 0.112064 0.0024139
5 0.935999 0.933926 0.113159 0.113091 0.00240284
8 0.439956 0.80919 0.110649 0.112515 0.00239299
6 0.315669 0.561527 0.1114 0.111611 0.00236934
5 0.688516 0.933256 0.112572 0.112368 0.00235978
0 0.563096 0.43807 0.111106 0.113399 0.00235069
10 0.937285 0.311893 0.110581 0.111788 0.0023135
11 0.81201 0.933813 0.112152 0.113651 0.00230177
1 0.812258 0.0639147 0.110783 0.112865 0.00227818
7 0.81151 0.68617 0.112268 0.11358 0.00226168
8 0.935986 0.313145 0.112294 0.114737 0.00224801
1 0.315199 0.312825 0.11227 0.112409 0.00222831
5 0.688174 0.312977 0.112462 0.112918 0.00216117
11 0.316183 0.810055 0.112128 0.112925 0.00209981
6 0.6882 0.5614 0.113396 0.11349 0.00208203
4 0.563705 0.561386 0.111742 0.11211 0.00208168
11 0.439925 0.437868 0.112074 0.112765 0.00208024
11 0.56329 0.065028 0.111701 0.11264 0.00205234
7 0.68822 0.313148 0.111945 0.113939 0.0020411
0 0.813119 0.437335 0.11084 0.111298 0.00202116
9 0.813095 0.933251 0.111141 0.112272 0.00189633
13 0.190748 0.437334 0.113159 0.112823 0.00189629
1 0.191369 0.685278 0.112048 0.112447 0.00182448
1 0.936718 0.561263 0.113368 0.112918 0.00175445
8 0.936221 0.561368 0.112717 0.11165 0.00175104
8 0.812035 0.313118 0.112729 0.112839 0.00172692
12 0.0668308 0.934009 0.113782 0.114487 0.00172316
7 0.935987 0.809882 0.112244 0.113429 0.00171689
12 0.688324 0.809757 0.111676 0.110991 0.00170552
5 0.0666914 0.808979 0.113863 0.113092 0.00168624
11 0.0668308 0.934009 0.113782 0.114487 0.00168387
5 0.936081 0.561467 0.113089 0.113258 0.00168246
8 0.191511 0.809641 0.112133 0.111888 0.00166794
10 0.0653341 0.31332 0.112285 0.11201 0.00166706
12 0.439663 0.313001 0.111628 0.112237 0.00165841
13 0.191595 0.809302 0.111784 0.112821 0.00165693
11 0.315699 0.437674 0.111934 0.112588 0.00165466
12 0.688125 0.933451 0.110766 0.111467 0.00163815
8 0.190748 0.437334 0.113159 0.112823 0.00162012
10 0.81287 0.685246 0.111476 0.111748 0.00160094
9 0.6885 0.93355 0.112843 0.112064 0.00159295
12 0.315067 0.437527 0.111371 0.111849 0.00159037
11 0.439937 0.561256 0.111668 0.112902 0.00158171
11 0.811401 0.436772 0.111238 0.112076 0.0015676
5 0.0657239 0.313166 0.111717 0.111902 0.001565
8 0.811439 0.436978 0.110097 0.111668 0.00156298
4 0.563843 0.684948 0.111385 0.112292 0.00155748
10 0.190847 0.436511 0.112177 0.112165 0.00155022
5 0.440246 0.809621 0.112065 0.112587 0.00153109
2 0.688296 0.68561 0.111504 0.111065 0.00152195
12 0.812456 0.436483 0.111112 0.1119 0.00151089
0 0.190756 0.313196 0.112187 0.113503 0.00148745
12 0.563902 0.561334 0.111474 0.111731 0.00145441
1 0.440063 0.933517 0.113785 0.113653 0.00145434
12 0.688124 0.313491 0.111641 0.112222 0.00143546
10 0.0669796 0.933792 0.11179 0.111966 0.00142626
11 0.563603 0.437287 0.112432 0.112811 0.00141877
8 0.0653341 0.31332 0.112285 0.11201 0.0014145
11 0.936086 0.934105 0.112473 0.113941 0.00141353
11 0.811616 0.189182 0.112178 0.112135 0.00141149
8 0.936086 0.934105 0.112473 0.113941 0.00140835
4 0.688257 0.685376 0.112088 0.111606 0.00139632
13 0.190606 0.188993 0.113035 0.112547 0.00139009
10 0.0661864 0.0653444 0.111536 0.112405 0.00138988
4 0.315204 0.189365 0.112484 0.113615 0.00136624
1 0.93632 0.933748 0.112803 0.113525 0.0013641
11 0.316173 0.934185 0.112013 0.112615 0.00135704
12 0.935892 0.189128 0.113659 0.113483 0.00135671
5 0.688318 0.685264 0.112101 0.111957 0.00134758
0 0.0654966 0.436451 0.112957 0.112083 0.00134508
0 0.56385 0.933949 0.111265 0.112248 0.0013349
13 0.811566 0.81059 0.112599 0.113491 0.00131765
3 0.812456 0.436483 0.111112 0.1119 0.00131357
3 0.31556 0.561269 0.111932 0.112912 0.00129739
3 0.81151 0.68617 0.112268 0.11358 0.00129562
8 0.688373 0.809782 0.112212 0.11186 0.00129489
3 0.688324 0.809757 0.111676 0.110991 0.00127828
8 0.440183 0.934332 0.11299 0.113717 0.00127132
11 0.686886 0.313239 0.113272 0.11248 0.00127095
9 0.0659972 0.188461 0.11186 0.11279 0.00126959
4 0.56385 0.933949 0.111265 0.112248 0.00125059
4 0.190714 0.313382 0.112963 0.113885 0.00123218
6 0.935895 0.188973 0.113222 0.113475 0.00122991
0 0.314988 0.188884 0.112489 0.113309 0.00122378
3 0.813073 0.188973 0.112616 0.114294 0.00122364
2 0.315965 0.934226 0.112124 0.113051 0.00121987
8 0.0669381 0.809443 0.113798 0.113713 0.00121157
13 0.936041 0.313031 0.112586 0.112742 0.00120936
9 0.811393 0.312438 0.11084 0.111461 0.00119618
4 0.066803 0.685567 0.112981 0.112546 0.00119379
4 0.812034 0.809986 0.112379 0.111935 0.00119339
3 0.811566 0.81059 0.112599 0.113491 0.00117178
9 0.688124 0.313491 0.111641 0.112222 0.0011516
2 0.68832 0.809647 0.111067 0.111566 0.00114996
13 0.563621 0.685364 0.111483 0.11183 0.0011488
10 0.439565 0.189015 0.113409 0.112253 0.00114479
0 0.315492 0.0649416 0.112491 0.112248 0.00114096
9 0.935837 0.437244 0.112587 0.112894 0.00112651
13 0.191724 0.933661 0.112396 0.111847 0.00112351
3 0.936221 0.561368 0.112717 0.11165 0.00112199
0 0.563678 0.189246 0.110916 0.111283 0.00111326
4 0.688201 0.561598 0.112861 0.112578 0.00110941
10 0.811542 0.189055 0.111839 0.112442 0.00110192
4 0.9359 0.0646526 0.112794 0.113055 0.00109907
7 0.564078 0.313516 0.113737 0.112984 0.00109391
4 0.56333 0.312915 0.111031 0.112469 0.00109137
2 0.813073 0.188973 0.112616 0.114294 0.00108572
10 0.191206 0.561338 0.111691 0.112214 0.00108094
12 0.68734 0.68547 0.111435 0.112146 0.00107918
13 0.563461 0.561594 0.111749 0.112094 0.00105654
5 0.440096 0.685386 0.112166 0.112355 0.00105418
5 0.191002 0.189243 0.112632 0.112177 0.00104326
4 0.935641 0.189442 0.113129 0.112261 0.00103576
4 0.0657428 0.43734 0.112033 0.112296 0.00102528
10 0.439648 0.685421 0.112037 0.11312 0.00102127
12 0.0659972 0.188461 0.11186 0.11279 0.00101404
8 0.315564 0.0648926 0.112232 0.111895 0.00100967
7 0.315731 0.561287 0.112142 0.113128 0.00100026
3 0.315831 0.685548 0.112107 0.112353 0.0010001
