10 0.439805 0.933474 0.11271 0.11413 0.986327
10 0.563942 0.933703 0.112103 0.11403 0.986009
8 0.687995 0.93387 0.112326 0.113341 0.986006
13 0.439723 0.809693 0.111378 0.112363 0.985514
6 0.31554 0.933803 0.11289 0.114159 0.984889
1 0.190654 0.809426 0.113719 0.112607 0.984449
5 0.563897 0.685501 0.110307 0.112214 0.984239
0 0.190446 0.933268 0.113155 0.112713 0.983938
1 0.936358 0.809536 0.112552 0.111347 0.983838
7 0.563944 0.809654 0.111346 0.111507 0.983481
10 0.315965 0.808846 0.112893 0.11254 0.983468
6 0.189996 0.0650123 0.113255 0.113285 0.983409
10 0.314832 0.0647927 0.112139 0.112339 0.983368
5 0.315608 0.313973 0.111304 0.112396 0.983297
6 0.0669555 0.685961 0.111966 0.111127 0.983264
10 0.438981 0.0649702 0.111748 0.112777 0.98323
4 0.316127 0.561172 0.112886 0.112226 0.983029
1 0.316749 0.685743 0.111317 0.111097 0.982843
5 0.190621 0.188823 0.112205 0.112055 0.982832
8 0.0668572 0.934551 0.110804 0.112841 0.982565
4 0.439895 0.684899 0.112088 0.112361 0.982408
6 0.190993 0.313554 0.112978 0.112735 0.982289
11 0.0656286 0.0656138 0.11237 0.112763 0.982239
6 0.0662161 0.189556 0.112206 0.11241 0.982096
2 0.440498 0.561461 0.111052 0.112495 0.982052
1 0.687991 0.809128 0.112222 0.112659 0.981919
7 0.0669967 0.809581 0.111213 0.111472 0.981827
4 0.812316 0.933807 0.112371 0.114355 0.981815
2 0.315986 0.437531 0.11098 0.112113 0.981751
2 0.191576 0.437899 0.111333 0.11179 0.981641
2 0.563024 0.0648133 0.110476 0.11232 0.981623
10 0.191555 0.561559 0.113374 0.111798 0.981476
10 0.0670167 0.561886 0.113225 0.112967 0.981185
0 0.19155 0.685631 0.112265 0.111148 0.981106
8 0.812109 0.809591 0.112332 0.111786 0.980349
8 0.936188 0.933959 0.112489 0.113463 0.980076
8 0.315121 0.189235 0.111576 0.112214 0.9798
9 0.687626 0.0646174 0.111205 0.111675 0.979605
5 0.935926 0.685663 0.111338 0.110829 0.979526
0 0.0667489 0.314174 0.111233 0.112991 0.979524
8 0.0672011 0.437945 0.11111 0.111304 0.979488
1 0.81162 0.436958 0.113447 0.112807 0.979344
1 0.563015 0.188509 0.112442 0.11318 0.978996
5 0.687391 0.560991 0.111796 0.113497 0.97897
10 0.812595 0.312417 0.11315 0.113557 0.978838
0 0.563617 0.56135 0.111419 0.113688 0.9788
10 0.936984 0.188335 0.112141 0.114066 0.978724
6 0.687654 0.188077 0.112858 0.111884 0.978722
0 0.811421 0.561539 0.11269 0.112897 0.978688
7 0.68736 0.685535 0.111525 0.111169 0.978658
1 0.812619 0.187813 0.113391 0.11321 0.978649
0 0.687083 0.436773 0.111935 0.112528 0.978514
1 0.936769 0.313082 0.113151 0.11309 0.978352
2 0.563573 0.437425 0.11184 0.112038 0.978262
8 0.439209 0.313256 0.112717 0.111714 0.978184
0 0.935997 0.437212 0.113079 0.112144 0.977909
3 0.936242 0.561561 0.113637 0.113757 0.977882
8 0.68762 0.312568 0.112101 0.112231 0.977821
8 0.563513 0.312828 0.111211 0.112285 0.977816
8 0.440073 0.437441 0.111232 0.111659 0.977806
2 0.811836 0.685927 0.112107 0.112408 0.97779
8 0.439392 0.189283 0.111055 0.111931 0.977388
8 0.936691 0.0643462 0.111782 0.111493 0.977142
2 0.812809 0.0641326 0.112528 0.111396 0.9766
5 0.0659355 0.0648953 0.111704 0.111858 0.0183405
2 0.0665632 0.934064 0.112435 0.113198 0.0130919
2 0.688048 0.312575 0.111825 0.112436 0.00945656
4 0.191578 0.561516 0.11418 0.112654 0.0085735
2 0.066961 0.437968 0.111699 0.110375 0.00783998
1 0.0664949 0.313602 0.112338 0.112302 0.00632585
2 0.439917 0.437533 0.111992 0.112483 0.00624715
2 0.812869 0.809477 0.11137 0.111769 0.00598837
4 0.0667937 0.561132 0.11487 0.112539 0.00576735
1 0.316452 0.561341 0.112654 0.113116 0.00558726
2 0.563446 0.312891 0.112105 0.112065 0.00541655
2 0.4395 0.189224 0.111818 0.111976 0.00502487
1 0.813194 0.064115 0.112774 0.111246 0.00483234
12 0.439935 0.809565 0.11164 0.111777 0.00462838
1 0.315542 0.438064 0.109525 0.110855 0.00449467
1 0.190899 0.438239 0.110507 0.111193 0.00430191
8 0.813208 0.0643978 0.111305 0.111726 0.00428976
11 0.5638 0.312707 0.111364 0.112057 0.00418179
2 0.935939 0.933978 0.112792 0.111979 0.00415999
4 0.813039 0.312812 0.111488 0.115636 0.00409779
11 0.812102 0.809739 0.112335 0.110687 0.00407679
1 0.440312 0.685503 0.11134 0.112105 0.00371253
2 0.439955 0.313372 0.111836 0.112884 0.00365319
11 0.439459 0.188784 0.111653 0.111714 0.00356496
11 0.439566 0.312993 0.111805 0.112179 0.00322207
3 0.687626 0.0646174 0.111205 0.111675 0.00318294
13 0.936785 0.188311 0.111195 0.111468 0.00312779
1 0.686651 0.18852 0.112983 0.111489 0.00309498
1 0.563282 0.437941 0.108815 0.11061 0.00294709
1 0.687129 0.436245 0.112401 0.11214 0.00284016
2 0.314945 0.189183 0.112117 0.112379 0.00274582
2 0.688335 0.933889 0.11252 0.112601 0.00265355
10 0.687474 0.561295 0.111553 0.112251 0.00264303
12 0.439474 0.064783 0.111019 0.112812 0.00261837
0 0.93669 0.313532 0.11307 0.112246 0.00257176
10 0.812445 0.933663 0.111369 0.114075 0.00252094
11 0.315163 0.188991 0.111164 0.111512 0.00249564
11 0.688126 0.312473 0.111841 0.111989 0.00246776
6 0.811851 0.93256 0.114171 0.111701 0.00243357
12 0.688171 0.06461 0.112079 0.111138 0.0024222
1 0.563739 0.560987 0.111875 0.112703 0.00239174
1 0.31657 0.934181 0.111861 0.112544 0.00237519
1 0.190693 0.0651354 0.112077 0.111708 0.0023095
4 0.314838 0.0648994 0.111709 0.11262 0.00228467
6 0.936016 0.562011 0.112604 0.113677 0.00225742
2 0.813049 0.187941 0.111815 0.114069 0.00223449
1 0.811311 0.561102 0.112901 0.112469 0.00216841
0 0.813167 0.187247 0.113824 0.113448 0.00215495
1 0.811495 0.685661 0.11456 0.112284 0.00213921
6 0.688245 0.685663 0.11276 0.112181 0.00212822
3 0.688114 0.56111 0.112818 0.112852 0.00212195
3 0.81249 0.685728 0.110906 0.112454 0.00212152
11 0.936143 0.0644892 0.110707 0.111272 0.00210693
1 0.44016 0.561214 0.112105 0.112939 0.00209902
3 0.687531 0.188077 0.112658 0.113086 0.00206859
3 0.191261 0.437771 0.112211 0.111588 0.00205097
2 0.688326 0.809217 0.112473 0.111964 0.00204769
3 0.0666451 0.685374 0.113934 0.112501 0.00202571
0 0.563401 0.188056 0.113002 0.113502 0.00202338
7 0.813039 0.312812 0.111488 0.115636 0.00197903
1 0.563327 0.0645465 0.112554 0.111554 0.00194932
0 0.0673525 0.43841 0.111522 0.111549 0.00193581
6 0.44012 0.685446 0.111129 0.111993 0.00191296
0 0.688171 0.06461 0.112079 0.111138 0.0018832
2 0.812316 0.933807 0.112371 0.114355 0.00188187
2 0.935941 0.0652492 0.111784 0.111327 0.00186366
10 0.190272 0.189295 0.112218 0.11261 0.00183158
2 0.688114 0.56111 0.112818 0.112852 0.0018234
4 0.564261 0.809514 0.110824 0.111385 0.00181198
13 0.191523 0.561488 0.111833 0.112241 0.00178344
0 0.688228 0.809011 0.111644 0.111005 0.00176703
12 0.315613 0.0646956 0.111317 0.112161 0.00173766
11 0.439779 0.437217 0.111942 0.112246 0.00173463
4 0.688228 0.809011 0.111644 0.111005 0.00172877
12 0.686809 0.686156 0.111499 0.111495 0.00171891
0 0.936697 0.0646375 0.109901 0.110516 0.00169276
10 0.0655871 0.065625 0.111391 0.111089 0.00168922
7 0.44012 0.685446 0.111129 0.111993 0.00168689
7 0.936497 0.187936 0.112026 0.113739 0.00168263
13 0.0670121 0.561478 0.112341 0.112591 0.00167776
0 0.811505 0.436355 0.114149 0.112639 0.00166467
4 0.316749 0.685743 0.111317 0.111097 0.00162784
3 0.0660575 0.189398 0.112456 0.112432 0.00162345
1 0.812445 0.933663 0.111369 0.114075 0.00161653
5 0.811495 0.685661 0.11456 0.112284 0.00161572
3 0.31554 0.933803 0.11289 0.114159 0.00159818
4 0.0665035 0.809294 0.113024 0.11174 0.00159529
4 0.811379 0.437242 0.112912 0.11292 0.0015882
13 0.439626 0.0644559 0.111729 0.111959 0.00158716
5 0.813021 0.31266 0.113502 0.114809 0.0015716
2 0.316452 0.561341 0.112654 0.113116 0.00156498
11 0.688335 0.933889 0.11252 0.112601 0.00156339
3 0.315846 0.43757 0.1115 0.112284 0.00156165
7 0.439723 0.809693 0.111378 0.112363 0.00155659
8 0.315542 0.438064 0.109525 0.110855 0.00155596
1 0.191394 0.685565 0.112314 0.112088 0.00155134
0 0.688053 0.313072 0.112368 0.113953 0.00154788
3 0.190343 0.0648973 0.113276 0.113539 0.00151475
7 0.811901 0.932546 0.112398 0.114356 0.00149029
4 0.688224 0.685711 0.112436 0.112123 0.00148528
0 0.936358 0.809536 0.112552 0.111347 0.00147669
7 0.0668948 0.560914 0.112097 0.114451 0.00147364
4 0.439101 0.0648118 0.111055 0.112612 0.0014718
10 0.936368 0.685849 0.111588 0.112231 0.00146058
13 0.439579 0.933748 0.110582 0.111295 0.00145134
4 0.812675 0.064769 0.111761 0.111135 0.00143579
2 0.440312 0.685503 0.11134 0.112105 0.00143287
4 0.936497 0.187936 0.112026 0.113739 0.00141606
4 0.562863 0.188896 0.112113 0.113765 0.00141242
4 0.315847 0.808731 0.112456 0.112933 0.0014001
11 0.936072 0.933888 0.111265 0.11308 0.00139492
12 0.811749 0.933787 0.113246 0.113561 0.00139465
6 0.315924 0.561225 0.11227 0.1126 0.00138947
4 0.688114 0.56111 0.112818 0.112852 0.00136248
1 0.936065 0.561736 0.112057 0.112009 0.00134253
7 0.314838 0.0648994 0.111709 0.11262 0.00133775
4 0.81268 0.188354 0.113422 0.114151 0.00133698
8 0.813054 0.685491 0.110585 0.111866 0.00132392
8 0.190899 0.438239 0.110507 0.111193 0.00132151
0 0.813081 0.809733 0.112543 0.112971 0.00132122
3 0.190707 0.314008 0.112489 0.11296 0.00131996
12 0.935596 0.561825 0.111722 0.112236 0.00130828
13 0.314372 0.0647637 0.111406 0.111831 0.00130249
9 0.935836 0.437602 0.112564 0.112219 0.00128801
11 0.686768 0.561254 0.111282 0.110667 0.00126879
13 0.315429 0.808908 0.112048 0.112106 0.00122785
7 0.439101 0.0648118 0.111055 0.112612 0.00120244
8 0.563343 0.0644937 0.111948 0.111267 0.00119759
4 0.190883 0.809386 0.113169 0.113105 0.00119499
4 0.936338 0.809427 0.111929 0.111236 0.00118981
3 0.564125 0.437513 0.110804 0.113336 0.00118649
0 0.936641 0.933646 0.112129 0.112418 0.00118204
11 0.688202 0.0643755 0.112391 0.111561 0.001177
10 0.56378 0.685739 0.111455 0.112135 0.00112845
1 0.0666451 0.685374 0.113934 0.112501 0.00111991
0 0.190883 0.809386 0.113169 0.113105 0.00111805
0 0.0663394 0.933759 0.111121 0.111495 0.00110864
0 0.439695 0.438106 0.111763 0.112834 0.00108276
4 0.563767 0.933756 0.112471 0.113638 0.0010783
13 0.81191 0.312477 0.11204 0.112545 0.00107597
5 0.563327 0.0645465 0.112554 0.111554 0.00107548
8 0.563282 0.437941 0.108815 0.11061 0.00105848
3 0.440154 0.561372 0.112533 0.112546 0.0010361
12 0.563767 0.933756 0.112471 0.113638 0.00102921
0 0.68862 0.933019 0.114372 0.113404 0.0010154
7 0.315847 0.808731 0.112456 0.112933 0.00101171
