5 0.316031 0.810043 0.111694 0.112722 0.987117
3 0.315139 0.934146 0.112572 0.112218 0.987062
9 0.439211 0.934045 0.112128 0.1127 0.986588
13 0.935991 0.933754 0.112338 0.112465 0.986486
4 0.315917 0.68501 0.111448 0.11167 0.986307
3 0.0669694 0.685378 0.112608 0.112795 0.986109
9 0.439088 0.809655 0.11133 0.111427 0.986092
4 0.191721 0.685089 0.111623 0.111592 0.985511
3 0.687297 0.934145 0.112716 0.112901 0.985511
11 0.191259 0.934014 0.112401 0.113385 0.98544
8 0.19144 0.809479 0.111795 0.112697 0.985388
6 0.563557 0.933838 0.111107 0.113212 0.985251
13 0.563696 0.809599 0.112264 0.11335 0.984902
3 0.191412 0.561282 0.111382 0.112593 0.984578
3 0.0666364 0.31354 0.112846 0.113152 0.983809
5 0.440166 0.685839 0.111651 0.112464 0.983501
4 0.191434 0.188891 0.112853 0.11256 0.98332
2 0.439273 0.0646581 0.111441 0.113043 0.983266
8 0.19098 0.437633 0.111948 0.113116 0.983192
9 0.687692 0.809776 0.11157 0.112326 0.983067
5 0.191392 0.314062 0.111856 0.11275 0.982908
6 0.0665627 0.189096 0.113083 0.112567 0.982699
12 0.0672262 0.809466 0.112475 0.113201 0.982669
6 0.3158 0.313659 0.112216 0.113008 0.982555
2 0.0668044 0.934066 0.112778 0.113568 0.982543
11 0.811806 0.934115 0.112434 0.112747 0.982456
11 0.936464 0.809686 0.112498 0.111971 0.982167
1 0.0670644 0.437757 0.112669 0.112342 0.981801
2 0.315322 0.561433 0.111996 0.112372 0.981623
8 0.0666142 0.0646584 0.113196 0.114567 0.981534
2 0.314886 0.437201 0.111828 0.112596 0.981523
10 0.439302 0.561204 0.112291 0.11123 0.981406
2 0.315215 0.188817 0.112395 0.11312 0.981177
12 0.687928 0.685296 0.111249 0.112345 0.980999
1 0.19097 0.0643093 0.112008 0.113275 0.980937
13 0.439557 0.189384 0.114126 0.112858 0.980816
0 0.31534 0.0639154 0.111658 0.112523 0.980731
8 0.812029 0.0650476 0.112338 0.113877 0.980607
8 0.812294 0.809731 0.112276 0.113342 0.979945
4 0.564116 0.561077 0.11321 0.11313 0.979856
0 0.0672706 0.561356 0.111796 0.113017 0.979772
9 0.439432 0.313273 0.112027 0.112725 0.979756
3 0.563766 0.437474 0.112284 0.112247 0.979728
1 0.563894 0.685312 0.112135 0.112642 0.979671
3 0.687103 0.0649879 0.111598 0.112791 0.97942
1 0.687702 0.561048 0.112397 0.112994 0.979211
12 0.439506 0.437495 0.111597 0.11177 0.979189
7 0.56372 0.189443 0.111316 0.112229 0.979175
2 0.935977 0.685476 0.112307 0.11199 0.979167
3 0.687708 0.313461 0.112249 0.112342 0.978995
11 0.687744 0.188786 0.112564 0.113423 0.978978
9 0.812048 0.188884 0.11146 0.112877 0.978895
3 0.563209 0.31355 0.112142 0.112149 0.978889
10 0.936703 0.436963 0.113375 0.113399 0.978643
0 0.563762 0.0650374 0.111618 0.112753 0.978593
5 0.812187 0.436983 0.112573 0.112886 0.978491
1 0.936195 0.0641365 0.113832 0.113536 0.978482
13 0.935998 0.313087 0.113428 0.112632 0.978383
8 0.811988 0.313107 0.11255 0.112869 0.978373
2 0.81221 0.561557 0.112869 0.113817 0.978332
7 0.687635 0.437681 0.111074 0.111325 0.978292
10 0.936878 0.561302 0.112898 0.112896 0.978215
2 0.811443 0.685311 0.111337 0.112299 0.978003
7 0.936197 0.188686 0.112727 0.113717 0.977263
2 0.812181 0.809896 0.112327 0.112353 0.00746136
8 0.813101 0.933327 0.111414 0.11377 0.00666444
2 0.0661673 0.0647759 0.114293 0.113578 0.00663915
5 0.688054 0.188601 0.112206 0.113124 0.00635578
6 0.687905 0.684955 0.111474 0.111575 0.00551526
2 0.811637 0.0653497 0.11194 0.113025 0.00543507
6 0.68837 0.438045 0.109741 0.112146 0.00538008
9 0.686656 0.064995 0.110464 0.112132 0.00523143
9 0.564065 0.436556 0.111263 0.111839 0.00487296
9 0.686658 0.31366 0.111228 0.112726 0.00458119
1 0.314897 0.437919 0.11074 0.110576 0.00407215
12 0.688626 0.436622 0.110656 0.110466 0.00406636
1 0.0665229 0.560716 0.114392 0.112427 0.0039583
0 0.688315 0.809651 0.11244 0.112972 0.00395039
2 0.191369 0.809545 0.112332 0.113167 0.00388858
2 0.190941 0.437509 0.111548 0.111849 0.00387057
5 0.936393 0.809589 0.1127 0.112966 0.00353513
2 0.811423 0.312873 0.111709 0.11315 0.00347176
9 0.688326 0.933671 0.112811 0.112774 0.00346213
8 0.813085 0.561681 0.109607 0.112772 0.00343704
3 0.688341 0.809872 0.112848 0.112533 0.0033385
3 0.0664369 0.18895 0.112529 0.112584 0.00325926
7 0.191525 0.189062 0.111965 0.112531 0.00322829
3 0.813013 0.188829 0.111301 0.111938 0.00315613
1 0.564097 0.561489 0.112535 0.11259 0.0030906
0 0.813016 0.189294 0.110829 0.112842 0.00304959
1 0.191434 0.188891 0.112853 0.11256 0.00290701
10 0.811541 0.93318 0.110555 0.111482 0.00289595
4 0.936236 0.561158 0.11304 0.113353 0.00287875
3 0.563751 0.933654 0.111315 0.112535 0.00279968
12 0.935922 0.188909 0.11329 0.113733 0.00270485
9 0.191723 0.561039 0.111838 0.112143 0.00270007
9 0.811435 0.932984 0.111457 0.111117 0.00268917
10 0.936358 0.809754 0.112586 0.111843 0.00267324
3 0.315709 0.313347 0.11133 0.112764 0.00259847
1 0.315596 0.56128 0.112353 0.113104 0.00256812
12 0.564004 0.809595 0.111461 0.112259 0.00254472
0 0.190738 0.438096 0.111693 0.114017 0.00252249
12 0.812265 0.18888 0.112055 0.112228 0.00249954
12 0.688293 0.809866 0.112486 0.111702 0.00249744
11 0.811421 0.437287 0.113091 0.112031 0.00244343
12 0.439638 0.313446 0.112096 0.11177 0.00243795
5 0.811448 0.685647 0.113811 0.112337 0.00239445
1 0.315968 0.685499 0.111668 0.111811 0.00235068
9 0.0661127 0.313656 0.113769 0.112561 0.00230849
1 0.812198 0.685503 0.112451 0.113175 0.00228047
5 0.811806 0.934115 0.112434 0.112747 0.00224683
1 0.563767 0.0640903 0.111176 0.112932 0.00221062
8 0.935764 0.809325 0.112188 0.112101 0.00216925
4 0.563963 0.685252 0.111807 0.111733 0.00215529
4 0.68837 0.438045 0.109741 0.112146 0.00214544
3 0.812245 0.685743 0.111662 0.111663 0.0021372
1 0.81209 0.561469 0.112714 0.113404 0.00212089
13 0.4395 0.561436 0.11148 0.112034 0.00209335
0 0.935848 0.0645993 0.112848 0.113193 0.00208989
1 0.936114 0.685415 0.112394 0.113094 0.00208186
12 0.439548 0.189012 0.11242 0.112683 0.0020778
1 0.315376 0.188735 0.112124 0.113134 0.00204557
2 0.688326 0.933671 0.112811 0.112774 0.00201839
1 0.439497 0.0643364 0.111546 0.113589 0.00199289
13 0.93608 0.437437 0.112359 0.111936 0.0019883
5 0.688345 0.93346 0.113117 0.112779 0.00198514
2 0.688056 0.560992 0.111691 0.112677 0.0019821
10 0.688152 0.189134 0.113366 0.113339 0.00190749
1 0.191688 0.685531 0.11204 0.112017 0.00187526
12 0.564089 0.189175 0.112116 0.112674 0.00180742
0 0.439575 0.313472 0.112378 0.111436 0.00179477
0 0.688093 0.560717 0.111697 0.111377 0.00178066
12 0.5639 0.436487 0.110985 0.110794 0.00176825
4 0.687746 0.560665 0.112143 0.112355 0.00176362
1 0.0666703 0.933642 0.113483 0.112537 0.00175152
12 0.688234 0.313227 0.11285 0.112467 0.00175023
4 0.812353 0.437816 0.111699 0.112487 0.00174696
6 0.0672262 0.809466 0.112475 0.113201 0.00172975
5 0.811363 0.561414 0.114438 0.112361 0.00169741
3 0.812353 0.437816 0.111699 0.112487 0.00168538
4 0.439358 0.561415 0.112183 0.112338 0.0016808
11 0.936922 0.436414 0.111111 0.113011 0.00167892
13 0.936212 0.561416 0.11067 0.111786 0.00167082
5 0.688192 0.064696 0.111683 0.111253 0.00165572
10 0.191082 0.313255 0.111418 0.111816 0.0016507
0 0.19097 0.0643093 0.112008 0.113275 0.00164795
9 0.0674775 0.685286 0.114687 0.114155 0.00163984
7 0.936236 0.561158 0.11304 0.113353 0.0016257
12 0.687138 0.064803 0.110966 0.111741 0.00161601
0 0.812987 0.313955 0.111729 0.114887 0.00160794
5 0.935836 0.685338 0.112971 0.114119 0.00160071
3 0.066372 0.933823 0.114259 0.112928 0.00159306
10 0.43973 0.685738 0.11233 0.112649 0.00154908
12 0.935723 0.933747 0.11186 0.11321 0.00153308
10 0.936003 0.933037 0.111633 0.11182 0.00150934
2 0.812732 0.437895 0.113548 0.113358 0.00150653
2 0.564097 0.561489 0.112535 0.11259 0.00150538
2 0.315816 0.685561 0.111942 0.112267 0.0014694
1 0.31534 0.0639154 0.111658 0.112523 0.00143877
12 0.936267 0.313257 0.110917 0.111884 0.00142486
2 0.688208 0.313485 0.110919 0.112473 0.0013934
2 0.688155 0.80977 0.111433 0.111868 0.00139145
2 0.191023 0.188945 0.111477 0.112311 0.00138854
7 0.191431 0.685494 0.112471 0.112306 0.00137715
6 0.439485 0.437109 0.11157 0.112393 0.00137373
9 0.686705 0.188765 0.112145 0.113683 0.00136932
2 0.191431 0.685494 0.112471 0.112306 0.00136337
8 0.191343 0.933778 0.112016 0.111334 0.00135162
6 0.191525 0.189062 0.111965 0.112531 0.00134128
0 0.0663309 0.436925 0.114526 0.111581 0.00132418
6 0.935828 0.18871 0.113335 0.113273 0.00131657
4 0.936139 0.436691 0.113366 0.113452 0.00131426
11 0.935991 0.933754 0.112338 0.112465 0.00130891
3 0.315629 0.561468 0.112888 0.112303 0.00127536
5 0.93633 0.561783 0.111471 0.111887 0.00125867
3 0.315195 0.188914 0.111775 0.113129 0.00125644
7 0.936139 0.436691 0.113366 0.113452 0.00123617
2 0.688158 0.0649477 0.110329 0.112122 0.00123499
5 0.191233 0.934093 0.113794 0.114096 0.00123102
4 0.0670644 0.437757 0.112669 0.112342 0.00121732
1 0.687718 0.312992 0.111602 0.112192 0.00121598
8 0.686705 0.188765 0.112145 0.113683 0.00121577
12 0.191541 0.561143 0.111366 0.111857 0.001203
8 0.314897 0.437919 0.11074 0.110576 0.00120258
10 0.812461 0.436627 0.110477 0.111714 0.00118352
12 0.563731 0.313386 0.112107 0.111964 0.00115539
3 0.439336 0.436643 0.111253 0.11269 0.0011501
4 0.936267 0.0647603 0.112462 0.113793 0.00114602
11 0.811203 0.0646424 0.111559 0.112454 0.00114531
6 0.688056 0.560992 0.111691 0.112677 0.0011425
1 0.687418 0.0646883 0.111232 0.112296 0.00113315
4 0.935786 0.189133 0.11328 0.113015 0.00112198
8 0.811476 0.189077 0.111269 0.112579 0.00109351
7 0.0674116 0.189059 0.113734 0.112885 0.00109333
11 0.811423 0.312873 0.111709 0.11315 0.00108432
1 0.687982 0.933644 0.111808 0.112481 0.00108358
8 0.0666702 0.934108 0.113344 0.113072 0.00107853
0 0.811374 0.0651527 0.111865 0.112251 0.00106563
11 0.811456 0.80976 0.111825 0.112403 0.00104645
1 0.563993 0.9335 0.111402 0.112914 0.00103543
4 0.564201 0.189056 0.111202 0.112869 0.00103417
0 0.0662619 0.0653414 0.112763 0.112555 0.00102846
3 0.812169 0.561506 0.112267 0.112144 0.00102581
5 0.315525 0.561329 0.111409 0.112733 0.00102489
4 0.191435 0.313536 0.111846 0.112511 0.00101997
10 0.439243 0.189339 0.112154 0.112679 0.00101707
8 0.935751 0.685475 0.11231 0.112563 0.00101001
1 0.563766 0.437474 0.112284 0.112247 0.00100684
1 0.191542 0.561214 0.111924 0.112009 0.00100329
1 0.066678 0.685452 0.111995 0.112326 0.00100264
