3 0.563426 0.934118 0.112806 0.11443 0.987621
10 0.315877 0.933855 0.111919 0.113438 0.986854
7 0.936043 0.809292 0.112455 0.112094 0.986584
2 0.563411 0.809642 0.112377 0.112904 0.98616
10 0.315806 0.809328 0.112155 0.112576 0.985863
8 0.31529 0.685392 0.112004 0.112292 0.984794
8 0.439617 0.0653896 0.112502 0.112385 0.984549
2 0.563511 0.685169 0.11196 0.11293 0.984408
4 0.688168 0.933943 0.113041 0.113766 0.984274
9 0.811866 0.933675 0.112583 0.114519 0.984257
3 0.811741 0.809789 0.11244 0.113946 0.984177
11 0.439458 0.810157 0.11138 0.112593 0.983595
3 0.0679193 0.809677 0.112656 0.113312 0.98355
13 0.0667752 0.437684 0.113106 0.112969 0.983324
13 0.0669526 0.313742 0.112817 0.113106 0.983257
0 0.439842 0.933692 0.11266 0.113456 0.983241
4 0.315567 0.437097 0.112119 0.112136 0.983029
7 0.811623 0.0654828 0.113227 0.112812 0.982834
6 0.0671818 0.188598 0.112637 0.113239 0.982724
6 0.315609 0.313286 0.11318 0.112297 0.982671
10 0.191761 0.809325 0.112038 0.112671 0.982581
8 0.439355 0.685505 0.112252 0.112805 0.982517
1 0.0668688 0.685493 0.112081 0.111788 0.982417
4 0.191546 0.313292 0.11231 0.112347 0.98238
9 0.315495 0.188979 0.110527 0.111795 0.982305
13 0.0670834 0.562103 0.112599 0.112612 0.982187
6 0.191509 0.437256 0.112515 0.112206 0.982134
9 0.563194 0.0648373 0.110863 0.11341 0.982109
1 0.191359 0.561671 0.112327 0.113066 0.982106
7 0.687779 0.0651842 0.11211 0.113045 0.982061
4 0.191759 0.0651556 0.112201 0.112145 0.982005
9 0.315216 0.561371 0.112864 0.113356 0.981874
11 0.0668968 0.0648448 0.113105 0.113339 0.981676
0 0.191308 0.685195 0.111983 0.111322 0.981624
11 0.191101 0.188874 0.112083 0.112488 0.981584
1 0.68802 0.809319 0.112244 0.113067 0.981336
8 0.687513 0.190081 0.112539 0.112378 0.980982
11 0.935897 0.685791 0.113691 0.113458 0.98087
10 0.0673736 0.93319 0.113018 0.113769 0.980837
11 0.1917 0.933317 0.112451 0.113443 0.980489
4 0.936364 0.933799 0.112343 0.112214 0.980021
9 0.439474 0.313381 0.111698 0.113897 0.979905
13 0.563363 0.313242 0.112444 0.113656 0.979764
1 0.563513 0.437119 0.112547 0.1134 0.97925
11 0.687721 0.685349 0.112847 0.11359 0.979225
10 0.936493 0.43694 0.113333 0.114521 0.97922
6 0.687841 0.437037 0.112758 0.113227 0.979215
1 0.687718 0.561265 0.112962 0.113094 0.979118
8 0.563913 0.561177 0.112001 0.11345 0.978812
4 0.687938 0.312774 0.112348 0.11337 0.978736
9 0.935898 0.188561 0.110592 0.111385 0.97869
12 0.439572 0.561324 0.111758 0.112801 0.978671
1 0.563459 0.189097 0.11186 0.112871 0.978626
4 0.812386 0.436701 0.112713 0.113122 0.978604
0 0.439067 0.437249 0.111105 0.111588 0.9786
13 0.936125 0.313014 0.113752 0.113435 0.978552
12 0.812424 0.561276 0.112494 0.11326 0.978544
6 0.812466 0.312866 0.112893 0.113026 0.978503
1 0.936121 0.0641693 0.114034 0.113905 0.978448
0 0.315104 0.065108 0.112924 0.112058 0.978413
1 0.936338 0.561241 0.114009 0.11327 0.978407
1 0.812119 0.188772 0.112507 0.112366 0.978378
12 0.811902 0.685737 0.112233 0.113012 0.9781
0 0.439343 0.189125 0.112127 0.113027 0.977563
3 0.563843 0.685164 0.111842 0.112907 0.00644869
1 0.439382 0.437038 0.111778 0.113029 0.00617443
3 0.563816 0.80932 0.111619 0.112996 0.00574043
1 0.315304 0.0643554 0.112348 0.113443 0.00497676
8 0.688147 0.685237 0.112465 0.114135 0.00481771
8 0.813199 0.933498 0.109718 0.113007 0.00476278
12 0.811305 0.064599 0.112728 0.113346 0.00462377
2 0.688104 0.188844 0.112568 0.11313 0.00445379
0 0.813225 0.93266 0.11059 0.112389 0.00427828
7 0.0669367 0.436525 0.112392 0.114525 0.00412926
12 0.68669 0.0647247 0.10996 0.112702 0.00406883
1 0.812281 0.436818 0.113146 0.113381 0.00380355
2 0.439845 0.685625 0.11281 0.112839 0.00373372
2 0.563983 0.561107 0.112178 0.112489 0.00364659
10 0.191239 0.188768 0.112066 0.111385 0.00355549
10 0.936018 0.685541 0.112061 0.113524 0.00353483
1 0.4394 0.18867 0.111929 0.112642 0.00348284
1 0.687837 0.313542 0.111784 0.113113 0.00315643
5 0.191477 0.809097 0.112887 0.112425 0.00315315
11 0.43975 0.685485 0.111764 0.113983 0.00299249
3 0.81228 0.313092 0.111479 0.112211 0.00295503
1 0.315523 0.437421 0.112085 0.112565 0.00294136
9 0.563688 0.561171 0.112433 0.113122 0.00284703
9 0.687547 0.190181 0.11274 0.112031 0.00280578
11 0.563806 0.560979 0.110762 0.113005 0.00279335
10 0.686722 0.68512 0.111689 0.113663 0.00277645
6 0.811675 0.809712 0.113171 0.113349 0.00275279
7 0.936502 0.934036 0.111204 0.112722 0.0027274
5 0.936349 0.43786 0.11297 0.11374 0.00260442
2 0.688068 0.561114 0.112047 0.112762 0.00257219
0 0.688108 0.189313 0.113144 0.114496 0.00252774
2 0.315542 0.685582 0.112177 0.112772 0.00248759
0 0.936066 0.064309 0.112283 0.113918 0.00241265
0 0.688178 0.560848 0.112337 0.111701 0.00237858
12 0.935815 0.809406 0.112113 0.113105 0.00234942
1 0.19158 0.313122 0.1125 0.112869 0.00234226
9 0.936003 0.685686 0.111832 0.112857 0.0023096
0 0.812138 0.188558 0.111993 0.113268 0.00230923
1 0.191166 0.685058 0.111741 0.112007 0.00229031
1 0.191321 0.0648845 0.110694 0.111727 0.00226652
11 0.315695 0.685263 0.11044 0.112947 0.00225687
1 0.688168 0.933943 0.113041 0.113766 0.00218857
11 0.811557 0.933306 0.110994 0.111857 0.00218005
2 0.191339 0.313065 0.110728 0.11196 0.0021799
7 0.688014 0.933603 0.111527 0.112836 0.00217463
7 0.0669978 0.561042 0.112212 0.1142 0.0021617
0 0.93652 0.560816 0.113377 0.112301 0.00215301
9 0.687582 0.685511 0.111759 0.112527 0.00211055
2 0.813098 0.809826 0.109906 0.111998 0.00211029
6 0.688002 0.313408 0.111885 0.112554 0.00204303
10 0.0664593 0.313349 0.11344 0.112632 0.00198938
2 0.191321 0.0648845 0.110694 0.111727 0.00196216
0 0.688209 0.809154 0.111862 0.111554 0.00194815
3 0.688061 0.436552 0.112429 0.112995 0.00193816
10 0.811963 0.933527 0.112237 0.113976 0.00193182
2 0.315523 0.437421 0.112085 0.112565 0.00188032
6 0.811494 0.685925 0.112792 0.113767 0.00184578
3 0.688002 0.313408 0.111885 0.112554 0.00183445
2 0.812281 0.436818 0.113146 0.113381 0.0018222
2 0.44 0.0650582 0.111882 0.113737 0.00179933
7 0.315599 0.809066 0.112147 0.112618 0.00178352
4 0.688209 0.809154 0.111862 0.111554 0.00177231
6 0.688014 0.933603 0.111527 0.112836 0.0017599
4 0.315599 0.809066 0.112147 0.112618 0.00175789
6 0.811559 0.561078 0.11149 0.11384 0.00175033
5 0.315227 0.809342 0.112194 0.112225 0.00174911
4 0.564059 0.933244 0.11153 0.113013 0.00173827
4 0.563766 0.437104 0.112398 0.112615 0.00173518
11 0.687368 0.189038 0.111893 0.112115 0.00172483
2 0.688236 0.809322 0.113226 0.112033 0.00169391
5 0.439686 0.809371 0.110761 0.11216 0.00168017
0 0.56369 0.18861 0.111869 0.113045 0.00166924
6 0.811234 0.0644098 0.112911 0.112945 0.00163689
1 0.936509 0.934144 0.11298 0.113898 0.00162529
0 0.56352 0.0650658 0.109949 0.112043 0.00162409
12 0.935983 0.313046 0.112394 0.113592 0.00161679
2 0.0671736 0.80902 0.114146 0.114551 0.00161493
10 0.19159 0.933747 0.112836 0.113787 0.00159334
12 0.56346 0.313028 0.112127 0.112371 0.00154684
7 0.688002 0.313408 0.111885 0.112554 0.00154171
7 0.315965 0.933445 0.112488 0.113446 0.00153908
0 0.935211 0.188819 0.112809 0.113319 0.00153491
12 0.935914 0.188912 0.112573 0.113405 0.00152522
6 0.68672 0.0648637 0.11286 0.112873 0.00151427
10 0.067402 0.0649043 0.112092 0.112218 0.00150635
7 0.191485 0.808991 0.112002 0.112672 0.00146134
7 0.0673736 0.93319 0.113018 0.113769 0.00145552
0 0.563772 0.436938 0.112033 0.113277 0.00143403
13 0.935805 0.437386 0.112126 0.112169 0.00143379
11 0.935732 0.437957 0.112772 0.115415 0.00142127
4 0.56369 0.18861 0.111869 0.113045 0.00142093
2 0.687618 0.312949 0.112006 0.113406 0.00142018
1 0.688145 0.43696 0.111591 0.113224 0.00141468
3 0.812283 0.68544 0.112795 0.113209 0.00140979
13 0.686808 0.0643776 0.112089 0.112241 0.00140585
7 0.19178 0.0643654 0.111601 0.111791 0.00138844
3 0.315452 0.312947 0.110619 0.112919 0.00137516
3 0.812264 0.561099 0.110933 0.112866 0.00137325
7 0.811494 0.685925 0.112792 0.113767 0.00136877
11 0.44 0.0650582 0.111882 0.113737 0.00136867
9 0.439524 0.685326 0.112599 0.113235 0.00135889
3 0.43968 0.561075 0.112333 0.113256 0.00135471
5 0.813125 0.809699 0.111628 0.111639 0.00135401
6 0.812377 0.436686 0.113045 0.113137 0.0013426
3 0.688014 0.933603 0.111527 0.112836 0.00133413
4 0.687881 0.560636 0.112939 0.11286 0.00131006
8 0.56352 0.0650658 0.109949 0.112043 0.00130767
5 0.191499 0.933607 0.111372 0.112944 0.00130665
1 0.563775 0.684909 0.11233 0.113133 0.00130425
4 0.191359 0.561671 0.112327 0.113066 0.00130106
5 0.93618 0.933809 0.112535 0.112448 0.00127998
1 0.811769 0.809472 0.11159 0.112232 0.00126941
4 0.93652 0.560816 0.113377 0.112301 0.00126643
12 0.56352 0.0650658 0.109949 0.112043 0.00126475
7 0.563334 0.314039 0.112155 0.113908 0.00125355
6 0.935814 0.809174 0.111461 0.11306 0.00125069
6 0.19178 0.0643654 0.111601 0.111791 0.00124729
4 0.0670569 0.809012 0.112462 0.112618 0.00124609
0 0.813151 0.561655 0.109329 0.111463 0.00124473
4 0.0668688 0.685493 0.112081 0.111788 0.00124352
12 0.439546 0.313669 0.111979 0.113004 0.00124153
5 0.564139 0.933489 0.111231 0.113412 0.00123895
12 0.811753 0.809807 0.111153 0.1138 0.00123573
4 0.81196 0.189134 0.112127 0.112333 0.00123049
3 0.0671818 0.188598 0.112637 0.113239 0.00122995
9 0.813098 0.809826 0.109906 0.111998 0.00122234
7 0.811488 0.561772 0.112604 0.113487 0.00119248
0 0.0663335 0.685322 0.110855 0.111709 0.001192
8 0.315838 0.561052 0.110952 0.114194 0.00115813
9 0.440165 0.0652213 0.112778 0.113432 0.00115145
0 0.315838 0.561052 0.110952 0.114194 0.00114644
0 0.191265 0.561451 0.112377 0.113315 0.00114032
13 0.191378 0.809432 0.112118 0.112133 0.00113968
4 0.688154 0.065095 0.111269 0.112899 0.00113766
7 0.0669526 0.313742 0.112817 0.113106 0.00113553
7 0.315988 0.437476 0.112123 0.11246 0.00113348
4 0.93594 0.0646536 0.112828 0.113354 0.0011307
13 0.315876 0.933978 0.111632 0.111624 0.0011286
2 0.688168 0.933943 0.113041 0.113766 0.00112608
6 0.439782 0.561353 0.111925 0.113037 0.00111606
2 0.563488 0.437234 0.111113 0.112002 0.00110898
1 0.56379 0.809236 0.112792 0.113082 0.00109938
4 0.811753 0.809807 0.111153 0.1138 0.00109526
10 0.688121 0.0650067 0.11151 0.113978 0.00108526
9 0.191165 0.189168 0.111996 0.112212 0.00108347
7 0.812516 0.436277 0.111779 0.1125 0.00107997
9 0.315398 0.685467 0.112315 0.113033 0.00104814
0 0.813151 0.6856 0.109339 0.111952 0.00104254
4 0.93595 0.809603 0.111061 0.112108 0.00103952
3 0.315988 0.437476 0.112123 0.11246 0.00103692
3 0.191232 0.437081 0.113088 0.112875 0.0010369
8 0.439165 0.313499 0.111997 0.11242 0.00103242
5 0.687411 0.313172 0.111915 0.112222 0.00102097
7 0.191727 0.313429 0.111702 0.112586 0.0010158
10 0.191339 0.313065 0.110728 0.11196 0.00100918
2 0.564139 0.933489 0.111231 0.113412 0.00100644
7 0.936114 0.312782 0.112465 0.113619 0.00100042
