6 0.316051 0.809197 0.111515 0.112114 0.985715
3 0.0674434 0.80942 0.112391 0.112406 0.985631
11 0.439212 0.934067 0.111061 0.112629 0.985251
3 0.3147 0.0651262 0.111771 0.111798 0.985159
10 0.0668901 0.68523 0.114355 0.113433 0.984847
9 0.19163 0.68495 0.111405 0.112397 0.983935
10 0.191556 0.933631 0.111856 0.113573 0.983935
11 0.315188 0.933956 0.111472 0.11263 0.983814
5 0.314777 0.190018 0.111821 0.111994 0.98372
13 0.811873 0.80978 0.1127 0.112556 0.983489
10 0.315662 0.56138 0.112017 0.111863 0.983474
9 0.191678 0.189028 0.111441 0.11169 0.983386
5 0.315681 0.31398 0.111981 0.112509 0.983177
5 0.191834 0.562263 0.11145 0.112024 0.983104
12 0.936257 0.809689 0.111987 0.11228 0.983093
11 0.0668474 0.561784 0.113719 0.112051 0.983058
10 0.315594 0.437449 0.113648 0.111759 0.98281
10 0.0669035 0.934085 0.114846 0.114536 0.982766
10 0.0676829 0.313482 0.113404 0.111 0.982675
6 0.93574 0.934008 0.112157 0.11251 0.982661
10 0.0677204 0.188987 0.114176 0.112483 0.982358
9 0.439311 0.0647279 0.110802 0.112532 0.982256
4 0.811888 0.93379 0.113279 0.114649 0.982211
11 0.191586 0.809457 0.111328 0.111754 0.982211
13 0.191467 0.437192 0.110767 0.110507 0.98213
0 0.687623 0.933208 0.111265 0.112542 0.982117
10 0.439605 0.561477 0.112939 0.111488 0.981925
5 0.191385 0.0654813 0.111564 0.112506 0.981828
13 0.191547 0.313569 0.112155 0.111827 0.981543
5 0.687558 0.0656727 0.111305 0.112525 0.981459
7 0.56381 0.933955 0.112631 0.112817 0.981395
7 0.564294 0.809856 0.112084 0.112302 0.981376
6 0.688055 0.809782 0.112449 0.113531 0.981363
12 0.067351 0.437703 0.11257 0.112404 0.981232
7 0.811886 0.0656506 0.111671 0.111526 0.980984
11 0.315254 0.685172 0.111371 0.111233 0.980949
10 0.936277 0.68525 0.112907 0.110813 0.980942
5 0.563355 0.189925 0.111697 0.113055 0.980417
3 0.439361 0.43739 0.111052 0.111307 0.980372
11 0.439366 0.68553 0.111046 0.111488 0.980299
2 0.439159 0.189171 0.111355 0.112984 0.98013
1 0.439622 0.809714 0.112005 0.112676 0.979902
8 0.936171 0.0649849 0.113978 0.115164 0.979781
10 0.687755 0.188917 0.111818 0.11249 0.979598
11 0.563567 0.313173 0.111542 0.113035 0.979575
9 0.439707 0.313362 0.111695 0.11251 0.979562
5 0.56379 0.685497 0.112158 0.112316 0.979431
1 0.687602 0.561335 0.111958 0.111766 0.979403
0 0.0674517 0.0647118 0.11117 0.111802 0.979103
3 0.811848 0.685663 0.111671 0.112116 0.978943
10 0.811888 0.561215 0.112537 0.112212 0.978942
5 0.687628 0.685104 0.111711 0.111923 0.978889
2 0.563855 0.560951 0.111705 0.112843 0.978746
9 0.811791 0.188955 0.111736 0.112441 0.978671
1 0.936141 0.3126 0.114073 0.112952 0.978574
12 0.564101 0.437 0.112079 0.112373 0.978522
0 0.563554 0.0652159 0.110534 0.112558 0.978323
2 0.687227 0.437644 0.111416 0.111694 0.978307
8 0.81175 0.313197 0.112389 0.11211 0.978247
8 0.936279 0.561504 0.11343 0.112822 0.978244
13 0.687751 0.313417 0.112308 0.112323 0.978221
2 0.936063 0.437022 0.113088 0.113127 0.978023
3 0.935556 0.189305 0.111219 0.110956 0.977639
7 0.812042 0.437292 0.112908 0.11227 0.976786
12 0.812836 0.436551 0.110911 0.11169 0.0105208
5 0.563575 0.313404 0.111365 0.112646 0.00921217
12 0.811469 0.0651594 0.110696 0.112062 0.00713882
6 0.812584 0.438002 0.10947 0.111877 0.00710933
3 0.688097 0.80932 0.111351 0.112037 0.00698018
2 0.93622 0.560949 0.113347 0.112142 0.00652987
1 0.68742 0.437951 0.10914 0.111479 0.00567593
5 0.315562 0.68533 0.112853 0.112398 0.00555821
2 0.935752 0.0653001 0.113622 0.114228 0.00527009
1 0.0670833 0.0639108 0.112995 0.112668 0.00477586
9 0.43971 0.436586 0.11113 0.111552 0.00465641
8 0.688149 0.437487 0.109488 0.112551 0.00452046
0 0.936203 0.312944 0.113407 0.111858 0.00363167
10 0.0673751 0.560848 0.113012 0.112494 0.00359565
3 0.316051 0.809197 0.111515 0.112114 0.00355326
2 0.811273 0.312944 0.11079 0.112422 0.00334847
12 0.688175 0.313322 0.112021 0.112446 0.00330261
8 0.439908 0.685346 0.110986 0.111042 0.00309045
4 0.812584 0.438002 0.10947 0.111877 0.00308898
12 0.811241 0.809821 0.112463 0.112638 0.00301692
6 0.811413 0.0648759 0.11066 0.111369 0.00297645
1 0.563648 0.561203 0.11137 0.112417 0.00292291
6 0.563875 0.437239 0.110881 0.111576 0.00280041
0 0.688152 0.561184 0.111849 0.110866 0.00279958
11 0.686761 0.0653113 0.110243 0.109694 0.00275397
3 0.936141 0.933738 0.111712 0.113098 0.00273558
12 0.439876 0.313572 0.111694 0.111416 0.00258405
1 0.563559 0.0641734 0.109917 0.112912 0.0025469
12 0.191172 0.436688 0.110073 0.111472 0.00254527
12 0.811766 0.188944 0.111842 0.111869 0.00242449
4 0.563739 0.933638 0.112266 0.11293 0.00241097
13 0.687572 0.189152 0.111417 0.112103 0.00238199
11 0.686728 0.685516 0.111526 0.110256 0.00233683
1 0.935434 0.437853 0.110028 0.110462 0.00232787
10 0.191229 0.0648955 0.111875 0.111927 0.00231919
3 0.68818 0.684996 0.111577 0.112989 0.00231893
4 0.31563 0.437471 0.113398 0.112907 0.00231883
9 0.935491 0.189007 0.112261 0.112954 0.00230704
12 0.935556 0.189305 0.111219 0.110956 0.00229551
5 0.191595 0.809255 0.112843 0.112455 0.00224761
6 0.811291 0.933903 0.113549 0.113044 0.0021758
5 0.0667937 0.561358 0.114557 0.112526 0.00214562
3 0.811527 0.188976 0.110964 0.112472 0.00211572
5 0.68808 0.189207 0.112805 0.113277 0.00210284
2 0.68818 0.684996 0.111577 0.112989 0.00206252
7 0.688202 0.313393 0.112173 0.112317 0.00205802
7 0.688359 0.809732 0.112635 0.112899 0.00205643
3 0.564176 0.561062 0.111406 0.112569 0.00202419
4 0.688102 0.189389 0.112381 0.113875 0.00201656
3 0.688087 0.437643 0.111187 0.112206 0.00201548
1 0.439209 0.188961 0.111685 0.11227 0.00196756
4 0.68818 0.684996 0.111577 0.112989 0.00195527
8 0.439559 0.933846 0.110475 0.113024 0.00195179
5 0.811238 0.561313 0.112402 0.111768 0.00194068
4 0.564176 0.561062 0.111406 0.112569 0.00192693
5 0.315764 0.933819 0.113286 0.113779 0.00188307
1 0.811888 0.93379 0.113279 0.114649 0.00186974
4 0.066755 0.313726 0.112486 0.110334 0.00186754
2 0.688176 0.064858 0.112192 0.11142 0.00182923
2 0.811888 0.93379 0.113279 0.114649 0.00182919
10 0.439908 0.685346 0.110986 0.111042 0.00182435
5 0.439629 0.933974 0.112481 0.113325 0.00179554
10 0.439559 0.933846 0.110475 0.113024 0.00178734
10 0.563672 0.313434 0.11249 0.111863 0.00175806
12 0.191483 0.189117 0.111975 0.11156 0.0017537
5 0.439703 0.685567 0.112387 0.112238 0.00174608
7 0.935947 0.809429 0.11393 0.115108 0.00170853
12 0.439749 0.0646125 0.112582 0.112068 0.00169405
7 0.811291 0.933903 0.113549 0.113044 0.00164824
6 0.811473 0.685646 0.11126 0.111645 0.00163517
4 0.439663 0.561631 0.112953 0.112617 0.00161908
10 0.688176 0.064858 0.112192 0.11142 0.00160789
8 0.315545 0.933968 0.111915 0.11363 0.00159863
10 0.812036 0.808821 0.112785 0.113104 0.00159706
12 0.439473 0.436514 0.110897 0.11048 0.00159333
2 0.688064 0.561319 0.110841 0.11187 0.00156209
10 0.315741 0.685425 0.111769 0.111449 0.00156056
10 0.687725 0.31389 0.112687 0.113127 0.00154472
1 0.0669305 0.80909 0.112693 0.111972 0.00153862
4 0.563959 0.809004 0.111119 0.112212 0.00153684
0 0.439814 0.3136 0.111837 0.1111 0.00152295
8 0.315741 0.685425 0.111769 0.111449 0.00150578
7 0.0675983 0.31391 0.112594 0.110962 0.00150237
13 0.935781 0.685601 0.112586 0.112121 0.00148043
4 0.811822 0.561394 0.111588 0.112412 0.0014735
5 0.936238 0.685295 0.111762 0.111748 0.00145573
0 0.439749 0.809739 0.111522 0.112278 0.0014164
6 0.935947 0.809429 0.11393 0.115108 0.00141267
4 0.315408 0.561323 0.112522 0.111738 0.00141095
13 0.812941 0.436589 0.110218 0.112277 0.0014085
4 0.439622 0.809612 0.111243 0.111924 0.00137882
0 0.811807 0.313636 0.110591 0.11159 0.00137455
8 0.688298 0.932366 0.112064 0.111895 0.00136806
7 0.935835 0.934049 0.112344 0.114101 0.00135046
13 0.0668474 0.561784 0.113719 0.112051 0.00134723
1 0.811848 0.685663 0.111671 0.112116 0.00133754
0 0.93653 0.561363 0.11213 0.112027 0.00133537
12 0.192025 0.685379 0.111852 0.111819 0.00132962
7 0.316073 0.438095 0.113712 0.112863 0.00132673
10 0.191688 0.561315 0.111632 0.111491 0.00132146
12 0.811473 0.685646 0.11126 0.111645 0.00129882
7 0.688102 0.189389 0.112381 0.113875 0.00127647
10 0.811652 0.93347 0.113129 0.114553 0.00127315
4 0.688087 0.437643 0.111187 0.112206 0.00126986
11 0.811875 0.313534 0.111492 0.112419 0.00125307
6 0.0668647 0.438108 0.114229 0.111864 0.00124823
10 0.191176 0.313459 0.111788 0.11194 0.0012428
0 0.936052 0.0650141 0.112657 0.113161 0.00122294
10 0.68818 0.684996 0.111577 0.112989 0.00121514
4 0.93609 0.685105 0.112107 0.111722 0.00120985
2 0.811473 0.685646 0.11126 0.111645 0.00119238
11 0.935973 0.685249 0.111833 0.110901 0.00117848
8 0.191586 0.809457 0.111328 0.111754 0.00117831
13 0.315356 0.437329 0.111683 0.112027 0.00116988
8 0.936043 0.436862 0.112712 0.111497 0.00116021
3 0.0675575 0.436554 0.111103 0.11366 0.00115454
3 0.688176 0.064858 0.112192 0.11142 0.00114401
3 0.936043 0.436862 0.112712 0.111497 0.00113364
10 0.314693 0.189433 0.111427 0.111918 0.00112781
10 0.563825 0.685208 0.11284 0.112183 0.00112471
7 0.0668647 0.438108 0.114229 0.111864 0.00111937
12 0.191176 0.313459 0.111788 0.11194 0.0011112
4 0.563825 0.685208 0.11284 0.112183 0.00110597
7 0.935968 0.685082 0.112914 0.11291 0.00110129
13 0.191376 0.933714 0.112655 0.112155 0.00109029
11 0.936001 0.561446 0.11115 0.1133 0.00107889
11 0.191176 0.313459 0.111788 0.11194 0.00107547
12 0.564303 0.809936 0.111567 0.112881 0.00107108
9 0.066738 0.809181 0.113559 0.111381 0.00107008
5 0.93627 0.436613 0.111476 0.112099 0.00105313
1 0.688394 0.809821 0.111518 0.113675 0.0010525
4 0.687746 0.560778 0.111757 0.111512 0.00104218
0 0.191378 0.189159 0.111918 0.111509 0.00104008
9 0.0667154 0.561031 0.113771 0.110954 0.00103557
4 0.563875 0.437239 0.110881 0.111576 0.0010288
10 0.315545 0.933968 0.111915 0.11363 0.00102487
7 0.811231 0.560989 0.112266 0.112155 0.00102227
5 0.439787 0.561421 0.112022 0.112112 0.00101617
10 0.191194 0.437514 0.111443 0.111934 0.00100836
11 0.191545 0.561142 0.111103 0.111091 0.00100309
