9 0.190367 0.933989 0.112891 0.110556 0.986647
9 0.811997 0.933877 0.112514 0.110813 0.986086
8 0.438792 0.933995 0.111498 0.110874 0.985918
2 0.439108 0.809077 0.111691 0.110851 0.985736
7 0.314982 0.8088 0.112361 0.11112 0.98563
3 0.315762 0.685437 0.111641 0.11005 0.985322
11 0.688242 0.933496 0.112187 0.111757 0.984997
13 0.315001 0.933876 0.113964 0.111929 0.984661
7 0.935507 0.933505 0.112152 0.111663 0.984486
3 0.19133 0.561573 0.109544 0.109559 0.984299
11 0.439502 0.684751 0.11096 0.11245 0.984215
7 0.0670154 0.313633 0.113267 0.111307 0.983784
9 0.191325 0.0643046 0.11146 0.109232 0.983433
3 0.562936 0.0652101 0.111699 0.110877 0.98336
13 0.0668713 0.43791 0.113527 0.113431 0.983213
13 0.811708 0.809239 0.113009 0.111175 0.983045
9 0.687469 0.685069 0.11147 0.110336 0.982999
5 0.0666574 0.190141 0.11412 0.115842 0.982919
11 0.0663277 0.685346 0.113715 0.114214 0.982812
10 0.190912 0.188182 0.111331 0.113757 0.982541
12 0.0668064 0.561527 0.111356 0.110032 0.982254
2 0.687113 0.809489 0.111342 0.110417 0.982153
4 0.315459 0.313665 0.11234 0.113589 0.982135
1 0.56334 0.933682 0.114688 0.113802 0.982012
5 0.93551 0.0655282 0.113367 0.113367 0.981988
11 0.191242 0.437411 0.113142 0.114158 0.981904
13 0.190376 0.808716 0.11197 0.110452 0.981869
3 0.935998 0.684951 0.110207 0.108414 0.981831
12 0.192175 0.312461 0.111664 0.110666 0.981669
5 0.686994 0.0655212 0.113138 0.111309 0.981311
2 0.0663114 0.0650873 0.111573 0.11147 0.981246
7 0.315284 0.064195 0.11298 0.110117 0.980792
2 0.315793 0.437163 0.113435 0.111711 0.980676
3 0.812021 0.0651942 0.112 0.111298 0.980602
13 0.439583 0.437422 0.110688 0.111671 0.980253
11 0.439935 0.188685 0.114824 0.114687 0.980237
13 0.191151 0.68482 0.111337 0.111755 0.980224
8 0.9357 0.80893 0.110821 0.110251 0.980214
4 0.440049 0.0645834 0.114402 0.112451 0.980127
4 0.563706 0.809126 0.111251 0.11291 0.979656
8 0.0657087 0.809657 0.113567 0.112829 0.979506
7 0.314531 0.188675 0.112221 0.112901 0.979051
1 0.0671363 0.933833 0.112937 0.112769 0.979014
5 0.563482 0.560628 0.112505 0.11341 0.979003
10 0.812082 0.31291 0.112624 0.114386 0.978878
10 0.936526 0.561362 0.111375 0.113755 0.978821
10 0.563904 0.436864 0.113654 0.112256 0.978759
13 0.687174 0.18889 0.113474 0.113262 0.978737
9 0.936362 0.436465 0.110946 0.110684 0.978707
9 0.688645 0.437349 0.111206 0.110548 0.978675
11 0.563048 0.189644 0.111674 0.112474 0.978554
11 0.81228 0.561192 0.112199 0.113153 0.978439
13 0.812545 0.437677 0.112101 0.110406 0.978293
10 0.936277 0.188115 0.111686 0.112538 0.978242
7 0.439373 0.313155 0.111958 0.110871 0.978178
2 0.812584 0.685438 0.112778 0.110578 0.97808
8 0.315081 0.561186 0.11361 0.113231 0.978064
11 0.563505 0.312739 0.112612 0.112863 0.978006
5 0.936533 0.312357 0.112338 0.113914 0.977963
1 0.564032 0.685793 0.112407 0.111657 0.977815
8 0.688459 0.561334 0.112949 0.110964 0.977794
1 0.439929 0.560696 0.111664 0.112663 0.977484
2 0.811815 0.188567 0.11242 0.111019 0.977455
3 0.688059 0.313704 0.11174 0.111559 0.977419
2 0.315375 0.561194 0.112511 0.113682 0.0129907
8 0.813411 0.933837 0.11256 0.110852 0.010027
8 0.689127 0.933037 0.115408 0.112116 0.00912286
0 0.813415 0.933228 0.113439 0.110829 0.00798987
8 0.813127 0.561369 0.113662 0.114979 0.00709007
12 0.191509 0.685578 0.111238 0.111967 0.00699512
11 0.315159 0.934169 0.112991 0.112149 0.00675127
2 0.0670674 0.809767 0.112544 0.113785 0.00668161
9 0.936061 0.561422 0.110885 0.111489 0.00576852
12 0.811623 0.437645 0.113129 0.110141 0.00540742
12 0.811419 0.809677 0.110612 0.110888 0.00536232
2 0.687993 0.561175 0.112823 0.112881 0.00534892
2 0.68826 0.313726 0.111729 0.111086 0.00485444
11 0.190595 0.809947 0.11154 0.112057 0.00483857
8 0.68831 0.684955 0.110595 0.11103 0.00470406
0 0.68831 0.684955 0.110595 0.11103 0.00469587
8 0.563676 0.312834 0.113016 0.112902 0.00469343
13 0.935996 0.187804 0.111693 0.11101 0.00468321
1 0.439636 0.0648996 0.112366 0.110729 0.00459074
10 0.0673079 0.313633 0.114019 0.112349 0.00431742
1 0.688279 0.809203 0.113216 0.112178 0.00429184
12 0.686554 0.188959 0.112006 0.113183 0.00426296
1 0.31556 0.313836 0.111108 0.112183 0.00425088
9 0.935947 0.188071 0.111134 0.111155 0.0040977
0 0.688519 0.437484 0.111753 0.112182 0.00405374
11 0.812217 0.438359 0.113825 0.11126 0.00404896
8 0.688348 0.438163 0.110793 0.111729 0.00377937
9 0.811679 0.313067 0.11144 0.112318 0.00373622
11 0.191391 0.685265 0.111169 0.11275 0.00359979
8 0.688302 0.8095 0.112274 0.111175 0.00347304
8 0.439725 0.685178 0.111089 0.113273 0.00341655
8 0.439497 0.809367 0.111529 0.11122 0.00337677
10 0.314904 0.93421 0.112478 0.11113 0.00328216
10 0.191547 0.312692 0.111006 0.109855 0.00318425
10 0.314586 0.188811 0.112727 0.113425 0.00313621
11 0.0668713 0.43791 0.113527 0.113431 0.00311957
9 0.811654 0.064401 0.110522 0.112356 0.00311566
1 0.813249 0.68504 0.114915 0.111146 0.00306574
5 0.686719 0.809376 0.115312 0.109891 0.00302002
11 0.439583 0.437422 0.110688 0.111671 0.00301853
8 0.563682 0.188868 0.111025 0.113661 0.00301476
1 0.31542 0.438129 0.112233 0.11092 0.00299059
10 0.439438 0.313576 0.112615 0.111674 0.0029303
1 0.563571 0.809029 0.110977 0.111698 0.00291663
2 0.813149 0.0649029 0.108782 0.110586 0.0029022
13 0.0663277 0.685346 0.113715 0.114214 0.00286416
10 0.936424 0.0653306 0.111514 0.11201 0.002814
10 0.811552 0.561066 0.10808 0.110773 0.00275288
5 0.811266 0.188589 0.112858 0.11207 0.0027106
11 0.686451 0.064765 0.115359 0.112063 0.0026971
11 0.686615 0.189544 0.114512 0.114115 0.00268743
13 0.812077 0.313364 0.110958 0.114463 0.00268594
9 0.68826 0.313726 0.111729 0.111086 0.00262364
8 0.31542 0.438129 0.112233 0.11092 0.00251699
11 0.935597 0.188292 0.113641 0.112458 0.00243536
13 0.191242 0.437411 0.113142 0.114158 0.00242774
8 0.191047 0.438096 0.11412 0.115697 0.00241465
13 0.81198 0.561289 0.112226 0.112909 0.00239301
9 0.811455 0.560934 0.109072 0.110205 0.00238228
9 0.563372 0.0651464 0.109581 0.111209 0.00226936
2 0.0660127 0.933284 0.11282 0.113563 0.00226098
11 0.936159 0.436333 0.107908 0.110922 0.00211615
10 0.191195 0.68528 0.110802 0.111583 0.00209855
8 0.191238 0.0645703 0.111801 0.110125 0.00205379
5 0.811435 0.685232 0.114176 0.111078 0.00203447
0 0.439402 0.560634 0.11236 0.114293 0.00203022
2 0.563372 0.0651464 0.109581 0.111209 0.00202644
11 0.811946 0.809363 0.111676 0.11214 0.00199379
4 0.0673117 0.313597 0.113479 0.110904 0.00198667
7 0.0671111 0.436145 0.112385 0.116441 0.00198581
0 0.191173 0.0646082 0.112231 0.110983 0.00191642
8 0.190954 0.93389 0.112203 0.110747 0.00190784
8 0.811552 0.685113 0.113325 0.111563 0.00186727
7 0.439646 0.0646997 0.112358 0.111829 0.00186457
5 0.0662476 0.684127 0.11441 0.113462 0.00182997
13 0.936605 0.560969 0.112079 0.112551 0.00181954
11 0.19116 0.188238 0.111475 0.112353 0.00181664
12 0.190777 0.810135 0.112127 0.111801 0.00180775
1 0.811983 0.188519 0.112267 0.111229 0.00179594
2 0.686436 0.0645711 0.115633 0.112938 0.00178632
10 0.0663985 0.560501 0.112328 0.109337 0.00177253
12 0.43972 0.437185 0.109379 0.109966 0.00173602
8 0.936195 0.436644 0.107043 0.110561 0.00173211
10 0.191674 0.436519 0.11365 0.11549 0.0017097
12 0.936525 0.685402 0.109253 0.110766 0.00170278
10 0.811946 0.809363 0.111676 0.11214 0.00169736
7 0.812675 0.436558 0.110504 0.111652 0.00169508
4 0.315085 0.809489 0.113661 0.113173 0.0016931
3 0.811372 0.188708 0.11227 0.111858 0.00166035
5 0.5634 0.0645872 0.110314 0.110922 0.00165025
10 0.315099 0.064358 0.113127 0.112057 0.00164297
12 0.687778 0.313359 0.111181 0.11138 0.00163127
11 0.066325 0.189999 0.115114 0.115405 0.00160765
12 0.067523 0.438004 0.109927 0.113895 0.00160624
10 0.066135 0.437773 0.114207 0.111513 0.00159225
0 0.563789 0.684593 0.112661 0.112563 0.00157834
10 0.936382 0.312649 0.111767 0.112699 0.0015658
9 0.812606 0.438112 0.110648 0.11097 0.00156097
10 0.0666813 0.18933 0.114 0.115336 0.0015579
11 0.811535 0.31251 0.110327 0.113362 0.00154752
2 0.439842 0.934243 0.11253 0.113674 0.00153855
13 0.688555 0.933492 0.112226 0.112984 0.00151988
9 0.438679 0.933704 0.109951 0.110599 0.00151695
5 0.0662735 0.0644568 0.112453 0.110759 0.0015023
3 0.936162 0.311497 0.111353 0.112125 0.00149505
11 0.93556 0.809408 0.111548 0.111026 0.00148801
4 0.43943 0.313539 0.112313 0.11067 0.00147691
10 0.0672664 0.68463 0.11398 0.115579 0.00146643
4 0.0670416 0.188746 0.114995 0.115841 0.00145844
13 0.0668064 0.561527 0.111356 0.110032 0.00145753
9 0.19116 0.188238 0.111475 0.112353 0.00144937
11 0.936101 0.0653763 0.111711 0.113241 0.00143905
8 0.811087 0.189676 0.111176 0.110231 0.00143747
8 0.0663114 0.0650873 0.111573 0.11147 0.00142956
1 0.812041 0.0648778 0.111279 0.112017 0.00139832
13 0.191295 0.188657 0.111697 0.113978 0.00138941
0 0.0710689 0.931764 0.105394 0.109148 0.00138682
2 0.935586 0.808847 0.109865 0.112604 0.00137352
1 0.439899 0.808913 0.111678 0.111117 0.0013659
4 0.935399 0.933725 0.111636 0.113037 0.00135578
10 0.813242 0.437379 0.112808 0.111632 0.00135521
1 0.688006 0.313687 0.111273 0.11138 0.00134607
1 0.562492 0.0649335 0.110429 0.11096 0.00134319
6 0.563548 0.933678 0.114217 0.112767 0.00132902
11 0.56367 0.560806 0.112079 0.113446 0.00132316
12 0.81173 0.0644025 0.109652 0.112401 0.00131905
10 0.687033 0.0651706 0.112908 0.112159 0.00131621
0 0.439563 0.933498 0.111574 0.11148 0.00130925
12 0.68831 0.684955 0.110595 0.11103 0.00130262
7 0.564027 0.436964 0.113212 0.112699 0.00129977
5 0.191503 0.561078 0.10951 0.108747 0.00128989
1 0.0668386 0.0641584 0.111938 0.111701 0.00128638
3 0.688206 0.0647624 0.116009 0.113871 0.00128053
6 0.563877 0.809203 0.111084 0.111915 0.00127944
4 0.936525 0.685402 0.109253 0.110766 0.0012763
12 0.935482 0.933474 0.110357 0.110568 0.00126578
10 0.688555 0.933492 0.112226 0.112984 0.00125904
5 0.688294 0.31323 0.113195 0.111588 0.00125364
11 0.0658051 0.809146 0.113535 0.111916 0.00122022
12 0.935597 0.188292 0.113641 0.112458 0.00121104
4 0.0660127 0.933284 0.11282 0.113563 0.00120816
9 0.19152 0.436739 0.113951 0.114846 0.00120683
4 0.314574 0.188761 0.112791 0.112084 0.00120342
2 0.439636 0.0648996 0.112366 0.110729 0.00119593
4 0.563933 0.685676 0.113298 0.112673 0.00119385
10 0.440186 0.189116 0.113938 0.113065 0.00118767
4 0.564027 0.436964 0.113212 0.112699 0.00117987
11 0.936431 0.560713 0.110659 0.115896 0.00117888
2 0.936661 0.313181 0.112859 0.117001 0.00117795
0 0.564196 0.933547 0.112914 0.112004 0.00117319
10 0.439276 0.436796 0.109988 0.110539 0.00117187
12 0.688348 0.438163 0.110793 0.111729 0.00117185
7 0.315402 0.313547 0.112044 0.112443 0.00115899
0 0.688238 0.561415 0.111986 0.111739 0.00115575
4 0.563548 0.933678 0.114217 0.112767 0.00114995
11 0.936322 0.31271 0.110835 0.113473 0.00114134
9 0.936471 0.685411 0.110445 0.110967 0.00113788
2 0.31556 0.313836 0.111108 0.112183 0.00113393
5 0.315848 0.437675 0.111787 0.111448 0.00112961
5 0.315254 0.313843 0.111588 0.112103 0.00112952
11 0.315742 0.561073 0.112766 0.113878 0.00111616
9 0.315381 0.685101 0.111937 0.11227 0.00109882
6 0.440074 0.0648827 0.11253 0.111272 0.0010988
13 0.936159 0.436333 0.107908 0.110922 0.00109703
8 0.0663277 0.685346 0.113715 0.114214 0.0010918
12 0.811496 0.313183 0.113564 0.114102 0.00108931
12 0.936834 0.436089 0.110649 0.111924 0.001089
11 0.438679 0.933704 0.109951 0.110599 0.00106601
5 0.935597 0.188292 0.113641 0.112458 0.00105391
11 0.688195 0.684775 0.11104 0.111616 0.00105167
11 0.564005 0.436382 0.112903 0.113475 0.00104208
7 0.563756 0.809227 0.111622 0.111856 0.00103981
10 0.190595 0.809947 0.11154 0.112057 0.00103048
12 0.314662 0.934203 0.112628 0.112049 0.00102406
12 0.191426 0.561599 0.110434 0.110698 0.00102254
13 0.563891 0.43635 0.113434 0.112523 0.00102103
12 0.93584 0.56092 0.112567 0.112225 0.00101964
3 0.0669901 0.560769 0.113491 0.113917 0.00101903
10 0.563688 0.560623 0.11217 0.11365 0.00101888
1 0.191361 0.56141 0.110859 0.111261 0.00101507
7 0.935959 0.187401 0.109665 0.112191 0.00100448
0 0.0664867 0.810043 0.111782 0.112308 0.00100252
