3 0.43885 0.933867 0.112437 0.113629 0.987321
5 0.316234 0.809765 0.110397 0.111776 0.987199
9 0.315077 0.0649303 0.111218 0.112465 0.984673
6 0.811769 0.809343 0.11227 0.112052 0.984366
3 0.687067 0.934121 0.112534 0.113474 0.984131
13 0.936071 0.933994 0.113243 0.112835 0.984057
1 0.563385 0.934039 0.112936 0.113503 0.984018
6 0.316491 0.685607 0.111502 0.111147 0.98399
5 0.563609 0.0654398 0.110094 0.111444 0.983837
9 0.0676936 0.0650526 0.11247 0.112483 0.983612
7 0.564008 0.809463 0.111696 0.112498 0.983534
4 0.315635 0.31332 0.112755 0.112334 0.983168
6 0.0670039 0.437523 0.114193 0.113028 0.983133
5 0.191422 0.314034 0.110986 0.111205 0.983125
7 0.191465 0.685106 0.111075 0.11146 0.982926
13 0.439626 0.0648932 0.112847 0.113636 0.982768
4 0.439635 0.313239 0.113204 0.11331 0.98257
1 0.19141 0.561823 0.111575 0.111318 0.98249
4 0.0669386 0.933895 0.114221 0.114922 0.982373
5 0.191896 0.0646554 0.1118 0.111461 0.982225
13 0.439486 0.437464 0.111487 0.110858 0.982165
1 0.316325 0.93403 0.110817 0.111676 0.98199
1 0.439618 0.809582 0.111862 0.112593 0.981974
12 0.315792 0.188779 0.111658 0.111941 0.981672
2 0.315201 0.561181 0.111893 0.112007 0.981608
11 0.191295 0.437908 0.111816 0.11179 0.981563
6 0.440207 0.561283 0.112504 0.112473 0.981313
1 0.936418 0.80944 0.113153 0.11251 0.980974
0 0.191448 0.188544 0.112191 0.112634 0.980926
13 0.687662 0.0649441 0.112176 0.112155 0.980803
10 0.191998 0.809611 0.1119 0.112592 0.980741
2 0.0667167 0.188802 0.112642 0.11242 0.980668
2 0.0666357 0.56159 0.112822 0.111921 0.980396
12 0.439628 0.188901 0.111348 0.111906 0.980367
0 0.0669692 0.312575 0.113279 0.111544 0.980128
3 0.563572 0.685556 0.111848 0.112443 0.97976
4 0.563827 0.188919 0.11319 0.113549 0.979347
12 0.687183 0.685389 0.111654 0.111171 0.979312
4 0.81218 0.561226 0.112783 0.112869 0.979244
1 0.811799 0.685471 0.1129 0.112027 0.979065
7 0.687705 0.189381 0.11104 0.111244 0.979017
0 0.191599 0.932935 0.112005 0.112367 0.978836
1 0.687794 0.31295 0.111747 0.111734 0.978804
1 0.936307 0.312433 0.113688 0.112844 0.978788
8 0.315663 0.437484 0.112033 0.111578 0.978783
6 0.812196 0.313017 0.112761 0.111861 0.978666
0 0.563641 0.560998 0.111287 0.113098 0.978622
7 0.687672 0.437474 0.111133 0.111636 0.978463
5 0.563619 0.437202 0.111675 0.111649 0.978391
1 0.93627 0.0642994 0.114643 0.114212 0.978289
3 0.81166 0.0648579 0.110521 0.112412 0.978122
12 0.936401 0.685011 0.111499 0.111505 0.978069
5 0.936358 0.43687 0.112558 0.111775 0.978062
0 0.439498 0.685166 0.111559 0.112682 0.977934
0 0.935789 0.188833 0.110033 0.110691 0.977889
0 0.0674086 0.809183 0.112784 0.112786 0.97788
7 0.687522 0.561482 0.11253 0.112289 0.977773
8 0.563516 0.313725 0.111042 0.111462 0.977747
5 0.936721 0.561421 0.113676 0.113005 0.977662
8 0.06704 0.685194 0.112385 0.113483 0.977635
8 0.812276 0.933927 0.112526 0.11476 0.97754
5 0.812001 0.188559 0.112567 0.111794 0.977365
8 0.687879 0.809671 0.110704 0.111752 0.976153
10 0.812449 0.437166 0.112682 0.112607 0.975571
2 0.31548 0.437455 0.111208 0.111613 0.0367876
2 0.56406 0.313167 0.110787 0.111721 0.0134077
2 0.0668569 0.685086 0.114787 0.113249 0.0129307
2 0.687931 0.809618 0.11201 0.111649 0.00811487
4 0.812141 0.437965 0.112969 0.112495 0.00718263
1 0.0668915 0.808962 0.113193 0.111856 0.00622453
3 0.812492 0.808602 0.112432 0.113473 0.00584755
12 0.687367 0.189127 0.111696 0.111895 0.00582122
12 0.935807 0.934218 0.112956 0.113789 0.00535279
2 0.811843 0.933669 0.113183 0.112722 0.00525625
12 0.686743 0.561594 0.111588 0.113281 0.00487449
5 0.812005 0.437394 0.11299 0.112358 0.00485785
4 0.191688 0.809252 0.112457 0.112688 0.0047381
12 0.686739 0.437348 0.11026 0.112605 0.00450139
13 0.811371 0.437241 0.111647 0.112279 0.00448196
1 0.812464 0.561241 0.113082 0.113581 0.00447622
1 0.563774 0.560748 0.111595 0.11257 0.00427758
2 0.688098 0.9339 0.111995 0.112047 0.0038234
9 0.688098 0.9339 0.111995 0.112047 0.00353145
10 0.935726 0.436932 0.11072 0.111373 0.003463
0 0.936879 0.311686 0.11267 0.111198 0.0034291
0 0.688089 0.312185 0.111302 0.111345 0.00340121
1 0.440015 0.313317 0.113265 0.11408 0.00336761
3 0.0666333 0.561173 0.115131 0.111929 0.00327899
1 0.439565 0.685182 0.111421 0.112041 0.00325834
6 0.687943 0.685373 0.111185 0.110606 0.00318076
1 0.316133 0.313356 0.112674 0.112113 0.00295525
3 0.315336 0.56123 0.113011 0.112535 0.00294567
13 0.686925 0.189316 0.112364 0.110888 0.00291025
0 0.935987 0.0643724 0.112936 0.113665 0.0028394
12 0.812005 0.437394 0.11299 0.112358 0.00279692
1 0.0669437 0.933568 0.115142 0.115516 0.00276072
1 0.563863 0.189175 0.11339 0.114148 0.00275674
0 0.563509 0.934027 0.111897 0.112205 0.00269253
7 0.811473 0.4367 0.112466 0.113399 0.0026632
6 0.686751 0.933594 0.111871 0.112543 0.00262145
10 0.191146 0.437694 0.1113 0.111801 0.00259944
0 0.811867 0.685507 0.112111 0.111616 0.00248624
3 0.0665454 0.436744 0.115062 0.112697 0.00245037
1 0.0669692 0.312575 0.113279 0.111544 0.00242951
4 0.563712 0.437899 0.110125 0.110391 0.00239893
13 0.191869 0.809399 0.112213 0.112402 0.00235403
5 0.0667928 0.188612 0.113312 0.113276 0.00234147
0 0.936497 0.809407 0.11268 0.112711 0.00232753
7 0.439411 0.313111 0.111888 0.112105 0.00231267
12 0.0677644 0.0648215 0.11247 0.112708 0.00226902
11 0.688332 0.809284 0.111836 0.111766 0.00225603
11 0.936187 0.561846 0.112571 0.112584 0.0022304
13 0.688439 0.436547 0.110666 0.112336 0.00213456
9 0.935977 0.189004 0.112321 0.112023 0.00204556
3 0.316491 0.685607 0.111502 0.111147 0.00202346
12 0.43964 0.437489 0.111596 0.111602 0.00199559
2 0.812464 0.561241 0.113082 0.113581 0.00195599
12 0.315483 0.0649463 0.112013 0.111819 0.00194815
3 0.439782 0.560654 0.113172 0.1132 0.00194186
12 0.687226 0.933843 0.111062 0.111956 0.00191887
0 0.191249 0.561316 0.112413 0.111557 0.0018481
2 0.688083 0.313275 0.110859 0.112144 0.00180367
7 0.19197 0.809361 0.112688 0.113004 0.00179926
4 0.564021 0.808954 0.11157 0.112895 0.00177731
3 0.812014 0.313523 0.111961 0.112938 0.00177328
11 0.811374 0.189132 0.113067 0.110943 0.00177174
7 0.439783 0.437527 0.111311 0.112329 0.00174839
10 0.937027 0.561261 0.112267 0.112565 0.00171936
2 0.811344 0.188992 0.113711 0.111577 0.00170322
1 0.0667939 0.189216 0.112854 0.113207 0.00169933
5 0.688121 0.933584 0.112746 0.112124 0.00169136
5 0.192011 0.437997 0.112521 0.11135 0.00167354
3 0.563712 0.437899 0.110125 0.110391 0.00166308
6 0.688136 0.561565 0.111731 0.113437 0.00163749
11 0.56406 0.313167 0.110787 0.111721 0.00163032
4 0.688154 0.561679 0.111988 0.112794 0.00162514
1 0.315509 0.56102 0.112454 0.112995 0.00160189
0 0.31627 0.934103 0.111363 0.111801 0.00156306
1 0.0671859 0.561435 0.11258 0.11174 0.00155564
6 0.811503 0.065004 0.110199 0.112157 0.00150656
6 0.68812 0.437155 0.111146 0.113245 0.00149117
0 0.813122 0.934199 0.110759 0.113805 0.00148168
4 0.81149 0.685059 0.112553 0.111697 0.00147368
4 0.687896 0.313329 0.111853 0.111172 0.00144917
0 0.439791 0.809626 0.111363 0.112269 0.00144588
12 0.438854 0.933637 0.11129 0.111841 0.0014105
5 0.0673455 0.561071 0.112313 0.114041 0.00140223
10 0.812275 0.561251 0.112479 0.113974 0.00139223
12 0.811503 0.065004 0.110199 0.112157 0.00138726
7 0.811503 0.560517 0.112025 0.114196 0.00136999
11 0.811843 0.933669 0.113183 0.112722 0.00136131
3 0.811378 0.188672 0.112338 0.112297 0.0013569
2 0.563939 0.436826 0.109578 0.112658 0.00135012
4 0.688202 0.188968 0.111287 0.11194 0.00134623
13 0.68815 0.561221 0.11142 0.112905 0.00134427
2 0.440015 0.313317 0.113265 0.11408 0.00131216
2 0.563863 0.189175 0.11339 0.114148 0.00131215
6 0.936137 0.685336 0.112204 0.111121 0.0013051
4 0.439687 0.809501 0.110999 0.111865 0.00125873
4 0.563587 0.685449 0.112055 0.112158 0.00123855
4 0.563618 0.0647857 0.110977 0.111243 0.00123226
4 0.935632 0.0648545 0.113546 0.113488 0.00122539
4 0.936418 0.80944 0.113153 0.11251 0.00121652
1 0.687474 0.93391 0.111515 0.112638 0.00121355
3 0.935964 0.43642 0.112556 0.110869 0.00121255
10 0.191514 0.0647063 0.111786 0.111861 0.00120323
0 0.688186 0.685582 0.111549 0.11166 0.0012028
7 0.315562 0.3132 0.112179 0.112146 0.00119897
11 0.935687 0.436972 0.111015 0.111049 0.00119618
2 0.191459 0.313071 0.110952 0.110869 0.0011943
6 0.811419 0.561033 0.113281 0.112818 0.00118715
7 0.935875 0.933702 0.112194 0.113643 0.00118176
11 0.31561 0.437325 0.11188 0.11143 0.00117831
4 0.687226 0.933843 0.111062 0.111956 0.00117777
5 0.31561 0.561061 0.111353 0.112821 0.00117341
2 0.563587 0.685449 0.112055 0.112158 0.00115575
0 0.315615 0.438109 0.111922 0.113051 0.00114956
7 0.0669437 0.933568 0.115142 0.115516 0.00112051
12 0.192051 0.809501 0.113219 0.113265 0.00111897
4 0.191517 0.56151 0.111104 0.111146 0.00111372
7 0.936076 0.685151 0.111105 0.114179 0.00107257
10 0.439626 0.0648932 0.112847 0.113636 0.00105626
3 0.936637 0.561154 0.113893 0.11231 0.00105606
10 0.563618 0.0647857 0.110977 0.111243 0.00105506
1 0.43938 0.933835 0.111325 0.112616 0.0010451
4 0.688141 0.437325 0.111528 0.112887 0.00104113
1 0.563572 0.685556 0.111848 0.112443 0.00104094
6 0.44009 0.313138 0.113186 0.113122 0.00102802
3 0.0662662 0.189144 0.114855 0.112979 0.00102739
12 0.56321 0.685526 0.111318 0.112142 0.00101477
4 0.191734 0.685224 0.111233 0.111769 0.00101453
1 0.811829 0.0650469 0.111197 0.11221 0.00101386
10 0.439723 0.43714 0.112114 0.11285 0.00100299
10 0.688156 0.189221 0.111668 0.113068 0.00100239
