12 0.191308 0.933816 0.11311 0.113404 0.98558
6 0.563545 0.933857 0.112474 0.113482 0.985412
9 0.0669267 0.685626 0.112182 0.111761 0.985245
7 0.0669891 0.0649862 0.113682 0.112445 0.984706
10 0.191808 0.188881 0.113332 0.113068 0.98457
9 0.0666976 0.437328 0.11225 0.111996 0.983876
10 0.563536 0.809615 0.112608 0.113864 0.983754
6 0.0670787 0.561742 0.11295 0.112132 0.983753
5 0.191829 0.561535 0.11074 0.112006 0.983622
13 0.81225 0.8097 0.112142 0.112132 0.983603
2 0.315344 0.809736 0.113293 0.112961 0.983486
10 0.812132 0.933589 0.11203 0.112779 0.983354
10 0.563577 0.065043 0.111723 0.113167 0.983312
0 0.439352 0.933578 0.112214 0.113244 0.983194
13 0.936224 0.934028 0.112194 0.112033 0.983153
10 0.315674 0.561579 0.112377 0.112384 0.982944
10 0.315336 0.437138 0.111937 0.111322 0.982911
7 0.315561 0.934069 0.111862 0.111315 0.982858
4 0.439418 0.189182 0.112105 0.112636 0.982273
6 0.687756 0.0648299 0.112081 0.112803 0.982227
10 0.439351 0.437135 0.111857 0.111998 0.982136
7 0.439396 0.313382 0.113358 0.111969 0.982078
12 0.439364 0.0647779 0.11178 0.112974 0.981884
0 0.6879 0.933232 0.112241 0.113388 0.981826
10 0.439267 0.56097 0.11138 0.111547 0.981531
13 0.439455 0.809847 0.111581 0.111926 0.981468
2 0.315202 0.313212 0.111748 0.11254 0.981447
11 0.191104 0.809327 0.111002 0.111577 0.981293
2 0.315138 0.188861 0.111611 0.112794 0.981219
8 0.812089 0.0654905 0.112158 0.112937 0.981045
1 0.19108 0.0642087 0.11174 0.113138 0.981037
0 0.191102 0.437114 0.112699 0.112632 0.98102
3 0.0674052 0.809921 0.112361 0.111876 0.98076
0 0.935907 0.684873 0.113213 0.112075 0.980689
2 0.190965 0.313118 0.111713 0.112153 0.980636
3 0.315107 0.685434 0.111481 0.111558 0.980573
13 0.439286 0.685526 0.111639 0.111959 0.980565
0 0.191441 0.685469 0.112224 0.111545 0.980549
13 0.0668622 0.933959 0.114157 0.113997 0.980244
1 0.687711 0.809387 0.111604 0.11315 0.980174
13 0.563725 0.313317 0.11216 0.112566 0.979627
1 0.56357 0.685065 0.112504 0.113152 0.979541
0 0.0673162 0.313172 0.112499 0.112854 0.97952
8 0.067286 0.189342 0.111793 0.112206 0.979499
3 0.687457 0.189207 0.111777 0.112145 0.979392
13 0.563634 0.189243 0.111579 0.112565 0.979363
12 0.563359 0.561504 0.112474 0.112126 0.97928
3 0.81168 0.189313 0.111996 0.112519 0.978881
13 0.812036 0.56173 0.112717 0.112295 0.978771
9 0.935622 0.437898 0.111297 0.11198 0.978707
0 0.687454 0.436999 0.112021 0.11286 0.978585
0 0.811915 0.312981 0.112397 0.112222 0.97858
7 0.56386 0.437269 0.111928 0.113035 0.978566
7 0.687867 0.313133 0.11222 0.112735 0.978393
8 0.936115 0.809393 0.112561 0.113309 0.978327
1 0.936402 0.0644128 0.113918 0.114032 0.978281
1 0.936379 0.561115 0.114092 0.113235 0.978266
2 0.687666 0.561496 0.11203 0.11253 0.978217
8 0.812133 0.436945 0.112299 0.113259 0.978104
7 0.812275 0.685485 0.112615 0.112588 0.977976
1 0.936521 0.312794 0.113876 0.112733 0.977892
2 0.687291 0.685313 0.110782 0.112008 0.977878
0 0.315178 0.0636251 0.111126 0.112499 0.977689
3 0.935842 0.189452 0.111696 0.112398 0.977388
2 0.0664952 0.189414 0.1136 0.112119 0.0301244
2 0.936144 0.809169 0.112819 0.111884 0.0217724
6 0.563718 0.561323 0.112388 0.113168 0.0122661
2 0.811909 0.0658403 0.112099 0.112634 0.0113002
2 0.811873 0.436754 0.112086 0.111998 0.011291
5 0.19103 0.809428 0.111456 0.112066 0.0108756
3 0.688349 0.685252 0.111942 0.112988 0.010475
10 0.0670619 0.933671 0.111324 0.113086 0.00776978
10 0.936297 0.933466 0.112115 0.113847 0.00728556
3 0.688361 0.56119 0.111565 0.112802 0.00694154
12 0.81159 0.68572 0.11234 0.112585 0.00604478
1 0.687619 0.436597 0.11227 0.112746 0.00588743
12 0.439895 0.809277 0.110333 0.111755 0.00519069
7 0.936297 0.933466 0.112115 0.113847 0.00513966
10 0.812184 0.809016 0.112165 0.113189 0.00511466
1 0.315178 0.0636251 0.111126 0.112499 0.00449951
10 0.439895 0.809277 0.110333 0.111755 0.00430357
11 0.811747 0.933006 0.115252 0.112139 0.00413331
0 0.936471 0.312939 0.112589 0.111365 0.00404832
7 0.0670619 0.933671 0.111324 0.113086 0.00391964
10 0.439713 0.313489 0.112938 0.112322 0.00346905
12 0.686857 0.313436 0.110153 0.112246 0.00335302
12 0.811566 0.189346 0.112972 0.112845 0.00314467
12 0.439634 0.685153 0.110865 0.111647 0.0031277
12 0.563628 0.313694 0.112377 0.113456 0.00310128
0 0.688044 0.808954 0.110888 0.111626 0.00306245
3 0.315344 0.809736 0.113293 0.112961 0.00304845
9 0.811511 0.189407 0.112948 0.112993 0.00300672
0 0.936521 0.560763 0.113172 0.112024 0.00299374
0 0.936197 0.0644737 0.112516 0.113686 0.00296705
4 0.688136 0.313199 0.112854 0.113124 0.00287069
1 0.688077 0.561054 0.112261 0.113698 0.00283742
4 0.0666471 0.065081 0.113992 0.111317 0.00274583
1 0.315289 0.313561 0.111623 0.112254 0.00267644
12 0.563543 0.189393 0.111736 0.112972 0.00260987
1 0.688081 0.685278 0.112806 0.11325 0.00260679
10 0.563628 0.313694 0.112377 0.113456 0.00256902
6 0.811641 0.68543 0.111454 0.112531 0.00256406
4 0.315377 0.437198 0.111628 0.112756 0.00255991
5 0.315551 0.80983 0.112827 0.112635 0.00250105
4 0.564187 0.437913 0.111626 0.11273 0.0025
1 0.190848 0.313617 0.111088 0.111948 0.00247173
11 0.563628 0.313694 0.112377 0.113456 0.0024433
0 0.19108 0.0642087 0.11174 0.113138 0.00239983
3 0.0666288 0.561297 0.114737 0.112718 0.00238174
3 0.688283 0.0644288 0.111833 0.112751 0.00237729
11 0.812051 0.0656034 0.110714 0.113515 0.00237077
1 0.688197 0.0650751 0.111105 0.113061 0.00236932
4 0.564213 0.0644928 0.1115 0.113317 0.00236635
7 0.439355 0.189218 0.112342 0.113166 0.00232741
1 0.439769 0.188912 0.112916 0.113257 0.00231547
6 0.9363 0.189248 0.112549 0.112858 0.00227335
12 0.0670619 0.933671 0.111324 0.113086 0.00227212
8 0.688085 0.685487 0.110657 0.112133 0.00226759
6 0.439364 0.0647779 0.11178 0.112974 0.00224458
4 0.315213 0.561292 0.111756 0.11277 0.00218742
7 0.439634 0.685153 0.110865 0.111647 0.00215542
5 0.686786 0.6854 0.11528 0.111095 0.00213712
12 0.936061 0.189264 0.113634 0.112881 0.00211415
4 0.439825 0.561206 0.11274 0.113127 0.00209848
8 0.688083 0.561211 0.109842 0.112972 0.0020607
13 0.81175 0.933324 0.11299 0.113433 0.00205179
7 0.812184 0.809016 0.112165 0.113189 0.00200569
5 0.688077 0.561054 0.112261 0.113698 0.00191586
4 0.43961 0.31344 0.112694 0.111903 0.00191147
6 0.688083 0.189549 0.112615 0.112958 0.00190317
6 0.0678416 0.809215 0.112753 0.112205 0.00190085
1 0.191297 0.685496 0.112818 0.112055 0.00190025
1 0.0671027 0.312678 0.112886 0.112218 0.00186999
2 0.688163 0.809185 0.112058 0.112717 0.00185288
10 0.687778 0.313448 0.112392 0.112624 0.00185211
10 0.439634 0.685153 0.110865 0.111647 0.00185153
1 0.811967 0.312715 0.111934 0.113114 0.00180179
1 0.066659 0.809186 0.112675 0.111969 0.00179615
9 0.936022 0.685127 0.112187 0.112342 0.00179375
3 0.315548 0.313302 0.110925 0.112788 0.00176776
2 0.688083 0.189549 0.112615 0.112958 0.00174633
6 0.564294 0.436609 0.110332 0.113488 0.00172508
6 0.686885 0.313576 0.113575 0.111889 0.00170915
0 0.935909 0.8092 0.111316 0.112879 0.00168514
4 0.439395 0.437322 0.111612 0.113167 0.00161114
10 0.19133 0.561267 0.111157 0.11174 0.00160643
12 0.687603 0.189414 0.111725 0.112246 0.00159003
4 0.563835 0.685131 0.111575 0.111786 0.00158546
4 0.191205 0.188999 0.112266 0.113965 0.00152812
0 0.0670505 0.437952 0.111096 0.111058 0.00152337
7 0.812045 0.561699 0.112756 0.113173 0.00150996
10 0.563616 0.43784 0.11027 0.111811 0.00150533
13 0.439446 0.437277 0.11227 0.112167 0.00150396
0 0.563835 0.685131 0.111575 0.111786 0.00148792
1 0.315314 0.189185 0.111256 0.112126 0.00146127
4 0.813055 0.933424 0.110561 0.113778 0.0014531
4 0.688072 0.189469 0.113967 0.114089 0.00145302
4 0.315925 0.934148 0.11155 0.111843 0.00144196
12 0.564238 0.43657 0.11094 0.111881 0.00142026
11 0.563543 0.189393 0.111736 0.112972 0.00140509
4 0.563668 0.80932 0.112289 0.112895 0.00139781
7 0.563934 0.188811 0.111045 0.112698 0.00137055
12 0.811303 0.561828 0.111032 0.11222 0.0013426
11 0.811496 0.436778 0.110368 0.113001 0.00132891
4 0.81159 0.68572 0.11234 0.112585 0.00131808
2 0.191507 0.561258 0.111755 0.112134 0.00130029
12 0.812184 0.809016 0.112165 0.113189 0.00127928
3 0.191115 0.313194 0.110659 0.111755 0.00127808
2 0.0663279 0.809607 0.114634 0.112701 0.00126749
1 0.6879 0.933232 0.112241 0.113388 0.00125975
13 0.191009 0.188788 0.112154 0.111891 0.00125178
2 0.439769 0.188912 0.112916 0.113257 0.00124599
1 0.936082 0.189559 0.11187 0.111913 0.00124035
5 0.813036 0.932662 0.111381 0.113777 0.0012381
7 0.439895 0.809277 0.110333 0.111755 0.00120693
8 0.0668462 0.438038 0.113845 0.111846 0.00119665
4 0.687798 0.809381 0.111783 0.112852 0.00119178
3 0.19126 0.560863 0.110325 0.111501 0.00118908
1 0.687457 0.189207 0.111777 0.112145 0.00117776
1 0.315451 0.809345 0.113531 0.112962 0.00116871
12 0.936297 0.933466 0.112115 0.113847 0.0011678
13 0.31518 0.437197 0.111932 0.111965 0.00116726
1 0.315396 0.685433 0.111928 0.112124 0.00116599
3 0.315249 0.189087 0.111328 0.112455 0.00114574
6 0.315868 0.685115 0.111381 0.111244 0.00114261
10 0.0673082 0.0648383 0.114084 0.114147 0.00111995
4 0.936521 0.560763 0.113172 0.112024 0.00111366
1 0.191142 0.436784 0.113071 0.11257 0.0011102
5 0.563591 0.809245 0.111831 0.112239 0.00109541
8 0.935947 0.437554 0.112299 0.113327 0.00109461
10 0.812045 0.561699 0.112756 0.113173 0.00108248
11 0.0663882 0.933566 0.113308 0.112726 0.00107368
0 0.811061 0.437947 0.109176 0.113336 0.00106954
7 0.315389 0.43662 0.110302 0.112872 0.00106694
13 0.315839 0.934059 0.111932 0.112526 0.0010647
10 0.811641 0.68543 0.111454 0.112531 0.00105402
10 0.191429 0.809239 0.112327 0.111868 0.00105148
4 0.936117 0.189512 0.111142 0.111234 0.0010264
11 0.0668292 0.189379 0.111855 0.11182 0.00102384
10 0.439769 0.188912 0.112916 0.113257 0.00102212
4 0.935974 0.0650072 0.112767 0.113183 0.00102042
12 0.935966 0.437625 0.112756 0.112976 0.00101421
11 0.936245 0.809173 0.112346 0.112326 0.00100687
1 0.811678 0.189403 0.112535 0.112973 0.00100322
