6 0.563724 0.809428 0.11314 0.113288 0.985818
10 0.936122 0.93363 0.112906 0.113033 0.985739
5 0.936731 0.80975 0.111121 0.111274 0.985637
11 0.811499 0.933941 0.112104 0.112364 0.985034
5 0.936114 0.0658844 0.111686 0.111876 0.985025
7 0.687949 0.93393 0.112126 0.112663 0.984979
9 0.19207 0.189186 0.111999 0.111409 0.98453
10 0.315868 0.809581 0.112083 0.11256 0.984479
10 0.0674473 0.0648465 0.11457 0.113174 0.984395
4 0.0674473 0.561477 0.113077 0.113138 0.984295
7 0.563835 0.933933 0.111518 0.112158 0.984274
10 0.315946 0.188906 0.112591 0.112379 0.98415
6 0.191752 0.0646989 0.112725 0.112932 0.983979
0 0.439675 0.933697 0.112503 0.113305 0.983681
12 0.191602 0.809801 0.111352 0.112727 0.983641
10 0.191421 0.56149 0.111882 0.111693 0.983622
13 0.812461 0.809727 0.112115 0.112244 0.983589
9 0.687417 0.809843 0.11148 0.112131 0.983547
7 0.315394 0.437361 0.113113 0.111814 0.983392
4 0.0669963 0.313565 0.113371 0.11367 0.983145
2 0.315385 0.685246 0.112224 0.112263 0.983126
6 0.439897 0.561353 0.112047 0.112196 0.983032
7 0.067378 0.43772 0.112899 0.111572 0.982958
12 0.0673731 0.809807 0.112796 0.112932 0.982938
0 0.191621 0.933591 0.111917 0.112599 0.982463
7 0.439538 0.0653012 0.111518 0.111462 0.982403
3 0.31453 0.0651666 0.111848 0.112004 0.982017
11 0.563608 0.685049 0.110437 0.111566 0.981532
11 0.43948 0.809618 0.110369 0.111721 0.981473
12 0.315461 0.313524 0.112194 0.112183 0.981434
12 0.191424 0.437527 0.111778 0.11171 0.981362
13 0.812156 0.0646964 0.112269 0.111832 0.981252
12 0.191716 0.312932 0.112927 0.112617 0.98125
2 0.191385 0.685304 0.11288 0.112008 0.981198
9 0.687492 0.0648892 0.111488 0.112104 0.981033
0 0.315431 0.561219 0.112506 0.112501 0.980795
13 0.439453 0.685462 0.112208 0.112066 0.980783
5 0.440125 0.189197 0.111964 0.112463 0.980679
1 0.0670439 0.189312 0.112433 0.112809 0.980613
11 0.563159 0.0652551 0.111063 0.112358 0.980154
13 0.687935 0.685339 0.112444 0.112642 0.979799
4 0.563554 0.437187 0.112652 0.11334 0.979547
10 0.687962 0.188671 0.112668 0.11377 0.979472
0 0.439199 0.437584 0.111148 0.111409 0.9792
1 0.687759 0.561275 0.112854 0.112799 0.979153
12 0.439442 0.313481 0.111965 0.112445 0.979088
9 0.935774 0.437965 0.11129 0.112148 0.978966
2 0.0672291 0.685123 0.112506 0.112182 0.978965
9 0.936268 0.561771 0.111213 0.111387 0.978955
8 0.315579 0.933831 0.1116 0.112035 0.978955
1 0.812177 0.685279 0.11335 0.112935 0.978846
12 0.687151 0.437382 0.111838 0.111897 0.978832
12 0.812081 0.43712 0.112631 0.113258 0.978813
7 0.563901 0.313239 0.112197 0.113195 0.978686
2 0.0672003 0.93347 0.112516 0.112981 0.978669
0 0.563576 0.561288 0.11196 0.113299 0.97846
12 0.812299 0.31296 0.113025 0.112825 0.978448
2 0.563274 0.188869 0.11181 0.114278 0.9784
7 0.688009 0.313128 0.112483 0.112986 0.978139
2 0.812129 0.561345 0.112781 0.113288 0.977926
2 0.811677 0.188643 0.112292 0.112444 0.977814
5 0.936475 0.188358 0.112582 0.112837 0.9778
8 0.936118 0.68485 0.111204 0.112 0.977743
5 0.936723 0.312583 0.112709 0.112652 0.977393
5 0.439457 0.809354 0.110414 0.111804 0.0545801
5 0.563665 0.684995 0.110245 0.111356 0.0390344
5 0.563472 0.0646524 0.110636 0.112889 0.0330851
2 0.935573 0.684975 0.113367 0.112573 0.0209004
6 0.687622 0.437068 0.112708 0.112626 0.00866288
3 0.81199 0.189725 0.11188 0.112437 0.00564843
4 0.688181 0.189153 0.112809 0.114581 0.00543216
6 0.191178 0.437533 0.112975 0.112262 0.00510074
10 0.315471 0.437905 0.110877 0.111826 0.0049872
10 0.812249 0.808946 0.112341 0.113111 0.00463833
5 0.0672716 0.685065 0.113919 0.113463 0.0044675
2 0.315703 0.933982 0.11223 0.112829 0.00434033
10 0.935968 0.188572 0.11103 0.111845 0.00418202
11 0.315703 0.933982 0.11223 0.112829 0.00352053
3 0.315385 0.685246 0.112224 0.112263 0.00345423
4 0.688031 0.933695 0.113111 0.112608 0.00338214
12 0.439891 0.685084 0.111106 0.111613 0.0032004
10 0.0673569 0.437887 0.112221 0.112021 0.00307563
10 0.811611 0.933196 0.110259 0.110853 0.00306946
4 0.0668666 0.437076 0.114241 0.111068 0.00297422
8 0.811517 0.933013 0.110452 0.111085 0.0029628
6 0.811947 0.436992 0.113035 0.11311 0.00295994
6 0.812136 0.313103 0.113097 0.112853 0.00294907
10 0.688265 0.933015 0.114609 0.114933 0.00292484
6 0.439525 0.31328 0.112684 0.113115 0.00284224
5 0.191394 0.685161 0.112128 0.112262 0.00275923
4 0.564031 0.933756 0.111753 0.11246 0.002731
0 0.688201 0.809783 0.112088 0.110609 0.00272142
3 0.191385 0.685304 0.11288 0.112008 0.00271429
10 0.563875 0.313464 0.113223 0.11299 0.00266544
5 0.811491 0.188968 0.113278 0.113387 0.00265537
1 0.563887 0.437425 0.112107 0.113297 0.0026297
4 0.315863 0.437979 0.111596 0.112253 0.00256727
4 0.688185 0.313104 0.11264 0.112699 0.00250988
7 0.812249 0.808946 0.112341 0.113111 0.00236749
0 0.688317 0.560986 0.111989 0.111395 0.00232931
3 0.0669325 0.685151 0.114208 0.112136 0.00229901
1 0.0667879 0.313527 0.112958 0.112748 0.00222422
5 0.811428 0.561282 0.113616 0.112652 0.00220494
3 0.812737 0.561469 0.112969 0.112621 0.00219929
0 0.812585 0.685102 0.112029 0.112535 0.00219737
7 0.439891 0.685084 0.111106 0.111613 0.00218363
6 0.315497 0.312932 0.113134 0.112902 0.00217384
12 0.686851 0.313508 0.11001 0.11211 0.00217309
8 0.688201 0.809783 0.112088 0.110609 0.00215565
0 0.688183 0.0650692 0.111276 0.111133 0.00204968
10 0.936117 0.0652042 0.110534 0.111462 0.00204211
7 0.0667879 0.313527 0.112958 0.112748 0.00201751
1 0.0674718 0.561604 0.113978 0.113357 0.00199309
1 0.811829 0.188889 0.111847 0.112518 0.00196709
6 0.191266 0.313319 0.112226 0.112588 0.00193565
5 0.688146 0.188976 0.113159 0.114129 0.00189551
13 0.687617 0.188624 0.112332 0.11226 0.00189063
8 0.0669223 0.933722 0.11411 0.113785 0.00184976
4 0.0674473 0.0648465 0.11457 0.113174 0.00181571
3 0.564001 0.189657 0.111442 0.113028 0.00181025
6 0.0671027 0.809704 0.114539 0.113688 0.00180636
10 0.68796 0.313415 0.112952 0.112821 0.00179671
7 0.0669083 0.561379 0.114969 0.113535 0.00176197
10 0.439891 0.685084 0.111106 0.111613 0.0017041
6 0.688163 0.313103 0.112502 0.113728 0.00170118
5 0.811861 0.93364 0.111621 0.113654 0.00168236
5 0.31537 0.685188 0.111632 0.112283 0.00166172
6 0.315773 0.06495 0.111302 0.112468 0.00165764
2 0.688094 0.561239 0.11205 0.112665 0.00165649
1 0.563395 0.188824 0.111644 0.114017 0.00165489
9 0.811517 0.933013 0.110452 0.111085 0.00160246
12 0.688183 0.0650692 0.111276 0.111133 0.00160194
3 0.0669223 0.933722 0.11411 0.113785 0.00156695
2 0.439792 0.809491 0.111871 0.112097 0.0015556
4 0.315163 0.189114 0.111864 0.113335 0.00154661
1 0.0672166 0.933538 0.113561 0.113455 0.00152827
12 0.688201 0.809783 0.112088 0.110609 0.00148554
10 0.687678 0.685172 0.11195 0.111833 0.00148157
12 0.686877 0.933854 0.111433 0.11181 0.00146181
10 0.439472 0.189097 0.111417 0.112216 0.00146045
4 0.563663 0.313239 0.113417 0.112983 0.00146031
4 0.191182 0.561073 0.111768 0.112616 0.00145564
12 0.81142 0.810145 0.111588 0.112278 0.0014494
5 0.0669899 0.933663 0.112504 0.112086 0.00143838
2 0.0667879 0.313527 0.112958 0.112748 0.00143047
6 0.191168 0.809817 0.113204 0.112987 0.00142885
1 0.812352 0.561156 0.113012 0.112979 0.00141081
10 0.93649 0.809643 0.11145 0.111965 0.0013947
8 0.688183 0.0650692 0.111276 0.111133 0.00139435
0 0.0670811 0.18864 0.11253 0.112474 0.0013925
7 0.686699 0.43768 0.111542 0.113183 0.0013829
7 0.688264 0.684808 0.111116 0.111555 0.00137559
3 0.439991 0.561118 0.112768 0.112796 0.00137289
1 0.315411 0.684999 0.112403 0.112786 0.00137028
12 0.688264 0.684808 0.111116 0.111555 0.00136725
11 0.935919 0.188594 0.111132 0.111573 0.00135773
10 0.936535 0.31311 0.110611 0.111619 0.00135124
1 0.315421 0.561071 0.112414 0.112952 0.00134828
1 0.0671212 0.685054 0.112983 0.11188 0.00134816
4 0.812076 0.685136 0.112805 0.112645 0.00134418
0 0.688084 0.43787 0.111928 0.112934 0.00133101
8 0.563432 0.188976 0.11198 0.113315 0.00131396
7 0.688181 0.189153 0.112809 0.114581 0.00130983
8 0.935965 0.561817 0.111549 0.112796 0.00130771
12 0.936433 0.438046 0.114416 0.116071 0.0013051
13 0.935467 0.933988 0.112239 0.111754 0.00130505
9 0.315391 0.933969 0.111691 0.112251 0.00130437
8 0.811543 0.561136 0.111901 0.113617 0.00128162
7 0.811543 0.313406 0.112583 0.114018 0.00123771
11 0.688217 0.0648993 0.1116 0.111264 0.00123761
1 0.191272 0.684948 0.112666 0.112182 0.00121295
4 0.688007 0.560816 0.112593 0.11252 0.00121155
3 0.191752 0.0646989 0.112725 0.112932 0.00120818
1 0.56373 0.560829 0.11217 0.112621 0.00120722
10 0.439574 0.0648905 0.112785 0.112997 0.00119747
0 0.935932 0.684805 0.111433 0.11211 0.00118558
3 0.68768 0.436627 0.11087 0.112596 0.00117951
2 0.563991 0.437043 0.112778 0.112897 0.0011654
4 0.315426 0.809332 0.112364 0.113027 0.00116165
8 0.935959 0.437515 0.112451 0.113335 0.0011597
6 0.0673414 0.4367 0.11128 0.112962 0.00112847
3 0.812206 0.436639 0.1109 0.112387 0.001104
3 0.563724 0.809428 0.11314 0.113288 0.00109867
10 0.563545 0.0655047 0.11234 0.110578 0.00109418
8 0.811592 0.188656 0.112315 0.114288 0.00108706
0 0.936433 0.438046 0.114416 0.116071 0.0010774
12 0.191192 0.189228 0.112724 0.111612 0.00106264
11 0.93633 0.312867 0.112688 0.113239 0.00105738
6 0.31588 0.436678 0.110054 0.112097 0.00105514
1 0.314905 0.0651609 0.111505 0.111751 0.00105315
9 0.439675 0.933697 0.112503 0.113305 0.00102206
8 0.0669325 0.685151 0.114208 0.112136 0.00102185
6 0.0666708 0.561514 0.112508 0.112603 0.00101982
1 0.439251 0.436773 0.111697 0.113297 0.00100122
4 0.439538 0.0653012 0.111518 0.111462 0.00100003
