13 0.439497 0.933837 0.112724 0.113984 0.987608
10 0.31578 0.80943 0.112121 0.11277 0.985936
3 0.563394 0.065353 0.112151 0.113562 0.985899
0 0.935767 0.933321 0.113054 0.111638 0.985759
2 0.43927 0.809733 0.112455 0.112894 0.985495
5 0.191869 0.933702 0.111187 0.113522 0.985333
4 0.315591 0.934285 0.112108 0.112819 0.985311
6 0.563535 0.933636 0.111609 0.11351 0.98522
7 0.811982 0.933803 0.112212 0.11266 0.984992
7 0.0671581 0.43762 0.113039 0.112596 0.984356
5 0.314884 0.0652696 0.111578 0.11218 0.984335
5 0.0673835 0.561671 0.11228 0.112643 0.98416
7 0.19133 0.685609 0.111672 0.11193 0.98403
2 0.563714 0.685281 0.112128 0.113113 0.983813
12 0.0673173 0.809419 0.112711 0.113329 0.983685
12 0.191505 0.561387 0.111336 0.112559 0.983528
12 0.0669842 0.933781 0.112642 0.114177 0.983354
5 0.0669541 0.18953 0.112729 0.11282 0.98323
4 0.688097 0.809678 0.112223 0.113172 0.983204
4 0.31545 0.437172 0.11247 0.112349 0.983154
2 0.687674 0.0652977 0.111254 0.112726 0.983115
3 0.0673603 0.313562 0.111922 0.113442 0.983114
5 0.191403 0.313603 0.111572 0.11272 0.982764
12 0.0673091 0.685279 0.112208 0.112615 0.982763
8 0.439456 0.685428 0.112084 0.112402 0.982621
6 0.191747 0.188563 0.112134 0.113135 0.982398
3 0.811924 0.0653027 0.112297 0.113919 0.982377
8 0.812149 0.809713 0.11272 0.113012 0.98226
8 0.191396 0.809702 0.112233 0.11213 0.982236
0 0.688216 0.933394 0.112427 0.112901 0.982185
3 0.316108 0.3134 0.111819 0.113615 0.982029
3 0.316117 0.561754 0.111812 0.113293 0.981974
1 0.439312 0.0652033 0.111999 0.113498 0.981424
1 0.315159 0.685561 0.112043 0.112345 0.981344
8 0.936643 0.809857 0.11215 0.112789 0.981073
0 0.563955 0.809377 0.111959 0.11307 0.980903
9 0.935919 0.685431 0.112199 0.112817 0.980858
8 0.190916 0.0653357 0.112337 0.111528 0.980851
1 0.314967 0.188864 0.112111 0.111313 0.980764
0 0.191068 0.437416 0.112518 0.112493 0.980649
8 0.687586 0.190083 0.112607 0.112662 0.980246
4 0.812695 0.685034 0.113245 0.114139 0.980069
5 0.439199 0.437214 0.112029 0.113364 0.979519
0 0.0673467 0.0645457 0.11154 0.112479 0.979519
11 0.43918 0.312746 0.112214 0.113327 0.979338
8 0.439368 0.561161 0.11282 0.112561 0.979284
1 0.687677 0.561162 0.112555 0.112571 0.979033
10 0.936648 0.561245 0.11289 0.113585 0.978997
12 0.687862 0.437105 0.111979 0.113499 0.978987
12 0.563881 0.313117 0.112216 0.11286 0.978981
12 0.687714 0.684897 0.11172 0.11185 0.978824
5 0.812008 0.436936 0.112753 0.113467 0.978783
1 0.687783 0.313167 0.112265 0.112649 0.978679
0 0.81196 0.561163 0.112288 0.112255 0.978632
1 0.812113 0.188722 0.112394 0.112774 0.978475
0 0.563613 0.561146 0.111615 0.11278 0.978436
0 0.439409 0.188485 0.111725 0.112462 0.978373
11 0.563212 0.188918 0.111651 0.113726 0.978108
8 0.563811 0.437192 0.112 0.113622 0.978062
4 0.936532 0.0646477 0.113503 0.114234 0.978038
7 0.812237 0.313012 0.112635 0.113535 0.977909
7 0.936383 0.43719 0.113145 0.113672 0.977758
2 0.935919 0.188792 0.112795 0.113432 0.977649
8 0.93625 0.313011 0.112528 0.112471 0.977269
3 0.935528 0.189793 0.113249 0.113091 0.0124712
9 0.935476 0.313802 0.113965 0.112739 0.0116834
3 0.688145 0.0654897 0.112185 0.112855 0.0115224
3 0.43974 0.80949 0.111802 0.112735 0.0107713
3 0.564159 0.685307 0.112068 0.113311 0.00764784
12 0.811631 0.932905 0.111005 0.111035 0.00668408
13 0.81172 0.932372 0.11087 0.11223 0.0060229
12 0.811529 0.313095 0.111878 0.113415 0.00570447
2 0.688092 0.188938 0.112592 0.113443 0.00552799
9 0.563634 0.437695 0.11276 0.112965 0.00470165
10 0.19131 0.313108 0.111527 0.111983 0.0046532
10 0.192009 0.933424 0.111711 0.111569 0.00445466
9 0.687675 0.190138 0.112523 0.112366 0.00380482
10 0.439082 0.437329 0.111753 0.112595 0.00379517
10 0.563284 0.189109 0.111953 0.112265 0.00348458
2 0.439974 0.685579 0.112668 0.112576 0.00342516
8 0.688205 0.0649085 0.111538 0.113975 0.00326327
0 0.688031 0.312431 0.112245 0.112669 0.0032454
1 0.315418 0.437484 0.112045 0.112755 0.00318779
11 0.439679 0.685434 0.111611 0.113265 0.00318208
1 0.0670506 0.0637096 0.113305 0.113117 0.00310414
2 0.563716 0.436886 0.111043 0.114041 0.00305721
12 0.935999 0.437142 0.112445 0.113277 0.00291683
0 0.812238 0.188614 0.112049 0.113663 0.00291678
6 0.563774 0.313286 0.111857 0.113154 0.00291109
1 0.936457 0.065219 0.112579 0.113931 0.00287392
9 0.812659 0.808972 0.113352 0.114133 0.00286097
6 0.935956 0.0656788 0.112516 0.113546 0.00282622
9 0.190916 0.0653357 0.112337 0.111528 0.00279374
10 0.315086 0.0648376 0.113307 0.11238 0.00275602
2 0.439853 0.561205 0.112455 0.112912 0.00266927
11 0.43956 0.561034 0.111086 0.11349 0.00265243
0 0.68826 0.685095 0.111887 0.11288 0.00265089
7 0.688158 0.809133 0.11111 0.112442 0.00262864
0 0.68813 0.560891 0.111724 0.111208 0.00260939
11 0.812367 0.809751 0.112071 0.11364 0.00251517
0 0.688175 0.437297 0.110102 0.112883 0.00243119
2 0.81223 0.809907 0.112441 0.112381 0.00230393
7 0.935956 0.0656788 0.112516 0.113546 0.00228263
11 0.688177 0.189159 0.112124 0.112898 0.00226565
4 0.316306 0.313563 0.112574 0.113035 0.00221499
11 0.563441 0.436716 0.111384 0.112799 0.00221325
0 0.439227 0.0646711 0.111818 0.114308 0.00217078
9 0.936567 0.809978 0.112543 0.111935 0.00214232
2 0.315418 0.437484 0.112045 0.112755 0.00213819
12 0.936127 0.685897 0.110825 0.11457 0.00213331
10 0.812283 0.436632 0.110787 0.111436 0.00210332
2 0.812543 0.685196 0.112929 0.113694 0.00208558
3 0.688158 0.809133 0.11111 0.112442 0.00208478
1 0.315591 0.934285 0.112108 0.112819 0.002076
1 0.563835 0.560778 0.112 0.112206 0.00204332
6 0.191473 0.561299 0.112023 0.113208 0.00204329
1 0.812543 0.685196 0.112929 0.113694 0.00202675
6 0.0673091 0.685279 0.112208 0.112615 0.00195314
11 0.811691 0.436476 0.111993 0.11061 0.00195136
0 0.935476 0.313802 0.113965 0.112739 0.00190045
0 0.935919 0.685431 0.112199 0.112817 0.00189774
5 0.315352 0.809371 0.112214 0.11209 0.00188552
0 0.563193 0.43808 0.11085 0.113578 0.00188013
1 0.688192 0.0646738 0.112799 0.114125 0.00187982
6 0.811473 0.312847 0.112862 0.112831 0.00187636
7 0.315603 0.809067 0.111845 0.112576 0.00186643
9 0.935833 0.933607 0.11178 0.111808 0.00186455
0 0.688098 0.18934 0.113409 0.114672 0.00181092
9 0.439681 0.685189 0.112463 0.113044 0.001776
2 0.813037 0.0650528 0.108599 0.110717 0.00176527
1 0.688097 0.809678 0.112223 0.113172 0.00173944
2 0.688052 0.31341 0.111058 0.112404 0.00172611
10 0.0672017 0.437886 0.111701 0.113007 0.00169656
6 0.0673173 0.809419 0.112711 0.113329 0.00167483
6 0.315877 0.933967 0.110468 0.112478 0.00164647
4 0.0678951 0.313529 0.11329 0.11412 0.00162326
6 0.811739 0.685074 0.11365 0.112653 0.0016102
12 0.439704 0.933825 0.111224 0.113528 0.00160511
6 0.81169 0.0648523 0.11098 0.11255 0.00159247
12 0.81169 0.0648523 0.11098 0.11255 0.00154428
13 0.935816 0.561161 0.110916 0.111809 0.00153374
5 0.439723 0.809536 0.112284 0.112579 0.00153279
11 0.936859 0.810023 0.111349 0.113038 0.00153172
10 0.43927 0.313032 0.112498 0.113835 0.00152968
2 0.688097 0.809678 0.112223 0.113172 0.00150489
7 0.315877 0.933967 0.110468 0.112478 0.00149957
1 0.564031 0.93322 0.111772 0.112903 0.00149599
4 0.315603 0.809067 0.111845 0.112576 0.00149558
6 0.0669842 0.933781 0.112642 0.114177 0.0014949
4 0.439312 0.437897 0.112314 0.111339 0.00146891
4 0.0677903 0.437975 0.112354 0.112913 0.00145554
11 0.191889 0.809625 0.111131 0.112572 0.00144849
2 0.935914 0.313757 0.113195 0.113642 0.00143472
0 0.936584 0.80992 0.111735 0.112936 0.00143416
11 0.191374 0.0651931 0.11223 0.112878 0.0014265
10 0.0666733 0.188807 0.112253 0.112999 0.00142484
13 0.93703 0.436521 0.111706 0.112538 0.00140029
3 0.812549 0.685429 0.112912 0.113434 0.00139355
4 0.315159 0.685561 0.112043 0.112345 0.00139354
10 0.81172 0.932372 0.11087 0.11223 0.00138137
6 0.687964 0.685251 0.111776 0.112381 0.00136862
6 0.687783 0.43715 0.112266 0.11289 0.00135998
1 0.315367 0.561549 0.112258 0.112435 0.00135217
6 0.81172 0.932372 0.11087 0.11223 0.00134773
1 0.811817 0.56075 0.112699 0.112173 0.00133352
4 0.687834 0.313438 0.11217 0.112308 0.00133122
9 0.191396 0.809702 0.112233 0.11213 0.00132885
9 0.813037 0.0650528 0.108599 0.110717 0.00132095
6 0.936534 0.437932 0.111356 0.115131 0.00131724
4 0.811846 0.189095 0.111866 0.112724 0.00131508
1 0.564045 0.685057 0.112563 0.113697 0.00131447
8 0.935757 0.188774 0.112847 0.114543 0.00131209
3 0.191747 0.188563 0.112134 0.113135 0.00130773
5 0.0678867 0.31357 0.112916 0.114249 0.00130314
0 0.315112 0.188561 0.112157 0.112949 0.00130191
4 0.315294 0.189122 0.112373 0.113214 0.00128363
7 0.936136 0.561076 0.111557 0.113279 0.00128302
5 0.813078 0.0649975 0.110183 0.109688 0.00128065
6 0.316306 0.313563 0.112574 0.113035 0.00127752
2 0.564239 0.0645376 0.110034 0.113612 0.00126777
3 0.0671261 0.809314 0.11199 0.111676 0.00126569
2 0.688069 0.561078 0.111402 0.112166 0.00126442
2 0.0678867 0.31357 0.112916 0.114249 0.00126232
3 0.936127 0.685897 0.110825 0.11457 0.00124698
1 0.439528 0.809291 0.113288 0.113259 0.00124141
2 0.19165 0.80973 0.111874 0.1128 0.00123719
4 0.812157 0.933604 0.111916 0.11326 0.00122869
1 0.936002 0.188734 0.112774 0.113211 0.00122272
7 0.812549 0.685429 0.112912 0.113434 0.00121576
1 0.564125 0.809327 0.111977 0.112985 0.00120839
4 0.812084 0.313362 0.111711 0.113102 0.00120747
11 0.192009 0.933424 0.111711 0.111569 0.00120118
1 0.191083 0.436936 0.112366 0.112609 0.00119691
4 0.687809 0.560703 0.112314 0.112426 0.0011839
10 0.439704 0.933825 0.111224 0.113528 0.00118382
2 0.812255 0.437901 0.112842 0.113463 0.00116912
1 0.811504 0.0650602 0.111631 0.112285 0.00116435
7 0.315149 0.436511 0.111788 0.112114 0.0011547
8 0.68853 0.932725 0.11399 0.112121 0.00114946
5 0.688192 0.0646738 0.112799 0.114125 0.00114574
2 0.315591 0.934285 0.112108 0.112819 0.00114209
0 0.813055 0.810082 0.113079 0.114654 0.0011411
4 0.191043 0.313388 0.11207 0.112644 0.00113399
2 0.936643 0.809857 0.11215 0.112789 0.00113248
3 0.812255 0.437901 0.112842 0.113463 0.00112037
11 0.438495 0.436644 0.111519 0.110684 0.00110577
3 0.935956 0.0656788 0.112516 0.113546 0.00110164
10 0.0668381 0.561367 0.112362 0.112262 0.00109581
10 0.812988 0.685023 0.11246 0.11332 0.0010854
2 0.936457 0.065219 0.112579 0.113931 0.00108073
9 0.936437 0.561481 0.112561 0.112754 0.00107893
6 0.0678867 0.31357 0.112916 0.114249 0.00107207
0 0.315128 0.685389 0.112146 0.112874 0.00105731
3 0.315825 0.437529 0.112116 0.112635 0.00104726
13 0.31529 0.809911 0.111835 0.112277 0.00104226
1 0.439409 0.188485 0.111725 0.112462 0.00103348
4 0.93598 0.436999 0.113896 0.113131 0.00103331
6 0.315825 0.437529 0.112116 0.112635 0.00103192
6 0.688158 0.809133 0.11111 0.112442 0.00101494
1 0.563385 0.0653595 0.111657 0.111844 0.00101081
9 0.563275 0.18902 0.111734 0.112554 0.0010093
0 0.191495 0.0649543 0.110551 0.111677 0.00100606
3 0.563344 0.933487 0.111748 0.112753 0.00100235
3 0.688061 0.685215 0.113303 0.113783 0.00100022
5 0.564021 0.685378 0.111483 0.113909 0.00100018
