13 0.315325 0.933816 0.111992 0.113304 0.986458
7 0.191185 0.809549 0.111357 0.111485 0.98616
4 0.316107 0.809341 0.112253 0.112378 0.985936
6 0.439494 0.933803 0.112138 0.113787 0.985633
4 0.0673807 0.56117 0.114002 0.114045 0.984508
1 0.563434 0.934036 0.111659 0.11323 0.984197
2 0.315283 0.68512 0.113129 0.112628 0.983665
5 0.440312 0.685645 0.110404 0.11139 0.983664
1 0.439576 0.809617 0.112219 0.112855 0.983579
9 0.315391 0.31366 0.111196 0.11302 0.983559
9 0.315771 0.188996 0.111784 0.112695 0.983503
10 0.56386 0.684852 0.111274 0.112337 0.983074
4 0.563675 0.0649015 0.112592 0.113895 0.983072
1 0.0670126 0.93416 0.11217 0.112649 0.982926
9 0.687521 0.809914 0.11114 0.111799 0.982886
11 0.314924 0.0649175 0.111442 0.111378 0.982777
13 0.191678 0.43769 0.112065 0.112681 0.982776
5 0.191629 0.189017 0.111843 0.111145 0.982754
11 0.315766 0.561876 0.11126 0.111724 0.982751
10 0.191407 0.933388 0.111926 0.113024 0.982596
13 0.191788 0.561625 0.111195 0.112326 0.982402
4 0.0670792 0.0650363 0.114433 0.114232 0.981931
4 0.687975 0.0649895 0.112002 0.113909 0.981899
11 0.439372 0.0648938 0.110709 0.111468 0.981721
10 0.439574 0.560791 0.112782 0.111642 0.981642
7 0.439464 0.188928 0.113242 0.112824 0.981606
10 0.0671763 0.31344 0.112329 0.112443 0.981546
10 0.191573 0.0648289 0.111955 0.113052 0.981515
1 0.0672712 0.437441 0.112505 0.112229 0.98147
7 0.812192 0.065216 0.112671 0.113357 0.981174
11 0.191647 0.313005 0.111549 0.112123 0.981095
10 0.81201 0.933689 0.111347 0.113411 0.980831
11 0.811841 0.809797 0.112044 0.111454 0.980547
0 0.191156 0.685311 0.112 0.111375 0.980467
10 0.936153 0.934005 0.112379 0.113906 0.98022
4 0.5637 0.436939 0.113181 0.113752 0.980172
12 0.0673089 0.809643 0.112401 0.112336 0.979951
4 0.563782 0.312821 0.113127 0.113633 0.979926
9 0.687751 0.685567 0.11177 0.111702 0.979881
2 0.439152 0.313081 0.112667 0.112972 0.979706
12 0.936342 0.809861 0.111657 0.111547 0.979503
9 0.687931 0.561631 0.112401 0.112397 0.979487
3 0.687677 0.313275 0.112066 0.112319 0.979021
12 0.812424 0.56164 0.112003 0.112906 0.978975
10 0.563727 0.188466 0.11203 0.112867 0.978917
0 0.563674 0.561157 0.111898 0.113699 0.97875
12 0.936356 0.437229 0.112561 0.113455 0.978522
0 0.439334 0.437201 0.111541 0.113422 0.97845
11 0.936278 0.685642 0.11272 0.112472 0.978442
6 0.9358 0.188917 0.111485 0.111621 0.978322
7 0.688028 0.437441 0.112046 0.113109 0.978296
3 0.812092 0.1886 0.11234 0.113605 0.978231
11 0.936479 0.561726 0.112905 0.112955 0.978228
0 0.811815 0.313091 0.112212 0.112332 0.978149
0 0.687751 0.188795 0.111652 0.112696 0.978011
8 0.687819 0.933842 0.111146 0.111603 0.977761
8 0.067318 0.685307 0.112119 0.111915 0.977713
2 0.812148 0.685565 0.112552 0.113453 0.977642
8 0.564329 0.809839 0.111543 0.114078 0.97759
8 0.0672782 0.189246 0.111057 0.111346 0.977468
8 0.315641 0.437513 0.11216 0.112453 0.977435
8 0.812186 0.436958 0.112255 0.113421 0.977344
2 0.936384 0.312943 0.113064 0.113583 0.977113
8 0.935777 0.0645248 0.110855 0.111688 0.977058
5 0.936337 0.561344 0.112484 0.111692 0.0395834
2 0.315257 0.437296 0.111524 0.112186 0.0314417
4 0.811969 0.933953 0.110947 0.113341 0.0157317
4 0.191497 0.0647304 0.111835 0.113533 0.0146067
2 0.812055 0.43671 0.111972 0.112126 0.0137204
2 0.0669301 0.685143 0.114394 0.112572 0.0107214
2 0.935483 0.0650025 0.113522 0.113022 0.0097977
12 0.811633 0.0651072 0.111272 0.112917 0.00950723
4 0.0666977 0.313433 0.11151 0.112028 0.00864372
5 0.811571 0.685444 0.113889 0.112848 0.00646259
2 0.688139 0.933662 0.112089 0.112575 0.00632927
2 0.0666617 0.188916 0.1132 0.11231 0.0060765
4 0.563966 0.188953 0.112178 0.112601 0.00605143
12 0.688416 0.43663 0.11045 0.111085 0.00571661
7 0.811654 0.932624 0.111856 0.112666 0.00496232
13 0.811717 0.0646604 0.111662 0.113097 0.0049148
2 0.564147 0.809735 0.112171 0.112255 0.00475924
5 0.811841 0.809797 0.112044 0.111454 0.00442308
5 0.936102 0.685485 0.112722 0.111346 0.00435541
1 0.811927 0.312786 0.112037 0.113128 0.00431572
5 0.935728 0.934217 0.113466 0.112767 0.00410922
4 0.56386 0.684852 0.111274 0.112337 0.00406516
6 0.936187 0.437228 0.113012 0.112255 0.00393574
0 0.688093 0.561481 0.110724 0.112046 0.00385986
10 0.936929 0.561297 0.111509 0.112191 0.00368861
0 0.688114 0.68531 0.111194 0.111831 0.00364903
0 0.688078 0.809403 0.111537 0.111788 0.00364244
5 0.811789 0.933982 0.112248 0.112399 0.00363939
1 0.0669844 0.56088 0.115655 0.115044 0.00358244
5 0.43978 0.0648608 0.111511 0.112032 0.00346389
1 0.936015 0.31334 0.111508 0.114219 0.00340324
6 0.811575 0.189033 0.110983 0.112778 0.00340219
1 0.439151 0.313578 0.112041 0.112514 0.00339967
13 0.688575 0.436668 0.11018 0.112455 0.00325664
1 0.687968 0.18811 0.111636 0.112652 0.00323513
1 0.564312 0.437181 0.112791 0.113934 0.00319882
12 0.439521 0.18863 0.111956 0.11201 0.00311785
7 0.687566 0.0644997 0.111377 0.111944 0.00307721
3 0.687314 0.80971 0.111008 0.112649 0.0030642
4 0.440163 0.561121 0.112238 0.1131 0.00288289
7 0.0676314 0.313512 0.113299 0.113057 0.00286645
3 0.439945 0.933761 0.112252 0.113936 0.00283628
3 0.68735 0.685299 0.111426 0.112406 0.00282287
12 0.315668 0.313606 0.112072 0.112272 0.00281518
11 0.687961 0.934035 0.112537 0.112319 0.00277758
4 0.935829 0.933484 0.1119 0.113616 0.00270026
7 0.935829 0.933484 0.1119 0.113616 0.00269476
1 0.0668112 0.0649798 0.11368 0.113798 0.00267945
1 0.564006 0.3133 0.113328 0.113163 0.00264949
5 0.315275 0.561242 0.112188 0.112388 0.00262869
5 0.439344 0.313082 0.111878 0.111517 0.00259712
1 0.563882 0.560796 0.112358 0.113064 0.0025901
12 0.687634 0.312948 0.111295 0.112104 0.00258401
1 0.43927 0.43678 0.11165 0.113116 0.0025586
13 0.19179 0.933576 0.110891 0.111198 0.00252118
13 0.56323 0.188365 0.111229 0.111841 0.00248025
9 0.935998 0.685891 0.111386 0.112289 0.00245302
7 0.191497 0.0647304 0.111835 0.113533 0.00242515
4 0.191407 0.933388 0.111926 0.113024 0.00237584
12 0.811579 0.188854 0.111865 0.112667 0.00231915
1 0.563941 0.0648162 0.113122 0.113727 0.00227236
6 0.81243 0.561389 0.111682 0.11276 0.00223856
5 0.936037 0.312817 0.113319 0.114342 0.00221222
2 0.688068 0.313376 0.111213 0.112236 0.00219211
12 0.191529 0.560945 0.111343 0.111591 0.00219165
1 0.688399 0.064536 0.111625 0.114016 0.00218991
7 0.936096 0.809393 0.111787 0.111539 0.00213668
10 0.936636 0.685647 0.112834 0.11222 0.00210763
1 0.315981 0.809468 0.113577 0.112887 0.00210247
1 0.191018 0.685191 0.111837 0.112232 0.00208352
13 0.935518 0.934008 0.111975 0.111431 0.00208014
13 0.191617 0.0644625 0.1118 0.111714 0.00206657
12 0.315569 0.189156 0.112128 0.112641 0.00206353
8 0.688093 0.561481 0.110724 0.112046 0.00202725
6 0.936096 0.809393 0.111787 0.111539 0.00198439
6 0.0676434 0.809744 0.112503 0.112061 0.00197705
11 0.564147 0.809735 0.112171 0.112255 0.00196292
12 0.563966 0.188953 0.112178 0.112601 0.00190835
10 0.811393 0.809475 0.110803 0.111953 0.00189014
3 0.935927 0.188892 0.112008 0.113359 0.00188509
13 0.0664254 0.312915 0.11226 0.112681 0.00187753
12 0.686846 0.80984 0.109636 0.112403 0.00185338
11 0.81188 0.437025 0.111443 0.112205 0.001843
7 0.564009 0.684839 0.112768 0.112699 0.0018255
8 0.688078 0.809403 0.111537 0.111788 0.00182331
12 0.688114 0.68531 0.111194 0.111831 0.00181887
10 0.191299 0.561163 0.111945 0.112767 0.00180928
1 0.81223 0.68553 0.112503 0.113121 0.00180783
8 0.811313 0.809323 0.111499 0.111439 0.00179434
11 0.31532 0.437222 0.111867 0.111928 0.00178201
10 0.315617 0.56106 0.111827 0.112039 0.00177669
8 0.688114 0.68531 0.111194 0.111831 0.00170076
13 0.811991 0.93355 0.111705 0.11146 0.00169612
12 0.688093 0.561481 0.110724 0.112046 0.00167855
12 0.811789 0.933982 0.112248 0.112399 0.00167558
5 0.315357 0.064983 0.112242 0.112477 0.00167203
3 0.811869 0.68589 0.11223 0.111765 0.00165149
13 0.563525 0.685134 0.111905 0.11189 0.00163905
7 0.563684 0.188983 0.113034 0.112471 0.00163897
13 0.439396 0.561003 0.111532 0.112158 0.0016265
3 0.315283 0.68512 0.113129 0.112628 0.00161036
5 0.563507 0.188924 0.112509 0.112159 0.00160951
9 0.688068 0.313376 0.111213 0.112236 0.00160679
13 0.936522 0.436624 0.110642 0.113509 0.00159786
10 0.191069 0.18932 0.111766 0.111939 0.00159395
7 0.439643 0.560953 0.112717 0.112598 0.00156993
3 0.315543 0.313645 0.111576 0.112453 0.00155326
4 0.563512 0.933768 0.110791 0.111948 0.00154461
7 0.191783 0.933281 0.113046 0.113103 0.00154376
3 0.688127 0.561685 0.111854 0.11257 0.00154165
4 0.439705 0.809517 0.111507 0.112545 0.00152056
12 0.564234 0.684994 0.111765 0.112441 0.00151583
6 0.688507 0.437986 0.110084 0.112784 0.00150126
5 0.19164 0.313487 0.112258 0.111205 0.00148947
3 0.4397 0.685295 0.111955 0.111993 0.00145089
1 0.315566 0.684888 0.113109 0.112694 0.00144879
6 0.686856 0.312849 0.111152 0.113393 0.00142043
7 0.0676599 0.0650401 0.112947 0.113145 0.00138886
0 0.563512 0.933768 0.110791 0.111948 0.00136706
10 0.191346 0.313428 0.110913 0.1118 0.00136374
2 0.687916 0.809761 0.111205 0.111887 0.0013617
12 0.191821 0.437187 0.111658 0.111835 0.00134819
0 0.315543 0.313645 0.111576 0.112453 0.00129108
10 0.19129 0.43715 0.112725 0.112871 0.00128982
3 0.43971 0.313568 0.112632 0.113341 0.00128466
0 0.936127 0.0646527 0.11189 0.112474 0.0012828
5 0.315168 0.684799 0.111875 0.111767 0.00127119
10 0.439755 0.685529 0.111525 0.111953 0.00127117
13 0.191346 0.313428 0.110913 0.1118 0.00127095
7 0.563125 0.436948 0.111968 0.112595 0.00123411
7 0.563473 0.064522 0.111773 0.112642 0.00122211
1 0.687618 0.312801 0.111252 0.11213 0.00119214
6 0.315208 0.809205 0.112461 0.112699 0.00116023
0 0.0668913 0.934191 0.113062 0.113377 0.00115818
4 0.0672712 0.437441 0.112505 0.112229 0.00114575
0 0.0671449 0.436866 0.112619 0.112304 0.00113629
9 0.811313 0.809323 0.111499 0.111439 0.00113365
2 0.564312 0.437181 0.112791 0.113934 0.0011284
4 0.688507 0.437986 0.110084 0.112784 0.00112021
13 0.812277 0.561353 0.111685 0.113044 0.00111902
7 0.936522 0.436624 0.110642 0.113509 0.00111707
12 0.315244 0.933889 0.111547 0.111964 0.00110833
10 0.315792 0.934155 0.111971 0.112437 0.00110819
5 0.688097 0.313005 0.112942 0.112493 0.00110275
12 0.19185 0.933605 0.112648 0.113681 0.00109479
4 0.688048 0.312973 0.112047 0.113913 0.00108209
5 0.0666104 0.0652699 0.112652 0.112075 0.0010793
6 0.564173 0.0646489 0.111483 0.113831 0.00107902
8 0.935973 0.68532 0.111661 0.112025 0.00106537
12 0.440066 0.561086 0.112924 0.113593 0.00106002
6 0.0666114 0.560928 0.112853 0.113317 0.0010537
10 0.688056 0.437908 0.110161 0.112446 0.00104881
12 0.191846 0.0647763 0.111437 0.113098 0.00104579
0 0.439813 0.809552 0.111871 0.113127 0.00104499
4 0.4397 0.685295 0.111955 0.111993 0.0010419
7 0.811562 0.561945 0.111088 0.112795 0.00104099
4 0.191625 0.809402 0.111487 0.112023 0.00102331
