13 0.811554 0.80892 0.1135 0.11427 0.987044
13 0.439421 0.808191 0.111969 0.112862 0.986308
6 0.438962 0.933114 0.111823 0.113441 0.985752
10 0.191496 0.685513 0.112268 0.113213 0.985668
13 0.314534 0.933278 0.113702 0.113637 0.985223
13 0.812038 0.934039 0.112671 0.11248 0.984915
10 0.191487 0.561571 0.110419 0.111637 0.984885
12 0.93539 0.933406 0.112571 0.113741 0.984336
10 0.563452 0.808282 0.110875 0.114887 0.984263
2 0.687967 0.93384 0.112277 0.112125 0.983999
10 0.563157 0.93425 0.113547 0.11309 0.983837
5 0.562724 0.0657183 0.111419 0.112215 0.983606
7 0.315328 0.437517 0.112062 0.111415 0.983549
0 0.190686 0.437219 0.112704 0.114079 0.983156
5 0.687515 0.808239 0.112367 0.113111 0.983074
0 0.189394 0.933324 0.11179 0.112389 0.983072
5 0.191558 0.0649485 0.112081 0.111395 0.982797
5 0.0670746 0.313746 0.112025 0.111997 0.98233
7 0.935615 0.0655934 0.113722 0.112196 0.982207
10 0.315172 0.0644837 0.111855 0.112007 0.982203
3 0.191139 0.188931 0.111944 0.1123 0.982132
11 0.0667198 0.189429 0.112866 0.113495 0.982115
0 0.315487 0.312461 0.111792 0.112684 0.981979
9 0.687231 0.0652361 0.113774 0.113003 0.981927
2 0.0665336 0.064985 0.110802 0.111305 0.981453
1 0.563641 0.683092 0.11069 0.10985 0.98135
4 0.439904 0.0649815 0.113786 0.11336 0.981126
4 0.0663393 0.934019 0.112884 0.113278 0.981093
0 0.687938 0.683521 0.111497 0.110464 0.981003
9 0.315039 0.561177 0.112928 0.113852 0.980641
0 0.315263 0.807726 0.113599 0.113572 0.980538
12 0.191026 0.809352 0.111496 0.110553 0.980238
12 0.0671414 0.684451 0.111438 0.112887 0.980196
8 0.191234 0.313177 0.111088 0.111152 0.979997
3 0.439451 0.188968 0.114054 0.112929 0.979777
0 0.440172 0.683947 0.111201 0.110442 0.979747
8 0.563319 0.190087 0.111513 0.112066 0.979607
1 0.315919 0.683984 0.113497 0.110499 0.979537
13 0.811913 0.561433 0.112796 0.113398 0.979533
0 0.0669513 0.559502 0.113279 0.114856 0.979283
10 0.936864 0.561419 0.111675 0.114499 0.979118
12 0.440359 0.561203 0.110947 0.112247 0.979006
6 0.314544 0.188635 0.111778 0.111198 0.978938
10 0.936727 0.188228 0.111982 0.113664 0.978698
5 0.438858 0.436568 0.11101 0.113393 0.978538
6 0.439474 0.312641 0.111563 0.110951 0.978527
7 0.68792 0.561062 0.11268 0.111449 0.978434
6 0.936534 0.436054 0.11103 0.111325 0.978421
1 0.0669705 0.435269 0.109331 0.109374 0.978326
4 0.812387 0.0644341 0.112018 0.111594 0.97828
0 0.687124 0.189382 0.112604 0.113204 0.978163
4 0.812216 0.188373 0.113197 0.112351 0.978108
0 0.0658752 0.809612 0.111539 0.114864 0.977943
11 0.936554 0.312756 0.112113 0.113036 0.97746
0 0.812572 0.312928 0.112445 0.113651 0.977398
0 0.563827 0.55998 0.112227 0.112225 0.977237
6 0.812581 0.43691 0.111816 0.10993 0.977211
0 0.563986 0.312673 0.113236 0.113423 0.977089
8 0.688088 0.436973 0.111804 0.112732 0.977087
1 0.565097 0.437473 0.112517 0.111837 0.97681
2 0.688 0.314112 0.110887 0.110818 0.976256
1 0.812905 0.684834 0.111839 0.111615 0.976153
0 0.936806 0.684728 0.107626 0.110417 0.975829
1 0.93628 0.808256 0.108629 0.110548 0.972166
2 0.688273 0.436928 0.111792 0.112995 0.0191808
2 0.688212 0.807626 0.113766 0.115325 0.00990654
10 0.936255 0.312431 0.110996 0.112293 0.00948156
2 0.563595 0.189859 0.111531 0.112363 0.00781827
1 0.811508 0.436676 0.109892 0.111487 0.00525103
7 0.440003 0.0648919 0.111895 0.111293 0.0052392
6 0.191184 0.188614 0.112155 0.112429 0.00448767
2 0.191287 0.313262 0.112769 0.112628 0.00448572
8 0.686717 0.313726 0.111998 0.11265 0.00417519
12 0.935903 0.0650233 0.111734 0.112008 0.00368533
1 0.688228 0.313773 0.113297 0.112377 0.00364204
11 0.688175 0.807933 0.113152 0.113297 0.00356703
7 0.936422 0.560722 0.110474 0.112566 0.00353467
11 0.438837 0.436439 0.110263 0.113363 0.003401
1 0.0663393 0.934019 0.112884 0.113278 0.00327446
1 0.811934 0.064583 0.110578 0.112134 0.00322645
0 0.688102 0.0647913 0.113689 0.112728 0.00317066
3 0.686555 0.0649628 0.115322 0.112172 0.00315179
8 0.688606 0.933398 0.114845 0.113022 0.00311481
13 0.93649 0.18843 0.111419 0.111811 0.0030868
11 0.563184 0.0653963 0.11157 0.113754 0.00307133
7 0.811691 0.0636139 0.111755 0.112995 0.00301705
1 0.439588 0.0652002 0.11347 0.112676 0.0030111
3 0.438791 0.933478 0.110943 0.112935 0.00286878
0 0.813836 0.684544 0.11105 0.108631 0.00282086
1 0.811509 0.188351 0.112398 0.113002 0.00271673
0 0.0654391 0.43361 0.111976 0.108552 0.00270852
7 0.811495 0.187381 0.113513 0.113836 0.0026072
6 0.936111 0.933227 0.110628 0.113591 0.00257558
11 0.0662748 0.313785 0.113736 0.112517 0.00241191
1 0.439576 0.312247 0.111734 0.111764 0.00240032
10 0.812376 0.933765 0.111647 0.111823 0.00239031
13 0.936701 0.561583 0.11114 0.112624 0.00234756
0 0.935839 0.809865 0.108583 0.111449 0.0023151
1 0.439252 0.933179 0.111009 0.112072 0.0022466
3 0.81214 0.436482 0.112383 0.111227 0.00222831
10 0.811512 0.188839 0.112172 0.112855 0.00218885
3 0.935813 0.436452 0.111205 0.112065 0.00216648
12 0.686753 0.56107 0.112359 0.111971 0.00216552
10 0.81188 0.0648928 0.111165 0.111851 0.00215838
1 0.314594 0.188451 0.111868 0.112396 0.00211142
7 0.438791 0.933478 0.110943 0.112935 0.00210569
2 0.563208 0.0650412 0.111683 0.11231 0.00210411
8 0.0661315 0.0650748 0.113305 0.112399 0.00208656
13 0.191336 0.685208 0.112335 0.112063 0.0020822
12 0.688102 0.0647913 0.113689 0.112728 0.00205352
11 0.190686 0.0647301 0.113616 0.111871 0.00201973
7 0.936288 0.18716 0.110585 0.113172 0.00198506
10 0.439443 0.437036 0.110382 0.110976 0.00196331
3 0.68774 0.933568 0.111947 0.11309 0.00196161
13 0.0663221 0.189366 0.113659 0.113584 0.00194426
11 0.439421 0.808191 0.111969 0.112862 0.00192343
0 0.191601 0.31363 0.112341 0.113913 0.00192129
2 0.811934 0.064583 0.110578 0.112134 0.0019122
0 0.68827 0.437207 0.113018 0.113845 0.00190535
6 0.439821 0.561854 0.111186 0.112287 0.00188865
10 0.563208 0.0650412 0.111683 0.11231 0.00188064
6 0.190995 0.80933 0.11172 0.112013 0.00186851
7 0.43967 0.313475 0.110221 0.110789 0.00184495
1 0.687452 0.683702 0.112354 0.110613 0.0018406
13 0.935879 0.312149 0.111028 0.112002 0.00183256
11 0.563157 0.934341 0.114361 0.112198 0.00180205
13 0.191633 0.561096 0.110417 0.111354 0.00178424
11 0.812376 0.933765 0.111647 0.111823 0.0017555
10 0.190889 0.0643867 0.111437 0.111243 0.0017332
11 0.811837 0.809023 0.111774 0.11462 0.0017161
6 0.813307 0.685435 0.113718 0.110807 0.00170268
4 0.688294 0.56126 0.113717 0.112709 0.00167956
4 0.935615 0.0655934 0.113722 0.112196 0.00165862
3 0.439326 0.313391 0.111711 0.111446 0.00165353
12 0.31552 0.560981 0.112999 0.114696 0.00164231
3 0.68673 0.807954 0.111977 0.112255 0.00164097
1 0.936109 0.435629 0.112034 0.112513 0.0016291
6 0.686786 0.56099 0.115076 0.111689 0.00161158
3 0.439975 0.561152 0.111199 0.112856 0.00158746
4 0.936422 0.560722 0.110474 0.112566 0.00158415
0 0.564051 0.684316 0.111344 0.11091 0.00156478
12 0.439653 0.188881 0.112399 0.11246 0.00155246
8 0.936168 0.313287 0.110878 0.113281 0.00154617
2 0.811509 0.188351 0.112398 0.113002 0.00151792
4 0.315252 0.0648099 0.112947 0.112427 0.00150373
6 0.439653 0.188881 0.112399 0.11246 0.00145971
11 0.935796 0.188994 0.113944 0.113862 0.00145625
7 0.066312 0.933787 0.112313 0.112368 0.00144413
12 0.191062 0.188764 0.111715 0.112557 0.00144179
10 0.0664159 0.189343 0.115377 0.113152 0.00143158
6 0.0668395 0.684503 0.112303 0.113217 0.0014107
5 0.066464 0.064861 0.111662 0.110528 0.00140858
9 0.936415 0.685814 0.108187 0.110735 0.00139957
11 0.314534 0.933278 0.113702 0.113637 0.00138849
8 0.0664159 0.189343 0.115377 0.113152 0.0013723
1 0.56362 0.312506 0.113053 0.112941 0.0013686
1 0.688475 0.933315 0.113359 0.112711 0.00134856
1 0.189367 0.93314 0.111972 0.112866 0.00133258
4 0.564051 0.684316 0.111344 0.11091 0.00133094
7 0.563745 0.808621 0.110233 0.113772 0.00131351
6 0.0666803 0.934449 0.111924 0.111706 0.00131013
3 0.191451 0.809495 0.113014 0.112045 0.00130912
9 0.315274 0.807546 0.112597 0.112609 0.00130768
7 0.315221 0.0645593 0.111719 0.112586 0.00130582
6 0.315723 0.436089 0.111193 0.113357 0.00129508
10 0.811736 0.808927 0.113649 0.113813 0.00128907
10 0.315202 0.933421 0.113525 0.113335 0.00128727
5 0.935879 0.312149 0.111028 0.112002 0.00128693
6 0.935802 0.0647904 0.111593 0.111711 0.0012851
10 0.688303 0.561049 0.113825 0.114042 0.00128399
1 0.0670191 0.0645349 0.111353 0.112425 0.00128057
6 0.935839 0.809865 0.108583 0.111449 0.00127781
11 0.191232 0.313555 0.111941 0.112035 0.00127078
6 0.811411 0.187748 0.113947 0.112217 0.00125388
9 0.811443 0.808619 0.112272 0.115013 0.00125382
0 0.565076 0.438174 0.111384 0.112771 0.00124329
4 0.564908 0.436505 0.112762 0.112251 0.00121351
6 0.811612 0.0642297 0.112275 0.111753 0.00120633
12 0.440049 0.808276 0.11242 0.113112 0.00117741
3 0.314391 0.189153 0.111813 0.111728 0.00117232
6 0.440003 0.0648919 0.111895 0.111293 0.00117134
8 0.938365 0.68396 0.106679 0.111079 0.00113103
9 0.935796 0.188994 0.113944 0.113862 0.00112655
9 0.0658213 0.55824 0.114055 0.113543 0.00112052
13 0.563903 0.808922 0.112181 0.113609 0.00110855
4 0.315328 0.437517 0.112062 0.111415 0.00110773
2 0.439079 0.436194 0.110247 0.114239 0.00110635
9 0.686651 0.190148 0.111746 0.113261 0.00108458
4 0.936288 0.18716 0.110585 0.113172 0.00108386
3 0.439127 0.436056 0.110643 0.114175 0.00108229
13 0.563404 0.934179 0.112911 0.11222 0.00106512
3 0.0671235 0.684279 0.113796 0.115735 0.00105847
4 0.935839 0.809865 0.108583 0.111449 0.00105608
1 0.936448 0.684029 0.110409 0.108967 0.0010556
3 0.935596 0.933559 0.10949 0.111695 0.00105525
9 0.812308 0.313797 0.112279 0.113682 0.00105366
10 0.0662748 0.313785 0.113736 0.112517 0.00104795
11 0.688211 0.437815 0.11175 0.112776 0.00104232
9 0.937302 0.311791 0.109223 0.113008 0.00104004
0 0.440094 0.561256 0.111159 0.11204 0.0010323
4 0.315717 0.684788 0.113817 0.112653 0.00102705
10 0.811855 0.561263 0.113237 0.113188 0.00101834
13 0.314645 0.0645739 0.11116 0.111386 0.00101421
2 0.3155 0.683596 0.114056 0.110768 0.00100233
