5 0.316057 0.934109 0.110634 0.112526 0.986321
9 0.811761 0.933988 0.111958 0.112864 0.985989
13 0.315395 0.809456 0.112553 0.112972 0.985463
7 0.439605 0.809647 0.111716 0.112334 0.985186
7 0.688202 0.934012 0.112508 0.113879 0.984355
11 0.191625 0.81002 0.111327 0.111492 0.984249
9 0.0674628 0.43753 0.111684 0.112837 0.983861
10 0.563677 0.933522 0.111288 0.1129 0.983559
9 0.0677582 0.0651984 0.113139 0.11316 0.983543
11 0.935993 0.933823 0.112898 0.111687 0.983398
0 0.440084 0.93384 0.112725 0.113233 0.983371
9 0.191898 0.18885 0.112305 0.113188 0.983344
5 0.0672071 0.562152 0.112617 0.11267 0.983328
4 0.688131 0.809682 0.112665 0.113263 0.983296
9 0.0678717 0.189258 0.112275 0.112335 0.98312
11 0.315704 0.561972 0.111791 0.111994 0.982984
11 0.4401 0.685866 0.11077 0.111213 0.982855
7 0.191232 0.561246 0.112136 0.111981 0.982762
12 0.315125 0.0644888 0.111728 0.112534 0.98264
5 0.191261 0.0646327 0.111085 0.111349 0.982556
10 0.191421 0.933438 0.112338 0.113511 0.982483
6 0.315771 0.437696 0.111949 0.112047 0.982472
3 0.31543 0.189039 0.11139 0.113701 0.982415
4 0.191545 0.313352 0.112627 0.112884 0.98241
10 0.563977 0.685109 0.111202 0.112095 0.981915
10 0.315733 0.685264 0.11179 0.112174 0.981808
2 0.0672478 0.685567 0.113527 0.113379 0.981753
10 0.191885 0.685419 0.11168 0.112593 0.98154
2 0.315142 0.31344 0.113152 0.11303 0.981228
10 0.0671781 0.313431 0.112443 0.11248 0.981162
7 0.439295 0.313271 0.113105 0.113085 0.98098
6 0.936228 0.685263 0.11318 0.112787 0.980967
10 0.563678 0.0646922 0.111246 0.113169 0.980641
12 0.563932 0.809955 0.111794 0.112137 0.980429
11 0.936638 0.809895 0.11229 0.11064 0.980379
6 0.439475 0.437242 0.112991 0.111823 0.980329
9 0.687829 0.685492 0.112045 0.111992 0.980282
0 0.191264 0.437349 0.112567 0.112306 0.980254
13 0.687501 0.0647658 0.111372 0.111227 0.980217
2 0.439214 0.561182 0.112285 0.112621 0.979933
13 0.563464 0.313278 0.112735 0.112965 0.979897
1 0.439368 0.0648722 0.111655 0.113183 0.979686
11 0.687859 0.561303 0.111607 0.112934 0.979451
4 0.687883 0.188687 0.113264 0.113769 0.979296
12 0.0671777 0.93398 0.11249 0.112362 0.979129
10 0.564216 0.561008 0.112821 0.113247 0.979073
12 0.812242 0.312998 0.1125 0.112629 0.978939
9 0.811784 0.188411 0.112918 0.112574 0.978936
12 0.812223 0.437038 0.111988 0.112896 0.978877
13 0.811883 0.561651 0.113024 0.113113 0.978859
6 0.936406 0.437105 0.11355 0.112529 0.97878
5 0.812055 0.0652789 0.111869 0.111569 0.978584
0 0.812286 0.809548 0.113024 0.113306 0.978419
7 0.563675 0.189 0.112016 0.11315 0.978378
9 0.936184 0.313926 0.111419 0.112081 0.978341
4 0.936466 0.188673 0.113634 0.11424 0.978264
2 0.936035 0.0649504 0.112931 0.113146 0.978226
0 0.687833 0.437119 0.112185 0.113405 0.978096
0 0.439501 0.188787 0.112343 0.11356 0.978095
7 0.812357 0.685635 0.112579 0.113388 0.97798
5 0.687701 0.312848 0.111936 0.112412 0.977963
7 0.936617 0.561568 0.112872 0.112915 0.977313
10 0.56408 0.436941 0.112383 0.113451 0.977131
8 0.0674095 0.809386 0.113339 0.112878 0.977036
4 0.564226 0.4373 0.112106 0.112565 0.0162446
4 0.0667345 0.313433 0.111783 0.111964 0.0148791
4 0.316229 0.685383 0.112055 0.112187 0.0141017
2 0.0668981 0.809221 0.114696 0.11334 0.0131568
5 0.688545 0.561578 0.110782 0.1119 0.0116597
4 0.564069 0.933618 0.111863 0.112599 0.0102204
12 0.81161 0.685806 0.11217 0.113534 0.0100341
4 0.564377 0.68537 0.112499 0.112356 0.00918021
6 0.0673254 0.933947 0.112482 0.11281 0.00903399
3 0.936105 0.313415 0.111884 0.113667 0.00863768
1 0.688012 0.436614 0.112582 0.112971 0.00779537
6 0.812231 0.436905 0.111128 0.112234 0.00673799
4 0.191538 0.685183 0.112384 0.112636 0.00594911
5 0.936191 0.0646996 0.112834 0.114079 0.00574434
12 0.811653 0.933953 0.111263 0.113538 0.00510836
3 0.811653 0.933953 0.111263 0.113538 0.00508258
4 0.564409 0.561263 0.112639 0.112791 0.00492837
3 0.936631 0.685229 0.112531 0.114121 0.00483677
3 0.0668474 0.188932 0.11429 0.112963 0.00452046
1 0.93655 0.189007 0.113414 0.114325 0.00394213
7 0.191151 0.313036 0.111264 0.11165 0.0038075
1 0.812107 0.809424 0.11261 0.112692 0.00363558
0 0.688156 0.685232 0.111502 0.112076 0.00359782
12 0.936105 0.313415 0.111884 0.113667 0.0035653
5 0.935993 0.933823 0.112898 0.111687 0.00355029
8 0.936035 0.809686 0.111805 0.112527 0.00353984
12 0.564276 0.933651 0.112594 0.112886 0.00350457
12 0.936182 0.561693 0.112625 0.113421 0.00348631
12 0.564226 0.4373 0.112106 0.112565 0.00337064
12 0.563551 0.188952 0.112339 0.112201 0.00336342
1 0.688045 0.809049 0.111962 0.112356 0.00328772
0 0.813094 0.933621 0.11221 0.112652 0.00326962
4 0.563678 0.0646922 0.111246 0.113169 0.00324347
3 0.688084 0.313312 0.112755 0.112479 0.00321429
7 0.0676855 0.313575 0.113258 0.112995 0.00318044
2 0.688084 0.313312 0.112755 0.112479 0.0031025
4 0.191421 0.933438 0.112338 0.113511 0.00309944
3 0.687435 0.685207 0.111769 0.112697 0.00304939
12 0.0676696 0.18915 0.112734 0.113129 0.00304408
13 0.563343 0.437061 0.111256 0.11233 0.00294944
5 0.936638 0.809895 0.11229 0.11064 0.00289645
1 0.688405 0.188704 0.112539 0.113564 0.00289115
3 0.0669155 0.437029 0.115484 0.113167 0.00284532
12 0.811332 0.561658 0.11175 0.112571 0.00281121
5 0.43979 0.685495 0.112082 0.112029 0.00278599
0 0.812925 0.188641 0.11056 0.113974 0.00273607
12 0.31538 0.809444 0.112241 0.112288 0.00270545
13 0.19108 0.685069 0.111568 0.111015 0.0026765
12 0.191576 0.189003 0.113081 0.113625 0.0026502
3 0.0665419 0.685227 0.115218 0.113114 0.00264221
7 0.564315 0.933076 0.113338 0.113204 0.00262125
1 0.191994 0.313307 0.112889 0.112559 0.00261385
6 0.812201 0.3131 0.111638 0.112105 0.00255384
3 0.811564 0.189089 0.110903 0.112771 0.0025475
12 0.5644 0.0647077 0.113175 0.113414 0.0025111
12 0.564373 0.685112 0.111805 0.112011 0.00249507
1 0.315235 0.313813 0.112291 0.112329 0.00245847
6 0.811573 0.685418 0.112992 0.113162 0.00242929
9 0.439666 0.685326 0.111726 0.112014 0.00238876
12 0.0678495 0.0649418 0.112921 0.113466 0.00236075
10 0.935903 0.933571 0.111325 0.112725 0.00234707
7 0.564062 0.685036 0.112627 0.112381 0.00232876
7 0.687518 0.188912 0.112113 0.112899 0.00229534
6 0.564109 0.809333 0.111342 0.112511 0.00229467
3 0.439561 0.561281 0.112953 0.113013 0.00226912
1 0.439449 0.561286 0.112496 0.113933 0.00225152
7 0.56408 0.436516 0.111307 0.112808 0.00223785
12 0.564409 0.561263 0.112639 0.112791 0.00223629
13 0.563586 0.685156 0.111981 0.111794 0.00223229
4 0.687989 0.933629 0.11269 0.114047 0.00222364
12 0.811564 0.189089 0.110903 0.112771 0.00222264
0 0.43925 0.0641046 0.111673 0.114096 0.0021903
12 0.0679922 0.436564 0.111089 0.113132 0.0021696
7 0.315604 0.684974 0.112678 0.112894 0.00213693
7 0.68761 0.809404 0.1121 0.112829 0.00212547
7 0.56401 0.064846 0.112687 0.112328 0.0021103
3 0.0668952 0.0647729 0.114873 0.113333 0.00210539
13 0.0664035 0.312909 0.112145 0.112492 0.00209946
7 0.564092 0.561325 0.112786 0.112107 0.00197271
13 0.315102 0.685044 0.112605 0.112134 0.00195205
1 0.439445 0.188325 0.112057 0.112971 0.00194543
7 0.191511 0.684987 0.112407 0.112895 0.00193309
13 0.564108 0.933576 0.111653 0.111268 0.00192366
7 0.935875 0.188707 0.111955 0.112094 0.00192136
4 0.688084 0.313312 0.112755 0.112479 0.00191999
4 0.93654 0.561145 0.113141 0.112375 0.00188951
13 0.563439 0.561084 0.111936 0.112459 0.00188079
13 0.191151 0.933599 0.11245 0.111217 0.00184859
6 0.935793 0.1892 0.11345 0.113257 0.00184767
3 0.936233 0.437285 0.113447 0.11394 0.0018407
12 0.688156 0.685232 0.111502 0.112076 0.0017896
13 0.563419 0.0645022 0.1121 0.112409 0.00178882
0 0.0675264 0.436683 0.11072 0.114287 0.00178769
1 0.936534 0.0644006 0.112954 0.11363 0.00176111
5 0.563538 0.437311 0.112501 0.112181 0.00175702
8 0.813063 0.933523 0.111337 0.113218 0.00175301
5 0.315209 0.561315 0.112592 0.11257 0.00169918
12 0.439546 0.313426 0.112021 0.112138 0.00163638
1 0.0670416 0.68534 0.113563 0.112729 0.00160852
11 0.81156 0.0647913 0.113162 0.111176 0.00159619
4 0.56398 0.188735 0.112081 0.112995 0.00159363
7 0.191745 0.933241 0.113306 0.113472 0.00158305
2 0.813097 0.0647223 0.112377 0.113749 0.00155808
8 0.688192 0.685419 0.112631 0.112961 0.00152081
1 0.19112 0.437154 0.113109 0.11281 0.0015176
4 0.439973 0.809156 0.111621 0.11271 0.00151399
12 0.314946 0.188243 0.11145 0.112553 0.0014842
7 0.563821 0.313525 0.112723 0.113498 0.00147554
3 0.315572 0.437286 0.112394 0.112259 0.00147488
3 0.439751 0.437021 0.1128 0.112995 0.00146731
6 0.936187 0.561493 0.11186 0.113363 0.00142967
3 0.191576 0.189003 0.113081 0.113625 0.00142148
13 0.812283 0.436611 0.110569 0.11265 0.00141091
2 0.688168 0.561224 0.111689 0.11232 0.00139773
3 0.315182 0.313552 0.112787 0.113686 0.0013867
10 0.31538 0.933959 0.111663 0.111788 0.00136311
5 0.191217 0.809846 0.112494 0.112339 0.00135004
10 0.315698 0.561076 0.111918 0.112059 0.00134828
5 0.439413 0.561181 0.11185 0.111789 0.0013289
0 0.0675455 0.189207 0.112108 0.113842 0.00132141
13 0.811679 0.685431 0.111539 0.113515 0.00131953
8 0.191599 0.809508 0.112615 0.112224 0.00131613
4 0.191357 0.561194 0.112198 0.112018 0.00129313
13 0.93722 0.561182 0.112773 0.112674 0.00129027
10 0.686809 0.560846 0.11294 0.112215 0.00127244
9 0.936035 0.809686 0.111805 0.112527 0.0012722
12 0.316095 0.685476 0.112493 0.112928 0.00126066
9 0.687556 0.561258 0.111018 0.111587 0.00123418
7 0.811541 0.313262 0.111643 0.113298 0.00120434
3 0.813097 0.0647223 0.112377 0.113749 0.00120238
7 0.811767 0.561215 0.113483 0.113374 0.00119621
0 0.19144 0.189057 0.112509 0.114168 0.0011814
9 0.93553 0.933868 0.111173 0.112182 0.00118105
3 0.0670875 0.56107 0.112543 0.112765 0.0011781
3 0.936269 0.064643 0.11218 0.113505 0.00115102
5 0.564276 0.933651 0.112594 0.112886 0.00114134
4 0.812742 0.685139 0.112661 0.11294 0.00113117
2 0.936471 0.810175 0.111245 0.11141 0.00110781
5 0.314821 0.313718 0.112388 0.112049 0.00110671
9 0.191615 0.809653 0.112242 0.112606 0.00109038
7 0.936233 0.437285 0.113447 0.11394 0.0010651
2 0.93655 0.189007 0.113414 0.114325 0.00106033
10 0.191073 0.0646176 0.110832 0.111209 0.0010574
8 0.688159 0.561053 0.111116 0.11289 0.00105732
12 0.191887 0.933617 0.112977 0.114219 0.00104704
10 0.936514 0.810026 0.112448 0.111466 0.00104385
2 0.688131 0.809682 0.112665 0.113263 0.00101587
10 0.439668 0.313468 0.112528 0.112331 0.00101396
7 0.811504 0.437218 0.110991 0.112764 0.0010125
0 0.066864 0.809317 0.112068 0.112332 0.00101089
