9 0.439415 0.93414 0.112436 0.114223 0.988542
3 0.315253 0.934279 0.113601 0.114539 0.988223
3 0.563014 0.934292 0.113155 0.114833 0.987877
5 0.936374 0.809556 0.112785 0.112751 0.984664
7 0.935805 0.933983 0.112883 0.112987 0.984627
4 0.315358 0.685505 0.112211 0.112696 0.984411
13 0.687636 0.809888 0.112143 0.113096 0.983955
11 0.190941 0.561145 0.111531 0.112741 0.983751
6 0.315561 0.56129 0.111139 0.112076 0.983636
4 0.687518 0.934098 0.112206 0.114195 0.983438
13 0.315318 0.189133 0.113201 0.114234 0.983418
1 0.0670903 0.685424 0.112386 0.112085 0.9833
10 0.191092 0.437344 0.112505 0.112227 0.983273
10 0.067181 0.437348 0.113398 0.112628 0.983212
5 0.191918 0.0651273 0.111476 0.112902 0.982945
13 0.314757 0.0651387 0.111901 0.113708 0.982845
11 0.190831 0.313314 0.11169 0.112357 0.982536
3 0.191512 0.189206 0.112804 0.112872 0.982352
6 0.067223 0.561377 0.11207 0.111757 0.982244
2 0.439025 0.80969 0.113058 0.112815 0.982108
6 0.0668824 0.189069 0.112228 0.112372 0.981936
10 0.563452 0.0647426 0.111211 0.113144 0.981589
2 0.0670869 0.313211 0.11161 0.111749 0.981142
10 0.439194 0.56123 0.112279 0.111573 0.981045
13 0.439224 0.436857 0.112255 0.111845 0.981026
11 0.0669821 0.93378 0.113376 0.114532 0.980862
2 0.439168 0.685569 0.112555 0.112632 0.980779
13 0.439254 0.188876 0.112407 0.112281 0.980712
1 0.314761 0.436869 0.11291 0.112356 0.980663
12 0.315168 0.31306 0.111911 0.11204 0.980463
8 0.811969 0.934065 0.112117 0.112994 0.980456
12 0.935947 0.68566 0.113669 0.113102 0.980437
13 0.563484 0.313297 0.112344 0.11334 0.980029
12 0.315011 0.809578 0.112098 0.1128 0.979908
2 0.190704 0.685123 0.111974 0.111458 0.979882
2 0.56345 0.685448 0.112345 0.112526 0.979736
7 0.563865 0.561245 0.112269 0.113845 0.979608
4 0.563405 0.188674 0.112023 0.113434 0.979606
4 0.935432 0.0651776 0.113103 0.113058 0.979468
8 0.563621 0.809794 0.112105 0.112787 0.979441
1 0.439281 0.0649495 0.112313 0.113891 0.979437
0 0.0670851 0.0645086 0.112035 0.11304 0.9794
9 0.68778 0.188597 0.112198 0.112044 0.97933
2 0.191 0.809302 0.112611 0.11136 0.979327
4 0.812416 0.685437 0.11237 0.11239 0.979229
0 0.81181 0.809442 0.112766 0.113061 0.97916
1 0.812159 0.188711 0.11298 0.112843 0.979097
11 0.563384 0.436888 0.111843 0.114201 0.979
6 0.688064 0.312901 0.112261 0.112185 0.978857
3 0.687835 0.561297 0.111933 0.112257 0.978786
0 0.687556 0.685201 0.112305 0.113153 0.978701
11 0.439129 0.313255 0.111914 0.113785 0.978554
0 0.687438 0.437023 0.112076 0.113333 0.978485
7 0.812145 0.436851 0.112657 0.113199 0.978453
3 0.687779 0.0650126 0.112431 0.112541 0.97836
9 0.936244 0.313488 0.111259 0.111912 0.978271
0 0.936017 0.436911 0.113118 0.112598 0.978224
7 0.936231 0.561309 0.113134 0.113299 0.978173
3 0.811957 0.561474 0.112318 0.113561 0.977925
2 0.812169 0.312743 0.112864 0.113226 0.977813
8 0.19131 0.933555 0.111915 0.112216 0.977711
0 0.811987 0.0644315 0.112215 0.113556 0.977574
5 0.936541 0.188313 0.113153 0.113714 0.97698
8 0.0673046 0.809251 0.11132 0.11221 0.97604
2 0.0669623 0.809223 0.113395 0.113023 0.013918
2 0.563625 0.809424 0.111844 0.113068 0.00899873
2 0.191451 0.933874 0.112842 0.113888 0.00882036
6 0.31533 0.31353 0.112018 0.113109 0.00880022
4 0.067181 0.437348 0.113398 0.112628 0.00817993
6 0.315529 0.809867 0.112185 0.113344 0.00801331
11 0.191561 0.933823 0.112556 0.113607 0.00678484
12 0.936261 0.313374 0.111491 0.112946 0.00603427
5 0.563258 0.436507 0.1108 0.113506 0.00595848
4 0.439805 0.561571 0.112613 0.11277 0.00590483
1 0.687695 0.436463 0.112458 0.113004 0.00566938
4 0.56388 0.0649334 0.112516 0.113335 0.00565356
10 0.19196 0.0646057 0.111829 0.112003 0.00558499
4 0.191092 0.437344 0.112505 0.112227 0.00487993
3 0.936071 0.313163 0.11217 0.11344 0.00484904
12 0.811513 0.436859 0.1126 0.114106 0.00463762
1 0.0668317 0.0637167 0.113252 0.113341 0.00446321
13 0.439396 0.561265 0.111317 0.112239 0.00402054
0 0.68804 0.188814 0.111945 0.113154 0.00401231
6 0.936465 0.6854 0.111431 0.112409 0.00401086
1 0.315359 0.685545 0.112971 0.112795 0.00393053
1 0.563532 0.188517 0.112101 0.113379 0.0038283
5 0.43952 0.809516 0.11228 0.112404 0.00375752
1 0.687656 0.684971 0.11256 0.112484 0.00369612
11 0.0671518 0.809465 0.113108 0.112581 0.00365595
0 0.812151 0.188693 0.112591 0.113828 0.00364356
12 0.687616 0.561196 0.111685 0.112393 0.00345969
6 0.811455 0.436592 0.113198 0.11297 0.00341899
7 0.687824 0.934053 0.111645 0.112152 0.00332303
2 0.811493 0.934143 0.112732 0.112797 0.00328565
1 0.93612 0.0649728 0.11224 0.113583 0.00308026
12 0.687551 0.188971 0.112249 0.112304 0.00300989
3 0.191043 0.809583 0.113312 0.112669 0.00297978
10 0.812281 0.685517 0.111131 0.11295 0.00293889
3 0.687907 0.313366 0.110834 0.112523 0.0029027
1 0.812249 0.064131 0.111251 0.11391 0.00285054
13 0.191033 0.437177 0.110976 0.111407 0.00281795
10 0.191597 0.313277 0.111986 0.112225 0.00273454
1 0.811582 0.685623 0.112786 0.112472 0.00272678
12 0.811476 0.56186 0.111044 0.111962 0.0026834
1 0.811958 0.313324 0.111139 0.112988 0.0026799
6 0.811476 0.56186 0.111044 0.111962 0.00259438
10 0.93602 0.188549 0.111533 0.112172 0.00253529
0 0.439178 0.0642744 0.112148 0.114371 0.00252942
12 0.935981 0.561424 0.113294 0.114001 0.00245618
5 0.811474 0.313066 0.113964 0.113345 0.00240329
5 0.191446 0.809401 0.112358 0.11226 0.00239165
1 0.0670886 0.313619 0.111327 0.11258 0.00238235
10 0.439004 0.313532 0.111309 0.1125 0.00237147
5 0.190943 0.312956 0.112534 0.113037 0.0023581
3 0.439168 0.685569 0.112555 0.112632 0.00230229
12 0.687557 0.0643867 0.111983 0.112142 0.00226779
4 0.564019 0.56151 0.112021 0.113028 0.00223762
3 0.0668824 0.189069 0.112228 0.112372 0.00219097
7 0.935658 0.064909 0.110905 0.111636 0.0021795
2 0.93612 0.0649728 0.11224 0.113583 0.00217762
1 0.81181 0.809442 0.112766 0.113061 0.00215884
2 0.688105 0.561621 0.111673 0.111694 0.0021472
3 0.19081 0.685356 0.113275 0.112785 0.00210018
3 0.315339 0.561025 0.112347 0.113102 0.00206343
1 0.687518 0.934098 0.112206 0.114195 0.00205847
3 0.067223 0.561377 0.11207 0.111757 0.00202606
6 0.935978 0.561199 0.11252 0.113843 0.00193718
7 0.811612 0.684714 0.112251 0.113112 0.00193457
11 0.563841 0.809785 0.111798 0.113367 0.00192125
9 0.191144 0.56068 0.111384 0.112111 0.00191279
11 0.811547 0.933583 0.111646 0.111509 0.00190152
6 0.688105 0.561621 0.111673 0.111694 0.00189124
1 0.688257 0.312839 0.111229 0.113679 0.00188491
8 0.813025 0.313159 0.111471 0.113263 0.00187963
2 0.811806 0.685477 0.112315 0.113308 0.00187693
3 0.439025 0.80969 0.113058 0.112815 0.00183982
7 0.0663966 0.436256 0.111282 0.113673 0.00182248
3 0.56345 0.685448 0.112345 0.112526 0.00181299
13 0.439051 0.313573 0.111932 0.112229 0.00181102
11 0.192009 0.0645922 0.110882 0.111787 0.00180899
5 0.563537 0.685573 0.113111 0.112461 0.00180751
4 0.935805 0.933983 0.112883 0.112987 0.00178434
10 0.191023 0.560962 0.111884 0.113146 0.00178285
12 0.935736 0.933755 0.113056 0.11363 0.00175956
6 0.811522 0.684938 0.113453 0.111622 0.00175892
1 0.0671026 0.561263 0.113132 0.112959 0.00175425
1 0.315697 0.561266 0.111929 0.113087 0.00170264
1 0.0672592 0.188495 0.112993 0.112693 0.00170147
13 0.0671017 0.933689 0.113716 0.114219 0.00167866
7 0.56366 0.0647824 0.111171 0.112644 0.00166662
10 0.563368 0.188874 0.111029 0.113457 0.00166083
2 0.315358 0.685505 0.112211 0.112696 0.00162797
0 0.0667982 0.685323 0.112894 0.112905 0.00162748
6 0.191507 0.189091 0.112074 0.112248 0.00161033
10 0.0669598 0.933406 0.113522 0.114464 0.00160346
9 0.811545 0.933736 0.111918 0.112519 0.0015992
4 0.936363 0.560925 0.112648 0.113791 0.00159476
1 0.687835 0.561297 0.111933 0.112257 0.00154919
9 0.191232 0.313011 0.111602 0.111887 0.00154139
12 0.439752 0.933614 0.113251 0.114746 0.001483
11 0.314757 0.0651387 0.111901 0.113708 0.00147308
6 0.935743 0.933491 0.111949 0.113654 0.00146442
4 0.812612 0.436259 0.111165 0.113422 0.00146268
10 0.315187 0.0648528 0.112109 0.112237 0.0014604
10 0.563457 0.437401 0.112432 0.113872 0.00145738
3 0.316015 0.809939 0.113151 0.11248 0.00145492
2 0.936217 0.809351 0.113305 0.114088 0.00144032
12 0.563843 0.0643776 0.112134 0.113592 0.00143996
13 0.563204 0.0644959 0.111526 0.112293 0.00143592
0 0.813113 0.93413 0.111598 0.114102 0.00142437
12 0.191229 0.189049 0.112052 0.112603 0.00141166
5 0.439123 0.685533 0.113344 0.112036 0.00140686
13 0.190831 0.313314 0.11169 0.112357 0.00139869
4 0.935595 0.188902 0.113032 0.113334 0.0013978
6 0.564117 0.560946 0.111487 0.11354 0.00137866
0 0.315388 0.436686 0.113237 0.113688 0.00136421
2 0.563879 0.93366 0.112155 0.113344 0.00134323
6 0.688215 0.0648829 0.111496 0.112127 0.00133992
1 0.811384 0.561571 0.111796 0.112068 0.00133202
1 0.687801 0.0644078 0.112148 0.11294 0.00128006
9 0.688105 0.561621 0.111673 0.111694 0.00127992
3 0.0665523 0.31329 0.112729 0.112474 0.00127388
4 0.688083 0.561204 0.111965 0.113192 0.00126165
8 0.563457 0.437401 0.112432 0.113872 0.00122993
0 0.936435 0.3134 0.112236 0.113455 0.00122691
7 0.439249 0.561443 0.112102 0.112666 0.00120373
4 0.315212 0.437229 0.112837 0.113615 0.00119001
3 0.936264 0.809492 0.113033 0.113778 0.00118947
4 0.811843 0.189339 0.112324 0.112935 0.00118423
2 0.688215 0.0648829 0.111496 0.112127 0.00117323
8 0.0665523 0.31329 0.112729 0.112474 0.00117313
7 0.190856 0.437069 0.11165 0.112078 0.00117213
9 0.688215 0.0648829 0.111496 0.112127 0.001161
10 0.936113 0.0647785 0.112607 0.113691 0.00115329
13 0.56363 0.436771 0.111169 0.112327 0.00113317
8 0.68804 0.188814 0.111945 0.113154 0.00111374
3 0.936553 0.685352 0.113133 0.113034 0.00111089
5 0.191023 0.560962 0.111884 0.113146 0.00110591
4 0.688191 0.0647208 0.112411 0.113279 0.00110392
3 0.688077 0.188929 0.11368 0.113026 0.00110136
9 0.439274 0.313264 0.111122 0.111451 0.00109606
9 0.191643 0.933283 0.111947 0.111482 0.0010846
1 0.439417 0.685122 0.113002 0.112629 0.00107785
0 0.935947 0.68566 0.113669 0.113102 0.00106915
12 0.439382 0.43703 0.111615 0.112593 0.00106567
7 0.315283 0.685588 0.112769 0.112239 0.00106498
2 0.563368 0.188874 0.111029 0.113457 0.00106473
5 0.190714 0.685303 0.112759 0.111789 0.0010565
4 0.936217 0.809351 0.113305 0.114088 0.00104762
10 0.687518 0.934098 0.112206 0.114195 0.00104687
1 0.315368 0.933886 0.111752 0.112404 0.00104304
2 0.191232 0.313011 0.111602 0.111887 0.0010427
11 0.315047 0.189517 0.111644 0.113528 0.00104002
1 0.563671 0.685145 0.113053 0.112679 0.00103949
5 0.439086 0.313556 0.11193 0.113066 0.00103248
13 0.0664629 0.4366 0.111637 0.11192 0.00103082
7 0.688172 0.313443 0.111313 0.111741 0.0010226
1 0.56384 0.934038 0.112319 0.113022 0.00100009
