3 0.190882 0.685156 0.11058 0.111424 0.986144
9 0.439677 0.808469 0.110701 0.110461 0.985053
7 0.935718 0.932916 0.111746 0.112098 0.983816
9 0.811921 0.934082 0.113159 0.111805 0.983797
3 0.191312 0.313356 0.113517 0.113134 0.983626
5 0.687453 0.809005 0.111301 0.109819 0.983496
5 0.563676 0.809093 0.109644 0.109584 0.983226
12 0.190947 0.0639107 0.111912 0.109394 0.983117
13 0.562553 0.066209 0.112442 0.111705 0.982561
11 0.687649 0.933685 0.11409 0.112657 0.982545
10 0.191046 0.18814 0.111626 0.113631 0.982519
0 0.438955 0.933153 0.110867 0.110929 0.982436
12 0.191263 0.437311 0.112056 0.111191 0.98235
11 0.811643 0.809036 0.111669 0.110327 0.981827
5 0.314913 0.684617 0.112029 0.109369 0.981746
5 0.686864 0.0657089 0.112687 0.110256 0.981436
9 0.935294 0.808508 0.110218 0.109662 0.981432
1 0.562526 0.933395 0.113548 0.112863 0.981347
7 0.066309 0.934631 0.112421 0.110836 0.981069
0 0.315708 0.312759 0.11077 0.112829 0.981048
0 0.439756 0.685513 0.111821 0.11335 0.980851
8 0.0661949 0.437605 0.111921 0.112789 0.980526
10 0.439852 0.561286 0.111628 0.110801 0.980402
2 0.190408 0.561698 0.110441 0.112476 0.980011
0 0.0661763 0.56103 0.112771 0.112425 0.979968
10 0.563764 0.561229 0.111691 0.111663 0.979252
6 0.439304 0.0645272 0.113281 0.111145 0.979147
8 0.315476 0.43802 0.111324 0.110474 0.979131
13 0.935886 0.0652863 0.112888 0.111108 0.979021
4 0.563991 0.685093 0.112858 0.111716 0.979005
9 0.81193 0.312965 0.111484 0.111802 0.97899
9 0.43992 0.188446 0.113511 0.112418 0.97893
10 0.688317 0.437573 0.111782 0.111928 0.978843
13 0.812309 0.437891 0.111681 0.111474 0.978741
8 0.0659932 0.188778 0.11159 0.114346 0.978714
13 0.439076 0.437548 0.110549 0.110642 0.978701
0 0.0668566 0.312804 0.111358 0.11351 0.978634
8 0.190539 0.934422 0.111008 0.109678 0.97846
0 0.315202 0.809455 0.114064 0.113476 0.978444
9 0.688538 0.56168 0.112955 0.110663 0.978414
0 0.0657266 0.0631143 0.111343 0.111011 0.978231
10 0.563318 0.188896 0.111113 0.111773 0.978164
8 0.314703 0.561282 0.112831 0.113273 0.978078
12 0.81232 0.0643726 0.111729 0.109864 0.978025
4 0.936472 0.312308 0.112621 0.111675 0.9779
1 0.315041 0.933221 0.115078 0.112326 0.977678
3 0.563116 0.313282 0.112157 0.112455 0.977667
11 0.687419 0.188557 0.112808 0.113736 0.97765
8 0.811695 0.188043 0.112913 0.112082 0.9776
8 0.936289 0.187992 0.111449 0.112629 0.977452
2 0.812987 0.561864 0.111505 0.112029 0.977391
3 0.81251 0.685805 0.112367 0.112207 0.977378
8 0.936418 0.561621 0.110449 0.11187 0.977298
0 0.68822 0.685318 0.110846 0.111608 0.977275
3 0.563358 0.437773 0.111731 0.111876 0.977242
1 0.438886 0.313195 0.11208 0.113036 0.97703
5 0.687884 0.313398 0.111935 0.110893 0.976998
1 0.0679377 0.684687 0.109298 0.109666 0.976995
2 0.936688 0.43682 0.111289 0.11341 0.976949
1 0.190451 0.810182 0.112085 0.113223 0.976708
11 0.936616 0.685268 0.109887 0.110058 0.976631
0 0.314274 0.0642733 0.112014 0.111919 0.976105
0 0.065814 0.809972 0.111898 0.117935 0.97602
1 0.313951 0.188382 0.111422 0.110795 0.974809
8 0.688469 0.933058 0.114704 0.113347 0.0212043
0 0.813357 0.933443 0.114698 0.111739 0.00798263
13 0.811505 0.0648215 0.110171 0.110677 0.00625828
2 0.315131 0.561202 0.112357 0.114205 0.0061652
9 0.811469 0.685672 0.112707 0.110517 0.00584483
8 0.813352 0.934003 0.113942 0.111847 0.005659
10 0.93614 0.684876 0.110262 0.109512 0.00514363
2 0.688254 0.3134 0.113836 0.111976 0.00500197
2 0.688302 0.808419 0.112277 0.112095 0.00447112
0 0.0664381 0.438366 0.112455 0.11442 0.00417138
10 0.686742 0.188669 0.110494 0.112077 0.0041368
2 0.0655833 0.436552 0.113184 0.111223 0.00407164
1 0.813165 0.56191 0.114411 0.113782 0.00403119
1 0.936051 0.312044 0.111911 0.112037 0.00399055
10 0.688062 0.933788 0.112999 0.113888 0.00398156
2 0.936189 0.561153 0.109872 0.113401 0.00394752
10 0.811473 0.809058 0.107828 0.109218 0.0036632
10 0.687613 0.808856 0.111162 0.111204 0.0036474
0 0.315461 0.438476 0.112335 0.110405 0.00364155
12 0.812205 0.31341 0.111004 0.11304 0.0036314
1 0.564068 0.685191 0.111823 0.111293 0.00352809
2 0.314713 0.437549 0.110725 0.110425 0.00345848
1 0.687639 0.68471 0.112074 0.112023 0.00339203
7 0.93566 0.312736 0.111418 0.11167 0.00328518
3 0.688212 0.561649 0.112302 0.110644 0.00325447
8 0.81318 0.562168 0.112424 0.113699 0.00315013
0 0.812312 0.313428 0.111004 0.114535 0.00306162
12 0.811458 0.438019 0.108978 0.111197 0.00305773
2 0.0659932 0.188778 0.11159 0.114346 0.00304461
9 0.43898 0.438092 0.108104 0.111002 0.00301615
3 0.688302 0.808419 0.112277 0.112095 0.00297848
9 0.811396 0.808924 0.108775 0.108819 0.0029278
9 0.56409 0.438161 0.113766 0.112341 0.00288634
8 0.688101 0.18871 0.113352 0.115422 0.00287605
1 0.936017 0.437928 0.108581 0.112035 0.00284942
1 0.0657266 0.0631143 0.111343 0.111011 0.00283714
12 0.688932 0.561343 0.113336 0.111775 0.00270009
2 0.065902 0.682736 0.112708 0.109954 0.00266346
5 0.936212 0.436612 0.109815 0.113035 0.00266261
0 0.43886 0.314008 0.112408 0.113306 0.00253278
2 0.813217 0.685943 0.113057 0.110752 0.00249058
0 0.93592 0.188824 0.110577 0.112025 0.002478
3 0.935789 0.436514 0.112658 0.11176 0.00244509
12 0.56409 0.438161 0.113766 0.112341 0.0023679
0 0.313788 0.186061 0.111682 0.11176 0.00232471
9 0.563585 0.313382 0.112481 0.112291 0.00230929
2 0.811028 0.187901 0.110768 0.11199 0.00230433
10 0.687927 0.313386 0.111209 0.111354 0.00227988
11 0.688224 0.313653 0.11391 0.113124 0.00223447
0 0.563786 0.933499 0.113044 0.11041 0.00218006
12 0.43898 0.438092 0.108104 0.111002 0.00214602
5 0.811641 0.561957 0.111855 0.110551 0.00214503
8 0.811396 0.808924 0.108775 0.108819 0.0021413
2 0.935859 0.18798 0.110328 0.112445 0.00213635
9 0.192025 0.313412 0.115502 0.113196 0.00209867
2 0.189895 0.934383 0.110715 0.10969 0.00209359
8 0.936046 0.684972 0.106628 0.107541 0.00204081
0 0.688834 0.561944 0.114053 0.11165 0.00203188
3 0.688224 0.313653 0.11391 0.113124 0.00202294
3 0.190666 0.561237 0.111813 0.110174 0.00201708
12 0.935629 0.808961 0.106588 0.109145 0.00200587
12 0.811527 0.685689 0.112255 0.111156 0.00200076
1 0.0663519 0.312573 0.112186 0.112266 0.00199022
9 0.1911 0.188311 0.11051 0.112042 0.00195439
12 0.439633 0.188989 0.113889 0.113323 0.00195199
2 0.440164 0.808819 0.111806 0.112332 0.00191791
9 0.686751 0.933097 0.11251 0.112201 0.00187203
2 0.688565 0.561624 0.111576 0.1116 0.00185819
3 0.935629 0.808961 0.106588 0.109145 0.00185393
1 0.065826 0.808286 0.113304 0.117738 0.00185109
2 0.688193 0.0646033 0.115449 0.112416 0.00184109
10 0.191353 0.438336 0.111571 0.110994 0.00182831
1 0.314091 0.0652803 0.112131 0.112138 0.00182037
3 0.686495 0.0647009 0.114132 0.110216 0.00176994
9 0.936046 0.684972 0.106628 0.107541 0.00174252
0 0.0671616 0.189608 0.112875 0.114508 0.00171922
3 0.438859 0.0650913 0.113258 0.112011 0.00169233
3 0.812312 0.313428 0.111004 0.114535 0.00168539
0 0.19031 0.93438 0.111171 0.110807 0.00163412
1 0.190909 0.561657 0.11045 0.1117 0.00163004
12 0.93561 0.933255 0.110687 0.110859 0.00161793
1 0.065456 0.560275 0.112834 0.11157 0.00159259
4 0.066309 0.934631 0.112421 0.110836 0.00158743
7 0.439283 0.436543 0.110458 0.115616 0.00158585
7 0.811505 0.0648215 0.110171 0.110677 0.00157025
6 0.563318 0.933599 0.114059 0.111763 0.0015426
0 0.936174 0.562009 0.110619 0.112068 0.00154189
0 0.439525 0.189028 0.113513 0.113924 0.00152424
2 0.563822 0.6854 0.111912 0.111907 0.0015189
12 0.19147 0.313362 0.114466 0.112983 0.00151441
11 0.686737 0.80847 0.111743 0.108349 0.0015098
9 0.315253 0.809154 0.113255 0.112923 0.001506
9 0.812159 0.438341 0.110038 0.111267 0.00150542
5 0.811643 0.809036 0.111669 0.110327 0.00149489
7 0.438876 0.0653501 0.113986 0.112466 0.00149038
12 0.56343 0.313392 0.114512 0.113085 0.00147435
0 0.315019 0.933433 0.113019 0.111307 0.00147225
12 0.440421 0.808637 0.112492 0.111509 0.00147127
0 0.811709 0.188737 0.111874 0.111271 0.00146467
11 0.563689 0.80911 0.110197 0.111169 0.00145772
1 0.315708 0.312759 0.11077 0.112829 0.00143237
9 0.438905 0.934049 0.109472 0.109446 0.00142276
2 0.563585 0.313382 0.112481 0.112291 0.0014215
9 0.687153 0.188979 0.112571 0.112899 0.00141259
2 0.688499 0.932929 0.115834 0.113523 0.001407
13 0.688492 0.437861 0.112072 0.111504 0.00140198
0 0.189554 0.808882 0.111982 0.113812 0.00139514
5 0.687649 0.933685 0.11409 0.112657 0.0013629
2 0.936046 0.312741 0.111486 0.11146 0.00136212
4 0.688486 0.437905 0.111824 0.112873 0.00133905
1 0.81251 0.685805 0.112367 0.112207 0.00130125
10 0.190873 0.0645637 0.111525 0.109408 0.00127759
7 0.688486 0.437905 0.111824 0.112873 0.00127236
4 0.31497 0.93371 0.114231 0.111815 0.00127116
12 0.563227 0.0654387 0.110544 0.111789 0.00126976
11 0.315379 0.685914 0.112089 0.111027 0.00124119
5 0.93614 0.684876 0.110262 0.109512 0.00124063
13 0.1913 0.188296 0.112459 0.112263 0.00123118
7 0.563292 0.0654408 0.111002 0.11114 0.00122679
8 0.811502 0.31274 0.109644 0.112583 0.00121703
13 0.935637 0.932888 0.10991 0.111508 0.00121163
10 0.936046 0.312741 0.111486 0.11146 0.00120845
6 0.56393 0.438121 0.113897 0.11016 0.0012077
11 0.0655833 0.436552 0.113184 0.111223 0.00120526
12 0.9359 0.064518 0.11094 0.11097 0.00117877
0 0.935592 0.808865 0.106908 0.109126 0.0011765
9 0.43993 0.684591 0.112185 0.11275 0.00116426
2 0.563748 0.437441 0.1132 0.11158 0.0011578
0 0.315159 0.561711 0.112521 0.112333 0.00115372
1 0.563183 0.313242 0.112733 0.11307 0.00114418
10 0.563715 0.808959 0.110633 0.111342 0.00113803
2 0.93563 0.808773 0.111206 0.111643 0.00113661
4 0.935495 0.933357 0.110676 0.112587 0.00112157
7 0.563553 0.189326 0.110937 0.112826 0.0011206
4 0.0677169 0.685489 0.113127 0.113336 0.00111509
7 0.813197 0.438081 0.112029 0.113692 0.00110819
11 0.686808 0.0655537 0.111669 0.110183 0.00110333
7 0.19137 0.188661 0.111761 0.113461 0.00109891
8 0.936302 0.436671 0.109142 0.113865 0.00109775
13 0.936025 0.686131 0.109876 0.110621 0.00109503
2 0.192039 0.313445 0.114606 0.114002 0.00108975
0 0.0675648 0.685201 0.112204 0.112262 0.00108872
11 0.935886 0.0652863 0.112888 0.111108 0.00107374
12 0.812706 0.934035 0.114423 0.112309 0.00105689
6 0.31497 0.93371 0.114231 0.111815 0.00104356
4 0.688302 0.808419 0.112277 0.112095 0.00103716
1 0.191195 0.685046 0.11084 0.1111 0.00102669
10 0.812624 0.0649427 0.110224 0.110405 0.00101548
4 0.686463 0.0645542 0.114596 0.110422 0.00100667
2 0.189554 0.808882 0.111982 0.113812 0.0010057
