9 0.438895 0.934143 0.111767 0.113407 0.98644
9 0.439236 0.809395 0.111211 0.112344 0.986302
7 0.563524 0.0650919 0.111699 0.112857 0.98516
9 0.191358 0.933692 0.112105 0.113069 0.984608
7 0.315226 0.189579 0.111919 0.112087 0.9846
2 0.315333 0.809407 0.11379 0.113316 0.984566
2 0.31548 0.934054 0.113848 0.114213 0.984399
3 0.315058 0.0647986 0.113047 0.113571 0.984395
6 0.192189 0.685278 0.111651 0.111991 0.984271
4 0.315531 0.437152 0.112989 0.11241 0.983527
7 0.563781 0.809393 0.111641 0.112537 0.983397
7 0.315781 0.313334 0.112242 0.112141 0.983367
7 0.0672538 0.561738 0.113384 0.112843 0.983204
10 0.687877 0.93406 0.11191 0.113873 0.98319
13 0.439363 0.0646879 0.112055 0.113453 0.982958
6 0.316192 0.561534 0.111918 0.112024 0.982922
12 0.439714 0.685312 0.111295 0.11257 0.98286
4 0.0671499 0.313489 0.113846 0.113038 0.982799
10 0.0673815 0.809596 0.112645 0.112769 0.982611
4 0.688058 0.809802 0.113168 0.113551 0.982519
11 0.191385 0.562047 0.11144 0.111664 0.98224
4 0.191461 0.188999 0.113211 0.113321 0.982166
1 0.0668762 0.934252 0.112996 0.113789 0.982077
10 0.0670291 0.43751 0.113278 0.112653 0.981995
4 0.0670295 0.189109 0.113988 0.113083 0.981691
1 0.190991 0.313213 0.112266 0.112151 0.981349
12 0.563635 0.933819 0.111772 0.113613 0.981224
1 0.191232 0.80908 0.112186 0.112729 0.981107
1 0.191121 0.0646649 0.112532 0.113038 0.981014
2 0.936382 0.809802 0.112438 0.112817 0.980893
6 0.687787 0.685055 0.112169 0.112711 0.980892
10 0.315763 0.685396 0.111593 0.112022 0.980398
12 0.812295 0.810036 0.112417 0.112686 0.980196
6 0.563834 0.437283 0.112258 0.112712 0.979897
11 0.439827 0.561365 0.111809 0.112902 0.979784
9 0.687801 0.313601 0.111913 0.111772 0.97977
2 0.439215 0.437429 0.112736 0.11263 0.979726
9 0.563594 0.561678 0.112377 0.11221 0.979568
9 0.439237 0.189212 0.111929 0.113181 0.979495
8 0.0671349 0.0648404 0.111986 0.113034 0.979421
4 0.563554 0.188935 0.112558 0.113795 0.979308
1 0.81197 0.436967 0.11315 0.112653 0.979283
3 0.811814 0.685789 0.112185 0.112668 0.979277
7 0.563419 0.685471 0.11211 0.111576 0.979001
6 0.687853 0.0645101 0.112209 0.112997 0.978863
3 0.439366 0.313232 0.112137 0.112045 0.978834
12 0.812562 0.561509 0.112246 0.113335 0.978761
1 0.936143 0.0640863 0.114052 0.113853 0.9787
13 0.812011 0.313084 0.112622 0.112561 0.978461
12 0.811964 0.0644324 0.112652 0.112701 0.978324
9 0.936406 0.437611 0.11139 0.11229 0.978293
0 0.563047 0.313803 0.111531 0.112103 0.978291
8 0.191142 0.437262 0.111274 0.112244 0.978277
2 0.687646 0.561247 0.112583 0.114514 0.978147
0 0.687607 0.437033 0.111838 0.112727 0.978118
4 0.936928 0.312723 0.11384 0.113872 0.978037
3 0.812127 0.188505 0.112292 0.114182 0.977891
13 0.936383 0.685562 0.112828 0.11249 0.97787
8 0.0671811 0.685275 0.11196 0.11246 0.977488
8 0.936795 0.561737 0.111518 0.112416 0.977363
8 0.687885 0.189223 0.111386 0.112269 0.976938
8 0.935769 0.189066 0.111917 0.113184 0.976861
8 0.935467 0.934056 0.111508 0.112459 0.976453
8 0.811971 0.933937 0.111452 0.111932 0.976293
2 0.190963 0.437084 0.111548 0.112335 0.0225806
4 0.316278 0.685506 0.112057 0.112128 0.0177231
2 0.811872 0.933794 0.113044 0.11282 0.0143124
5 0.439798 0.561296 0.111691 0.111913 0.0141261
2 0.688258 0.18881 0.111933 0.112985 0.0135566
2 0.0667759 0.685127 0.114321 0.113247 0.0122908
3 0.936275 0.437292 0.111436 0.113754 0.0114916
2 0.93649 0.561062 0.113573 0.112612 0.00998315
2 0.935993 0.188951 0.112376 0.11238 0.00854876
4 0.0671942 0.437913 0.112406 0.111691 0.00808547
4 0.0668696 0.808891 0.113774 0.112423 0.00743561
2 0.0665102 0.0645007 0.1141 0.113446 0.00713104
12 0.936025 0.68569 0.111888 0.112586 0.00702264
1 0.439209 0.438068 0.111572 0.113542 0.0068912
5 0.936278 0.809656 0.114087 0.114615 0.00609707
0 0.81206 0.437504 0.112316 0.113253 0.00540994
4 0.688262 0.934096 0.112784 0.113477 0.00516967
2 0.93612 0.934059 0.113268 0.113429 0.00501819
1 0.687654 0.436666 0.111905 0.112644 0.0048974
1 0.936987 0.312705 0.113913 0.114114 0.00468748
3 0.191853 0.934116 0.111054 0.113343 0.00455992
6 0.811574 0.188964 0.111107 0.113025 0.00446406
12 0.936275 0.437292 0.111436 0.113754 0.00436493
1 0.563522 0.312657 0.112345 0.113185 0.00410654
7 0.688439 0.933864 0.114582 0.114133 0.0040598
13 0.0666464 0.436821 0.112326 0.112112 0.00396397
6 0.440078 0.685441 0.111444 0.112307 0.00363412
1 0.316197 0.43754 0.113839 0.113642 0.0036332
0 0.191224 0.312946 0.111404 0.112955 0.00362159
5 0.686815 0.561308 0.114887 0.111974 0.00351295
6 0.812028 0.56135 0.112514 0.112829 0.00345006
6 0.811556 0.685931 0.111795 0.112918 0.00342969
0 0.935816 0.0645341 0.112782 0.113373 0.00342413
6 0.563319 0.933463 0.111362 0.113736 0.00323583
0 0.688072 0.313247 0.111131 0.112176 0.00313521
7 0.191258 0.189081 0.111975 0.112622 0.00306367
1 0.688043 0.809157 0.112577 0.112976 0.00305792
3 0.688607 0.685038 0.11144 0.111935 0.00296685
0 0.191409 0.0645336 0.11139 0.113248 0.00288927
1 0.0676135 0.313229 0.114272 0.113151 0.00286978
1 0.688111 0.561075 0.113297 0.113846 0.00285788
7 0.0675116 0.438024 0.113377 0.112128 0.00278683
7 0.811822 0.313581 0.113071 0.112939 0.00269999
3 0.192189 0.685278 0.111651 0.111991 0.00267441
3 0.438895 0.934143 0.111767 0.113407 0.00267054
1 0.0677126 0.188972 0.113905 0.113133 0.00264331
12 0.687896 0.313522 0.110928 0.11183 0.00263852
1 0.191998 0.188941 0.113006 0.112612 0.00262642
12 0.688084 0.934286 0.113323 0.113385 0.00259559
3 0.688105 0.313502 0.112067 0.113003 0.00258657
1 0.563873 0.189101 0.113152 0.11357 0.00255937
12 0.315328 0.188995 0.112291 0.111743 0.00247878
13 0.687812 0.934332 0.111617 0.11146 0.00245309
3 0.315721 0.560928 0.113001 0.112764 0.00229175
4 0.0668197 0.561181 0.114755 0.112599 0.00223249
1 0.936695 0.809577 0.112738 0.113073 0.00222475
12 0.81166 0.188584 0.111951 0.112901 0.00220674
7 0.315663 0.685127 0.112831 0.112705 0.00217939
12 0.439294 0.189241 0.112599 0.112451 0.0021712
13 0.0670275 0.809757 0.112596 0.11257 0.00202839
4 0.564104 0.0646821 0.111686 0.113703 0.00200636
8 0.688119 0.561285 0.110542 0.113226 0.00197876
13 0.315103 0.685213 0.11217 0.111699 0.0019534
0 0.0670158 0.934181 0.113928 0.114495 0.00189389
7 0.687585 0.809484 0.11192 0.112527 0.0018567
3 0.564066 0.561253 0.111229 0.113586 0.00182128
7 0.066744 0.188142 0.112493 0.112949 0.00182111
13 0.0673244 0.561135 0.112835 0.114202 0.00181444
4 0.563782 0.808974 0.111714 0.113067 0.00180805
7 0.067497 0.809059 0.112857 0.113053 0.0017964
11 0.811597 0.933365 0.110214 0.111569 0.00179505
0 0.191136 0.809191 0.111422 0.113276 0.00178784
12 0.811415 0.313099 0.112012 0.112759 0.00175497
1 0.688223 0.68536 0.112756 0.113219 0.00174414
12 0.564016 0.685669 0.111142 0.113075 0.00173022
1 0.688208 0.0645691 0.110729 0.113256 0.00170775
7 0.81162 0.810112 0.112261 0.113421 0.0017049
4 0.563646 0.684883 0.111829 0.112802 0.0016685
12 0.0673244 0.561135 0.112835 0.114202 0.00164446
3 0.315333 0.809407 0.11379 0.113316 0.00163298
12 0.564066 0.561253 0.111229 0.113586 0.00162823
7 0.936348 0.685249 0.113341 0.112639 0.0015813
3 0.688141 0.0637216 0.110804 0.11276 0.00155513
11 0.19122 0.437256 0.112858 0.112978 0.00155403
12 0.43995 0.809642 0.111818 0.112605 0.00153879
7 0.563319 0.933463 0.111362 0.113736 0.00153467
3 0.439236 0.809395 0.111211 0.112344 0.00152976
1 0.31593 0.933712 0.113203 0.114399 0.00151473
5 0.68838 0.933677 0.113828 0.113316 0.0015096
0 0.935998 0.188613 0.11097 0.111658 0.00149911
11 0.688258 0.18881 0.111933 0.112985 0.00148988
1 0.315635 0.809149 0.113714 0.112829 0.00147962
7 0.811474 0.0649135 0.111682 0.112676 0.00147771
11 0.93593 0.933975 0.111563 0.114241 0.00147657
12 0.1919 0.93354 0.112571 0.113813 0.00147276
5 0.315468 0.93367 0.112698 0.112106 0.00146416
2 0.0668829 0.313301 0.113176 0.113283 0.00146259
3 0.687697 0.561272 0.112563 0.112838 0.00145564
12 0.315746 0.313651 0.112095 0.111621 0.00142134
3 0.439682 0.437839 0.113329 0.113449 0.00141866
6 0.936578 0.313081 0.113771 0.112856 0.00141253
9 0.43987 0.561368 0.111278 0.111701 0.00140248
6 0.439451 0.313014 0.111366 0.111651 0.00138147
0 0.936866 0.561703 0.111928 0.113459 0.00138073
12 0.439982 0.934348 0.112591 0.11215 0.00137713
3 0.56373 0.436844 0.112139 0.112909 0.00136812
12 0.316124 0.68559 0.112469 0.112754 0.00136559
7 0.315078 0.436991 0.112047 0.112612 0.00133585
3 0.439341 0.189301 0.111238 0.111812 0.00133245
3 0.936367 0.809641 0.113026 0.114538 0.0013261
13 0.811474 0.0649135 0.111682 0.112676 0.00127201
0 0.563487 0.561357 0.111584 0.111867 0.0012611
5 0.190866 0.561312 0.111961 0.112101 0.00125975
1 0.811814 0.685789 0.112185 0.112668 0.00125719
5 0.066312 0.313275 0.113349 0.113343 0.00125123
10 0.191157 0.561061 0.111824 0.112145 0.00124918
0 0.687596 0.188978 0.110977 0.112192 0.00124774
0 0.813103 0.561722 0.108772 0.112039 0.00123674
2 0.811556 0.685931 0.111795 0.112918 0.00122427
7 0.0661284 0.312822 0.113195 0.11369 0.00121818
4 0.811556 0.685931 0.111795 0.112918 0.0012114
1 0.439367 0.312948 0.111294 0.111958 0.00120944
7 0.811598 0.5621 0.11158 0.113095 0.00120783
11 0.936293 0.56136 0.110925 0.114011 0.00120025
8 0.688072 0.313247 0.111131 0.112176 0.00119167
2 0.0668219 0.188992 0.113385 0.113074 0.00118688
2 0.688058 0.809802 0.113168 0.113551 0.00116477
3 0.31548 0.934054 0.113848 0.114213 0.00115637
12 0.439451 0.313014 0.111366 0.111651 0.00115263
4 0.315779 0.189113 0.112425 0.113086 0.00114501
5 0.315293 0.80939 0.112512 0.112036 0.00113286
10 0.813 0.809301 0.111808 0.112634 0.00113202
4 0.439451 0.313014 0.111366 0.111651 0.00112988
4 0.191348 0.808993 0.111406 0.111914 0.00112701
6 0.81162 0.810112 0.112261 0.113421 0.00112268
3 0.81162 0.810112 0.112261 0.113421 0.00111384
7 0.935823 0.31287 0.111075 0.111782 0.00110837
0 0.0666585 0.0650772 0.112689 0.112714 0.00109862
5 0.687849 0.809726 0.112728 0.112892 0.00108119
12 0.811556 0.685931 0.111795 0.112918 0.00107705
11 0.935993 0.188951 0.112376 0.11238 0.00107375
1 0.811739 0.188918 0.112569 0.113281 0.00107299
2 0.936987 0.312705 0.113913 0.114114 0.00104401
5 0.315547 0.685274 0.112305 0.112076 0.0010429
10 0.439779 0.561149 0.111845 0.112087 0.0010426
2 0.191311 0.188873 0.112329 0.112966 0.00104148
9 0.812083 0.685579 0.111975 0.114019 0.00103254
9 0.811581 0.93368 0.110607 0.112938 0.00103154
4 0.811574 0.188964 0.111107 0.113025 0.00102638
6 0.191258 0.189081 0.111975 0.112622 0.00101841
7 0.688183 0.68523 0.11404 0.113148 0.00101728
11 0.0672862 0.685095 0.11238 0.114327 0.00101568
5 0.0669383 0.809218 0.112166 0.112031 0.00100449
