3 0.563818 0.809265 0.112937 0.112215 0.987393
11 0.56383 0.933653 0.111638 0.113193 0.986547
9 0.191915 0.809311 0.111437 0.112653 0.986348
2 0.315253 0.685305 0.112707 0.112339 0.986314
12 0.315817 0.809459 0.110788 0.111755 0.985732
9 0.190903 0.0648018 0.110924 0.111008 0.985069
12 0.316141 0.933519 0.110137 0.112513 0.985069
12 0.191748 0.685242 0.111102 0.111635 0.984725
10 0.439967 0.933879 0.112252 0.113375 0.984676
7 0.439769 0.809539 0.111603 0.112342 0.984611
9 0.0676034 0.809465 0.113351 0.113345 0.984611
12 0.688653 0.933656 0.111903 0.113049 0.984185
5 0.93612 0.685068 0.11297 0.112967 0.983821
9 0.315699 0.188706 0.112134 0.112031 0.983736
6 0.0668223 0.685517 0.111905 0.11128 0.983342
7 0.936692 0.80981 0.111869 0.111099 0.983319
3 0.19174 0.437585 0.111073 0.111829 0.983093
1 0.812502 0.933393 0.112087 0.112959 0.98285
4 0.191635 0.561403 0.112041 0.111185 0.982689
10 0.315912 0.0643248 0.11199 0.112338 0.982674
10 0.19191 0.188822 0.112354 0.111812 0.982477
13 0.315749 0.4373 0.111738 0.110533 0.982415
6 0.687616 0.809434 0.111291 0.112286 0.982341
10 0.0677409 0.313209 0.113216 0.111748 0.981939
7 0.43973 0.188993 0.114237 0.113382 0.981698
1 0.0671879 0.437575 0.112836 0.112763 0.981694
2 0.0666541 0.0651347 0.112888 0.113346 0.981663
11 0.0667956 0.189108 0.112969 0.111918 0.981635
4 0.439508 0.437076 0.113268 0.113348 0.981498
12 0.315573 0.561514 0.112528 0.111692 0.981428
12 0.439853 0.68518 0.11145 0.111886 0.981381
2 0.191441 0.933961 0.113777 0.11328 0.981242
1 0.191013 0.31323 0.111636 0.112061 0.981109
12 0.936806 0.933458 0.111737 0.11265 0.98083
2 0.067275 0.561787 0.112858 0.113275 0.980711
5 0.81219 0.0651509 0.11208 0.112825 0.980342
8 0.315313 0.313628 0.112962 0.112337 0.98029
1 0.43951 0.0650059 0.111799 0.112959 0.98022
7 0.0671515 0.933767 0.113384 0.112128 0.980107
13 0.812441 0.809578 0.112816 0.112971 0.980006
6 0.564333 0.313115 0.113068 0.112765 0.979526
8 0.936106 0.0649381 0.113855 0.113442 0.979489
4 0.687948 0.0650214 0.111903 0.113054 0.979384
6 0.688578 0.685649 0.112993 0.111946 0.979231
6 0.56415 0.06438 0.112579 0.113188 0.979197
13 0.564139 0.685674 0.112149 0.11237 0.979139
6 0.812781 0.685564 0.112721 0.11208 0.97911
5 0.563726 0.437651 0.112392 0.112603 0.978935
4 0.688044 0.312832 0.112637 0.112954 0.978919
2 0.56413 0.561266 0.113083 0.113492 0.978737
13 0.812201 0.56174 0.112867 0.112927 0.9787
1 0.812285 0.437009 0.113142 0.112875 0.97863
7 0.563814 0.189052 0.111859 0.113266 0.978626
1 0.439156 0.313315 0.11282 0.113262 0.978409
2 0.687469 0.189061 0.111716 0.111923 0.978347
8 0.439586 0.561132 0.112449 0.112209 0.978281
7 0.68793 0.561622 0.112252 0.112167 0.978181
12 0.936289 0.3129 0.112902 0.112296 0.977961
0 0.811868 0.312986 0.11259 0.11284 0.97787
10 0.936766 0.561168 0.112984 0.113231 0.977862
3 0.936516 0.437017 0.112251 0.112722 0.977777
0 0.936034 0.188608 0.113227 0.112523 0.977651
8 0.688128 0.437865 0.111042 0.111584 0.977378
8 0.812103 0.189519 0.11283 0.113168 0.977116
2 0.81271 0.188923 0.112354 0.112525 0.00759998
12 0.811557 0.810372 0.112219 0.112703 0.00714305
1 0.812097 0.31264 0.112465 0.113457 0.00691526
5 0.067338 0.189034 0.113121 0.112155 0.00638113
4 0.811686 0.685785 0.112902 0.11203 0.00547857
7 0.811725 0.685521 0.11122 0.113131 0.00538045
10 0.936534 0.93359 0.11082 0.112275 0.00526113
2 0.439725 0.561161 0.112872 0.112434 0.00485238
1 0.687935 0.313595 0.11205 0.112984 0.00479992
3 0.56403 0.0640103 0.112347 0.113944 0.00439696
6 0.315878 0.933859 0.11163 0.113092 0.00434014
3 0.6881 0.685517 0.112464 0.111648 0.00426882
1 0.191359 0.561486 0.111866 0.111533 0.00417491
1 0.687948 0.0650214 0.111903 0.113054 0.00407861
1 0.439944 0.437381 0.112984 0.112974 0.00383337
11 0.811554 0.0652238 0.111807 0.11206 0.00381504
2 0.935914 0.0651435 0.112556 0.112933 0.00376493
0 0.812456 0.436375 0.112784 0.112218 0.00365332
0 0.812721 0.933705 0.111178 0.111406 0.00355879
3 0.564328 0.312788 0.112228 0.113065 0.00353555
12 0.811447 0.562055 0.110735 0.11195 0.00351991
3 0.0667699 0.5614 0.115777 0.112788 0.0034394
3 0.687799 0.809774 0.112058 0.112192 0.0031788
3 0.812113 0.685428 0.112306 0.111416 0.00317077
12 0.563772 0.685661 0.111458 0.11204 0.00315974
3 0.56408 0.561534 0.112897 0.112948 0.00302907
11 0.564038 0.68533 0.111102 0.112004 0.00290197
0 0.687592 0.438137 0.110764 0.112383 0.00283181
4 0.564098 0.437903 0.111232 0.113071 0.00282562
3 0.687725 0.189733 0.112692 0.113016 0.00279353
12 0.936004 0.810071 0.112839 0.113887 0.00273662
2 0.688305 0.436909 0.112141 0.113507 0.0026301
3 0.0665959 0.685183 0.112723 0.111233 0.00255496
6 0.936002 0.809876 0.112119 0.113549 0.00253648
5 0.564369 0.93384 0.112122 0.113182 0.0024366
7 0.688281 0.809374 0.11293 0.11392 0.00242665
10 0.935888 0.685185 0.111549 0.112385 0.00234984
7 0.688374 0.685412 0.112981 0.113362 0.00229171
11 0.0668227 0.313111 0.112684 0.111636 0.00225961
10 0.688237 0.933583 0.111314 0.112264 0.00223134
1 0.56397 0.561429 0.112614 0.113509 0.00219287
7 0.936055 0.312892 0.111795 0.113436 0.00216321
3 0.564098 0.437903 0.111232 0.113071 0.00215863
0 0.439413 0.0642565 0.111695 0.113868 0.00212615
2 0.813194 0.93277 0.1118 0.113513 0.00212595
5 0.686849 0.189458 0.113639 0.112116 0.00212423
1 0.688106 0.189006 0.114061 0.113696 0.00210524
8 0.688111 0.189162 0.112512 0.113547 0.00208393
12 0.315893 0.437883 0.108234 0.113278 0.00206276
12 0.686744 0.561999 0.110738 0.112616 0.0020362
9 0.687968 0.437793 0.113275 0.112064 0.00198613
11 0.687962 0.438274 0.113 0.113145 0.0019517
9 0.812098 0.189606 0.112848 0.111933 0.00193229
7 0.936121 0.933319 0.111354 0.114519 0.00191337
6 0.315823 0.561263 0.111275 0.112046 0.00181429
8 0.564104 0.933449 0.110229 0.113264 0.0018079
11 0.811677 0.188691 0.11092 0.112948 0.00177174
2 0.315493 0.313212 0.113239 0.112565 0.0017377
11 0.439784 0.561215 0.111384 0.113248 0.00171501
9 0.936083 0.437459 0.110924 0.111672 0.00169129
6 0.686789 0.562066 0.114098 0.113101 0.00167402
4 0.439987 0.809235 0.111864 0.112818 0.00162293
0 0.93609 0.0648376 0.11125 0.111987 0.00161494
4 0.440043 0.933421 0.113303 0.11415 0.00161462
5 0.0674106 0.560995 0.113647 0.116451 0.00159076
0 0.813032 0.189389 0.112055 0.114262 0.00158672
7 0.0668223 0.685517 0.111905 0.11128 0.00157646
0 0.0665112 0.436408 0.114198 0.112312 0.00156807
4 0.0665701 0.93406 0.113994 0.113875 0.00156373
11 0.315911 0.437782 0.11138 0.112157 0.00154308
8 0.191712 0.934103 0.112625 0.113494 0.00154146
7 0.0675877 0.31347 0.112919 0.113108 0.00152179
0 0.315625 0.18915 0.111444 0.112129 0.00151234
10 0.564104 0.933449 0.110229 0.113264 0.00149762
13 0.936065 0.933498 0.112434 0.114376 0.00149261
1 0.563912 0.809364 0.111957 0.112147 0.00144678
1 0.315656 0.684855 0.113289 0.112557 0.00144155
5 0.936145 0.561641 0.111743 0.112153 0.00144111
13 0.440224 0.933943 0.11237 0.111939 0.00141445
0 0.439398 0.313623 0.111506 0.113092 0.00140296
7 0.688225 0.0645394 0.111214 0.113464 0.00137948
12 0.936166 0.43772 0.110943 0.112161 0.00136802
13 0.0667956 0.189108 0.112969 0.111918 0.00135483
10 0.812423 0.809375 0.112535 0.112669 0.00134686
3 0.0662183 0.0650968 0.114756 0.112708 0.00134187
4 0.936083 0.313345 0.112832 0.111339 0.00134108
9 0.688513 0.932888 0.113782 0.112263 0.00133229
4 0.192046 0.437697 0.111474 0.111837 0.00132362
4 0.936635 0.809414 0.112433 0.112755 0.00132318
9 0.936117 0.189096 0.112666 0.113435 0.0013192
4 0.439487 0.313671 0.112528 0.113039 0.00130379
10 0.0665887 0.189131 0.113415 0.111509 0.00129168
13 0.936446 0.56131 0.111741 0.111215 0.00128074
1 0.0673437 0.561269 0.113164 0.113263 0.00127206
7 0.564066 0.313038 0.112081 0.112627 0.00126819
9 0.191373 0.436649 0.110754 0.112031 0.00126481
6 0.439696 0.437742 0.111372 0.112001 0.00126421
0 0.31568 0.313927 0.111344 0.112214 0.0012523
0 0.19131 0.0648439 0.11154 0.111521 0.00125037
0 0.191101 0.313243 0.110947 0.112755 0.00124423
3 0.315786 0.561105 0.112231 0.112416 0.00123624
12 0.936445 0.561328 0.1136 0.112121 0.00122483
8 0.0669427 0.561414 0.113166 0.11323 0.00121499
7 0.811695 0.809806 0.112098 0.114171 0.00119746
7 0.688286 0.312883 0.112286 0.112948 0.00119429
7 0.440043 0.933421 0.113303 0.11415 0.00117775
10 0.936782 0.313125 0.111381 0.112114 0.00117182
2 0.191359 0.561486 0.111866 0.111533 0.00116575
10 0.811527 0.0647493 0.111861 0.112512 0.0011605
12 0.315624 0.0645803 0.112644 0.112808 0.00115897
3 0.191441 0.933961 0.113777 0.11328 0.00115346
3 0.813087 0.0649783 0.112662 0.113765 0.00113034
10 0.439668 0.189055 0.113326 0.112695 0.00112218
12 0.440384 0.934059 0.113034 0.113825 0.00111533
2 0.0670861 0.809147 0.11241 0.112307 0.00111473
4 0.191149 0.313576 0.112121 0.113175 0.00111259
2 0.191859 0.809332 0.111598 0.111772 0.00110261
7 0.439944 0.437381 0.112984 0.112974 0.0010922
6 0.936478 0.438007 0.111292 0.113337 0.00108932
3 0.688513 0.932888 0.113782 0.112263 0.00108076
2 0.687935 0.313595 0.11205 0.112984 0.00107492
6 0.688112 0.31334 0.112719 0.112004 0.00107112
8 0.0666541 0.0651347 0.112888 0.113346 0.00106997
12 0.315744 0.18911 0.111226 0.111785 0.00106595
6 0.191739 0.437968 0.112802 0.112089 0.00106483
9 0.936311 0.933607 0.111676 0.110815 0.00104564
11 0.936106 0.0649381 0.113855 0.113442 0.00103618
2 0.811565 0.065029 0.112642 0.112856 0.00103183
11 0.563215 0.436692 0.111331 0.109707 0.00103022
3 0.936065 0.933498 0.112434 0.114376 0.00102335
12 0.191553 0.437348 0.111243 0.111973 0.00101951
1 0.0670253 0.0647838 0.113106 0.113419 0.00101795
3 0.316585 0.93386 0.112301 0.111033 0.00101721
11 0.935908 0.685172 0.112059 0.112011 0.00100856
8 0.191359 0.0648013 0.11122 0.110707 0.0010081
7 0.315141 0.0647712 0.11235 0.112748 0.00100702
5 0.191435 0.56116 0.111265 0.110877 0.00100342
