9 0.314764 0.064736 0.111602 0.112201 0.986702
8 0.563681 0.809894 0.112109 0.112656 0.986401
2 0.439068 0.0652489 0.111721 0.112652 0.986254
8 0.563204 0.934217 0.112259 0.112588 0.98612
5 0.316015 0.934059 0.112262 0.114402 0.98602
9 0.93632 0.809916 0.11236 0.110836 0.985901
6 0.935783 0.933715 0.112591 0.112169 0.9851
13 0.439875 0.93406 0.112076 0.11332 0.984714
9 0.56377 0.0647834 0.111377 0.112788 0.984538
9 0.315672 0.56158 0.111553 0.112517 0.984362
9 0.190859 0.0648137 0.111579 0.11158 0.984287
13 0.688043 0.933879 0.112138 0.113635 0.984207
5 0.0671352 0.561354 0.112709 0.113118 0.983918
2 0.191297 0.933818 0.113329 0.113515 0.983334
1 0.315794 0.685567 0.112001 0.1125 0.983256
6 0.439716 0.80952 0.11142 0.111871 0.983106
1 0.0673459 0.685536 0.112254 0.112077 0.983033
7 0.315101 0.313311 0.113381 0.112764 0.982863
11 0.439516 0.685246 0.111133 0.111889 0.982591
9 0.439409 0.189127 0.112342 0.112659 0.982389
5 0.191507 0.313625 0.111634 0.112369 0.982357
4 0.0668626 0.313463 0.113093 0.112362 0.982346
5 0.0670561 0.189569 0.11198 0.112208 0.982287
11 0.315229 0.436722 0.113076 0.113009 0.982205
12 0.191294 0.437333 0.111712 0.112437 0.981884
8 0.191075 0.189498 0.112424 0.112636 0.981877
7 0.191473 0.685432 0.112742 0.111372 0.981717
1 0.066948 0.437244 0.11256 0.113159 0.981663
5 0.687643 0.0654205 0.111168 0.113094 0.981594
2 0.191237 0.561199 0.111999 0.111633 0.980872
5 0.936053 0.68529 0.112462 0.112741 0.980855
0 0.315432 0.809351 0.111313 0.111613 0.980533
8 0.935992 0.0653224 0.113301 0.112734 0.980482
10 0.687882 0.809556 0.111316 0.111507 0.98016
8 0.0668329 0.934236 0.114245 0.114398 0.980085
7 0.81207 0.0648191 0.113553 0.112634 0.980008
1 0.314536 0.188679 0.113271 0.112012 0.979904
8 0.191529 0.809663 0.112344 0.112311 0.979738
9 0.439643 0.561515 0.111885 0.113412 0.979708
12 0.812547 0.933402 0.111469 0.112717 0.979613
4 0.563758 0.436963 0.112897 0.113517 0.979602
6 0.439894 0.312995 0.113169 0.112632 0.97957
6 0.0665087 0.0641436 0.112826 0.112903 0.979493
1 0.687627 0.561396 0.113151 0.113222 0.979337
3 0.563373 0.561887 0.111597 0.112285 0.979287
1 0.811967 0.436992 0.113694 0.113418 0.979155
0 0.439088 0.437555 0.111545 0.111798 0.979106
13 0.56384 0.686061 0.112329 0.112385 0.97908
1 0.563247 0.188966 0.112243 0.113268 0.97905
0 0.0674519 0.809318 0.112127 0.113146 0.978686
12 0.812346 0.809791 0.11296 0.112832 0.978636
0 0.687567 0.188927 0.111822 0.11235 0.978633
4 0.812438 0.312707 0.113582 0.113011 0.978603
11 0.811907 0.188544 0.112234 0.113491 0.9786
13 0.68763 0.437307 0.112829 0.113116 0.978559
2 0.56355 0.313078 0.111856 0.113809 0.978463
10 0.936325 0.188634 0.11326 0.11385 0.978188
12 0.687704 0.685559 0.111594 0.111641 0.97817
12 0.936487 0.312873 0.112729 0.111717 0.978109
7 0.687877 0.312989 0.112089 0.112707 0.978057
12 0.936435 0.56155 0.113007 0.112573 0.977852
2 0.812254 0.561761 0.112523 0.113752 0.977628
7 0.936533 0.436981 0.113099 0.113283 0.977565
8 0.811968 0.685613 0.112207 0.112142 0.976779
12 0.43971 0.93425 0.111008 0.111172 0.010272
2 0.812264 0.685931 0.111642 0.112975 0.00922172
1 0.0667234 0.809128 0.113289 0.112966 0.00830629
2 0.935766 0.0655254 0.111999 0.112451 0.00716176
4 0.688183 0.809213 0.112164 0.112421 0.00690327
12 0.687977 0.934152 0.111344 0.111576 0.0060244
12 0.687826 0.437967 0.112996 0.110622 0.00565515
10 0.812658 0.933466 0.110903 0.112791 0.00467593
1 0.5641 0.437053 0.112294 0.112902 0.00465459
5 0.688183 0.809213 0.112164 0.112421 0.00435251
11 0.439991 0.933851 0.110971 0.113127 0.00426659
11 0.687609 0.93377 0.11203 0.113745 0.00394049
1 0.066581 0.31335 0.111562 0.111658 0.00388734
3 0.439505 0.31256 0.111249 0.112375 0.00387437
8 0.439958 0.685462 0.11084 0.111971 0.00379645
1 0.812143 0.312974 0.113442 0.11332 0.00374487
4 0.440064 0.809758 0.111907 0.112221 0.00361386
3 0.440044 0.809701 0.111936 0.112305 0.00357216
12 0.563519 0.686016 0.110982 0.111526 0.00341454
2 0.564045 0.810231 0.111715 0.113245 0.00330465
12 0.811451 0.06515 0.111765 0.112907 0.00323372
0 0.563418 0.188442 0.112235 0.113628 0.00317849
0 0.81211 0.437301 0.112333 0.113577 0.00313541
11 0.563817 0.685679 0.111548 0.112062 0.00303489
3 0.0663413 0.0640767 0.111654 0.111907 0.00283795
5 0.811437 0.561773 0.113381 0.111773 0.00279961
0 0.687805 0.560745 0.112865 0.11294 0.00275926
7 0.936146 0.561586 0.111352 0.113775 0.00265051
7 0.811701 0.933558 0.111419 0.112023 0.00258894
7 0.935947 0.933571 0.112065 0.113342 0.00255295
7 0.811565 0.810356 0.112389 0.113284 0.00253904
2 0.191307 0.189061 0.112187 0.111767 0.0025352
10 0.935727 0.685434 0.111609 0.112279 0.00251575
6 0.686816 0.313502 0.113763 0.112771 0.00249666
3 0.936803 0.561266 0.110421 0.11298 0.00248181
7 0.936286 0.31302 0.111574 0.113384 0.00242839
2 0.19171 0.80971 0.112008 0.111994 0.00234047
4 0.935933 0.933513 0.11298 0.11288 0.002324
5 0.935718 0.188954 0.114307 0.11343 0.00231304
12 0.686782 0.313328 0.110264 0.112955 0.00228248
7 0.688228 0.809487 0.112078 0.113482 0.00227711
11 0.6868 0.0650356 0.11043 0.110493 0.00225845
1 0.563384 0.313557 0.111581 0.11206 0.00225573
10 0.811474 0.188859 0.111376 0.113211 0.0022054
1 0.439282 0.436733 0.112176 0.113173 0.00216844
1 0.315449 0.809476 0.111534 0.112651 0.00214908
5 0.191363 0.561108 0.111543 0.111325 0.00211917
10 0.315209 0.313491 0.113411 0.112736 0.00208185
3 0.935783 0.933715 0.112591 0.112169 0.00207662
5 0.811681 0.188818 0.112992 0.114028 0.00207499
11 0.811597 0.685722 0.110966 0.111563 0.0020456
6 0.936041 0.436697 0.113318 0.113406 0.00202179
11 0.564209 0.810158 0.111758 0.113272 0.00200363
13 0.936085 0.188754 0.111973 0.111436 0.00199644
3 0.813115 0.932501 0.111791 0.111674 0.00194765
11 0.687823 0.437557 0.113187 0.112479 0.00193778
0 0.0665363 0.436178 0.11409 0.112829 0.00190335
7 0.688026 0.436556 0.111413 0.112537 0.00190256
7 0.066581 0.31335 0.111562 0.111658 0.00189733
11 0.564397 0.934464 0.112669 0.112959 0.00186783
6 0.811401 0.0650308 0.112536 0.112428 0.00186315
2 0.688052 0.56139 0.11263 0.113182 0.0018614
3 0.563733 0.313834 0.112283 0.112904 0.00185892
0 0.314789 0.189009 0.111745 0.113041 0.00184698
4 0.191146 0.313505 0.111211 0.112689 0.00182397
12 0.93613 0.437034 0.112941 0.113714 0.00182219
10 0.439477 0.933969 0.111407 0.111216 0.0018155
1 0.687641 0.189101 0.112067 0.112529 0.0018135
6 0.811701 0.933558 0.111419 0.112023 0.00181197
4 0.439912 0.313267 0.111363 0.111444 0.00178939
2 0.563435 0.933609 0.111573 0.11214 0.00178612
8 0.315378 0.437302 0.112324 0.112834 0.00177779
3 0.191306 0.561364 0.113381 0.112454 0.00174429
10 0.812737 0.809306 0.111709 0.111995 0.00173188
2 0.0667306 0.933931 0.11409 0.113507 0.00169671
2 0.688205 0.0649637 0.112397 0.112433 0.00168718
2 0.066581 0.31335 0.111562 0.111658 0.00168603
0 0.0671371 0.685457 0.112746 0.112741 0.00167385
1 0.812442 0.561523 0.112813 0.113276 0.00166541
8 0.811388 0.188677 0.111497 0.112278 0.00165691
10 0.688205 0.0649637 0.112397 0.112433 0.00157893
1 0.43958 0.0647277 0.112172 0.113595 0.00157019
11 0.191527 0.188966 0.11176 0.112 0.00156837
11 0.687831 0.809693 0.111667 0.111463 0.00156602
10 0.191131 0.313167 0.111327 0.111677 0.00154152
8 0.936017 0.810345 0.11053 0.112868 0.00151872
10 0.315697 0.93404 0.112203 0.112649 0.00151309
10 0.687907 0.313294 0.113189 0.112643 0.00149103
10 0.936715 0.561353 0.11132 0.111742 0.00148912
5 0.0663096 0.313343 0.112153 0.112344 0.00148413
3 0.688205 0.0649637 0.112397 0.112433 0.00145303
4 0.811846 0.81006 0.112728 0.11206 0.00145191
7 0.688227 0.685449 0.112446 0.112594 0.00144903
6 0.688214 0.685469 0.112197 0.112614 0.00144829
4 0.811896 0.933703 0.112503 0.112435 0.00144291
12 0.935718 0.188954 0.114307 0.11343 0.0014413
4 0.687904 0.313257 0.111852 0.112445 0.00143745
7 0.439716 0.80952 0.11142 0.111871 0.00140672
8 0.191546 0.933947 0.111803 0.113617 0.00140288
4 0.314837 0.188419 0.112394 0.113027 0.00139242
10 0.687609 0.93377 0.11203 0.113745 0.00137036
4 0.191573 0.685501 0.111506 0.112294 0.00135346
1 0.563459 0.562008 0.111969 0.112217 0.00134786
6 0.812389 0.809688 0.11161 0.112267 0.00134131
11 0.191976 0.809665 0.111826 0.112306 0.00132068
0 0.315635 0.685575 0.112165 0.113085 0.0013101
10 0.687601 0.43769 0.112427 0.112773 0.00129611
3 0.190975 0.43664 0.110905 0.111997 0.00129058
6 0.812191 0.313232 0.113532 0.112109 0.00127462
1 0.0663413 0.0640767 0.111654 0.111907 0.00127034
10 0.315347 0.436515 0.111961 0.112361 0.00126183
2 0.936481 0.809806 0.11083 0.111403 0.00125218
9 0.563922 0.561331 0.111514 0.112492 0.00125091
3 0.812336 0.810185 0.113624 0.112917 0.00124656
3 0.191297 0.933818 0.113329 0.113515 0.00124396
0 0.439551 0.189301 0.112421 0.111964 0.00123253
3 0.811821 0.561742 0.112118 0.112191 0.00122699
10 0.0664491 0.189026 0.112215 0.112942 0.001219
8 0.191256 0.0648276 0.112203 0.112397 0.00121533
1 0.191358 0.560944 0.112529 0.112649 0.00121345
3 0.936286 0.31302 0.111574 0.113384 0.00121084
9 0.81133 0.189151 0.111975 0.112461 0.0012102
8 0.43967 0.189266 0.112132 0.111688 0.0011864
0 0.191188 0.0648708 0.112631 0.112961 0.00118398
12 0.936043 0.810435 0.110745 0.112828 0.00118016
0 0.31527 0.0648179 0.112692 0.112873 0.00117948
10 0.936711 0.312997 0.111378 0.11149 0.00117936
12 0.440073 0.561211 0.111558 0.112978 0.00116439
5 0.440211 0.685423 0.111777 0.111914 0.00116024
3 0.688239 0.685099 0.111717 0.112519 0.00115471
4 0.93613 0.437034 0.112941 0.113714 0.00114259
0 0.440073 0.561211 0.111558 0.112978 0.00114019
8 0.811552 0.561634 0.111757 0.1128 0.00112905
4 0.315794 0.685567 0.112001 0.1125 0.00111161
4 0.563552 0.189209 0.112328 0.113375 0.00109979
4 0.688205 0.0649637 0.112397 0.112433 0.00109899
7 0.439587 0.312798 0.111942 0.112238 0.00109525
13 0.811565 0.810356 0.112389 0.113284 0.0010857
7 0.812191 0.313232 0.113532 0.112109 0.00107452
6 0.190281 0.438151 0.113565 0.111551 0.00107091
2 0.812113 0.313417 0.113272 0.11336 0.00106358
10 0.439958 0.685462 0.11084 0.111971 0.00105037
0 0.936112 0.0651595 0.111691 0.111693 0.00104919
9 0.56408 0.809358 0.111144 0.111938 0.00104375
8 0.315351 0.0647736 0.112505 0.112513 0.00102991
12 0.315919 0.561161 0.111149 0.112773 0.00102747
4 0.315067 0.313444 0.113048 0.112659 0.00101806
4 0.687805 0.560745 0.112865 0.11294 0.00101613
