9 0.439509 0.934176 0.112469 0.113991 0.988584
6 0.935351 0.933718 0.114209 0.113333 0.986739
5 0.316101 0.809456 0.110562 0.112331 0.98647
13 0.439341 0.809566 0.111854 0.113326 0.986266
5 0.192032 0.809521 0.110259 0.112115 0.98595
3 0.31501 0.0651221 0.112923 0.113413 0.985894
12 0.935746 0.809743 0.113462 0.112539 0.985614
7 0.563665 0.934135 0.111358 0.113717 0.985481
6 0.81161 0.809865 0.113191 0.112841 0.985474
10 0.191749 0.685433 0.11216 0.112071 0.985342
10 0.563815 0.809593 0.11192 0.113236 0.985211
9 0.935251 0.0653289 0.113704 0.113809 0.984682
7 0.191483 0.933893 0.111748 0.112793 0.984633
6 0.439475 0.0648093 0.111508 0.11319 0.984614
9 0.315582 0.189027 0.111498 0.112546 0.983943
6 0.439285 0.685186 0.111881 0.112693 0.983477
4 0.315293 0.561324 0.112283 0.111796 0.983434
13 0.191473 0.189146 0.113092 0.113583 0.983373
7 0.0671714 0.0654239 0.113414 0.113592 0.983302
2 0.315162 0.934223 0.112278 0.113138 0.983263
3 0.563088 0.685588 0.11282 0.113449 0.983085
5 0.563489 0.0648851 0.111495 0.112838 0.983024
11 0.0668388 0.313104 0.112689 0.112575 0.982957
7 0.191068 0.561067 0.112679 0.11177 0.982897
3 0.315265 0.437734 0.111665 0.113429 0.982801
6 0.0673958 0.561538 0.112348 0.112001 0.982179
2 0.191364 0.0648978 0.110955 0.112109 0.981929
12 0.19119 0.437185 0.111373 0.111702 0.981637
5 0.935871 0.685543 0.112407 0.112499 0.981634
13 0.0672933 0.933984 0.113662 0.114172 0.981627
6 0.0673498 0.437397 0.112493 0.112031 0.981459
12 0.315326 0.313068 0.112006 0.112114 0.981391
11 0.687104 0.809903 0.110768 0.112791 0.981355
2 0.81119 0.934102 0.112139 0.112676 0.981224
0 0.687492 0.933589 0.112161 0.112696 0.981026
5 0.439212 0.188929 0.112306 0.113104 0.981022
1 0.0668954 0.189517 0.112345 0.112582 0.980831
5 0.439052 0.313205 0.111984 0.113086 0.980268
4 0.563651 0.312825 0.112307 0.112934 0.980012
5 0.440221 0.561319 0.110814 0.112044 0.979968
12 0.564079 0.436749 0.111829 0.113421 0.979494
9 0.439758 0.437099 0.111424 0.111487 0.979452
2 0.687866 0.0649488 0.110953 0.113176 0.979448
1 0.687676 0.313018 0.112347 0.112849 0.979418
13 0.811909 0.437192 0.112575 0.112907 0.979416
9 0.811795 0.685578 0.112348 0.112608 0.979195
6 0.68794 0.188644 0.11234 0.112478 0.97909
11 0.687835 0.68502 0.112007 0.113661 0.979057
9 0.811768 0.188689 0.111852 0.112651 0.97899
10 0.811916 0.064447 0.112275 0.113613 0.978947
0 0.687721 0.437051 0.111687 0.113128 0.978666
0 0.563519 0.561168 0.111794 0.113344 0.978553
8 0.191157 0.313175 0.11146 0.111878 0.97852
2 0.563476 0.188904 0.111752 0.112132 0.978437
2 0.687969 0.560967 0.112682 0.113124 0.978324
7 0.812186 0.3131 0.11278 0.113055 0.978277
3 0.936433 0.561607 0.111735 0.11214 0.977917
6 0.936384 0.188747 0.113446 0.112042 0.977691
7 0.936499 0.31304 0.113018 0.11304 0.977683
8 0.0672841 0.685379 0.111922 0.112275 0.976657
8 0.81164 0.561416 0.110798 0.11134 0.976465
8 0.067472 0.809507 0.111681 0.111926 0.976366
8 0.93619 0.436824 0.112742 0.11325 0.976352
8 0.315134 0.685117 0.111927 0.11123 0.976177
2 0.315429 0.685465 0.112278 0.112476 0.011436
2 0.936255 0.43662 0.111331 0.112717 0.0107964
2 0.0670037 0.68556 0.113635 0.112681 0.00996901
2 0.19122 0.313207 0.111622 0.112928 0.00907004
2 0.811925 0.561241 0.111059 0.112332 0.00874822
2 0.0670799 0.809456 0.113483 0.112873 0.00747807
6 0.563772 0.437346 0.112419 0.112777 0.00583234
6 0.315502 0.31365 0.11217 0.113239 0.00550572
12 0.811551 0.31323 0.112884 0.114514 0.0053035
6 0.191236 0.437468 0.111342 0.112414 0.00459008
1 0.563707 0.560844 0.112304 0.112936 0.00436124
11 0.0673691 0.809677 0.113252 0.112381 0.00416545
8 0.688041 0.809328 0.110607 0.113645 0.00355474
10 0.0681503 0.313145 0.112633 0.112736 0.00346824
3 0.811805 0.809232 0.111876 0.112795 0.0034586
5 0.687814 0.685478 0.11152 0.112037 0.00345421
1 0.315339 0.561301 0.113023 0.112687 0.00331262
12 0.811838 0.189059 0.11187 0.11193 0.00328961
11 0.0671777 0.685626 0.112828 0.112069 0.00322205
3 0.936386 0.188889 0.113521 0.11371 0.0031929
1 0.687827 0.436577 0.112089 0.112618 0.00318611
8 0.811454 0.933256 0.112447 0.113431 0.00316996
10 0.563634 0.31325 0.110619 0.113688 0.00316505
6 0.811502 0.313168 0.114155 0.113402 0.00313815
11 0.315477 0.685528 0.112239 0.112073 0.00312261
8 0.688115 0.0646954 0.110003 0.113114 0.00312124
0 0.68795 0.312414 0.112177 0.112639 0.00310722
13 0.19127 0.685258 0.111772 0.111873 0.00309868
3 0.935222 0.933763 0.113006 0.113498 0.00298346
1 0.563658 0.312819 0.112421 0.112968 0.00295607
9 0.68783 0.68534 0.111694 0.112462 0.00292276
12 0.936179 0.31313 0.11376 0.114799 0.00283435
12 0.439647 0.436733 0.110868 0.112081 0.00282558
12 0.811508 0.685824 0.110773 0.112717 0.00277202
6 0.936513 0.809614 0.112282 0.113141 0.00275609
8 0.688133 0.5611 0.111044 0.112847 0.00274299
12 0.936176 0.561713 0.111767 0.113179 0.00272728
11 0.066905 0.93359 0.112652 0.113334 0.00271881
3 0.811777 0.685577 0.112326 0.113686 0.00271285
5 0.687301 0.809973 0.110893 0.111889 0.00268406
4 0.811702 0.0648428 0.111698 0.113457 0.00263549
4 0.191749 0.685433 0.11216 0.112071 0.00261329
10 0.687633 0.809217 0.111461 0.113481 0.00259676
1 0.688103 0.0644258 0.111897 0.113108 0.00254507
3 0.687782 0.189097 0.111803 0.113289 0.00250918
1 0.0671646 0.436783 0.109844 0.110923 0.00250437
12 0.936039 0.0648126 0.113337 0.112537 0.00246543
12 0.315325 0.18923 0.112404 0.112479 0.00239597
1 0.811278 0.809887 0.111169 0.112909 0.0023806
3 0.439717 0.685267 0.111207 0.111704 0.00235267
10 0.687875 0.685178 0.111459 0.112303 0.00230953
8 0.688127 0.684558 0.111513 0.113807 0.00225832
6 0.936092 0.313018 0.113697 0.113578 0.00225011
4 0.563478 0.933759 0.111593 0.113319 0.00224021
1 0.687492 0.933589 0.112161 0.112696 0.00219007
11 0.811449 0.561172 0.110857 0.1126 0.00215343
1 0.688169 0.188624 0.112079 0.113953 0.00208319
3 0.315162 0.934223 0.112278 0.113138 0.00206886
6 0.315658 0.438009 0.113113 0.11305 0.00204528
1 0.0671845 0.561169 0.112232 0.112908 0.00204219
3 0.0673498 0.437397 0.112493 0.112031 0.00203855
11 0.811454 0.933256 0.112447 0.113431 0.00198249
1 0.935296 0.93374 0.11237 0.113649 0.00194611
2 0.191206 0.809223 0.111878 0.112382 0.0018692
0 0.439646 0.438029 0.113207 0.113743 0.00183119
3 0.0673958 0.561538 0.112348 0.112001 0.00180868
4 0.935942 0.313914 0.113211 0.112669 0.00180082
5 0.811363 0.933082 0.112873 0.112676 0.00177958
10 0.563553 0.0645988 0.112723 0.112423 0.00173744
7 0.811425 0.0638722 0.11258 0.113314 0.00173119
5 0.688122 0.561014 0.113336 0.113891 0.00172735
11 0.190949 0.189441 0.111487 0.112559 0.00170012
3 0.935994 0.0650412 0.112834 0.113212 0.00169699
1 0.688122 0.561014 0.113336 0.113891 0.00167807
6 0.936176 0.561713 0.111767 0.113179 0.00167412
2 0.563699 0.313052 0.110748 0.113453 0.00166865
4 0.563945 0.809611 0.11211 0.11218 0.00166368
10 0.439445 0.189017 0.111027 0.111964 0.00164035
3 0.440075 0.0647957 0.112284 0.113635 0.00163382
1 0.439922 0.685504 0.112179 0.112574 0.00162434
12 0.439308 0.809455 0.111997 0.11257 0.00161958
11 0.191246 0.313484 0.111611 0.112426 0.00161825
3 0.811415 0.189207 0.111475 0.112155 0.00160677
4 0.191421 0.561552 0.111416 0.112307 0.00157649
4 0.191593 0.933918 0.111536 0.112788 0.00157525
13 0.0668388 0.313104 0.112689 0.112575 0.00155588
1 0.440103 0.0646879 0.111664 0.113483 0.00152734
2 0.315038 0.809167 0.112097 0.112488 0.00152068
2 0.688003 0.313191 0.111852 0.113446 0.00151913
3 0.687892 0.561251 0.111537 0.11215 0.00151013
1 0.56353 0.188888 0.111585 0.113342 0.00150433
12 0.439882 0.933688 0.113053 0.114291 0.00149062
3 0.191203 0.809567 0.111689 0.112772 0.00148483
9 0.81237 0.436574 0.109845 0.111849 0.00143357
4 0.687636 0.313303 0.111794 0.112261 0.00140404
5 0.315758 0.934346 0.112445 0.113145 0.00139442
3 0.191336 0.436671 0.109921 0.112378 0.0013889
0 0.0669156 0.188887 0.112289 0.112148 0.00137255
7 0.563945 0.809611 0.11211 0.11218 0.0013668
5 0.688103 0.0644258 0.111897 0.113108 0.00136022
1 0.936475 0.561438 0.111616 0.111734 0.00133357
12 0.316081 0.438044 0.112689 0.112243 0.00132079
10 0.0669546 0.933898 0.112184 0.113224 0.00131152
1 0.936386 0.188889 0.113521 0.11371 0.00131074
11 0.93584 0.436904 0.112841 0.112936 0.00130605
0 0.813083 0.685629 0.112328 0.111351 0.0013009
4 0.439453 0.313378 0.111817 0.112799 0.00126723
0 0.811415 0.189207 0.111475 0.112155 0.00126583
3 0.564068 0.436618 0.110898 0.113849 0.00125677
7 0.811805 0.809232 0.111876 0.112795 0.00120178
8 0.0671585 0.313235 0.112378 0.114415 0.00119246
3 0.811806 0.933716 0.111856 0.113373 0.00118915
13 0.687814 0.685478 0.11152 0.112037 0.0011798
2 0.315546 0.561397 0.112363 0.112715 0.00116725
3 0.439339 0.437429 0.110637 0.111279 0.00115944
1 0.191282 0.0645615 0.111482 0.113427 0.00114851
2 0.688058 0.809372 0.111226 0.112789 0.00114259
7 0.935222 0.933763 0.113006 0.113498 0.00114201
10 0.439477 0.312992 0.11109 0.111582 0.00113519
4 0.936115 0.685076 0.112577 0.114162 0.00112608
4 0.811823 0.313947 0.113092 0.112699 0.00112365
0 0.56399 0.437086 0.112292 0.113393 0.00112182
11 0.191206 0.809223 0.111878 0.112382 0.00111708
13 0.687301 0.809973 0.110893 0.111889 0.00111479
3 0.19146 0.0648691 0.111266 0.112778 0.00110684
4 0.0668954 0.189517 0.112345 0.112582 0.00110632
4 0.0667236 0.065353 0.113399 0.112885 0.00109639
0 0.936142 0.437305 0.111012 0.11176 0.00109209
7 0.191136 0.68499 0.1122 0.112252 0.00108616
7 0.0671918 0.438022 0.1134 0.110861 0.00107773
5 0.192026 0.0647924 0.111104 0.111303 0.00107186
13 0.563561 0.809678 0.111528 0.111769 0.00107097
8 0.688198 0.932943 0.114014 0.112749 0.00106171
2 0.316081 0.438044 0.112689 0.112243 0.00105836
9 0.687443 0.809748 0.111203 0.11199 0.00103524
10 0.439021 0.560937 0.112378 0.111796 0.00103335
1 0.563684 0.685419 0.112691 0.11309 0.0010237
6 0.19133 0.560697 0.111259 0.11272 0.00102287
1 0.31536 0.437501 0.11276 0.112632 0.00102054
7 0.563216 0.312797 0.111422 0.112063 0.00101827
0 0.315275 0.189276 0.112162 0.112422 0.00101809
7 0.687949 0.188934 0.111765 0.112239 0.00101563
10 0.935964 0.685391 0.111295 0.112069 0.00101334
12 0.563365 0.685433 0.111916 0.112657 0.00100324
1 0.315573 0.933486 0.113086 0.113013 0.00100116
