3 0.438888 0.934211 0.112874 0.112929 0.987082
9 0.314898 0.809673 0.111672 0.11109 0.98662
6 0.315863 0.933724 0.11224 0.113661 0.986324
6 0.191685 0.809143 0.112091 0.11258 0.985478
13 0.315479 0.685687 0.110996 0.111523 0.985277
4 0.563657 0.809926 0.111789 0.112892 0.984981
6 0.439563 0.809684 0.111698 0.112997 0.984814
6 0.563499 0.933849 0.111692 0.113682 0.984671
13 0.19119 0.933627 0.112239 0.113389 0.984612
9 0.190832 0.685332 0.111438 0.1108 0.98449
3 0.687348 0.809726 0.112387 0.112255 0.984322
4 0.0671457 0.56141 0.112617 0.112508 0.983901
4 0.314629 0.0650438 0.111888 0.112505 0.983511
6 0.439452 0.064717 0.111668 0.113226 0.983465
4 0.191314 0.188932 0.112605 0.112235 0.983305
7 0.315528 0.437485 0.113037 0.111592 0.983242
6 0.0669322 0.437421 0.113801 0.11289 0.983052
5 0.0665111 0.31398 0.113625 0.113624 0.982916
6 0.191324 0.064406 0.111535 0.112842 0.982626
1 0.0670447 0.68584 0.112486 0.112268 0.982562
1 0.811986 0.933615 0.112511 0.113217 0.982428
13 0.191218 0.437438 0.111885 0.111329 0.982398
7 0.688195 0.933847 0.11187 0.112939 0.982311
10 0.191244 0.313156 0.113419 0.111868 0.982191
13 0.563396 0.065267 0.111414 0.113152 0.982174
3 0.315312 0.313123 0.112801 0.112493 0.982146
9 0.0668986 0.80942 0.112745 0.113483 0.981913
8 0.439548 0.685487 0.111362 0.112475 0.981817
7 0.0671005 0.188942 0.113688 0.113054 0.98159
12 0.191583 0.561335 0.110782 0.112026 0.98154
11 0.315158 0.188864 0.11251 0.112186 0.981334
7 0.439483 0.313504 0.113477 0.112732 0.98123
2 0.439293 0.189252 0.111737 0.11321 0.981188
12 0.0665986 0.0647633 0.112756 0.113515 0.980913
7 0.067179 0.933762 0.112891 0.113264 0.98091
8 0.936353 0.933703 0.112656 0.113835 0.980647
12 0.315331 0.561672 0.111824 0.112745 0.980535
13 0.811905 0.0656647 0.112091 0.112805 0.980492
4 0.563842 0.561385 0.113091 0.113403 0.979648
9 0.687963 0.561649 0.111759 0.111582 0.979375
11 0.563358 0.313102 0.111704 0.113389 0.979372
6 0.439686 0.437356 0.112797 0.113611 0.979349
13 0.688053 0.685851 0.112597 0.112154 0.979272
8 0.439748 0.56147 0.112523 0.11373 0.979254
6 0.563732 0.18889 0.112015 0.113337 0.979228
9 0.563312 0.437418 0.112287 0.112304 0.979195
11 0.686981 0.065596 0.111759 0.112896 0.979075
4 0.687875 0.188934 0.113103 0.113226 0.978911
9 0.811982 0.686066 0.111935 0.112163 0.978881
6 0.688004 0.437225 0.112906 0.112927 0.97882
0 0.812013 0.809597 0.112647 0.113116 0.97872
6 0.687908 0.313041 0.112424 0.11248 0.97868
2 0.56345 0.685461 0.111378 0.111524 0.978584
8 0.811825 0.437185 0.112637 0.112825 0.978526
1 0.936023 0.064511 0.114637 0.113865 0.978512
11 0.811911 0.313044 0.112546 0.112735 0.978489
8 0.93636 0.8098 0.112784 0.112478 0.978327
13 0.811791 0.189279 0.112793 0.112803 0.978309
8 0.936304 0.562128 0.111783 0.112414 0.978023
2 0.936301 0.685808 0.112262 0.112915 0.977873
3 0.936021 0.313402 0.111813 0.112134 0.977777
3 0.811279 0.561769 0.111517 0.111917 0.977613
7 0.935503 0.189055 0.111797 0.111481 0.977468
3 0.935656 0.437618 0.111791 0.112803 0.977187
5 0.315028 0.188934 0.111475 0.112232 0.0373056
12 0.811559 0.188987 0.111945 0.111962 0.0319727
2 0.936021 0.561312 0.112656 0.111613 0.0194149
2 0.439777 0.685504 0.111936 0.112637 0.0166467
2 0.936049 0.93378 0.113217 0.112688 0.0125668
5 0.563508 0.313157 0.111427 0.112729 0.0118039
2 0.936306 0.809717 0.112569 0.111638 0.0117383
4 0.191263 0.313122 0.111615 0.111019 0.00994727
2 0.81202 0.436594 0.112134 0.112066 0.00874365
3 0.0667203 0.436557 0.113913 0.112711 0.00576582
3 0.563669 0.188714 0.11181 0.112582 0.00562702
0 0.688171 0.561784 0.111617 0.111221 0.00521854
9 0.936647 0.436494 0.112005 0.11277 0.00516324
6 0.0664681 0.0644588 0.112516 0.11303 0.00505832
3 0.191685 0.809143 0.112091 0.11258 0.00495555
0 0.935894 0.0645242 0.112877 0.113795 0.0049323
9 0.811296 0.562271 0.111471 0.111596 0.00440695
3 0.688221 0.561887 0.112387 0.112287 0.00439595
10 0.811341 0.312908 0.111059 0.111496 0.00438524
3 0.811933 0.685869 0.111469 0.111322 0.00416086
6 0.315634 0.437995 0.1128 0.111039 0.00414787
0 0.81254 0.93364 0.111532 0.113133 0.00398547
3 0.439868 0.809423 0.111959 0.112793 0.00396146
3 0.563698 0.933557 0.112108 0.113267 0.00387517
12 0.688055 0.685544 0.111486 0.112 0.00383064
12 0.316165 0.437962 0.110839 0.113129 0.00366321
3 0.315863 0.933724 0.11224 0.113661 0.00356819
13 0.191687 0.313022 0.111453 0.111685 0.0034636
0 0.813151 0.686041 0.110853 0.111465 0.00334664
1 0.563872 0.561771 0.11242 0.112806 0.0032365
4 0.687924 0.933451 0.111804 0.11279 0.00316383
5 0.811572 0.313317 0.112232 0.112794 0.00315317
12 0.688171 0.561784 0.111617 0.111221 0.00312054
1 0.315177 0.0648697 0.111748 0.11286 0.0030703
7 0.0667645 0.561308 0.114282 0.112681 0.00298057
1 0.563626 0.809154 0.111793 0.112939 0.00294316
3 0.190784 0.0647513 0.111658 0.113233 0.00290795
12 0.191676 0.437476 0.111466 0.111377 0.00287221
1 0.191314 0.188932 0.112605 0.112235 0.00277548
2 0.439841 0.561145 0.111931 0.112998 0.00276128
3 0.687718 0.313256 0.11178 0.111898 0.00269848
9 0.686671 0.0644394 0.110363 0.111508 0.00266278
6 0.191256 0.561285 0.111257 0.112292 0.00265584
12 0.935856 0.189174 0.113327 0.113578 0.00261722
10 0.686791 0.0646694 0.109655 0.110227 0.00259784
0 0.563662 0.438045 0.113815 0.114111 0.00257669
7 0.315011 0.0650366 0.112279 0.112549 0.00251876
12 0.563959 0.436685 0.111384 0.111495 0.00247982
7 0.191387 0.189108 0.112087 0.112383 0.00240147
0 0.811298 0.438041 0.110744 0.113345 0.00230751
1 0.687434 0.189407 0.111729 0.113367 0.00219487
12 0.439846 0.313517 0.112148 0.111731 0.00216096
12 0.93575 0.437393 0.111878 0.113366 0.0021415
3 0.439452 0.064717 0.111668 0.113226 0.00213252
1 0.439414 0.189039 0.112679 0.113096 0.00212676
12 0.811344 0.562178 0.111065 0.111786 0.0020698
2 0.563657 0.809926 0.111789 0.112892 0.00206207
1 0.563817 0.685401 0.112477 0.112524 0.00205306
12 0.811375 0.0651587 0.110734 0.111564 0.00203622
4 0.067179 0.933762 0.112891 0.113264 0.0020061
1 0.811906 0.809578 0.112235 0.112714 0.00197561
1 0.0671451 0.561533 0.113145 0.112587 0.00195151
1 0.936304 0.685777 0.112136 0.112389 0.00194116
11 0.811237 0.437028 0.11087 0.112934 0.00189282
9 0.936476 0.313304 0.113175 0.113576 0.0018578
7 0.687667 0.189231 0.112332 0.112758 0.00185506
6 0.315331 0.561672 0.111824 0.112745 0.00185261
2 0.688311 0.809895 0.111976 0.111274 0.00184995
3 0.563959 0.436685 0.111384 0.111495 0.00183407
3 0.439812 0.437698 0.11198 0.112902 0.00182407
12 0.936109 0.313258 0.112282 0.113887 0.00181968
5 0.687267 0.0656321 0.111939 0.112644 0.00180065
12 0.812659 0.685717 0.111949 0.11215 0.00179766
8 0.686671 0.0644394 0.110363 0.111508 0.00179247
11 0.935979 0.561742 0.111519 0.114261 0.00177887
1 0.688202 0.313112 0.110967 0.113133 0.00176159
3 0.68824 0.437356 0.111688 0.112003 0.00173441
2 0.687434 0.189407 0.111729 0.113367 0.00171717
6 0.439936 0.313567 0.112728 0.111336 0.00164332
4 0.316165 0.437962 0.110839 0.113129 0.00162644
9 0.688311 0.809895 0.111976 0.111274 0.00162195
0 0.0668493 0.685671 0.112782 0.11277 0.00162051
7 0.191442 0.313482 0.112691 0.111515 0.0016098
0 0.936366 0.81006 0.111732 0.112881 0.00158633
1 0.688235 0.809525 0.111628 0.111602 0.00157136
7 0.688147 0.437095 0.112088 0.113208 0.00155953
1 0.688197 0.437208 0.111774 0.113496 0.00154538
12 0.315076 0.685742 0.111638 0.112033 0.00151075
2 0.563872 0.561771 0.11242 0.112806 0.00149442
9 0.811252 0.31262 0.112066 0.110497 0.00148639
12 0.687841 0.809605 0.111483 0.112223 0.00147802
11 0.93589 0.933827 0.111548 0.113118 0.00147673
4 0.564112 0.685409 0.11145 0.112315 0.00147321
5 0.9359 0.685642 0.113217 0.113361 0.00145418
11 0.439619 0.685727 0.111388 0.112753 0.00144321
7 0.56368 0.188979 0.111754 0.113207 0.00143683
7 0.688327 0.685613 0.11324 0.11183 0.001431
4 0.0662921 0.189006 0.113406 0.111129 0.00140766
10 0.563482 0.31332 0.112928 0.112226 0.00139175
1 0.563596 0.189105 0.110953 0.113219 0.0013801
10 0.315158 0.188864 0.11251 0.112186 0.00133296
1 0.811536 0.561981 0.112053 0.11216 0.00133258
4 0.0669937 0.313474 0.113439 0.113865 0.00132257
7 0.315616 0.685777 0.112148 0.111986 0.00130546
0 0.936336 0.562118 0.11212 0.113336 0.00130495
8 0.811427 0.686109 0.111321 0.11193 0.00129739
2 0.0667645 0.561308 0.114282 0.112681 0.00127611
6 0.191387 0.189108 0.112087 0.112383 0.00125249
12 0.191488 0.685383 0.112067 0.112085 0.00125069
2 0.190835 0.189054 0.11151 0.111944 0.00123467
6 0.935761 0.188948 0.113324 0.113364 0.0012254
8 0.935872 0.68576 0.111671 0.111782 0.00120563
4 0.439992 0.313237 0.111731 0.112347 0.00118828
12 0.191598 0.933622 0.111232 0.11136 0.00118551
10 0.191192 0.933667 0.111674 0.111437 0.0011745
10 0.0665949 0.313128 0.112789 0.112913 0.00117216
3 0.191366 0.560968 0.110949 0.112176 0.00116903
0 0.43961 0.561599 0.111443 0.111888 0.00115818
3 0.564112 0.685409 0.11145 0.112315 0.00114657
1 0.935955 0.313167 0.111117 0.111505 0.00113261
3 0.315177 0.561174 0.111719 0.113104 0.00113039
6 0.563777 0.809533 0.111822 0.112472 0.00112935
7 0.191094 0.436692 0.11099 0.110907 0.00112164
4 0.935695 0.18933 0.113143 0.112645 0.00111705
12 0.0674833 0.8096 0.113799 0.113563 0.00110415
5 0.191263 0.313122 0.111615 0.111019 0.00109538
12 0.31543 0.313343 0.111991 0.111517 0.00109287
11 0.935932 0.810005 0.110983 0.113377 0.00108934
2 0.0666344 0.809411 0.112027 0.111734 0.00108513
7 0.439812 0.437698 0.11198 0.112902 0.00105908
12 0.31519 0.809698 0.112461 0.111334 0.00105154
6 0.688379 0.933112 0.114555 0.114121 0.00103427
5 0.688333 0.809694 0.112594 0.112136 0.00103372
7 0.563888 0.809891 0.112557 0.111853 0.00102623
8 0.563637 0.685464 0.11191 0.111698 0.00102487
5 0.563901 0.685703 0.111192 0.112713 0.00101625
7 0.687718 0.313256 0.11178 0.111898 0.0010081
0 0.191488 0.685383 0.112067 0.112085 0.00100452
