3 0.563626 0.809741 0.113196 0.114206 0.987862
7 0.315749 0.933852 0.112214 0.112218 0.987284
13 0.439532 0.809542 0.112045 0.113105 0.986965
2 0.439346 0.934254 0.11365 0.113816 0.986295
9 0.687855 0.933746 0.112954 0.113882 0.986043
5 0.314814 0.0654071 0.112296 0.112693 0.985177
6 0.191834 0.933753 0.112083 0.113238 0.984917
10 0.315654 0.685207 0.11176 0.112855 0.984874
6 0.191797 0.685444 0.111788 0.112975 0.984244
3 0.439596 0.685442 0.11344 0.114046 0.984029
7 0.191305 0.189235 0.111769 0.112476 0.983689
12 0.0673243 0.809493 0.112248 0.11335 0.983488
5 0.936478 0.93455 0.112266 0.112749 0.983412
1 0.812728 0.933435 0.112131 0.112911 0.983295
4 0.688119 0.809675 0.112307 0.113064 0.983175
11 0.563507 0.93414 0.111233 0.113317 0.98299
8 0.687772 0.0655234 0.112228 0.112359 0.982989
5 0.191279 0.313631 0.111624 0.11288 0.982955
3 0.191572 0.0650323 0.110936 0.113492 0.982937
10 0.315346 0.437326 0.11223 0.111444 0.982844
1 0.191485 0.80956 0.11163 0.112277 0.982721
12 0.0673342 0.685222 0.112312 0.112772 0.982598
6 0.56328 0.0646865 0.111638 0.113523 0.982569
4 0.191705 0.437209 0.112636 0.112292 0.982422
11 0.315282 0.561068 0.111837 0.111992 0.982144
1 0.191326 0.561553 0.112067 0.112496 0.982018
3 0.440133 0.561574 0.112033 0.11379 0.981833
9 0.315133 0.313433 0.11363 0.114001 0.981724
5 0.812392 0.810112 0.112014 0.113254 0.981718
1 0.936659 0.809606 0.112683 0.112219 0.981632
9 0.315342 0.188846 0.111045 0.11238 0.981451
10 0.0673883 0.0650159 0.11417 0.113542 0.981242
3 0.440099 0.437711 0.112374 0.11363 0.981102
4 0.563889 0.685499 0.112331 0.112704 0.980821
2 0.811779 0.0652767 0.11227 0.112916 0.980811
11 0.0667239 0.437319 0.113122 0.112686 0.980733
11 0.438909 0.0653251 0.111454 0.112537 0.980623
8 0.0669039 0.189855 0.113467 0.113192 0.980382
8 0.936041 0.0651996 0.113928 0.113449 0.980332
12 0.0671421 0.313661 0.113107 0.113433 0.980128
5 0.439105 0.189064 0.112008 0.113113 0.979726
13 0.563485 0.437348 0.112553 0.11343 0.979725
9 0.687695 0.685366 0.110914 0.111858 0.97951
12 0.687795 0.188938 0.111899 0.112064 0.979509
9 0.687818 0.313501 0.111468 0.111667 0.979404
0 0.315604 0.809534 0.112008 0.112262 0.979389
3 0.563596 0.312992 0.111252 0.112007 0.979265
9 0.68764 0.437194 0.111053 0.111709 0.979111
10 0.812424 0.685081 0.112178 0.113632 0.979101
8 0.439327 0.31328 0.113178 0.113222 0.979036
9 0.936312 0.685697 0.111619 0.112896 0.979001
9 0.811831 0.437486 0.111662 0.112092 0.978889
2 0.0671222 0.933653 0.113013 0.113058 0.978846
9 0.93592 0.188678 0.112979 0.113676 0.978838
2 0.563928 0.561131 0.112807 0.113803 0.978828
5 0.936416 0.436855 0.113391 0.114104 0.978692
12 0.812196 0.561263 0.112507 0.113307 0.978661
1 0.563509 0.189008 0.112421 0.113012 0.97855
13 0.811774 0.188968 0.112707 0.113381 0.978534
6 0.812524 0.312912 0.11287 0.113131 0.978397
6 0.936847 0.561181 0.113329 0.112738 0.978272
1 0.936335 0.312973 0.113747 0.112687 0.977751
8 0.687974 0.561344 0.111823 0.113167 0.977148
0 0.066779 0.561403 0.111681 0.111652 0.972746
1 0.0665711 0.560641 0.114023 0.112418 0.0781908
3 0.811808 0.0654944 0.112651 0.112896 0.0111318
10 0.936081 0.436847 0.111421 0.112613 0.0102474
3 0.56401 0.561588 0.113133 0.113505 0.00978623
8 0.688629 0.933654 0.113937 0.112763 0.00874068
10 0.439571 0.0645025 0.110743 0.110919 0.00777712
9 0.687977 0.561263 0.112688 0.112767 0.00662067
9 0.935683 0.0655292 0.113955 0.113259 0.00639554
3 0.0664937 0.93402 0.11503 0.114318 0.00566279
2 0.688151 0.561058 0.111164 0.112271 0.00515484
0 0.688276 0.685528 0.111299 0.112562 0.00514691
0 0.688224 0.437734 0.110607 0.112327 0.00505075
10 0.687481 0.933626 0.112237 0.113564 0.00504383
0 0.688173 0.313613 0.110494 0.113169 0.0048177
0 0.813158 0.437407 0.110534 0.112683 0.00470274
3 0.439807 0.93391 0.112924 0.113438 0.00460544
2 0.688187 0.0645951 0.111578 0.113297 0.00459439
11 0.687925 0.561111 0.110053 0.113147 0.00456578
10 0.06715 0.436499 0.111994 0.113639 0.00445959
10 0.93633 0.933373 0.111896 0.112127 0.00421003
6 0.811422 0.561683 0.112442 0.113637 0.0041096
9 0.687798 0.0656483 0.112234 0.112424 0.0039745
10 0.439227 0.188987 0.111758 0.112645 0.00393556
8 0.439422 0.934434 0.111616 0.111827 0.0038626
9 0.439708 0.313718 0.113018 0.11341 0.00378724
3 0.812318 0.313164 0.111933 0.112453 0.00348493
1 0.191284 0.437388 0.112729 0.112533 0.00345781
11 0.936034 0.436918 0.111482 0.112202 0.00337011
12 0.192367 0.0648201 0.111448 0.111678 0.00319958
7 0.812005 0.189613 0.112145 0.11389 0.00313561
2 0.191284 0.437388 0.112729 0.112533 0.00312714
0 0.812813 0.933717 0.11093 0.111501 0.00305091
0 0.936242 0.313218 0.112792 0.111788 0.00291346
0 0.688637 0.933459 0.113809 0.112426 0.00286712
11 0.688082 0.0647699 0.111628 0.113603 0.00285647
10 0.191368 0.313179 0.111342 0.111904 0.00280252
6 0.0673295 0.313209 0.113569 0.113596 0.00278468
12 0.688224 0.437734 0.110607 0.112327 0.00275785
10 0.315418 0.560975 0.111998 0.113601 0.00264165
12 0.563514 0.436611 0.111016 0.112714 0.00263512
8 0.688276 0.685528 0.111299 0.112562 0.00257383
9 0.0665405 0.189812 0.114109 0.112243 0.00256864
8 0.811443 0.0643832 0.112785 0.113578 0.00255509
1 0.563889 0.685499 0.112331 0.112704 0.00246775
12 0.688173 0.313613 0.110494 0.113169 0.00246464
12 0.936189 0.686224 0.11069 0.115042 0.00233796
12 0.811452 0.188554 0.112284 0.112471 0.00232946
3 0.688151 0.809121 0.110883 0.112342 0.0023066
1 0.688119 0.809675 0.112307 0.113064 0.00229296
6 0.0673342 0.685222 0.112312 0.112772 0.00225473
0 0.563609 0.188518 0.112247 0.113377 0.00218597
7 0.563729 0.436573 0.110666 0.112573 0.00216754
0 0.936759 0.809399 0.111757 0.112497 0.00212331
6 0.19145 0.437515 0.111794 0.112495 0.00211842
12 0.439868 0.437552 0.111398 0.111989 0.00211258
11 0.811605 0.810086 0.113213 0.111964 0.00211218
7 0.688151 0.809121 0.110883 0.112342 0.00210366
6 0.440376 0.438085 0.112578 0.113142 0.00208968
7 0.811682 0.684966 0.111538 0.113029 0.00207519
12 0.440079 0.561374 0.111602 0.112132 0.00203409
2 0.439456 0.313747 0.112569 0.113293 0.00198347
10 0.315123 0.0650443 0.113738 0.112525 0.0019608
8 0.563673 0.561488 0.112226 0.11273 0.0019466
0 0.688187 0.0650181 0.112012 0.114532 0.00191345
0 0.688155 0.561551 0.111417 0.113589 0.00187804
3 0.564152 0.685191 0.111092 0.11232 0.00187085
1 0.315652 0.80951 0.112192 0.112958 0.00184644
12 0.688276 0.685528 0.111299 0.112562 0.00183198
3 0.564056 0.0647328 0.111607 0.11384 0.00182321
3 0.936837 0.560965 0.113032 0.113211 0.00181665
11 0.687793 0.933954 0.111153 0.111226 0.0017958
5 0.563438 0.933478 0.109815 0.112671 0.00178797
8 0.688224 0.437734 0.110607 0.112327 0.00178729
4 0.0674864 0.0650523 0.111898 0.113912 0.00177196
2 0.688119 0.809675 0.112307 0.113064 0.00176845
3 0.936189 0.686224 0.11069 0.115042 0.00176724
12 0.439653 0.80971 0.112035 0.112406 0.00176652
2 0.563889 0.685499 0.112331 0.112704 0.0017634
8 0.066838 0.437989 0.112537 0.113499 0.00175989
4 0.440376 0.438085 0.112578 0.113142 0.00169812
7 0.564152 0.685191 0.111092 0.11232 0.00169244
2 0.81159 0.809669 0.114135 0.11256 0.00167021
8 0.688173 0.313613 0.110494 0.113169 0.00165448
2 0.0665405 0.189812 0.114109 0.112243 0.00165282
3 0.81308 0.809743 0.113853 0.114753 0.00163958
6 0.68813 0.189066 0.112262 0.113361 0.00163652
6 0.192367 0.0648201 0.111448 0.111678 0.00163431
4 0.812491 0.685282 0.112801 0.113212 0.00163315
5 0.81293 0.685597 0.110783 0.113455 0.00162034
8 0.811475 0.437266 0.111031 0.113075 0.00159422
12 0.439826 0.685299 0.111661 0.112276 0.00157111
2 0.440681 0.43812 0.112902 0.11266 0.00156894
4 0.192367 0.0648201 0.111448 0.111678 0.00156128
1 0.563928 0.561131 0.112807 0.113803 0.00152642
4 0.315786 0.933947 0.111594 0.112329 0.00152617
12 0.935916 0.188892 0.112542 0.113889 0.00152098
7 0.0674864 0.0650523 0.111898 0.113912 0.00150941
11 0.0672064 0.188388 0.112828 0.113255 0.00150434
0 0.06775 0.189513 0.11113 0.113389 0.0014715
4 0.315397 0.437345 0.111532 0.112521 0.00145616
5 0.811344 0.0645363 0.112692 0.112918 0.00144654
6 0.564152 0.685191 0.111092 0.11232 0.0014243
7 0.315397 0.437345 0.111532 0.112521 0.00141458
7 0.31538 0.684916 0.111632 0.11223 0.00141243
0 0.688192 0.18936 0.112387 0.112912 0.00140321
6 0.0673243 0.809493 0.112248 0.11335 0.00139669
0 0.936121 0.685572 0.112379 0.113363 0.00139512
6 0.688151 0.809121 0.110883 0.112342 0.00139038
3 0.688218 0.313572 0.112028 0.113406 0.00139011
3 0.812193 0.561059 0.111799 0.113333 0.00138149
4 0.564159 0.809658 0.11036 0.112455 0.00137968
10 0.81174 0.809764 0.111681 0.112308 0.00134579
3 0.191924 0.685321 0.112523 0.113913 0.00134227
4 0.190931 0.313428 0.111735 0.112533 0.00133105
6 0.440079 0.561374 0.111602 0.112132 0.00129755
12 0.812894 0.436603 0.110311 0.11289 0.00129473
12 0.315547 0.313735 0.112196 0.11269 0.00129284
11 0.935878 0.0648246 0.111797 0.11297 0.00129263
1 0.812076 0.0644068 0.111903 0.113889 0.00127486
13 0.314861 0.43705 0.112164 0.112223 0.00126899
5 0.688047 0.809328 0.112248 0.112757 0.00123147
4 0.439593 0.685474 0.110955 0.112884 0.00119735
7 0.811471 0.561165 0.110963 0.113791 0.00119664
4 0.563609 0.188518 0.112247 0.113377 0.00119299
10 0.687721 0.685163 0.112301 0.113219 0.00118589
0 0.191194 0.561133 0.112346 0.112796 0.00118587
7 0.190993 0.436527 0.111894 0.112269 0.00118553
13 0.8116 0.685451 0.11179 0.112015 0.00118236
11 0.936146 0.934189 0.113369 0.11285 0.00117413
0 0.191429 0.809539 0.112202 0.112906 0.00115947
5 0.0669157 0.933509 0.112977 0.112304 0.00114845
2 0.935878 0.0648246 0.111797 0.11297 0.00113274
4 0.191485 0.80956 0.11163 0.112277 0.00113229
8 0.564015 0.933145 0.112668 0.11278 0.00112047
0 0.935264 0.188784 0.113526 0.114201 0.001119
4 0.440079 0.561374 0.111602 0.112132 0.00111847
1 0.811394 0.313183 0.113511 0.113875 0.00110771
4 0.191326 0.561553 0.112067 0.112496 0.00110088
3 0.688278 0.437675 0.112 0.112519 0.00109604
1 0.440012 0.933741 0.113914 0.114056 0.00109119
4 0.936659 0.809606 0.112683 0.112219 0.00108334
0 0.439688 0.313773 0.111434 0.112471 0.00107587
3 0.0671995 0.809454 0.112122 0.111982 0.00107215
9 0.0670659 0.436703 0.111446 0.112195 0.00107187
1 0.192317 0.933559 0.113221 0.113249 0.0010688
2 0.813418 0.932908 0.111083 0.112789 0.00106733
1 0.564026 0.809509 0.111726 0.112073 0.00106656
1 0.0671783 0.933711 0.113789 0.113189 0.00106138
3 0.688216 0.189199 0.112237 0.113201 0.00105075
6 0.935957 0.809769 0.112867 0.115341 0.00104906
0 0.936132 0.0651564 0.111874 0.112467 0.00104622
4 0.812813 0.933717 0.11093 0.111501 0.00103526
3 0.935832 0.188889 0.112016 0.11347 0.00102849
4 0.56441 0.313563 0.111878 0.1124 0.00100827
7 0.439532 0.809542 0.112045 0.113105 0.00100792
11 0.811424 0.437362 0.112222 0.113022 0.00100435
1 0.563529 0.313418 0.111599 0.11221 0.00100117
