7 0.9361 0.93366 0.11242 0.11266 0.986949
3 0.687575 0.809538 0.112464 0.113587 0.98664
3 0.440113 0.809578 0.113282 0.113414 0.986619
9 0.314945 0.933603 0.111532 0.113246 0.986416
13 0.189744 0.065343 0.112608 0.112845 0.985833
12 0.191112 0.933674 0.111196 0.113333 0.985706
8 0.563859 0.809766 0.111323 0.111881 0.985444
13 0.439869 0.685234 0.111622 0.11256 0.985395
8 0.439419 0.93402 0.112783 0.113065 0.985262
5 0.316499 0.685651 0.111036 0.112158 0.9851
10 0.439257 0.0650072 0.111144 0.112416 0.985056
2 0.315236 0.809534 0.113143 0.11267 0.984856
1 0.563991 0.93357 0.112247 0.113054 0.984535
7 0.0671117 0.562115 0.112923 0.112491 0.984458
8 0.563035 0.0652689 0.112483 0.112268 0.983782
5 0.0669443 0.438066 0.112344 0.112451 0.9832
8 0.811986 0.933873 0.112211 0.112754 0.983188
3 0.315957 0.437799 0.111596 0.113102 0.983028
10 0.315035 0.189339 0.111372 0.112292 0.982932
12 0.0671412 0.685552 0.112225 0.112218 0.982855
6 0.0670154 0.31343 0.111946 0.11277 0.982658
3 0.315815 0.313661 0.111877 0.113546 0.982538
11 0.687957 0.933899 0.112115 0.113636 0.982378
11 0.190385 0.189231 0.11206 0.112684 0.981868
4 0.0667789 0.0655048 0.111389 0.113348 0.981636
11 0.190658 0.313338 0.112082 0.112952 0.981481
4 0.812482 0.809196 0.113203 0.113602 0.981354
11 0.190666 0.809728 0.112568 0.112654 0.981348
2 0.191461 0.561626 0.112487 0.112558 0.981165
0 0.190729 0.437426 0.112997 0.112574 0.980962
8 0.0666867 0.190546 0.111229 0.112338 0.980857
13 0.0664804 0.809053 0.113125 0.112349 0.980788
0 0.315994 0.561592 0.112151 0.11207 0.980781
4 0.0668987 0.933036 0.11218 0.113541 0.980427
2 0.936368 0.809798 0.112742 0.112214 0.980421
11 0.439342 0.437091 0.111885 0.112768 0.980358
10 0.439111 0.313321 0.111719 0.111854 0.980269
2 0.191538 0.685451 0.112637 0.111959 0.980187
0 0.314322 0.0649006 0.112299 0.11301 0.980007
2 0.687601 0.685362 0.112228 0.112663 0.98
10 0.563169 0.313026 0.111657 0.11388 0.979976
13 0.563543 0.561712 0.112145 0.113493 0.979873
10 0.563976 0.685536 0.111394 0.112862 0.979868
3 0.812341 0.68546 0.112242 0.11274 0.979394
4 0.439123 0.188811 0.112505 0.113867 0.979293
1 0.563126 0.437215 0.112313 0.113183 0.979196
9 0.936319 0.685694 0.111368 0.112718 0.979154
10 0.811992 0.56142 0.112619 0.113447 0.979123
1 0.440067 0.561819 0.112162 0.112391 0.979065
3 0.812362 0.187778 0.112491 0.113315 0.978997
12 0.563352 0.188604 0.111966 0.113421 0.978951
13 0.935883 0.561828 0.113581 0.11293 0.978911
5 0.811837 0.436938 0.113075 0.113159 0.978866
4 0.687723 0.312346 0.112712 0.113748 0.978729
3 0.687591 0.561254 0.111492 0.112132 0.978587
6 0.812662 0.312751 0.113526 0.113244 0.978426
5 0.68761 0.18789 0.113025 0.113918 0.978394
0 0.686751 0.437122 0.111621 0.112402 0.978319
1 0.687545 0.0638886 0.112691 0.112419 0.978041
5 0.937022 0.188414 0.112111 0.113998 0.977843
8 0.936226 0.437411 0.112681 0.112898 0.977715
6 0.936944 0.312913 0.113076 0.113206 0.977647
2 0.936129 0.0653049 0.112013 0.112411 0.977375
0 0.811753 0.064764 0.111705 0.110515 0.976459
3 0.688059 0.68517 0.112328 0.113135 0.0195752
9 0.935451 0.437933 0.114423 0.113233 0.0152247
10 0.936399 0.188507 0.11081 0.11207 0.0151438
3 0.936716 0.809925 0.111873 0.111157 0.00565814
3 0.936056 0.0655415 0.112605 0.112328 0.00514014
10 0.439449 0.436949 0.111347 0.112352 0.00471623
9 0.563922 0.809136 0.110921 0.112606 0.00471348
3 0.315846 0.809506 0.112191 0.112914 0.0044279
1 0.687531 0.312522 0.112737 0.113621 0.00417376
8 0.688585 0.932755 0.113868 0.112947 0.00413265
10 0.190331 0.189283 0.11237 0.111841 0.00410036
11 0.564284 0.809756 0.11065 0.112933 0.00382433
0 0.688214 0.063037 0.112134 0.112287 0.00376812
2 0.56341 0.0647828 0.112033 0.113427 0.00374411
5 0.936141 0.809936 0.112548 0.112928 0.00366817
2 0.688073 0.561477 0.110019 0.111394 0.00358904
9 0.811879 0.93412 0.112361 0.11226 0.00350714
10 0.68707 0.18789 0.111868 0.11287 0.00334745
0 0.813198 0.933849 0.110787 0.114954 0.00332891
6 0.563475 0.188729 0.111556 0.113633 0.00331636
8 0.688171 0.685554 0.110822 0.112508 0.00318881
1 0.439187 0.189379 0.111752 0.112748 0.00308909
3 0.812471 0.312951 0.112183 0.112591 0.0030694
12 0.439951 0.685262 0.111424 0.111811 0.00296777
10 0.314873 0.933687 0.11196 0.113763 0.002949
1 0.0669781 0.934141 0.112994 0.113905 0.00289351
12 0.93602 0.932987 0.112692 0.112386 0.00282731
5 0.936407 0.0644965 0.11104 0.112591 0.00278546
1 0.0666016 0.0655013 0.112264 0.113395 0.00257994
8 0.439231 0.438042 0.11196 0.114209 0.00255741
2 0.813135 0.685958 0.111028 0.111639 0.00251617
4 0.56339 0.313978 0.110272 0.112998 0.00249261
2 0.813203 0.188487 0.111194 0.113367 0.00243502
10 0.812199 0.436605 0.110741 0.111806 0.00242392
9 0.439572 0.933493 0.111884 0.113482 0.00236726
7 0.563284 0.313513 0.111399 0.113311 0.00234996
4 0.439763 0.313729 0.110565 0.112844 0.00232042
9 0.813135 0.685958 0.111028 0.111639 0.00230255
3 0.93659 0.313235 0.111712 0.112395 0.00229647
2 0.687531 0.312522 0.112737 0.113621 0.00224613
12 0.687549 0.561279 0.111202 0.11216 0.00223573
11 0.56341 0.0647828 0.112033 0.113427 0.00218433
2 0.688031 0.188147 0.114928 0.113706 0.0021787
9 0.813203 0.188487 0.111194 0.113367 0.0021784
0 0.935556 0.438165 0.110703 0.114159 0.0021756
4 0.688317 0.80889 0.111955 0.112468 0.00214333
1 0.812518 0.809387 0.112889 0.113213 0.00212837
2 0.812518 0.809387 0.112889 0.113213 0.00212328
6 0.0669172 0.934078 0.11115 0.112448 0.00208377
2 0.564418 0.809952 0.111463 0.111915 0.0020655
12 0.93628 0.686274 0.11039 0.114667 0.00205783
2 0.0663091 0.190474 0.112021 0.112721 0.00198
0 0.936051 0.685729 0.111641 0.112836 0.00194357
6 0.439669 0.189496 0.112304 0.113284 0.00194159
3 0.191955 0.685591 0.11222 0.112679 0.00192308
11 0.936417 0.188565 0.110823 0.11174 0.00191286
3 0.687869 0.312825 0.111842 0.112639 0.00190728
2 0.688086 0.064155 0.110647 0.11101 0.00190035
5 0.688102 0.561022 0.110722 0.111734 0.00185306
4 0.688057 0.560939 0.110039 0.112793 0.00184693
6 0.81165 0.685774 0.113248 0.113332 0.00184429
2 0.688358 0.809236 0.111539 0.112129 0.0018349
4 0.316389 0.438083 0.112044 0.113511 0.00182342
5 0.688382 0.808939 0.111483 0.112077 0.0017967
11 0.812645 0.933832 0.112443 0.112943 0.00176996
12 0.688091 0.809467 0.111327 0.112159 0.00176678
2 0.0660589 0.0653019 0.111591 0.112202 0.00176423
6 0.316389 0.438083 0.112044 0.113511 0.0017534
7 0.936438 0.31348 0.111823 0.11295 0.00172885
6 0.687869 0.312825 0.111842 0.112639 0.00170752
5 0.0658248 0.065612 0.111551 0.11154 0.001703
13 0.93605 0.932653 0.111757 0.113019 0.00169446
4 0.564166 0.933475 0.112143 0.11276 0.00169289
2 0.316611 0.438119 0.112053 0.112781 0.00168667
4 0.811896 0.561234 0.113108 0.113104 0.00168338
11 0.811426 0.436943 0.113042 0.112032 0.00167397
5 0.687889 0.933319 0.110139 0.112908 0.0016576
8 0.936056 0.0655415 0.112605 0.112328 0.00165311
6 0.811719 0.808941 0.114474 0.112268 0.00165302
4 0.0669469 0.438035 0.112382 0.111104 0.00161707
6 0.686783 0.561373 0.111916 0.113166 0.00159121
1 0.687438 0.436433 0.11253 0.112434 0.00158914
9 0.563343 0.0653377 0.112447 0.1125 0.00157973
11 0.0665408 0.189013 0.112509 0.113557 0.00157082
7 0.563924 0.68554 0.111013 0.112115 0.0015706
1 0.3143 0.0641208 0.112384 0.113677 0.00157025
10 0.0663748 0.437836 0.111368 0.111794 0.00156412
1 0.316095 0.561328 0.112804 0.112452 0.00156195
4 0.440067 0.561819 0.112162 0.112391 0.00155721
7 0.0668442 0.809357 0.112364 0.113447 0.0015545
2 0.936948 0.436937 0.111264 0.113519 0.00154272
9 0.0659982 0.190371 0.112938 0.111977 0.00153864
8 0.813104 0.0637766 0.111625 0.111733 0.00152813
9 0.439719 0.4377 0.111602 0.111914 0.00152084
7 0.811385 0.561025 0.111807 0.112846 0.00151291
4 0.316187 0.313705 0.112166 0.112595 0.00151088
11 0.686815 0.188278 0.112576 0.112148 0.00150782
7 0.0669172 0.934078 0.11115 0.112448 0.00150463
0 0.563001 0.436925 0.11189 0.113337 0.00149358
3 0.688031 0.188147 0.114928 0.113706 0.00148681
12 0.0663386 0.808955 0.111107 0.111703 0.00148459
10 0.687977 0.933564 0.111224 0.111039 0.00148386
3 0.439669 0.189496 0.112304 0.113284 0.001483
2 0.439187 0.189379 0.111752 0.112748 0.00147223
5 0.68816 0.68546 0.112436 0.11359 0.00147063
1 0.68816 0.68546 0.112436 0.11359 0.00146052
11 0.440209 0.93372 0.112158 0.112979 0.00145196
3 0.812569 0.809686 0.11254 0.112748 0.00145089
2 0.0664876 0.933931 0.112775 0.113294 0.00145027
3 0.0672305 0.685408 0.113038 0.113494 0.00144315
11 0.315506 0.933637 0.111913 0.112893 0.00141948
7 0.563716 0.561098 0.111716 0.113132 0.00141889
7 0.687869 0.312825 0.111842 0.112639 0.00141238
6 0.0672305 0.685408 0.113038 0.113494 0.001409
2 0.812003 0.437909 0.113537 0.113603 0.0014087
13 0.439278 0.0645787 0.111877 0.111942 0.00140033
7 0.439869 0.685234 0.111622 0.11256 0.00138536
5 0.811116 0.561346 0.112156 0.111712 0.00138469
1 0.190729 0.437426 0.112997 0.112574 0.00138438
1 0.936603 0.80945 0.112626 0.111928 0.00137877
7 0.439168 0.313503 0.111252 0.112673 0.00135739
4 0.563311 0.437143 0.112061 0.112189 0.00135338
4 0.439257 0.0650072 0.111144 0.112416 0.00132359
13 0.439252 0.313347 0.111254 0.111667 0.00131813
10 0.315659 0.685455 0.111751 0.112011 0.00126246
13 0.562508 0.312879 0.111498 0.112176 0.00125924
2 0.811879 0.93412 0.112361 0.11226 0.00124719
2 0.563204 0.437349 0.111075 0.112273 0.00124034
5 0.81323 0.188223 0.112544 0.113846 0.00122237
5 0.813157 0.685675 0.112058 0.111921 0.00121849
7 0.314794 0.189409 0.112169 0.113267 0.00120195
5 0.190901 0.809224 0.112005 0.111945 0.00120062
2 0.440037 0.93408 0.113068 0.113401 0.00119972
8 0.190233 0.313724 0.112321 0.113312 0.00119327
9 0.812646 0.0643745 0.112677 0.112119 0.00117952
12 0.813157 0.685675 0.112058 0.111921 0.00117327
10 0.812814 0.808959 0.111755 0.112264 0.00117306
9 0.688073 0.561477 0.110019 0.111394 0.00116972
9 0.190367 0.189574 0.11209 0.11227 0.00115986
7 0.190432 0.0654501 0.112303 0.113853 0.00115332
13 0.687889 0.933319 0.110139 0.112908 0.0011476
5 0.813109 0.808532 0.114607 0.113908 0.00114171
3 0.0670154 0.31343 0.111946 0.11277 0.00113645
3 0.93628 0.686274 0.11039 0.114667 0.00113523
8 0.190997 0.809212 0.113179 0.112185 0.00113499
11 0.936254 0.68591 0.111555 0.114526 0.00113421
8 0.315449 0.933586 0.112112 0.113084 0.00113066
4 0.0670368 0.561231 0.111362 0.113374 0.00113032
1 0.936921 0.0642666 0.111725 0.113505 0.00112963
0 0.563406 0.0647534 0.113002 0.112958 0.0011279
4 0.688031 0.188147 0.114928 0.113706 0.00112739
0 0.563947 0.933527 0.111478 0.111598 0.00112623
10 0.0663386 0.808955 0.111107 0.111703 0.00111901
0 0.0669494 0.189985 0.110159 0.113034 0.00110791
10 0.935627 0.56167 0.113723 0.112747 0.00109857
11 0.935932 0.437345 0.111002 0.111768 0.00109303
4 0.315035 0.189339 0.111372 0.112292 0.00109298
11 0.0661332 0.436594 0.110172 0.110094 0.00108747
1 0.68758 0.561082 0.110985 0.111948 0.00108721
10 0.93605 0.932653 0.111757 0.113019 0.00108137
12 0.81323 0.188223 0.112544 0.113846 0.00107877
0 0.440092 0.561455 0.112128 0.11279 0.00107863
7 0.43912 0.0652146 0.111309 0.112904 0.00107335
1 0.688265 0.809429 0.111037 0.111996 0.00106753
1 0.812341 0.68546 0.112242 0.11274 0.00106307
6 0.316187 0.313705 0.112166 0.112595 0.00105906
3 0.0669469 0.438035 0.112382 0.111104 0.00105151
12 0.935706 0.561614 0.11246 0.113495 0.00104786
9 0.811875 0.561826 0.111975 0.112597 0.00104648
5 0.191317 0.561255 0.112161 0.113329 0.0010407
5 0.191537 0.685323 0.111908 0.112176 0.00103705
7 0.812569 0.809686 0.11254 0.112748 0.00103525
13 0.810986 0.561225 0.111537 0.112055 0.00102969
3 0.811742 0.437825 0.111969 0.111511 0.00102493
4 0.563475 0.188729 0.111556 0.113633 0.00102305
1 0.812939 0.0629792 0.112061 0.111615 0.00102069
12 0.440389 0.809437 0.1119 0.112435 0.00101991
4 0.563924 0.68554 0.111013 0.112115 0.00100875
