13 0.439391 0.93388 0.11272 0.114012 0.987602
10 0.31579 0.933904 0.111711 0.113434 0.986471
7 0.315031 0.0648321 0.1119 0.11177 0.986213
9 0.935431 0.933999 0.111908 0.113403 0.98614
2 0.56338 0.93411 0.112357 0.11323 0.986127
5 0.192013 0.933735 0.111258 0.113387 0.985654
2 0.438991 0.0654017 0.111999 0.112847 0.985564
2 0.31496 0.685066 0.112698 0.113033 0.985431
8 0.315215 0.809676 0.112752 0.112423 0.985199
6 0.93654 0.809217 0.11237 0.113277 0.984694
8 0.43949 0.809661 0.111948 0.112192 0.984544
12 0.563771 0.809682 0.111284 0.11274 0.984059
3 0.687365 0.0654901 0.11192 0.11356 0.983945
6 0.0673966 0.685631 0.11262 0.112869 0.983887
9 0.191179 0.685535 0.112491 0.113304 0.983462
3 0.192425 0.809743 0.111385 0.112901 0.98338
6 0.563259 0.0648483 0.111758 0.11348 0.983336
12 0.191644 0.561634 0.111358 0.112374 0.98307
13 0.0670604 0.437731 0.112922 0.112747 0.983048
6 0.687975 0.809665 0.111651 0.113307 0.983028
0 0.688217 0.933491 0.112516 0.112902 0.982953
4 0.315524 0.437183 0.112267 0.112557 0.982905
2 0.067023 0.313758 0.11288 0.113291 0.982711
5 0.812094 0.934589 0.111785 0.11289 0.982703
12 0.191379 0.437737 0.112186 0.11288 0.982696
8 0.56366 0.685466 0.111753 0.112411 0.982672
3 0.191943 0.313417 0.111185 0.113281 0.982569
2 0.191407 0.0650872 0.111752 0.112924 0.98237
0 0.935843 0.684933 0.113345 0.111624 0.982156
12 0.0672995 0.561669 0.112532 0.112751 0.982135
9 0.315265 0.313378 0.112647 0.113368 0.982026
13 0.191237 0.18955 0.11181 0.112954 0.98198
0 0.315463 0.561223 0.112584 0.11229 0.981801
2 0.811666 0.0654169 0.112517 0.112776 0.981686
3 0.935961 0.0652982 0.11322 0.114562 0.981405
4 0.439482 0.685436 0.112711 0.1127 0.981283
3 0.44017 0.437732 0.112232 0.113572 0.981185
7 0.439475 0.313185 0.113313 0.112184 0.980988
4 0.439489 0.560957 0.112266 0.112663 0.980878
1 0.0669377 0.189035 0.112261 0.112454 0.980792
0 0.811891 0.809352 0.112256 0.112481 0.980578
1 0.0667548 0.934048 0.113733 0.113641 0.980419
10 0.563623 0.560905 0.112047 0.114033 0.980273
11 0.315002 0.188635 0.111894 0.112549 0.980267
9 0.687445 0.189036 0.111646 0.113527 0.979612
0 0.0674846 0.0647253 0.111148 0.112382 0.97961
10 0.812087 0.18899 0.111908 0.113158 0.979292
2 0.687587 0.685316 0.112387 0.112596 0.979205
0 0.0677466 0.809802 0.112575 0.113337 0.979163
13 0.81188 0.685714 0.112429 0.11305 0.979137
1 0.563494 0.437067 0.112183 0.112627 0.979055
10 0.936563 0.561468 0.113015 0.114163 0.978911
6 0.687928 0.312985 0.112217 0.113264 0.978897
1 0.563491 0.189071 0.112197 0.112919 0.978855
5 0.812023 0.312911 0.11271 0.112992 0.978632
11 0.439169 0.188937 0.112006 0.113285 0.978533
2 0.563163 0.313321 0.111957 0.112198 0.97845
12 0.687913 0.561317 0.111746 0.113228 0.978434
5 0.936305 0.188698 0.113104 0.113317 0.978326
0 0.687185 0.43722 0.111174 0.111907 0.978251
7 0.812158 0.437154 0.112742 0.113656 0.978097
7 0.812226 0.561576 0.112827 0.113705 0.977833
2 0.936249 0.437156 0.113113 0.113698 0.977827
7 0.936057 0.313384 0.112799 0.113553 0.977366
3 0.688082 0.685214 0.112462 0.113185 0.0148839
3 0.563949 0.31395 0.112914 0.113296 0.011527
10 0.935709 0.188898 0.111572 0.112141 0.0108499
10 0.439397 0.189177 0.111922 0.111657 0.00929348
3 0.811575 0.0657489 0.112782 0.11269 0.0092427
10 0.192247 0.933425 0.111322 0.111155 0.00874494
10 0.314883 0.188826 0.111904 0.111867 0.00833231
3 0.935857 0.437801 0.114079 0.113443 0.00769925
9 0.563691 0.685151 0.111963 0.112682 0.00679338
0 0.688067 0.189149 0.109787 0.113272 0.00661355
3 0.563348 0.933733 0.112024 0.11305 0.00563372
12 0.811421 0.437034 0.112091 0.113184 0.00563275
12 0.811436 0.561473 0.112281 0.113074 0.00550956
11 0.811638 0.933425 0.112007 0.110649 0.0053828
3 0.439916 0.0654268 0.112215 0.113143 0.00526519
2 0.564085 0.685601 0.112203 0.112256 0.0047108
8 0.563839 0.933765 0.112321 0.113179 0.00398428
5 0.811872 0.19006 0.112219 0.112579 0.00377252
7 0.0670035 0.43652 0.111959 0.114051 0.00354958
3 0.0665078 0.313512 0.113958 0.113193 0.00344724
1 0.439828 0.561587 0.112224 0.112489 0.00326884
12 0.935935 0.0650739 0.110646 0.111874 0.00310046
1 0.067116 0.0639498 0.113267 0.113088 0.00301797
11 0.563871 0.685439 0.11129 0.113655 0.0030145
2 0.440058 0.809805 0.11228 0.112584 0.00298914
1 0.31546 0.437472 0.11205 0.112772 0.00292723
6 0.067248 0.56147 0.113243 0.11309 0.00272539
2 0.31575 0.809784 0.112689 0.113104 0.00271842
8 0.688067 0.189149 0.109787 0.113272 0.00269254
3 0.687917 0.313155 0.111601 0.112506 0.00268299
1 0.0668352 0.809533 0.114125 0.112971 0.00257713
12 0.811196 0.685684 0.111587 0.11299 0.00256484
3 0.315426 0.685344 0.112102 0.113063 0.00255805
12 0.935968 0.31283 0.11267 0.11338 0.00254634
3 0.688171 0.809377 0.110949 0.111712 0.00254541
4 0.563597 0.561086 0.111484 0.113048 0.00251946
6 0.93621 0.0652846 0.111788 0.112901 0.00249377
11 0.439941 0.80976 0.110893 0.112817 0.00244927
1 0.439482 0.685436 0.112711 0.1127 0.00241903
12 0.687676 0.0646615 0.111184 0.111829 0.00235344
4 0.812143 0.189655 0.111603 0.112735 0.00230453
12 0.439728 0.437578 0.111244 0.111906 0.00229358
5 0.688249 0.0648011 0.11006 0.111531 0.00228125
2 0.439828 0.561587 0.112224 0.112489 0.00225983
8 0.813016 0.0653333 0.110229 0.11173 0.0021957
11 0.811474 0.313059 0.112688 0.112014 0.00208711
6 0.191324 0.437183 0.112454 0.113031 0.00208334
5 0.811385 0.0647435 0.112617 0.113197 0.00207584
2 0.688065 0.0643214 0.109504 0.113235 0.00207463
0 0.563657 0.188661 0.112245 0.113411 0.00205449
8 0.688186 0.685666 0.11101 0.112554 0.00201762
7 0.563597 0.561086 0.111484 0.113048 0.00200713
5 0.688175 0.685484 0.112282 0.113739 0.00199107
11 0.315827 0.809654 0.111405 0.112663 0.00195464
6 0.440201 0.438061 0.112644 0.113145 0.00195433
11 0.93568 0.188936 0.111544 0.111895 0.0019064
9 0.439684 0.809169 0.111675 0.113005 0.00189672
2 0.439482 0.685436 0.112711 0.1127 0.00189316
2 0.31546 0.437472 0.11205 0.112772 0.00189083
2 0.813133 0.933126 0.114063 0.11417 0.00189069
0 0.688156 0.561624 0.110837 0.112475 0.00188838
5 0.0664046 0.313173 0.112937 0.112654 0.00187481
3 0.6875 0.561173 0.110685 0.112764 0.00187183
3 0.563996 0.0648061 0.111431 0.113591 0.00180947
1 0.688175 0.685484 0.112282 0.113739 0.00180448
3 0.439936 0.685358 0.111419 0.112152 0.00179007
2 0.440515 0.438096 0.11295 0.112913 0.00178299
11 0.19226 0.933329 0.111212 0.110952 0.00177376
13 0.935935 0.561443 0.110943 0.111927 0.0017598
7 0.315869 0.933508 0.112706 0.113606 0.00175204
1 0.935914 0.43794 0.111155 0.113879 0.00175105
6 0.191612 0.561456 0.111966 0.112949 0.0017478
1 0.687794 0.436541 0.112292 0.112342 0.00173661
4 0.192317 0.313528 0.111862 0.113118 0.00173566
3 0.440054 0.561574 0.11139 0.112288 0.00173413
4 0.440201 0.438061 0.112644 0.113145 0.0017275
5 0.93598 0.437238 0.113259 0.114271 0.00171683
10 0.812022 0.933737 0.111274 0.111879 0.00167517
6 0.686791 0.560845 0.110133 0.112039 0.00161999
12 0.439279 0.933886 0.111412 0.111748 0.00161476
7 0.68831 0.809551 0.112935 0.112612 0.00160554
0 0.563637 0.436785 0.111738 0.112718 0.00159995
6 0.440054 0.561574 0.11139 0.112288 0.00156512
11 0.935742 0.933697 0.111777 0.114671 0.00156275
0 0.0670082 0.188454 0.112058 0.112202 0.00153832
9 0.935809 0.684993 0.112161 0.111652 0.00152214
12 0.688067 0.189149 0.109787 0.113272 0.00150539
7 0.439936 0.685358 0.111419 0.112152 0.00150143
12 0.93578 0.934065 0.111675 0.114165 0.00148543
6 0.812573 0.437925 0.110563 0.113044 0.00147522
10 0.811409 0.312903 0.111048 0.111697 0.00145728
1 0.0671911 0.313505 0.112221 0.113316 0.00145576
4 0.688192 0.0651037 0.110689 0.112645 0.00145434
3 0.190772 0.0652219 0.11308 0.112788 0.00145348
3 0.93654 0.809217 0.11237 0.113277 0.00145074
4 0.563827 0.437132 0.112111 0.111912 0.00144714
7 0.191237 0.18955 0.11181 0.112954 0.00143519
6 0.439423 0.685138 0.111783 0.112709 0.00139591
10 0.935562 0.933612 0.113027 0.114508 0.00136675
13 0.811492 0.561179 0.111913 0.113514 0.00136173
7 0.811911 0.68536 0.111906 0.113466 0.00135132
6 0.811492 0.561179 0.111913 0.113514 0.00135017
12 0.315759 0.313626 0.112277 0.112934 0.00134951
1 0.688157 0.313146 0.11126 0.113777 0.0013155
1 0.688346 0.809749 0.111479 0.11361 0.00131412
1 0.812004 0.0645711 0.111984 0.113525 0.00130608
12 0.190984 0.188544 0.111841 0.112009 0.00130555
12 0.19192 0.312979 0.111744 0.112207 0.00130222
4 0.563862 0.189243 0.112207 0.113165 0.00129409
11 0.191288 0.685556 0.111917 0.11179 0.00127705
12 0.936012 0.809417 0.112274 0.113264 0.00127075
9 0.439468 0.189353 0.111473 0.11195 0.00126809
9 0.812396 0.809217 0.111491 0.112652 0.00125032
8 0.563489 0.313156 0.112641 0.113892 0.00124197
1 0.936199 0.065071 0.110885 0.112002 0.00123631
7 0.93613 0.561302 0.111963 0.113859 0.00123323
3 0.191704 0.561157 0.111098 0.112845 0.00122392
8 0.935599 0.437881 0.113349 0.114036 0.00122184
0 0.0667548 0.934048 0.113733 0.113641 0.00121141
4 0.192023 0.809488 0.111693 0.111942 0.00120298
13 0.315784 0.934017 0.111663 0.111606 0.00119478
9 0.68821 0.0652583 0.109495 0.11147 0.00119401
10 0.439905 0.313473 0.113097 0.113409 0.00118895
1 0.687798 0.0647153 0.111008 0.112274 0.0011859
4 0.439767 0.313431 0.112273 0.113094 0.00118244
4 0.936108 0.313283 0.112717 0.114547 0.00117762
9 0.315548 0.809283 0.112315 0.113277 0.00116701
0 0.190765 0.43819 0.112876 0.112133 0.00116332
7 0.686701 0.562045 0.110176 0.112164 0.00115808
7 0.688104 0.312766 0.111325 0.113212 0.00115258
1 0.563932 0.933608 0.11302 0.113487 0.00115039
1 0.439289 0.064653 0.111543 0.113755 0.00114431
1 0.563603 0.312816 0.11209 0.113871 0.00114403
7 0.440054 0.561574 0.11139 0.112288 0.00114402
7 0.315908 0.437485 0.112201 0.112519 0.00113668
0 0.935431 0.933999 0.111908 0.113403 0.00113623
13 0.563126 0.561243 0.112367 0.112714 0.00113606
5 0.192317 0.313528 0.111862 0.113118 0.0011306
13 0.81152 0.189074 0.112421 0.112593 0.00112638
8 0.688042 0.436913 0.112018 0.113295 0.00111233
13 0.811469 0.436772 0.111509 0.113501 0.00111115
6 0.935943 0.313317 0.112647 0.114864 0.00110977
3 0.0667408 0.685246 0.113727 0.113951 0.00110856
12 0.688104 0.312766 0.111325 0.113212 0.00110521
5 0.563414 0.313458 0.11185 0.112819 0.00109455
10 0.0662025 0.437573 0.114262 0.111956 0.00106822
12 0.066998 0.436544 0.111788 0.114158 0.00106422
9 0.688207 0.933633 0.111218 0.111927 0.00105817
11 0.936691 0.561173 0.111311 0.113307 0.00105666
4 0.935935 0.0650739 0.110646 0.111874 0.00105234
4 0.936528 0.561196 0.113831 0.113616 0.00105217
10 0.43965 0.93386 0.111172 0.113478 0.00104526
6 0.192317 0.313528 0.111862 0.113118 0.00104077
6 0.564052 0.810163 0.111742 0.112793 0.00103146
0 0.315206 0.313153 0.11131 0.112606 0.00103005
12 0.439767 0.313431 0.112273 0.113094 0.00102967
4 0.812779 0.436439 0.110672 0.112713 0.00102935
3 0.315908 0.437485 0.112201 0.112519 0.00102167
8 0.68865 0.932836 0.113645 0.112331 0.00101805
