9 0.439159 0.0649828 0.110747 0.112005 0.986649
3 0.438974 0.934283 0.112959 0.11332 0.986615
7 0.315673 0.809642 0.112233 0.111958 0.986508
6 0.315678 0.93355 0.111442 0.113276 0.985766
13 0.315054 0.685298 0.112555 0.113251 0.984909
9 0.0669047 0.313366 0.112958 0.113277 0.984564
7 0.19156 0.68514 0.111921 0.112205 0.98427
7 0.191516 0.437715 0.112271 0.11296 0.984143
6 0.191716 0.06483 0.111708 0.11333 0.984028
1 0.563321 0.933939 0.111626 0.113388 0.984009
5 0.191532 0.561354 0.110324 0.111994 0.983973
9 0.687654 0.065176 0.110623 0.112784 0.983746
8 0.191506 0.809384 0.112083 0.112038 0.983248
4 0.936689 0.809682 0.112952 0.112902 0.983028
3 0.563714 0.68557 0.112172 0.112665 0.982979
7 0.811825 0.809673 0.11311 0.113331 0.982939
13 0.0675549 0.437734 0.112012 0.11249 0.982812
12 0.439685 0.809952 0.111355 0.113436 0.982776
10 0.68776 0.933927 0.112183 0.114347 0.982759
3 0.935944 0.933971 0.114535 0.114984 0.982709
6 0.191315 0.189006 0.11248 0.113195 0.98265
4 0.0673763 0.68528 0.113012 0.112842 0.982573
3 0.315269 0.31361 0.111539 0.113181 0.982401
11 0.190925 0.31312 0.112184 0.112748 0.982004
7 0.0674649 0.809514 0.113282 0.114003 0.981753
4 0.0668964 0.934033 0.113101 0.113831 0.981645
4 0.439435 0.189158 0.11292 0.113374 0.981602
4 0.191334 0.933332 0.114102 0.114677 0.98148
13 0.687762 0.809814 0.112927 0.113613 0.981452
11 0.811786 0.933687 0.111672 0.112212 0.980816
12 0.315167 0.437624 0.112949 0.111754 0.980778
12 0.439809 0.685607 0.111421 0.1128 0.980627
1 0.314777 0.188965 0.112484 0.112142 0.980543
12 0.067023 0.0648818 0.112953 0.112942 0.980167
10 0.936367 0.064917 0.11287 0.114518 0.980157
0 0.314917 0.561365 0.1132 0.111704 0.980119
12 0.066975 0.189008 0.113543 0.112361 0.979842
9 0.687677 0.561526 0.112144 0.112248 0.9798
6 0.811821 0.0652375 0.113476 0.114109 0.979794
12 0.314986 0.0650261 0.112825 0.112581 0.979677
3 0.563612 0.437507 0.112397 0.112706 0.979549
11 0.563554 0.313151 0.11156 0.113675 0.979513
3 0.439916 0.561356 0.112962 0.113158 0.979423
1 0.811857 0.685208 0.113104 0.112583 0.97922
10 0.687894 0.188782 0.112299 0.114076 0.979172
12 0.563803 0.188741 0.112039 0.112837 0.979008
4 0.812316 0.561372 0.11344 0.113953 0.978917
5 0.936378 0.561364 0.112624 0.112549 0.978832
0 0.563836 0.809732 0.11195 0.113188 0.97876
12 0.687832 0.312935 0.112213 0.112742 0.978684
12 0.563762 0.561631 0.112058 0.111902 0.978666
0 0.687516 0.68533 0.111859 0.112109 0.978658
12 0.812158 0.313074 0.112447 0.112602 0.978636
3 0.811482 0.437398 0.112139 0.112533 0.978623
4 0.936466 0.437019 0.114093 0.114336 0.978498
10 0.936331 0.685325 0.112302 0.113677 0.978337
2 0.811439 0.188755 0.111881 0.111904 0.977947
8 0.439742 0.437326 0.111331 0.111752 0.977928
0 0.935828 0.188738 0.112731 0.111524 0.977776
7 0.93645 0.312892 0.112888 0.113509 0.977481
8 0.68775 0.437316 0.11164 0.11244 0.977309
8 0.563804 0.0650751 0.112052 0.113006 0.977297
8 0.439674 0.313426 0.111254 0.111432 0.976736
0 0.067039 0.561118 0.111185 0.11158 0.975123
6 0.439436 0.809254 0.111 0.112097 0.105062
1 0.0669251 0.560888 0.113914 0.112397 0.0335945
6 0.0667178 0.189292 0.113009 0.113101 0.013404
6 0.439714 0.685369 0.111505 0.112102 0.0127717
2 0.563642 0.0643511 0.11146 0.113174 0.0108399
5 0.811484 0.188806 0.11309 0.112939 0.00974928
6 0.563992 0.56147 0.1119 0.112627 0.00880517
6 0.066765 0.0649255 0.11354 0.114586 0.00842174
6 0.687348 0.313552 0.112452 0.112719 0.008319
6 0.563697 0.189238 0.111026 0.113759 0.0070713
6 0.315335 0.437736 0.112284 0.113081 0.00668392
5 0.811486 0.933707 0.111312 0.113762 0.00628472
2 0.439486 0.31267 0.111567 0.112273 0.00551422
2 0.688021 0.436703 0.111803 0.111672 0.00510445
6 0.811473 0.313874 0.113074 0.112696 0.00499242
12 0.811379 0.809691 0.112073 0.112737 0.00459392
2 0.439699 0.436895 0.112236 0.113921 0.00418275
12 0.687756 0.933744 0.11178 0.113852 0.00402322
0 0.688061 0.561285 0.110352 0.112835 0.0039782
5 0.686869 0.933311 0.111082 0.111601 0.00346463
11 0.936688 0.561079 0.112467 0.111296 0.00344165
4 0.936367 0.064917 0.11287 0.114518 0.00337121
7 0.936116 0.80934 0.113223 0.115067 0.00336641
12 0.686702 0.809779 0.112623 0.110883 0.00335682
7 0.31596 0.685265 0.111873 0.113024 0.00316071
12 0.688061 0.561285 0.110352 0.112835 0.0030646
7 0.811559 0.560795 0.112643 0.114859 0.0030592
13 0.687756 0.933744 0.11178 0.113852 0.00305223
0 0.688055 0.0648694 0.108937 0.112013 0.00299376
4 0.936058 0.684706 0.111753 0.11461 0.00296024
12 0.688055 0.0648694 0.108937 0.112013 0.00283644
7 0.067791 0.437358 0.112608 0.113247 0.00282681
10 0.81132 0.93334 0.110811 0.111348 0.00280651
12 0.811419 0.43724 0.110206 0.112823 0.00277761
1 0.687456 0.685156 0.111998 0.111539 0.00265971
3 0.190875 0.189151 0.112055 0.11296 0.00263991
0 0.0673687 0.313607 0.113127 0.114491 0.00263309
7 0.439441 0.189102 0.112097 0.113074 0.00260096
0 0.687207 0.43805 0.110746 0.112212 0.00256061
7 0.066781 0.934231 0.114213 0.114597 0.00255633
1 0.812192 0.561349 0.113578 0.114037 0.00254645
0 0.81216 0.685184 0.111385 0.112102 0.00245417
11 0.687756 0.933744 0.11178 0.113852 0.00242789
5 0.563815 0.314031 0.11235 0.113134 0.00242676
4 0.0672319 0.809231 0.114045 0.113011 0.00241402
12 0.191096 0.436624 0.110223 0.110799 0.00240533
3 0.191038 0.0649827 0.111645 0.113278 0.00232557
0 0.439078 0.438023 0.111904 0.112723 0.00231061
7 0.191572 0.933399 0.11201 0.112738 0.00229514
6 0.811315 0.8091 0.111309 0.112319 0.00229283
1 0.315533 0.56138 0.112832 0.112609 0.00228342
12 0.936092 0.313062 0.112112 0.113129 0.00225224
1 0.936316 0.43695 0.113889 0.114355 0.00223138
3 0.687527 0.561303 0.111008 0.112945 0.00222388
4 0.935994 0.313416 0.114057 0.11292 0.00220312
6 0.315279 0.0650383 0.112861 0.114239 0.00218951
3 0.315678 0.93355 0.111442 0.113276 0.00217119
4 0.688213 0.933699 0.113227 0.115728 0.00216978
7 0.688213 0.933699 0.113227 0.115728 0.00210696
7 0.936058 0.684706 0.111753 0.11461 0.00208098
3 0.812106 0.0650451 0.113129 0.11453 0.00205412
4 0.688105 0.189349 0.112691 0.115266 0.0020446
12 0.687871 0.189418 0.112479 0.112919 0.0020368
11 0.439187 0.313186 0.112512 0.112276 0.00203044
1 0.439943 0.189337 0.112952 0.113045 0.00199787
4 0.315977 0.809715 0.111923 0.112556 0.00199157
8 0.686796 0.561222 0.11145 0.111119 0.00197948
13 0.935978 0.685344 0.111403 0.112324 0.00193249
7 0.811509 0.312728 0.110236 0.112972 0.0019142
5 0.688081 0.189196 0.113698 0.114677 0.00190288
2 0.191506 0.809384 0.112083 0.112038 0.00189573
7 0.935544 0.437451 0.112189 0.112687 0.00189113
5 0.935934 0.685403 0.112133 0.111932 0.00187819
1 0.563966 0.809693 0.111559 0.112873 0.0018193
4 0.812173 0.809198 0.113403 0.114055 0.00180943
11 0.687843 0.438168 0.111954 0.112538 0.0018087
11 0.811584 0.188586 0.111682 0.113861 0.00178897
1 0.811714 0.188799 0.111717 0.112029 0.00173664
7 0.686731 0.313518 0.11108 0.112752 0.00166124
1 0.0669888 0.685132 0.114393 0.113971 0.00165588
12 0.0674344 0.313585 0.112951 0.113792 0.00164729
7 0.811821 0.0652375 0.113476 0.114109 0.0016003
4 0.563636 0.685449 0.11149 0.112048 0.00159748
4 0.563356 0.93359 0.110735 0.112171 0.00158658
12 0.439665 0.5612 0.111716 0.11267 0.00158309
4 0.563628 0.437526 0.11088 0.11185 0.00157373
7 0.688105 0.189349 0.112691 0.115266 0.00156485
11 0.19153 0.809356 0.112083 0.112811 0.00156151
0 0.563356 0.93359 0.110735 0.112171 0.00155322
4 0.811682 0.685148 0.112411 0.112188 0.0015369
7 0.31531 0.436733 0.111214 0.111994 0.00152197
10 0.190994 0.560991 0.110921 0.111112 0.00151694
10 0.936129 0.313283 0.112823 0.115075 0.00151219
11 0.439636 0.436737 0.112174 0.112617 0.00149794
9 0.0666417 0.437265 0.114559 0.11299 0.00149223
13 0.936333 0.0646662 0.112368 0.112886 0.00148411
10 0.936365 0.561513 0.111449 0.111672 0.00147054
6 0.563612 0.437507 0.112397 0.112706 0.00145685
0 0.688117 0.313707 0.110863 0.11329 0.00145552
1 0.191407 0.934007 0.113439 0.114216 0.00144445
10 0.191328 0.43787 0.110491 0.113748 0.00144237
13 0.191328 0.43787 0.110491 0.113748 0.00143838
7 0.0669888 0.685132 0.114393 0.113971 0.00142281
8 0.688055 0.0648694 0.108937 0.112013 0.00141774
1 0.067019 0.934342 0.114707 0.114925 0.00141341
1 0.936565 0.809349 0.112408 0.113187 0.00141029
12 0.191357 0.685312 0.110421 0.111852 0.00139123
13 0.687449 0.188673 0.111934 0.111826 0.00138351
10 0.0666417 0.437265 0.114559 0.11299 0.00134985
4 0.315156 0.189302 0.112143 0.113473 0.00134898
12 0.935218 0.933942 0.111851 0.112521 0.00133656
12 0.563317 0.437619 0.111582 0.112334 0.00132807
0 0.439603 0.313542 0.111695 0.111628 0.00132281
0 0.314936 0.188739 0.111951 0.1131 0.00131329
12 0.438989 0.934124 0.11097 0.111572 0.00130272
11 0.191054 0.56073 0.110284 0.110571 0.00129464
4 0.439436 0.809254 0.111 0.112097 0.00129309
4 0.19156 0.68514 0.111921 0.112205 0.00126978
4 0.191449 0.437452 0.112831 0.112266 0.00126578
8 0.0674344 0.313585 0.112951 0.113792 0.0012581
9 0.81139 0.437188 0.11118 0.112973 0.00124422
12 0.936171 0.68543 0.113166 0.112832 0.00124201
3 0.811759 0.189158 0.111237 0.111413 0.00123661
6 0.936001 0.312729 0.112235 0.113077 0.00123594
7 0.563819 0.561191 0.112018 0.112838 0.00122603
9 0.93588 0.933853 0.113256 0.113229 0.00120634
5 0.191081 0.313668 0.11206 0.112987 0.00120624
12 0.315977 0.809715 0.111923 0.112556 0.00119504
6 0.811482 0.437398 0.112139 0.112533 0.00119315
10 0.191611 0.313409 0.111874 0.112068 0.00118934
6 0.191572 0.933399 0.11201 0.112738 0.00113247
12 0.439326 0.0649887 0.111761 0.110728 0.00111698
13 0.31531 0.436733 0.111214 0.111994 0.00110724
12 0.935887 0.0654073 0.113796 0.114391 0.00107041
3 0.439436 0.809254 0.111 0.112097 0.00106644
4 0.935813 0.933987 0.112646 0.112172 0.00106343
5 0.935887 0.0654073 0.113796 0.114391 0.00105962
10 0.812225 0.561212 0.113045 0.113527 0.00105638
9 0.93593 0.189014 0.112354 0.112489 0.0010504
1 0.563723 0.685805 0.111966 0.112606 0.00104186
1 0.811482 0.437398 0.112139 0.112533 0.00103833
1 0.439831 0.561314 0.112497 0.113016 0.0010223
6 0.811527 0.561148 0.11393 0.114438 0.0010219
10 0.936565 0.809349 0.112408 0.113187 0.00101564
7 0.936009 0.0642858 0.11349 0.115203 0.0010084
12 0.315003 0.685432 0.111959 0.112355 0.00100795
0 0.439271 0.0650146 0.111738 0.111477 0.00100778
11 0.563619 0.0646818 0.112116 0.112381 0.00100448
6 0.315618 0.313498 0.112592 0.112772 0.00100381
5 0.93636 0.80945 0.11302 0.112315 0.00100029
