3 0.43906 0.809602 0.113235 0.113243 0.987016
7 0.315376 0.934293 0.111348 0.11285 0.986829
9 0.563314 0.934126 0.111831 0.113942 0.985923
4 0.0674283 0.809364 0.113254 0.11367 0.985288
11 0.439558 0.934106 0.112079 0.112635 0.985109
2 0.439183 0.685181 0.112616 0.112583 0.984822
13 0.315067 0.685284 0.111615 0.112465 0.984725
4 0.191789 0.933689 0.11186 0.113344 0.984574
2 0.687643 0.934148 0.112527 0.113738 0.984525
7 0.0667297 0.0652304 0.113816 0.113222 0.984462
7 0.936761 0.809646 0.112272 0.111627 0.984318
5 0.315904 0.562043 0.11133 0.112172 0.984216
7 0.0672768 0.934042 0.113589 0.113788 0.984009
10 0.31569 0.809209 0.112261 0.112349 0.983608
12 0.315405 0.064704 0.1116 0.112487 0.983531
10 0.191845 0.685185 0.111458 0.112517 0.983501
6 0.191262 0.18863 0.112179 0.112678 0.983489
6 0.191155 0.0644323 0.111291 0.11252 0.983248
5 0.812091 0.934425 0.112028 0.11248 0.983156
6 0.191378 0.437564 0.11237 0.112296 0.982935
1 0.0672128 0.685702 0.112112 0.111813 0.982852
4 0.935892 0.934498 0.113867 0.1133 0.982837
7 0.191235 0.561493 0.112735 0.111638 0.982711
10 0.315427 0.188829 0.11346 0.111451 0.98251
3 0.563136 0.0651574 0.112594 0.114142 0.98212
12 0.315662 0.437467 0.111439 0.111475 0.98204
6 0.93628 0.685102 0.113213 0.112494 0.981891
12 0.315765 0.313398 0.112356 0.111702 0.981809
1 0.0670882 0.437624 0.112777 0.112315 0.981794
11 0.066844 0.313777 0.113212 0.112409 0.981751
13 0.935958 0.0654761 0.113358 0.113562 0.981732
11 0.19102 0.313732 0.111978 0.111768 0.981465
2 0.191211 0.809245 0.113535 0.113133 0.981369
1 0.439423 0.0650804 0.111407 0.112688 0.981173
1 0.0668331 0.189486 0.112622 0.112869 0.981061
1 0.563648 0.685209 0.11194 0.112643 0.980714
12 0.563808 0.809831 0.111839 0.112689 0.980413
12 0.812213 0.810046 0.112428 0.112738 0.979946
10 0.812076 0.0650527 0.110999 0.112963 0.979706
9 0.439409 0.313227 0.111565 0.1134 0.979663
1 0.563766 0.437129 0.112157 0.113062 0.979556
4 0.687909 0.312776 0.113208 0.113558 0.979477
12 0.439424 0.561668 0.11131 0.111437 0.979339
9 0.439574 0.43721 0.111948 0.113458 0.979193
4 0.936592 0.561204 0.113857 0.113489 0.978877
11 0.812044 0.561651 0.11244 0.11326 0.97886
8 0.68801 0.809582 0.111414 0.114302 0.978833
2 0.563603 0.561153 0.112364 0.114286 0.978632
5 0.687806 0.188681 0.111957 0.112368 0.978613
10 0.812277 0.685161 0.112407 0.112309 0.978575
0 0.563508 0.313066 0.111754 0.113433 0.978545
0 0.687915 0.685173 0.111953 0.112487 0.978477
0 0.812186 0.313057 0.11185 0.112953 0.978334
0 0.687833 0.437168 0.111987 0.112761 0.978298
3 0.936387 0.436873 0.113278 0.114471 0.978157
8 0.067556 0.561245 0.111352 0.112643 0.978034
3 0.812257 0.18851 0.112225 0.113506 0.97798
5 0.812313 0.437208 0.112318 0.112464 0.977909
8 0.687688 0.561395 0.112059 0.112805 0.977839
1 0.936333 0.312719 0.11361 0.112455 0.977783
8 0.439742 0.189065 0.111166 0.11224 0.97708
8 0.687928 0.0645342 0.111291 0.113338 0.977022
8 0.563782 0.18908 0.111241 0.11269 0.976814
8 0.93585 0.189118 0.111528 0.11284 0.976648
2 0.439679 0.188737 0.111523 0.112381 0.0161904
2 0.687841 0.560998 0.1115 0.111761 0.0157471
2 0.0668144 0.560975 0.115304 0.113687 0.0147021
2 0.688118 0.0645285 0.111285 0.113112 0.0121308
5 0.81202 0.561369 0.112475 0.112334 0.0119875
2 0.563916 0.189066 0.110714 0.112286 0.0105383
2 0.935926 0.18902 0.112195 0.1125 0.0089339
2 0.688268 0.808944 0.111588 0.112141 0.00864716
4 0.316317 0.809442 0.112128 0.112497 0.00695355
5 0.811761 0.685674 0.112703 0.111383 0.00672608
4 0.812005 0.065477 0.112666 0.112349 0.00663927
4 0.811761 0.685674 0.112703 0.111383 0.00651605
3 0.440057 0.436704 0.111415 0.111898 0.00650391
7 0.191957 0.933608 0.111411 0.112277 0.00559831
6 0.439978 0.561391 0.111611 0.112652 0.00530677
5 0.440086 0.934183 0.112932 0.113076 0.00509631
13 0.314832 0.188451 0.111302 0.111826 0.00470168
12 0.936117 0.809885 0.112948 0.113663 0.00466774
3 0.93662 0.685053 0.112177 0.113518 0.00446852
5 0.0677297 0.31353 0.112663 0.111346 0.00435915
4 0.191506 0.684884 0.112018 0.112383 0.00428289
2 0.68809 0.18907 0.113026 0.112909 0.00415328
1 0.936718 0.561196 0.11401 0.113938 0.00355129
0 0.936418 0.312915 0.11247 0.111162 0.0033515
5 0.812005 0.065477 0.112666 0.112349 0.00321017
7 0.811537 0.0642372 0.112136 0.113001 0.0031724
10 0.0665532 0.313572 0.112746 0.11169 0.0031676
8 0.688293 0.933783 0.112143 0.113399 0.003118
10 0.811436 0.561466 0.110649 0.111847 0.00301937
6 0.315958 0.437588 0.112204 0.112827 0.00301277
7 0.687408 0.312791 0.111726 0.112218 0.00297901
6 0.315973 0.313536 0.112646 0.113218 0.00295705
3 0.191065 0.437068 0.113077 0.112527 0.00295392
2 0.813114 0.933346 0.113586 0.114992 0.00291516
12 0.440057 0.436704 0.111415 0.111898 0.00281525
0 0.93613 0.1888 0.110702 0.111806 0.00281014
4 0.315387 0.188674 0.11094 0.112378 0.00280321
13 0.190965 0.684876 0.111606 0.110879 0.00268448
1 0.687863 0.313154 0.113118 0.113076 0.00263499
12 0.439562 0.313512 0.11183 0.112479 0.00260054
7 0.935715 0.93398 0.112 0.112447 0.00258388
6 0.191957 0.933608 0.111411 0.112277 0.00246943
5 0.1916 0.809193 0.112398 0.11215 0.00243166
1 0.0670071 0.809009 0.115011 0.114236 0.00240548
6 0.93603 0.809493 0.11222 0.113265 0.0023788
6 0.811604 0.188993 0.110696 0.112918 0.00237649
3 0.68809 0.18907 0.113026 0.112909 0.00237642
7 0.811395 0.684708 0.112118 0.112872 0.0023414
12 0.811674 0.188599 0.11205 0.112827 0.00233824
7 0.315769 0.809141 0.112767 0.112466 0.00233752
6 0.56383 0.809282 0.111565 0.112862 0.00231899
1 0.812306 0.312601 0.11176 0.112996 0.00225585
3 0.811633 0.436529 0.111685 0.110626 0.00219664
3 0.687805 0.93374 0.111944 0.113573 0.00218509
1 0.563664 0.561178 0.112465 0.113681 0.00217995
1 0.936132 0.934037 0.113075 0.114634 0.00214854
12 0.812005 0.065477 0.112666 0.112349 0.00214697
4 0.315746 0.933916 0.111596 0.113216 0.00213439
11 0.811579 0.933811 0.112999 0.11095 0.00212457
0 0.439393 0.064551 0.111208 0.113565 0.00206212
12 0.936035 0.437167 0.111565 0.112249 0.0020445
1 0.439472 0.685049 0.112704 0.112924 0.00203783
1 0.687834 0.933756 0.112779 0.113844 0.00200714
4 0.0672768 0.934042 0.113589 0.113788 0.00200191
11 0.687813 0.809486 0.111857 0.111942 0.0019878
2 0.812616 0.437959 0.11163 0.111609 0.00198305
13 0.811296 0.685449 0.111947 0.111759 0.00193936
3 0.191211 0.809245 0.113535 0.113133 0.00191018
4 0.812325 0.43788 0.110603 0.110689 0.00187764
13 0.315307 0.809243 0.112167 0.111991 0.00182168
4 0.936789 0.809123 0.112753 0.112718 0.00181509
0 0.563807 0.437054 0.111685 0.112864 0.00178432
10 0.191074 0.313442 0.111209 0.111531 0.00176266
9 0.936651 0.436541 0.112304 0.114716 0.00175818
7 0.315482 0.188862 0.11292 0.112411 0.00173558
7 0.191458 0.68476 0.112301 0.112444 0.00170536
12 0.31492 0.68518 0.111919 0.112201 0.00169158
1 0.191706 0.93386 0.113346 0.114019 0.00168778
1 0.563591 0.312509 0.111943 0.113097 0.00165887
7 0.811569 0.810036 0.112237 0.113025 0.00165024
8 0.688196 0.684743 0.112038 0.112117 0.00164751
13 0.811609 0.0646281 0.111561 0.11213 0.00164375
7 0.935656 0.561246 0.111477 0.111834 0.00163109
9 0.688098 0.43705 0.112314 0.113644 0.00159437
3 0.564039 0.561054 0.112362 0.112937 0.00156023
5 0.686941 0.933648 0.114087 0.111047 0.00155639
4 0.563913 0.685071 0.111594 0.111674 0.00152411
12 0.316074 0.188878 0.111983 0.112071 0.00152242
11 0.811607 0.43722 0.112207 0.111145 0.00148987
11 0.563916 0.189066 0.110714 0.112286 0.00148739
8 0.563826 0.933925 0.112595 0.113088 0.00146833
3 0.190902 0.189016 0.111653 0.112498 0.00146296
4 0.68809 0.18907 0.113026 0.112909 0.00145428
1 0.191332 0.809064 0.112932 0.112766 0.00144757
3 0.439183 0.685181 0.112616 0.112583 0.00144281
6 0.811569 0.810036 0.112237 0.113025 0.00142957
4 0.563878 0.437258 0.111862 0.112163 0.00138729
0 0.0664689 0.436825 0.114541 0.111871 0.00138403
11 0.688106 0.561465 0.111388 0.114008 0.00138023
13 0.0665532 0.313572 0.112746 0.11169 0.00138009
11 0.688118 0.0645285 0.111285 0.113112 0.00137774
3 0.191155 0.0644323 0.111291 0.11252 0.00136475
0 0.0668766 0.188836 0.112674 0.112483 0.00136392
12 0.811761 0.685674 0.112703 0.111383 0.00135058
0 0.439755 0.436811 0.110907 0.114465 0.00133588
6 0.936001 0.437414 0.111501 0.113625 0.00133213
10 0.811591 0.437039 0.113612 0.111332 0.00132856
4 0.687805 0.93374 0.111944 0.113573 0.00132806
4 0.19128 0.561269 0.112276 0.111861 0.00131189
8 0.68813 0.437016 0.111497 0.112259 0.00131177
5 0.191456 0.313481 0.112371 0.110871 0.00130097
0 0.563913 0.685071 0.111594 0.111674 0.00129931
0 0.439457 0.313545 0.111681 0.112772 0.00129703
11 0.439679 0.188737 0.111523 0.112381 0.00129339
3 0.439457 0.313545 0.111681 0.112772 0.0012768
0 0.0670204 0.685399 0.112436 0.112224 0.00124721
12 0.43931 0.809578 0.111866 0.112493 0.00123716
10 0.81156 0.933244 0.114664 0.111759 0.00123192
5 0.563637 0.561518 0.11314 0.113094 0.00119478
2 0.936718 0.561196 0.11401 0.113938 0.00119184
13 0.191074 0.313442 0.111209 0.111531 0.00118975
3 0.811579 0.933811 0.112999 0.11095 0.0011868
12 0.316242 0.809451 0.113104 0.113166 0.00118617
0 0.688214 0.0648965 0.111394 0.113418 0.00117264
3 0.563314 0.934126 0.111831 0.113942 0.00114457
12 0.191418 0.561097 0.110765 0.11209 0.00113508
10 0.936132 0.934037 0.113075 0.114634 0.00112557
1 0.439461 0.809771 0.111754 0.112786 0.00111282
11 0.688062 0.189083 0.114235 0.114205 0.0011116
1 0.687931 0.43658 0.112291 0.112523 0.00110929
11 0.0676949 0.560676 0.11222 0.115348 0.0011043
9 0.812993 0.189427 0.111037 0.110861 0.00110147
7 0.0670071 0.809009 0.115011 0.114236 0.00109814
4 0.564039 0.561054 0.112362 0.112937 0.00109328
9 0.688162 0.684832 0.112226 0.112952 0.00109202
0 0.0669337 0.561197 0.112525 0.112609 0.00109097
6 0.936143 0.5613 0.113804 0.112705 0.00108654
6 0.935892 0.934498 0.113867 0.1133 0.00107913
3 0.811569 0.810036 0.112237 0.113025 0.00107132
10 0.0674283 0.809364 0.113254 0.11367 0.00106843
6 0.0667475 0.809062 0.112414 0.112872 0.00104836
12 0.564172 0.934259 0.112353 0.112725 0.00103637
1 0.68785 0.685005 0.11211 0.111862 0.0010286
0 0.563826 0.933925 0.112595 0.113088 0.00102103
0 0.688106 0.561465 0.111388 0.114008 0.00100999
