7 0.315479 0.809248 0.112333 0.111625 0.985755
3 0.315303 0.0650528 0.111848 0.11285 0.98497
3 0.0680782 0.809553 0.112485 0.112981 0.984879
7 0.0673019 0.437754 0.113986 0.113132 0.984844
4 0.563817 0.809685 0.111875 0.112494 0.984835
3 0.0675721 0.685889 0.11299 0.113447 0.984558
8 0.687679 0.933977 0.111382 0.111975 0.98448
1 0.563744 0.933817 0.112611 0.112998 0.984339
0 0.439815 0.933496 0.11121 0.112783 0.983547
12 0.315674 0.437634 0.112008 0.112448 0.983445
3 0.191923 0.561703 0.111022 0.112338 0.983362
13 0.936163 0.809607 0.113414 0.113365 0.983339
5 0.687894 0.809837 0.11153 0.112852 0.983063
8 0.315418 0.685449 0.111994 0.11242 0.982801
5 0.935902 0.0659799 0.113654 0.114285 0.982776
6 0.0669926 0.0643699 0.113185 0.11395 0.982584
6 0.439806 0.809584 0.112084 0.112428 0.98251
4 0.439402 0.0652536 0.11203 0.113071 0.982483
2 0.811669 0.809491 0.113507 0.11293 0.982327
2 0.811939 0.0654763 0.112095 0.112848 0.982233
4 0.31592 0.934191 0.113487 0.11362 0.982169
2 0.0668641 0.18996 0.113242 0.11285 0.982089
12 0.936072 0.685423 0.112298 0.112198 0.982087
0 0.191689 0.684884 0.111776 0.111591 0.981976
2 0.687668 0.0653458 0.112558 0.113279 0.981951
8 0.936112 0.934206 0.113313 0.112999 0.981643
8 0.191981 0.0655251 0.112323 0.113478 0.981589
2 0.563328 0.189869 0.11216 0.112702 0.981573
2 0.19146 0.189716 0.111314 0.11169 0.981373
13 0.563503 0.68508 0.111736 0.11249 0.981104
4 0.0678502 0.313219 0.113144 0.112482 0.981088
10 0.811874 0.933523 0.113146 0.114215 0.980963
0 0.31534 0.312977 0.111971 0.112033 0.980958
9 0.192301 0.933844 0.111844 0.111947 0.98093
1 0.191281 0.313373 0.110983 0.111141 0.980908
4 0.0680956 0.561245 0.11252 0.111549 0.980845
8 0.315344 0.561196 0.112054 0.111514 0.980824
0 0.19133 0.437283 0.111471 0.111539 0.980624
2 0.191436 0.809446 0.111315 0.112431 0.980224
12 0.439121 0.188984 0.111977 0.111962 0.980222
1 0.315202 0.189317 0.111514 0.111029 0.980054
11 0.0679068 0.933157 0.112245 0.113418 0.979827
6 0.564063 0.437264 0.11265 0.112665 0.979455
7 0.687896 0.685224 0.111933 0.111715 0.979443
5 0.439476 0.561279 0.112261 0.113142 0.979439
10 0.936372 0.436899 0.113077 0.113396 0.979208
2 0.439072 0.312968 0.111267 0.111258 0.978981
1 0.687541 0.561431 0.112171 0.112051 0.978928
9 0.811757 0.561398 0.112067 0.113117 0.978723
0 0.438965 0.685244 0.112117 0.112306 0.978594
2 0.563694 0.560944 0.112262 0.113387 0.978552
12 0.811977 0.436992 0.11255 0.113358 0.978499
7 0.56371 0.313256 0.112041 0.113218 0.97849
1 0.687748 0.312849 0.111695 0.111609 0.978478
0 0.43917 0.437389 0.11127 0.111593 0.978279
1 0.812088 0.188594 0.112085 0.111603 0.978146
11 0.936281 0.312414 0.113821 0.114194 0.978101
4 0.812389 0.685246 0.113414 0.113682 0.978093
11 0.936588 0.561243 0.114017 0.113861 0.977952
0 0.68759 0.189298 0.111646 0.112586 0.977733
0 0.93563 0.188834 0.113014 0.11137 0.977707
8 0.68791 0.43745 0.111039 0.11194 0.977359
0 0.563317 0.0649214 0.110922 0.113562 0.977291
8 0.812028 0.312707 0.111893 0.112951 0.977118
9 0.687677 0.933457 0.111258 0.11293 0.0261335
9 0.687716 0.43758 0.112337 0.112414 0.022574
9 0.811322 0.31367 0.112566 0.112323 0.0150759
3 0.563728 0.561238 0.112321 0.113289 0.0140867
3 0.811799 0.0657437 0.112126 0.112749 0.0120704
3 0.811927 0.809768 0.112502 0.11215 0.0072712
10 0.936105 0.56144 0.113277 0.114047 0.00599313
0 0.688329 0.933475 0.112396 0.113746 0.00579857
9 0.935979 0.934279 0.113361 0.112361 0.00571958
2 0.0669253 0.561362 0.113501 0.111819 0.00536883
3 0.439807 0.31409 0.112201 0.112638 0.00505069
8 0.688244 0.0649996 0.111153 0.114145 0.00497191
12 0.686731 0.685423 0.109944 0.111813 0.00470557
3 0.190739 0.189831 0.112289 0.112038 0.00446986
3 0.688021 0.0654316 0.112966 0.11336 0.00439843
1 0.563472 0.0643593 0.110494 0.113693 0.00387059
0 0.688177 0.312103 0.110865 0.111101 0.00376703
5 0.0666436 0.188522 0.113248 0.113387 0.00356713
0 0.811917 0.188303 0.111477 0.111879 0.00348105
3 0.564177 0.189927 0.11233 0.112405 0.00345267
1 0.439402 0.0652536 0.11203 0.113071 0.00344775
11 0.192049 0.933577 0.111263 0.111158 0.00335723
11 0.687901 0.436621 0.11041 0.112363 0.0033377
1 0.0669253 0.561362 0.113501 0.111819 0.00333434
5 0.811369 0.80942 0.113836 0.113278 0.00309049
2 0.0667364 0.313493 0.111195 0.111005 0.00307458
1 0.0667364 0.313493 0.111195 0.111005 0.00303937
11 0.936413 0.934159 0.111474 0.111652 0.00294763
10 0.0668005 0.933836 0.113909 0.115279 0.00289108
4 0.192135 0.561147 0.111048 0.111311 0.00287286
11 0.315707 0.560926 0.110189 0.112713 0.00281524
0 0.688165 0.437288 0.112195 0.11493 0.00280638
10 0.935956 0.312749 0.113588 0.114223 0.00279589
2 0.688157 0.436736 0.111292 0.113527 0.00278901
10 0.687667 0.809467 0.11145 0.112199 0.00278893
3 0.191716 0.80947 0.111416 0.112681 0.00274856
8 0.811497 0.0645959 0.112367 0.113471 0.00270926
10 0.936261 0.0652619 0.112036 0.112742 0.00268713
5 0.0663133 0.313468 0.112433 0.112287 0.00265513
6 0.439208 0.189308 0.111267 0.11293 0.00264777
12 0.93585 0.809314 0.112927 0.114824 0.00262364
0 0.687656 0.560769 0.111766 0.111652 0.00259961
11 0.315856 0.685444 0.11088 0.112391 0.00256807
6 0.686757 0.685123 0.112311 0.110935 0.002521
5 0.0668445 0.561303 0.112302 0.112258 0.00249692
1 0.687779 0.188557 0.110818 0.112382 0.00244786
1 0.31592 0.934191 0.113487 0.11362 0.00243439
5 0.93627 0.437776 0.112815 0.113124 0.00243208
1 0.812142 0.685296 0.114169 0.113908 0.00237624
0 0.811278 0.561183 0.110641 0.111802 0.00235202
0 0.811696 0.313457 0.110069 0.111627 0.00234241
11 0.811843 0.313132 0.111723 0.11303 0.00229044
1 0.563817 0.809685 0.111875 0.112494 0.00228793
5 0.0668986 0.933974 0.113747 0.114459 0.0022449
11 0.688142 0.933695 0.111764 0.112709 0.00221576
4 0.688158 0.809241 0.112188 0.112977 0.00221008
2 0.315547 0.561253 0.112331 0.113027 0.00213235
0 0.563844 0.934051 0.111465 0.111847 0.00212485
1 0.192117 0.4375 0.110883 0.111127 0.00211936
1 0.439427 0.436805 0.111608 0.112479 0.00208846
12 0.192135 0.561147 0.111048 0.111311 0.00207937
2 0.811836 0.313766 0.112375 0.113334 0.00206919
0 0.191252 0.313491 0.110409 0.11184 0.00206393
6 0.440037 0.0652828 0.112628 0.113978 0.00204186
3 0.688158 0.809241 0.112188 0.112977 0.00203934
10 0.439488 0.561229 0.111522 0.111908 0.00202207
10 0.0674469 0.437933 0.112273 0.113256 0.00195406
3 0.314929 0.189242 0.111062 0.111631 0.00194323
2 0.812142 0.685296 0.114169 0.113908 0.00193953
3 0.0663135 0.1899 0.114356 0.112398 0.0019233
6 0.192135 0.561147 0.111048 0.111311 0.00189613
8 0.563671 0.189234 0.112612 0.11319 0.00188118
1 0.43955 0.684996 0.111765 0.112504 0.00185325
2 0.688158 0.809241 0.112188 0.112977 0.0018417
3 0.563914 0.809083 0.110042 0.112023 0.00180698
9 0.191197 0.0654641 0.112049 0.11197 0.0017763
4 0.0679696 0.438023 0.112985 0.113198 0.00176927
7 0.316384 0.933981 0.11146 0.112797 0.00176658
2 0.6881 0.313082 0.111147 0.112341 0.00173567
13 0.0668986 0.933974 0.113747 0.114459 0.00173133
8 0.563559 0.561288 0.111934 0.112469 0.00169945
2 0.315679 0.685552 0.111945 0.111855 0.00167188
8 0.811313 0.56166 0.111178 0.112552 0.0016681
2 0.563817 0.809685 0.111875 0.112494 0.00166452
9 0.81187 0.933969 0.111835 0.113334 0.00165979
3 0.0668445 0.561303 0.112302 0.112258 0.0016592
1 0.688227 0.064731 0.112626 0.114209 0.00164643
13 0.935844 0.437313 0.112185 0.111987 0.00162544
2 0.439402 0.0652536 0.11203 0.113071 0.00161327
12 0.563212 0.685044 0.110561 0.111746 0.00159615
7 0.812575 0.685183 0.113048 0.113094 0.00158255
5 0.811395 0.0647475 0.112336 0.112659 0.00157608
3 0.563955 0.437279 0.112275 0.112212 0.00156788
3 0.812575 0.685183 0.113048 0.113094 0.00156621
3 0.440037 0.0652828 0.112628 0.113978 0.00155868
5 0.191768 0.809155 0.111896 0.112104 0.00155164
0 0.315301 0.189173 0.111073 0.111803 0.00154195
7 0.563914 0.809083 0.110042 0.112023 0.00150291
6 0.811454 0.685136 0.114109 0.112581 0.001501
8 0.192018 0.933621 0.110769 0.111153 0.00149569
6 0.0676387 0.561646 0.111961 0.111384 0.00148814
3 0.81199 0.436491 0.110733 0.112745 0.00148778
11 0.686798 0.809578 0.110853 0.110044 0.00147297
2 0.688074 0.561539 0.111111 0.112003 0.00145152
8 0.935744 0.313227 0.113073 0.115218 0.00144967
1 0.563694 0.560944 0.112262 0.113387 0.0014191
11 0.191691 0.0653016 0.112601 0.113406 0.00140649
4 0.811752 0.189041 0.111461 0.11094 0.00138216
9 0.936879 0.561222 0.112697 0.113225 0.00138177
6 0.316384 0.933981 0.11146 0.112797 0.00134018
11 0.811388 0.933329 0.112723 0.112763 0.00133792
3 0.440448 0.809903 0.112388 0.113094 0.00133584
11 0.811269 0.561623 0.112363 0.113136 0.00133006
10 0.191498 0.933633 0.111599 0.113857 0.00132588
2 0.31592 0.934191 0.113487 0.11362 0.00130245
5 0.439286 0.313637 0.111554 0.111767 0.00130048
2 0.0670252 0.684858 0.114538 0.115115 0.00129459
1 0.31534 0.312977 0.111971 0.112033 0.00127698
1 0.811991 0.809096 0.113442 0.113032 0.00127679
1 0.812135 0.0646456 0.111227 0.113717 0.00127678
4 0.687984 0.31316 0.111399 0.110762 0.00125409
10 0.812575 0.685183 0.113048 0.113094 0.00123951
7 0.935952 0.436673 0.112493 0.113505 0.00121977
6 0.563914 0.809083 0.110042 0.112023 0.00121541
5 0.81169 0.933893 0.113287 0.113869 0.00120507
1 0.191682 0.684882 0.111694 0.112496 0.0011993
4 0.3156 0.809322 0.111778 0.111739 0.00119056
11 0.935615 0.437946 0.112817 0.114145 0.00116818
5 0.563607 0.809003 0.112243 0.112775 0.00116301
3 0.811321 0.188608 0.111627 0.111776 0.00115103
9 0.315418 0.685449 0.111994 0.11242 0.00114564
7 0.0676387 0.561646 0.111961 0.111384 0.00114538
6 0.0673097 0.313723 0.112519 0.111919 0.00114502
9 0.935818 0.189053 0.112742 0.112374 0.00113629
11 0.936163 0.809607 0.113414 0.113365 0.00112687
10 0.936163 0.809607 0.113414 0.113365 0.00112016
1 0.0674823 0.809265 0.112125 0.112843 0.00109543
6 0.067296 0.438046 0.113534 0.112682 0.00108936
12 0.811285 0.561917 0.111155 0.112742 0.0010823
13 0.686844 0.684987 0.111131 0.111914 0.00108081
3 0.0669926 0.0643699 0.113185 0.11395 0.0010766
6 0.935937 0.685285 0.112631 0.114523 0.00107638
4 0.687656 0.560769 0.111766 0.111652 0.00107536
1 0.563719 0.189013 0.111327 0.113021 0.0010694
4 0.315301 0.189173 0.111073 0.111803 0.00106211
13 0.811355 0.933693 0.111796 0.111567 0.00106181
7 0.563503 0.68508 0.111736 0.11249 0.00105533
4 0.688175 0.685168 0.111173 0.112344 0.00104767
7 0.811286 0.43667 0.112249 0.114037 0.0010472
2 0.688323 0.932773 0.113071 0.113162 0.00103035
7 0.0673097 0.313723 0.112519 0.111919 0.00102516
2 0.439653 0.561149 0.111916 0.112379 0.00101082
9 0.439815 0.933496 0.11121 0.112783 0.00100775
1 0.43954 0.313078 0.111334 0.113348 0.00100666
3 0.936411 0.685227 0.112315 0.111704 0.00100624
