9 0.315458 0.933687 0.111759 0.112453 0.98704
9 0.43915 0.809473 0.11157 0.111787 0.986453
9 0.935859 0.933852 0.112914 0.112632 0.985994
6 0.191811 0.809239 0.111771 0.112335 0.985591
4 0.563963 0.809773 0.112049 0.11294 0.985265
8 0.688399 0.933823 0.112377 0.113796 0.985116
7 0.314843 0.0651011 0.111552 0.111282 0.984903
4 0.191329 0.933317 0.11193 0.11359 0.984711
5 0.0671774 0.685968 0.11272 0.112953 0.98456
10 0.4399 0.933847 0.113839 0.114536 0.984511
4 0.56396 0.685552 0.111671 0.112716 0.984048
1 0.564025 0.933867 0.112095 0.113289 0.983876
4 0.0666935 0.933657 0.112457 0.113704 0.983119
4 0.315738 0.313249 0.113538 0.112595 0.983108
4 0.315483 0.188885 0.113129 0.112712 0.982969
4 0.439488 0.437186 0.112888 0.112768 0.98273
9 0.19103 0.437399 0.112541 0.112548 0.982624
7 0.191546 0.561455 0.111688 0.111963 0.98244
9 0.315259 0.561367 0.112044 0.113269 0.982324
7 0.191308 0.188907 0.113428 0.113052 0.982248
7 0.812138 0.93389 0.111624 0.111555 0.982133
7 0.315369 0.685354 0.113097 0.111833 0.982042
12 0.0673267 0.561451 0.112211 0.112295 0.982013
13 0.688197 0.809759 0.112141 0.113313 0.981986
5 0.439968 0.685922 0.111751 0.112723 0.981908
13 0.0668923 0.0649501 0.113323 0.113769 0.9818
12 0.0670186 0.313326 0.112161 0.112571 0.981598
1 0.190931 0.313026 0.112024 0.112107 0.981468
0 0.191298 0.685204 0.112252 0.111861 0.98138
1 0.936611 0.80959 0.112843 0.112327 0.981376
13 0.93596 0.0653943 0.112856 0.113195 0.981357
13 0.439454 0.313351 0.112545 0.112008 0.981247
12 0.0670087 0.437439 0.112187 0.112017 0.981169
1 0.315044 0.437344 0.112158 0.112003 0.981132
5 0.439429 0.189212 0.113792 0.113015 0.980816
1 0.0673319 0.188646 0.111778 0.112642 0.980662
8 0.812335 0.809669 0.112414 0.113535 0.980548
1 0.190809 0.0641576 0.112021 0.113258 0.980543
8 0.687979 0.0650328 0.111592 0.113894 0.979914
11 0.563704 0.561328 0.11234 0.112921 0.979804
12 0.563626 0.188838 0.112 0.112155 0.979077
12 0.563301 0.31345 0.11144 0.111169 0.979006
11 0.687384 0.312804 0.111835 0.113377 0.978904
11 0.687584 0.188683 0.112236 0.112925 0.978856
12 0.563569 0.437351 0.111789 0.111912 0.978764
12 0.439468 0.56131 0.112429 0.112083 0.978646
2 0.687732 0.685548 0.111247 0.112192 0.978572
9 0.936198 0.437678 0.110889 0.111865 0.978487
3 0.687728 0.437261 0.111726 0.112197 0.978463
3 0.812185 0.437583 0.11217 0.112249 0.978429
5 0.812128 0.685576 0.112153 0.112666 0.97841
0 0.315578 0.809426 0.112264 0.112979 0.978332
4 0.812621 0.312803 0.113352 0.112915 0.978313
8 0.936343 0.685648 0.112762 0.11237 0.978234
7 0.688051 0.561634 0.112188 0.112419 0.978061
8 0.936433 0.561865 0.111794 0.112287 0.978009
1 0.439396 0.0648395 0.111769 0.113033 0.977945
1 0.936515 0.312862 0.113786 0.112887 0.977873
2 0.812044 0.0647192 0.111774 0.112185 0.977869
2 0.935958 0.188659 0.110668 0.111529 0.977632
0 0.563251 0.0655351 0.111424 0.111358 0.977588
7 0.812336 0.561721 0.112497 0.112537 0.977555
6 0.812552 0.188803 0.112317 0.112451 0.977517
0 0.0671691 0.809379 0.112858 0.113882 0.977233
2 0.936399 0.561108 0.112838 0.111908 0.0177986
2 0.688216 0.0645937 0.111205 0.112339 0.0129045
12 0.811644 0.933401 0.111127 0.111164 0.010231
9 0.811397 0.437755 0.111177 0.112002 0.00814592
1 0.0668693 0.809226 0.113853 0.113261 0.00709304
12 0.811473 0.561781 0.112032 0.112789 0.00646869
2 0.812281 0.809812 0.112586 0.112646 0.00625815
9 0.68812 0.436532 0.111884 0.111899 0.00625783
5 0.687683 0.313214 0.112844 0.111205 0.00572175
2 0.936372 0.685304 0.113066 0.112088 0.00515056
6 0.56383 0.437084 0.110844 0.112154 0.00513841
5 0.688013 0.188495 0.112002 0.112724 0.00479999
13 0.811724 0.932872 0.110364 0.111662 0.00409274
3 0.812085 0.189014 0.112353 0.112571 0.00380686
3 0.688668 0.68513 0.111763 0.112896 0.00377071
1 0.315602 0.18888 0.112036 0.112417 0.00345279
1 0.81246 0.313109 0.113153 0.113475 0.00336187
3 0.191811 0.809239 0.111771 0.112335 0.00325058
1 0.43968 0.437229 0.112591 0.112499 0.00308805
12 0.439677 0.313349 0.110623 0.111784 0.00307287
0 0.936535 0.313083 0.112653 0.111686 0.00300069
2 0.688621 0.933945 0.11259 0.113089 0.00297999
1 0.315804 0.313213 0.112558 0.112243 0.00294201
12 0.688103 0.809983 0.11153 0.111994 0.00291289
11 0.811524 0.685857 0.113171 0.111732 0.00281684
12 0.811477 0.437498 0.110645 0.112028 0.00276129
6 0.811423 0.561619 0.113234 0.112491 0.00272036
1 0.563887 0.809072 0.11177 0.112761 0.00266195
1 0.688386 0.685615 0.112649 0.113006 0.00265453
1 0.563919 0.684904 0.111824 0.112283 0.00262717
3 0.813129 0.685408 0.112308 0.114223 0.00262183
1 0.315596 0.80949 0.112166 0.112642 0.0025808
1 0.563873 0.0637624 0.11157 0.113616 0.00252195
0 0.191343 0.438011 0.113409 0.113066 0.00248113
10 0.686721 0.312701 0.110394 0.111809 0.0024801
4 0.688668 0.68513 0.111763 0.112896 0.00246928
8 0.686685 0.188629 0.111772 0.112711 0.00246175
10 0.56379 0.561197 0.112496 0.112811 0.00245705
12 0.315732 0.0647501 0.111521 0.113189 0.0023797
0 0.936781 0.809386 0.111934 0.112758 0.00233721
5 0.563947 0.561632 0.112245 0.112345 0.00231345
10 0.439295 0.18906 0.112372 0.11266 0.0023103
12 0.688441 0.561305 0.111254 0.112958 0.00230435
9 0.686685 0.188629 0.111772 0.112711 0.00230229
6 0.688216 0.561643 0.111912 0.112983 0.00228144
0 0.439448 0.0640267 0.111509 0.113707 0.00226506
9 0.686606 0.312607 0.111236 0.112358 0.00225496
10 0.439469 0.313344 0.111827 0.112737 0.00222381
7 0.0667044 0.933705 0.112911 0.113563 0.00209903
6 0.0666303 0.437215 0.113061 0.112377 0.00209434
8 0.686606 0.312607 0.111236 0.112358 0.00207957
12 0.936129 0.437464 0.111485 0.113003 0.00207838
6 0.43941 0.56138 0.111455 0.112521 0.00204747
2 0.812199 0.313374 0.112374 0.11361 0.00202635
8 0.811488 0.064463 0.112063 0.112937 0.00199628
2 0.811516 0.685544 0.114824 0.112456 0.00196342
2 0.31577 0.313088 0.111946 0.112834 0.00191477
7 0.811714 0.312311 0.113746 0.114261 0.00191403
1 0.812238 0.0645051 0.111909 0.113606 0.0019125
6 0.563835 0.313005 0.111161 0.1123 0.00189388
0 0.190809 0.0641576 0.112021 0.113258 0.00185604
12 0.687912 0.436468 0.111586 0.111123 0.00185065
1 0.936282 0.188569 0.112889 0.112764 0.00184702
12 0.935722 0.934171 0.11213 0.113395 0.00183818
6 0.811615 0.932619 0.11121 0.110834 0.00179928
7 0.191653 0.933742 0.11243 0.112317 0.00177389
4 0.812395 0.933429 0.111536 0.112313 0.0017649
2 0.563963 0.809773 0.112049 0.11294 0.00176439
12 0.315729 0.561335 0.111616 0.112124 0.001733
12 0.191593 0.561141 0.110948 0.112332 0.00166672
1 0.0668901 0.933953 0.11313 0.113583 0.00165993
8 0.564086 0.561968 0.111919 0.111681 0.00164186
5 0.811369 0.0646981 0.112521 0.111965 0.00163917
6 0.0668169 0.31298 0.112968 0.112801 0.00163632
10 0.688096 0.188983 0.112345 0.112716 0.00160081
2 0.56396 0.685552 0.111671 0.112716 0.00154591
1 0.191229 0.685075 0.112229 0.112672 0.00151866
0 0.0667887 0.188492 0.112527 0.112301 0.00151603
0 0.936482 0.561577 0.111979 0.112021 0.00149849
12 0.191656 0.436761 0.111312 0.110936 0.00148517
0 0.688209 0.0648991 0.111602 0.113664 0.00148159
0 0.813054 0.81026 0.113589 0.114303 0.00148098
2 0.688265 0.437533 0.110747 0.111734 0.0014805
11 0.0662042 0.0648356 0.113711 0.112923 0.00145772
3 0.935864 0.189192 0.112203 0.113038 0.00145575
0 0.191012 0.313304 0.111354 0.112924 0.00144387
7 0.0673144 0.436487 0.112241 0.112477 0.00142869
2 0.0667044 0.933705 0.112911 0.113563 0.00141882
0 0.564133 0.933713 0.111668 0.113124 0.00141486
3 0.0672942 0.436532 0.110962 0.113289 0.00140729
6 0.5641 0.809485 0.111828 0.112342 0.00138132
7 0.315387 0.189014 0.112104 0.112192 0.00137851
4 0.688225 0.561573 0.111604 0.112644 0.00136989
11 0.935994 0.561414 0.111592 0.113954 0.00133549
3 0.812072 0.0653861 0.111797 0.11283 0.00132767
3 0.936129 0.437464 0.111485 0.113003 0.00132594
6 0.811634 0.312963 0.114866 0.112634 0.00131746
2 0.81314 0.437782 0.109571 0.111113 0.00130881
7 0.688444 0.809769 0.113019 0.112396 0.00128873
0 0.315729 0.561335 0.111616 0.112124 0.00128294
0 0.93615 0.68522 0.111477 0.112023 0.00128146
4 0.3154 0.437734 0.112641 0.113134 0.00126541
5 0.93589 0.188718 0.113571 0.113315 0.00125987
7 0.439728 0.437565 0.111752 0.112319 0.00125762
3 0.563723 0.436624 0.110651 0.112558 0.00124371
4 0.813129 0.685408 0.112308 0.114223 0.00124242
1 0.812185 0.437583 0.11217 0.112249 0.00123798
8 0.191347 0.438011 0.111674 0.112776 0.00123669
6 0.563887 0.188748 0.110721 0.112352 0.00123305
10 0.93539 0.0652583 0.110052 0.111384 0.00119795
7 0.0671186 0.313497 0.113477 0.112728 0.0011967
0 0.688708 0.93348 0.114346 0.113642 0.00119523
4 0.1915 0.56143 0.11233 0.111635 0.00118278
10 0.439529 0.685685 0.112346 0.112698 0.00117005
11 0.93596 0.0653943 0.112856 0.113195 0.0011683
0 0.315331 0.437443 0.113114 0.113084 0.00115827
3 0.439156 0.561096 0.111689 0.112836 0.00115341
7 0.812085 0.189014 0.112353 0.112571 0.00114345
1 0.191581 0.933819 0.112463 0.113393 0.00114289
12 0.1913 0.189042 0.112903 0.112645 0.00114203
13 0.440148 0.93399 0.112601 0.112155 0.00113733
4 0.315448 0.685233 0.111721 0.111981 0.00112251
8 0.68841 0.685489 0.112592 0.112306 0.00111558
0 0.439513 0.809488 0.112911 0.111921 0.0010783
5 0.190955 0.933977 0.112778 0.111312 0.00107045
4 0.191071 0.313584 0.112263 0.113322 0.00106897
7 0.564238 0.809764 0.112629 0.11203 0.00106675
4 0.935864 0.189192 0.112203 0.113038 0.00105678
4 0.563887 0.933754 0.110821 0.112437 0.00104505
7 0.315703 0.313272 0.112293 0.112131 0.00103386
11 0.811501 0.809625 0.112155 0.11232 0.00102553
4 0.936611 0.80959 0.112843 0.112327 0.00102417
2 0.191333 0.933765 0.112704 0.113636 0.00101328
11 0.936001 0.685578 0.111189 0.113641 0.00101247
4 0.812342 0.561637 0.112351 0.112038 0.00100491
