9 0.439478 0.809715 0.111545 0.111863 0.98765
8 0.439504 0.685498 0.112672 0.112416 0.98632
3 0.0675298 0.809598 0.112782 0.11322 0.986092
2 0.563525 0.685376 0.110924 0.111874 0.985627
9 0.563581 0.0649376 0.111622 0.112889 0.985411
7 0.315742 0.933945 0.111926 0.112472 0.985343
13 0.439963 0.934002 0.112667 0.113452 0.984984
1 0.563506 0.933922 0.111869 0.112819 0.984592
11 0.191487 0.809235 0.111976 0.112919 0.984169
5 0.0671982 0.934195 0.11361 0.114765 0.983962
4 0.191645 0.561351 0.112293 0.111314 0.983876
13 0.439561 0.0650646 0.112022 0.112693 0.983743
8 0.687566 0.0653191 0.111934 0.112566 0.983574
2 0.191241 0.685347 0.113153 0.112276 0.983475
10 0.315938 0.685461 0.11177 0.111048 0.983393
7 0.0667884 0.189174 0.113236 0.112496 0.983333
6 0.811882 0.809809 0.112526 0.111778 0.983324
2 0.93584 0.934216 0.112747 0.112483 0.983238
9 0.067603 0.561312 0.112824 0.113258 0.983191
6 0.315398 0.561402 0.11102 0.111841 0.9831
5 0.316019 0.437586 0.112484 0.113449 0.98297
6 0.812052 0.933713 0.111993 0.112144 0.982947
2 0.0673077 0.685539 0.112214 0.112189 0.982944
4 0.0670941 0.437649 0.113022 0.111197 0.982908
7 0.315905 0.188983 0.113627 0.113058 0.982609
6 0.563528 0.809491 0.111702 0.112352 0.982513
3 0.0673637 0.313391 0.11232 0.112563 0.982441
4 0.936601 0.809684 0.112105 0.111349 0.98244
11 0.0666873 0.0649381 0.114188 0.113112 0.982314
2 0.191396 0.933983 0.113497 0.113225 0.98221
10 0.19127 0.437232 0.112818 0.111769 0.982085
4 0.191588 0.0650405 0.112667 0.112797 0.982069
4 0.19168 0.188982 0.113354 0.112883 0.982063
0 0.688209 0.933558 0.112219 0.112846 0.981767
11 0.315618 0.313025 0.112494 0.112856 0.981625
8 0.81204 0.685471 0.112232 0.112899 0.981553
4 0.688277 0.809637 0.113174 0.113868 0.981249
13 0.315567 0.809498 0.112176 0.112153 0.981203
8 0.191359 0.313587 0.111856 0.11232 0.980714
12 0.439313 0.189066 0.11135 0.112369 0.980414
2 0.439302 0.437316 0.113088 0.113024 0.980298
0 0.315153 0.0641884 0.112185 0.112814 0.979938
6 0.563946 0.18879 0.111623 0.112359 0.979915
9 0.687894 0.313317 0.111711 0.111636 0.979878
6 0.440038 0.31308 0.11232 0.112469 0.97983
13 0.812025 0.0647282 0.112489 0.111346 0.979456
5 0.439292 0.561487 0.113358 0.113095 0.979387
10 0.688088 0.68512 0.112852 0.112756 0.979349
6 0.688049 0.18861 0.112404 0.112203 0.979196
4 0.688159 0.437007 0.113137 0.112755 0.979131
8 0.811814 0.189469 0.112715 0.113259 0.978924
2 0.563976 0.561285 0.112642 0.113501 0.978737
10 0.936425 0.0645058 0.113062 0.113988 0.9787
10 0.936217 0.685045 0.113248 0.113675 0.978527
3 0.81204 0.437497 0.11191 0.112291 0.978451
12 0.936172 0.312826 0.112884 0.112131 0.978439
9 0.812056 0.561502 0.112031 0.112828 0.978405
3 0.688001 0.561272 0.112163 0.112335 0.978384
2 0.563437 0.313234 0.112246 0.114138 0.978378
8 0.56387 0.43729 0.11175 0.113128 0.978187
2 0.81224 0.313044 0.112493 0.113535 0.977858
7 0.935763 0.188428 0.111083 0.111396 0.977804
3 0.936545 0.561107 0.111977 0.112472 0.977669
7 0.93635 0.437082 0.112808 0.113093 0.977492
2 0.812183 0.685704 0.111466 0.113504 0.0180138
4 0.81164 0.809644 0.113823 0.112442 0.0142738
2 0.811829 0.18952 0.111909 0.113119 0.00846337
12 0.439757 0.934262 0.110986 0.111078 0.00669856
3 0.688254 0.188047 0.11176 0.112576 0.00614267
2 0.688119 0.0645731 0.109893 0.111614 0.00572811
7 0.811816 0.932959 0.112041 0.11094 0.00546552
4 0.688255 0.685383 0.11245 0.113472 0.00512043
3 0.811868 0.314006 0.112405 0.112543 0.0050398
1 0.687851 0.437167 0.112743 0.112481 0.00494975
1 0.191359 0.56143 0.112109 0.111754 0.0048177
11 0.440086 0.933892 0.111271 0.11315 0.00464934
4 0.811816 0.932959 0.112041 0.11094 0.00463502
3 0.564153 0.80987 0.112031 0.112438 0.00444976
7 0.811682 0.809447 0.112494 0.113781 0.00443487
1 0.191032 0.188893 0.111254 0.111285 0.00441452
1 0.687903 0.809735 0.112302 0.112465 0.00436357
2 0.56395 0.436942 0.111115 0.113694 0.00432882
12 0.315457 0.809595 0.111743 0.111987 0.00427617
0 0.688095 0.313189 0.110666 0.112742 0.00419054
3 0.564056 0.188441 0.111266 0.112624 0.00403575
3 0.315488 0.560884 0.111546 0.112087 0.00401474
1 0.0670941 0.437649 0.113022 0.111197 0.00396307
1 0.191025 0.0649817 0.111084 0.111353 0.00368158
1 0.936887 0.809647 0.113014 0.112671 0.00365332
1 0.439448 0.437988 0.111435 0.11247 0.00356174
2 0.440037 0.68566 0.11205 0.113881 0.00335043
3 0.0665708 0.68533 0.114707 0.112004 0.0033162
5 0.811548 0.313197 0.112954 0.112578 0.00310083
12 0.43983 0.064757 0.111981 0.111715 0.00304292
3 0.43958 0.312942 0.111314 0.112015 0.00302213
3 0.811939 0.809318 0.112134 0.1123 0.00294805
12 0.687987 0.561208 0.111014 0.112105 0.00284983
1 0.812003 0.313504 0.111702 0.112759 0.00263009
5 0.935819 0.933825 0.11328 0.113425 0.00262165
3 0.563952 0.561708 0.112518 0.112728 0.00259929
2 0.191256 0.313409 0.111967 0.111697 0.00259307
3 0.563729 0.313981 0.112604 0.113218 0.00256923
11 0.811682 0.68535 0.110583 0.111993 0.00254254
10 0.439657 0.933837 0.111332 0.11126 0.00253524
11 0.315852 0.809579 0.111179 0.112202 0.00253165
5 0.688203 0.685128 0.112195 0.112381 0.00246383
3 0.564148 0.685229 0.111217 0.111731 0.00244649
4 0.315966 0.933884 0.111663 0.112982 0.00240767
9 0.936029 0.685126 0.112718 0.111926 0.00237353
2 0.688136 0.561434 0.111267 0.110884 0.00237053
0 0.563096 0.438058 0.111323 0.113726 0.00233658
11 0.191441 0.437485 0.112559 0.111541 0.00230484
12 0.687842 0.313385 0.110248 0.111696 0.00225098
0 0.813088 0.561857 0.110806 0.111236 0.00216593
1 0.563944 0.685166 0.111595 0.112812 0.00214938
1 0.563526 0.313117 0.112657 0.113268 0.00209049
7 0.688255 0.685383 0.11245 0.113472 0.00206856
12 0.811469 0.0651722 0.111677 0.111592 0.00206322
1 0.563976 0.561285 0.112642 0.113501 0.00205749
4 0.563371 0.188593 0.110622 0.112425 0.002032
4 0.439427 0.312707 0.110583 0.112243 0.00199879
3 0.812214 0.933218 0.111926 0.112754 0.00195462
4 0.315694 0.437808 0.112146 0.111065 0.00189098
7 0.5638 0.809524 0.111166 0.111469 0.00188862
2 0.0667529 0.809101 0.114442 0.112354 0.00184929
3 0.812498 0.561181 0.111189 0.112154 0.00182592
9 0.812432 0.436563 0.110387 0.112387 0.00181244
13 0.936529 0.0646363 0.111373 0.111892 0.00180018
12 0.191441 0.437485 0.112559 0.111541 0.00178611
5 0.0673495 0.809342 0.113386 0.113729 0.00177866
11 0.439903 0.685645 0.111964 0.113708 0.00176509
2 0.813081 0.437697 0.108645 0.109765 0.0017575
8 0.688095 0.313189 0.110666 0.112742 0.00175436
12 0.93615 0.561286 0.110662 0.11194 0.00175047
12 0.811495 0.561779 0.110591 0.112295 0.00174608
12 0.935937 0.437189 0.113268 0.113828 0.00171096
6 0.937074 0.436526 0.109016 0.111439 0.00168818
9 0.811691 0.189657 0.112394 0.11189 0.00165969
8 0.191662 0.934122 0.112297 0.113416 0.00164181
1 0.315153 0.0641884 0.112185 0.112814 0.00161515
2 0.191032 0.188893 0.111254 0.111285 0.0016076
4 0.563403 0.933704 0.110967 0.111644 0.0016033
7 0.43958 0.312942 0.111314 0.112015 0.0015765
10 0.0667204 0.934308 0.113489 0.113317 0.00155943
5 0.936026 0.685115 0.1121 0.112327 0.00155444
7 0.688157 0.188265 0.112533 0.114314 0.00155014
7 0.315398 0.561402 0.11102 0.111841 0.00154059
11 0.811397 0.188841 0.111112 0.113229 0.00150458
6 0.936004 0.188755 0.11325 0.114024 0.00150023
2 0.936887 0.809647 0.113014 0.112671 0.00149892
5 0.688157 0.561087 0.111729 0.111912 0.00149122
11 0.688123 0.0650535 0.110361 0.113067 0.00148321
13 0.191092 0.437267 0.111613 0.111147 0.00147019
9 0.688136 0.561434 0.111267 0.110884 0.0014619
7 0.563819 0.188649 0.111519 0.112311 0.00145645
0 0.688123 0.0650535 0.110361 0.113067 0.00145602
5 0.191465 0.685098 0.11199 0.112119 0.00145395
7 0.936601 0.809684 0.112105 0.111349 0.00143199
1 0.936085 0.933508 0.113127 0.113805 0.0014266
13 0.0664785 0.0648099 0.114266 0.112548 0.00140764
8 0.935623 0.93411 0.112377 0.11286 0.00139095
10 0.936837 0.809385 0.112608 0.111512 0.00138453
2 0.0663785 0.437222 0.113477 0.110415 0.00137608
0 0.191557 0.313654 0.111343 0.112767 0.00136925
13 0.191487 0.809235 0.111976 0.112919 0.00136632
6 0.688457 0.437372 0.113179 0.111643 0.00136283
5 0.0668041 0.684706 0.112265 0.112048 0.00135093
1 0.0669407 0.809188 0.112553 0.112314 0.00134395
8 0.191487 0.809235 0.111976 0.112919 0.00134385
3 0.191241 0.685347 0.113153 0.112276 0.00133893
10 0.0670794 0.188936 0.114202 0.113404 0.00133578
3 0.439742 0.437972 0.112786 0.113017 0.00131435
12 0.936002 0.188898 0.113659 0.114267 0.00131148
0 0.563633 0.933615 0.111321 0.111511 0.00130836
7 0.688367 0.437071 0.112712 0.11245 0.00130171
0 0.813034 0.685945 0.111087 0.113846 0.00130117
11 0.811505 0.561284 0.111666 0.112322 0.00129654
1 0.936333 0.561425 0.111031 0.11137 0.00128626
7 0.19174 0.0650849 0.11208 0.112769 0.0012523
12 0.811696 0.437291 0.109899 0.112041 0.00124885
1 0.31619 0.561156 0.111001 0.112801 0.00124669
10 0.315947 0.313399 0.11289 0.112248 0.00123225
8 0.315856 0.313398 0.111713 0.112306 0.00122165
5 0.563479 0.313672 0.113424 0.11346 0.00121337
7 0.93598 0.312874 0.111963 0.113997 0.00120945
6 0.439313 0.189066 0.11135 0.112369 0.00120866
11 0.563709 0.43743 0.111047 0.112479 0.00120511
6 0.936175 0.561683 0.110346 0.112354 0.00119983
10 0.936753 0.313079 0.111362 0.112228 0.00119442
6 0.191609 0.189141 0.111646 0.112149 0.00118413
8 0.813034 0.313434 0.110442 0.11316 0.00118071
5 0.936369 0.809618 0.112686 0.111706 0.00117993
10 0.315722 0.189122 0.11274 0.112341 0.00117815
9 0.0666958 0.313133 0.11305 0.112022 0.00117626
3 0.688135 0.313279 0.111732 0.112965 0.00117102
1 0.687871 0.561218 0.111667 0.11209 0.00116076
5 0.19144 0.809393 0.11293 0.112885 0.00115757
2 0.191359 0.56143 0.112109 0.111754 0.00115493
11 0.191256 0.313409 0.111967 0.111697 0.00114736
2 0.0677121 0.313458 0.112795 0.113876 0.00114521
4 0.937144 0.436473 0.110608 0.111709 0.00114438
4 0.688104 0.561098 0.111362 0.112214 0.00114124
1 0.0671239 0.685144 0.113474 0.111753 0.00113879
3 0.191396 0.933983 0.113497 0.113225 0.00113814
5 0.315896 0.313235 0.111784 0.112066 0.00112977
13 0.688016 0.685372 0.111799 0.111716 0.001119
2 0.191025 0.0649817 0.111084 0.111353 0.00111876
3 0.93584 0.934216 0.112747 0.112483 0.00111838
4 0.315938 0.685461 0.11177 0.111048 0.00111445
4 0.0668713 0.188888 0.114239 0.112348 0.00110919
4 0.935675 0.189307 0.113159 0.113023 0.00110419
13 0.935766 0.685476 0.112333 0.112263 0.00108574
5 0.688027 0.80975 0.112406 0.112066 0.00107558
11 0.935895 0.933925 0.112572 0.11417 0.00107024
12 0.936194 0.0650174 0.113299 0.113151 0.00106294
10 0.31541 0.810151 0.111465 0.111541 0.00106183
5 0.563674 0.561862 0.112134 0.11282 0.00106117
2 0.687903 0.809735 0.112302 0.112465 0.00106045
1 0.191404 0.685001 0.112989 0.112215 0.00105946
8 0.191356 0.685407 0.111836 0.112641 0.0010591
11 0.812198 0.0654518 0.113605 0.113251 0.0010574
12 0.315966 0.933884 0.111663 0.112982 0.00105636
5 0.191412 0.561025 0.111617 0.111202 0.00105314
7 0.0671207 0.436463 0.111422 0.112036 0.00104928
10 0.315086 0.437467 0.112435 0.112716 0.00104834
8 0.811546 0.561524 0.110517 0.112211 0.0010401
1 0.688167 0.933539 0.112211 0.112599 0.00103271
7 0.191235 0.437944 0.11274 0.112429 0.00103039
12 0.563654 0.0650856 0.111182 0.111961 0.00102643
12 0.936063 0.685197 0.113482 0.112013 0.00101818
1 0.81204 0.437497 0.11191 0.112291 0.00100443
3 0.315694 0.437808 0.112146 0.111065 0.00100096
