3 0.563457 0.933953 0.111755 0.112319 0.987076
2 0.439486 0.80947 0.112245 0.112784 0.987003
2 0.315476 0.685327 0.112328 0.112051 0.98492
8 0.0671182 0.685418 0.112411 0.113078 0.984824
13 0.936539 0.809417 0.112141 0.111844 0.984709
8 0.191105 0.933691 0.112693 0.114292 0.984416
3 0.191309 0.561305 0.110845 0.112294 0.984207
9 0.314795 0.064525 0.111178 0.112519 0.984155
7 0.191287 0.809732 0.111814 0.111368 0.983841
10 0.316004 0.933747 0.11208 0.112603 0.983745
5 0.191281 0.438046 0.112066 0.112603 0.983566
10 0.563736 0.0651575 0.112501 0.113348 0.983318
5 0.0668846 0.438234 0.113266 0.11277 0.983255
0 0.191189 0.685433 0.111938 0.111121 0.983227
0 0.439997 0.933845 0.112446 0.113251 0.982846
11 0.811959 0.933739 0.112591 0.11382 0.982839
4 0.0669957 0.31359 0.113011 0.112797 0.982838
7 0.688002 0.934063 0.112031 0.112993 0.982818
13 0.315482 0.313368 0.113377 0.111902 0.982527
7 0.315486 0.189299 0.113721 0.112891 0.982443
7 0.0670197 0.933757 0.112526 0.11246 0.982172
1 0.688126 0.809466 0.1115 0.112606 0.982147
3 0.315312 0.437264 0.111604 0.112697 0.982076
7 0.439752 0.313392 0.112602 0.1116 0.981927
12 0.68805 0.685313 0.111086 0.112492 0.981916
0 0.315406 0.809717 0.11184 0.111783 0.981847
10 0.564148 0.685432 0.112291 0.11268 0.981805
10 0.439426 0.561483 0.112628 0.111661 0.981799
8 0.936383 0.933804 0.113066 0.114008 0.981489
1 0.439605 0.0648914 0.111625 0.113631 0.981071
8 0.43924 0.18935 0.111645 0.112817 0.981054
1 0.191379 0.313133 0.111705 0.112211 0.980971
12 0.315377 0.561665 0.111664 0.112778 0.980934
13 0.687682 0.0647532 0.111624 0.112213 0.980888
6 0.935733 0.0650423 0.112584 0.113179 0.98082
12 0.191218 0.0647504 0.111427 0.112129 0.980682
0 0.563994 0.809437 0.111684 0.112658 0.980503
6 0.563344 0.189349 0.111137 0.113127 0.980385
11 0.191403 0.188807 0.112249 0.111967 0.98038
2 0.0674511 0.0647501 0.111238 0.113726 0.98017
0 0.0670931 0.56128 0.112226 0.112958 0.980082
0 0.936019 0.685135 0.113033 0.111194 0.980044
2 0.067593 0.189089 0.112714 0.11353 0.979993
1 0.687808 0.561132 0.112434 0.112707 0.979851
9 0.687865 0.189097 0.111969 0.112896 0.979626
6 0.564275 0.561506 0.112724 0.113129 0.979589
0 0.811986 0.809351 0.111845 0.112287 0.979538
9 0.687843 0.313615 0.111936 0.111735 0.979512
13 0.56366 0.437683 0.112077 0.112639 0.979216
1 0.812347 0.437035 0.112665 0.112546 0.979137
9 0.687445 0.437687 0.110831 0.111398 0.97913
0 0.067458 0.809584 0.112485 0.113358 0.979122
10 0.812314 0.188856 0.112038 0.113019 0.979109
12 0.439623 0.437417 0.11168 0.111812 0.979083
0 0.43916 0.685457 0.11179 0.111897 0.978926
3 0.563027 0.31345 0.111884 0.11188 0.978833
4 0.812615 0.561254 0.113466 0.113139 0.978781
12 0.812247 0.0645358 0.112553 0.113031 0.978694
13 0.936358 0.56161 0.112977 0.112667 0.97865
9 0.935993 0.188787 0.112884 0.112912 0.978622
0 0.936093 0.436916 0.112973 0.112006 0.978275
12 0.936632 0.313044 0.111601 0.111903 0.978232
12 0.81257 0.685472 0.111261 0.112276 0.978221
7 0.812624 0.31313 0.112533 0.112747 0.977088
12 0.563956 0.43796 0.10825 0.112971 0.019383
2 0.0667607 0.684902 0.113439 0.112154 0.00966751
6 0.688027 0.684877 0.111022 0.111715 0.00956309
12 0.811649 0.313365 0.111336 0.113583 0.00667088
2 0.936139 0.933851 0.112874 0.11273 0.00566858
12 0.315249 0.188955 0.111675 0.111436 0.00481658
0 0.688203 0.437712 0.110746 0.111481 0.00462942
6 0.191543 0.0644481 0.111144 0.112774 0.00455756
0 0.68817 0.31357 0.111076 0.112509 0.00438648
1 0.0664528 0.560753 0.11461 0.112685 0.00437929
9 0.315564 0.436602 0.111528 0.112421 0.0041866
2 0.191029 0.933644 0.113014 0.113695 0.00384758
8 0.813095 0.933068 0.111502 0.114355 0.00373623
2 0.439698 0.189319 0.11194 0.112947 0.00367895
1 0.812538 0.561355 0.113187 0.113377 0.00366942
10 0.811597 0.933003 0.11038 0.11127 0.00366486
0 0.6882 0.189174 0.111976 0.112542 0.00366238
0 0.812506 0.436348 0.112634 0.112124 0.00333794
9 0.191689 0.561108 0.111456 0.112104 0.00331778
9 0.811485 0.93275 0.111442 0.111201 0.00320252
2 0.688059 0.560987 0.111644 0.11244 0.00316332
0 0.688174 0.560927 0.111255 0.11097 0.0031032
3 0.688212 0.31361 0.111624 0.112871 0.00306972
12 0.687942 0.313538 0.111379 0.112114 0.00301333
1 0.0667631 0.809255 0.114253 0.112881 0.00288909
12 0.936074 0.188853 0.112534 0.112746 0.00286121
6 0.811645 0.313389 0.114085 0.113484 0.00284695
12 0.687994 0.438045 0.110244 0.112211 0.00281006
4 0.687861 0.93368 0.112224 0.112782 0.0027321
5 0.811885 0.933951 0.112679 0.112811 0.00269189
3 0.688252 0.43774 0.11141 0.112014 0.00268906
10 0.191115 0.437151 0.11142 0.112395 0.00268264
7 0.0669377 0.3134 0.112061 0.112572 0.00253774
1 0.0674183 0.313256 0.113589 0.112796 0.00245264
2 0.0669377 0.3134 0.112061 0.112572 0.0024207
3 0.688241 0.189289 0.112562 0.112991 0.00231759
0 0.688197 0.809134 0.110913 0.111394 0.00230799
12 0.68803 0.189006 0.112442 0.112663 0.00227369
3 0.936318 0.0650067 0.111999 0.113054 0.00220817
4 0.0670197 0.933757 0.112526 0.11246 0.00215974
6 0.812283 0.685594 0.111005 0.111538 0.00211024
1 0.439796 0.809356 0.112685 0.113211 0.00206312
7 0.812213 0.561324 0.113398 0.112358 0.00201103
7 0.811608 0.686092 0.112045 0.113067 0.00198694
12 0.440013 0.313509 0.111666 0.111954 0.00198331
3 0.564312 0.561425 0.111906 0.112777 0.00198211
4 0.564488 0.685506 0.111324 0.111353 0.00195989
12 0.688278 0.0646863 0.111801 0.114261 0.00195678
0 0.439399 0.0643959 0.111235 0.11407 0.00194639
4 0.0673653 0.437935 0.113367 0.111328 0.00188348
2 0.812538 0.561355 0.113187 0.113377 0.0018653
5 0.191111 0.189271 0.112724 0.112533 0.00180661
1 0.0669281 0.189324 0.112034 0.111358 0.00173833
7 0.564304 0.561571 0.111595 0.112277 0.0017376
4 0.688197 0.809134 0.110913 0.111394 0.00173229
13 0.439675 0.56146 0.111332 0.112029 0.00171556
3 0.563344 0.189349 0.111137 0.113127 0.00170207
10 0.191271 0.188982 0.112416 0.112321 0.0016888
4 0.315741 0.933804 0.113146 0.113461 0.00166473
1 0.315729 0.685093 0.112387 0.112628 0.00165983
6 0.811641 0.0642032 0.1104 0.112677 0.00160845
6 0.811704 0.561221 0.114559 0.113 0.00159779
11 0.936333 0.561357 0.112882 0.11187 0.00157919
4 0.191656 0.313512 0.111292 0.112518 0.00156469
3 0.315476 0.685327 0.112328 0.112051 0.00154468
5 0.0665617 0.31352 0.113009 0.112945 0.00153225
4 0.439481 0.56165 0.112599 0.112661 0.00151843
4 0.191379 0.43783 0.112434 0.109975 0.00151346
6 0.315377 0.561665 0.111664 0.112778 0.00150422
7 0.563822 0.189413 0.11162 0.113069 0.00149946
8 0.0668641 0.0647526 0.113185 0.113761 0.00149064
10 0.936333 0.561357 0.112882 0.11187 0.00149011
3 0.190737 0.436548 0.111168 0.110512 0.0014813
4 0.191455 0.809432 0.111208 0.11174 0.00145588
7 0.564234 0.438044 0.111952 0.110169 0.00145036
6 0.44009 0.313561 0.112081 0.111431 0.00144601
0 0.813022 0.0648144 0.108335 0.110543 0.00144089
7 0.811564 0.0649384 0.110729 0.11275 0.00143507
6 0.439592 0.437032 0.111573 0.112531 0.00140911
11 0.936539 0.809417 0.112141 0.111844 0.00139945
10 0.563556 0.43806 0.111945 0.112526 0.00135921
12 0.936084 0.561673 0.111107 0.112702 0.00135312
0 0.813093 0.685758 0.110686 0.112553 0.00133457
1 0.0671581 0.064602 0.112493 0.113931 0.0013298
6 0.936121 0.313737 0.111205 0.111269 0.00131762
1 0.564091 0.809387 0.111637 0.112439 0.00130637
10 0.315246 0.313298 0.112213 0.112636 0.00130501
12 0.315237 0.0645159 0.112741 0.112385 0.00130402
1 0.811986 0.809351 0.111845 0.112287 0.00128078
0 0.191356 0.313205 0.110242 0.112219 0.00127432
5 0.812971 0.189069 0.112832 0.114466 0.00127156
3 0.440254 0.80925 0.111678 0.113117 0.00126704
9 0.936019 0.437292 0.112605 0.111895 0.00125819
4 0.563834 0.0652361 0.111708 0.112653 0.00125809
10 0.0666399 0.437716 0.111911 0.112028 0.00124289
12 0.935881 0.80979 0.112113 0.113599 0.00123865
12 0.56365 0.313365 0.111978 0.111741 0.00122681
13 0.191271 0.188982 0.112416 0.112321 0.00121803
12 0.315274 0.436532 0.111477 0.111339 0.00121533
1 0.315517 0.809694 0.112025 0.112535 0.0012099
3 0.439528 0.436618 0.111288 0.112924 0.00118716
4 0.439871 0.0648506 0.112159 0.11418 0.00117345
12 0.191382 0.56103 0.111338 0.112016 0.00116563
7 0.935733 0.0650423 0.112584 0.113179 0.00116097
0 0.93616 0.933185 0.111885 0.112166 0.00114875
1 0.191528 0.561351 0.111915 0.112182 0.00114303
4 0.812968 0.18933 0.111316 0.114821 0.00113846
4 0.440063 0.313285 0.111201 0.112134 0.00113841
4 0.812649 0.313436 0.111605 0.112733 0.00113541
6 0.688356 0.933365 0.113723 0.114549 0.00113305
12 0.686854 0.933926 0.110794 0.111563 0.00113064
1 0.439853 0.685294 0.111935 0.112381 0.00110092
11 0.439602 0.188713 0.111241 0.112185 0.00108942
12 0.31525 0.313374 0.111607 0.111756 0.00108867
2 0.688311 0.809251 0.112751 0.112561 0.00106776
9 0.564111 0.933447 0.11156 0.113208 0.00105983
2 0.812984 0.437031 0.110973 0.11253 0.00105927
4 0.687807 0.560821 0.112098 0.112239 0.0010559
11 0.935926 0.933868 0.110619 0.113815 0.00104454
7 0.811642 0.188768 0.111805 0.113105 0.00103312
9 0.936216 0.685403 0.111922 0.1117 0.00101266
10 0.812625 0.561336 0.112674 0.113846 0.00100871
8 0.0670265 0.189446 0.111858 0.112065 0.00100521
8 0.688252 0.43774 0.11141 0.112014 0.00100002
