9 0.191773 0.809281 0.111138 0.111968 0.987186
3 0.315742 0.685423 0.111418 0.112653 0.986669
3 0.43939 0.934259 0.114361 0.113543 0.986104
9 0.314873 0.0648042 0.111364 0.112115 0.98571
0 0.935729 0.933293 0.113011 0.111996 0.985031
12 0.439557 0.0650416 0.110616 0.111751 0.98438
13 0.811953 0.933827 0.111575 0.111733 0.984142
1 0.563565 0.933992 0.111517 0.112639 0.984078
4 0.315833 0.56146 0.111525 0.111134 0.983988
2 0.0672599 0.8096 0.112867 0.113423 0.983295
11 0.687881 0.933961 0.112438 0.112946 0.983164
9 0.31526 0.313129 0.11258 0.112989 0.983084
10 0.192351 0.933555 0.111948 0.11285 0.98287
13 0.191216 0.561653 0.110589 0.111295 0.982825
5 0.812397 0.810123 0.112102 0.111711 0.982572
4 0.31547 0.188891 0.112807 0.112447 0.982552
6 0.564055 0.685253 0.111508 0.112729 0.982437
1 0.439726 0.809719 0.112327 0.112927 0.982197
0 0.19131 0.685321 0.112086 0.111675 0.982104
11 0.315528 0.43702 0.112415 0.111953 0.982047
4 0.935853 0.685422 0.113441 0.111981 0.981759
7 0.564399 0.809567 0.111455 0.112206 0.981535
13 0.0670117 0.685482 0.111959 0.111226 0.981529
2 0.191313 0.064552 0.110816 0.112001 0.981236
6 0.563451 0.0650363 0.111892 0.113263 0.981205
4 0.0675248 0.0651174 0.113023 0.112447 0.981101
6 0.935799 0.0651297 0.11284 0.113261 0.981055
0 0.191213 0.437113 0.111927 0.111757 0.98096
13 0.439656 0.685381 0.111056 0.11163 0.980899
1 0.191405 0.3133 0.112074 0.112717 0.980872
10 0.0681319 0.188878 0.112751 0.110734 0.980549
8 0.315562 0.933956 0.112255 0.112605 0.98048
1 0.687675 0.809666 0.111891 0.113289 0.98037
11 0.936465 0.809511 0.112127 0.110815 0.980349
0 0.31561 0.809666 0.111598 0.111743 0.980182
13 0.439172 0.189119 0.110945 0.111195 0.980076
0 0.191181 0.189004 0.112673 0.112535 0.979999
8 0.0667334 0.437112 0.11195 0.112006 0.979985
8 0.687729 0.065087 0.111649 0.112719 0.979588
1 0.439352 0.561305 0.11265 0.113367 0.979364
13 0.0669724 0.933237 0.1129 0.111913 0.979332
12 0.563897 0.561579 0.112405 0.112178 0.979257
0 0.0674507 0.561526 0.112187 0.112709 0.979207
3 0.687671 0.313522 0.112533 0.112374 0.979196
13 0.68785 0.685671 0.112185 0.112124 0.979128
0 0.0673507 0.313045 0.11222 0.113333 0.979077
11 0.563622 0.437022 0.111495 0.112922 0.97907
11 0.687625 0.561419 0.111658 0.112883 0.978922
13 0.81207 0.437214 0.11207 0.112306 0.978881
10 0.812427 0.312765 0.112648 0.112817 0.978786
8 0.812059 0.0651678 0.112217 0.112809 0.978666
1 0.439181 0.313212 0.112669 0.11359 0.978662
6 0.93567 0.188776 0.111209 0.111359 0.978643
0 0.563068 0.314023 0.111184 0.111801 0.978549
11 0.812097 0.561566 0.112425 0.113035 0.978523
0 0.687735 0.437263 0.112002 0.112868 0.978458
0 0.439682 0.437383 0.111658 0.112879 0.978419
1 0.563433 0.189253 0.112309 0.113201 0.978417
9 0.936424 0.561748 0.111657 0.111896 0.978358
0 0.68761 0.188985 0.111728 0.112473 0.978335
10 0.81243 0.685171 0.112082 0.112189 0.978218
7 0.812094 0.189162 0.111778 0.110952 0.977969
8 0.936304 0.312659 0.112396 0.112112 0.977695
3 0.936558 0.436892 0.112967 0.113046 0.977584
8 0.688446 0.932993 0.112738 0.113461 0.017558
12 0.81163 0.18935 0.110596 0.113121 0.0101336
12 0.811786 0.437234 0.111292 0.111759 0.0095813
2 0.06729 0.436668 0.112786 0.113902 0.00913793
2 0.688236 0.0646455 0.110584 0.111704 0.00656788
3 0.936145 0.56197 0.110627 0.113323 0.00612902
1 0.0667628 0.56096 0.114557 0.112534 0.00591013
4 0.812516 0.685368 0.110297 0.111849 0.00585257
2 0.935959 0.313042 0.111222 0.112152 0.00571425
10 0.688098 0.934032 0.111466 0.113611 0.0050646
1 0.31579 0.561567 0.113057 0.111821 0.00477488
10 0.936675 0.809681 0.113168 0.112077 0.00424221
12 0.811489 0.933169 0.110274 0.110189 0.00422322
2 0.811985 0.0649535 0.111043 0.113133 0.00411502
12 0.936145 0.56197 0.110627 0.113323 0.00399857
5 0.19183 0.0650898 0.110683 0.110751 0.00359737
1 0.315556 0.188643 0.110927 0.111631 0.00350824
9 0.68812 0.31348 0.110251 0.112222 0.00309372
10 0.811473 0.561593 0.109522 0.11157 0.00308475
10 0.31556 0.436753 0.111042 0.111403 0.00306253
2 0.315562 0.933956 0.112255 0.112605 0.00293787
10 0.81183 0.933561 0.110153 0.112016 0.00286331
5 0.687755 0.561287 0.111167 0.111611 0.00277284
1 0.0670268 0.0650886 0.113079 0.112006 0.0026876
5 0.68798 0.934046 0.112645 0.112769 0.00263593
1 0.0671271 0.312521 0.112881 0.112561 0.00251416
1 0.936185 0.685341 0.112078 0.111951 0.00250804
1 0.687843 0.436735 0.112012 0.112277 0.0024254
0 0.0665808 0.438062 0.111328 0.112922 0.00240167
3 0.564473 0.684975 0.111802 0.112295 0.00237319
0 0.687935 0.809192 0.11146 0.111767 0.00232497
3 0.936009 0.188881 0.112547 0.113589 0.00229198
3 0.563628 0.0645305 0.111813 0.112925 0.00228993
5 0.812065 0.561376 0.111859 0.111952 0.00228849
1 0.439592 0.437026 0.111658 0.111969 0.00225239
7 0.935799 0.0651297 0.11284 0.113261 0.00224478
5 0.56381 0.436716 0.111179 0.111904 0.00215875
3 0.066548 0.809523 0.114856 0.112957 0.00214816
10 0.563941 0.436526 0.11164 0.113034 0.00211463
12 0.936005 0.437157 0.111936 0.113021 0.00211035
8 0.688105 0.561331 0.110708 0.113532 0.00208873
12 0.191267 0.561213 0.111045 0.111321 0.00207624
12 0.439366 0.188813 0.111857 0.112271 0.00205127
2 0.68812 0.31348 0.110251 0.112222 0.00203702
4 0.43939 0.5614 0.112096 0.112512 0.00201787
2 0.688139 0.809294 0.112829 0.11318 0.00199708
10 0.686832 0.561348 0.109513 0.110808 0.00199424
2 0.813113 0.80976 0.113086 0.114268 0.00198874
7 0.564104 0.685561 0.113527 0.113101 0.00198307
4 0.439513 0.313569 0.112258 0.113294 0.00196747
11 0.0665907 0.68496 0.113078 0.11151 0.00195458
1 0.563661 0.31273 0.111512 0.112216 0.0019344
4 0.439696 0.809515 0.111649 0.112689 0.00192306
6 0.811717 0.188944 0.111117 0.113081 0.00191902
3 0.813113 0.80976 0.113086 0.114268 0.00191837
7 0.0670268 0.0650886 0.113079 0.112006 0.00191477
4 0.563906 0.189477 0.1121 0.113347 0.00190537
0 0.315425 0.313651 0.1122 0.112195 0.00189392
3 0.936224 0.0648187 0.111503 0.113424 0.0017973
4 0.687714 0.809589 0.112053 0.113031 0.00177838
11 0.066361 0.43698 0.114556 0.11124 0.0017749
12 0.687731 0.685544 0.111374 0.11213 0.00177271
0 0.563594 0.188837 0.112124 0.113371 0.0017575
12 0.315569 0.313616 0.11215 0.112506 0.00175702
8 0.811381 0.561387 0.110232 0.111059 0.00172487
2 0.936185 0.685341 0.112078 0.111951 0.00171483
9 0.935829 0.933561 0.111701 0.112179 0.00170256
4 0.0669819 0.188983 0.112746 0.110664 0.00169109
5 0.936465 0.809511 0.112127 0.110815 0.00168819
12 0.315268 0.064769 0.112556 0.111836 0.00167706
11 0.811635 0.81 0.113773 0.111562 0.0016763
9 0.68672 0.561295 0.110041 0.112591 0.0016533
5 0.316228 0.437916 0.114191 0.112084 0.00165033
7 0.935697 0.189176 0.112918 0.113042 0.00164887
1 0.687934 0.188253 0.111571 0.112601 0.00164751
4 0.563442 0.933786 0.11053 0.1115 0.00163459
12 0.439662 0.685188 0.111244 0.111824 0.00162389
12 0.811959 0.685811 0.112198 0.111166 0.00160893
2 0.315556 0.188643 0.110927 0.111631 0.00159618
4 0.812085 0.313482 0.110797 0.112878 0.00158603
10 0.0666218 0.93361 0.111794 0.112544 0.00157723
9 0.811381 0.561387 0.110232 0.111059 0.0015613
7 0.812593 0.43649 0.111001 0.111968 0.0015413
12 0.0668267 0.685247 0.111449 0.111861 0.00153331
4 0.19143 0.313887 0.111589 0.113122 0.00150555
1 0.315701 0.80973 0.111675 0.112345 0.00150176
12 0.687704 0.313336 0.111643 0.111955 0.00149082
2 0.688446 0.932993 0.112738 0.113461 0.00148899
0 0.936146 0.313307 0.111066 0.113137 0.00146294
9 0.936576 0.436502 0.112207 0.112206 0.0014269
6 0.56413 0.561494 0.11162 0.11141 0.00142111
5 0.811667 0.685535 0.11187 0.112172 0.00141656
3 0.190679 0.0648593 0.111779 0.112008 0.00140785
6 0.688139 0.809294 0.112829 0.11318 0.00140282
5 0.688146 0.313259 0.112189 0.112012 0.00138154
12 0.439613 0.934005 0.111612 0.111725 0.00135442
13 0.191971 0.933622 0.112627 0.11174 0.00135189
7 0.563937 0.06514 0.112554 0.113407 0.00133381
0 0.688227 0.0649427 0.111271 0.113207 0.00132129
1 0.191058 0.0649105 0.111441 0.111099 0.00131938
10 0.936185 0.685341 0.112078 0.111951 0.00131703
12 0.191967 0.809466 0.112377 0.11202 0.00131041
11 0.688227 0.0649427 0.111271 0.113207 0.00127525
5 0.0667491 0.0657024 0.113032 0.112001 0.00126999
1 0.687649 0.31348 0.111975 0.112284 0.00125644
12 0.0662581 0.933585 0.111902 0.111797 0.00124925
1 0.0671157 0.809741 0.113606 0.112536 0.00124385
0 0.813035 0.0654087 0.110105 0.113465 0.00121175
7 0.0677566 0.189157 0.112597 0.111578 0.00120631
0 0.563442 0.933786 0.11053 0.1115 0.00119804
13 0.811662 0.685503 0.111403 0.111469 0.0011731
0 0.439415 0.313493 0.111527 0.113349 0.00117283
11 0.0663903 0.933847 0.113488 0.112805 0.00116748
2 0.936424 0.561748 0.111657 0.111896 0.00116114
7 0.439617 0.189421 0.112081 0.111983 0.00115997
9 0.687757 0.933922 0.111225 0.111664 0.00115405
13 0.811717 0.188944 0.111117 0.113081 0.00115278
9 0.315289 0.437146 0.111114 0.111739 0.00115217
7 0.066703 0.934057 0.113935 0.113396 0.00115197
1 0.191309 0.188316 0.112409 0.112531 0.00114563
7 0.0674826 0.685165 0.113378 0.113266 0.00114152
0 0.191405 0.3133 0.112074 0.112717 0.00113192
11 0.811985 0.0649535 0.111043 0.113133 0.00112316
2 0.315833 0.56146 0.111525 0.111134 0.00111046
0 0.315209 0.0648046 0.112336 0.112084 0.00110893
2 0.688116 0.561311 0.111157 0.11221 0.00110071
9 0.5634 0.437449 0.110752 0.111869 0.00106699
13 0.811579 0.312858 0.112931 0.113472 0.00105875
5 0.811939 0.312966 0.112062 0.111964 0.00105775
1 0.31568 0.685535 0.112297 0.112707 0.00105031
11 0.811953 0.933827 0.111575 0.111733 0.00104951
4 0.564259 0.809256 0.111471 0.112406 0.00104678
8 0.936079 0.932853 0.112099 0.112004 0.00103885
10 0.0665907 0.68496 0.113078 0.11151 0.00103839
3 0.191508 0.809409 0.112062 0.111507 0.00103743
7 0.935949 0.68505 0.113353 0.115022 0.00102902
1 0.19127 0.685159 0.111982 0.112278 0.00102113
0 0.439488 0.561149 0.11202 0.112815 0.00102043
6 0.563509 0.189313 0.110915 0.112155 0.00101549
8 0.936125 0.809324 0.111278 0.111467 0.0010125
10 0.315859 0.188791 0.111154 0.111681 0.00100411
9 0.936125 0.809324 0.111278 0.111467 0.00100234
