3 0.439446 0.809365 0.112789 0.111621 0.988093
2 0.315043 0.809845 0.11324 0.112506 0.987652
2 0.43929 0.934215 0.113082 0.113299 0.987136
11 0.563699 0.809332 0.112072 0.112418 0.986942
11 0.563716 0.933615 0.111056 0.112721 0.986937
3 0.191914 0.809629 0.110958 0.11202 0.986657
3 0.439373 0.0646368 0.111394 0.111715 0.986489
6 0.935762 0.933663 0.112603 0.112286 0.985214
1 0.315664 0.933922 0.112699 0.112758 0.985196
8 0.315544 0.685572 0.112162 0.111397 0.985033
8 0.687925 0.0653904 0.111832 0.112564 0.984676
6 0.191065 0.933861 0.110826 0.112025 0.984539
5 0.812351 0.80969 0.112415 0.113279 0.984312
10 0.0674758 0.809526 0.11289 0.112008 0.984284
5 0.0673172 0.685811 0.112409 0.112311 0.984274
6 0.191008 0.685583 0.110902 0.111371 0.984148
5 0.19166 0.561734 0.11185 0.112656 0.983547
8 0.0669788 0.437729 0.113282 0.112401 0.983486
9 0.0674285 0.06467 0.113111 0.112558 0.983424
7 0.93582 0.065389 0.112929 0.112365 0.983286
13 0.812087 0.933909 0.112528 0.112791 0.983023
4 0.315757 0.313112 0.113446 0.112836 0.982962
10 0.31544 0.188929 0.112716 0.112055 0.982948
10 0.316078 0.0644318 0.111656 0.112508 0.982843
7 0.191546 0.064942 0.112526 0.112865 0.982644
5 0.0673012 0.189694 0.112729 0.112498 0.98259
2 0.93655 0.810073 0.111618 0.111218 0.982585
5 0.191566 0.189329 0.11187 0.112524 0.982492
2 0.0672089 0.933886 0.113004 0.113391 0.982248
3 0.191697 0.313401 0.110479 0.111602 0.982187
13 0.688125 0.809472 0.111832 0.112657 0.982149
12 0.315185 0.562024 0.11183 0.111801 0.981898
12 0.315445 0.437683 0.111717 0.111856 0.981693
13 0.0673727 0.561639 0.113016 0.112381 0.981394
0 0.688246 0.933638 0.112761 0.11286 0.981197
3 0.439356 0.313339 0.110734 0.112104 0.981003
2 0.191319 0.437288 0.112173 0.112792 0.980975
8 0.812204 0.189838 0.112044 0.112726 0.98078
4 0.439627 0.685094 0.113397 0.11327 0.980747
12 0.439918 0.18896 0.112126 0.112894 0.980661
5 0.564174 0.685509 0.111025 0.112867 0.980576
6 0.936027 0.68532 0.112597 0.11167 0.980423
9 0.563649 0.189213 0.111174 0.11296 0.98038
10 0.563737 0.0647574 0.111454 0.112757 0.980282
12 0.439502 0.437652 0.112795 0.112671 0.980126
0 0.0672465 0.313062 0.11203 0.113348 0.97968
5 0.439283 0.561277 0.112059 0.113614 0.979511
10 0.563909 0.313027 0.112777 0.113507 0.97943
6 0.688215 0.68562 0.112683 0.111654 0.979293
3 0.563476 0.561611 0.11126 0.111936 0.97919
6 0.688405 0.312999 0.111714 0.112223 0.979189
5 0.688194 0.188803 0.112772 0.113176 0.979126
12 0.687823 0.561705 0.112379 0.112128 0.979109
1 0.812149 0.685451 0.113432 0.112858 0.978907
9 0.936162 0.437585 0.110891 0.112114 0.978604
13 0.812326 0.437308 0.112438 0.112336 0.97845
13 0.81229 0.561992 0.112993 0.112609 0.978419
1 0.936468 0.56141 0.113807 0.112854 0.978248
6 0.812653 0.0643069 0.112456 0.112791 0.977963
2 0.812209 0.31314 0.112643 0.113168 0.977866
2 0.936124 0.188732 0.112693 0.113536 0.977497
8 0.688114 0.437386 0.112284 0.112448 0.977283
8 0.564088 0.437339 0.111824 0.113135 0.977119
7 0.936771 0.313002 0.112252 0.112209 0.976728
2 0.0665834 0.437254 0.114714 0.111187 0.0123287
2 0.687959 0.0647345 0.111973 0.113014 0.00828377
2 0.812164 0.189817 0.110681 0.112784 0.00745617
12 0.688332 0.809967 0.111762 0.111992 0.00564062
3 0.688456 0.31257 0.111377 0.112284 0.00509418
12 0.811621 0.933239 0.110528 0.110471 0.00503069
1 0.315575 0.313357 0.112022 0.112117 0.00502747
12 0.812372 0.437877 0.108343 0.112111 0.00469964
2 0.31598 0.685523 0.111138 0.113177 0.00469673
3 0.936027 0.68532 0.112597 0.11167 0.00469232
3 0.811921 0.314114 0.112591 0.112468 0.00446981
2 0.68838 0.436953 0.112326 0.113459 0.00442704
3 0.687618 0.685465 0.112195 0.111178 0.00441443
1 0.439641 0.685551 0.112676 0.112094 0.00428387
1 0.0664334 0.313361 0.112353 0.112416 0.00425078
2 0.564124 0.43697 0.111413 0.113557 0.00410415
3 0.190904 0.685164 0.111255 0.111785 0.00406505
12 0.811438 0.562303 0.1107 0.112024 0.00400544
4 0.936095 0.685435 0.112631 0.112717 0.00398267
8 0.564341 0.809015 0.110888 0.112553 0.00398237
10 0.811912 0.933636 0.111684 0.11366 0.00351097
3 0.811989 0.0641608 0.111983 0.113225 0.00340326
4 0.564258 0.0644247 0.111794 0.113465 0.0032795
3 0.191042 0.933603 0.111127 0.112355 0.00317108
11 0.811912 0.933636 0.111684 0.11366 0.00298612
0 0.936674 0.560992 0.113098 0.111475 0.00294882
0 0.0667646 0.438142 0.111541 0.113611 0.00289046
6 0.315444 0.437309 0.111521 0.112022 0.00289036
7 0.93599 0.933504 0.111868 0.113313 0.00285168
1 0.191294 0.437959 0.110841 0.111032 0.00283558
4 0.935972 0.933429 0.112741 0.112877 0.002829
3 0.935727 0.189615 0.112377 0.113163 0.00266569
7 0.191008 0.685583 0.110902 0.111371 0.00260865
3 0.813171 0.809509 0.111323 0.115547 0.00254932
12 0.936223 0.313104 0.112442 0.113846 0.00252907
0 0.687693 0.438125 0.110792 0.112349 0.00250661
1 0.811961 0.313552 0.111737 0.112157 0.00243183
0 0.563392 0.438085 0.111316 0.113661 0.00232992
7 0.686909 0.685452 0.111458 0.112303 0.00231592
7 0.9361 0.685495 0.111896 0.113079 0.00229869
5 0.811439 0.31332 0.113216 0.112372 0.00229849
3 0.935762 0.933663 0.112603 0.112286 0.00224454
11 0.563734 0.437329 0.112521 0.112727 0.00218965
2 0.811662 0.809444 0.11354 0.113463 0.00217967
11 0.81165 0.809892 0.112391 0.111953 0.00217242
9 0.813101 0.932927 0.110337 0.111836 0.00210682
4 0.812133 0.685366 0.112427 0.112087 0.0020659
11 0.688295 0.0649089 0.111918 0.113347 0.00204961
11 0.68782 0.809276 0.1119 0.112618 0.00199822
2 0.812984 0.68522 0.112689 0.113096 0.00195681
4 0.56375 0.313361 0.1122 0.112869 0.00195059
6 0.93614 0.312889 0.112833 0.113414 0.00192052
1 0.936231 0.188602 0.112602 0.112971 0.00185717
5 0.936087 0.809873 0.113214 0.113561 0.0018482
5 0.0673747 0.933562 0.112688 0.112198 0.00180744
1 0.936514 0.809431 0.112513 0.11266 0.00180182
7 0.68818 0.312965 0.111315 0.111605 0.00178875
0 0.812726 0.685407 0.111983 0.112181 0.00177385
12 0.937106 0.436547 0.110956 0.11178 0.00175701
12 0.564181 0.0649004 0.112899 0.113361 0.00171994
8 0.564017 0.933533 0.109705 0.112792 0.00171593
5 0.935877 0.188656 0.113249 0.113676 0.00171224
11 0.688103 0.438355 0.112768 0.112856 0.00169644
9 0.440055 0.312994 0.111128 0.111928 0.00169623
12 0.440055 0.312994 0.111128 0.111928 0.0016764
11 0.0674262 0.562039 0.113226 0.113127 0.00167269
9 0.688095 0.437852 0.112901 0.111717 0.00164928
7 0.811702 0.0643467 0.110198 0.112881 0.00162169
5 0.564198 0.93377 0.11167 0.112858 0.00161769
11 0.315863 0.685509 0.110973 0.113076 0.00158883
5 0.191807 0.809523 0.111594 0.11114 0.00155098
1 0.440169 0.933674 0.113856 0.11368 0.00154454
8 0.191294 0.437959 0.110841 0.111032 0.00153621
12 0.936109 0.0651167 0.113052 0.113642 0.00153266
12 0.0669819 0.561876 0.112384 0.112237 0.00153059
6 0.439423 0.189025 0.111631 0.112788 0.00152168
11 0.81248 0.562318 0.113716 0.112135 0.00151802
10 0.687989 0.189232 0.112271 0.112834 0.00151568
8 0.0669026 0.934037 0.112811 0.113291 0.00150393
12 0.439789 0.0643623 0.111527 0.112264 0.00149337
4 0.686861 0.685836 0.112994 0.111243 0.00149213
7 0.563763 0.0649275 0.111924 0.112924 0.0014843
3 0.0666762 0.933759 0.114138 0.113094 0.00146549
10 0.564017 0.933533 0.109705 0.112792 0.00146351
11 0.0671224 0.808801 0.113579 0.112429 0.0014516
4 0.315804 0.933658 0.111637 0.112923 0.00144825
9 0.812078 0.18999 0.111844 0.111563 0.00142844
3 0.937106 0.436547 0.110956 0.11178 0.0014151
1 0.563509 0.561619 0.111859 0.111845 0.0014136
5 0.315172 0.313359 0.112108 0.111939 0.00140671
8 0.0675674 0.0647633 0.112229 0.112742 0.00140431
11 0.812547 0.437856 0.11346 0.112203 0.00140119
11 0.0665834 0.437254 0.114714 0.111187 0.00137512
10 0.936643 0.313399 0.112301 0.113653 0.00132015
10 0.191204 0.189138 0.111885 0.112391 0.00131601
12 0.315763 0.0646848 0.11232 0.113051 0.00130928
1 0.688165 0.933496 0.112501 0.112454 0.00130725
3 0.687864 0.561259 0.111843 0.113034 0.00128779
4 0.813171 0.809509 0.111323 0.115547 0.00125751
1 0.315584 0.809503 0.113558 0.112809 0.00125109
3 0.191304 0.437837 0.113675 0.112193 0.00124388
3 0.316006 0.809708 0.111711 0.112295 0.00123642
0 0.56371 0.189197 0.110925 0.111719 0.00123312
6 0.688137 0.561891 0.111503 0.112804 0.00122819
5 0.564528 0.809461 0.112576 0.112473 0.00120757
12 0.563992 0.313768 0.111602 0.112685 0.00120462
3 0.315413 0.561381 0.111253 0.113062 0.00119899
8 0.440162 0.934438 0.112832 0.113488 0.00119844
3 0.93655 0.810073 0.111618 0.111218 0.00119594
10 0.0668261 0.18942 0.112073 0.112775 0.00119579
4 0.93669 0.313361 0.11233 0.113267 0.0011893
5 0.191402 0.436916 0.110037 0.112543 0.00118927
12 0.563829 0.189154 0.110897 0.111494 0.00118691
5 0.191936 0.31295 0.110821 0.111025 0.00117741
6 0.439027 0.4382 0.114048 0.11234 0.00116774
11 0.81163 0.188883 0.109875 0.112421 0.00116687
11 0.936059 0.437034 0.112236 0.113715 0.00116613
8 0.813033 0.313523 0.110983 0.113463 0.00115507
2 0.191379 0.809343 0.112776 0.111164 0.00114855
6 0.44008 0.685554 0.113056 0.111672 0.00114084
2 0.315575 0.313357 0.112022 0.112117 0.00114025
4 0.936741 0.561752 0.111689 0.11236 0.00113609
0 0.315507 0.933873 0.111929 0.111942 0.00112933
7 0.56375 0.313361 0.1122 0.112869 0.00112587
3 0.440212 0.933857 0.112299 0.112973 0.00112526
1 0.440057 0.809488 0.111972 0.112265 0.00112506
9 0.0675325 0.80928 0.113253 0.112153 0.00111864
10 0.812457 0.562158 0.112961 0.112829 0.00111073
1 0.0673387 0.93364 0.113624 0.112993 0.00111051
9 0.191312 0.313032 0.110946 0.110991 0.00110768
10 0.0666776 0.685728 0.112067 0.112339 0.00109968
7 0.191065 0.933861 0.110826 0.112025 0.00109839
8 0.688556 0.932993 0.113652 0.112334 0.00109448
5 0.563308 0.313132 0.111814 0.111961 0.00109443
7 0.812656 0.436578 0.110543 0.11211 0.00109195
9 0.564017 0.561283 0.111456 0.112712 0.00108852
5 0.563677 0.0647238 0.112324 0.111905 0.00108439
7 0.315275 0.0647482 0.111953 0.113048 0.00108366
10 0.0670614 0.561728 0.112034 0.112033 0.00107876
0 0.0675322 0.0648055 0.112678 0.113591 0.00107273
4 0.688314 0.189168 0.114215 0.113556 0.00107137
1 0.439654 0.0646115 0.111519 0.112491 0.00106433
3 0.439469 0.189155 0.111481 0.112225 0.00105256
1 0.191627 0.80942 0.111765 0.111774 0.00104548
12 0.68831 0.312802 0.112097 0.113888 0.00104389
1 0.439897 0.313054 0.111015 0.111797 0.00104385
8 0.936091 0.437277 0.110735 0.113256 0.00104243
0 0.688147 0.561764 0.111308 0.112633 0.00102689
5 0.315719 0.809889 0.111997 0.112334 0.0010126
6 0.93602 0.0649424 0.112736 0.112943 0.00100416
