7 0.439559 0.934104 0.111534 0.112505 0.987108
9 0.0674001 0.68542 0.112363 0.112416 0.985904
6 0.315535 0.809749 0.112471 0.113324 0.985492
3 0.811701 0.934024 0.112771 0.114143 0.985247
9 0.439412 0.809949 0.111595 0.112095 0.98522
6 0.563742 0.809786 0.111848 0.113666 0.985052
6 0.191482 0.933923 0.111057 0.112304 0.984914
7 0.0669558 0.1894 0.112165 0.111242 0.984623
5 0.191562 0.561831 0.111232 0.11234 0.984406
9 0.43943 0.685459 0.111757 0.112293 0.984164
1 0.56355 0.933801 0.111894 0.112846 0.984151
0 0.936109 0.933452 0.11265 0.111626 0.984125
6 0.315713 0.685523 0.111862 0.11197 0.984011
9 0.191409 0.685562 0.111117 0.111697 0.983998
12 0.439515 0.0648492 0.111179 0.112544 0.983774
6 0.31505 0.0646904 0.112334 0.113297 0.983152
9 0.687777 0.0649001 0.111067 0.112387 0.983055
3 0.43988 0.561159 0.111761 0.113531 0.98302
4 0.315704 0.933835 0.112081 0.112971 0.982905
9 0.191507 0.437197 0.111915 0.112692 0.982842
13 0.315043 0.437593 0.112647 0.111482 0.98268
13 0.0673588 0.809654 0.112154 0.112627 0.982505
8 0.191619 0.809974 0.111339 0.11218 0.982447
8 0.56351 0.0651758 0.1115 0.112757 0.982376
6 0.687976 0.810125 0.111715 0.113606 0.982362
12 0.0667419 0.0648076 0.113065 0.113304 0.982296
7 0.0670631 0.933999 0.113509 0.113295 0.98189
12 0.315448 0.313586 0.112498 0.112989 0.981721
10 0.191272 0.188629 0.113134 0.112204 0.981694
6 0.191466 0.064535 0.112504 0.11307 0.981504
10 0.812193 0.0653667 0.112239 0.113062 0.981269
2 0.067729 0.313182 0.111248 0.111932 0.981211
8 0.191193 0.31322 0.111395 0.112201 0.981161
11 0.811499 0.809748 0.111631 0.112808 0.981143
2 0.315815 0.189036 0.111166 0.112416 0.981063
6 0.43953 0.436956 0.112615 0.111586 0.980969
0 0.687927 0.933574 0.111777 0.112804 0.980953
13 0.563328 0.189196 0.111601 0.112026 0.980595
2 0.439273 0.188738 0.112418 0.111962 0.979945
2 0.439233 0.312861 0.112732 0.111897 0.979753
9 0.687713 0.685786 0.111164 0.111963 0.979576
6 0.687719 0.313088 0.112281 0.111925 0.979213
13 0.563608 0.437362 0.112575 0.113082 0.979121
5 0.563544 0.312707 0.111761 0.11361 0.978969
13 0.563516 0.685704 0.11212 0.112642 0.978922
7 0.563973 0.56132 0.11222 0.11304 0.97886
12 0.812421 0.685639 0.112994 0.11239 0.978828
1 0.935778 0.0649128 0.113108 0.113263 0.978769
13 0.687682 0.437246 0.112817 0.113132 0.97876
8 0.0674414 0.437371 0.11216 0.112555 0.978712
10 0.936819 0.436852 0.113376 0.114135 0.978701
10 0.812477 0.436655 0.112771 0.113531 0.978698
1 0.81201 0.188881 0.112922 0.113136 0.978697
6 0.936738 0.685782 0.113156 0.111773 0.978625
13 0.687813 0.561373 0.112887 0.113258 0.978564
12 0.93648 0.561596 0.113299 0.111703 0.978482
0 0.811945 0.561325 0.112385 0.112734 0.9784
8 0.936384 0.809743 0.112885 0.112622 0.978211
11 0.936093 0.188636 0.111045 0.11182 0.978211
8 0.812199 0.312916 0.112036 0.111856 0.978099
5 0.936514 0.312614 0.113085 0.112765 0.977951
8 0.0675686 0.561332 0.111746 0.111843 0.977635
11 0.687511 0.188679 0.111763 0.112643 0.977454
11 0.315289 0.560759 0.111772 0.111972 0.975619
3 0.687801 0.685613 0.111385 0.112013 0.0193061
2 0.0668192 0.436896 0.114083 0.111686 0.0174695
3 0.191308 0.437242 0.112051 0.112732 0.0159824
5 0.935097 0.188824 0.111273 0.112453 0.015546
2 0.191203 0.810089 0.11275 0.112362 0.0152589
5 0.315215 0.561093 0.112056 0.113249 0.0143988
5 0.688027 0.18905 0.113445 0.113696 0.0137059
3 0.439412 0.809949 0.111595 0.112095 0.0101713
2 0.191414 0.313044 0.111408 0.111662 0.00956125
3 0.191256 0.685476 0.111815 0.111753 0.00945941
7 0.563391 0.189487 0.11126 0.113138 0.00888506
2 0.066987 0.560966 0.114087 0.112011 0.00757897
4 0.813007 0.436815 0.112421 0.1139 0.00757338
2 0.936312 0.810009 0.112605 0.111455 0.00750822
7 0.563727 0.685342 0.111363 0.113201 0.00736096
5 0.811961 0.809538 0.1112 0.112534 0.00673077
3 0.43943 0.685459 0.111757 0.112293 0.00659068
1 0.0672079 0.313557 0.111167 0.11183 0.00427974
7 0.687857 0.561056 0.111833 0.113215 0.00423092
12 0.688188 0.685737 0.112621 0.11191 0.00355415
12 0.68808 0.437097 0.112129 0.112384 0.00351182
2 0.563997 0.0651226 0.111356 0.112307 0.00350829
2 0.811821 0.313682 0.111812 0.111188 0.00332552
1 0.439349 0.313443 0.111115 0.11201 0.00330492
3 0.687777 0.0649001 0.111067 0.112387 0.00326316
1 0.688224 0.313048 0.111851 0.112382 0.00316485
1 0.811976 0.560883 0.112651 0.112416 0.00305575
0 0.81265 0.685605 0.111407 0.11238 0.002999
0 0.936689 0.561954 0.112027 0.112221 0.00299762
3 0.0668979 0.685019 0.113955 0.112234 0.00281405
10 0.936295 0.188693 0.111679 0.111336 0.00269615
12 0.067075 0.68512 0.113676 0.114063 0.00268492
10 0.686759 0.188949 0.113195 0.113318 0.00267975
12 0.190998 0.685465 0.112497 0.112688 0.00255069
6 0.811537 0.933534 0.114276 0.112157 0.00254139
3 0.439915 0.313215 0.110737 0.112865 0.00251103
4 0.191294 0.188588 0.112617 0.113587 0.00246495
1 0.439844 0.436736 0.109864 0.111547 0.0024598
11 0.563997 0.0651226 0.111356 0.112307 0.00242849
12 0.19132 0.43666 0.111089 0.112559 0.0024279
12 0.439463 0.685449 0.112637 0.112923 0.00236885
7 0.811671 0.43647 0.112608 0.113883 0.00236365
1 0.315704 0.933835 0.112081 0.112971 0.00236007
9 0.813054 0.933821 0.112391 0.111031 0.00234754
4 0.0666484 0.189295 0.112665 0.110321 0.00234399
7 0.688098 0.437212 0.111563 0.11239 0.00232988
0 0.688188 0.685737 0.112621 0.11191 0.00230962
12 0.688144 0.561258 0.112658 0.112744 0.00230712
0 0.812115 0.188914 0.112991 0.114035 0.00230428
10 0.811478 0.809698 0.111351 0.11241 0.00230112
12 0.688201 0.0648838 0.111345 0.111913 0.00220188
12 0.0670842 0.809381 0.111591 0.111998 0.00218294
1 0.688338 0.809979 0.111801 0.113175 0.00215794
6 0.315625 0.313004 0.11256 0.112851 0.00215177
0 0.936017 0.0645236 0.112861 0.113622 0.00213835
12 0.563789 0.437892 0.10848 0.113295 0.00208214
12 0.439417 0.561091 0.112119 0.112423 0.00207667
11 0.19128 0.810131 0.112211 0.112582 0.00206486
11 0.811708 0.313017 0.111665 0.112462 0.00206138
10 0.936512 0.313024 0.111235 0.111837 0.00203015
10 0.315172 0.561125 0.112283 0.112457 0.00201853
3 0.688211 0.809617 0.111409 0.111724 0.0019769
12 0.563629 0.188786 0.11177 0.112461 0.00196082
3 0.936801 0.685726 0.113205 0.113274 0.00192166
12 0.5636 0.685661 0.111518 0.112197 0.00182285
13 0.93653 0.437006 0.112206 0.11181 0.00181241
12 0.439695 0.809573 0.11239 0.112852 0.00179264
12 0.315663 0.4379 0.108346 0.113176 0.0017911
7 0.937117 0.561259 0.112436 0.112226 0.00176807
0 0.0670892 0.438125 0.112228 0.11348 0.00174884
11 0.191195 0.313057 0.11112 0.111631 0.00174285
0 0.688201 0.0648838 0.111345 0.111913 0.00173543
1 0.315646 0.0649785 0.111587 0.111536 0.00172623
4 0.43998 0.933823 0.111075 0.112201 0.00171437
7 0.315331 0.437629 0.112523 0.112825 0.00169112
4 0.811738 0.189375 0.112401 0.113098 0.00168135
1 0.315184 0.189192 0.111527 0.111611 0.00167712
1 0.191682 0.0648762 0.111451 0.111576 0.00167603
4 0.439417 0.561091 0.112119 0.112423 0.00162581
1 0.439546 0.188643 0.112299 0.112792 0.00162464
11 0.936312 0.810009 0.112605 0.111455 0.00161916
3 0.563875 0.809529 0.111599 0.112082 0.00161852
13 0.191122 0.188163 0.112035 0.111592 0.00160587
1 0.563875 0.809529 0.111599 0.112082 0.00160457
3 0.439809 0.437199 0.111919 0.112579 0.00160019
3 0.0668509 0.313053 0.111803 0.110963 0.00159085
4 0.936605 0.313222 0.112718 0.112524 0.00156699
3 0.315535 0.809749 0.112471 0.113324 0.00156
0 0.191398 0.437915 0.110782 0.112535 0.00155059
6 0.0663764 0.0647741 0.112816 0.112441 0.0015496
7 0.811712 0.0645464 0.112456 0.11279 0.00151906
6 0.812156 0.685691 0.112406 0.11281 0.0015146
4 0.0673411 0.933962 0.112482 0.112384 0.00149791
4 0.812658 0.0652811 0.111389 0.113449 0.00149755
11 0.0668192 0.436896 0.114083 0.111686 0.00148664
3 0.31505 0.0646904 0.112334 0.113297 0.00147182
3 0.315537 0.68548 0.112276 0.113293 0.00146707
7 0.06684 0.809453 0.113485 0.112912 0.00144744
4 0.563387 0.933574 0.111029 0.111901 0.00143602
2 0.813054 0.933821 0.112391 0.111031 0.00142985
1 0.191893 0.933602 0.11276 0.112782 0.00140477
6 0.56412 0.561006 0.111873 0.112816 0.00139487
8 0.687414 0.933602 0.111257 0.111342 0.0013724
2 0.688027 0.18905 0.113445 0.113696 0.0013715
6 0.439417 0.561091 0.112119 0.112423 0.00136608
3 0.191082 0.0646279 0.112519 0.11314 0.00133669
3 0.687614 0.313167 0.111966 0.112794 0.00132471
0 0.563387 0.933574 0.111029 0.111901 0.00131838
1 0.316258 0.68568 0.111591 0.112444 0.00131338
6 0.439728 0.0647945 0.111265 0.112886 0.00129753
12 0.812658 0.0652811 0.111389 0.113449 0.00129227
1 0.81175 0.933508 0.111997 0.112624 0.00128932
0 0.936251 0.809598 0.11094 0.112499 0.00128334
4 0.563531 0.313329 0.112765 0.112768 0.00126751
3 0.936961 0.561276 0.111042 0.112843 0.0012428
0 0.813025 0.313696 0.111719 0.114285 0.00124019
1 0.936122 0.685834 0.110833 0.114257 0.00123811
7 0.563548 0.437489 0.113213 0.113647 0.00122373
3 0.191641 0.933982 0.112679 0.113622 0.00122026
1 0.316198 0.810048 0.111193 0.112345 0.00121712
13 0.0670631 0.933999 0.113509 0.113295 0.00121407
10 0.19121 0.561096 0.111333 0.111463 0.00120421
4 0.811601 0.93374 0.112456 0.113155 0.00119305
4 0.191119 0.561111 0.111985 0.11227 0.00118813
4 0.564417 0.561037 0.111796 0.112434 0.00118395
5 0.813007 0.436815 0.112421 0.1139 0.00117322
4 0.935778 0.0649128 0.113108 0.113263 0.00115587
3 0.563499 0.313249 0.112641 0.11329 0.00115481
1 0.687887 0.933528 0.111997 0.11259 0.00115295
3 0.315156 0.188868 0.111274 0.112612 0.00115202
5 0.812995 0.0648571 0.112254 0.112453 0.00112563
3 0.812683 0.685645 0.113141 0.11267 0.00112362
10 0.563142 0.312819 0.11137 0.111879 0.00112162
11 0.067513 0.560794 0.112043 0.113619 0.00112138
13 0.811618 0.437048 0.112006 0.112164 0.00111807
4 0.936592 0.437205 0.113313 0.113645 0.00111736
7 0.93723 0.43646 0.111342 0.114612 0.00110937
1 0.439515 0.561133 0.112233 0.112494 0.00109344
12 0.563985 0.561056 0.111642 0.113592 0.00107905
13 0.811648 0.0647992 0.112298 0.11259 0.00107741
11 0.68823 0.0647708 0.111686 0.112116 0.00107119
8 0.0672079 0.313557 0.111167 0.11183 0.00106596
0 0.067008 0.561084 0.112241 0.111905 0.00104489
9 0.315017 0.560875 0.111804 0.111911 0.00104036
7 0.315779 0.933833 0.112477 0.112216 0.00103817
7 0.688299 0.809819 0.112904 0.112478 0.00103553
10 0.067033 0.809895 0.112091 0.112254 0.00102604
9 0.811559 0.313001 0.111748 0.112412 0.00102518
3 0.9361 0.313166 0.113357 0.113515 0.00102296
0 0.563537 0.0648042 0.11095 0.11168 0.00101897
3 0.43952 0.188947 0.110646 0.11254 0.00101812
6 0.315779 0.933833 0.112477 0.112216 0.00100286
