5 0.191725 0.809828 0.111035 0.112491 0.98631
6 0.439744 0.93391 0.112399 0.113761 0.985825
13 0.563506 0.933804 0.111134 0.113364 0.985238
1 0.31531 0.933808 0.112104 0.112828 0.985178
9 0.067519 0.809741 0.111742 0.111913 0.985109
3 0.191293 0.437597 0.111422 0.113569 0.985056
9 0.315363 0.809679 0.112201 0.111931 0.984854
5 0.0669872 0.437932 0.11244 0.112439 0.983979
7 0.564 0.8096 0.111487 0.112025 0.983936
3 0.315643 0.313473 0.11181 0.113923 0.983903
9 0.191708 0.313137 0.111572 0.112286 0.983885
5 0.315873 0.437811 0.111413 0.112609 0.983609
2 0.935829 0.933986 0.112223 0.111906 0.983599
4 0.687742 0.93431 0.11191 0.113767 0.983456
10 0.191357 0.933136 0.112387 0.11311 0.983429
10 0.688016 0.809654 0.11167 0.113012 0.983381
7 0.315012 0.561584 0.112872 0.111417 0.983137
2 0.812115 0.933914 0.112185 0.113334 0.983106
1 0.0672017 0.685514 0.111918 0.111531 0.98304
6 0.191386 0.561724 0.111247 0.111566 0.982896
1 0.439417 0.809708 0.112283 0.112967 0.982771
12 0.439624 0.685597 0.111447 0.112622 0.982662
12 0.0668312 0.0648367 0.113454 0.113679 0.982464
4 0.191303 0.0647972 0.112487 0.112606 0.982406
0 0.191183 0.685224 0.112024 0.111606 0.982349
13 0.191608 0.189459 0.111053 0.111611 0.982337
12 0.06709 0.18921 0.112461 0.112358 0.982022
2 0.0679869 0.561452 0.11163 0.112142 0.981981
13 0.315254 0.065268 0.112626 0.111909 0.98197
11 0.562891 0.0655299 0.111107 0.112365 0.981959
13 0.315122 0.685494 0.112504 0.11129 0.981834
10 0.0674836 0.313082 0.113183 0.112298 0.981756
13 0.439262 0.064946 0.112162 0.111835 0.981686
12 0.564058 0.685616 0.110852 0.112711 0.981495
10 0.812041 0.0654547 0.112415 0.113013 0.981039
1 0.0668215 0.933887 0.112221 0.113077 0.980995
2 0.3152 0.18879 0.112701 0.111889 0.980976
0 0.935827 0.685185 0.113205 0.111975 0.980795
13 0.439325 0.313625 0.113058 0.111907 0.980779
10 0.439199 0.436785 0.112031 0.111722 0.980654
6 0.687847 0.685459 0.112118 0.11164 0.979505
1 0.68776 0.561233 0.112766 0.11302 0.979422
12 0.439672 0.561258 0.112728 0.112552 0.979383
12 0.687684 0.188682 0.11183 0.111756 0.979323
6 0.812237 0.561516 0.112601 0.111572 0.979278
0 0.81193 0.809509 0.112616 0.112758 0.97912
1 0.563439 0.188998 0.11218 0.112912 0.979081
4 0.812293 0.685137 0.112675 0.112628 0.978934
11 0.563631 0.436977 0.111904 0.114577 0.978889
12 0.936253 0.437036 0.113224 0.111981 0.978888
0 0.563655 0.561277 0.111722 0.112933 0.978768
1 0.687657 0.0645584 0.112023 0.113432 0.978635
5 0.812053 0.188573 0.112278 0.11285 0.9786
1 0.936233 0.312656 0.113667 0.112809 0.978573
6 0.936732 0.561634 0.113258 0.111229 0.978537
7 0.563785 0.313143 0.112117 0.112588 0.978457
11 0.687658 0.437035 0.111868 0.113809 0.978358
2 0.936234 0.809773 0.112091 0.112661 0.978337
6 0.936215 0.188539 0.113045 0.111613 0.978313
0 0.439342 0.188739 0.111941 0.112939 0.977809
8 0.688011 0.31298 0.111772 0.112081 0.977618
8 0.936155 0.064939 0.112413 0.113222 0.977339
2 0.812359 0.437015 0.112838 0.112593 0.977054
11 0.811655 0.312977 0.111372 0.111582 0.975935
7 0.439164 0.0652542 0.110841 0.112525 0.0170987
2 0.688186 0.313098 0.111848 0.111785 0.0124424
7 0.19111 0.189234 0.110965 0.111147 0.0116029
3 0.315363 0.809679 0.112201 0.111931 0.0107042
7 0.315042 0.0651503 0.110912 0.111887 0.00964952
8 0.813121 0.933589 0.109565 0.111941 0.00939899
5 0.811598 0.313882 0.111845 0.111875 0.00920639
4 0.44004 0.437405 0.111877 0.113032 0.00855602
7 0.31532 0.68558 0.111373 0.112516 0.00851616
5 0.688146 0.437247 0.111816 0.113348 0.00836304
12 0.191615 0.56119 0.11156 0.110811 0.00827407
7 0.439643 0.31359 0.111272 0.113164 0.00800574
5 0.563549 0.065522 0.111303 0.112747 0.00589556
5 0.563686 0.437735 0.111705 0.112765 0.00570539
6 0.191221 0.437638 0.111616 0.111715 0.00552337
3 0.0676508 0.809549 0.111297 0.111336 0.00462634
4 0.688239 0.809449 0.111815 0.113377 0.00449891
0 0.688084 0.0636191 0.111693 0.113027 0.00386997
1 0.93713 0.561227 0.110955 0.110827 0.00380782
1 0.811961 0.437963 0.108938 0.111537 0.00374461
13 0.439449 0.437189 0.11097 0.111822 0.00360821
6 0.811608 0.685265 0.113325 0.11196 0.0035344
1 0.687859 0.933797 0.112703 0.113007 0.00349267
2 0.688032 0.0646084 0.111 0.112578 0.00343763
2 0.812257 0.685562 0.11189 0.112854 0.00342669
10 0.688043 0.436709 0.110981 0.112769 0.00339928
0 0.936179 0.312959 0.112468 0.111454 0.00324567
4 0.0675502 0.313012 0.112736 0.114301 0.00315392
11 0.688324 0.312799 0.111759 0.111925 0.00314319
10 0.811576 0.312901 0.111505 0.113063 0.00312283
13 0.191605 0.933307 0.110585 0.111062 0.00307159
3 0.812574 0.437593 0.111999 0.113834 0.00307111
1 0.191424 0.064851 0.11165 0.112442 0.00300139
2 0.935614 0.065282 0.112683 0.112373 0.00287901
1 0.68819 0.684893 0.111641 0.112585 0.0028381
1 0.439364 0.188323 0.111898 0.112534 0.00283548
1 0.812094 0.561178 0.113456 0.112505 0.00281941
12 0.439857 0.313203 0.111585 0.111748 0.00279964
5 0.935933 0.933668 0.114421 0.113808 0.00268985
1 0.812257 0.685562 0.11189 0.112854 0.00267902
2 0.191074 0.437398 0.11174 0.112404 0.00265499
7 0.688239 0.809449 0.111815 0.113377 0.0026354
2 0.687742 0.93431 0.11191 0.113767 0.00259635
7 0.191899 0.0646759 0.111016 0.111521 0.00258274
12 0.191337 0.313459 0.112469 0.113267 0.00249112
2 0.688094 0.561185 0.111326 0.112765 0.00248755
0 0.688243 0.561 0.111811 0.111563 0.00248737
7 0.564021 0.933911 0.111658 0.113369 0.00240839
10 0.563874 0.436793 0.111219 0.112931 0.0023988
6 0.315693 0.31348 0.112252 0.111993 0.00237977
0 0.56364 0.188565 0.111982 0.113246 0.00236679
3 0.812119 0.561378 0.112896 0.11315 0.00230688
13 0.688064 0.809727 0.111465 0.112404 0.00219079
8 0.8131 0.437322 0.110415 0.111903 0.0021881
1 0.936096 0.809747 0.114397 0.113962 0.00217818
1 0.81193 0.809509 0.112616 0.112758 0.00215998
4 0.812482 0.0653141 0.111649 0.113216 0.00211553
7 0.936838 0.436523 0.112334 0.112876 0.00210363
12 0.315819 0.809223 0.112566 0.112751 0.00209997
6 0.687859 0.933797 0.112703 0.113007 0.00202703
0 0.936447 0.437471 0.112322 0.112833 0.00201568
1 0.563845 0.560929 0.112024 0.112398 0.00195215
5 0.688192 0.809218 0.111435 0.112763 0.0019444
4 0.564352 0.809441 0.111093 0.112067 0.0019095
1 0.936141 0.933496 0.11294 0.113033 0.00187108
4 0.564344 0.312747 0.11229 0.112611 0.00183944
3 0.936753 0.56154 0.113408 0.112908 0.00181581
12 0.0674269 0.809462 0.114146 0.113853 0.00181244
1 0.439816 0.933422 0.113052 0.112357 0.00181109
7 0.0673743 0.313516 0.112919 0.112818 0.00180302
1 0.315432 0.188707 0.11225 0.112397 0.00174926
3 0.191544 0.31334 0.110754 0.112183 0.00173129
6 0.439528 0.561473 0.112476 0.113264 0.0017259
10 0.812207 0.685344 0.111615 0.113047 0.00169679
0 0.191227 0.31349 0.112314 0.113901 0.00168784
11 0.935614 0.065282 0.112683 0.112373 0.0016849
1 0.81255 0.933563 0.112538 0.113041 0.00165155
12 0.315103 0.685498 0.111648 0.112073 0.0016291
1 0.0673865 0.561245 0.112356 0.111573 0.00159761
4 0.439535 0.809561 0.111723 0.112391 0.00159615
3 0.9361 0.188633 0.113031 0.113396 0.00158536
3 0.687818 0.685369 0.111391 0.112943 0.00157984
3 0.066872 0.561142 0.114655 0.112007 0.00155538
0 0.688143 0.188573 0.112503 0.112664 0.00155379
10 0.0670428 0.436823 0.112254 0.113079 0.00154016
1 0.191279 0.561566 0.112674 0.112508 0.00153514
5 0.936096 0.809747 0.114397 0.113962 0.00153513
12 0.812482 0.0653141 0.111649 0.113216 0.00149406
2 0.688146 0.437247 0.111816 0.113348 0.0014872
1 0.935827 0.188473 0.111518 0.113893 0.00145117
3 0.936841 0.436635 0.111039 0.113604 0.00142939
7 0.811581 0.0645096 0.112682 0.112851 0.00142307
12 0.191054 0.437704 0.111833 0.112221 0.00138109
7 0.687959 0.934302 0.111341 0.111728 0.00136815
7 0.439372 0.436453 0.110804 0.113973 0.00136053
7 0.688151 0.684834 0.112846 0.112493 0.0013485
4 0.563806 0.189309 0.111956 0.113044 0.00134672
13 0.0672858 0.312955 0.112808 0.112731 0.00133444
2 0.19103 0.0649642 0.11075 0.111393 0.00133202
11 0.811549 0.18904 0.112989 0.111866 0.0013285
10 0.811545 0.189149 0.111601 0.112481 0.00130535
1 0.191051 0.68507 0.111854 0.112384 0.00130529
3 0.191279 0.561566 0.112674 0.112508 0.00130261
10 0.563549 0.0651795 0.112802 0.111611 0.00129368
4 0.0671542 0.437873 0.113373 0.110919 0.0012908
10 0.191187 0.809552 0.111592 0.11228 0.00128301
12 0.439556 0.437045 0.112667 0.112729 0.001273
6 0.315473 0.561245 0.111065 0.112139 0.00127187
6 0.0666699 0.189201 0.112131 0.111639 0.00127156
3 0.315276 0.188913 0.110662 0.111884 0.00126977
0 0.936033 0.0648776 0.112002 0.112109 0.00126975
4 0.315476 0.933666 0.111585 0.113346 0.00125393
6 0.439574 0.685755 0.112684 0.11314 0.00124613
6 0.0670086 0.0644859 0.113477 0.113235 0.00124317
4 0.687947 0.560689 0.112398 0.112644 0.00121333
4 0.0672017 0.685514 0.111918 0.111531 0.00117766
3 0.439744 0.93391 0.112399 0.113761 0.00117711
0 0.066957 0.685256 0.112256 0.112013 0.00116402
7 0.8117 0.684945 0.111856 0.113697 0.00114085
10 0.563907 0.313492 0.112261 0.112234 0.00114014
10 0.315166 0.437084 0.111988 0.112532 0.00113087
13 0.936652 0.436552 0.111148 0.11293 0.00111642
4 0.0668215 0.933887 0.112221 0.113077 0.00111088
4 0.315369 0.561251 0.110983 0.112744 0.00110808
3 0.936652 0.809606 0.111164 0.112575 0.00110745
5 0.811504 0.437126 0.114115 0.112126 0.00110174
4 0.687764 0.0650004 0.11186 0.113057 0.00109114
4 0.935829 0.933986 0.112223 0.111906 0.00108337
0 0.0667338 0.93392 0.113182 0.113693 0.00106229
12 0.439731 0.0644841 0.111547 0.111668 0.00106171
1 0.191074 0.437398 0.11174 0.112404 0.00104127
3 0.439755 0.561092 0.1126 0.113122 0.00104126
0 0.315476 0.933666 0.111585 0.113346 0.00103306
0 0.439648 0.80965 0.112098 0.113115 0.00102514
13 0.811501 0.0647238 0.111386 0.112201 0.00101896
