5 0.936198 0.934191 0.111515 0.11153 0.986323
5 0.192012 0.685123 0.110182 0.111354 0.985844
12 0.439372 0.93384 0.112034 0.11367 0.984962
9 0.314541 0.0647132 0.111346 0.111773 0.984891
2 0.563254 0.933999 0.11308 0.113627 0.98476
7 0.936419 0.809489 0.113812 0.112632 0.984738
12 0.315774 0.933945 0.1132 0.113684 0.984685
10 0.0667856 0.685533 0.114195 0.112928 0.98446
9 0.191872 0.189207 0.111459 0.110923 0.984267
4 0.191413 0.437565 0.111975 0.112685 0.984064
9 0.0671752 0.9339 0.114159 0.113809 0.984041
9 0.0673888 0.313685 0.113258 0.111499 0.983707
3 0.811912 0.93375 0.113227 0.1138 0.983633
10 0.315899 0.313214 0.112445 0.112044 0.983593
0 0.935735 0.684824 0.113289 0.111452 0.983414
10 0.191848 0.313185 0.113305 0.112424 0.983337
1 0.315732 0.685396 0.111266 0.110885 0.983013
1 0.0670246 0.437822 0.113288 0.112085 0.982395
12 0.067459 0.809874 0.112749 0.11226 0.982145
10 0.439481 0.0650176 0.112814 0.113399 0.981782
0 0.811546 0.808936 0.11243 0.112291 0.981669
11 0.1917 0.561022 0.111282 0.111769 0.981569
5 0.688154 0.809668 0.111749 0.111555 0.981514
11 0.315465 0.560933 0.111279 0.111765 0.981398
11 0.439288 0.685007 0.110327 0.11136 0.981293
5 0.563807 0.684999 0.111363 0.112092 0.981039
13 0.563795 0.80946 0.111905 0.112565 0.981004
3 0.0673856 0.18916 0.1125 0.112137 0.980847
1 0.191359 0.0648997 0.112166 0.113077 0.980775
1 0.315238 0.437457 0.111842 0.111373 0.980552
8 0.0674094 0.0653496 0.111839 0.112962 0.980551
10 0.439224 0.312983 0.112022 0.111647 0.980496
0 0.315729 0.809112 0.111823 0.112025 0.980215
8 0.315344 0.189386 0.112583 0.112035 0.980051
7 0.687831 0.685209 0.111841 0.111232 0.979858
13 0.439341 0.188978 0.111559 0.110713 0.979792
6 0.935893 0.0649855 0.114159 0.113071 0.979776
2 0.811703 0.0652892 0.11179 0.112677 0.979763
4 0.563688 0.313115 0.112064 0.112682 0.979761
2 0.19143 0.809286 0.111377 0.11157 0.979702
9 0.563623 0.437819 0.111832 0.111797 0.979682
2 0.0677077 0.560754 0.11173 0.111894 0.979413
0 0.191811 0.933477 0.111054 0.112823 0.979322
13 0.439723 0.809601 0.112079 0.111402 0.97925
6 0.812131 0.561338 0.113332 0.11253 0.97892
12 0.439874 0.561291 0.112633 0.112284 0.978918
9 0.935995 0.313587 0.11206 0.112518 0.978916
11 0.687848 0.560903 0.111907 0.113106 0.978807
9 0.935521 0.437751 0.111557 0.112141 0.978777
10 0.812005 0.436822 0.113292 0.113569 0.978689
0 0.438939 0.437359 0.111528 0.111619 0.978569
10 0.811842 0.685177 0.112781 0.111592 0.978516
8 0.6878 0.933578 0.111627 0.114139 0.97851
8 0.563887 0.0650873 0.110122 0.111849 0.978481
6 0.812119 0.312969 0.112942 0.112087 0.97847
1 0.68788 0.0643594 0.112173 0.113103 0.978413
0 0.687631 0.437001 0.111117 0.112778 0.978348
10 0.812116 0.18877 0.112989 0.113576 0.978318
6 0.936772 0.561408 0.114533 0.112757 0.977919
11 0.687892 0.312715 0.1116 0.112329 0.977829
5 0.936211 0.18832 0.112449 0.111766 0.977608
8 0.563696 0.561353 0.112038 0.112637 0.97709
8 0.687882 0.189057 0.111433 0.112356 0.976963
8 0.563799 0.189395 0.11236 0.112773 0.97584
5 0.687952 0.56096 0.111313 0.112625 0.0301903
5 0.315445 0.561321 0.111037 0.112008 0.0283516
5 0.439291 0.685107 0.110629 0.111385 0.0225713
2 0.563509 0.0654544 0.110783 0.112177 0.0176186
2 0.688087 0.188723 0.111854 0.113168 0.0138213
2 0.563461 0.189842 0.111454 0.112293 0.0130604
2 0.0665883 0.0652033 0.11344 0.112031 0.0128832
5 0.191325 0.561532 0.111424 0.111994 0.0124069
5 0.688142 0.31253 0.110952 0.111654 0.0123371
2 0.564158 0.56092 0.112337 0.112724 0.0105995
2 0.687641 0.933589 0.111322 0.11303 0.00902693
6 0.439739 0.561323 0.113191 0.113143 0.00759142
2 0.3152 0.189716 0.111776 0.111799 0.00651055
12 0.563948 0.808906 0.109743 0.111856 0.00583168
10 0.439865 0.809433 0.110911 0.112533 0.00515358
12 0.686825 0.685398 0.110184 0.111311 0.00499407
6 0.812387 0.933278 0.112722 0.113401 0.00445876
2 0.813087 0.933317 0.112611 0.111477 0.00444021
0 0.688383 0.0636135 0.111521 0.112569 0.00441909
6 0.0669864 0.189085 0.113258 0.113452 0.00422614
0 0.688188 0.93345 0.111374 0.113033 0.00399419
10 0.563948 0.808906 0.109743 0.111856 0.0039257
10 0.935556 0.18856 0.111078 0.11151 0.00388114
3 0.564005 0.9339 0.112585 0.114075 0.00385621
1 0.687791 0.436479 0.111544 0.112309 0.00381561
9 0.687777 0.933258 0.111663 0.113412 0.00379427
4 0.812361 0.189253 0.113139 0.113789 0.00368984
12 0.936165 0.809693 0.114101 0.114736 0.0036531
5 0.0676139 0.560423 0.112987 0.113118 0.00364648
2 0.688197 0.809337 0.112074 0.112513 0.00330975
12 0.439153 0.189345 0.111373 0.111872 0.00324314
12 0.439865 0.809433 0.110911 0.112533 0.00297978
11 0.439153 0.189345 0.111373 0.111872 0.00296496
1 0.811313 0.0646649 0.111508 0.112421 0.00259479
4 0.688139 0.68497 0.111645 0.112067 0.00251879
10 0.935822 0.93335 0.111781 0.111555 0.00244003
1 0.56403 0.313051 0.112334 0.112573 0.00243986
7 0.191567 0.437619 0.111426 0.112172 0.00237912
3 0.811657 0.0657183 0.11123 0.112056 0.00237602
4 0.811994 0.436991 0.114304 0.113576 0.0023101
4 0.440235 0.0646389 0.112666 0.113442 0.00230188
6 0.0671066 0.809603 0.114502 0.113019 0.00219674
3 0.936484 0.0650238 0.113918 0.113948 0.00219313
0 0.688086 0.189022 0.112357 0.114051 0.00216972
6 0.686825 0.685398 0.110184 0.111311 0.00216777
3 0.0669885 0.560667 0.114197 0.111515 0.00207815
4 0.315214 0.313397 0.11144 0.112747 0.00204949
2 0.688164 0.561172 0.110851 0.112343 0.00201314
4 0.191364 0.313233 0.112124 0.113287 0.0020056
1 0.439263 0.436742 0.111711 0.112381 0.0019663
0 0.563965 0.438165 0.113362 0.112288 0.00194757
10 0.191659 0.685089 0.112046 0.112144 0.00191189
1 0.191109 0.437687 0.112259 0.112103 0.00190167
12 0.936108 0.313402 0.113098 0.113972 0.00188852
4 0.439273 0.313246 0.111821 0.112847 0.00188388
4 0.0669864 0.189085 0.113258 0.113452 0.00188226
10 0.191833 0.560943 0.11208 0.113102 0.00184399
0 0.191484 0.0644767 0.111423 0.112488 0.0018374
3 0.191549 0.809477 0.112468 0.112186 0.00181933
11 0.688173 0.809617 0.112378 0.112387 0.00180265
1 0.315838 0.809126 0.111937 0.112664 0.00180063
6 0.439372 0.93384 0.112034 0.11367 0.00178692
2 0.688151 0.313342 0.111511 0.111522 0.0017782
11 0.563919 0.561038 0.111184 0.113446 0.00175894
7 0.563948 0.808906 0.109743 0.111856 0.00174473
11 0.0669256 0.0651312 0.112291 0.11234 0.00173888
1 0.563867 0.933697 0.113793 0.11388 0.00172607
11 0.31555 0.189643 0.111478 0.111898 0.00170702
12 0.563878 0.438168 0.111537 0.111457 0.00169591
8 0.563878 0.438168 0.111537 0.111457 0.00168897
5 0.811313 0.0646649 0.111508 0.112421 0.00163286
0 0.315228 0.437006 0.112646 0.111817 0.00162453
0 0.0664283 0.436565 0.114809 0.111482 0.00162327
1 0.811419 0.933737 0.112094 0.112607 0.00162283
4 0.936419 0.809489 0.113812 0.112632 0.0015843
6 0.936177 0.809528 0.112823 0.11445 0.00157479
1 0.0673939 0.56068 0.112317 0.111648 0.00155038
2 0.688195 0.0646596 0.110798 0.112128 0.00154772
10 0.68774 0.312695 0.110381 0.112077 0.00152983
11 0.687774 0.933714 0.111668 0.112473 0.00152608
0 0.0670476 0.313884 0.113516 0.112107 0.00147671
11 0.564123 0.0654484 0.111059 0.112546 0.00146242
2 0.563939 0.313608 0.111516 0.112759 0.00144506
7 0.439865 0.809433 0.110911 0.112533 0.00143263
10 0.315789 0.56086 0.111301 0.112046 0.0014286
5 0.811165 0.685511 0.112389 0.112591 0.00142185
5 0.81158 0.189204 0.112464 0.112597 0.00141772
10 0.686694 0.560721 0.11288 0.111855 0.00139203
11 0.440046 0.809726 0.112949 0.11269 0.00138452
4 0.315582 0.4371 0.111488 0.111633 0.00137576
3 0.811978 0.313296 0.11197 0.112253 0.00135239
1 0.936735 0.560908 0.11381 0.112171 0.00134735
9 0.563966 0.561253 0.112085 0.112387 0.00133839
1 0.811546 0.808936 0.11243 0.112291 0.00132851
4 0.315732 0.685396 0.111266 0.110885 0.00132647
13 0.191313 0.31341 0.111785 0.11177 0.00131415
5 0.439178 0.313256 0.111656 0.111963 0.00131108
11 0.688446 0.188793 0.111392 0.112979 0.00126448
13 0.936207 0.313337 0.113255 0.113067 0.00122082
8 0.935803 0.43735 0.112599 0.113259 0.00119599
12 0.0671523 0.313862 0.113299 0.111811 0.00119002
12 0.811548 0.933664 0.113285 0.113811 0.0011696
6 0.191567 0.437619 0.111426 0.112172 0.00116687
11 0.563694 0.685206 0.111389 0.111894 0.00115959
13 0.439392 0.065174 0.112058 0.111855 0.00114776
0 0.0667072 0.0653591 0.111819 0.111205 0.00114752
5 0.811077 0.437443 0.112151 0.112228 0.00114584
11 0.811165 0.685511 0.112389 0.112591 0.00113879
1 0.0671579 0.189409 0.113022 0.113573 0.00113457
5 0.191313 0.31341 0.111785 0.11177 0.00113453
10 0.687732 0.809493 0.111239 0.111713 0.00113379
6 0.688195 0.0646596 0.110798 0.112128 0.00113132
3 0.936734 0.561617 0.113132 0.112911 0.0011297
0 0.314974 0.685331 0.110994 0.111586 0.00111941
4 0.811548 0.933664 0.113285 0.113811 0.00111901
3 0.812358 0.56127 0.11225 0.112354 0.00110893
5 0.191717 0.809388 0.111693 0.112248 0.00110277
7 0.811436 0.685171 0.113927 0.113447 0.00109548
11 0.0676887 0.93318 0.113591 0.112557 0.00109338
10 0.439608 0.685069 0.112263 0.111707 0.00109311
5 0.563228 0.313665 0.11235 0.112298 0.0010844
3 0.688173 0.809617 0.112378 0.112387 0.00108413
1 0.191604 0.809058 0.11191 0.111993 0.00108267
4 0.811842 0.685177 0.112781 0.111592 0.00108231
8 0.936108 0.313402 0.113098 0.113972 0.00107601
12 0.315086 0.064947 0.112302 0.11097 0.00107434
10 0.56403 0.313051 0.112334 0.112573 0.00107328
11 0.935495 0.188577 0.111257 0.111231 0.00107015
8 0.688065 0.436646 0.111505 0.113037 0.00106795
11 0.936122 0.313414 0.113837 0.114586 0.00106483
12 0.936751 0.436584 0.111801 0.111081 0.00106167
12 0.191039 0.189266 0.112074 0.111097 0.00106083
2 0.563686 0.6851 0.111864 0.111277 0.0010567
11 0.563795 0.80946 0.111905 0.112565 0.0010552
8 0.811411 0.0645706 0.111469 0.113133 0.00105111
0 0.936122 0.313414 0.113837 0.114586 0.00105071
8 0.191698 0.809651 0.111664 0.112114 0.00104896
10 0.688118 0.684973 0.112078 0.113045 0.0010414
1 0.812074 0.560956 0.113044 0.112171 0.0010354
11 0.563691 0.437824 0.112889 0.110904 0.00103523
9 0.812012 0.808788 0.111705 0.112366 0.00102883
11 0.564007 0.189881 0.111502 0.111982 0.001026
11 0.811518 0.188734 0.112793 0.11235 0.00102371
8 0.563863 0.933796 0.112698 0.112281 0.00101968
10 0.439153 0.189345 0.111373 0.111872 0.00101736
12 0.0667247 0.18931 0.112482 0.113135 0.00101007
11 0.935885 0.933702 0.113105 0.113055 0.00100984
7 0.811875 0.313322 0.111737 0.110851 0.00100077
