9 0.191434 0.809278 0.112312 0.113282 0.987537
5 0.563791 0.933561 0.110611 0.113142 0.986034
7 0.936057 0.933697 0.113681 0.113835 0.985739
1 0.315818 0.933936 0.112535 0.112711 0.985625
9 0.0668897 0.561746 0.113198 0.113612 0.985578
13 0.314993 0.685366 0.112485 0.113314 0.98538
13 0.687878 0.933932 0.112793 0.114611 0.984868
2 0.56344 0.809543 0.112782 0.112895 0.984454
8 0.0665581 0.437651 0.11328 0.112297 0.984409
5 0.811939 0.933989 0.111351 0.112608 0.984264
9 0.191249 0.189105 0.111697 0.11319 0.983838
3 0.19148 0.561498 0.111754 0.11362 0.983758
3 0.0668198 0.0650496 0.113057 0.114132 0.983751
13 0.0675216 0.313374 0.112405 0.113249 0.983664
7 0.688177 0.809794 0.11236 0.1134 0.983564
1 0.439349 0.809629 0.112209 0.112355 0.983259
4 0.439677 0.685637 0.113501 0.113761 0.983184
11 0.0665772 0.933973 0.114305 0.114385 0.983096
3 0.191409 0.437693 0.111935 0.113757 0.982969
9 0.812248 0.809751 0.111729 0.113399 0.982865
10 0.439863 0.933894 0.113295 0.114754 0.982848
1 0.0672038 0.685688 0.112166 0.111445 0.982724
10 0.315128 0.437193 0.113218 0.112274 0.982581
10 0.315468 0.0645836 0.112929 0.112566 0.982295
8 0.439245 0.0649774 0.110879 0.111513 0.98222
4 0.439526 0.188854 0.113356 0.114113 0.982118
3 0.315522 0.561463 0.112155 0.113793 0.981547
10 0.0675579 0.809576 0.114106 0.11395 0.981476
7 0.687698 0.0653329 0.111841 0.113472 0.981325
4 0.191556 0.933392 0.114333 0.11482 0.981284
3 0.68786 0.685528 0.112879 0.113264 0.981222
10 0.439392 0.437239 0.112824 0.112501 0.981195
12 0.315465 0.313334 0.112206 0.113376 0.981112
4 0.439262 0.560843 0.112558 0.112918 0.9811
10 0.439214 0.313256 0.112536 0.11242 0.981046
2 0.191031 0.31308 0.111936 0.112637 0.980941
1 0.0669219 0.18936 0.112715 0.112693 0.980858
8 0.190798 0.064752 0.11207 0.112927 0.980768
12 0.190804 0.685412 0.112976 0.111522 0.980272
11 0.563874 0.685325 0.111644 0.113878 0.980184
8 0.315111 0.189203 0.112103 0.112642 0.980103
13 0.936442 0.0646856 0.113928 0.114692 0.97996
11 0.563524 0.313161 0.111849 0.114576 0.979767
6 0.564029 0.561207 0.112576 0.113453 0.979744
5 0.563435 0.437595 0.112129 0.112379 0.979726
11 0.811637 0.0654059 0.112475 0.113434 0.979723
2 0.936392 0.809528 0.112158 0.111592 0.979715
10 0.687998 0.188707 0.112698 0.114418 0.979336
8 0.315534 0.809621 0.112774 0.112513 0.979327
4 0.687952 0.560995 0.113028 0.114048 0.979189
5 0.687796 0.437317 0.112179 0.113608 0.978962
4 0.812519 0.436898 0.11318 0.113993 0.978946
11 0.936212 0.68553 0.112777 0.113973 0.978838
5 0.812128 0.561616 0.112697 0.11323 0.978792
13 0.812239 0.685745 0.11272 0.112954 0.978759
9 0.936582 0.31391 0.11103 0.111581 0.978741
12 0.563323 0.0650555 0.111764 0.110909 0.978475
6 0.811589 0.188876 0.112286 0.111758 0.978329
4 0.936276 0.188536 0.114116 0.114911 0.978106
2 0.812289 0.312797 0.112757 0.113254 0.978091
2 0.563424 0.188427 0.111596 0.113923 0.977975
2 0.936512 0.437004 0.112996 0.113301 0.977551
8 0.687619 0.313171 0.111457 0.111909 0.977457
12 0.936772 0.561203 0.112712 0.112913 0.97734
6 0.936572 0.561598 0.111573 0.112682 0.0311635
2 0.688072 0.312495 0.111391 0.111711 0.0242635
6 0.191251 0.685451 0.111246 0.111255 0.0212765
6 0.56363 0.0649271 0.111264 0.113815 0.00865395
2 0.0661746 0.436968 0.114759 0.110679 0.00632329
6 0.315459 0.313761 0.112639 0.113451 0.00510617
5 0.811567 0.312854 0.113822 0.1128 0.0049454
12 0.439982 0.933723 0.112101 0.113371 0.00484407
1 0.811858 0.313274 0.111435 0.112944 0.00461645
6 0.191712 0.933583 0.111768 0.112328 0.00457542
11 0.811551 0.561635 0.111901 0.111686 0.00445234
2 0.315201 0.188648 0.111441 0.112392 0.00433542
1 0.936373 0.188886 0.113316 0.115024 0.00402569
1 0.812418 0.437025 0.113007 0.113944 0.00389286
2 0.688128 0.437504 0.112557 0.113038 0.00374898
1 0.688136 0.561213 0.112772 0.113514 0.00374191
12 0.68677 0.0650147 0.10887 0.112143 0.00370755
12 0.811441 0.685758 0.110639 0.111954 0.00368594
3 0.812052 0.189174 0.112374 0.11458 0.00367493
11 0.688107 0.437593 0.112493 0.11402 0.00362905
10 0.811455 0.06515 0.111947 0.112056 0.00348949
5 0.936082 0.436977 0.113236 0.114115 0.00348441
4 0.688267 0.809452 0.112568 0.112889 0.00336736
5 0.811716 0.0658457 0.112129 0.113463 0.00334655
11 0.811462 0.933567 0.112512 0.111332 0.00332698
0 0.0668621 0.438137 0.112109 0.112893 0.00331759
12 0.0672214 0.560965 0.111489 0.114281 0.0032647
4 0.439615 0.313374 0.11194 0.113328 0.00326143
1 0.439908 0.561319 0.112781 0.113333 0.00324403
7 0.936194 0.561227 0.110691 0.113526 0.00312024
12 0.936633 0.313607 0.111159 0.112572 0.00309897
7 0.191712 0.933583 0.111768 0.112328 0.00300038
7 0.811672 0.436263 0.112179 0.115324 0.00283616
4 0.315185 0.437312 0.112703 0.113679 0.0028251
2 0.4394 0.0642555 0.110359 0.112508 0.00279794
1 0.190786 0.313516 0.111219 0.111483 0.00277505
0 0.813105 0.810051 0.11232 0.111822 0.00274895
11 0.439514 0.0642156 0.110675 0.111282 0.00269681
5 0.563764 0.313959 0.112474 0.113814 0.00266382
3 0.812248 0.809751 0.111729 0.113399 0.00265292
8 0.813029 0.313045 0.11045 0.112921 0.00251922
11 0.562988 0.436612 0.110709 0.110077 0.00251899
8 0.811521 0.810227 0.112228 0.113122 0.0025174
7 0.687677 0.561107 0.111534 0.11228 0.00251466
1 0.563252 0.188777 0.11159 0.111974 0.0024715
12 0.935885 0.933699 0.112297 0.113037 0.0024398
1 0.439677 0.685637 0.113501 0.113761 0.00243444
2 0.190579 0.0649403 0.111843 0.11112 0.00242394
2 0.315162 0.80958 0.112831 0.11224 0.00240124
8 0.936423 0.436403 0.112663 0.111143 0.00238015
7 0.315796 0.685359 0.112048 0.113457 0.00229436
1 0.935843 0.437869 0.10972 0.111328 0.00225744
1 0.56388 0.809738 0.11268 0.112688 0.00225279
12 0.812236 0.810002 0.112444 0.112689 0.00224551
1 0.936414 0.809691 0.111919 0.111586 0.00221355
7 0.43924 0.561022 0.111855 0.112535 0.00217885
1 0.439936 0.188728 0.112789 0.113725 0.00215765
4 0.688162 0.189332 0.112624 0.11504 0.00211609
7 0.935678 0.188607 0.112269 0.1127 0.00209432
5 0.0664331 0.933799 0.114831 0.11491 0.00202665
4 0.43939 0.809454 0.111816 0.111829 0.00200862
7 0.43957 0.188952 0.112398 0.113524 0.00199952
4 0.315513 0.0647425 0.112553 0.113806 0.00198186
4 0.936057 0.933697 0.113681 0.113835 0.00192864
4 0.439794 0.933384 0.113969 0.115873 0.00189788
6 0.686804 0.0650084 0.111274 0.112031 0.00186503
11 0.688064 0.313306 0.110853 0.114178 0.00186391
11 0.316013 0.810012 0.111944 0.1134 0.00185356
3 0.564162 0.809606 0.112096 0.112432 0.00178851
13 0.440081 0.933697 0.112275 0.112205 0.00176701
13 0.439461 0.437318 0.111837 0.111866 0.0017452
5 0.935927 0.809896 0.112778 0.112623 0.00171039
1 0.191501 0.934139 0.113847 0.114407 0.00170861
0 0.191194 0.189336 0.1121 0.113412 0.00168305
5 0.68813 0.189205 0.113387 0.114637 0.00167508
10 0.0667492 0.31295 0.114403 0.113815 0.00166676
12 0.688028 0.189356 0.112888 0.113205 0.00166205
12 0.43991 0.437447 0.112728 0.112966 0.00165307
11 0.563869 0.933478 0.111579 0.113008 0.00163526
10 0.687696 0.437634 0.111709 0.112137 0.00161642
3 0.564249 0.56081 0.11184 0.113004 0.0016112
7 0.0678172 0.313 0.113169 0.113967 0.0015928
2 0.81143 0.932935 0.112784 0.111858 0.00158708
4 0.563906 0.437891 0.111324 0.112094 0.00158675
12 0.439748 0.313523 0.112632 0.113224 0.00156889
7 0.439425 0.685565 0.112293 0.112832 0.00152672
4 0.439459 0.437461 0.112352 0.113802 0.00152436
7 0.688162 0.189332 0.112624 0.11504 0.00151003
11 0.687765 0.933805 0.112692 0.114319 0.00150781
0 0.687648 0.313439 0.111417 0.111949 0.00150719
13 0.439561 0.313367 0.111567 0.111886 0.00149375
2 0.688338 0.685858 0.111782 0.111839 0.00149155
4 0.688293 0.68559 0.112024 0.112649 0.00147349
4 0.688097 0.0648385 0.110328 0.111442 0.00145527
7 0.812268 0.685239 0.112826 0.114095 0.00144288
4 0.0672038 0.685688 0.112166 0.111445 0.00144197
9 0.0667492 0.31295 0.114403 0.113815 0.0014401
7 0.315667 0.437926 0.112909 0.112907 0.00139097
12 0.191318 0.561104 0.111637 0.112396 0.00138818
10 0.563662 0.933946 0.111617 0.112455 0.00138582
11 0.0667492 0.31295 0.114403 0.113815 0.00138381
3 0.936423 0.436403 0.112663 0.111143 0.00137852
11 0.31496 0.188972 0.112534 0.112572 0.00136175
13 0.687559 0.18865 0.111866 0.111918 0.00135713
10 0.811464 0.933868 0.111294 0.111921 0.00135688
7 0.812008 0.189093 0.112845 0.113804 0.00133446
10 0.93545 0.0649589 0.11062 0.111581 0.00132326
0 0.93667 0.313632 0.111018 0.113348 0.00132248
2 0.813098 0.561851 0.112856 0.113366 0.00131837
3 0.936593 0.809561 0.111509 0.110303 0.00131748
6 0.439425 0.685565 0.112293 0.112832 0.00131146
3 0.190788 0.313447 0.111719 0.111484 0.00131047
4 0.0669219 0.18936 0.112715 0.112693 0.00130224
0 0.0668469 0.188676 0.113044 0.11226 0.00129223
6 0.688367 0.810112 0.112729 0.113189 0.00129014
3 0.936572 0.561041 0.111247 0.112657 0.00127982
5 0.563489 0.810004 0.111601 0.111434 0.00127721
6 0.191587 0.437945 0.114103 0.11392 0.00126729
6 0.43957 0.188952 0.112398 0.113524 0.00125857
12 0.191345 0.43752 0.112057 0.11252 0.00125778
4 0.688145 0.437886 0.111744 0.112158 0.00124738
4 0.563901 0.18898 0.111359 0.112272 0.00122729
2 0.936373 0.188886 0.113316 0.115024 0.0012178
12 0.687742 0.934096 0.110721 0.111467 0.00121543
13 0.686881 0.0646817 0.110754 0.1113 0.0012047
3 0.811993 0.313437 0.112442 0.111632 0.00120369
4 0.315871 0.933663 0.111653 0.113102 0.00119984
11 0.0661746 0.436968 0.114759 0.110679 0.0011943
2 0.93596 0.686013 0.112244 0.113217 0.00118892
11 0.190798 0.064752 0.11207 0.112927 0.00118018
13 0.315088 0.437306 0.111738 0.111998 0.00117619
10 0.563506 0.437786 0.111949 0.112102 0.00117419
12 0.06739 0.809494 0.113168 0.112582 0.00117094
3 0.563901 0.18898 0.111359 0.112272 0.00115253
10 0.688066 0.0648319 0.110211 0.11254 0.00113809
7 0.315513 0.0647425 0.112553 0.113806 0.00112175
12 0.688223 0.685518 0.111932 0.112326 0.00111676
12 0.314918 0.685446 0.111817 0.112196 0.00111514
8 0.935893 0.685234 0.112076 0.113117 0.00111464
12 0.191493 0.809309 0.111816 0.111968 0.00110859
8 0.563442 0.188416 0.112167 0.113043 0.00110466
2 0.812418 0.437025 0.113007 0.113944 0.00110137
1 0.315043 0.56142 0.11238 0.112349 0.00110111
7 0.439794 0.933384 0.113969 0.115873 0.00109107
6 0.935908 0.933366 0.111189 0.11336 0.00106158
6 0.811632 0.436721 0.11351 0.114811 0.00106036
12 0.315613 0.437484 0.112526 0.11303 0.00105279
12 0.191446 0.933838 0.112182 0.11336 0.00105015
5 0.439561 0.313367 0.111567 0.111886 0.00104677
7 0.936442 0.0646856 0.113928 0.114692 0.00104658
10 0.811528 0.561378 0.113207 0.112196 0.00104622
0 0.315709 0.933674 0.111897 0.112233 0.00104492
3 0.936198 0.3136 0.110772 0.11382 0.00103892
10 0.935952 0.685403 0.111712 0.113948 0.00103442
13 0.0671626 0.809176 0.112506 0.112845 0.00102778
1 0.0661121 0.0652461 0.112216 0.112143 0.00102308
5 0.688359 0.685512 0.111881 0.112793 0.00101677
1 0.191533 0.56132 0.112281 0.112605 0.00101554
2 0.688136 0.561213 0.112772 0.113514 0.0010096
7 0.43973 0.313509 0.111902 0.112397 0.00100215
