5 0.439795 0.809623 0.110932 0.110854 0.986006
4 0.31634 0.809414 0.110987 0.110359 0.985723
7 0.191198 0.809377 0.11201 0.111387 0.985245
12 0.9359 0.933692 0.112117 0.112174 0.985121
6 0.191299 0.933602 0.112505 0.112943 0.984918
12 0.190083 0.0652601 0.111446 0.111671 0.984882
3 0.0670465 0.561757 0.112266 0.113145 0.984836
5 0.0669502 0.809945 0.111192 0.112384 0.984804
6 0.440041 0.933609 0.11254 0.113448 0.984797
2 0.687644 0.809595 0.11124 0.111609 0.984787
3 0.191539 0.561811 0.111701 0.112706 0.984746
3 0.315786 0.561725 0.111629 0.112866 0.984484
13 0.314994 0.933782 0.111819 0.112678 0.984232
4 0.438979 0.0649328 0.111307 0.111557 0.98423
6 0.936451 0.809693 0.11198 0.111649 0.984055
9 0.687851 0.934045 0.111846 0.112748 0.984016
10 0.440988 0.685408 0.110948 0.110682 0.983991
7 0.563851 0.933756 0.111535 0.112818 0.983328
6 0.563901 0.809432 0.111552 0.112329 0.983116
2 0.811828 0.809647 0.111769 0.111531 0.983007
6 0.811748 0.933921 0.112251 0.112711 0.982868
2 0.314297 0.0649987 0.111987 0.112398 0.982777
4 0.440183 0.561627 0.111497 0.111157 0.982763
2 0.315788 0.685513 0.112667 0.111639 0.982708
4 0.0672624 0.437526 0.112234 0.111128 0.982607
5 0.0667325 0.314281 0.111269 0.111745 0.982586
4 0.31502 0.188915 0.113357 0.112541 0.982206
12 0.0664539 0.0650674 0.111067 0.112124 0.982047
12 0.190989 0.437553 0.111876 0.111697 0.981915
12 0.315521 0.437646 0.111768 0.111608 0.981632
5 0.564185 0.685623 0.110158 0.110824 0.981366
7 0.438863 0.189336 0.111548 0.112152 0.981205
2 0.314904 0.313382 0.112794 0.112352 0.981124
2 0.190356 0.188838 0.112054 0.112472 0.981064
13 0.0662474 0.190035 0.111946 0.111869 0.981025
2 0.0665117 0.933703 0.112617 0.113843 0.980971
11 0.190882 0.313348 0.112694 0.112147 0.980793
6 0.562903 0.0649201 0.111271 0.11252 0.9805
13 0.68729 0.0654379 0.112024 0.111445 0.980088
9 0.936064 0.685742 0.112649 0.111728 0.980053
6 0.564201 0.561661 0.111962 0.113045 0.98004
4 0.563497 0.312833 0.112874 0.113094 0.979573
12 0.563074 0.188239 0.111898 0.111844 0.979273
10 0.563853 0.437188 0.112073 0.112358 0.979267
12 0.439489 0.437413 0.111739 0.111667 0.979229
10 0.687817 0.561263 0.111988 0.112273 0.979143
12 0.687255 0.437072 0.111853 0.111786 0.979131
13 0.811736 0.437218 0.112458 0.112196 0.97906
13 0.811659 0.561455 0.112485 0.112571 0.978887
2 0.936108 0.0651774 0.11069 0.111567 0.97888
8 0.0665855 0.685572 0.112235 0.111949 0.978861
8 0.191409 0.68571 0.112369 0.110725 0.97886
4 0.81271 0.0645077 0.113969 0.111873 0.9788
1 0.438933 0.313002 0.112596 0.113193 0.978683
11 0.687695 0.187915 0.112527 0.113441 0.978666
4 0.812581 0.685337 0.113101 0.111962 0.978588
11 0.68744 0.312565 0.112621 0.113354 0.978582
12 0.936109 0.561727 0.113118 0.111713 0.978348
0 0.812039 0.312815 0.11236 0.112974 0.978041
8 0.688276 0.685462 0.111782 0.112453 0.977835
8 0.812494 0.188045 0.11324 0.112833 0.977782
2 0.936296 0.437335 0.113239 0.113517 0.977753
3 0.936474 0.188919 0.110431 0.111201 0.977451
11 0.936419 0.313029 0.112576 0.112735 0.977041
3 0.812366 0.933607 0.112071 0.11385 0.00805878
2 0.0666878 0.685353 0.114234 0.111859 0.00708968
3 0.936911 0.809015 0.111308 0.112427 0.00664679
5 0.936356 0.0650495 0.111127 0.112169 0.00590623
10 0.686731 0.312616 0.110682 0.111326 0.00581775
6 0.68759 0.437113 0.1121 0.111369 0.00566218
3 0.191299 0.933602 0.112505 0.112943 0.00544005
1 0.440395 0.561731 0.111953 0.111397 0.00535144
5 0.688135 0.187539 0.112127 0.11271 0.00489165
12 0.811351 0.437286 0.111308 0.111606 0.00486523
2 0.813073 0.187988 0.112398 0.113659 0.00485045
2 0.687903 0.685412 0.111693 0.111564 0.00453112
5 0.687831 0.313094 0.113297 0.11136 0.00435737
5 0.811597 0.809443 0.114218 0.11196 0.00413172
3 0.687973 0.809034 0.110383 0.111532 0.00409447
0 0.688445 0.933109 0.113492 0.112164 0.00394773
1 0.935856 0.437957 0.110554 0.113562 0.00392824
2 0.191188 0.685681 0.113256 0.111635 0.00391888
3 0.564291 0.809074 0.111497 0.112074 0.00385611
8 0.688428 0.933442 0.11355 0.111967 0.00378715
5 0.19103 0.31369 0.113055 0.110438 0.00377059
5 0.688281 0.809574 0.111713 0.112751 0.00375916
1 0.438979 0.0649328 0.111307 0.111557 0.00375625
3 0.440041 0.933609 0.11254 0.113448 0.00362181
1 0.563865 0.312749 0.112326 0.112412 0.00360103
10 0.812543 0.685343 0.110798 0.111865 0.00344943
1 0.812529 0.685482 0.111975 0.111567 0.00339759
1 0.0673237 0.437562 0.112628 0.111608 0.00339466
7 0.439797 0.56166 0.111937 0.112124 0.00325267
1 0.315101 0.188729 0.111537 0.111713 0.00320452
10 0.686756 0.187819 0.113379 0.112585 0.00320195
6 0.190989 0.437553 0.111876 0.111697 0.00308355
1 0.316209 0.809724 0.112435 0.111372 0.00289902
4 0.688165 0.5618 0.111103 0.112388 0.00289503
12 0.936474 0.188919 0.110431 0.111201 0.00287569
10 0.936054 0.313866 0.112704 0.111677 0.00274927
7 0.811687 0.684809 0.113123 0.114458 0.00250801
1 0.812633 0.0647909 0.112647 0.111836 0.0024334
7 0.43911 0.0649941 0.111617 0.111427 0.00225411
3 0.563252 0.064346 0.111094 0.112048 0.00218465
1 0.812257 0.312291 0.112181 0.11285 0.0021052
7 0.811676 0.0642223 0.115354 0.113112 0.00205112
3 0.315788 0.685513 0.112667 0.111639 0.00204733
7 0.936134 0.80942 0.111523 0.113478 0.00203911
12 0.936544 0.685724 0.112335 0.111901 0.00203703
12 0.191779 0.561516 0.112386 0.112376 0.00198364
1 0.315116 0.313692 0.111492 0.11141 0.00196514
7 0.811647 0.933233 0.113295 0.110868 0.00194078
2 0.563726 0.313088 0.111369 0.113247 0.00190608
5 0.936054 0.313866 0.112704 0.111677 0.00188633
7 0.564015 0.56124 0.112685 0.113299 0.00186639
12 0.811566 0.561104 0.112582 0.112113 0.00184605
1 0.688281 0.809574 0.111713 0.112751 0.00181375
12 0.686497 0.0646177 0.111195 0.110033 0.00177423
4 0.563529 0.933412 0.112643 0.113517 0.00176823
4 0.687973 0.809034 0.110383 0.111532 0.00174802
3 0.936047 0.686155 0.110556 0.113444 0.00174577
10 0.439921 0.80953 0.111709 0.111867 0.00174547
1 0.812316 0.809261 0.112666 0.112344 0.00173211
5 0.935907 0.437226 0.113528 0.113978 0.00173098
7 0.563419 0.0647382 0.1119 0.111936 0.00168451
7 0.812363 0.43651 0.111388 0.112269 0.00168234
3 0.936092 0.437219 0.113117 0.111774 0.00165348
7 0.0667508 0.436555 0.111985 0.111893 0.00165085
4 0.439431 0.313278 0.112451 0.112878 0.00164189
1 0.936785 0.0645526 0.111343 0.11243 0.00162812
10 0.190586 0.313873 0.112013 0.111334 0.001617
10 0.936337 0.933681 0.111107 0.113113 0.00159531
13 0.936337 0.933681 0.111107 0.113113 0.00157548
4 0.563939 0.437611 0.110775 0.111518 0.00155331
7 0.688165 0.5618 0.111103 0.112388 0.0015437
13 0.440589 0.685614 0.111702 0.11134 0.00152255
2 0.812543 0.685343 0.110798 0.111865 0.00151804
5 0.688128 0.561502 0.111055 0.111771 0.00150743
12 0.43897 0.188921 0.111824 0.111649 0.00150282
12 0.066461 0.18892 0.111143 0.112085 0.00145785
12 0.811683 0.933069 0.111748 0.111818 0.00144205
1 0.315365 0.56169 0.112256 0.11199 0.00144198
1 0.316488 0.685471 0.112452 0.112151 0.00143154
1 0.314818 0.0648611 0.111726 0.112581 0.00142084
5 0.0665147 0.933411 0.112635 0.11236 0.00142021
7 0.564163 0.809425 0.112469 0.11204 0.00142016
9 0.687346 0.187978 0.111275 0.111871 0.00141639
10 0.563726 0.313088 0.111369 0.113247 0.00141413
2 0.440395 0.561731 0.111953 0.111397 0.00139364
13 0.315325 0.436718 0.110246 0.111979 0.00139227
3 0.564388 0.561395 0.111683 0.112607 0.00138895
1 0.066543 0.561685 0.112528 0.112127 0.00138607
2 0.688119 0.188025 0.113905 0.113475 0.00138312
8 0.936047 0.312813 0.111581 0.111752 0.00138265
9 0.686613 0.312582 0.111352 0.111609 0.00137974
12 0.315243 0.933536 0.111572 0.112003 0.00137795
4 0.43955 0.188839 0.111619 0.112544 0.00136393
0 0.439335 0.312687 0.112276 0.113127 0.00134821
0 0.688121 0.437398 0.110385 0.11164 0.00133547
3 0.0660823 0.933521 0.114164 0.11389 0.00131716
9 0.936327 0.189003 0.110899 0.113009 0.00130673
8 0.688107 0.187968 0.113248 0.114737 0.00130315
7 0.686702 0.437772 0.11018 0.112293 0.00126871
13 0.936266 0.561283 0.111845 0.113172 0.0012678
0 0.812534 0.188522 0.111583 0.112196 0.00126495
2 0.438979 0.0649328 0.111307 0.111557 0.00125326
10 0.315556 0.933626 0.111955 0.112373 0.0012444
3 0.812114 0.809905 0.112456 0.111325 0.00124427
1 0.19025 0.189458 0.112629 0.112456 0.00124059
7 0.0662474 0.190035 0.111946 0.111869 0.00123958
0 0.688315 0.685502 0.111586 0.112521 0.00122566
12 0.564038 0.437141 0.111574 0.111522 0.001215
3 0.93635 0.561329 0.110633 0.11279 0.00121379
9 0.936047 0.312813 0.111581 0.111752 0.00121308
11 0.688101 0.685553 0.111309 0.112951 0.00121006
2 0.315101 0.188729 0.111537 0.111713 0.00118908
12 0.68773 0.561487 0.11166 0.111405 0.00118007
6 0.315399 0.809141 0.112023 0.111997 0.00116118
6 0.439841 0.437452 0.111092 0.111726 0.00115712
7 0.936061 0.932917 0.110678 0.1134 0.00115528
3 0.687722 0.436564 0.111129 0.112816 0.00115158
12 0.688351 0.933742 0.113927 0.111481 0.0011442
3 0.936432 0.0650957 0.110671 0.111894 0.00113215
3 0.315031 0.313402 0.112277 0.113033 0.00113002
6 0.811639 0.685187 0.114686 0.113162 0.0011279
13 0.687609 0.561376 0.110933 0.111933 0.00111466
1 0.0666596 0.93344 0.113299 0.113291 0.0010976
8 0.935856 0.437957 0.110554 0.113562 0.00107421
6 0.811599 0.0645768 0.115057 0.112097 0.00107398
2 0.812633 0.0647909 0.112647 0.111836 0.00107348
10 0.315461 0.188829 0.111662 0.111762 0.00106783
10 0.563688 0.685847 0.11118 0.11143 0.00105777
1 0.191762 0.561661 0.112104 0.112101 0.00105003
5 0.563386 0.437653 0.111946 0.111691 0.00103291
6 0.936339 0.188995 0.110706 0.112426 0.00102856
8 0.81307 0.809417 0.110198 0.111966 0.00102228
6 0.315375 0.437248 0.111777 0.111901 0.00100732
8 0.688049 0.312901 0.113838 0.114128 0.00100191
9 0.190822 0.313682 0.111653 0.111314 0.00100153
