9 0.191295 0.809583 0.111832 0.113046 0.987341
9 0.563798 0.933996 0.111538 0.113346 0.986897
5 0.315181 0.685147 0.110394 0.111657 0.985348
4 0.439959 0.809815 0.112838 0.113198 0.984652
9 0.0666861 0.437426 0.113283 0.113326 0.983959
5 0.935953 0.0660128 0.112034 0.113211 0.983846
6 0.191836 0.064981 0.111314 0.113291 0.983818
7 0.191637 0.437642 0.112246 0.11304 0.983762
7 0.811807 0.0656739 0.113888 0.113807 0.983577
4 0.936788 0.809468 0.112996 0.113527 0.983519
13 0.0674129 0.685626 0.112489 0.113148 0.983509
13 0.191611 0.313595 0.111077 0.11224 0.983323
13 0.0673841 0.189124 0.112559 0.112837 0.983069
5 0.0671582 0.561702 0.112588 0.113134 0.983055
0 0.439714 0.933533 0.112304 0.11331 0.982944
8 0.68777 0.933933 0.112952 0.114071 0.982855
4 0.315347 0.18896 0.113184 0.113407 0.982724
11 0.0663269 0.934154 0.114293 0.114716 0.982664
4 0.688077 0.809702 0.112587 0.113405 0.982637
3 0.191594 0.561546 0.111514 0.113336 0.982609
10 0.315857 0.809781 0.113218 0.113455 0.982459
10 0.315342 0.0645159 0.113211 0.112912 0.982432
8 0.315095 0.437419 0.112482 0.112406 0.982427
10 0.067216 0.0646373 0.113535 0.113995 0.98236
12 0.439795 0.68542 0.111315 0.112534 0.982322
2 0.812088 0.933669 0.113171 0.113578 0.982278
8 0.315558 0.934056 0.112471 0.112477 0.98199
10 0.191594 0.685411 0.111667 0.111491 0.981858
2 0.0664641 0.313381 0.113321 0.112368 0.981505
12 0.315346 0.561461 0.113011 0.111846 0.981314
2 0.191742 0.933875 0.112704 0.113615 0.981069
0 0.811895 0.809035 0.113079 0.114045 0.981055
0 0.935911 0.684638 0.112959 0.111128 0.980985
5 0.439481 0.437284 0.112587 0.112748 0.980774
2 0.936092 0.933708 0.114136 0.113415 0.980672
5 0.439286 0.189332 0.112993 0.113403 0.980609
2 0.19112 0.188953 0.112392 0.112653 0.980512
2 0.314883 0.312885 0.112891 0.112032 0.980052
12 0.687608 0.188984 0.111984 0.111987 0.979876
6 0.687691 0.685211 0.112945 0.113002 0.97969
6 0.563984 0.561246 0.112474 0.113544 0.979592
10 0.563827 0.188913 0.112437 0.115012 0.97948
1 0.687657 0.561048 0.112323 0.112738 0.97928
8 0.439718 0.561266 0.111981 0.112114 0.978977
1 0.812117 0.685038 0.112944 0.112409 0.978949
5 0.81221 0.437163 0.112409 0.113045 0.978808
1 0.439405 0.0645415 0.111616 0.11375 0.978742
11 0.93592 0.189441 0.111196 0.111756 0.978602
0 0.93597 0.437007 0.11324 0.112504 0.978549
0 0.0671995 0.809889 0.113373 0.113493 0.978543
3 0.8118 0.189069 0.112439 0.1125 0.978461
0 0.812094 0.561278 0.112571 0.113131 0.978459
0 0.687641 0.43707 0.111882 0.112867 0.978384
10 0.936878 0.561112 0.113273 0.114407 0.978381
12 0.812364 0.313038 0.112244 0.112169 0.97835
1 0.687773 0.064354 0.111981 0.113307 0.978326
8 0.564004 0.43707 0.111608 0.112742 0.978267
0 0.563476 0.313287 0.111572 0.112716 0.978126
2 0.563286 0.684894 0.111292 0.111662 0.977956
8 0.439372 0.312977 0.112557 0.111995 0.977594
2 0.936436 0.313154 0.111022 0.111569 0.977509
8 0.564222 0.809463 0.112253 0.113295 0.977363
8 0.687801 0.313346 0.111226 0.111674 0.977355
8 0.563494 0.0646555 0.111434 0.11121 0.976475
2 0.688191 0.31252 0.111203 0.111076 0.0516288
6 0.439786 0.685225 0.11136 0.111758 0.0171876
8 0.813147 0.933663 0.108446 0.112901 0.0120473
6 0.687791 0.189262 0.113055 0.113754 0.00983636
2 0.56346 0.0650606 0.111235 0.111951 0.00844534
2 0.563836 0.809796 0.112063 0.113996 0.00719643
6 0.315695 0.561495 0.11196 0.112689 0.00706941
2 0.56387 0.436804 0.111725 0.113821 0.00698827
1 0.687828 0.436518 0.112061 0.112484 0.00565668
5 0.936007 0.933647 0.113572 0.113206 0.00537926
2 0.439637 0.31257 0.111725 0.112213 0.00518365
0 0.688147 0.0634923 0.111644 0.113145 0.00472801
6 0.811852 0.313794 0.112638 0.112294 0.00468444
1 0.93617 0.313143 0.110444 0.113069 0.00465304
12 0.0671367 0.436454 0.111275 0.114077 0.0045498
11 0.811487 0.437163 0.11206 0.111862 0.00444612
10 0.439321 0.189215 0.112502 0.112876 0.00440107
2 0.439805 0.561296 0.11145 0.113846 0.00436129
12 0.811405 0.0649874 0.112475 0.11343 0.00404796
9 0.811419 0.189198 0.111376 0.112767 0.00393636
2 0.6881 0.0645238 0.111393 0.112368 0.00358789
0 0.688076 0.560868 0.111291 0.111338 0.00355265
2 0.315784 0.436874 0.112182 0.114073 0.0034687
1 0.0666042 0.313363 0.111996 0.111783 0.00317219
1 0.3149 0.313379 0.111637 0.11165 0.00316608
7 0.936262 0.808916 0.112924 0.115404 0.00286999
1 0.0666598 0.809525 0.11429 0.112901 0.00284801
11 0.43939 0.436533 0.111438 0.110663 0.00284348
10 0.935838 0.0655806 0.111599 0.112585 0.00258772
0 0.314936 0.437995 0.11193 0.113037 0.00257013
11 0.439326 0.189046 0.112007 0.112759 0.00251215
7 0.0673841 0.189124 0.112559 0.112837 0.00247048
12 0.315986 0.809522 0.112335 0.112017 0.00241919
0 0.439463 0.0638674 0.1114 0.113489 0.00232801
7 0.687847 0.809257 0.112154 0.112842 0.00231225
10 0.0667547 0.6851 0.114958 0.114141 0.00226397
5 0.811691 0.933202 0.114012 0.111007 0.0022331
1 0.563845 0.685157 0.111999 0.112224 0.00219274
12 0.191168 0.436577 0.110484 0.111447 0.00218314
11 0.440032 0.561204 0.111684 0.113701 0.00214615
11 0.563962 0.809725 0.112413 0.114042 0.00214237
2 0.688019 0.93367 0.112367 0.11303 0.00213707
1 0.563639 0.312669 0.111911 0.112796 0.0021245
0 0.811762 0.684962 0.111869 0.111651 0.00209246
5 0.936157 0.312497 0.11311 0.113219 0.00208659
1 0.315639 0.189144 0.112628 0.11275 0.00199306
11 0.316487 0.934416 0.112874 0.113184 0.00199111
11 0.81181 0.933359 0.111508 0.112375 0.00193896
5 0.0662647 0.933924 0.114741 0.114969 0.00191715
10 0.0665899 0.188789 0.114901 0.113425 0.00191596
12 0.811475 0.189137 0.110958 0.112789 0.00190074
3 0.191224 0.0651058 0.111686 0.113374 0.00189572
1 0.812156 0.560719 0.112039 0.112792 0.00189357
11 0.439756 0.312961 0.111078 0.110692 0.0018726
8 0.936858 0.311999 0.110826 0.109588 0.00186929
0 0.563008 0.437977 0.111171 0.112549 0.00183536
11 0.0668096 0.560943 0.111938 0.112159 0.00182359
11 0.0665899 0.188789 0.114901 0.113425 0.00180516
12 0.56385 0.18871 0.112476 0.114077 0.00179825
1 0.688077 0.809702 0.112587 0.113405 0.0017774
5 0.191882 0.93428 0.113465 0.112075 0.00177113
1 0.440308 0.809804 0.113161 0.113483 0.00175981
1 0.811895 0.809035 0.113079 0.114045 0.0017488
11 0.935942 0.0653878 0.112945 0.113205 0.00172537
2 0.811767 0.437373 0.112209 0.112554 0.0017181
0 0.439714 0.313446 0.111568 0.111279 0.00170352
11 0.688217 0.934255 0.113576 0.113725 0.00169279
3 0.564213 0.561021 0.111774 0.112827 0.00169044
3 0.564122 0.685454 0.111009 0.11134 0.00165682
1 0.93702 0.809319 0.113563 0.114665 0.00165632
7 0.81151 0.312856 0.111081 0.11285 0.00164986
4 0.315396 0.0646781 0.112932 0.114162 0.00160848
7 0.688091 0.684661 0.113968 0.113354 0.00160012
8 0.191891 0.934074 0.111115 0.111144 0.00157934
11 0.936103 0.93388 0.112426 0.114197 0.00156188
11 0.688123 0.313428 0.112419 0.113153 0.00154956
9 0.935935 0.685178 0.112047 0.111394 0.00151477
3 0.315054 0.31335 0.112141 0.112355 0.00150574
12 0.191688 0.561183 0.111226 0.111925 0.00149896
10 0.43967 0.437452 0.111995 0.112503 0.00149215
1 0.812521 0.933525 0.112758 0.113316 0.00147086
0 0.0673605 0.437941 0.111449 0.113887 0.00144595
1 0.190922 0.1891 0.111751 0.111449 0.00143988
2 0.688049 0.560835 0.111602 0.112658 0.00140827
6 0.811347 0.0646327 0.112385 0.112827 0.00140528
11 0.563631 0.436945 0.112012 0.112164 0.00139062
7 0.0674524 0.685474 0.113427 0.114211 0.0013686
10 0.314798 0.685334 0.111977 0.112219 0.0013685
3 0.936127 0.933716 0.113066 0.112 0.00135669
1 0.688135 0.684774 0.112772 0.11279 0.00134538
5 0.439778 0.809471 0.112561 0.112547 0.00133125
13 0.191209 0.685362 0.11211 0.111774 0.00132637
0 0.687857 0.313562 0.11095 0.110844 0.00129927
5 0.315366 0.313142 0.11154 0.11086 0.00129454
3 0.0661575 0.313407 0.113009 0.111055 0.00128256
5 0.935725 0.189701 0.113142 0.113737 0.00125774
5 0.19143 0.68528 0.111742 0.111605 0.00125588
13 0.191497 0.437844 0.110707 0.113808 0.00125423
12 0.564011 0.934083 0.112276 0.111769 0.00124886
10 0.0661772 0.561774 0.112763 0.11224 0.00123997
4 0.315486 0.809424 0.11332 0.113299 0.00123892
2 0.316181 0.93447 0.112883 0.113506 0.00123337
4 0.191561 0.437398 0.112759 0.112382 0.00123002
8 0.191833 0.189106 0.111055 0.111697 0.00122026
5 0.0660655 0.313019 0.112216 0.111303 0.00120355
8 0.5639 0.933783 0.112575 0.112723 0.00120181
3 0.688311 0.684829 0.111284 0.111585 0.00117493
1 0.936317 0.933515 0.113849 0.113247 0.00117084
4 0.687741 0.560395 0.111738 0.112032 0.00116313
10 0.191108 0.313148 0.112572 0.112937 0.00115488
11 0.315213 0.437148 0.112056 0.111706 0.00114677
4 0.811762 0.684962 0.111869 0.111651 0.00113494
4 0.811807 0.0656739 0.113888 0.113807 0.0011298
10 0.936928 0.809234 0.112266 0.11344 0.00111271
5 0.563706 0.685498 0.111453 0.113461 0.00110705
8 0.935935 0.933957 0.113695 0.113586 0.00110107
5 0.688043 0.809381 0.112431 0.112982 0.00109637
3 0.191144 0.933703 0.113362 0.113074 0.00109602
9 0.191108 0.313148 0.112572 0.112937 0.00109261
7 0.56379 0.561219 0.112451 0.112495 0.00109025
10 0.936084 0.189492 0.111742 0.111399 0.00108068
5 0.936561 0.809114 0.113038 0.11263 0.00106343
0 0.688162 0.189342 0.112957 0.114077 0.00106317
4 0.0673999 0.0643526 0.11256 0.114517 0.00106202
6 0.811516 0.68507 0.111683 0.113492 0.0010599
13 0.315349 0.809551 0.112135 0.112339 0.00104962
2 0.93702 0.809319 0.113563 0.114665 0.00104903
4 0.564122 0.685454 0.111009 0.11134 0.00104631
12 0.191594 0.685411 0.111667 0.111491 0.00103783
10 0.191497 0.437844 0.110707 0.113808 0.00103663
0 0.315748 0.561564 0.1122 0.113442 0.00103129
11 0.563592 0.0643852 0.112388 0.11232 0.00102339
3 0.936478 0.312974 0.112225 0.110926 0.00101896
7 0.315396 0.0646781 0.112932 0.114162 0.0010184
9 0.0674478 0.809888 0.113828 0.11376 0.00101818
11 0.191108 0.313148 0.112572 0.112937 0.00101168
4 0.56374 0.189403 0.112123 0.114098 0.00100327
10 0.440308 0.809804 0.113161 0.113483 0.00100171
