3 0.315405 0.684933 0.113025 0.111232 0.98718
5 0.563944 0.93383 0.111995 0.114347 0.986959
8 0.439382 0.809547 0.11279 0.112446 0.986403
12 0.316158 0.933562 0.110554 0.112461 0.985602
4 0.0673298 0.809609 0.113223 0.111912 0.985568
5 0.19218 0.933722 0.112357 0.114193 0.985391
8 0.812068 0.93375 0.113031 0.1133 0.984837
11 0.439283 0.685154 0.112035 0.112236 0.98468
0 0.936018 0.933276 0.112977 0.11186 0.984619
13 0.68828 0.93378 0.112672 0.113666 0.984522
10 0.315766 0.809613 0.112728 0.111833 0.984308
5 0.0673133 0.685377 0.1126 0.112835 0.984299
11 0.563291 0.0650394 0.111821 0.112944 0.984258
3 0.812353 0.809452 0.113741 0.113082 0.983913
6 0.563518 0.809378 0.11174 0.112541 0.983739
9 0.191905 0.188864 0.112468 0.111678 0.983638
9 0.191691 0.56142 0.111306 0.112124 0.983503
5 0.0673374 0.934005 0.113723 0.114602 0.9833
0 0.440105 0.933791 0.113012 0.113573 0.983162
3 0.191533 0.43766 0.111458 0.112168 0.983132
11 0.191389 0.809103 0.111871 0.112566 0.983081
4 0.315485 0.561285 0.112909 0.112138 0.98303
8 0.0667883 0.189395 0.113712 0.113207 0.982876
5 0.315513 0.189356 0.113439 0.113298 0.982553
5 0.936327 0.685105 0.112724 0.112831 0.98242
13 0.315858 0.313211 0.112607 0.111375 0.982309
2 0.31534 0.437277 0.112775 0.11296 0.982085
10 0.191264 0.31308 0.112381 0.111646 0.982082
5 0.0674458 0.313626 0.112676 0.112816 0.982049
2 0.0668609 0.0651181 0.112916 0.113354 0.981638
7 0.439619 0.189082 0.114198 0.113258 0.981352
4 0.688164 0.80945 0.113195 0.114028 0.981348
10 0.0673513 0.437166 0.112605 0.111222 0.981115
6 0.191654 0.0644627 0.111184 0.112496 0.980816
6 0.315971 0.0643626 0.111647 0.112856 0.980757
8 0.812154 0.685517 0.112871 0.112791 0.980726
2 0.439544 0.561219 0.112731 0.113052 0.980488
7 0.439393 0.313581 0.113005 0.112834 0.980361
10 0.936706 0.809511 0.113197 0.11244 0.980285
13 0.191549 0.685293 0.111953 0.111528 0.980255
4 0.564319 0.685198 0.112626 0.113503 0.980211
11 0.439525 0.436728 0.112217 0.112047 0.98017
11 0.563889 0.560958 0.112078 0.113205 0.979899
1 0.439499 0.0649646 0.111575 0.11292 0.979679
4 0.563997 0.437148 0.112836 0.113182 0.979496
11 0.688001 0.436778 0.11212 0.113033 0.97935
5 0.812198 0.0650043 0.112355 0.113318 0.979231
4 0.68798 0.188698 0.113248 0.113297 0.979073
4 0.687828 0.0645888 0.112357 0.113556 0.979022
10 0.812319 0.31273 0.113378 0.113896 0.978737
7 0.563944 0.313276 0.112596 0.113102 0.978707
9 0.812148 0.437075 0.111657 0.112674 0.978702
12 0.687775 0.561463 0.112413 0.112037 0.978678
7 0.563692 0.188909 0.112091 0.113399 0.978585
1 0.812383 0.188584 0.112931 0.113159 0.978459
4 0.936702 0.436869 0.113711 0.113357 0.978367
0 0.687877 0.685144 0.112093 0.112932 0.97835
4 0.936663 0.0648994 0.112901 0.113367 0.978312
13 0.936328 0.56174 0.112922 0.112137 0.978273
13 0.93624 0.188873 0.113025 0.11292 0.978159
10 0.688028 0.312817 0.112339 0.113335 0.978033
7 0.812305 0.561713 0.11276 0.112189 0.97773
10 0.936775 0.312719 0.113074 0.113717 0.977691
0 0.0672671 0.561135 0.111999 0.112276 0.976691
12 0.191818 0.685309 0.11225 0.111775 0.0283478
1 0.0667317 0.560679 0.114636 0.113125 0.016195
4 0.68807 0.312991 0.112428 0.112329 0.0160879
2 0.812333 0.685746 0.112094 0.11347 0.00856993
11 0.811619 0.312802 0.112595 0.114386 0.00596152
12 0.688238 0.934302 0.110937 0.111458 0.00593053
6 0.688137 0.561601 0.111983 0.11236 0.00585579
5 0.936171 0.313294 0.113939 0.112462 0.00559803
11 0.687783 0.933755 0.112302 0.113796 0.00512858
1 0.936663 0.437029 0.1138 0.113644 0.00502557
1 0.687748 0.189252 0.112869 0.113034 0.00499891
1 0.687973 0.685028 0.112469 0.112106 0.00476096
1 0.315426 0.56162 0.113053 0.111752 0.00470029
1 0.936663 0.0648994 0.112901 0.113367 0.00463745
1 0.564166 0.437335 0.11231 0.112634 0.00446491
11 0.811581 0.0651968 0.11229 0.112311 0.00444044
2 0.0664327 0.189485 0.11445 0.111603 0.00441735
1 0.687737 0.065029 0.112082 0.113129 0.00431664
1 0.687837 0.809628 0.112372 0.112664 0.00424038
3 0.315142 0.0641225 0.111438 0.112599 0.00404673
8 0.439877 0.685265 0.111453 0.112166 0.00395103
1 0.564015 0.685305 0.112056 0.112072 0.00394464
0 0.813245 0.933703 0.111163 0.113701 0.0039393
1 0.067223 0.809672 0.114173 0.112963 0.00392568
6 0.315852 0.933919 0.111963 0.113081 0.0038497
5 0.68807 0.312991 0.112428 0.112329 0.00369866
3 0.564102 0.809747 0.112129 0.112518 0.00348231
0 0.813096 0.437488 0.110041 0.112011 0.00335194
12 0.811417 0.561821 0.11224 0.11274 0.00330434
12 0.936118 0.18899 0.112504 0.113263 0.00330111
3 0.190822 0.064425 0.110086 0.111397 0.0032109
12 0.936057 0.561804 0.110683 0.111496 0.00319968
8 0.688307 0.436681 0.111925 0.113064 0.00309276
7 0.688103 0.313255 0.111228 0.113877 0.00307087
8 0.564011 0.561161 0.111685 0.112371 0.0030684
8 0.440032 0.437374 0.111904 0.112406 0.00302429
0 0.812701 0.187849 0.112299 0.112576 0.00296624
6 0.811487 0.561541 0.112544 0.113279 0.00286129
2 0.439771 0.809845 0.112174 0.112993 0.0027751
1 0.315388 0.43794 0.110953 0.11061 0.00277457
11 0.812534 0.933366 0.113274 0.11346 0.00253641
10 0.439616 0.436581 0.111765 0.112539 0.0024946
2 0.81308 0.80985 0.111083 0.111636 0.00231891
10 0.936028 0.685113 0.111473 0.112373 0.00228301
0 0.439411 0.0642639 0.111553 0.113719 0.00218516
10 0.192557 0.93401 0.111984 0.112362 0.00218125
11 0.0668017 0.43706 0.114167 0.11082 0.0021471
1 0.43973 0.560867 0.113145 0.113969 0.0020787
5 0.191322 0.80919 0.112764 0.112809 0.00204114
9 0.81308 0.80985 0.111083 0.111636 0.00202169
7 0.686812 0.562018 0.110166 0.112001 0.00198075
3 0.812656 0.436564 0.111009 0.111998 0.00192693
7 0.56377 0.809372 0.111113 0.111472 0.00191466
2 0.813229 0.932712 0.11197 0.112962 0.00191409
9 0.812074 0.313286 0.112774 0.112515 0.00186599
10 0.68826 0.43648 0.111539 0.112298 0.00183344
7 0.936725 0.436944 0.112717 0.112832 0.00182275
1 0.811851 0.809395 0.112017 0.112284 0.00181423
0 0.191646 0.189099 0.112164 0.112481 0.00181174
11 0.812699 0.68529 0.113368 0.113038 0.00180323
10 0.439642 0.313509 0.113384 0.112468 0.00179759
12 0.812656 0.436564 0.111009 0.111998 0.00177222
11 0.19177 0.685412 0.111187 0.111546 0.00169965
7 0.936275 0.0651603 0.1125 0.112757 0.0016728
3 0.687785 0.561132 0.110863 0.112699 0.00166122
2 0.813113 0.0650425 0.112455 0.113884 0.00165551
12 0.687909 0.31366 0.111411 0.112051 0.00164331
10 0.0668936 0.934145 0.1136 0.113644 0.00162998
6 0.564171 0.437522 0.112828 0.111779 0.00162704
2 0.0666764 0.809031 0.113579 0.112009 0.00160628
8 0.811575 0.437157 0.110347 0.111784 0.00158559
5 0.0668633 0.809245 0.112482 0.113113 0.0015732
10 0.191162 0.685204 0.110573 0.111045 0.00157098
11 0.439314 0.809457 0.112509 0.112062 0.00156511
3 0.0663676 0.0650926 0.114596 0.112698 0.00156162
10 0.564011 0.313487 0.113513 0.112591 0.00154386
7 0.191306 0.313432 0.111945 0.112816 0.00153012
0 0.813093 0.686071 0.111473 0.113471 0.00152673
11 0.935793 0.189289 0.113824 0.113395 0.00151454
10 0.564011 0.561161 0.111685 0.112371 0.00145131
5 0.936251 0.809584 0.111293 0.111774 0.00143465
9 0.812265 0.933435 0.112718 0.112522 0.00142404
3 0.439898 0.561276 0.112366 0.112892 0.001404
13 0.191389 0.809103 0.111871 0.112566 0.00139303
6 0.191673 0.43804 0.11304 0.112586 0.00137272
12 0.0668017 0.43706 0.114167 0.11082 0.00134669
9 0.936121 0.933626 0.111501 0.112285 0.00134481
4 0.811417 0.561821 0.11224 0.11274 0.00133231
10 0.687829 0.933668 0.111592 0.111662 0.00133206
13 0.687699 0.312972 0.111458 0.111547 0.00133167
7 0.0673175 0.436386 0.111128 0.112431 0.00133151
13 0.936617 0.809373 0.112129 0.11159 0.00130933
8 0.315388 0.43794 0.110953 0.11061 0.00130507
8 0.191747 0.189061 0.111796 0.111978 0.00127611
9 0.191673 0.43804 0.11304 0.112586 0.00126099
11 0.191266 0.313093 0.111222 0.111716 0.00124293
7 0.688103 0.0645201 0.111308 0.113468 0.00123894
7 0.688269 0.188707 0.112694 0.113269 0.00123433
5 0.315076 0.809344 0.11205 0.112178 0.00121947
10 0.564185 0.933415 0.112216 0.11425 0.00121154
11 0.936247 0.312703 0.112482 0.114126 0.00121047
2 0.936663 0.0648994 0.112901 0.113367 0.00119844
11 0.811536 0.437041 0.111483 0.112057 0.00119532
5 0.687963 0.809603 0.112364 0.112032 0.00118556
7 0.191757 0.064751 0.112612 0.111851 0.00118387
2 0.191856 0.43807 0.111872 0.112154 0.00117932
0 0.0676798 0.189367 0.111634 0.112594 0.00117882
2 0.687748 0.189252 0.112869 0.113034 0.00117138
10 0.315006 0.189248 0.111742 0.112456 0.00116487
13 0.191376 0.313187 0.11143 0.111747 0.00115551
9 0.439894 0.437475 0.111238 0.111822 0.00111919
12 0.812065 0.31331 0.113562 0.113017 0.00110739
10 0.811601 0.0649969 0.113458 0.1132 0.0011065
5 0.191625 0.313011 0.11177 0.111268 0.00110539
2 0.687837 0.809628 0.112372 0.112664 0.00109459
4 0.812166 0.188976 0.112186 0.112767 0.00109335
8 0.936276 0.933035 0.111736 0.111694 0.00109035
10 0.439584 0.189066 0.113363 0.112558 0.00109012
12 0.191856 0.43807 0.111872 0.112154 0.00108959
13 0.936579 0.312849 0.111652 0.11173 0.0010804
12 0.936002 0.437047 0.111542 0.112058 0.00106994
10 0.0669487 0.685345 0.112327 0.112714 0.00106955
12 0.191635 0.560844 0.11042 0.111686 0.0010694
12 0.191266 0.313093 0.111222 0.111716 0.00106618
10 0.31549 0.313356 0.111798 0.111741 0.00105619
11 0.315615 0.313133 0.112644 0.112811 0.00104678
4 0.439506 0.313464 0.112961 0.112114 0.00104131
5 0.813101 0.809807 0.1132 0.110265 0.00104093
10 0.439495 0.685222 0.112097 0.113013 0.00103932
12 0.315096 0.313476 0.111444 0.111373 0.00103857
10 0.936153 0.561642 0.110996 0.111211 0.00103775
7 0.564166 0.437335 0.11231 0.112634 0.00103457
12 0.936747 0.809426 0.113042 0.111836 0.00103165
8 0.191389 0.809103 0.111871 0.112566 0.00102545
1 0.315142 0.0641225 0.111438 0.112599 0.0010173
5 0.440102 0.685337 0.11248 0.112329 0.00101572
13 0.811549 0.312855 0.112432 0.113536 0.00101558
11 0.314947 0.809473 0.111933 0.111863 0.00101161
5 0.439582 0.561065 0.112286 0.112029 0.00101016
7 0.936492 0.313311 0.111821 0.115006 0.00100982
3 0.813113 0.0650425 0.112455 0.113884 0.00100224
