5 0.935628 0.934337 0.113008 0.112887 0.986787
9 0.314921 0.80958 0.112296 0.111933 0.986716
5 0.315503 0.934286 0.111748 0.114359 0.986637
5 0.935426 0.0657641 0.112431 0.112315 0.986122
8 0.439709 0.809576 0.111815 0.11312 0.985655
3 0.0670793 0.561441 0.112822 0.113128 0.985161
12 0.563749 0.933738 0.111145 0.113216 0.985139
4 0.563694 0.809732 0.112087 0.113135 0.985059
5 0.0673955 0.686101 0.113079 0.113157 0.984578
13 0.936465 0.809419 0.112038 0.111954 0.984435
11 0.0667622 0.809646 0.113759 0.113433 0.984132
11 0.562897 0.0656794 0.111903 0.112806 0.984058
6 0.439306 0.0648683 0.111057 0.113198 0.983963
3 0.811439 0.933912 0.112531 0.112915 0.983743
3 0.0667678 0.933849 0.113959 0.114882 0.983399
0 0.439812 0.93374 0.112216 0.112971 0.983379
3 0.563357 0.685583 0.111611 0.111498 0.983334
4 0.315516 0.313088 0.113484 0.112761 0.983272
8 0.315389 0.561471 0.112289 0.113145 0.983223
3 0.0667753 0.0648344 0.113192 0.113436 0.983059
4 0.191363 0.0647632 0.112058 0.112698 0.982788
7 0.0672301 0.437515 0.112935 0.112385 0.982764
12 0.191409 0.933716 0.11052 0.113392 0.982759
7 0.19138 0.437313 0.111577 0.111864 0.982754
12 0.315236 0.0647188 0.110728 0.112323 0.982734
2 0.687894 0.809586 0.111653 0.112719 0.982728
7 0.936316 0.68532 0.112277 0.111881 0.982696
6 0.439993 0.685515 0.111657 0.112242 0.982649
6 0.191338 0.313448 0.111732 0.112808 0.982415
11 0.315486 0.437147 0.112822 0.112659 0.98224
7 0.191422 0.189139 0.113443 0.112664 0.982122
12 0.191741 0.561393 0.111162 0.112143 0.981994
2 0.191288 0.809607 0.112614 0.112032 0.981986
7 0.688128 0.933892 0.112019 0.113054 0.981949
12 0.812552 0.809554 0.111571 0.113294 0.981776
1 0.315145 0.189058 0.112082 0.1114 0.981312
11 0.315245 0.685555 0.110958 0.111199 0.981222
7 0.439515 0.56157 0.112978 0.112764 0.981009
10 0.687672 0.064697 0.111559 0.111713 0.98073
2 0.191438 0.685372 0.111744 0.111908 0.980445
11 0.439459 0.437135 0.113071 0.11221 0.980183
2 0.0671498 0.31321 0.112496 0.113511 0.980113
2 0.0671813 0.188931 0.112748 0.114082 0.979903
12 0.563606 0.188866 0.112654 0.113541 0.979475
2 0.439251 0.188931 0.112821 0.112286 0.979387
9 0.68804 0.561737 0.111975 0.111833 0.979321
9 0.811258 0.065127 0.111806 0.111504 0.979143
8 0.563919 0.561567 0.112294 0.113037 0.979002
2 0.439144 0.31303 0.112985 0.112799 0.978918
1 0.812085 0.437106 0.112797 0.112834 0.978873
13 0.936003 0.437266 0.113756 0.113203 0.978787
8 0.812222 0.685681 0.112528 0.11237 0.978655
2 0.563406 0.437402 0.111379 0.111818 0.978639
8 0.812186 0.561639 0.11235 0.112775 0.978564
9 0.936095 0.313596 0.111483 0.11187 0.978503
3 0.687705 0.437239 0.111514 0.112095 0.978376
8 0.68737 0.685419 0.111275 0.111606 0.978303
8 0.936248 0.561752 0.111804 0.112278 0.978212
7 0.687398 0.1891 0.111616 0.112286 0.978064
2 0.687631 0.313076 0.11197 0.113469 0.978039
7 0.563684 0.313506 0.112207 0.111177 0.978024
2 0.811809 0.188882 0.112643 0.113605 0.977847
2 0.935853 0.188735 0.113241 0.113655 0.977783
7 0.812168 0.313199 0.112295 0.112802 0.977515
2 0.812092 0.685419 0.112288 0.111789 0.00849598
2 0.688322 0.685441 0.112983 0.111652 0.00811483
2 0.440106 0.809653 0.112208 0.113307 0.00789451
2 0.93605 0.561048 0.112803 0.111728 0.00744324
9 0.688065 0.436515 0.111347 0.11186 0.00664007
12 0.686801 0.189247 0.109777 0.112804 0.00584201
12 0.81145 0.313265 0.111886 0.113353 0.00578614
2 0.812047 0.561136 0.112171 0.112081 0.00574587
1 0.563337 0.437953 0.110481 0.112268 0.00565279
5 0.31501 0.437454 0.112464 0.112863 0.00543918
5 0.0668004 0.809675 0.115203 0.113699 0.00535858
12 0.191454 0.43672 0.11085 0.109805 0.0052178
5 0.31532 0.685623 0.112732 0.112596 0.00486579
9 0.811518 0.933502 0.112746 0.111451 0.00469781
10 0.935618 0.933549 0.112106 0.112076 0.00452076
0 0.688231 0.561807 0.110984 0.111528 0.00451506
10 0.935719 0.0652235 0.111299 0.111861 0.00427209
5 0.43941 0.43746 0.112373 0.112447 0.00407123
3 0.688349 0.809124 0.111239 0.113114 0.00393326
1 0.688069 0.313134 0.112902 0.113221 0.00389394
2 0.563982 0.561084 0.112311 0.112613 0.00387501
3 0.688282 0.56187 0.111599 0.112148 0.00371913
12 0.936228 0.313381 0.111845 0.11287 0.00335711
2 0.315237 0.561185 0.112596 0.11312 0.00331424
0 0.812225 0.436475 0.112712 0.112527 0.00324904
12 0.0672081 0.436614 0.112173 0.111498 0.00322546
3 0.191301 0.313182 0.110635 0.112529 0.00310274
4 0.68786 0.93351 0.112087 0.112904 0.00304596
7 0.19164 0.0647184 0.111481 0.111459 0.0030458
1 0.688279 0.809789 0.112144 0.113309 0.00303335
1 0.315711 0.313071 0.112439 0.112338 0.00294371
4 0.688349 0.809124 0.111239 0.113114 0.00284239
1 0.563618 0.808941 0.111886 0.113008 0.00283641
6 0.686826 0.18954 0.113362 0.113051 0.00282195
3 0.439993 0.685515 0.111657 0.112242 0.00280703
12 0.93592 0.685459 0.112354 0.11346 0.0027893
1 0.439268 0.313016 0.112543 0.113012 0.00278863
12 0.688231 0.561807 0.110984 0.111528 0.00269605
1 0.191363 0.0647632 0.112058 0.112698 0.00269537
3 0.688007 0.313687 0.111372 0.112413 0.00265993
6 0.191198 0.438003 0.112008 0.111365 0.00260546
10 0.439535 0.436906 0.112018 0.111598 0.00257297
11 0.935596 0.934189 0.11293 0.114048 0.0025598
6 0.06792 0.43797 0.112197 0.11357 0.00254595
12 0.191112 0.18892 0.111916 0.111552 0.00253401
3 0.811762 0.189659 0.111763 0.112711 0.00253051
6 0.563575 0.93354 0.110676 0.113181 0.00252889
8 0.688078 0.313311 0.111234 0.113665 0.00249105
12 0.563995 0.31359 0.111659 0.112194 0.00248827
1 0.0667492 0.313638 0.112158 0.111735 0.00248269
9 0.0661161 0.064846 0.114655 0.112715 0.00238707
9 0.0674902 0.561112 0.113779 0.11359 0.00229583
1 0.439393 0.188797 0.112433 0.112779 0.00228179
13 0.191683 0.43677 0.110342 0.111548 0.00225589
6 0.811392 0.313179 0.112816 0.112892 0.00224595
3 0.564095 0.437629 0.111971 0.112949 0.00222352
12 0.811567 0.933589 0.112356 0.112382 0.00220736
12 0.440096 0.56131 0.111786 0.11367 0.00219056
6 0.191409 0.933716 0.11052 0.113392 0.00217271
2 0.315707 0.312992 0.111925 0.112994 0.00214542
1 0.811917 0.188787 0.112568 0.112956 0.00214398
10 0.563557 0.0649928 0.111595 0.111613 0.00210653
12 0.812077 0.0645364 0.112089 0.112509 0.00202922
4 0.688215 0.0652062 0.112308 0.113282 0.00202905
4 0.06792 0.43797 0.112197 0.11357 0.00201766
8 0.315672 0.6856 0.111742 0.111515 0.00198587
5 0.563307 0.0648728 0.111392 0.113546 0.00192432
2 0.563694 0.809732 0.112087 0.113135 0.00188564
3 0.439306 0.0648683 0.111057 0.113198 0.00186472
4 0.191823 0.43797 0.110725 0.113254 0.00185154
12 0.687856 0.436447 0.111043 0.110846 0.00184454
5 0.811297 0.188865 0.112832 0.112671 0.00183243
3 0.191288 0.809607 0.112614 0.112032 0.00178527
10 0.315484 0.436905 0.111464 0.110831 0.00177495
4 0.564095 0.437629 0.111971 0.112949 0.00176124
1 0.93597 0.188646 0.113215 0.112927 0.00168292
5 0.688182 0.0649209 0.112396 0.11292 0.00164975
6 0.935915 0.68523 0.111574 0.113254 0.00160722
1 0.066661 0.189219 0.112416 0.11222 0.00160675
3 0.439904 0.313569 0.112237 0.113165 0.00160419
0 0.813038 0.0651648 0.110954 0.111827 0.00159041
12 0.936121 0.437941 0.113432 0.113598 0.00158621
1 0.191473 0.685193 0.112222 0.111951 0.00158198
9 0.564307 0.685367 0.112667 0.112417 0.00157515
13 0.0674994 0.436654 0.111772 0.113331 0.00156822
10 0.315672 0.6856 0.111742 0.111515 0.00156207
11 0.811488 0.561306 0.111171 0.111931 0.00155633
7 0.811547 0.810386 0.112821 0.113601 0.00153813
3 0.191445 0.685423 0.112816 0.112005 0.00153803
4 0.439649 0.313312 0.111017 0.113569 0.00150535
2 0.688246 0.437606 0.110762 0.111137 0.0014636
6 0.811547 0.810386 0.112821 0.113601 0.00143664
4 0.688095 0.189289 0.112633 0.114141 0.00143628
0 0.936265 0.313401 0.112173 0.112945 0.00143229
7 0.688215 0.0652062 0.112308 0.113282 0.0014307
10 0.315147 0.933991 0.112239 0.112409 0.00142497
1 0.191227 0.809384 0.11246 0.111956 0.00139479
11 0.936465 0.809419 0.112038 0.111954 0.00138555
3 0.813044 0.0643631 0.110148 0.110574 0.00138208
3 0.935504 0.189247 0.11244 0.113339 0.00135573
5 0.688279 0.809789 0.112144 0.113309 0.00133977
11 0.8115 0.685389 0.111042 0.111566 0.00133771
0 0.936272 0.561715 0.112119 0.113221 0.00131678
4 0.315551 0.189346 0.112071 0.113394 0.00130817
4 0.936316 0.68532 0.112277 0.111881 0.00129854
6 0.564059 0.313644 0.112152 0.111648 0.00129505
10 0.0670177 0.809442 0.114347 0.114008 0.00129004
12 0.935768 0.809687 0.112452 0.113792 0.00128484
8 0.688296 0.809732 0.111791 0.112384 0.00127714
0 0.315363 0.188832 0.112142 0.113031 0.00126347
5 0.066675 0.188703 0.113155 0.112761 0.00123957
7 0.191646 0.313613 0.112661 0.112729 0.00122511
11 0.563809 0.561325 0.111101 0.112355 0.001219
10 0.935812 0.437088 0.111341 0.112018 0.00121502
6 0.563908 0.809324 0.111899 0.112522 0.00119342
11 0.935834 0.0650323 0.113586 0.113034 0.00117845
5 0.686722 0.31343 0.114347 0.111477 0.00116324
11 0.315594 0.561217 0.111179 0.112404 0.00116309
7 0.439993 0.685515 0.111657 0.112242 0.00116034
1 0.563922 0.685381 0.111928 0.112234 0.00115877
11 0.688114 0.685713 0.111762 0.11198 0.0011587
13 0.687969 0.0647835 0.112215 0.112068 0.00115638
0 0.81306 0.562145 0.111985 0.114318 0.00114945
1 0.811772 0.933399 0.11153 0.112281 0.00113819
4 0.688007 0.313687 0.111372 0.112413 0.00113724
9 0.315484 0.436905 0.111464 0.110831 0.00113627
0 0.8131 0.809983 0.110349 0.111815 0.00113356
11 0.935925 0.5614 0.111211 0.113388 0.00112725
9 0.0663501 0.933763 0.115212 0.113674 0.00112638
1 0.0666966 0.561677 0.112691 0.111964 0.00112265
10 0.0666814 0.685759 0.112422 0.112544 0.00112164
9 0.439862 0.437602 0.111587 0.111693 0.00111464
7 0.563962 0.809716 0.112702 0.112101 0.00110972
3 0.0664474 0.313285 0.112986 0.112618 0.00109699
0 0.81164 0.685964 0.111346 0.11206 0.00109476
13 0.0667622 0.809646 0.113759 0.113433 0.00108293
6 0.688347 0.933146 0.114474 0.114641 0.00107442
1 0.0663549 0.933392 0.113244 0.113148 0.00106757
6 0.191378 0.561381 0.11177 0.112615 0.00106695
10 0.191347 0.437901 0.111046 0.113042 0.00106001
6 0.191573 0.189135 0.111792 0.111804 0.0010576
3 0.439939 0.189265 0.112291 0.113065 0.0010467
2 0.6879 0.56171 0.111342 0.111751 0.00104239
3 0.0662561 0.189124 0.113397 0.112609 0.00103902
10 0.936372 0.808971 0.112406 0.112869 0.00103853
4 0.439817 0.561429 0.112089 0.112665 0.00103309
3 0.935825 0.313249 0.112206 0.112984 0.00102557
0 0.688313 0.685657 0.113654 0.112433 0.00102064
4 0.81218 0.313501 0.111405 0.112473 0.00102027
5 0.191602 0.685332 0.11134 0.111694 0.00101201
5 0.191328 0.809563 0.112155 0.112022 0.00100919
8 0.191528 0.685643 0.110962 0.111685 0.00100775
1 0.0663784 0.0650785 0.112843 0.112138 0.00100388
