3 0.687998 0.934101 0.113635 0.1146 0.986689
5 0.315942 0.809891 0.111534 0.113254 0.986352
6 0.1916 0.809574 0.111368 0.112252 0.985657
3 0.687863 0.809667 0.112901 0.113389 0.985342
6 0.315873 0.685384 0.111584 0.111926 0.984972
0 0.935831 0.933426 0.112739 0.11133 0.984956
8 0.0665959 0.561829 0.113943 0.11284 0.984774
1 0.31548 0.933865 0.111776 0.112241 0.984626
9 0.0662375 0.934035 0.114357 0.114983 0.984306
6 0.0671793 0.685577 0.112579 0.111967 0.984215
2 0.439344 0.933882 0.113531 0.113964 0.984199
7 0.812029 0.933939 0.112702 0.11345 0.984112
13 0.563194 0.0652668 0.112005 0.113805 0.983985
4 0.563937 0.934127 0.112592 0.114536 0.983921
13 0.192055 0.561712 0.110839 0.112241 0.983573
13 0.0673481 0.313569 0.112695 0.113317 0.983534
13 0.191726 0.313591 0.111315 0.112537 0.98343
6 0.315742 0.561446 0.112243 0.112629 0.983382
6 0.191395 0.188998 0.112579 0.113406 0.982931
5 0.439466 0.685457 0.110455 0.11251 0.982778
9 0.314927 0.437502 0.11245 0.113418 0.982468
4 0.563993 0.685433 0.112529 0.11355 0.98233
6 0.0672595 0.0647049 0.113169 0.113655 0.982318
11 0.314928 0.313181 0.112711 0.113807 0.982017
11 0.190803 0.437407 0.112399 0.113217 0.981668
3 0.0667404 0.437612 0.113334 0.114189 0.981601
0 0.191381 0.685338 0.112061 0.111547 0.981267
4 0.0670992 0.189325 0.113659 0.11321 0.981238
1 0.315103 0.188785 0.112405 0.112099 0.981041
5 0.687651 0.0653893 0.110664 0.112467 0.980598
4 0.439191 0.437208 0.113367 0.11356 0.980567
13 0.935945 0.18851 0.113242 0.114442 0.980535
2 0.190992 0.064618 0.111963 0.112237 0.980508
0 0.315479 0.0642583 0.112089 0.112775 0.98042
0 0.191449 0.933562 0.111245 0.112299 0.980362
13 0.439171 0.3133 0.112463 0.113873 0.980243
11 0.812329 0.810015 0.112927 0.114507 0.979812
4 0.563744 0.437103 0.113284 0.114661 0.979675
10 0.563574 0.188901 0.112227 0.114665 0.979472
6 0.563626 0.313152 0.112521 0.113006 0.979074
11 0.687618 0.189062 0.112467 0.114023 0.978848
1 0.687818 0.313019 0.1126 0.112487 0.97882
5 0.687778 0.437269 0.11266 0.11395 0.978667
2 0.936347 0.809666 0.111996 0.112221 0.978654
12 0.439703 0.188532 0.112802 0.112854 0.978556
8 0.439834 0.809703 0.111255 0.111716 0.978551
9 0.81192 0.437181 0.11203 0.113195 0.978493
9 0.936303 0.562023 0.11176 0.112246 0.978468
13 0.935827 0.685826 0.113501 0.113336 0.978379
0 0.563742 0.809148 0.111911 0.112888 0.97837
7 0.811796 0.6861 0.112051 0.112205 0.97826
5 0.936359 0.312938 0.112746 0.113123 0.978208
12 0.812387 0.313001 0.112656 0.112856 0.978091
7 0.688101 0.561836 0.113089 0.112926 0.978081
0 0.935635 0.437113 0.113035 0.112411 0.978056
12 0.439931 0.0644709 0.1123 0.112989 0.97795
8 0.439825 0.561624 0.111892 0.112678 0.977825
2 0.81165 0.188495 0.111691 0.111947 0.977786
7 0.812279 0.561914 0.112923 0.113166 0.977518
2 0.936062 0.0649963 0.111479 0.111392 0.977283
2 0.687606 0.685339 0.111593 0.111931 0.977282
0 0.811972 0.0647669 0.112219 0.112974 0.97725
8 0.563993 0.56167 0.112087 0.112594 0.976897
0 0.0670662 0.809582 0.112122 0.112319 0.975962
1 0.0670892 0.809541 0.112791 0.11245 0.0276218
2 0.0665052 0.561074 0.115236 0.111566 0.0167625
6 0.439583 0.0650179 0.11064 0.113192 0.0147695
2 0.563696 0.561478 0.111478 0.113212 0.0144439
12 0.811601 0.933583 0.110908 0.111138 0.0088735
5 0.687735 0.189784 0.112383 0.113395 0.00764885
6 0.439532 0.189136 0.111333 0.113294 0.00745496
2 0.439343 0.561466 0.111315 0.113407 0.00719227
12 0.811399 0.685811 0.111274 0.112155 0.0064058
6 0.811844 0.313836 0.113057 0.112744 0.00631979
13 0.811687 0.933043 0.110112 0.111773 0.00578727
12 0.811414 0.561653 0.111672 0.112183 0.00577622
12 0.688004 0.809494 0.112117 0.112772 0.00539015
12 0.812327 0.436621 0.110707 0.112929 0.00527682
5 0.936114 0.0642101 0.112819 0.113245 0.00474893
12 0.93673 0.561272 0.111352 0.112049 0.00413877
11 0.564088 0.561351 0.112272 0.11299 0.00405417
11 0.439729 0.561348 0.112 0.11303 0.00388264
11 0.686771 0.437713 0.110025 0.111482 0.00370517
12 0.315244 0.436712 0.10991 0.112204 0.00326405
1 0.688224 0.685478 0.112354 0.112309 0.00326171
3 0.563518 0.313644 0.111348 0.113553 0.00308715
2 0.439904 0.810312 0.111598 0.113151 0.0029939
1 0.564061 0.437349 0.112148 0.11399 0.00292001
1 0.0673564 0.189209 0.113621 0.113701 0.0029125
2 0.688142 0.437389 0.113009 0.113337 0.00286194
1 0.563755 0.809125 0.111691 0.112074 0.00280757
12 0.439605 0.313238 0.111445 0.111851 0.00270519
11 0.440163 0.810248 0.111527 0.113206 0.00268435
1 0.439805 0.437541 0.112938 0.114362 0.00263376
0 0.688163 0.312448 0.112542 0.112626 0.00260059
3 0.812014 0.437086 0.112016 0.113155 0.00259226
2 0.688095 0.313257 0.112284 0.112709 0.00257897
5 0.688224 0.685478 0.112354 0.112309 0.00257773
5 0.811447 0.18844 0.11317 0.112298 0.00257282
10 0.687434 0.064794 0.111063 0.111427 0.00247803
1 0.315479 0.0642583 0.112089 0.112775 0.00242882
7 0.439311 0.43754 0.112055 0.112778 0.00240412
1 0.191303 0.685241 0.111801 0.11213 0.00234539
3 0.1916 0.809574 0.111368 0.112252 0.00233378
11 0.686759 0.0655179 0.109037 0.109994 0.00229332
1 0.564253 0.685327 0.112955 0.11378 0.00229212
2 0.688434 0.93361 0.11432 0.113446 0.00226607
1 0.811691 0.188668 0.111581 0.112026 0.00225058
3 0.688453 0.68529 0.111567 0.111756 0.00219749
7 0.066684 0.189376 0.113613 0.113019 0.00217845
4 0.688453 0.68529 0.111567 0.111756 0.00217479
0 0.315307 0.437973 0.11063 0.113079 0.00217226
5 0.936042 0.8101 0.112718 0.113383 0.00216292
3 0.191457 0.189241 0.112332 0.113341 0.00210804
12 0.563699 0.188743 0.112241 0.113914 0.00207483
8 0.811419 0.437251 0.110683 0.112316 0.00201133
8 0.811561 0.188281 0.112148 0.113577 0.00200943
1 0.81229 0.064226 0.111056 0.113081 0.00200796
1 0.936497 0.809809 0.111991 0.112418 0.00198981
5 0.811983 0.809826 0.111631 0.11373 0.0019746
4 0.812456 0.933794 0.112614 0.114378 0.00195841
7 0.811515 0.312838 0.111314 0.113517 0.00193309
9 0.935087 0.188792 0.113961 0.114323 0.00191909
1 0.564215 0.934105 0.11304 0.114868 0.00188909
10 0.687481 0.437642 0.112193 0.112652 0.0018813
6 0.811577 0.932557 0.110634 0.110718 0.00187198
11 0.0674583 0.561191 0.114112 0.115082 0.00186171
6 0.811342 0.685249 0.112177 0.112112 0.0018075
11 0.936062 0.312996 0.112218 0.113665 0.00179501
5 0.688448 0.933366 0.113542 0.113753 0.00179052
4 0.688296 0.809511 0.113783 0.113214 0.00175354
10 0.0666732 0.313184 0.114711 0.113792 0.00173308
4 0.688037 0.313081 0.112405 0.111938 0.00173108
6 0.688231 0.561856 0.112778 0.113019 0.00172594
10 0.686711 0.189289 0.11314 0.112159 0.00172057
2 0.688151 0.0649266 0.112887 0.111527 0.00171975
10 0.811576 0.809647 0.111377 0.113019 0.00171838
3 0.0671793 0.685577 0.112579 0.111967 0.00170772
9 0.0666732 0.313184 0.114711 0.113792 0.00170547
10 0.935606 0.685288 0.111335 0.112099 0.00169072
12 0.935445 0.686009 0.111844 0.112641 0.00167972
12 0.688291 0.561276 0.111014 0.112827 0.00167131
6 0.811351 0.561177 0.112465 0.112006 0.00165434
10 0.936176 0.313295 0.110998 0.111874 0.00163596
5 0.315122 0.313785 0.112889 0.114278 0.00162677
0 0.812286 0.438019 0.11207 0.113908 0.00161099
1 0.439964 0.933604 0.113623 0.11378 0.00158679
3 0.688124 0.437517 0.113429 0.114469 0.00158471
2 0.688339 0.809811 0.113128 0.112714 0.00155741
7 0.19214 0.561363 0.111521 0.113197 0.00154515
10 0.192094 0.437903 0.112188 0.111212 0.00150738
11 0.0666732 0.313184 0.114711 0.113792 0.00148644
6 0.0669398 0.437735 0.113027 0.113391 0.00148334
1 0.93653 0.0640425 0.112099 0.113055 0.00144892
9 0.936001 0.933729 0.111307 0.1116 0.00144585
13 0.936871 0.561278 0.112261 0.111634 0.00138375
5 0.439962 0.934031 0.113321 0.113277 0.00137331
4 0.563498 0.189184 0.111548 0.113812 0.00137167
4 0.688069 0.437877 0.111439 0.112476 0.00136917
10 0.935392 0.188839 0.111795 0.112873 0.00136675
3 0.066576 0.0647868 0.113714 0.113819 0.00135352
3 0.315873 0.685384 0.111584 0.111926 0.00135165
7 0.0673481 0.313569 0.112695 0.113317 0.00135111
4 0.315319 0.189099 0.112302 0.11291 0.00134734
1 0.56358 0.313385 0.112301 0.11293 0.0013135
13 0.811459 0.685446 0.110753 0.112567 0.00130637
9 0.688434 0.93361 0.11432 0.113446 0.00130552
12 0.687716 0.934018 0.111242 0.112117 0.00127388
10 0.439584 0.685639 0.112122 0.112814 0.0012713
1 0.190923 0.0646785 0.111756 0.11079 0.00125681
11 0.936206 0.0642843 0.112544 0.114174 0.00125281
1 0.688268 0.809672 0.112453 0.11248 0.00123139
7 0.191726 0.313591 0.111315 0.112537 0.00122373
13 0.811465 0.561342 0.111169 0.112472 0.00121982
0 0.315181 0.188612 0.112134 0.11266 0.00121669
5 0.191082 0.436833 0.111025 0.110602 0.00120456
12 0.0674299 0.93369 0.113544 0.112394 0.00118668
3 0.190658 0.0649422 0.111808 0.110873 0.00118302
4 0.688567 0.561655 0.112805 0.112405 0.00114016
7 0.563863 0.06536 0.111957 0.113486 0.00112777
0 0.315402 0.933336 0.110776 0.111038 0.00112483
5 0.191989 0.0647186 0.110351 0.110504 0.00111674
6 0.439311 0.43754 0.112055 0.112778 0.00111208
3 0.688124 0.0652187 0.113055 0.113137 0.00110472
13 0.315244 0.436712 0.10991 0.112204 0.00110387
11 0.811561 0.188281 0.112148 0.113577 0.00110171
4 0.315654 0.933734 0.111332 0.112572 0.0010964
10 0.314994 0.313451 0.111797 0.114201 0.00108075
3 0.315742 0.561446 0.112243 0.112629 0.00108063
10 0.564109 0.437022 0.112657 0.113689 0.00107204
4 0.812706 0.685667 0.112568 0.113188 0.00106604
12 0.0665717 0.437763 0.112136 0.112819 0.00105898
0 0.0669392 0.561726 0.111987 0.111759 0.00105822
11 0.811387 0.437254 0.111728 0.113074 0.00105086
3 0.93646 0.809734 0.111554 0.110906 0.00104518
10 0.564253 0.685327 0.112955 0.11378 0.0010451
1 0.191461 0.933379 0.111416 0.112652 0.00103476
7 0.066576 0.0647868 0.113714 0.113819 0.00102922
3 0.812 0.189089 0.111284 0.111251 0.00102831
11 0.439564 0.685351 0.111494 0.112172 0.00102171
10 0.191179 0.313208 0.112724 0.113174 0.001014
