13 0.935966 0.934138 0.113419 0.113569 0.987094
13 0.191244 0.809695 0.112505 0.112469 0.985669
3 0.31526 0.0650087 0.112381 0.112787 0.985661
7 0.563993 0.684735 0.111268 0.112358 0.985589
2 0.439329 0.934228 0.113431 0.113613 0.985524
9 0.439635 0.809703 0.110801 0.112907 0.985398
7 0.0673353 0.685786 0.112821 0.112535 0.985047
5 0.315614 0.685529 0.110926 0.112428 0.984917
1 0.563884 0.934076 0.112229 0.113573 0.984585
6 0.563981 0.80954 0.111842 0.113403 0.984396
6 0.191592 0.685576 0.111475 0.112591 0.984002
6 0.688016 0.80957 0.111658 0.113511 0.983977
12 0.811919 0.934195 0.111114 0.112643 0.983866
8 0.562948 0.0654459 0.112292 0.112663 0.983694
5 0.315821 0.56184 0.111382 0.112695 0.983657
11 0.315425 0.934327 0.111153 0.113161 0.983508
6 0.812602 0.809386 0.112248 0.113885 0.983383
5 0.0671984 0.437537 0.112581 0.113005 0.983241
7 0.31483 0.189233 0.111938 0.112136 0.982957
8 0.6876 0.0655878 0.111977 0.11224 0.982946
3 0.192017 0.064966 0.11077 0.113349 0.982835
8 0.563086 0.190054 0.112131 0.112463 0.98279
5 0.936791 0.810125 0.111457 0.112026 0.982599
6 0.191458 0.437493 0.111608 0.112745 0.982247
1 0.191476 0.561568 0.112268 0.112893 0.982194
12 0.0671179 0.561602 0.112188 0.112693 0.982127
11 0.687928 0.934212 0.111949 0.113602 0.982115
3 0.192167 0.933935 0.112052 0.112879 0.981968
9 0.315163 0.312947 0.111208 0.112166 0.981838
12 0.439677 0.685577 0.111544 0.112487 0.981518
8 0.315103 0.437199 0.112247 0.112592 0.981396
4 0.0677315 0.312925 0.113147 0.113645 0.981209
12 0.191398 0.313503 0.111546 0.112866 0.981018
1 0.0669283 0.189085 0.111807 0.111823 0.980938
11 0.438789 0.065262 0.111144 0.112442 0.980505
6 0.439574 0.561232 0.112982 0.112269 0.980423
4 0.812573 0.684895 0.113126 0.11426 0.980322
11 0.0672835 0.933143 0.111526 0.113203 0.980292
5 0.687857 0.685573 0.111506 0.112519 0.980197
13 0.439305 0.312896 0.112716 0.112925 0.98009
0 0.19081 0.18899 0.112507 0.111495 0.980074
9 0.687158 0.188923 0.11167 0.111912 0.979677
13 0.811954 0.313282 0.112781 0.112638 0.978893
1 0.68767 0.561235 0.112346 0.112008 0.978785
8 0.5638 0.437116 0.111539 0.113531 0.978653
6 0.688066 0.313081 0.112283 0.113008 0.97864
8 0.811388 0.189801 0.112075 0.112446 0.978449
12 0.936185 0.312845 0.113264 0.112897 0.978366
0 0.315802 0.80948 0.11239 0.113402 0.978324
1 0.93578 0.0641734 0.11438 0.113653 0.97829
0 0.811892 0.56112 0.112137 0.111882 0.978234
0 0.563339 0.56106 0.111383 0.112645 0.978226
0 0.439266 0.437239 0.111827 0.113541 0.978119
0 0.563353 0.313194 0.111645 0.113141 0.978004
0 0.438866 0.188833 0.111715 0.112903 0.977791
0 0.687463 0.437249 0.111851 0.112874 0.977733
2 0.936303 0.685454 0.112354 0.113454 0.977714
8 0.812096 0.437005 0.111998 0.112914 0.977658
8 0.93618 0.43716 0.11245 0.112759 0.977645
3 0.936677 0.56135 0.112268 0.114115 0.977612
0 0.935548 0.188405 0.113205 0.111569 0.977373
0 0.811386 0.0646413 0.112091 0.112548 0.977172
0 0.0674271 0.0649872 0.111681 0.112716 0.976513
0 0.0673243 0.809435 0.111975 0.112502 0.975588
1 0.0670217 0.0643303 0.113397 0.113317 0.0313275
1 0.0669743 0.809258 0.113289 0.11294 0.0282277
1 0.687683 0.436977 0.111646 0.11295 0.0105834
9 0.811814 0.437708 0.113229 0.112651 0.0105149
9 0.935692 0.437732 0.114137 0.113271 0.00887543
1 0.563654 0.560692 0.111643 0.112006 0.00817838
9 0.810814 0.190111 0.112201 0.111769 0.00644745
9 0.563603 0.437665 0.112209 0.112596 0.00525193
1 0.563576 0.312688 0.111866 0.113152 0.0051388
8 0.688509 0.933054 0.11376 0.113008 0.00505591
1 0.191368 0.188727 0.111784 0.1115 0.00459784
1 0.439384 0.43678 0.112203 0.11295 0.0045756
1 0.811767 0.56075 0.11257 0.111598 0.00431729
1 0.315879 0.809487 0.11213 0.113171 0.00423086
1 0.439024 0.188424 0.11175 0.112737 0.00399046
3 0.439751 0.93387 0.112346 0.11336 0.00353125
2 0.688096 0.685048 0.112625 0.113227 0.00349493
2 0.810814 0.190111 0.112201 0.111769 0.00340588
9 0.563321 0.19011 0.112217 0.112443 0.00338489
0 0.688039 0.189429 0.11041 0.112832 0.00334454
2 0.563339 0.0649131 0.112206 0.113846 0.0032919
11 0.812187 0.436581 0.110684 0.112789 0.00328168
2 0.563372 0.189166 0.112724 0.112917 0.00324956
2 0.688104 0.0645077 0.111436 0.113466 0.00312538
2 0.0666985 0.313117 0.111194 0.111883 0.00312357
9 0.813179 0.933572 0.110201 0.1126 0.00299717
6 0.191512 0.312951 0.111938 0.112905 0.00294326
3 0.688087 0.809209 0.111066 0.111981 0.00291748
2 0.812211 0.436732 0.111049 0.113529 0.00285591
3 0.688045 0.313227 0.111663 0.11238 0.0028414
0 0.688212 0.560933 0.111645 0.110638 0.00283937
10 0.812218 0.933661 0.110337 0.113069 0.00272016
10 0.439574 0.809347 0.111321 0.113523 0.002713
1 0.0671982 0.312862 0.113169 0.113119 0.00267344
2 0.936503 0.436805 0.110865 0.113176 0.002672
0 0.31477 0.43809 0.111089 0.113284 0.00265941
3 0.936298 0.685618 0.112736 0.112174 0.00260413
9 0.687498 0.0657962 0.11207 0.112353 0.00258136
1 0.81157 0.0640155 0.111179 0.113115 0.00257249
8 0.439335 0.934042 0.110926 0.111357 0.00248868
10 0.439174 0.064615 0.111022 0.111087 0.00248557
10 0.687155 0.685099 0.111595 0.112619 0.00248126
6 0.0670351 0.561416 0.11294 0.113001 0.00245543
11 0.563339 0.0649131 0.112206 0.113846 0.00242884
11 0.563518 0.1894 0.11173 0.113311 0.00241891
3 0.812707 0.809781 0.112164 0.113291 0.0024169
2 0.563764 0.436855 0.11066 0.113815 0.00240858
11 0.936334 0.43665 0.110468 0.112835 0.00239644
5 0.0663779 0.313032 0.112855 0.113027 0.00237366
12 0.936032 0.561388 0.110825 0.111926 0.00237275
5 0.0664633 0.933885 0.112566 0.11366 0.00233469
5 0.936075 0.68561 0.11266 0.114379 0.00233048
2 0.315392 0.436859 0.110571 0.113964 0.00231
0 0.688111 0.0650887 0.111783 0.114584 0.00221514
11 0.686833 0.685266 0.111353 0.110547 0.00221124
2 0.812543 0.685155 0.11271 0.113456 0.00217737
0 0.935333 0.0645497 0.113114 0.113264 0.00211072
1 0.812543 0.685155 0.11271 0.113456 0.00200169
0 0.935999 0.437351 0.112892 0.112317 0.00199985
12 0.935731 0.933636 0.112795 0.113521 0.00197532
12 0.192492 0.0650125 0.111565 0.11208 0.00195775
0 0.811228 0.438 0.108734 0.112319 0.00192653
6 0.936234 0.561849 0.110581 0.113555 0.00192424
0 0.562968 0.438058 0.1104 0.113554 0.00187728
11 0.315287 0.436675 0.11081 0.113065 0.00187286
11 0.810999 0.189007 0.111317 0.113147 0.00178195
3 0.43976 0.561102 0.11215 0.112882 0.00174067
1 0.192386 0.933533 0.11192 0.111534 0.0017309
3 0.811631 0.933431 0.112167 0.111644 0.00172245
11 0.563624 0.436683 0.111039 0.112426 0.00171326
3 0.688072 0.685198 0.112817 0.113213 0.00167798
5 0.687931 0.933513 0.1101 0.112964 0.00167596
7 0.811897 0.314102 0.112299 0.113267 0.00166475
3 0.563961 0.809315 0.111352 0.112486 0.00163519
0 0.066985 0.188522 0.111508 0.111524 0.00162453
4 0.192492 0.0650125 0.111565 0.11208 0.00161542
2 0.688062 0.561032 0.111687 0.111812 0.00159108
0 0.813216 0.933378 0.110876 0.111971 0.00158306
1 0.936461 0.685327 0.112962 0.112964 0.00158271
1 0.688373 0.809515 0.111559 0.113754 0.00150138
10 0.0665332 0.437314 0.111866 0.112329 0.0015004
12 0.811264 0.313123 0.111741 0.112523 0.00148926
6 0.192386 0.933533 0.11192 0.111534 0.00148658
9 0.563269 0.0655309 0.112501 0.112972 0.00148409
11 0.687405 0.0653984 0.110331 0.113396 0.00147214
7 0.439357 0.313776 0.112149 0.113716 0.0014598
10 0.936473 0.809781 0.111309 0.111822 0.00141657
8 0.686663 0.189143 0.111325 0.111873 0.0014147
1 0.688211 0.313335 0.111294 0.114139 0.00140916
13 0.0664633 0.933885 0.112566 0.11366 0.00140541
3 0.812484 0.685389 0.112551 0.113072 0.00139631
6 0.439893 0.685813 0.111916 0.112839 0.00138475
4 0.688096 0.685048 0.112625 0.113227 0.00137374
7 0.688339 0.809313 0.112947 0.112758 0.00137301
4 0.563707 0.684895 0.111897 0.112759 0.00137285
11 0.439588 0.809664 0.111614 0.111563 0.00136109
9 0.315153 0.437709 0.112626 0.113024 0.00134255
4 0.191476 0.561568 0.112268 0.112893 0.00132014
12 0.688039 0.189429 0.11041 0.112832 0.00131926
10 0.812965 0.684968 0.112318 0.113122 0.00131849
6 0.811713 0.684835 0.113625 0.112457 0.00131616
10 0.688003 0.933793 0.111413 0.111204 0.00131432
3 0.191712 0.685407 0.112104 0.113397 0.00129383
10 0.314759 0.685425 0.111895 0.112347 0.00129325
0 0.564101 0.933919 0.11215 0.113587 0.00128969
6 0.192492 0.0650125 0.111565 0.11208 0.00125049
12 0.315572 0.313527 0.111918 0.113218 0.00124026
10 0.9359 0.933908 0.112045 0.11412 0.00123104
7 0.812484 0.685389 0.112551 0.113072 0.00122781
1 0.93638 0.561481 0.111067 0.111531 0.00122433
5 0.315414 0.933769 0.110419 0.112789 0.00121377
0 0.191346 0.561352 0.112316 0.113125 0.00120756
1 0.813159 0.809335 0.112107 0.113059 0.00120263
11 0.0665798 0.436395 0.111878 0.11213 0.00118972
4 0.68795 0.560612 0.112138 0.111736 0.00118931
13 0.687931 0.933513 0.1101 0.112964 0.00118827
4 0.935333 0.0645497 0.113114 0.113264 0.00118412
4 0.563918 0.933879 0.111264 0.112363 0.00117361
3 0.191193 0.437114 0.112802 0.112653 0.00115684
10 0.315082 0.561542 0.112784 0.112169 0.00113561
7 0.688162 0.313023 0.111714 0.113243 0.001135
9 0.935556 0.188699 0.11286 0.112576 0.00112453
5 0.813058 0.684391 0.114793 0.114422 0.00110819
12 0.43927 0.313148 0.111919 0.112162 0.00108371
2 0.936158 0.809434 0.113051 0.113339 0.00108283
10 0.0666985 0.313117 0.111194 0.111883 0.00107798
12 0.191398 0.809584 0.11212 0.112166 0.00106719
10 0.0671938 0.933515 0.113309 0.114331 0.00103986
4 0.0669283 0.189085 0.111807 0.111823 0.00102785
7 0.0673264 0.313344 0.112388 0.112736 0.00101938
3 0.439634 0.685492 0.113028 0.112923 0.00100831
0 0.563363 0.0648563 0.112988 0.113699 0.00100712
0 0.315042 0.313176 0.111148 0.112653 0.001004
