3 0.191825 0.809567 0.11143 0.11258 0.98699
2 0.56352 0.809686 0.112209 0.112716 0.985999
9 0.314974 0.0649642 0.11177 0.112203 0.985961
6 0.316049 0.809333 0.111717 0.111894 0.98585
4 0.439494 0.93406 0.112889 0.113055 0.985799
4 0.316113 0.685314 0.11077 0.110421 0.985495
4 0.935921 0.934039 0.113337 0.112072 0.985343
4 0.439691 0.809527 0.111857 0.111393 0.98532
4 0.191851 0.685255 0.110973 0.110757 0.985283
2 0.43913 0.065109 0.111484 0.112616 0.985238
11 0.563702 0.934174 0.111175 0.112586 0.98491
4 0.0674879 0.93397 0.112207 0.111982 0.984861
6 0.067484 0.80929 0.113186 0.112415 0.984821
10 0.315644 0.93361 0.111712 0.112723 0.984792
4 0.563529 0.0651759 0.111356 0.112144 0.984626
2 0.439279 0.685339 0.112345 0.112017 0.984591
8 0.687872 0.933997 0.112105 0.112461 0.983395
2 0.811715 0.934026 0.111612 0.112288 0.98325
6 0.0670458 0.437712 0.11323 0.112573 0.983012
6 0.0664252 0.189391 0.113178 0.113053 0.982941
10 0.315468 0.437136 0.112208 0.110587 0.982879
10 0.563889 0.685414 0.110943 0.111272 0.982674
7 0.439354 0.189399 0.111765 0.111995 0.982636
13 0.191249 0.933762 0.111339 0.112353 0.982622
12 0.315831 0.561414 0.111499 0.111873 0.982517
4 0.315488 0.189075 0.112995 0.112452 0.982478
2 0.0671795 0.685477 0.112846 0.112751 0.982317
0 0.935878 0.685005 0.113203 0.111612 0.982208
4 0.191673 0.188864 0.111901 0.111919 0.981988
13 0.190543 0.0654682 0.110736 0.111318 0.981877
5 0.687672 0.0656321 0.110544 0.111943 0.981852
13 0.191299 0.313468 0.112783 0.111872 0.981845
2 0.315214 0.313383 0.112667 0.112639 0.981644
0 0.191098 0.437493 0.112689 0.112617 0.981485
9 0.688064 0.81004 0.112216 0.112838 0.981292
2 0.0667982 0.313697 0.112589 0.112697 0.980903
2 0.935861 0.809748 0.111415 0.111647 0.9808
11 0.0668167 0.561602 0.114166 0.112748 0.980653
2 0.563219 0.189605 0.111467 0.113261 0.980395
11 0.439586 0.313116 0.113529 0.1129 0.980257
2 0.439296 0.5616 0.112165 0.111803 0.98007
8 0.812081 0.809959 0.111638 0.112043 0.979988
8 0.191375 0.561368 0.111646 0.111417 0.979803
2 0.4395 0.437576 0.111429 0.11158 0.979702
2 0.935866 0.0651796 0.111809 0.112228 0.979534
4 0.6882 0.685157 0.113139 0.112197 0.979314
8 0.0668503 0.0647673 0.112487 0.113399 0.979273
4 0.812489 0.561235 0.113169 0.112258 0.978965
3 0.687736 0.313585 0.112451 0.112286 0.978925
5 0.687828 0.188912 0.112431 0.112708 0.978882
13 0.56374 0.437482 0.112072 0.112418 0.978868
11 0.563497 0.313072 0.111684 0.112843 0.978797
4 0.936417 0.436752 0.114071 0.113012 0.978689
13 0.811853 0.313091 0.112239 0.112228 0.978643
11 0.812195 0.685388 0.112467 0.112592 0.978522
9 0.687804 0.561498 0.111617 0.112104 0.97844
8 0.56416 0.561538 0.111829 0.112899 0.978386
8 0.936301 0.561267 0.112461 0.112547 0.978142
2 0.687415 0.437783 0.111434 0.11167 0.977992
11 0.811958 0.188709 0.11207 0.113135 0.97798
3 0.936191 0.313414 0.111924 0.112231 0.977798
0 0.935904 0.188639 0.113051 0.111731 0.977725
7 0.812201 0.437214 0.112222 0.112906 0.977516
0 0.812161 0.0652767 0.111885 0.112614 0.97749
2 0.563917 0.561416 0.110806 0.113349 0.00844647
2 0.936694 0.561087 0.11283 0.113051 0.00726995
12 0.563733 0.437344 0.111316 0.112056 0.00715564
12 0.811483 0.43738 0.111168 0.113184 0.00646474
1 0.439389 0.438001 0.11088 0.112078 0.00558501
1 0.687537 0.437991 0.10984 0.112073 0.00554268
2 0.0662479 0.0648362 0.114891 0.112868 0.00548001
2 0.191422 0.561338 0.112623 0.111889 0.00544452
3 0.067484 0.80929 0.113186 0.112415 0.00512832
10 0.0673195 0.561144 0.113649 0.11339 0.00454253
3 0.68783 0.561603 0.111581 0.111818 0.00417349
0 0.688139 0.561513 0.111178 0.111392 0.004139
1 0.81237 0.561206 0.112439 0.112308 0.00411667
8 0.813113 0.933712 0.108164 0.112001 0.00406999
10 0.811555 0.685514 0.109278 0.111156 0.00372764
1 0.936175 0.436815 0.11324 0.113186 0.0036816
2 0.687952 0.933492 0.111664 0.11204 0.00363245
1 0.564083 0.0648781 0.111569 0.112808 0.00343891
1 0.315897 0.685467 0.111713 0.111301 0.00341811
3 0.316049 0.809333 0.111717 0.111894 0.00334448
7 0.439596 0.933959 0.111878 0.112031 0.00330977
5 0.936028 0.0649229 0.112929 0.112946 0.00329528
7 0.439317 0.809596 0.111927 0.112384 0.00329249
2 0.813088 0.809528 0.110392 0.111919 0.00319828
5 0.563788 0.312775 0.111203 0.112214 0.00311941
1 0.440038 0.809601 0.112348 0.111921 0.00306295
12 0.68812 0.561279 0.111028 0.112065 0.00305691
1 0.19138 0.68525 0.112522 0.111446 0.00304435
1 0.688158 0.68541 0.111898 0.111327 0.00301121
1 0.315557 0.188787 0.111238 0.111529 0.00296688
3 0.439552 0.561555 0.112123 0.111747 0.00296042
2 0.688129 0.189348 0.113639 0.112709 0.00293395
10 0.563984 0.93407 0.110402 0.112812 0.00290206
1 0.191846 0.188858 0.11245 0.112088 0.00289191
12 0.191507 0.313402 0.11109 0.111383 0.00287207
5 0.440037 0.313388 0.113118 0.110667 0.00286549
6 0.811424 0.437091 0.11217 0.112748 0.0028357
5 0.563427 0.189598 0.113109 0.112814 0.00281029
10 0.811433 0.188699 0.110635 0.11216 0.00280611
1 0.439978 0.934087 0.112967 0.113268 0.00277812
5 0.811656 0.933202 0.113703 0.111495 0.00275842
0 0.68834 0.809922 0.11332 0.112914 0.0027199
5 0.0668167 0.561602 0.114166 0.112748 0.00271462
8 0.688164 0.437693 0.109812 0.112756 0.002691
5 0.812055 0.685499 0.111891 0.111306 0.00265563
5 0.564108 0.934274 0.111679 0.112824 0.00259309
2 0.688193 0.0650662 0.112791 0.111703 0.00249754
6 0.315644 0.561175 0.111722 0.111994 0.0024862
7 0.191309 0.685267 0.11233 0.11281 0.00237434
1 0.067423 0.934205 0.113349 0.112988 0.00236459
7 0.191382 0.189173 0.111969 0.11278 0.00236145
9 0.686708 0.313646 0.11167 0.112378 0.00231416
1 0.315354 0.313687 0.111544 0.111422 0.00231404
5 0.811752 0.189792 0.111523 0.111908 0.00229071
5 0.935982 0.809855 0.113019 0.113709 0.00229034
7 0.0672158 0.438226 0.1125 0.112492 0.00227601
7 0.811643 0.56064 0.112978 0.113972 0.00225915
0 0.813105 0.810376 0.110672 0.113751 0.00225685
1 0.93628 0.809438 0.112253 0.112849 0.00221768
7 0.935239 0.933827 0.112181 0.112197 0.00221743
12 0.935979 0.313181 0.111743 0.112936 0.00216488
6 0.191309 0.685267 0.11233 0.11281 0.00215003
12 0.688291 0.809888 0.112604 0.111983 0.00212846
1 0.439803 0.561419 0.112832 0.113242 0.00212737
3 0.066505 0.685295 0.114771 0.112346 0.00211982
1 0.4398 0.68515 0.112975 0.11266 0.00205207
1 0.564102 0.809554 0.112483 0.113058 0.00203469
3 0.564222 0.809221 0.111429 0.11259 0.00203302
12 0.315384 0.0648579 0.112939 0.112126 0.00202479
3 0.687835 0.810098 0.111258 0.112125 0.00195157
1 0.0669881 0.31378 0.112522 0.112419 0.00193766
7 0.687837 0.685509 0.111885 0.112392 0.00191231
9 0.811456 0.685307 0.110168 0.110777 0.0019013
9 0.935947 0.68511 0.112023 0.111657 0.00189154
3 0.687989 0.437103 0.1117 0.111643 0.00184571
9 0.935939 0.189016 0.112775 0.11284 0.00180983
3 0.688129 0.189348 0.113639 0.112709 0.00179388
2 0.812478 0.561115 0.111754 0.112457 0.00177309
10 0.812478 0.561115 0.111754 0.112457 0.00175901
10 0.687755 0.189337 0.111645 0.112251 0.00175195
1 0.9361 0.933883 0.112005 0.112176 0.0017429
7 0.0670377 0.933867 0.113923 0.113158 0.00173766
11 0.688168 0.0653476 0.11333 0.113266 0.00173146
2 0.688168 0.313726 0.111463 0.111772 0.00169181
1 0.81222 0.933494 0.112247 0.113147 0.00165059
3 0.0665877 0.437392 0.113806 0.111754 0.00164714
5 0.439639 0.561457 0.111826 0.111842 0.0016443
5 0.563959 0.809927 0.112689 0.112208 0.00164188
6 0.811552 0.561135 0.114557 0.112475 0.00163768
8 0.811456 0.685307 0.110168 0.110777 0.00163386
3 0.0662438 0.189231 0.112323 0.112359 0.00162606
0 0.688561 0.933694 0.113013 0.113413 0.00161487
1 0.439634 0.064782 0.111452 0.113125 0.00160086
3 0.439279 0.685339 0.112345 0.112017 0.00158648
3 0.439726 0.437691 0.112624 0.112961 0.00158275
12 0.564429 0.685099 0.110817 0.110741 0.00158068
1 0.563462 0.189169 0.111928 0.112921 0.00156944
8 0.564036 0.93336 0.112568 0.112881 0.00155637
12 0.811999 0.313403 0.110505 0.110478 0.00153821
3 0.936082 0.809785 0.111751 0.113574 0.0015306
4 0.563889 0.685414 0.110943 0.111272 0.00151594
4 0.812422 0.437955 0.109494 0.112533 0.0014932
7 0.935569 0.437392 0.112194 0.112325 0.00148126
6 0.191382 0.189173 0.111969 0.11278 0.00147175
7 0.0668895 0.809137 0.11301 0.112278 0.00146399
10 0.43956 0.313637 0.111717 0.11218 0.00146037
9 0.811343 0.188473 0.111163 0.111197 0.00145163
12 0.191596 0.0648751 0.110342 0.110873 0.00144405
3 0.563569 0.189012 0.111416 0.112908 0.0014392
10 0.191094 0.933585 0.11146 0.111025 0.00142961
2 0.936182 0.436858 0.11278 0.112583 0.00142035
7 0.564111 0.436701 0.111429 0.11271 0.0014197
7 0.315472 0.809593 0.113321 0.112097 0.00141028
2 0.688337 0.809815 0.111196 0.111753 0.0014095
11 0.811768 0.933389 0.1123 0.113005 0.00140824
4 0.315509 0.437134 0.111866 0.111526 0.00140525
1 0.0670284 0.685409 0.113361 0.11217 0.00140519
1 0.936347 0.0646704 0.112601 0.113222 0.00139961
12 0.439559 0.189167 0.111797 0.111673 0.00139807
10 0.687528 0.0650899 0.110555 0.110819 0.00138015
2 0.191245 0.188758 0.111802 0.111649 0.00137753
9 0.936453 0.313325 0.112537 0.112938 0.00137133
0 0.936363 0.561313 0.111681 0.111643 0.00135656
8 0.811343 0.188473 0.111163 0.111197 0.00135405
10 0.9361 0.933883 0.112005 0.112176 0.0013513
5 0.6868 0.437783 0.114185 0.110997 0.00134211
11 0.688104 0.189475 0.114519 0.11442 0.00134063
2 0.688471 0.685106 0.111427 0.111324 0.00133431
2 0.439494 0.93406 0.112889 0.113055 0.00132047
3 0.0664433 0.31344 0.114041 0.112744 0.00130904
5 0.688197 0.313511 0.112916 0.111752 0.00130424
4 0.440173 0.188896 0.111634 0.112284 0.00129257
7 0.811899 0.313672 0.11202 0.11252 0.00125758
2 0.439691 0.809527 0.111857 0.111393 0.00124765
3 0.688193 0.0650662 0.112791 0.111703 0.00124248
1 0.68772 0.313232 0.111569 0.112045 0.00122732
2 0.315557 0.188787 0.111238 0.111529 0.00122587
12 0.191776 0.809612 0.112586 0.112536 0.00120954
9 0.812161 0.0652767 0.111885 0.112614 0.00120292
10 0.315955 0.188916 0.111312 0.111746 0.00119815
10 0.563955 0.31385 0.111778 0.112025 0.001197
11 0.56432 0.561285 0.111601 0.113286 0.00119296
12 0.688197 0.313511 0.112916 0.111752 0.00118603
4 0.564222 0.809221 0.111429 0.11259 0.00118571
13 0.563574 0.685443 0.11141 0.111485 0.00117316
7 0.19097 0.313787 0.111727 0.111882 0.00113403
5 0.0662018 0.313858 0.112789 0.112058 0.00112875
2 0.687797 0.561509 0.111364 0.111722 0.00112157
7 0.0670485 0.189376 0.112875 0.112871 0.0011154
6 0.936596 0.313365 0.112085 0.11326 0.00111209
1 0.936118 0.313178 0.111253 0.111632 0.00109791
7 0.315483 0.436589 0.110022 0.110578 0.00109607
4 0.688129 0.189348 0.113639 0.112709 0.00109523
13 0.315422 0.933695 0.111746 0.111337 0.00109441
11 0.191249 0.933762 0.111339 0.112353 0.0010881
2 0.563529 0.0651759 0.111356 0.112144 0.00107657
0 0.0665038 0.0655157 0.112467 0.112146 0.00106808
12 0.315975 0.437432 0.111742 0.111532 0.00103578
7 0.563691 0.0652385 0.11178 0.112171 0.00102327
5 0.439544 0.809631 0.112356 0.112049 0.00100631
3 0.315339 0.313287 0.112256 0.113169 0.00100302
