9 0.43963 0.934238 0.11184 0.113395 0.988656
3 0.314958 0.809795 0.112341 0.112526 0.988152
3 0.68721 0.933881 0.112601 0.114052 0.986255
3 0.935219 0.933849 0.114295 0.113898 0.985483
9 0.191764 0.934032 0.11131 0.113097 0.985474
12 0.315568 0.934016 0.110348 0.112791 0.985127
3 0.0668631 0.189338 0.11235 0.113008 0.984682
5 0.0674548 0.685848 0.112456 0.1129 0.984535
5 0.563458 0.685399 0.110451 0.112519 0.983976
1 0.563341 0.933849 0.111798 0.113565 0.983682
5 0.191133 0.313706 0.111192 0.112171 0.983416
7 0.563796 0.809731 0.111775 0.112179 0.983287
7 0.315009 0.313293 0.113564 0.111993 0.983263
4 0.439612 0.809727 0.111707 0.112605 0.983094
10 0.439585 0.685194 0.111878 0.11251 0.983053
4 0.191189 0.437276 0.112802 0.112151 0.983047
6 0.315544 0.561579 0.111792 0.112456 0.983017
13 0.191604 0.561995 0.110948 0.111973 0.982627
3 0.93591 0.809763 0.113486 0.112593 0.98249
7 0.190714 0.685342 0.113309 0.111639 0.982445
9 0.935373 0.0651483 0.113259 0.11391 0.982393
1 0.315225 0.685232 0.112311 0.11239 0.982388
4 0.687859 0.809806 0.111425 0.112755 0.982376
13 0.811815 0.933789 0.111136 0.113797 0.982128
11 0.0662119 0.933865 0.114156 0.114179 0.982048
6 0.0666865 0.437484 0.112457 0.112269 0.982023
6 0.191143 0.188911 0.112103 0.112755 0.981886
11 0.190637 0.0651824 0.111825 0.112739 0.981876
8 0.439561 0.0647901 0.111733 0.112429 0.981785
9 0.687679 0.0648066 0.110966 0.112484 0.981509
13 0.191695 0.809687 0.11071 0.111886 0.981444
9 0.315847 0.437281 0.111936 0.112623 0.981108
1 0.315086 0.188744 0.112251 0.111975 0.981071
4 0.812214 0.809869 0.112408 0.113161 0.981048
10 0.0671764 0.561281 0.113596 0.112415 0.980951
6 0.439546 0.560934 0.112371 0.111263 0.980942
9 0.439758 0.31309 0.112107 0.112777 0.980936
13 0.439227 0.189214 0.112091 0.111912 0.980709
7 0.439142 0.437401 0.113348 0.111849 0.980486
8 0.0676433 0.809924 0.112068 0.112318 0.980261
8 0.315218 0.0646801 0.11242 0.111506 0.979537
0 0.067145 0.312922 0.112686 0.11321 0.979461
4 0.687944 0.5611 0.112159 0.112846 0.979415
9 0.687591 0.685456 0.111268 0.111964 0.979376
6 0.812248 0.561315 0.112619 0.111758 0.979227
3 0.811802 0.685738 0.112183 0.112521 0.979186
12 0.812386 0.436897 0.11206 0.112154 0.979184
12 0.812047 0.188585 0.112058 0.111963 0.979123
3 0.563247 0.561173 0.112212 0.112181 0.979075
0 0.0670082 0.0646853 0.111875 0.11277 0.978958
10 0.936272 0.188798 0.11255 0.112575 0.978762
5 0.687724 0.436902 0.112069 0.113116 0.978716
1 0.936337 0.561142 0.114272 0.11348 0.978411
13 0.936264 0.685699 0.113229 0.112963 0.978233
3 0.812167 0.312699 0.112646 0.112976 0.978189
4 0.936895 0.312791 0.11324 0.113079 0.978162
7 0.687937 0.313185 0.111969 0.112517 0.977669
0 0.563004 0.0653528 0.111371 0.111411 0.977582
11 0.563597 0.189335 0.11249 0.113195 0.97739
2 0.812147 0.0644321 0.11199 0.11322 0.977322
8 0.563802 0.437101 0.111718 0.112727 0.977266
8 0.687808 0.189279 0.111365 0.111973 0.976746
2 0.936504 0.436821 0.113344 0.11296 0.976721
8 0.563614 0.313282 0.1115 0.111368 0.976448
2 0.0670124 0.809786 0.11375 0.112077 0.0325884
3 0.687692 0.685432 0.111221 0.111885 0.0251631
3 0.315784 0.437539 0.111603 0.112597 0.0210567
5 0.0668173 0.933351 0.114433 0.113817 0.0170277
5 0.190998 0.0645213 0.111325 0.11195 0.0127119
2 0.688113 0.188922 0.112196 0.111997 0.0105968
6 0.812763 0.436564 0.11087 0.112413 0.00945055
2 0.563834 0.437424 0.111705 0.112141 0.00861474
1 0.19128 0.437256 0.11258 0.11251 0.00806804
1 0.0666512 0.0636533 0.113036 0.112546 0.00672918
12 0.191699 0.561087 0.111448 0.111522 0.00651617
2 0.563817 0.313479 0.112193 0.112247 0.00559407
4 0.0667761 0.560868 0.114954 0.112224 0.00550419
1 0.936582 0.313035 0.112564 0.113049 0.00549956
1 0.688109 0.561379 0.111781 0.112493 0.00539114
7 0.439253 0.189332 0.111561 0.112666 0.00538473
6 0.811546 0.685609 0.113541 0.112032 0.00482537
12 0.686852 0.313317 0.110379 0.11238 0.00475107
2 0.439883 0.0646592 0.111678 0.112489 0.00468572
12 0.191567 0.809525 0.11165 0.111644 0.00409099
11 0.315454 0.0646384 0.111542 0.112444 0.00406147
11 0.688214 0.188732 0.111931 0.11195 0.00405822
3 0.687679 0.0648066 0.110966 0.112484 0.00384902
12 0.688125 0.685358 0.112668 0.112194 0.00378109
12 0.811337 0.933371 0.110882 0.111114 0.00373858
3 0.936533 0.437238 0.112466 0.113793 0.00371083
1 0.563568 0.063747 0.11141 0.113556 0.00354941
7 0.191298 0.437857 0.111197 0.111782 0.0033676
5 0.56346 0.189616 0.111225 0.112258 0.00323333
2 0.688218 0.933567 0.1136 0.11273 0.00322459
11 0.563969 0.312977 0.112145 0.112481 0.00314475
3 0.43963 0.934238 0.11184 0.113395 0.00311918
3 0.439532 0.313296 0.111611 0.112831 0.00311844
1 0.68794 0.80923 0.112235 0.112113 0.00306777
3 0.688152 0.43726 0.112247 0.112574 0.00298212
12 0.315807 0.436709 0.111342 0.112279 0.0029681
0 0.936507 0.560783 0.11333 0.112184 0.00296083
10 0.935943 0.685728 0.113734 0.113351 0.00295861
6 0.811441 0.809386 0.112215 0.111503 0.00294068
12 0.439719 0.313555 0.112558 0.112349 0.00293951
1 0.0671875 0.436649 0.110285 0.112515 0.00291014
6 0.935979 0.810267 0.112204 0.113373 0.00290388
0 0.688125 0.685358 0.112668 0.112194 0.00288778
1 0.812684 0.561038 0.111172 0.111903 0.00285904
1 0.936091 0.437933 0.109027 0.112575 0.00285394
9 0.688218 0.933567 0.1136 0.11273 0.00278519
4 0.687349 0.933633 0.111572 0.111814 0.00276464
3 0.0666162 0.436872 0.114558 0.112759 0.00269804
2 0.688109 0.561379 0.111781 0.112493 0.00269517
1 0.811546 0.0646324 0.113099 0.112796 0.00269179
2 0.811855 0.809841 0.112026 0.113391 0.00256151
6 0.811571 0.313092 0.111804 0.112621 0.0024945
3 0.812234 0.561143 0.112907 0.113275 0.0024934
12 0.936172 0.0649741 0.11297 0.112903 0.00247816
6 0.191298 0.437857 0.111197 0.111782 0.00247437
13 0.439241 0.68517 0.111361 0.111935 0.00246975
12 0.688191 0.0648009 0.111507 0.112311 0.00246008
1 0.812036 0.809408 0.111811 0.112703 0.0024506
1 0.440336 0.561048 0.110991 0.112475 0.00243729
12 0.935976 0.685765 0.111696 0.112477 0.00240225
11 0.563882 0.436992 0.11194 0.11219 0.00238387
1 0.439722 0.809488 0.112095 0.112345 0.00237342
1 0.316044 0.561201 0.11127 0.11244 0.00235945
6 0.688091 0.313164 0.111548 0.112071 0.0023405
2 0.687859 0.809806 0.111425 0.112755 0.00233276
6 0.315432 0.934304 0.112645 0.114095 0.0023275
6 0.686847 0.932897 0.114573 0.112995 0.00231388
3 0.936314 0.0648891 0.112985 0.113252 0.00227722
6 0.812233 0.188846 0.111763 0.112933 0.00223513
3 0.191721 0.933583 0.111544 0.111609 0.00222902
5 0.936129 0.436879 0.114397 0.113989 0.00219668
0 0.5633 0.933598 0.110845 0.112309 0.00215211
1 0.0669024 0.312437 0.113042 0.112327 0.00214043
11 0.439727 0.0643913 0.110996 0.112091 0.0021113
3 0.439973 0.561086 0.111678 0.113228 0.00206157
4 0.688152 0.43726 0.112247 0.112574 0.00204503
4 0.811603 0.6858 0.111615 0.112543 0.00201031
7 0.688004 0.561292 0.111487 0.112074 0.00200239
3 0.812778 0.436644 0.110015 0.113229 0.00195881
4 0.564161 0.809429 0.111326 0.112109 0.00195527
2 0.0663488 0.189266 0.112656 0.112285 0.00193825
5 0.811546 0.0646324 0.113099 0.112796 0.001902
0 0.688191 0.0648009 0.111507 0.112311 0.0018983
13 0.0670052 0.561185 0.112483 0.112378 0.00189563
11 0.935943 0.685728 0.113734 0.113351 0.0018756
6 0.439587 0.436629 0.110668 0.1123 0.0018695
13 0.936027 0.188792 0.111355 0.110721 0.00185515
2 0.315303 0.0646462 0.112039 0.113064 0.00185448
4 0.688116 0.313078 0.11214 0.112329 0.00185379
4 0.191039 0.313162 0.111421 0.112103 0.00183678
8 0.813006 0.0646959 0.109431 0.111794 0.00183325
6 0.93548 0.934113 0.112899 0.114027 0.00183297
11 0.0675322 0.809769 0.113774 0.113929 0.00182386
2 0.688152 0.43726 0.112247 0.112574 0.0018091
7 0.687976 0.809775 0.111588 0.112077 0.00180585
0 0.315714 0.438025 0.112748 0.114475 0.00179319
7 0.936007 0.685363 0.11327 0.113683 0.00177607
3 0.315543 0.561396 0.112593 0.113408 0.00171342
7 0.936151 0.313159 0.110973 0.11197 0.00167553
0 0.439608 0.313586 0.112207 0.112984 0.00167479
12 0.439357 0.188811 0.112133 0.112613 0.00166627
4 0.811991 0.437093 0.112354 0.112151 0.00163146
7 0.439544 0.809554 0.11181 0.112341 0.00162961
6 0.93634 0.312796 0.113548 0.112968 0.00161735
10 0.687698 0.437301 0.111501 0.112006 0.00161481
0 0.812265 0.437511 0.112077 0.112359 0.00161381
12 0.439496 0.436598 0.111308 0.11053 0.00160563
0 0.315099 0.188509 0.112265 0.11321 0.00158327
6 0.06671 0.188296 0.113023 0.113242 0.00156107
2 0.936324 0.313531 0.112115 0.113055 0.00152401
10 0.19113 0.0649649 0.111717 0.111901 0.00152068
9 0.563424 0.188763 0.111567 0.112674 0.00149648
6 0.563247 0.561173 0.112212 0.112181 0.00148221
10 0.0667444 0.933584 0.112919 0.113186 0.00145125
12 0.439957 0.93364 0.112892 0.114049 0.0014473
1 0.314789 0.809332 0.112192 0.111857 0.00143788
4 0.439916 0.437182 0.112145 0.111981 0.00142589
1 0.93623 0.810041 0.112232 0.112293 0.00142577
4 0.935953 0.188555 0.113067 0.11358 0.00141248
7 0.811815 0.933789 0.111136 0.113797 0.00140614
10 0.19103 0.312833 0.111085 0.111716 0.0013986
7 0.0669912 0.560767 0.112817 0.113384 0.00139728
10 0.439342 0.437939 0.109855 0.111475 0.00134357
1 0.191617 0.188739 0.112304 0.112257 0.00133115
4 0.439585 0.685194 0.111878 0.11251 0.00132969
10 0.812036 0.809408 0.111811 0.112703 0.00131383
12 0.19175 0.933415 0.112739 0.113463 0.00130416
1 0.563247 0.561173 0.112212 0.112181 0.00128571
5 0.688244 0.933465 0.113946 0.112847 0.00127886
2 0.19128 0.437256 0.11258 0.11251 0.0012679
4 0.812031 0.0651817 0.111221 0.11242 0.00125615
10 0.315456 0.313576 0.112414 0.112142 0.00123648
10 0.439757 0.809749 0.112921 0.11289 0.00123367
6 0.314789 0.809332 0.112192 0.111857 0.00122682
12 0.811926 0.313327 0.111807 0.1118 0.00122533
4 0.811571 0.313092 0.111804 0.112621 0.00122187
3 0.19098 0.188771 0.111924 0.112603 0.00121718
4 0.315257 0.685467 0.111838 0.112139 0.00121503
1 0.687817 0.93362 0.112074 0.112634 0.00121042
2 0.314958 0.809795 0.112341 0.112526 0.00120618
4 0.315667 0.313037 0.11196 0.111901 0.0011996
7 0.812912 0.436519 0.111588 0.11237 0.00119877
12 0.066445 0.188797 0.112546 0.113296 0.00118662
1 0.811802 0.685738 0.112183 0.112521 0.00118596
12 0.935736 0.809928 0.111808 0.112534 0.0011772
6 0.688005 0.561191 0.112641 0.112365 0.00117452
4 0.5633 0.933598 0.110845 0.112309 0.00116734
1 0.935674 0.933977 0.112911 0.113042 0.00114793
7 0.935953 0.188555 0.113067 0.11358 0.00112842
12 0.81142 0.685906 0.111366 0.111795 0.00112724
6 0.191439 0.685504 0.111741 0.111929 0.00112619
4 0.936507 0.560783 0.11333 0.112184 0.00111794
10 0.0666687 0.685328 0.112424 0.113127 0.00111501
7 0.811522 0.809333 0.111318 0.112544 0.00111198
1 0.81113 0.313144 0.112023 0.112496 0.00110831
4 0.06671 0.188296 0.113023 0.113242 0.00109938
12 0.315341 0.313543 0.112125 0.111553 0.00109832
7 0.191727 0.809686 0.111308 0.112555 0.00109707
12 0.687349 0.933633 0.111572 0.111814 0.00109205
0 0.314668 0.685287 0.111413 0.112136 0.00108686
10 0.563437 0.188866 0.111975 0.112446 0.00108299
4 0.563679 0.685058 0.11188 0.112793 0.00108086
8 0.936702 0.436546 0.11157 0.112598 0.00107946
4 0.563614 0.561365 0.111519 0.111691 0.00107756
4 0.31531 0.189012 0.112258 0.113511 0.00107446
11 0.688222 0.064565 0.112013 0.112573 0.00107428
6 0.68794 0.80923 0.112235 0.112113 0.00106903
12 0.563568 0.063747 0.11141 0.113556 0.00105338
10 0.56338 0.685517 0.111549 0.112238 0.00104944
10 0.81119 0.933453 0.111195 0.111716 0.00104304
2 0.439612 0.809727 0.111707 0.112605 0.00102978
10 0.688 0.313521 0.111847 0.112414 0.00100984
