3 0.190902 0.934032 0.11237 0.112896 0.987359
7 0.439453 0.934125 0.111308 0.112192 0.987323
5 0.935589 0.93387 0.111687 0.111948 0.986987
3 0.439289 0.0647495 0.1114 0.112964 0.98549
6 0.315553 0.809629 0.112451 0.11314 0.98542
12 0.191701 0.685689 0.111305 0.112158 0.985099
7 0.0669938 0.189394 0.112046 0.111029 0.984582
9 0.315526 0.685398 0.111581 0.111555 0.984499
4 0.687881 0.934266 0.111672 0.11371 0.983767
4 0.315213 0.436951 0.112752 0.112574 0.983731
2 0.811786 0.934145 0.111295 0.111646 0.982927
1 0.439519 0.809674 0.11249 0.112878 0.982784
12 0.191343 0.437759 0.11226 0.112698 0.982781
5 0.563501 0.934308 0.110944 0.113595 0.982719
10 0.191609 0.80948 0.11231 0.112832 0.982617
1 0.0671931 0.685525 0.11282 0.112218 0.982544
10 0.315195 0.312793 0.113001 0.111646 0.982507
12 0.315361 0.0648076 0.111126 0.11248 0.982361
13 0.191643 0.561898 0.110985 0.111888 0.98229
4 0.191575 0.064845 0.112252 0.112387 0.98223
4 0.687843 0.809944 0.111477 0.113125 0.981918
11 0.935793 0.809364 0.111906 0.112338 0.981743
10 0.315084 0.560706 0.112565 0.111037 0.981651
3 0.936034 0.0648659 0.113557 0.11431 0.981625
13 0.0672521 0.809676 0.113083 0.113246 0.981609
3 0.439885 0.437437 0.111625 0.113767 0.981596
7 0.439404 0.189385 0.11107 0.111002 0.981115
0 0.191078 0.188369 0.112373 0.11255 0.980876
3 0.811805 0.0650245 0.112332 0.113929 0.980819
13 0.812127 0.80965 0.111777 0.113764 0.980712
1 0.563506 0.685131 0.11194 0.112936 0.980474
11 0.190981 0.313636 0.111327 0.112262 0.980437
11 0.563787 0.809343 0.112046 0.113841 0.980429
11 0.315521 0.934003 0.112315 0.113834 0.980358
1 0.0668041 0.933929 0.112715 0.113067 0.980332
9 0.563808 0.437315 0.11215 0.112158 0.979958
0 0.0670954 0.0638125 0.1134 0.112916 0.9798
8 0.0674483 0.43742 0.111869 0.111966 0.979795
0 0.0675908 0.313264 0.112296 0.113382 0.979355
1 0.687728 0.561197 0.112664 0.112751 0.979317
10 0.936474 0.685304 0.112597 0.113107 0.979294
13 0.563843 0.561683 0.112598 0.113037 0.979151
1 0.812242 0.436889 0.113043 0.11283 0.979055
5 0.811985 0.561198 0.112224 0.113185 0.979022
1 0.439396 0.312834 0.112501 0.113269 0.978985
9 0.811956 0.188852 0.112131 0.112782 0.97896
4 0.812328 0.312875 0.112438 0.112319 0.978871
1 0.56328 0.188766 0.112162 0.113426 0.978775
1 0.936295 0.561093 0.114044 0.113237 0.978602
11 0.687533 0.685044 0.111737 0.113458 0.978563
13 0.687873 0.437217 0.112473 0.113025 0.978322
4 0.936765 0.312664 0.113247 0.113168 0.978297
11 0.315289 0.188755 0.112359 0.11289 0.978289
11 0.439467 0.560933 0.111954 0.1124 0.978271
0 0.563317 0.313702 0.111252 0.111531 0.978228
1 0.687784 0.0643894 0.111754 0.11301 0.978224
13 0.936531 0.437205 0.113434 0.113332 0.978218
8 0.812189 0.685507 0.112679 0.112113 0.97803
0 0.687884 0.188531 0.111811 0.113424 0.977925
0 0.936013 0.188569 0.112999 0.111849 0.977923
8 0.688059 0.312892 0.111213 0.111609 0.977717
0 0.563221 0.0652332 0.111117 0.111223 0.977644
8 0.439206 0.685414 0.11135 0.11146 0.977497
11 0.0663346 0.561012 0.113576 0.112707 0.976896
5 0.439706 0.561342 0.111169 0.112462 0.0157974
5 0.0663346 0.561012 0.113576 0.112707 0.0147414
5 0.563692 0.809711 0.111352 0.11232 0.0121343
2 0.0668053 0.436903 0.113596 0.110826 0.0119981
2 0.688211 0.312845 0.111111 0.111812 0.0101047
2 0.81268 0.685481 0.111127 0.112337 0.00958255
5 0.687445 0.685387 0.111542 0.111611 0.00956817
4 0.315721 0.560955 0.112655 0.112571 0.00897908
1 0.315867 0.437205 0.112251 0.112933 0.00851255
5 0.190928 0.312814 0.111625 0.11228 0.00847253
5 0.315351 0.188642 0.111315 0.112171 0.00702302
3 0.811794 0.18925 0.111268 0.11219 0.00683846
1 0.812227 0.31313 0.112353 0.112888 0.00658268
2 0.439881 0.685376 0.111507 0.111878 0.00603694
11 0.811833 0.68566 0.112967 0.111381 0.00590305
1 0.936548 0.312858 0.112579 0.113247 0.00542051
1 0.0672478 0.312732 0.113163 0.112648 0.00535501
0 0.688119 0.0634454 0.111445 0.112691 0.00535192
12 0.191508 0.560819 0.111446 0.111385 0.00507821
3 0.563938 0.437485 0.110959 0.113353 0.00503837
8 0.813079 0.933572 0.10948 0.110845 0.00489863
3 0.315526 0.685398 0.111581 0.111555 0.00465606
11 0.439744 0.685713 0.112434 0.112076 0.00455834
6 0.936079 0.0650503 0.11308 0.113382 0.004213
6 0.191196 0.933596 0.112045 0.111763 0.00398636
12 0.811427 0.809911 0.111815 0.112813 0.00382796
7 0.688181 0.437115 0.11219 0.11267 0.00379383
6 0.811582 0.0647766 0.111503 0.112453 0.00366661
5 0.315817 0.933539 0.112837 0.112689 0.00359521
6 0.439821 0.0645231 0.112035 0.112027 0.00359518
4 0.315256 0.312859 0.112481 0.113244 0.00358449
1 0.687909 0.933777 0.112352 0.112911 0.00354797
11 0.688404 0.312581 0.111143 0.111326 0.00337442
6 0.439443 0.437603 0.111557 0.11179 0.00329635
0 0.812237 0.436376 0.113149 0.11284 0.00314275
7 0.0668353 0.809336 0.113589 0.112979 0.00304825
1 0.687982 0.809233 0.112551 0.112562 0.00302828
12 0.688154 0.437072 0.112346 0.112737 0.00300857
2 0.688079 0.0645829 0.110901 0.111974 0.00290501
13 0.936143 0.685449 0.111579 0.112421 0.00285451
4 0.439821 0.0645231 0.112035 0.112027 0.00280733
1 0.191751 0.0648952 0.111556 0.112409 0.0027829
0 0.563616 0.188302 0.11189 0.113539 0.00277359
7 0.811433 0.809464 0.112954 0.1127 0.00271057
7 0.19195 0.0646639 0.111351 0.111681 0.00265815
1 0.0670954 0.0638125 0.1134 0.112916 0.00265746
2 0.687881 0.934266 0.111672 0.11371 0.00261098
10 0.686837 0.685013 0.109826 0.111439 0.00255435
0 0.688223 0.560916 0.111922 0.111507 0.00251542
0 0.936422 0.560807 0.113385 0.11235 0.00247441
5 0.936528 0.809613 0.1129 0.111742 0.00244781
12 0.564287 0.561489 0.112221 0.112965 0.00237482
4 0.936157 0.684776 0.112461 0.114316 0.00232758
6 0.811639 0.312999 0.113403 0.111956 0.00230025
4 0.439443 0.437603 0.111557 0.11179 0.00227787
12 0.067176 0.809196 0.111973 0.112115 0.00226672
2 0.687843 0.809944 0.111477 0.113125 0.00225865
1 0.563729 0.0635478 0.111057 0.112879 0.0022219
7 0.564038 0.561434 0.111661 0.112961 0.00219267
12 0.315435 0.6853 0.112749 0.112569 0.00213325
0 0.564085 0.438028 0.112604 0.114197 0.0021328
4 0.0666235 0.189319 0.112368 0.110084 0.00209091
6 0.315853 0.0645002 0.111958 0.113009 0.00204897
10 0.0672612 0.560723 0.113398 0.114048 0.00195389
0 0.0671035 0.438148 0.111792 0.112608 0.00194056
10 0.191616 0.313261 0.112133 0.11259 0.00194013
10 0.935054 0.93333 0.111481 0.112003 0.0019315
12 0.812083 0.189032 0.111719 0.111735 0.00192587
7 0.191507 0.561407 0.112108 0.112733 0.00191638
7 0.936157 0.684776 0.112461 0.114316 0.00182153
0 0.43964 0.313143 0.111441 0.113237 0.00181947
2 0.688081 0.561174 0.112012 0.112359 0.00181166
13 0.191528 0.809519 0.111949 0.112336 0.00175769
4 0.439903 0.933913 0.111077 0.112051 0.00175504
7 0.936264 0.436861 0.111263 0.11363 0.00175137
1 0.81212 0.933465 0.112198 0.112766 0.00174594
1 0.563865 0.312429 0.11145 0.11199 0.0017256
2 0.812227 0.31313 0.112353 0.112888 0.00172341
13 0.315277 0.561281 0.11216 0.11224 0.00172235
6 0.687909 0.933777 0.112352 0.112911 0.00170698
7 0.688071 0.809647 0.111885 0.11242 0.00170059
11 0.0668053 0.436903 0.113596 0.110826 0.0016992
12 0.564054 0.438021 0.11146 0.11314 0.00169411
10 0.563744 0.934162 0.111771 0.112428 0.00168436
4 0.563771 0.68502 0.1117 0.11193 0.00166481
7 0.688147 0.934074 0.111262 0.111924 0.00165561
1 0.688081 0.187785 0.111335 0.112788 0.00163846
13 0.314738 0.312577 0.111634 0.111964 0.00163233
10 0.43981 0.561028 0.112619 0.113349 0.00163009
4 0.440018 0.188911 0.112232 0.11187 0.00159643
10 0.935914 0.809621 0.111905 0.112793 0.00159142
7 0.811719 0.312381 0.112152 0.113603 0.00155517
4 0.191196 0.933596 0.112045 0.111763 0.00153225
10 0.81158 0.561248 0.111491 0.112002 0.00149607
2 0.315867 0.437205 0.112251 0.112933 0.00148626
12 0.936206 0.437233 0.112222 0.113745 0.00148111
9 0.936008 0.188902 0.11264 0.112922 0.00145979
5 0.936452 0.685072 0.111974 0.112266 0.00145743
4 0.439563 0.313221 0.112448 0.113097 0.00143863
12 0.315512 0.561304 0.112433 0.112276 0.00143094
0 0.812978 0.189219 0.112427 0.112182 0.00142271
2 0.190902 0.934032 0.11237 0.112896 0.00142081
0 0.563771 0.68502 0.1117 0.11193 0.00141129
4 0.439695 0.809516 0.111722 0.112341 0.00140743
3 0.315553 0.809629 0.112451 0.11314 0.00137072
9 0.19141 0.313247 0.111805 0.112162 0.00136834
5 0.314726 0.560939 0.111824 0.111601 0.0013511
9 0.315035 0.188512 0.111882 0.112431 0.00134646
12 0.439821 0.0645231 0.112035 0.112027 0.00134597
0 0.0669383 0.685314 0.113238 0.112889 0.00134148
7 0.315563 0.313283 0.112549 0.112314 0.00134143
12 0.811582 0.0647766 0.111503 0.112453 0.00133977
0 0.0667027 0.933879 0.113673 0.113829 0.00133883
2 0.688147 0.684751 0.11225 0.113377 0.0013368
2 0.191298 0.0648723 0.110362 0.111119 0.00132478
6 0.936222 0.312758 0.113143 0.113248 0.0013241
10 0.811947 0.313664 0.111636 0.11268 0.00130562
2 0.936548 0.312858 0.112579 0.113247 0.00130132
4 0.811582 0.0647766 0.111503 0.112453 0.00129231
4 0.936422 0.560807 0.113385 0.11235 0.00129151
4 0.68786 0.560792 0.112519 0.112682 0.00127749
6 0.563346 0.188915 0.111453 0.112922 0.00126667
1 0.936072 0.0649567 0.111988 0.112666 0.00125535
12 0.439586 0.437503 0.111946 0.112682 0.00125028
4 0.563724 0.189109 0.112145 0.113337 0.00124788
10 0.315707 0.933832 0.112301 0.112145 0.00124778
6 0.191262 0.437813 0.112273 0.112355 0.00123807
9 0.439769 0.561316 0.11149 0.112007 0.00123261
7 0.315397 0.436486 0.111554 0.111698 0.00121963
8 0.811581 0.189233 0.111801 0.112676 0.00121941
12 0.315834 0.312922 0.112088 0.112197 0.00121694
9 0.686727 0.684928 0.110556 0.112236 0.00117965
0 0.439788 0.809608 0.11214 0.11311 0.00117331
12 0.935605 0.0649144 0.111383 0.112134 0.00116384
7 0.935965 0.31312 0.110745 0.111606 0.00115871
4 0.936079 0.0650503 0.11308 0.113382 0.00115792
10 0.315065 0.188605 0.112085 0.112258 0.00114185
5 0.191432 0.809352 0.112324 0.11227 0.00113294
3 0.935791 0.933618 0.112766 0.110957 0.00112022
6 0.687982 0.809233 0.112551 0.112562 0.00111
11 0.811555 0.189256 0.112444 0.113321 0.0010716
3 0.81227 0.560979 0.112176 0.112178 0.00106084
1 0.191197 0.934023 0.111804 0.112365 0.00105785
1 0.439738 0.0646098 0.112006 0.112689 0.00104138
5 0.811556 0.93346 0.11432 0.111929 0.0010408
4 0.0671931 0.685525 0.11282 0.112218 0.00103648
10 0.067005 0.809741 0.112349 0.112448 0.00102114
1 0.439699 0.437515 0.112007 0.113158 0.00100079
