13 0.315339 0.933781 0.111987 0.113384 0.986569
3 0.56312 0.93417 0.112353 0.114018 0.986511
4 0.439596 0.934103 0.113194 0.11415 0.985796
6 0.563874 0.809212 0.111993 0.113049 0.985495
9 0.191191 0.684874 0.111793 0.112245 0.985122
7 0.191493 0.933939 0.111675 0.112602 0.984989
3 0.439081 0.0650025 0.112188 0.113561 0.984726
5 0.936632 0.809915 0.111116 0.110619 0.984491
13 0.315102 0.685337 0.111943 0.112832 0.984418
7 0.0667219 0.18943 0.113177 0.112453 0.983997
5 0.191399 0.561907 0.110625 0.111805 0.983956
9 0.191839 0.0651129 0.111028 0.112169 0.983944
11 0.687685 0.933855 0.111799 0.112297 0.983719
10 0.191922 0.809452 0.111651 0.112643 0.983703
7 0.191159 0.189334 0.112298 0.112471 0.983281
6 0.315981 0.561475 0.111796 0.112184 0.983157
6 0.0669303 0.437554 0.113427 0.112495 0.98305
2 0.812029 0.933926 0.112178 0.113288 0.983008
12 0.439608 0.685241 0.111535 0.112583 0.982934
5 0.0672433 0.0649402 0.113122 0.112247 0.982729
6 0.0675083 0.561759 0.113326 0.112717 0.982537
10 0.563469 0.0649018 0.110757 0.113196 0.982533
10 0.0674465 0.934136 0.112792 0.113511 0.982461
10 0.315424 0.189016 0.11357 0.111397 0.982451
6 0.315511 0.31301 0.111925 0.112409 0.98244
12 0.439692 0.809528 0.111343 0.112358 0.982411
13 0.0675762 0.685731 0.112525 0.112162 0.982391
5 0.687837 0.809893 0.11049 0.111798 0.982224
4 0.812635 0.809539 0.113276 0.113908 0.98201
7 0.439361 0.561212 0.113024 0.112534 0.981931
12 0.191002 0.437183 0.111656 0.112314 0.981484
2 0.935991 0.934114 0.113116 0.113369 0.98136
2 0.190879 0.31314 0.111879 0.112552 0.981304
4 0.563901 0.560798 0.113294 0.113901 0.980333
1 0.563728 0.685181 0.111827 0.112909 0.980096
11 0.563543 0.188577 0.111277 0.11235 0.979993
11 0.439738 0.43709 0.111555 0.112764 0.979892
12 0.0673951 0.809535 0.112658 0.112257 0.979788
11 0.439483 0.188776 0.111248 0.11201 0.979609
11 0.687886 0.685347 0.111806 0.11193 0.979534
1 0.812084 0.685176 0.113231 0.113135 0.979408
10 0.56403 0.43695 0.112378 0.113223 0.979189
11 0.812339 0.43724 0.112557 0.113285 0.979132
6 0.687512 0.0647927 0.111275 0.113565 0.979129
3 0.687748 0.313304 0.112203 0.112366 0.979054
8 0.315287 0.0650939 0.112195 0.112286 0.978923
1 0.812044 0.188733 0.112805 0.112747 0.978899
13 0.812131 0.31305 0.113047 0.113055 0.978734
0 0.811776 0.561528 0.112353 0.112222 0.978718
0 0.315396 0.809519 0.111845 0.112874 0.978699
12 0.811697 0.0652793 0.112649 0.113038 0.978627
2 0.6876 0.43749 0.11148 0.111522 0.978519
6 0.935824 0.188966 0.111469 0.111627 0.978506
10 0.56395 0.312692 0.112507 0.11344 0.978481
12 0.93644 0.685444 0.112777 0.112532 0.978447
2 0.68776 0.188658 0.110794 0.111696 0.978285
3 0.936393 0.561147 0.113276 0.114348 0.97825
8 0.0672222 0.313233 0.111801 0.11268 0.978226
11 0.936505 0.312983 0.112763 0.112655 0.978072
11 0.936679 0.437095 0.11291 0.112883 0.978011
8 0.935821 0.0645447 0.110643 0.111733 0.977324
8 0.687865 0.561412 0.111716 0.112534 0.977247
8 0.315379 0.4375 0.112395 0.112408 0.97724
8 0.439787 0.312933 0.111535 0.112037 0.977091
2 0.439585 0.31304 0.11161 0.11267 0.0367434
2 0.315086 0.437286 0.111661 0.11215 0.0305491
2 0.688022 0.560969 0.111481 0.111642 0.0191602
5 0.688113 0.933962 0.11223 0.111857 0.018417
4 0.0669903 0.933471 0.113272 0.113586 0.0131955
6 0.19142 0.437753 0.111945 0.112078 0.0123273
5 0.935947 0.93377 0.113651 0.113972 0.0107059
2 0.935578 0.0650332 0.113456 0.112951 0.0106408
2 0.314972 0.0647832 0.112747 0.113215 0.00944759
5 0.936682 0.436645 0.112943 0.111836 0.00823835
5 0.812431 0.436873 0.112284 0.112419 0.00729204
8 0.688375 0.93304 0.113372 0.113197 0.0070913
3 0.191633 0.685269 0.110417 0.111983 0.00626052
4 0.191922 0.809452 0.111651 0.112643 0.00616235
1 0.687662 0.437928 0.109829 0.112006 0.00593795
10 0.937167 0.436637 0.110732 0.11199 0.00574437
4 0.564143 0.437362 0.112102 0.112673 0.00557183
5 0.811688 0.933059 0.11365 0.111644 0.00547228
5 0.439633 0.436918 0.111694 0.111838 0.00501572
2 0.0664809 0.312972 0.113122 0.113001 0.00487415
4 0.564073 0.313306 0.112319 0.112916 0.00468416
4 0.315205 0.188855 0.1114 0.112059 0.00441543
7 0.439523 0.933912 0.111731 0.112222 0.0040063
5 0.688106 0.685483 0.11165 0.110947 0.00399995
12 0.564073 0.313306 0.112319 0.112916 0.00388021
10 0.812457 0.809078 0.112396 0.114183 0.00377832
2 0.688176 0.809523 0.111439 0.113156 0.003557
5 0.191339 0.313187 0.111697 0.111439 0.00354251
13 0.314838 0.188686 0.111458 0.111908 0.00351588
3 0.688242 0.0638923 0.11093 0.112812 0.00339902
1 0.56434 0.56116 0.113433 0.113812 0.0032545
1 0.811692 0.561216 0.112854 0.112419 0.00323528
1 0.31537 0.809571 0.112006 0.11267 0.00315633
6 0.440056 0.685319 0.111703 0.112397 0.00302514
0 0.812063 0.188734 0.11206 0.113546 0.00301618
10 0.811645 0.437082 0.110692 0.112115 0.00289682
5 0.439757 0.189286 0.111485 0.111221 0.00280029
12 0.191565 0.0647596 0.111854 0.11179 0.0027555
4 0.564234 0.0649335 0.112783 0.113462 0.00275234
8 0.813136 0.933783 0.108631 0.112403 0.00270464
3 0.0664369 0.436978 0.113885 0.112119 0.00270344
1 0.190879 0.313585 0.111522 0.112275 0.00270062
5 0.935864 0.313768 0.112963 0.11174 0.00269628
12 0.56422 0.0647513 0.112013 0.113798 0.00268184
1 0.688132 0.188734 0.114144 0.113715 0.00256799
1 0.439877 0.933973 0.113383 0.113893 0.00256658
0 0.812361 0.685128 0.111578 0.112467 0.00256305
5 0.563833 0.189272 0.111081 0.111322 0.00249909
12 0.687757 0.312898 0.111373 0.112132 0.00249661
13 0.563208 0.312661 0.111779 0.112398 0.00247306
8 0.688187 0.685115 0.111599 0.112235 0.00245978
6 0.936066 0.561557 0.111821 0.113612 0.00232199
7 0.812093 0.313558 0.113462 0.113439 0.00228975
13 0.563476 0.437002 0.111353 0.11235 0.00225549
12 0.191303 0.188711 0.111666 0.111573 0.00221783
3 0.0668326 0.561245 0.114408 0.112971 0.0022011
2 0.688084 0.313526 0.111214 0.112051 0.00211233
3 0.564383 0.808956 0.111738 0.113144 0.00204931
9 0.687847 0.685548 0.111104 0.111711 0.00201921
7 0.564142 0.436538 0.111628 0.113234 0.00200859
7 0.563918 0.0649651 0.112446 0.112471 0.00197862
10 0.688095 0.933841 0.110983 0.11237 0.00195692
6 0.0677662 0.809653 0.11248 0.112042 0.00195098
13 0.563349 0.0646424 0.111673 0.112318 0.00195011
3 0.315449 0.560872 0.112549 0.112774 0.00190379
3 0.935932 0.188944 0.111913 0.113309 0.00189723
7 0.563789 0.313096 0.112965 0.11311 0.00187322
11 0.811802 0.933301 0.111656 0.113199 0.00185892
13 0.191416 0.809508 0.111932 0.112524 0.00184567
12 0.191816 0.684939 0.111553 0.111826 0.001832
5 0.686915 0.189176 0.114239 0.11233 0.00181162
11 0.315109 0.437208 0.112063 0.111652 0.00180587
1 0.812571 0.809491 0.113672 0.113938 0.00178361
13 0.811487 0.0651175 0.111841 0.112609 0.00177737
10 0.936236 0.312914 0.11176 0.112706 0.00177197
13 0.191374 0.188617 0.111587 0.111715 0.00175721
3 0.19123 0.313385 0.111999 0.111733 0.00175526
11 0.68815 0.561369 0.111151 0.113235 0.00173888
7 0.811727 0.808771 0.113012 0.115317 0.00171941
1 0.688238 0.0647689 0.110093 0.113156 0.00171852
9 0.936318 0.437573 0.111323 0.111901 0.00171725
10 0.439553 0.436776 0.110603 0.111015 0.00168956
4 0.191897 0.933739 0.111951 0.113053 0.00168927
3 0.688156 0.80972 0.111908 0.113275 0.00168093
3 0.688188 0.437603 0.112245 0.112404 0.00168006
9 0.439688 0.437539 0.111288 0.1115 0.00167194
12 0.43958 0.0643707 0.111877 0.112362 0.00166104
12 0.564143 0.437362 0.112102 0.112673 0.00166013
12 0.314897 0.685234 0.112096 0.11243 0.00163877
4 0.563959 0.685156 0.111502 0.111924 0.0016287
1 0.81235 0.933515 0.112423 0.113642 0.00162497
0 0.067159 0.31356 0.112614 0.114195 0.00160585
8 0.688138 0.188835 0.113058 0.113525 0.0015995
12 0.811468 0.313206 0.112434 0.113132 0.00158263
13 0.0670095 0.933389 0.11222 0.111466 0.00158202
9 0.811543 0.43694 0.111321 0.112201 0.00157746
7 0.315476 0.189062 0.112965 0.112495 0.00157687
3 0.191565 0.0647596 0.111854 0.11179 0.00156832
7 0.067676 0.933221 0.113063 0.11349 0.00155647
12 0.936116 0.561274 0.111439 0.112481 0.0015561
7 0.811487 0.0651175 0.111841 0.112609 0.00155294
3 0.315455 0.313263 0.111167 0.112871 0.00155102
5 0.6882 0.437377 0.112557 0.113634 0.0015467
8 0.811543 0.43694 0.111321 0.112201 0.00152964
2 0.688375 0.93304 0.113372 0.113197 0.00150853
10 0.936379 0.809886 0.111051 0.111349 0.00148244
4 0.688176 0.809523 0.111439 0.113156 0.00147675
7 0.191477 0.809042 0.112547 0.112756 0.00146385
9 0.688084 0.313526 0.111214 0.112051 0.00146294
4 0.81191 0.685036 0.112549 0.112545 0.00146111
1 0.936241 0.933591 0.113372 0.113979 0.00143405
12 0.439943 0.561113 0.111361 0.113077 0.00141603
12 0.315976 0.18908 0.112196 0.111918 0.00141407
8 0.688214 0.437357 0.111523 0.113162 0.00141344
4 0.811822 0.18923 0.112152 0.112798 0.00138124
1 0.9363 0.561348 0.112008 0.112222 0.00137514
3 0.687823 0.1893 0.112633 0.112281 0.0013681
6 0.811677 0.809289 0.114729 0.113831 0.0013673
6 0.936064 0.685429 0.112274 0.111902 0.00135477
4 0.439898 0.561191 0.112323 0.113088 0.00132746
6 0.686848 0.312868 0.111529 0.113515 0.00131645
4 0.688188 0.437603 0.112245 0.112404 0.00129929
11 0.439288 0.313118 0.112485 0.112634 0.0012989
2 0.56434 0.56116 0.113433 0.113812 0.00126993
2 0.812457 0.809078 0.112396 0.114183 0.00126139
0 0.936231 0.0647156 0.111727 0.112358 0.00126014
12 0.0665561 0.685493 0.1116 0.111987 0.00122738
10 0.687803 0.809697 0.111536 0.11229 0.00121451
1 0.439472 0.0645886 0.111868 0.112712 0.00121344
13 0.936408 0.685589 0.112939 0.113051 0.001208
6 0.439893 0.809334 0.111221 0.112355 0.00120177
2 0.813057 0.437742 0.11123 0.11296 0.00119467
0 0.564011 0.685122 0.111776 0.112765 0.00119405
1 0.687675 0.312783 0.111421 0.112212 0.00119354
11 0.688156 0.80972 0.111908 0.113275 0.00118095
2 0.563602 0.933882 0.111618 0.113251 0.00117238
6 0.43958 0.0643707 0.111877 0.112362 0.00116536
4 0.688064 0.313188 0.112121 0.11375 0.00115449
7 0.0671417 0.685449 0.113229 0.112527 0.00115119
7 0.936121 0.685392 0.110551 0.114011 0.00113905
10 0.315694 0.934037 0.111892 0.112575 0.00113237
10 0.439391 0.189212 0.110778 0.111226 0.00111431
11 0.936131 0.80995 0.11187 0.111986 0.00110816
10 0.0663844 0.0653459 0.112538 0.111307 0.00110383
8 0.563624 0.188532 0.112296 0.111722 0.00107987
5 0.688114 0.313201 0.112855 0.112384 0.00106924
10 0.0667596 0.68536 0.113666 0.112364 0.00106709
6 0.56365 0.56093 0.112453 0.112984 0.00106254
12 0.315234 0.933832 0.111507 0.112185 0.00105796
4 0.066518 0.189433 0.113154 0.111493 0.00103753
12 0.0670707 0.189165 0.113561 0.111864 0.00103632
10 0.191229 0.561176 0.1109 0.111337 0.00102633
3 0.936031 0.933762 0.112654 0.113488 0.00100988
5 0.563234 0.312781 0.112104 0.112001 0.0010004
