9 0.439441 0.934147 0.112361 0.114001 0.988715
12 0.935402 0.93407 0.114022 0.113742 0.986774
5 0.192119 0.809505 0.1103 0.112185 0.985972
10 0.315569 0.933589 0.112389 0.113784 0.985908
10 0.563551 0.933809 0.112103 0.11451 0.985542
7 0.191488 0.933886 0.111768 0.112798 0.984916
11 0.191122 0.685287 0.111179 0.112352 0.984678
10 0.439337 0.0646735 0.111528 0.113214 0.984651
9 0.563515 0.0650697 0.112039 0.11402 0.984648
5 0.191964 0.561382 0.11021 0.111507 0.984573
11 0.067133 0.809375 0.112828 0.112847 0.984552
6 0.315645 0.685333 0.11108 0.111832 0.984403
4 0.0673847 0.685731 0.112889 0.112255 0.984397
10 0.687594 0.93389 0.112402 0.114394 0.984343
9 0.0673303 0.0647122 0.113088 0.112626 0.98422
10 0.936248 0.685316 0.113403 0.11282 0.983985
10 0.936327 0.809944 0.113233 0.1124 0.983983
13 0.191498 0.313437 0.112987 0.113924 0.983795
5 0.0678955 0.561573 0.111584 0.111744 0.983521
4 0.315238 0.0647026 0.112399 0.11272 0.983016
11 0.315153 0.313466 0.112082 0.112291 0.983015
10 0.315186 0.189046 0.113101 0.112423 0.982982
5 0.81191 0.809952 0.112096 0.112605 0.982973
8 0.439375 0.80967 0.111785 0.112559 0.982824
4 0.0670244 0.934211 0.11268 0.113054 0.982804
2 0.811499 0.934117 0.112159 0.112688 0.982721
3 0.0672968 0.43767 0.112248 0.113223 0.982718
3 0.19127 0.437761 0.111515 0.113077 0.982651
5 0.0679377 0.189082 0.11254 0.112014 0.982589
3 0.0672198 0.313841 0.112406 0.113436 0.982509
7 0.43929 0.189263 0.113596 0.112504 0.98203
12 0.315105 0.809737 0.112096 0.112923 0.981663
12 0.315282 0.4372 0.111462 0.112015 0.981555
6 0.56359 0.68522 0.111677 0.11297 0.981091
10 0.439178 0.437322 0.112252 0.11199 0.981049
4 0.935508 0.0651663 0.113202 0.113276 0.980699
2 0.687951 0.0648894 0.111207 0.113163 0.980243
13 0.563397 0.437376 0.112719 0.113751 0.980161
3 0.687991 0.685491 0.11361 0.11326 0.980072
4 0.563677 0.312991 0.112525 0.113063 0.979944
1 0.687542 0.809643 0.112014 0.113092 0.979921
10 0.563535 0.188831 0.111871 0.113531 0.979882
4 0.687907 0.436943 0.112659 0.112847 0.979744
0 0.439301 0.685055 0.111742 0.112401 0.97961
1 0.439429 0.561269 0.112722 0.113231 0.97957
13 0.812023 0.561458 0.112811 0.113288 0.979456
1 0.687782 0.313137 0.112422 0.113031 0.979237
1 0.812266 0.43704 0.113182 0.112985 0.979141
7 0.687856 0.188938 0.112526 0.113716 0.979118
0 0.563609 0.809245 0.112164 0.113277 0.979028
12 0.936357 0.18858 0.112123 0.112486 0.978982
9 0.811865 0.685635 0.112097 0.11237 0.978851
2 0.563851 0.560961 0.112932 0.112871 0.978676
8 0.191125 0.0648694 0.111323 0.112107 0.97855
1 0.936325 0.561171 0.114023 0.113259 0.97847
2 0.812119 0.0648646 0.112216 0.113198 0.97821
4 0.936725 0.312822 0.113296 0.112861 0.978097
8 0.439109 0.313249 0.112377 0.112162 0.978047
3 0.811564 0.31305 0.1116 0.112048 0.977982
8 0.315147 0.561194 0.112055 0.111573 0.977817
8 0.190951 0.18919 0.112155 0.11212 0.977
8 0.688034 0.561226 0.111943 0.113309 0.976773
8 0.93628 0.436815 0.112829 0.113166 0.976709
8 0.81196 0.188687 0.112389 0.113162 0.975663
2 0.935762 0.436841 0.114037 0.113303 0.0116736
2 0.688155 0.561013 0.111397 0.111845 0.0110754
2 0.811456 0.189297 0.112933 0.113101 0.010657
2 0.315454 0.561251 0.112757 0.112813 0.00844471
2 0.191111 0.188905 0.111657 0.111889 0.00689606
6 0.936456 0.189021 0.11238 0.113476 0.006711
2 0.43975 0.313543 0.11143 0.113477 0.0064291
4 0.936118 0.809444 0.112697 0.114172 0.00634899
6 0.315531 0.809998 0.112444 0.113497 0.00578319
4 0.315382 0.18874 0.111724 0.11278 0.005734
4 0.936174 0.684823 0.112627 0.114366 0.00489681
11 0.191456 0.0646023 0.111841 0.113019 0.00477046
6 0.315513 0.437567 0.111641 0.112882 0.0045648
2 0.439375 0.80967 0.111785 0.112559 0.00384899
4 0.563821 0.189319 0.112547 0.112875 0.00380934
10 0.315906 0.313401 0.111677 0.112283 0.00370658
1 0.0667307 0.934127 0.114045 0.114384 0.00369669
13 0.439393 0.437475 0.111103 0.111952 0.00359362
2 0.19106 0.0647044 0.112313 0.113074 0.00336114
7 0.936118 0.809444 0.112697 0.114172 0.00336065
8 0.811562 0.933544 0.11251 0.113835 0.00328692
12 0.811554 0.685871 0.110665 0.112708 0.00328426
4 0.439337 0.0646735 0.111528 0.113214 0.0032133
7 0.687667 0.437441 0.111407 0.112046 0.00310255
13 0.936046 0.685387 0.111981 0.112883 0.00306108
0 0.688017 0.312514 0.112509 0.112881 0.00304664
11 0.439664 0.80972 0.112278 0.112254 0.00301167
1 0.563686 0.312988 0.112736 0.113067 0.00299647
6 0.191598 0.438044 0.112679 0.112818 0.00291186
0 0.812226 0.4365 0.113311 0.112875 0.00290251
1 0.687903 0.436776 0.112448 0.112961 0.00289565
7 0.936174 0.684823 0.112627 0.114366 0.00283966
10 0.563655 0.313386 0.11089 0.113598 0.002812
1 0.315581 0.0644243 0.112537 0.11302 0.00278775
3 0.564069 0.685116 0.111092 0.111834 0.00278567
6 0.936104 0.933912 0.11313 0.114433 0.00278102
1 0.0670586 0.685557 0.11392 0.113225 0.00276895
7 0.935583 0.0647542 0.110661 0.111589 0.00274949
3 0.811554 0.685871 0.110665 0.112708 0.00274827
0 0.688022 0.809287 0.111642 0.111446 0.00272976
5 0.811519 0.0648916 0.112701 0.112916 0.00271821
2 0.811474 0.809181 0.113303 0.112746 0.00265622
0 0.936457 0.560839 0.113298 0.112227 0.00263805
10 0.190979 0.685136 0.111302 0.112476 0.00262287
8 0.81303 0.0648236 0.109185 0.112352 0.0026176
10 0.687871 0.437359 0.11022 0.114339 0.00261732
13 0.935912 0.809663 0.111275 0.112633 0.00259697
1 0.936115 0.065113 0.112407 0.113836 0.00258478
12 0.811629 0.313294 0.11203 0.112951 0.00250136
6 0.811629 0.313294 0.11203 0.112951 0.00247154
7 0.935772 0.313073 0.110868 0.111728 0.00239947
4 0.439599 0.437743 0.113079 0.112707 0.00239628
1 0.936342 0.31302 0.112574 0.113213 0.00239476
2 0.191205 0.809275 0.111711 0.112147 0.00239356
12 0.686853 0.189468 0.110552 0.11404 0.00235337
8 0.688205 0.0646479 0.111119 0.113025 0.00235245
12 0.563538 0.0646982 0.112402 0.112455 0.00234482
2 0.688149 0.685658 0.112342 0.112157 0.00224437
13 0.315153 0.313466 0.112082 0.112291 0.00223996
11 0.191351 0.189049 0.112114 0.112718 0.00221116
5 0.191103 0.685278 0.111558 0.112445 0.00220064
6 0.0676181 0.438007 0.113709 0.113704 0.00217677
0 0.813093 0.685517 0.111719 0.111276 0.00215992
1 0.68819 0.0645403 0.112283 0.113259 0.00208441
12 0.0673203 0.0646216 0.113448 0.113214 0.00207859
10 0.0671028 0.809321 0.113449 0.113882 0.00205741
4 0.688132 0.189021 0.113543 0.113793 0.00205364
3 0.315645 0.685333 0.11108 0.111832 0.00205173
5 0.811465 0.933411 0.113318 0.113087 0.00204193
11 0.315402 0.561221 0.112489 0.112564 0.0019751
11 0.687717 0.933941 0.1128 0.114189 0.0019661
6 0.0676606 0.313782 0.112943 0.112965 0.00188959
2 0.687778 0.436978 0.111973 0.112904 0.00187854
11 0.811894 0.189229 0.112457 0.11352 0.00186734
4 0.315569 0.933589 0.112389 0.113784 0.00185005
11 0.811562 0.933544 0.11251 0.113835 0.0018345
2 0.936342 0.31302 0.112574 0.113213 0.00183172
12 0.687844 0.685239 0.111873 0.112676 0.00181093
1 0.563596 0.809334 0.112109 0.112849 0.00180339
13 0.687674 0.933934 0.111717 0.111629 0.00177503
1 0.315784 0.685432 0.111966 0.112795 0.00176923
5 0.0670337 0.80934 0.11328 0.112788 0.00175582
2 0.936115 0.065113 0.112407 0.113836 0.00175096
7 0.314936 0.0644591 0.111775 0.112619 0.00172849
2 0.688096 0.809355 0.113076 0.112783 0.0017209
10 0.936214 0.313305 0.111571 0.113315 0.00170949
1 0.812245 0.0643307 0.111412 0.113375 0.00167806
12 0.56336 0.436997 0.111732 0.112774 0.00167376
3 0.563718 0.561208 0.112575 0.11243 0.00163389
3 0.19125 0.809606 0.111738 0.112732 0.00162314
3 0.0667406 0.561305 0.114651 0.113087 0.0016108
13 0.439285 0.0644438 0.11124 0.112203 0.00161044
2 0.688027 0.313269 0.112015 0.113092 0.00160421
1 0.439443 0.685041 0.111952 0.112605 0.00158275
4 0.191577 0.933889 0.111521 0.112776 0.00157741
7 0.688277 0.933579 0.113478 0.114534 0.0015681
6 0.688149 0.685658 0.112342 0.112157 0.00155878
13 0.0670337 0.80934 0.11328 0.112788 0.00155262
1 0.563851 0.560961 0.112932 0.112871 0.00154525
9 0.191305 0.68532 0.111989 0.112137 0.00152931
12 0.439735 0.933625 0.112922 0.114399 0.00152293
4 0.439443 0.561304 0.112353 0.112755 0.0015211
10 0.93611 0.0647657 0.112467 0.113909 0.0014689
1 0.563663 0.685268 0.111779 0.113534 0.00143884
7 0.439308 0.0649254 0.111666 0.113304 0.0014345
4 0.687756 0.313399 0.112239 0.112524 0.00142368
7 0.315221 0.1891 0.112535 0.113435 0.00140362
11 0.688028 0.561117 0.112288 0.113083 0.00140261
4 0.687665 0.809639 0.112345 0.112828 0.00140154
5 0.688235 0.933303 0.112889 0.114061 0.00137092
4 0.688126 0.685319 0.112561 0.113262 0.0013639
0 0.936147 0.437049 0.111126 0.1117 0.00135254
5 0.68819 0.0645403 0.112283 0.113259 0.00130828
9 0.688149 0.685658 0.112342 0.112157 0.00130269
11 0.439109 0.313249 0.112377 0.112162 0.00126972
11 0.191096 0.313748 0.110999 0.112905 0.0012508
1 0.811437 0.313304 0.111906 0.112262 0.0012318
5 0.936401 0.685112 0.112207 0.112535 0.00122978
6 0.688105 0.188787 0.113402 0.114291 0.00122364
5 0.315428 0.313113 0.111644 0.112022 0.0012234
4 0.936457 0.560839 0.113298 0.112227 0.00122014
12 0.191924 0.438076 0.112023 0.111947 0.00121737
2 0.0679212 0.43804 0.1128 0.113002 0.00121436
11 0.935921 0.436884 0.11295 0.11295 0.00120729
0 0.43948 0.561141 0.11242 0.113377 0.00119488
3 0.812124 0.933625 0.111924 0.113505 0.00118946
7 0.56357 0.189279 0.112046 0.113018 0.00118815
3 0.315708 0.436694 0.109922 0.11265 0.00118583
10 0.0668381 0.18877 0.111845 0.112578 0.0011809
10 0.688105 0.188787 0.113402 0.114291 0.00116949
3 0.191259 0.561281 0.111837 0.112624 0.00116412
13 0.315539 0.93405 0.111935 0.111853 0.00116348
7 0.439229 0.43749 0.111755 0.112749 0.00115876
10 0.315142 0.0643982 0.1118 0.112534 0.00115743
2 0.563617 0.313188 0.110774 0.113676 0.00115683
2 0.191924 0.438076 0.112023 0.111947 0.00115656
11 0.0666787 0.188908 0.113399 0.112428 0.00113768
1 0.191533 0.437762 0.111141 0.11125 0.00112149
9 0.563814 0.436742 0.110414 0.112843 0.00111657
3 0.315764 0.809841 0.113272 0.112811 0.00111231
7 0.0666261 0.685399 0.112117 0.112826 0.00111036
6 0.0667547 0.933816 0.11377 0.113682 0.00110774
5 0.936227 0.809904 0.111498 0.111848 0.0010964
7 0.315458 0.933481 0.112967 0.113342 0.00109303
6 0.688096 0.809355 0.113076 0.112783 0.00107624
0 0.563578 0.0647094 0.112194 0.112051 0.00106626
3 0.811519 0.809376 0.112966 0.112431 0.0010617
13 0.191122 0.685287 0.111179 0.112352 0.00105883
7 0.0664392 0.933602 0.112643 0.113079 0.00105652
12 0.315142 0.0643982 0.1118 0.112534 0.00104859
11 0.563483 0.933833 0.112217 0.113427 0.00104528
1 0.811966 0.93345 0.11269 0.113062 0.00104171
7 0.56326 0.312926 0.111535 0.112122 0.0010402
5 0.563662 0.561524 0.113156 0.112145 0.00103355
0 0.688158 0.561392 0.111944 0.113036 0.00102777
4 0.81237 0.437415 0.112216 0.11339 0.00102476
7 0.56383 0.933386 0.113068 0.113508 0.00102465
2 0.0670586 0.685557 0.11392 0.113225 0.00101786
4 0.688277 0.933579 0.113478 0.114534 0.00101168
