11 0.315164 0.809046 0.112232 0.112225 0.985064
2 0.314713 0.684946 0.114934 0.111194 0.984557
3 0.190742 0.80874 0.113233 0.110816 0.984308
11 0.688308 0.933916 0.112301 0.111445 0.984208
12 0.191131 0.684902 0.109927 0.111115 0.983963
8 0.562501 0.0656312 0.111644 0.110505 0.983792
3 0.0673091 0.562242 0.111667 0.11013 0.983752
6 0.439249 0.933243 0.111188 0.112264 0.983595
7 0.191171 0.313551 0.113089 0.111596 0.98348
9 0.191089 0.064308 0.111896 0.109736 0.983341
2 0.189949 0.9344 0.112695 0.11047 0.983099
3 0.191557 0.562014 0.109032 0.108616 0.983095
13 0.0666118 0.313893 0.112022 0.110079 0.982465
12 0.0672081 0.684909 0.111546 0.110626 0.982447
10 0.563226 0.934075 0.112734 0.111986 0.982388
11 0.0664267 0.437418 0.113963 0.115058 0.982111
10 0.191535 0.437675 0.112887 0.114309 0.981905
0 0.44013 0.684251 0.111946 0.112949 0.981905
10 0.564056 0.8091 0.109514 0.111308 0.98183
11 0.0663804 0.0648253 0.112731 0.111833 0.981617
11 0.315671 0.313235 0.11228 0.114801 0.981303
4 0.440252 0.809354 0.112012 0.112401 0.981139
2 0.191059 0.188212 0.112125 0.114475 0.981001
11 0.315253 0.561171 0.112979 0.114199 0.980707
1 0.31601 0.437176 0.112422 0.110621 0.980632
2 0.811635 0.934373 0.111408 0.109535 0.980027
7 0.067372 0.934162 0.112502 0.110891 0.979625
10 0.688077 0.684883 0.111386 0.112968 0.979384
8 0.314526 0.0647323 0.112072 0.109923 0.979347
13 0.439593 0.188469 0.114118 0.11241 0.979294
4 0.563809 0.560903 0.112338 0.112024 0.979181
10 0.439306 0.437144 0.111201 0.112007 0.97913
1 0.315363 0.933506 0.115812 0.113378 0.979024
13 0.812385 0.685443 0.112605 0.110655 0.978749
10 0.936526 0.685091 0.109801 0.110441 0.978668
0 0.0660874 0.810029 0.112214 0.117051 0.978592
4 0.688619 0.437574 0.11228 0.11173 0.978345
0 0.813342 0.809345 0.112202 0.113582 0.978241
12 0.564044 0.437098 0.112604 0.1113 0.978121
13 0.812479 0.0643177 0.111812 0.11017 0.978116
5 0.93667 0.188 0.111868 0.11381 0.978068
5 0.936863 0.436335 0.111562 0.114672 0.978025
0 0.687471 0.187899 0.114172 0.114767 0.977934
1 0.0666479 0.188216 0.112618 0.11701 0.977894
7 0.688334 0.561535 0.113291 0.109903 0.97779
1 0.564356 0.686115 0.11202 0.111676 0.977691
2 0.563542 0.313107 0.112474 0.112831 0.977517
4 0.936666 0.0639661 0.11278 0.11118 0.977472
1 0.439006 0.312983 0.112009 0.112573 0.97736
2 0.314384 0.188022 0.111399 0.112074 0.97735
11 0.687414 0.0639813 0.113554 0.110561 0.97727
10 0.688075 0.313809 0.112334 0.112217 0.977214
1 0.440105 0.560892 0.111447 0.112193 0.977154
1 0.688328 0.81063 0.112661 0.113283 0.976857
2 0.936743 0.561743 0.110188 0.112124 0.976848
0 0.814206 0.561932 0.11163 0.112028 0.976755
8 0.93616 0.31208 0.111703 0.112422 0.976367
0 0.93552 0.933172 0.109951 0.110489 0.976327
1 0.813318 0.437588 0.111005 0.112745 0.976172
1 0.563254 0.188668 0.110864 0.112089 0.975936
1 0.439894 0.064075 0.114168 0.110211 0.975727
0 0.812897 0.312597 0.11082 0.112822 0.975523
1 0.812696 0.187937 0.114202 0.113277 0.975214
1 0.936728 0.809046 0.108671 0.112243 0.974677
8 0.811576 0.933607 0.111919 0.109026 0.0152187
8 0.689139 0.933594 0.115335 0.111015 0.00995109
2 0.31458 0.0638704 0.111623 0.110583 0.00868974
10 0.935776 0.1878 0.111597 0.112888 0.00780609
10 0.936029 0.43631 0.111754 0.113545 0.00646918
9 0.935902 0.685361 0.109404 0.109004 0.00636745
12 0.8115 0.685539 0.111476 0.109442 0.00629371
2 0.936182 0.311432 0.11293 0.114902 0.00622482
1 0.936581 0.0648649 0.112539 0.11126 0.00514309
2 0.562072 0.0650897 0.110249 0.111164 0.0048659
6 0.564079 0.436544 0.111631 0.112089 0.00476436
10 0.191246 0.313315 0.114444 0.111614 0.00464317
11 0.19135 0.437887 0.112945 0.113232 0.00428221
1 0.935823 0.93336 0.108906 0.110452 0.0040664
8 0.315066 0.6853 0.112712 0.111116 0.00361266
8 0.190227 0.934526 0.110989 0.110338 0.0034999
1 0.563645 0.560946 0.111951 0.111513 0.00341774
8 0.563554 0.313364 0.113451 0.11388 0.00341099
0 0.812839 0.186529 0.114068 0.112716 0.00338832
8 0.935723 0.561371 0.111213 0.110538 0.00329353
1 0.688578 0.437553 0.112241 0.112302 0.00324027
11 0.0663065 0.313724 0.112844 0.108746 0.00323308
0 0.56333 0.0650646 0.110883 0.112383 0.00311686
10 0.0669746 0.436068 0.112424 0.11816 0.00304143
1 0.440148 0.80926 0.110929 0.111406 0.00294404
10 0.686475 0.0636096 0.113562 0.111981 0.00290047
11 0.81209 0.0651438 0.113385 0.11125 0.00283177
13 0.936473 0.685182 0.10927 0.109427 0.00277331
9 0.688276 0.313952 0.111681 0.110747 0.00273144
7 0.688424 0.31399 0.112989 0.113803 0.00270026
0 0.688382 0.810816 0.113571 0.114481 0.00269215
1 0.813419 0.933545 0.113932 0.111008 0.00250612
4 0.191476 0.313286 0.113729 0.110937 0.00249984
11 0.936396 0.436549 0.109343 0.113324 0.00247232
0 0.813804 0.437344 0.109741 0.113728 0.00247164
8 0.315253 0.561171 0.112979 0.114199 0.00245109
3 0.43944 0.933495 0.111476 0.112069 0.00242784
7 0.688585 0.438077 0.111017 0.111588 0.00242727
0 0.43926 0.313655 0.112729 0.113098 0.00233274
0 0.56355 0.188695 0.110626 0.112883 0.00232421
5 0.936218 0.561702 0.108813 0.11144 0.00229281
8 0.688245 0.06412 0.114288 0.111825 0.00226772
12 0.81156 0.0643102 0.111422 0.111395 0.00224909
0 0.0667409 0.189022 0.112607 0.116456 0.00224636
9 0.935579 0.312847 0.113236 0.11138 0.00224193
0 0.936221 0.810316 0.108771 0.113786 0.00223383
11 0.936369 0.188001 0.110065 0.113567 0.00222026
8 0.315691 0.313886 0.112691 0.115245 0.00221947
13 0.191613 0.438376 0.112126 0.115636 0.00215848
1 0.812609 0.311639 0.110917 0.112105 0.00215087
0 0.440004 0.0645871 0.113505 0.111389 0.00213973
13 0.0664267 0.437418 0.113963 0.115058 0.00206728
0 0.935227 0.313198 0.109502 0.112051 0.00205539
13 0.191131 0.684902 0.109927 0.111115 0.0020168
8 0.315234 0.809512 0.112429 0.113221 0.00199444
13 0.688346 0.685299 0.110963 0.111633 0.00196551
7 0.563727 0.561107 0.112136 0.112103 0.0019538
10 0.0663065 0.313724 0.112844 0.108746 0.0019283
0 0.439596 0.560907 0.112276 0.113743 0.00186777
13 0.315253 0.561171 0.112979 0.114199 0.00186772
0 0.315224 0.436584 0.11364 0.110179 0.00184759
0 0.191216 0.0645329 0.112766 0.111933 0.00182321
8 0.0663916 0.438143 0.115263 0.115401 0.00182286
9 0.563845 0.809556 0.111337 0.112623 0.0017922
4 0.0662787 0.934595 0.113475 0.112374 0.0017884
1 0.314132 0.188782 0.110781 0.110776 0.00177778
0 0.564159 0.68465 0.112298 0.112637 0.00175734
2 0.0667056 0.561084 0.11475 0.109384 0.00174968
7 0.936069 0.0649575 0.112454 0.110977 0.00173815
1 0.563342 0.313611 0.113136 0.1119 0.00172213
8 0.191313 0.0644918 0.112384 0.111282 0.00169625
7 0.68836 0.684918 0.110938 0.113324 0.00169376
12 0.439607 0.188541 0.112315 0.112331 0.00169093
13 0.439173 0.43724 0.110583 0.110397 0.00166597
4 0.68836 0.684918 0.110938 0.113324 0.00166267
8 0.314122 0.189097 0.111236 0.111571 0.00166141
13 0.0672081 0.684909 0.111546 0.110626 0.00165973
5 0.688365 0.313639 0.113315 0.11216 0.0016533
11 0.812188 0.685045 0.113522 0.110607 0.00159377
9 0.686351 0.0636492 0.113766 0.110852 0.00158159
9 0.686984 0.188933 0.112776 0.115624 0.00157893
9 0.0667003 0.436318 0.113388 0.116603 0.00156249
13 0.68865 0.933688 0.11235 0.112522 0.00156249
5 0.0674854 0.561593 0.111593 0.108759 0.00156131
11 0.935965 0.684805 0.111207 0.109433 0.00154557
3 0.936755 0.435815 0.1116 0.115164 0.00154413
10 0.0666271 0.684124 0.111618 0.10965 0.00153588
3 0.564296 0.436675 0.111219 0.113655 0.00152706
13 0.0661908 0.0645944 0.113228 0.111339 0.00152656
7 0.563802 0.933889 0.114707 0.112828 0.00152625
1 0.191108 0.188844 0.111673 0.112267 0.00150971
9 0.191513 0.437917 0.112779 0.113061 0.00150241
9 0.687811 0.685593 0.11001 0.111437 0.00148284
11 0.935728 0.312625 0.112029 0.11209 0.00148133
11 0.686627 0.314 0.112086 0.111063 0.00147171
8 0.190951 0.188936 0.111275 0.112567 0.00146872
0 0.315568 0.933745 0.113513 0.112125 0.0014544
10 0.812107 0.0649732 0.110326 0.109717 0.00144215
10 0.564247 0.437589 0.11206 0.111563 0.00143422
1 0.936558 0.561187 0.110379 0.115439 0.00142821
5 0.19174 0.561425 0.108732 0.107794 0.00140679
12 0.191588 0.562253 0.109875 0.109861 0.00140195
6 0.688585 0.438077 0.111017 0.111588 0.00140164
11 0.562072 0.0650897 0.110249 0.111164 0.00139929
10 0.811994 0.685331 0.112421 0.111329 0.00139106
0 0.315223 0.0645204 0.111537 0.110901 0.00137858
5 0.563719 0.93375 0.113949 0.112315 0.00136762
10 0.191012 0.684311 0.11043 0.110305 0.00134929
1 0.191282 0.809571 0.112045 0.112724 0.00134184
10 0.68865 0.933688 0.11235 0.112522 0.00133947
2 0.936581 0.0648649 0.112539 0.11126 0.00133157
5 0.688303 0.684716 0.110674 0.113031 0.00130891
1 0.0657087 0.808982 0.113076 0.115741 0.00130834
4 0.688424 0.31399 0.112989 0.113803 0.00129903
7 0.44037 0.809437 0.111457 0.111794 0.00129898
2 0.190742 0.80874 0.113233 0.110816 0.00129327
8 0.688124 0.187917 0.112328 0.115311 0.00128825
6 0.563776 0.561287 0.112577 0.111617 0.00128765
1 0.0669516 0.561866 0.112595 0.112129 0.00127752
7 0.439445 0.436483 0.110409 0.114571 0.00126249
1 0.190617 0.934353 0.112032 0.110379 0.001251
1 0.315372 0.684881 0.113818 0.111423 0.00123123
7 0.564036 0.436509 0.11251 0.112187 0.0012272
6 0.688531 0.561045 0.112072 0.110609 0.00122202
9 0.0678058 0.561147 0.11305 0.112517 0.00121882
4 0.315136 0.933658 0.11464 0.11289 0.00121758
12 0.19122 0.437669 0.112979 0.112799 0.00121239
10 0.688632 0.438324 0.11177 0.112012 0.00120556
12 0.935965 0.684805 0.111207 0.109433 0.00119334
11 0.439318 0.18895 0.11302 0.112339 0.00118159
13 0.315234 0.809512 0.112429 0.113221 0.00117941
4 0.688348 0.561778 0.113714 0.111365 0.00116894
12 0.190855 0.809856 0.112496 0.11311 0.00116893
13 0.688199 0.313471 0.111645 0.111361 0.0011652
4 0.564309 0.686131 0.112755 0.112687 0.00116239
13 0.315758 0.313642 0.112018 0.113927 0.00114405
10 0.0661908 0.0645944 0.113228 0.111339 0.00112997
1 0.440648 0.93419 0.111537 0.113227 0.00112799
9 0.439378 0.437302 0.11188 0.111969 0.00112352
6 0.936069 0.0649575 0.112454 0.110977 0.00110612
7 0.191308 0.438371 0.112897 0.115754 0.00110333
8 0.813612 0.809668 0.112269 0.113827 0.00109215
12 0.0664852 0.313354 0.110746 0.110029 0.00106828
7 0.563819 0.809333 0.110138 0.112121 0.00105125
2 0.936329 0.187598 0.110571 0.114007 0.00104471
13 0.563273 0.93411 0.112464 0.11193 0.00104424
12 0.439467 0.436952 0.110367 0.111145 0.00103522
4 0.563826 0.436802 0.112828 0.111741 0.00102451
10 0.688672 0.561621 0.114958 0.112116 0.00102132
1 0.191472 0.561782 0.110241 0.110444 0.00100269
9 0.440107 0.684324 0.112572 0.113568 0.00100239
