9 0.935588 0.933831 0.112396 0.113266 0.986341
7 0.564092 0.809349 0.111491 0.112656 0.986314
13 0.687963 0.933757 0.112345 0.114063 0.985547
5 0.439392 0.934449 0.111422 0.112925 0.985363
5 0.191699 0.685614 0.110808 0.112284 0.985005
7 0.0669309 0.313452 0.11284 0.112922 0.984897
6 0.0671546 0.809682 0.112664 0.112971 0.984711
8 0.563515 0.065472 0.112082 0.112504 0.984414
12 0.315736 0.561636 0.111496 0.112739 0.984324
8 0.315425 0.809854 0.112403 0.112177 0.984132
1 0.315687 0.933994 0.112425 0.113046 0.983871
12 0.811955 0.934126 0.111015 0.112994 0.983814
9 0.0666605 0.437109 0.113715 0.113559 0.983739
1 0.563849 0.933991 0.111895 0.113535 0.98367
10 0.191685 0.933426 0.111414 0.113092 0.98341
13 0.687918 0.809669 0.11176 0.113546 0.983221
13 0.315401 0.313803 0.112412 0.113226 0.983077
13 0.06694 0.68585 0.112446 0.112473 0.982916
9 0.191295 0.561513 0.11239 0.113058 0.982724
12 0.935984 0.0654022 0.112617 0.113886 0.98269
1 0.191189 0.809597 0.111566 0.112413 0.982352
1 0.315298 0.685403 0.111631 0.111708 0.982334
6 0.315934 0.0641465 0.111105 0.113086 0.982108
9 0.811902 0.809738 0.111919 0.113703 0.982098
5 0.315479 0.189546 0.111964 0.112795 0.982034
1 0.936617 0.809369 0.112596 0.112239 0.981636
1 0.0666289 0.934057 0.112429 0.113398 0.981593
11 0.0668059 0.0645519 0.112537 0.113044 0.981582
1 0.439856 0.809796 0.111793 0.113012 0.98121
1 0.191069 0.313121 0.111968 0.111974 0.98121
1 0.0666367 0.189034 0.112592 0.112759 0.981194
2 0.314846 0.43694 0.111519 0.113057 0.981184
3 0.563505 0.189554 0.111783 0.113302 0.981141
1 0.190861 0.0643331 0.111983 0.113616 0.980999
6 0.439461 0.189081 0.113661 0.113036 0.980644
0 0.191076 0.437338 0.111969 0.111783 0.980607
2 0.811782 0.0653149 0.112144 0.112761 0.980523
8 0.190657 0.189682 0.11243 0.111904 0.98018
10 0.439451 0.437264 0.111891 0.113113 0.980007
9 0.935867 0.68547 0.112386 0.113025 0.979458
8 0.439472 0.561034 0.112076 0.112673 0.979322
10 0.812052 0.188891 0.111964 0.113223 0.979243
6 0.688112 0.561365 0.112405 0.113159 0.979135
6 0.812525 0.561289 0.112588 0.112982 0.979048
1 0.56397 0.685186 0.110966 0.112254 0.979017
12 0.439743 0.313056 0.112498 0.113522 0.978909
0 0.563625 0.561252 0.111765 0.113372 0.978792
1 0.439362 0.0647296 0.111906 0.113834 0.978784
8 0.812152 0.685399 0.112124 0.112625 0.978617
1 0.687717 0.064459 0.111839 0.113709 0.978569
13 0.936157 0.313275 0.113519 0.113088 0.97856
11 0.687451 0.437039 0.112363 0.113296 0.97852
0 0.811925 0.31298 0.112338 0.112565 0.978337
2 0.687543 0.312904 0.111237 0.111271 0.978324
0 0.687848 0.685256 0.112259 0.112523 0.978305
4 0.936631 0.436969 0.113658 0.11374 0.978305
7 0.812086 0.437183 0.112395 0.113533 0.978239
0 0.687648 0.188757 0.112119 0.112964 0.978203
8 0.563645 0.437003 0.111543 0.113528 0.978094
0 0.439561 0.685047 0.112343 0.113455 0.978072
0 0.935804 0.188943 0.113029 0.111734 0.97794
4 0.936886 0.56128 0.113139 0.113049 0.977914
8 0.563391 0.313461 0.111365 0.111389 0.976928
0 0.0675633 0.561311 0.113114 0.111512 0.969777
1 0.0666031 0.561214 0.114363 0.112387 0.0887573
3 0.687716 0.314156 0.112203 0.112119 0.0187961
10 0.686736 0.437125 0.111159 0.111987 0.0126056
3 0.811753 0.0655474 0.112897 0.112786 0.00948929
10 0.439379 0.933761 0.111156 0.111345 0.00882047
3 0.315241 0.437805 0.112424 0.112932 0.00552717
12 0.811396 0.437011 0.111984 0.113229 0.005514
0 0.688125 0.0636161 0.111636 0.11332 0.00514665
5 0.811698 0.190005 0.112226 0.112497 0.0045197
9 0.563712 0.313855 0.113128 0.113012 0.00430133
2 0.563432 0.436792 0.110349 0.11402 0.00429562
8 0.688093 0.313392 0.111213 0.113991 0.00378709
0 0.813155 0.80982 0.112809 0.111692 0.00361441
9 0.563543 0.437417 0.112171 0.112705 0.00350074
1 0.936429 0.437144 0.114366 0.114011 0.00348638
2 0.563854 0.0647181 0.111758 0.11368 0.00342233
9 0.813189 0.933388 0.109505 0.11267 0.00321042
2 0.439934 0.561171 0.112139 0.112908 0.00316011
11 0.315998 0.809633 0.111576 0.112778 0.00285302
12 0.688249 0.809563 0.11228 0.11326 0.00280066
1 0.936782 0.561432 0.113391 0.113386 0.00279874
2 0.812152 0.685399 0.112124 0.112625 0.00269135
1 0.563872 0.560979 0.111859 0.113042 0.0025725
10 0.0672138 0.313425 0.113651 0.114321 0.00256382
3 0.812496 0.561106 0.112631 0.113522 0.00252001
11 0.563854 0.0647181 0.111758 0.11368 0.00249422
0 0.439416 0.0641035 0.111683 0.113998 0.00246187
0 0.190861 0.0643331 0.111983 0.113616 0.0024197
9 0.687266 0.437591 0.111052 0.111687 0.00238567
11 0.439711 0.560922 0.110867 0.113518 0.00238334
3 0.687799 0.560966 0.111977 0.113051 0.00238053
11 0.812399 0.685455 0.111604 0.113025 0.00236728
4 0.812079 0.189614 0.111639 0.112616 0.00235888
10 0.19075 0.685214 0.11115 0.111699 0.00234074
0 0.813223 0.933169 0.110233 0.111911 0.0023404
2 0.688084 0.0646483 0.110036 0.112175 0.00233709
0 0.936731 0.809336 0.111853 0.112661 0.00231395
11 0.563389 0.436642 0.110843 0.113086 0.00227734
10 0.812247 0.93359 0.11022 0.113385 0.00221618
6 0.439501 0.31317 0.111587 0.113151 0.00204709
1 0.812019 0.312747 0.111977 0.113484 0.00203549
8 0.688041 0.437222 0.113255 0.114553 0.00202273
5 0.811498 0.0645485 0.112548 0.112857 0.00200406
7 0.0669668 0.685137 0.113207 0.11433 0.00200221
1 0.688019 0.684935 0.112115 0.112126 0.00198661
9 0.812449 0.685258 0.112932 0.114029 0.00195433
0 0.066398 0.188843 0.111642 0.11219 0.00194575
10 0.315031 0.189169 0.113273 0.112216 0.00194078
8 0.813015 0.065117 0.109825 0.112192 0.0019219
11 0.191123 0.188563 0.112147 0.112196 0.00188147
8 0.811499 0.810171 0.111682 0.112891 0.00186408
7 0.439239 0.43738 0.111202 0.112421 0.00185465
12 0.315347 0.312996 0.112244 0.11294 0.00184156
9 0.563969 0.0654191 0.112379 0.112955 0.0018328
0 0.0671971 0.436561 0.110876 0.115654 0.00182463
0 0.563695 0.933647 0.110851 0.111877 0.00182277
0 0.191115 0.313281 0.110773 0.112612 0.00181915
2 0.315934 0.809873 0.112405 0.112898 0.0017904
11 0.564032 0.313044 0.112593 0.113096 0.00176765
13 0.439385 0.437544 0.111632 0.111301 0.00176743
10 0.687644 0.933733 0.112655 0.114161 0.00175768
11 0.439404 0.93364 0.111207 0.111106 0.0017474
6 0.935635 0.437828 0.112168 0.11253 0.00174048
12 0.936014 0.68596 0.111302 0.114045 0.00173737
0 0.315746 0.933877 0.11164 0.113409 0.00173402
7 0.937013 0.436451 0.112707 0.113031 0.00172807
7 0.936809 0.561696 0.112413 0.113013 0.00165715
1 0.688086 0.313151 0.113238 0.114457 0.00163277
6 0.812459 0.437923 0.110118 0.113215 0.00162589
0 0.935867 0.68547 0.112386 0.113025 0.00161081
4 0.0672075 0.313387 0.112951 0.113559 0.0015911
4 0.439239 0.43738 0.111202 0.112421 0.00158112
3 0.811631 0.933318 0.111761 0.111831 0.00156234
1 0.19105 0.437105 0.112331 0.112509 0.00156088
12 0.935867 0.934053 0.111964 0.11366 0.00152666
2 0.563531 0.314033 0.112603 0.113732 0.00152605
3 0.936014 0.68596 0.111302 0.114045 0.00152453
0 0.191136 0.809551 0.112053 0.11293 0.00152336
10 0.0673638 0.0647269 0.112154 0.112257 0.00149709
2 0.936782 0.561432 0.113391 0.113386 0.00148355
1 0.687543 0.189036 0.112184 0.112681 0.0014809
7 0.191716 0.93314 0.112752 0.113252 0.00146871
11 0.935825 0.933671 0.112088 0.114205 0.00146346
1 0.811498 0.0645485 0.112548 0.112857 0.00145635
5 0.686877 0.31345 0.113315 0.112071 0.00143655
4 0.936617 0.809369 0.112596 0.112239 0.0014365
9 0.190657 0.189682 0.11243 0.111904 0.00142498
13 0.191672 0.93354 0.111933 0.111405 0.0013879
7 0.687918 0.809669 0.11176 0.113546 0.00138668
0 0.439909 0.809695 0.111607 0.113057 0.00137136
1 0.688265 0.561277 0.110847 0.114264 0.00136961
4 0.563771 0.809203 0.112159 0.113173 0.00136666
4 0.56408 0.685262 0.110712 0.11122 0.001357
3 0.936714 0.561406 0.113108 0.11284 0.00135379
0 0.564116 0.685092 0.110793 0.111775 0.00134537
0 0.191841 0.561055 0.110368 0.113899 0.00133525
12 0.563718 0.188879 0.111389 0.112757 0.00133269
9 0.688276 0.932927 0.113478 0.11364 0.00130052
2 0.936429 0.437144 0.114366 0.114011 0.00129322
3 0.439103 0.188977 0.111621 0.113229 0.00126453
9 0.315699 0.809445 0.112084 0.113226 0.00126446
10 0.935772 0.933617 0.113206 0.114239 0.00125388
6 0.315736 0.561544 0.111928 0.11308 0.00123831
6 0.936714 0.561406 0.113108 0.11284 0.00123532
4 0.439797 0.809748 0.111396 0.112525 0.00122788
8 0.68802 0.188318 0.112928 0.114037 0.00121828
9 0.688123 0.684879 0.11387 0.113185 0.00121813
13 0.8115 0.189006 0.111965 0.112581 0.00121528
4 0.315346 0.685127 0.111817 0.112269 0.00121394
7 0.688217 0.561101 0.111453 0.113152 0.00120838
4 0.812732 0.436473 0.110862 0.112576 0.00119596
1 0.31531 0.43685 0.111932 0.113865 0.00119498
0 0.0666839 0.934003 0.113474 0.113643 0.00118642
3 0.315243 0.0642 0.11122 0.113156 0.0011852
8 0.191841 0.561055 0.110368 0.113899 0.00117118
9 0.439781 0.685112 0.112119 0.113169 0.00116246
0 0.935588 0.933831 0.112396 0.113266 0.00116201
0 0.562779 0.437995 0.110383 0.113764 0.00112519
12 0.935963 0.313287 0.112258 0.113848 0.0011182
5 0.687798 0.437539 0.112118 0.11226 0.001114
5 0.315015 0.436719 0.111315 0.114179 0.00111249
5 0.936084 0.561719 0.112125 0.112711 0.00110951
2 0.811846 0.809599 0.11138 0.111859 0.00109999
11 0.811443 0.810079 0.113079 0.113074 0.00109688
0 0.315346 0.685127 0.111817 0.112269 0.00109076
12 0.813108 0.809945 0.111643 0.112812 0.00107976
9 0.935907 0.189284 0.112623 0.112785 0.00106818
11 0.688308 0.93291 0.114672 0.113679 0.00106439
13 0.811436 0.436776 0.111282 0.113386 0.00105117
12 0.0675743 0.436466 0.110844 0.115358 0.00104535
11 0.191499 0.561293 0.11157 0.111246 0.00104319
2 0.191023 0.189629 0.112698 0.113044 0.00103938
12 0.686785 0.933148 0.1125 0.110583 0.00103232
2 0.563832 0.933327 0.11171 0.112361 0.00101828
11 0.439204 0.438064 0.11245 0.113002 0.00101382
3 0.315709 0.561159 0.111946 0.113822 0.00100632
1 0.439669 0.685187 0.111415 0.112462 0.0010039
1 0.811472 0.561187 0.111524 0.113331 0.00100364
4 0.563683 0.933798 0.110806 0.112444 0.00100266
4 0.0666839 0.934003 0.113474 0.113643 0.0010022
3 0.811462 0.810566 0.111574 0.112421 0.00100101
