3 0.439799 0.809069 0.113589 0.112579 0.986214
7 0.0664424 0.43836 0.11307 0.112961 0.984888
13 0.31544 0.809055 0.112176 0.112443 0.984885
7 0.439473 0.0651449 0.112507 0.110432 0.984837
4 0.191409 0.685226 0.111457 0.113231 0.98479
5 0.439441 0.933985 0.110105 0.110744 0.984777
9 0.811755 0.685092 0.112458 0.111012 0.984499
11 0.190992 0.810408 0.112179 0.111711 0.983749
13 0.687628 0.808934 0.112825 0.112405 0.983716
3 0.81157 0.80926 0.113146 0.112326 0.983686
10 0.440915 0.68527 0.110717 0.111919 0.983589
7 0.563581 0.684022 0.110923 0.110909 0.983586
10 0.190627 0.933816 0.111708 0.111803 0.98348
11 0.315342 0.562129 0.11222 0.112941 0.983272
7 0.191297 0.562373 0.110831 0.110342 0.983189
11 0.563985 0.809094 0.110379 0.11244 0.982913
10 0.315303 0.933936 0.113273 0.112109 0.98289
5 0.812102 0.0655679 0.1111 0.110432 0.982882
3 0.0661664 0.0645727 0.111191 0.111729 0.982635
11 0.190579 0.064099 0.112612 0.110417 0.982266
5 0.191177 0.189612 0.111068 0.111963 0.982246
6 0.0665129 0.313926 0.113252 0.111698 0.982178
11 0.191044 0.438331 0.11256 0.113232 0.98209
0 0.935425 0.933032 0.111014 0.111447 0.981996
7 0.812589 0.934148 0.113323 0.112048 0.981813
12 0.563438 0.0653505 0.11131 0.111908 0.981621
11 0.315641 0.314261 0.111883 0.112581 0.981494
2 0.191118 0.312677 0.112419 0.111697 0.981469
10 0.440053 0.561609 0.112408 0.110883 0.981408
3 0.935673 0.808593 0.111712 0.111123 0.980857
7 0.0669412 0.809148 0.110865 0.112445 0.980706
10 0.43975 0.188578 0.114907 0.112971 0.980596
6 0.315785 0.43719 0.112106 0.110596 0.980405
1 0.0673484 0.933416 0.113699 0.113648 0.980369
9 0.687437 0.18854 0.112593 0.112485 0.979893
7 0.93604 0.0650668 0.113565 0.11182 0.979479
1 0.0675225 0.684622 0.114143 0.113841 0.979304
13 0.314465 0.188804 0.112239 0.112814 0.979162
9 0.688317 0.437519 0.111904 0.111701 0.979111
8 0.0672754 0.561718 0.110687 0.111728 0.978924
4 0.688371 0.561087 0.113324 0.111944 0.978907
1 0.066775 0.188124 0.113177 0.116195 0.978839
13 0.936174 0.561211 0.111435 0.112131 0.978736
12 0.563903 0.312906 0.112921 0.112274 0.978408
8 0.688564 0.934117 0.113115 0.114824 0.978395
13 0.936544 0.312255 0.112898 0.112236 0.978206
12 0.936785 0.684545 0.11129 0.11185 0.978192
9 0.812123 0.437414 0.111478 0.112527 0.977984
3 0.687416 0.0649774 0.112584 0.111903 0.977931
2 0.439738 0.437084 0.111538 0.114476 0.977839
8 0.563844 0.934436 0.112897 0.113964 0.977835
2 0.563407 0.18881 0.111094 0.112407 0.977676
1 0.439508 0.312561 0.111514 0.11148 0.977671
8 0.316261 0.685194 0.113586 0.111631 0.97753
0 0.68807 0.684959 0.112513 0.113677 0.977453
3 0.8124 0.5619 0.11128 0.112505 0.977209
5 0.936762 0.187997 0.112094 0.112865 0.977136
1 0.5647 0.437801 0.112512 0.11262 0.977118
2 0.812433 0.312693 0.111743 0.113805 0.977068
0 0.5645 0.56111 0.111679 0.112045 0.976987
2 0.687974 0.312893 0.112403 0.112343 0.976969
0 0.936633 0.436577 0.110238 0.113131 0.976806
0 0.314595 0.0639785 0.112571 0.111887 0.976465
1 0.81233 0.188211 0.113535 0.112645 0.976268
13 0.439996 0.188526 0.11357 0.112359 0.0157601
2 0.0670361 0.56114 0.111901 0.114148 0.00994584
2 0.315522 0.685397 0.111985 0.110609 0.00876505
0 0.688205 0.437615 0.1118 0.114028 0.00630934
12 0.811595 0.934289 0.112723 0.111011 0.00570868
3 0.81147 0.437568 0.109903 0.111806 0.00514994
3 0.811491 0.685176 0.110081 0.11113 0.0049669
5 0.811613 0.312738 0.111241 0.112917 0.004399
7 0.191477 0.685221 0.111612 0.112793 0.00429242
7 0.687978 0.560762 0.111985 0.111658 0.00425597
1 0.439171 0.438036 0.110668 0.11205 0.00422967
2 0.81315 0.562483 0.111171 0.111111 0.00419673
7 0.936744 0.311324 0.111731 0.113554 0.00400311
1 0.688235 0.312983 0.114128 0.113728 0.00400231
8 0.688205 0.437615 0.1118 0.114028 0.00394903
3 0.686525 0.188862 0.11167 0.113524 0.00380892
1 0.191423 0.313371 0.113009 0.113249 0.00374737
1 0.688565 0.560839 0.112634 0.112174 0.00360343
1 0.811968 0.313419 0.111281 0.114216 0.0035564
10 0.191042 0.438076 0.11225 0.113347 0.00354867
12 0.811491 0.685176 0.110081 0.11113 0.00337059
12 0.686592 0.809539 0.112054 0.111277 0.00330254
1 0.935965 0.933065 0.109694 0.111547 0.00321028
0 0.812668 0.186505 0.114535 0.112441 0.00315833
0 0.813155 0.685576 0.113247 0.111889 0.00310058
11 0.811557 0.0646014 0.111099 0.110608 0.00308007
2 0.688283 0.933706 0.112665 0.11216 0.00307731
12 0.686525 0.188862 0.11167 0.113524 0.00295543
2 0.68824 0.064865 0.112729 0.110847 0.00292591
9 0.935672 0.80941 0.110202 0.111539 0.0028172
9 0.68824 0.064865 0.112729 0.110847 0.00272162
2 0.563435 0.934108 0.112271 0.110907 0.00269758
2 0.813202 0.0645717 0.113027 0.112887 0.00268661
0 0.81316 0.437521 0.112288 0.113556 0.00261319
11 0.19101 0.189371 0.111373 0.111332 0.00256819
12 0.81147 0.437568 0.109903 0.111806 0.00256723
13 0.4408 0.685169 0.11194 0.111215 0.00254516
8 0.688247 0.313198 0.11342 0.113769 0.00250512
5 0.563838 0.80913 0.11145 0.112684 0.00240237
2 0.0663427 0.68375 0.114459 0.113222 0.00232264
2 0.813125 0.810082 0.111766 0.109896 0.00229891
1 0.191468 0.684705 0.112099 0.113247 0.00227645
12 0.935956 0.064667 0.112068 0.111398 0.00227471
3 0.315027 0.438059 0.111307 0.110188 0.00224101
10 0.439674 0.934325 0.110885 0.110436 0.00222833
0 0.438856 0.311241 0.112542 0.112018 0.00218082
7 0.439816 0.188586 0.114109 0.113437 0.00211031
9 0.811842 0.809689 0.111389 0.113078 0.00209008
12 0.688138 0.438145 0.112139 0.113555 0.00204841
10 0.06671 0.438433 0.113188 0.114472 0.00204436
3 0.688446 0.436649 0.112477 0.112581 0.00201884
0 0.0670217 0.188994 0.113571 0.116314 0.00201528
2 0.0664348 0.933034 0.113666 0.114589 0.0020093
4 0.812876 0.933986 0.112539 0.111975 0.00200469
1 0.563414 0.189031 0.11221 0.113535 0.00200445
2 0.688565 0.560839 0.112634 0.112174 0.00199001
12 0.315429 0.809705 0.112859 0.112756 0.00198055
6 0.936004 0.80914 0.106067 0.109418 0.00196451
5 0.191681 0.438335 0.113458 0.114031 0.00196321
8 0.563437 0.189058 0.11238 0.113484 0.00195295
6 0.811589 0.93387 0.114059 0.110929 0.00192344
13 0.315199 0.934026 0.113181 0.111567 0.00189418
12 0.687421 0.0647103 0.111506 0.111057 0.00188804
12 0.936085 0.3124 0.111377 0.112659 0.0018604
13 0.190551 0.933617 0.112914 0.110655 0.00185451
4 0.0664872 0.809257 0.112166 0.112903 0.00181266
9 0.937084 0.313018 0.108958 0.112486 0.0018087
10 0.936288 0.188284 0.111753 0.11222 0.00179996
9 0.81315 0.562483 0.111171 0.111111 0.00179915
8 0.439171 0.438036 0.110668 0.11205 0.00178831
10 0.31584 0.560981 0.112488 0.113927 0.00178099
8 0.191305 0.809266 0.112067 0.112346 0.00176973
0 0.688073 0.188818 0.112649 0.113257 0.00176951
10 0.687428 0.808943 0.111476 0.112092 0.00175688
4 0.0671369 0.4384 0.112194 0.113829 0.00175349
12 0.935888 0.561155 0.109977 0.112003 0.0017514
13 0.811706 0.933746 0.113369 0.1121 0.00175054
7 0.440756 0.684927 0.111731 0.111205 0.00170029
12 0.0671369 0.4384 0.112194 0.113829 0.00169297
13 0.440086 0.561536 0.111476 0.110949 0.00168933
1 0.936214 0.808998 0.111094 0.111574 0.00167516
7 0.314758 0.188421 0.111611 0.112212 0.00166542
9 0.191242 0.809877 0.111599 0.111722 0.00166077
6 0.811624 0.562213 0.108115 0.110928 0.00165721
12 0.811565 0.809923 0.108544 0.110414 0.00165114
9 0.936202 0.437108 0.110434 0.113939 0.00163905
8 0.812268 0.438213 0.110832 0.112236 0.00163196
8 0.813109 0.312846 0.110988 0.114081 0.00162291
4 0.563395 0.684519 0.11193 0.112409 0.00161027
0 0.564842 0.438324 0.111457 0.113208 0.00159163
7 0.936236 0.685443 0.108602 0.111528 0.00158911
6 0.191477 0.685221 0.111612 0.112793 0.00156165
7 0.315973 0.933976 0.115172 0.112379 0.00155438
7 0.44012 0.561682 0.112188 0.11152 0.00154965
4 0.191252 0.56149 0.110977 0.109551 0.00154697
6 0.06671 0.438433 0.113188 0.114472 0.00154402
0 0.688566 0.933832 0.112679 0.112665 0.00151428
12 0.936004 0.80914 0.106067 0.109418 0.00151351
9 0.314711 0.188998 0.110534 0.110883 0.00150881
6 0.811565 0.809923 0.108544 0.110414 0.00150795
2 0.0659868 0.0644307 0.114585 0.112255 0.00150046
5 0.686752 0.313055 0.114056 0.111848 0.00149344
4 0.439725 0.0643494 0.112544 0.111608 0.00147914
1 0.687299 0.684527 0.113449 0.113339 0.00147468
1 0.812312 0.809625 0.111786 0.112367 0.0014587
6 0.68664 0.0644674 0.113067 0.11225 0.00140847
10 0.191493 0.188702 0.111784 0.112288 0.00140326
1 0.440498 0.80937 0.112243 0.112652 0.00139976
5 0.314974 0.561113 0.112979 0.113206 0.00139425
8 0.813126 0.685515 0.112582 0.111137 0.00139178
11 0.936314 0.188137 0.11113 0.112878 0.00138678
7 0.0665129 0.313926 0.113252 0.111698 0.00136154
1 0.687465 0.0647044 0.112058 0.111756 0.00134613
1 0.0659403 0.0641867 0.111347 0.110559 0.00133952
3 0.813202 0.0645717 0.113027 0.112887 0.00132979
8 0.191423 0.313371 0.113009 0.113249 0.00129257
12 0.811624 0.562213 0.108115 0.110928 0.00128586
1 0.314379 0.0649954 0.112582 0.112076 0.00128417
12 0.440449 0.809441 0.111681 0.11219 0.00127413
11 0.439674 0.934325 0.110885 0.110436 0.0012577
1 0.811992 0.562031 0.111032 0.111803 0.00124259
4 0.564706 0.436849 0.112681 0.112505 0.00124171
0 0.0670103 0.933263 0.112978 0.112432 0.00122373
7 0.686627 0.80925 0.113751 0.111287 0.00122141
11 0.563407 0.934193 0.112487 0.111223 0.00122128
7 0.191022 0.933724 0.112815 0.111924 0.00121636
7 0.56424 0.313601 0.114246 0.1133 0.00121188
4 0.0664348 0.933034 0.113666 0.114589 0.00120565
4 0.439868 0.188976 0.113634 0.113219 0.00120358
11 0.0663182 0.56087 0.114273 0.111944 0.00119797
13 0.936236 0.685443 0.108602 0.111528 0.00118541
10 0.813254 0.933836 0.11574 0.115089 0.00118337
8 0.688033 0.18863 0.110919 0.11291 0.00116984
10 0.31566 0.809797 0.113002 0.112528 0.00116634
12 0.439537 0.188657 0.113487 0.113064 0.00116233
8 0.190471 0.0643832 0.113203 0.110467 0.00115225
5 0.190415 0.0650687 0.113627 0.111236 0.00114548
4 0.0663427 0.68375 0.114459 0.113222 0.00112944
0 0.0670361 0.561713 0.112789 0.112412 0.00112529
3 0.0663241 0.313895 0.112779 0.111509 0.00112469
8 0.68838 0.684494 0.11164 0.113377 0.00112337
6 0.564259 0.313635 0.112153 0.112557 0.00112115
7 0.5635 0.0653707 0.111356 0.111024 0.00110562
10 0.563838 0.809771 0.110333 0.113008 0.00110231
6 0.688553 0.561202 0.111957 0.111658 0.00109293
11 0.688268 0.933883 0.112786 0.111883 0.00108954
2 0.439797 0.809194 0.111581 0.113044 0.00108523
4 0.315303 0.933936 0.113273 0.112109 0.00108306
12 0.564003 0.684873 0.111013 0.111325 0.00108176
4 0.439218 0.312854 0.112674 0.112154 0.00107426
10 0.315676 0.314019 0.111471 0.112172 0.00107129
0 0.0674107 0.68582 0.113706 0.114273 0.00106446
9 0.191483 0.438046 0.112431 0.112635 0.0010644
10 0.937222 0.685359 0.10938 0.111502 0.00106245
2 0.936214 0.808998 0.111094 0.111574 0.00106044
12 0.315745 0.438213 0.112904 0.110177 0.00105798
0 0.56319 0.934083 0.112981 0.112669 0.00102966
13 0.190296 0.0647537 0.113321 0.11027 0.00102903
3 0.811686 0.312933 0.110936 0.113054 0.00101842
9 0.0659868 0.0644307 0.114585 0.112255 0.0010183
