9 0.439344 0.934089 0.112234 0.11422 0.988372
3 0.19106 0.685501 0.113663 0.113126 0.986343
6 0.563805 0.933787 0.1127 0.113994 0.986115
3 0.811404 0.934038 0.113171 0.113709 0.985786
3 0.439031 0.0651113 0.112808 0.113719 0.985748
2 0.563515 0.809765 0.112785 0.112987 0.98549
7 0.935716 0.933814 0.112851 0.112629 0.98516
6 0.812275 0.80968 0.113401 0.112986 0.984907
5 0.316246 0.933586 0.110883 0.113027 0.98476
4 0.315495 0.809383 0.112366 0.112718 0.984464
4 0.191796 0.809584 0.111835 0.111783 0.984407
3 0.687105 0.810051 0.112788 0.113536 0.984253
4 0.315415 0.685312 0.112397 0.112878 0.984247
5 0.563577 0.0649904 0.111093 0.112869 0.98395
12 0.439213 0.809848 0.111435 0.112848 0.983367
3 0.0675495 0.561511 0.11237 0.113173 0.983249
10 0.315113 0.312893 0.112419 0.112449 0.983234
4 0.68748 0.934109 0.112709 0.113186 0.983141
1 0.0671212 0.685566 0.11253 0.112167 0.983117
3 0.0670459 0.313706 0.112321 0.113328 0.982821
5 0.0676716 0.0648555 0.112718 0.112833 0.98269
3 0.0670737 0.189355 0.111993 0.112862 0.982655
5 0.688038 0.0651028 0.111396 0.112922 0.982554
9 0.315411 0.437212 0.112588 0.11346 0.982253
1 0.0671036 0.437424 0.112844 0.112382 0.981731
1 0.19106 0.313 0.111954 0.112245 0.981395
10 0.563729 0.685414 0.112393 0.113575 0.981242
11 0.191453 0.933561 0.111557 0.113522 0.981151
12 0.315309 0.561302 0.111696 0.112051 0.981021
1 0.314888 0.188825 0.112054 0.111916 0.980903
2 0.190973 0.560914 0.111499 0.111439 0.98058
0 0.315137 0.0642803 0.11168 0.112975 0.980158
10 0.563602 0.312923 0.112469 0.114028 0.980139
6 0.81235 0.0649465 0.113095 0.113835 0.980011
0 0.190964 0.188965 0.112079 0.11206 0.97994
7 0.688061 0.685208 0.112024 0.113023 0.979773
11 0.935907 0.809371 0.112455 0.113172 0.979771
11 0.439244 0.685288 0.111111 0.11257 0.979718
12 0.439602 0.312755 0.11201 0.11301 0.979653
12 0.688114 0.312834 0.112039 0.112832 0.979609
7 0.563881 0.561051 0.112154 0.113649 0.979561
12 0.564052 0.436921 0.111735 0.113407 0.97956
12 0.439635 0.188608 0.112022 0.112788 0.97952
11 0.439275 0.560918 0.111962 0.114116 0.979387
13 0.812113 0.437153 0.112906 0.113445 0.979265
1 0.56336 0.189217 0.112023 0.113034 0.979075
1 0.812221 0.685336 0.113594 0.113265 0.979004
6 0.687956 0.189 0.112457 0.112157 0.979
11 0.687788 0.43711 0.112042 0.114003 0.978976
2 0.0673839 0.809302 0.111844 0.112237 0.978922
2 0.0673569 0.933507 0.112545 0.112476 0.97878
4 0.812378 0.188478 0.112776 0.113073 0.978669
1 0.936229 0.0642115 0.113956 0.113553 0.97836
8 0.191072 0.0649772 0.111124 0.111509 0.97828
1 0.936402 0.312775 0.113566 0.11271 0.978022
11 0.935716 0.68525 0.112103 0.113224 0.977978
9 0.811953 0.561677 0.111608 0.111757 0.977859
8 0.191162 0.436971 0.112025 0.112217 0.977815
2 0.936425 0.561085 0.112735 0.113313 0.977499
8 0.936257 0.436786 0.112666 0.113658 0.977412
8 0.439616 0.437327 0.111336 0.112 0.977368
8 0.812193 0.312842 0.112341 0.113017 0.976848
8 0.935878 0.189234 0.111445 0.112839 0.9766
8 0.687842 0.561538 0.112014 0.112822 0.97629
2 0.688101 0.561173 0.111708 0.112593 0.0210989
2 0.439275 0.436821 0.111205 0.113485 0.0135143
2 0.811671 0.313503 0.112718 0.11268 0.013503
2 0.935446 0.188901 0.113464 0.113975 0.0125312
2 0.191404 0.437136 0.112536 0.112681 0.0083579
2 0.936212 0.436606 0.111597 0.112879 0.00805487
3 0.563912 0.933626 0.111884 0.113396 0.00582677
12 0.439673 0.0643984 0.112314 0.11243 0.00572406
6 0.688054 0.313736 0.111017 0.113053 0.00541209
7 0.191274 0.809596 0.112291 0.112404 0.0049379
6 0.563792 0.437604 0.112456 0.112838 0.00462765
6 0.439538 0.313609 0.110897 0.113108 0.00454039
11 0.191415 0.064585 0.111965 0.112807 0.0045343
2 0.191055 0.0646416 0.112338 0.112952 0.00450461
6 0.43947 0.189433 0.111169 0.113009 0.0040719
6 0.315556 0.561324 0.11154 0.112936 0.00398457
7 0.687883 0.933891 0.111267 0.111874 0.0035886
12 0.811646 0.933918 0.112027 0.112808 0.00353635
4 0.315512 0.313208 0.110762 0.113624 0.00337213
3 0.812632 0.80901 0.111886 0.112835 0.0032938
9 0.936177 0.685563 0.111367 0.112491 0.0032863
3 0.811599 0.562073 0.110815 0.112474 0.00313488
1 0.315436 0.685362 0.113128 0.113217 0.00307586
10 0.811934 0.188924 0.111581 0.113882 0.00305057
12 0.687898 0.80975 0.111912 0.112506 0.00300962
12 0.811599 0.562073 0.110815 0.112474 0.00298449
4 0.563486 0.313718 0.110358 0.114117 0.0029517
1 0.812169 0.188796 0.112023 0.113699 0.0028454
0 0.813113 0.561728 0.1114 0.112198 0.00276149
9 0.439132 0.685345 0.111575 0.112089 0.00272574
6 0.439656 0.81021 0.112034 0.112851 0.00270578
2 0.812169 0.188796 0.112023 0.113699 0.00269399
1 0.191437 0.809591 0.112938 0.113366 0.00268745
5 0.936065 0.809271 0.112351 0.114173 0.00266741
0 0.936255 0.313038 0.112716 0.111611 0.00262472
1 0.811612 0.0651887 0.112674 0.112579 0.00250438
1 0.315602 0.809527 0.112972 0.113224 0.00247248
10 0.935786 0.685296 0.112776 0.112701 0.00244897
1 0.315137 0.0642803 0.11168 0.112975 0.0024254
1 0.811615 0.809679 0.111619 0.114125 0.00240186
3 0.81235 0.0649465 0.113095 0.113835 0.00239898
0 0.563438 0.188875 0.112113 0.113443 0.00233523
10 0.687841 0.437578 0.112308 0.11334 0.00233273
3 0.68775 0.189377 0.111989 0.113098 0.00232654
0 0.936057 0.0642439 0.11262 0.113395 0.00230965
1 0.688197 0.189 0.111666 0.113547 0.00229975
4 0.563956 0.561373 0.111966 0.112802 0.00225097
2 0.688203 0.810019 0.11253 0.112294 0.00223475
12 0.315568 0.436633 0.110798 0.11263 0.00219659
11 0.191162 0.436971 0.112025 0.112217 0.00214468
12 0.686861 0.685641 0.110781 0.11316 0.00213876
9 0.688203 0.810019 0.11253 0.112294 0.00210877
5 0.687868 0.436963 0.111012 0.112168 0.00208442
4 0.563896 0.685527 0.113238 0.113285 0.00208078
5 0.936155 0.56116 0.113435 0.114549 0.00206502
0 0.688169 0.312995 0.11131 0.113205 0.00205931
8 0.688096 0.436846 0.111085 0.114217 0.00199771
5 0.439345 0.561125 0.111617 0.113029 0.00199209
9 0.811592 0.933708 0.112985 0.11256 0.00197913
10 0.935985 0.809443 0.112793 0.112564 0.00194186
5 0.439073 0.685385 0.111221 0.112978 0.00192508
7 0.811695 0.187889 0.112948 0.11437 0.00192358
13 0.191522 0.933687 0.112205 0.113592 0.00187492
2 0.688225 0.0646997 0.111602 0.112757 0.00182795
11 0.936126 0.188859 0.113767 0.113963 0.00177625
0 0.812583 0.685119 0.112398 0.112913 0.001773
12 0.1916 0.685103 0.112032 0.112236 0.00177268
4 0.688117 0.685177 0.112645 0.112896 0.0017714
1 0.564082 0.93364 0.11203 0.113141 0.00176587
5 0.935786 0.685296 0.112776 0.112701 0.00175183
1 0.190983 0.188386 0.111977 0.112134 0.00173734
11 0.812035 0.313533 0.112348 0.113519 0.00173699
1 0.936599 0.560977 0.113092 0.11296 0.00173216
5 0.563769 0.809931 0.112787 0.11193 0.00172059
13 0.935985 0.809443 0.112793 0.112564 0.00170437
3 0.936528 0.561271 0.112665 0.113529 0.00170041
11 0.0666145 0.0646203 0.113742 0.113082 0.00168823
3 0.191104 0.561134 0.113235 0.112681 0.0016631
3 0.563923 0.809327 0.111042 0.11274 0.00166141
12 0.935731 0.933525 0.113165 0.113614 0.00165647
4 0.936021 0.933569 0.112141 0.113056 0.0016332
1 0.68748 0.934109 0.112709 0.113186 0.00161441
10 0.439345 0.561125 0.111617 0.113029 0.00160826
11 0.43916 0.437003 0.112044 0.112369 0.00160264
9 0.935904 0.809582 0.111043 0.112443 0.0016017
3 0.0667793 0.934027 0.114132 0.113886 0.00159759
10 0.687667 0.0646702 0.111193 0.112036 0.00158242
4 0.812042 0.685186 0.113224 0.112938 0.00156775
13 0.935786 0.685296 0.112776 0.112701 0.00153865
1 0.0670455 0.561198 0.112736 0.112334 0.00152992
4 0.563636 0.189511 0.112206 0.11324 0.00150605
12 0.439735 0.93361 0.112893 0.114616 0.00147877
9 0.439187 0.56106 0.111329 0.112166 0.00144388
0 0.93611 0.436968 0.110794 0.111894 0.00144351
7 0.315622 0.313271 0.11293 0.113719 0.00143325
10 0.43926 0.685306 0.111209 0.113468 0.00143261
11 0.687919 0.561199 0.112434 0.113112 0.00142759
10 0.687968 0.933717 0.109061 0.113707 0.00142538
10 0.0666145 0.0646203 0.113742 0.113082 0.00141992
8 0.0667793 0.934027 0.114132 0.113886 0.0014113
3 0.0667178 0.809368 0.113907 0.113066 0.00139539
6 0.811622 0.188572 0.113951 0.112856 0.00136752
0 0.315082 0.18932 0.111751 0.112683 0.00133778
4 0.315341 0.189383 0.111963 0.113117 0.00131656
1 0.688156 0.809717 0.111803 0.112011 0.00131628
0 0.191147 0.312819 0.111992 0.112797 0.00131241
6 0.688129 0.685117 0.112706 0.113833 0.00129025
4 0.191178 0.313555 0.11189 0.112924 0.001287
13 0.687868 0.436963 0.111012 0.112168 0.00127754
2 0.813011 0.685106 0.112799 0.113447 0.00124866
0 0.564014 0.437264 0.112123 0.113345 0.00124398
4 0.0669792 0.685273 0.113076 0.112742 0.00124374
9 0.687674 0.437573 0.111121 0.111842 0.00124232
1 0.811826 0.933628 0.112043 0.112742 0.00123361
0 0.0664667 0.436623 0.114539 0.112135 0.00122516
1 0.067286 0.933488 0.113522 0.112714 0.0012117
8 0.0667178 0.809368 0.113907 0.113066 0.00120471
1 0.191191 0.560682 0.112377 0.112541 0.00120177
10 0.315602 0.809527 0.112972 0.113224 0.00120152
5 0.191335 0.561035 0.111955 0.11203 0.00120062
6 0.935737 0.933281 0.112194 0.113754 0.00119889
0 0.315585 0.436743 0.110903 0.113255 0.00119619
7 0.563763 0.685542 0.111785 0.112419 0.0011931
1 0.563863 0.809364 0.113237 0.112581 0.00119284
6 0.0676001 0.313646 0.112746 0.112925 0.00118535
2 0.936177 0.685563 0.111367 0.112491 0.00118411
10 0.191465 0.933674 0.112033 0.114045 0.00115827
6 0.564107 0.560816 0.111472 0.113411 0.00115372
4 0.935792 0.0647332 0.112933 0.112931 0.00114675
0 0.0666584 0.68531 0.111486 0.112286 0.00113951
11 0.93597 0.436839 0.112829 0.11332 0.00113187
7 0.315306 0.80927 0.111963 0.112263 0.00113109
13 0.439211 0.561234 0.11153 0.112653 0.00112723
4 0.688225 0.0646997 0.111602 0.112757 0.00112554
11 0.688206 0.0648856 0.111938 0.113995 0.00112461
1 0.1916 0.685103 0.112032 0.112236 0.00112174
3 0.315608 0.561093 0.111271 0.113116 0.00111615
9 0.0666055 0.31364 0.113729 0.113188 0.00111586
13 0.314629 0.312605 0.112029 0.112403 0.00110243
0 0.688109 0.561544 0.112311 0.113323 0.00109815
4 0.93631 0.313499 0.112014 0.113138 0.00109342
7 0.563912 0.933626 0.111884 0.113396 0.00108641
0 0.812074 0.313445 0.110792 0.112409 0.00108349
10 0.191437 0.809591 0.112938 0.113366 0.00107985
10 0.688129 0.685117 0.112706 0.113833 0.00107953
8 0.935985 0.809443 0.112793 0.112564 0.00107066
1 0.439687 0.0644511 0.112223 0.112767 0.00106387
3 0.564024 0.436661 0.109977 0.113269 0.00105855
9 0.812387 0.436482 0.110377 0.11235 0.0010539
7 0.812632 0.80901 0.111886 0.112835 0.00105109
1 0.0665264 0.313327 0.112719 0.112736 0.00104368
10 0.811514 0.437104 0.113787 0.113481 0.00103165
12 0.813045 0.437389 0.110122 0.112698 0.00101884
13 0.439501 0.685535 0.111723 0.112233 0.00101314
7 0.31538 0.685347 0.112813 0.112378 0.00101207
10 0.563657 0.0647565 0.11224 0.112755 0.00101051
6 0.936522 0.313439 0.111982 0.114728 0.00100156
9 0.0665896 0.189319 0.114094 0.112843 0.00100024
